0.0622599 0.0404521 9.9982E-05 0.897088 9.9982E-05
9.9973E-05 9.9973E-05 0.0706538 0.929046 9.9973E-05
0.0138487 0.0538906 9.9991E-05 0.827936 0.104225
0.111149 0.0903036 9.9982E-05 0.798347 9.9982E-05
0.0464397 0.0477209 0.0062238 0.864053 0.0355624
0.113467 0.0512031 0.112969 0.628312 0.0940491
0.0691789 9.9991E-05 0.0333636 0.853902 0.0434554
0.148251 0.0408197 0.0431482 0.767681 9.9991E-05
0.100464 9.9982E-05 0.0945844 0.804751 9.9982E-05
0.0408545 0.0482154 0.00767019 0.766548 0.136712
0.106177 9.9991E-05 0.0677556 0.762272 0.0636953
0.550456 0.102596 0.0699831 9.9991E-05 0.276865
0.302689 0.071434 0.00450612 0.0382851 0.583086
0.470261 0.0615092 0.107814 0.0691524 0.291263
0.384877 0.260687 0.0811156 9.9991E-05 0.273221
0.27842 0.198707 0.111347 0.0291298 0.382395
0.136292 0.118924 0.11697 0.0441309 0.583683
0.226776 0.121082 0.137233 0.0255719 0.489338
0.351689 0.0390802 0.0488268 0.151202 0.409201
0.690901 0.0904194 0.161213 0.0365748 0.0208923
0.345966 0.171109 0.0777411 0.00786294 0.397321
0.135478 0.0863355 0.242458 0.0543588 0.48137
0.188144 0.0373307 0.0912229 0.103855 0.579448
0.397026 0.0584296 0.1628 0.0485732 0.333171
0.0372479 0.107776 0.13735 0.106577 0.611048
0.24707 0.180404 9.9991E-05 0.0119933 0.560433
0.509636 0.112471 0.143165 0.0118318 0.222896
0.532261 0.203349 0.0636452 9.9991E-05 0.200644
0.466895 0.0639567 0.18608 9.9991E-05 0.282968
9.9982E-05 0.0548689 9.9982E-05 0.848009 0.0969226
9.9973E-05 9.9973E-05 9.9973E-05 0.846449 0.153251
0.0176715 0.010165 9.9991E-05 0.813145 0.158919
9.9982E-05 0.0310067 9.9982E-05 0.771053 0.19774
0.0547172 9.9991E-05 0.217452 0.0472709 0.680459
0.0269248 9.9991E-05 0.175062 0.181576 0.616337
9.9991E-05 0.017207 0.250737 0.0454598 0.686496
0.59078 0.0314198 0.106569 0.0564391 0.214792
0.0364745 9.9991E-05 0.369886 0.0158153 0.577725
0.0966414 0.0568193 0.191708 0.131102 0.523728
0.045356 0.0672119 0.0699535 0.0715132 0.745965
0.100049 9.9991E-05 0.0878948 0.136189 0.675767
0.0467046 0.0477164 0.0528842 0.152175 0.700519
0.203803 9.9991E-05 0.373757 0.0182331 0.404107
0.0335711 0.0749265 0.176785 0.0660991 0.648618
0.0113152 0.0527175 0.234701 0.0616259 0.639641
0.0728145 0.105192 0.0593959 0.18237 0.580227
9.9973E-05 9.9973E-05 0.415589 9.9973E-05 0.584111
0.0154322 0.0421629 0.176954 0.0367591 0.728692
0.0845242 0.082806 0.109091 0.141989 0.58159
0.0376272 9.9991E-05 0.864774 0.0812237 0.016275
0.482553 9.9982E-05 0.206077 9.9982E-05 0.31117
0.251903 0.0800933 0.545173 0.028032 0.0947982
0.191197 0.11838 0.104391 0.0870662 0.498966
0.0129365 0.104775 0.11373 0.116158 0.6524
0.0816336 0.13462 0.0538544 0.0462507 0.683641
0.361159 9.9991E-05 0.326545 0.055183 0.257013
0.252313 0.0731714 0.0637315 9.9991E-05 0.610684
0.135362 0.0831703 0.0620644 0.0819496 0.637454
0.202209 0.00962213 0.173484 0.163845 0.450839
0.411293 0.0930992 0.252323 0.180781 0.0625041
0.099157 9.9991E-05 0.158227 0.116277 0.626238
0.281124 0.0460211 0.120102 0.0725364 0.480216
0.578115 9.9991E-05 0.285164 0.0726916 0.0639292
0.257101 0.0532756 0.12406 9.9991E-05 0.565464
0.0871362 0.143246 0.203907 0.012018 0.553693
0.21179 0.102956 0.105325 0.0395102 0.540419
0.310118 0.0676422 0.226868 0.072298 0.323074
0.195654 0.121588 0.167592 0.00950578 0.50566
0.135326 0.0718028 0.0934063 0.0986433 0.600822
0.45262 0.00919384 0.21884 0.0282047 0.291142
0.12777 9.9982E-05 0.224416 9.9982E-05 0.647614
0.182775 9.9982E-05 0.395247 9.9982E-05 0.421778
0.108686 0.0760067 0.186315 0.0753464 0.553646
0.0350769 9.9982E-05 0.780267 9.9982E-05 0.184456
0.0766551 9.9982E-05 0.72135 9.9982E-05 0.201795
0.0609152 9.9982E-05 0.427516 9.9982E-05 0.511369
0.221722 9.9991E-05 0.178303 0.0133416 0.586533
0.117991 0.0886997 0.103151 0.17894 0.511219
0.1298 0.00553464 0.250044 0.034719 0.579902
0.322026 0.004447 0.317728 0.013466 0.342333
0.350181 9.9991E-05 0.21781 0.0268127 0.405097
0.103517 0.147805 0.0910903 0.102021 0.555567
0.151625 9.9991E-05 0.385721 0.000997048 0.461557
0.0295101 9.9991E-05 0.341474 0.0454425 0.583474
9.9973E-05 9.9973E-05 0.364162 9.9973E-05 0.635538
0.0506842 0.0149785 0.812944 9.9991E-05 0.121293
0.0883247 0.00275855 0.0530341 0.0922695 0.763613
0.0380701 9.9982E-05 9.9982E-05 0.862671 0.0990589
9.9973E-05 9.9973E-05 9.9973E-05 0.912708 0.0869922
9.9982E-05 0.0470456 9.9982E-05 0.887003 0.0657518
9.9982E-05 0.0113095 9.9982E-05 0.945833 0.0426574
9.9982E-05 0.0215802 9.9982E-05 0.870803 0.107416
9.9991E-05 0.0213595 0.0369277 0.89233 0.0492832
9.9982E-05 0.00702073 9.9982E-05 0.933729 0.05905
0.05797 0.120292 0.222765 0.0556735 0.5433
0.0572253 0.120436 0.131302 0.118236 0.5728
0.233506 9.9982E-05 0.513594 9.9982E-05 0.2527
0.0271877 0.0671433 0.200854 0.132045 0.572771
0.167483 9.9991E-05 0.190571 0.0211897 0.620656
9.9982E-05 9.9982E-05 0.167045 0.0821353 0.750619
0.0167148 0.0143102 0.217318 0.0319572 0.7197
0.0521995 0.0475863 0.228484 9.9991E-05 0.67163
0.370845 9.9991E-05 0.533051 0.00501095 0.0909933
0.13604 0.000378491 0.143968 0.177895 0.541718
9.9991E-05 0.0389158 0.115742 0.119991 0.725251
0.125363 0.203174 0.118144 0.0880296 0.465289
9.9991E-05 0.0189752 0.490094 0.0210667 0.469765
9.9982E-05 9.9982E-05 0.283225 0.0363207 0.680255
0.134205 9.9991E-05 0.182047 0.0425194 0.641129
0.0337439 0.0513739 0.379499 9.9991E-05 0.535283
0.148541 9.9991E-05 0.200782 0.0721989 0.578378
0.0274247 9.9991E-05 0.198254 0.100926 0.673296
0.342873 0.0112013 0.270499 0.0700441 0.305383
0.327181 0.0404213 0.0763033 0.143714 0.41238
0.155783 0.152319 0.0928426 0.148344 0.450712
0.0323973 0.0133904 0.135811 0.152564 0.665837
0.462743 9.9982E-05 9.9982E-05 0.0074683 0.529588
0.249 0.0322395 0.0396958 0.0371661 0.641898
0.429767 0.0306218 9.9991E-05 0.0271765 0.512334
0.212681 0.0519884 0.0993842 0.124007 0.51194
0.177412 0.123372 0.0254446 0.0919723 0.581799
0.201713 0.0134554 0.135244 0.0312986 0.61829
0.33608 9.9991E-05 0.0569249 0.0114214 0.595474
0.162025 0.113203 0.126431 9.9991E-05 0.598242
0.011743 0.0378848 0.142481 0.171313 0.636578
0.243809 0.0600912 0.0959081 9.9991E-05 0.600092
0.127303 0.0754651 0.121308 0.0734549 0.602469
0.202608 0.0922575 0.073673 0.0132845 0.618177
0.222629 0.0745388 0.23555 0.101739 0.365543
0.234699 0.0970216 9.9991E-05 0.0382947 0.629885
0.210096 0.078052 9.9982E-05 9.9982E-05 0.711652
0.449256 0.144227 0.17374 0.0016534 0.231124
0.316186 0.0634834 0.407255 9.9991E-05 0.212976
0.333757 0.0295343 9.9991E-05 0.060135 0.576474
0.312133 0.0626718 0.49885 9.9991E-05 0.126245
0.515296 0.0268601 0.0909273 0.0762447 0.290672
0.368328 0.00875944 0.103053 0.00691328 0.512947
0.496395 9.9991E-05 0.09461 0.0376439 0.371251
0.505127 0.0983189 0.127127 9.9991E-05 0.269326
0.111574 0.045542 0.0552623 0.108918 0.678703
0.225187 0.177245 0.063679 0.0972398 0.436649
0.262933 0.0852139 9.9991E-05 0.0911443 0.560609
0.335751 0.0865307 0.364165 9.9991E-05 0.213453
0.0477027 0.107376 0.102331 0.106607 0.635983
0.0916518 0.0996126 0.307419 0.038108 0.463209
0.0699262 9.9991E-05 0.670205 0.192636 0.0671324
9.9991E-05 0.0597223 0.123435 0.0896054 0.727137
9.9991E-05 0.0386543 0.378989 0.170584 0.411673
0.136283 0.0342411 0.215494 0.0949854 0.518996
0.114098 0.0784758 0.48361 0.0704494 0.253367
0.098803 9.9991E-05 0.507555 0.126729 0.266813
0.0977991 0.00674599 0.283817 0.0999934 0.511644
0.0412844 0.0935199 0.170466 0.0773704 0.61736
0.125299 0.158743 0.14769 0.149316 0.418951
0.148398 0.201349 0.600649 0.0283097 0.0212941
0.0625055 0.173767 0.14702 0.0761984 0.540509
0.119315 9.9982E-05 0.396776 9.9982E-05 0.483709
0.152251 0.0567969 0.251504 9.9991E-05 0.539348
0.000788436 0.032489 0.0948757 0.163287 0.70856
9.9991E-05 0.293722 0.219305 0.349257 0.137616
9.9982E-05 0.151267 0.253369 0.595164 9.9982E-05
9.9982E-05 0.177517 0.319936 0.502347 9.9982E-05
0.0235759 0.348126 0.130766 0.438138 0.0593945
0.0110426 0.04661 0.226829 0.0414843 0.674034
0.00363468 0.123068 0.244269 0.101971 0.527057
0.0104485 0.66632 9.9982E-05 9.9982E-05 0.323031
0.14968 0.45254 9.9991E-05 0.051693 0.345987
9.9991E-05 0.436839 0.147972 0.140134 0.274955
9.9991E-05 0.0283483 0.535296 0.0200392 0.416216
0.109285 0.151771 0.149977 0.0302424 0.558724
9.9991E-05 0.071434 0.671193 0.0228876 0.234386
0.0905435 0.0306079 0.250745 9.9991E-05 0.628004
0.023744 0.0773975 0.360552 0.0557361 0.48257
0.0317105 0.0669908 0.244261 0.0633769 0.593661
0.044566 0.0675975 0.664308 9.9991E-05 0.223428
9.9982E-05 0.166709 0.236069 9.9982E-05 0.597022
0.0267035 0.0553554 0.205866 0.0925216 0.619554
9.9973E-05 0.973337 0.0263631 9.9973E-05 9.9973E-05
0.00888049 0.892647 9.9982E-05 9.9982E-05 0.0982722
0.108708 0.609087 0.061144 9.9991E-05 0.220962
9.9973E-05 0.652879 9.9973E-05 9.9973E-05 0.346821
0.00677088 0.851811 9.9982E-05 9.9982E-05 0.141218
0.00760332 0.992097 9.9973E-05 9.9973E-05 9.9973E-05
0.0369172 0.951928 9.9982E-05 0.0109547 9.9982E-05
9.9973E-05 0.878029 9.9973E-05 9.9973E-05 0.121671
0.0292509 0.934417 9.9982E-05 9.9982E-05 0.0361324
9.997E-05 0.9996 9.997E-05 9.997E-05 9.997E-05
9.997E-05 0.9996 9.997E-05 9.997E-05 9.997E-05
0.000699848 0.848083 9.9991E-05 0.0520608 0.0990564
0.0292585 0.818911 9.9991E-05 0.0404081 0.111322
0.0142594 0.964883 9.9982E-05 0.0206581 9.9982E-05
0.119668 0.465773 0.122097 0.034409 0.258053
0.0529413 0.680251 9.9991E-05 0.0614671 0.20524
0.0749949 0.79685 0.000184753 0.017393 0.110577
0.0389312 0.926651 9.9982E-05 9.9982E-05 0.0342175
9.9973E-05 0.993876 9.9973E-05 9.9973E-05 0.00582396
0.0240785 0.892315 0.0135744 0.0246447 0.0453872
9.997E-05 0.9996 9.997E-05 9.997E-05 9.997E-05
0.0715957 0.638966 9.9991E-05 0.0507882 0.23855
0.0451926 0.875247 0.0564585 9.9991E-05 0.0230022
9.9982E-05 0.0678143 0.54892 0.383066 9.9982E-05
0.12975 0.15497 0.141967 0.22098 0.352334
0.0136741 0.0497126 0.209534 0.311769 0.415311
9.9991E-05 0.185814 0.459063 0.248076 0.106946
0.103135 0.215843 0.151561 0.127365 0.402095
9.9991E-05 0.164753 0.407193 0.29472 0.133234
0.116277 0.193901 0.171461 0.186421 0.33194
9.9991E-05 0.254417 0.354632 0.16824 0.222611
0.0206364 0.181949 0.213586 0.179806 0.404023
9.9991E-05 0.257775 0.204619 0.23185 0.305656
0.0800799 0.16051 0.181343 0.196589 0.381478
0.0672243 9.9991E-05 0.0773824 0.825614 0.0296792
9.9982E-05 0.0641488 0.0280047 0.907647 9.9982E-05
0.0543113 9.9982E-05 0.0101919 0.935297 9.9982E-05
0.0416328 9.9982E-05 9.9982E-05 0.951412 0.00675511
0.10024 0.0209074 9.9991E-05 0.876721 0.00203132
9.9982E-05 0.0841207 0.0105794 0.9051 9.9982E-05
9.9973E-05 0.10132 9.9973E-05 0.89838 9.9973E-05
9.9982E-05 9.9982E-05 0.0682454 0.916253 0.015302
0.0180727 0.0439243 0.00733575 0.913928 0.0167392
0.0246043 0.0904567 0.0204417 0.864397 9.9991E-05
0.259536 9.9982E-05 0.130115 0.610149 9.9982E-05
0.342635 9.9982E-05 0.0528256 0.604339 9.9982E-05
0.326362 9.9982E-05 0.120894 0.552545 9.9982E-05
0.336881 9.9982E-05 0.164539 0.49838 9.9982E-05
0.198498 9.9991E-05 0.0813226 0.124217 0.595863
0.218774 0.028954 0.119794 0.0463742 0.586103
0.219987 0.0292173 0.13547 0.00734302 0.607982
0.29881 9.9991E-05 0.181005 0.045611 0.474474
0.70757 0.00864212 0.0803173 9.9991E-05 0.203371
9.9991E-05 0.066641 0.161727 0.0520417 0.71949
0.0998209 9.9982E-05 0.138757 9.9982E-05 0.761222
0.121304 9.9991E-05 0.261611 0.000788594 0.616196
9.9982E-05 0.0414344 0.426669 9.9982E-05 0.531696
0.123168 0.0562627 0.110715 0.0194323 0.690422
0.162934 9.9982E-05 0.266904 9.9982E-05 0.569962
0.130518 9.9982E-05 0.786537 9.9982E-05 0.0827444
0.101096 9.9991E-05 0.206191 0.0843373 0.608276
0.116567 9.9991E-05 0.517543 0.0175454 0.348245
0.0310517 9.9991E-05 0.223898 0.0722117 0.672738
0.298826 9.9982E-05 0.437008 9.9982E-05 0.263966
0.698604 0.0283028 0.141989 0.131005 9.9991E-05
0.744865 9.9991E-05 0.106676 0.10542 0.0429391
0.839419 9.9982E-05 0.125171 0.0352098 9.9982E-05
0.818255 9.9982E-05 0.0900981 0.0914467 9.9982E-05
0.857179 0.063925 0.0786957 9.9982E-05 9.9982E-05
0.837445 0.0467382 0.0108605 0.0424931 0.0624628
9.9982E-05 0.0148496 9.9982E-05 0.922742 0.0622086
0.0659064 0.044536 9.9991E-05 0.844204 0.0452534
9.9982E-05 0.156885 9.9982E-05 0.752043 0.0908725
0.128446 0.117356 9.9982E-05 0.753997 9.9982E-05
0.0716226 0.0694134 9.9991E-05 0.811269 0.0475955
0.584296 9.9982E-05 0.00335814 0.412146 9.9982E-05
0.434962 9.9982E-05 0.146081 0.418757 9.9982E-05
0.484518 0.0120909 0.0637893 0.439502 9.9991E-05
0.0140684 0.0271315 9.9991E-05 0.838038 0.120662
0.539453 9.9982E-05 0.0825057 0.377841 9.9982E-05
0.00811069 0.346109 0.126969 0.255028 0.263784
0.0819174 0.240785 9.9991E-05 0.129032 0.548166
9.9982E-05 0.297504 9.9982E-05 0.20752 0.494776
9.9991E-05 0.250986 0.155926 0.241695 0.351293
0.159463 0.227263 0.0365943 0.111824 0.464856
9.9982E-05 0.314627 0.216093 0.469079 9.9982E-05
0.402383 0.0152495 0.129636 9.9991E-05 0.452631
0.177709 9.9991E-05 0.362245 0.0253211 0.434625
0.59734 0.00478238 9.9991E-05 0.0718992 0.325878
0.199393 0.0414409 0.241396 9.9991E-05 0.51767
0.116005 9.9973E-05 0.883695 9.9973E-05 9.9973E-05
0.1482 0.127323 0.0562602 0.138744 0.529473
0.267624 0.0350958 0.123546 0.0400995 0.533635
0.350001 9.9991E-05 0.144152 0.0718893 0.433858
0.181931 0.0400567 0.0855761 0.0526512 0.639785
0.336853 0.018427 0.535079 9.9991E-05 0.109541
0.165002 0.0788533 0.305452 9.9991E-05 0.450592
0.292016 0.0771958 0.046968 0.0165011 0.56732
0.0819506 0.23655 0.149374 0.162868 0.369257
0.299157 0.0572047 0.254331 9.9991E-05 0.389208
0.325312 0.0607786 0.12028 9.9991E-05 0.49353
0.141042 0.132019 0.210648 9.9991E-05 0.516191
0.202323 9.9991E-05 0.12799 0.0355473 0.63404
0.162536 0.140394 0.0884441 0.0293735 0.579253
0.153118 0.14021 0.058526 0.0368191 0.611327
0.183341 0.105431 0.0800084 0.0571938 0.574026
9.9982E-05 0.0750105 9.9982E-05 0.776646 0.148144
9.9991E-05 0.0370163 0.0254615 0.851597 0.085825
0.0728459 0.0104129 0.134237 0.757092 0.0254125
0.0435863 0.0537795 0.0230661 0.842967 0.036601
9.9982E-05 0.00641267 9.9982E-05 0.848888 0.144499
0.628633 0.0984933 0.122944 9.9991E-05 0.14983
0.186443 0.101835 0.155206 0.0893203 0.467196
9.9991E-05 0.2735 0.164873 0.179039 0.382489
0.167415 0.0809223 0.0205383 0.0327359 0.698389
0.312594 0.0165016 9.9991E-05 0.0579313 0.612873
0.361021 0.108332 0.294897 9.9991E-05 0.235651
0.661891 9.9991E-05 0.150652 0.142488 0.0448687
0.313932 0.0194605 0.0354121 0.0504262 0.580769
0.568363 0.0396081 0.0791461 0.102778 0.210104
0.0915872 0.107322 0.317138 0.0470891 0.436864
0.621489 0.0189888 0.115829 0.110431 0.133263
0.233152 0.108563 9.9991E-05 0.127658 0.530527
0.482672 0.00384293 0.161599 0.0837096 0.268177
0.332349 0.100905 0.159316 0.0188691 0.388561
0.07232 0.0895088 0.256894 0.117672 0.463605
0.0764856 0.0839486 0.512784 0.0196926 0.30709
0.0434242 0.0141347 0.256991 0.100373 0.585077
0.0614065 0.0215083 0.141275 0.132977 0.642834
0.0509454 9.9991E-05 0.465235 0.0533294 0.43039
0.0844907 0.0927887 0.194018 0.146588 0.482115
9.9982E-05 9.9982E-05 0.286907 0.103696 0.609197
0.0220739 9.9982E-05 0.775921 9.9982E-05 0.201805
9.9982E-05 9.9982E-05 0.652796 0.0147272 0.332277
0.0275816 9.9991E-05 0.335948 0.0795096 0.556861
0.105255 9.9991E-05 0.659032 0.0334153 0.202198
0.0953087 9.9991E-05 0.320049 0.0625047 0.522037
0.629523 0.00288087 0.146446 0.00639917 0.214751
0.365634 0.0263717 0.314137 9.9991E-05 0.293758
0.432136 0.0349907 0.0418201 0.00932851 0.481725
0.23549 0.213699 9.9982E-05 9.9982E-05 0.550612
0.560071 9.9982E-05 0.100632 9.9982E-05 0.339097
0.189951 0.107361 0.130898 0.0676353 0.504155
0.24705 0.162278 0.0698393 0.0447228 0.47611
0.339928 0.0846615 0.0953491 0.0458619 0.4342
0.25026 0.142659 0.0584442 0.0640508 0.484586
0.387402 0.119126 0.0271955 0.00761649 0.45866
0.594338 0.111157 0.0553776 9.9991E-05 0.239028
0.512852 0.085267 0.0495206 9.9991E-05 0.35226
0.226499 0.112218 0.0091145 9.9991E-05 0.652069
0.195741 0.0247746 0.0470447 0.0332642 0.699176
0.283422 0.00706243 0.179772 0.094812 0.434931
0.291043 0.101732 0.0773916 9.9991E-05 0.529734
0.468202 0.133315 0.0717899 0.0531821 0.273511
0.239865 0.0512763 0.029697 9.9991E-05 0.679062
0.246378 0.10283 0.107573 0.0482927 0.494926
0.208775 0.182727 0.121727 0.0491911 0.43758
0.129713 0.13277 9.9991E-05 0.346768 0.39065
9.9991E-05 0.24359 0.111888 0.16709 0.477332
0.0200732 0.247248 0.07205 0.175804 0.484825
0.054756 0.114493 0.0748668 0.108621 0.647263
0.0507979 0.20885 0.0710554 0.228562 0.440735
0.199849 0.0606444 0.240176 9.9991E-05 0.49923
0.0723732 0.181574 0.0624076 0.155502 0.528143
9.9991E-05 0.163924 0.531636 0.27904 0.0252991
0.139654 0.222692 0.0913131 0.145028 0.401313
0.0309044 0.143634 0.0762464 0.183125 0.56609
0.156542 0.265869 0.0738354 0.0407967 0.462957
0.0749312 0.116116 0.243611 0.275263 0.290079
0.0182426 0.188292 0.0892195 0.255432 0.448814
0.0401239 0.229232 9.9991E-05 0.139817 0.590727
9.9982E-05 0.181633 0.315407 0.50276 9.9982E-05
0.036253 0.194285 0.00341386 0.230095 0.535953
9.9991E-05 0.26281 0.0680415 0.226388 0.442661
0.0484532 0.264188 0.124241 0.0989052 0.464213
9.9991E-05 0.22547 0.104382 0.176744 0.493305
0.0379393 0.123458 0.143043 0.192414 0.503146
0.0441939 0.0560196 0.290629 0.0401506 0.569007
0.112439 0.0890763 0.125457 0.135305 0.537724
0.127183 0.00555049 0.730546 9.9991E-05 0.136621
0.0656991 9.9982E-05 0.815657 9.9982E-05 0.118443
0.0472989 0.0750984 0.201027 0.106617 0.569958
0.081473 0.357786 0.101892 0.153639 0.30521
9.9991E-05 0.467005 0.198564 0.0781332 0.256198
0.00629487 0.339843 0.254909 0.21224 0.186713
0.0259907 0.348459 0.122094 0.190888 0.312569
9.9991E-05 0.118442 0.640052 0.116116 0.12529
9.9991E-05 0.106283 0.538043 0.132996 0.222578
9.9991E-05 0.235702 0.256409 0.00121529 0.506573
9.9991E-05 0.142583 0.294684 0.0692087 0.493424
9.9991E-05 0.190446 0.553312 0.069025 0.187117
0.0418857 0.139516 0.174602 0.0413299 0.602666
0.0381998 0.169097 0.232549 9.9991E-05 0.560054
0.156321 0.27264 0.154567 0.0215288 0.394943
0.116893 0.00500316 0.435754 0.00138532 0.440965
0.126706 0.022977 0.411572 0.00893478 0.42981
9.9991E-05 0.087224 0.371939 0.0710191 0.469718
0.11405 0.0493309 0.389122 0.0748745 0.372622
0.152198 0.179631 0.185598 0.05906 0.423513
9.9982E-05 9.9982E-05 0.400383 0.0141196 0.585298
0.0609033 0.0389031 0.606962 9.9991E-05 0.293131
9.9991E-05 0.0241834 0.280509 0.0708794 0.624329
0.0045281 0.055 0.610822 9.9991E-05 0.32955
9.9991E-05 0.0649157 0.460872 0.0335817 0.440531
0.12377 0.192593 0.159688 0.0544978 0.469451
9.9991E-05 0.0892859 0.322537 0.0454937 0.542584
9.9991E-05 0.145995 0.137771 0.226064 0.49007
0.0997239 0.145845 0.129119 0.116391 0.508922
0.00854051 0.306272 0.136106 0.21769 0.331392
0.12426 0.256849 0.170857 0.190498 0.257536
0.0850488 0.211137 0.0904008 0.144698 0.468716
0.0922105 0.204203 0.132797 0.143667 0.427122
9.9982E-05 0.204633 0.612716 0.18245 9.9982E-05
0.0659253 0.271249 9.9991E-05 0.0849925 0.577733
9.9982E-05 0.17248 0.433494 0.393826 9.9982E-05
9.9991E-05 0.312489 0.179964 0.0557167 0.45173
9.9973E-05 9.9973E-05 0.770002 9.9973E-05 0.229698
0.0682237 9.9982E-05 0.862958 9.9982E-05 0.0686184
0.019036 0.0115509 0.362442 9.9991E-05 0.606871
9.9991E-05 0.0267743 0.264255 0.0100379 0.698833
0.0525873 9.9982E-05 0.460505 9.9982E-05 0.486708
0.0355593 0.0736319 0.328843 9.9991E-05 0.561866
0.0376216 0.025876 0.368514 9.9991E-05 0.567888
0.0115485 0.0582883 0.0343928 0.798044 0.0977266
0.142019 0.125568 9.9982E-05 0.732213 9.9982E-05
0.0277066 0.0661242 9.9982E-05 0.905969 9.9982E-05
9.9973E-05 9.9973E-05 9.9973E-05 0.960822 0.0388784
0.0269515 9.9991E-05 0.27868 0.0528273 0.641441
0.0524217 0.0261597 0.235996 0.0437405 0.641682
0.112927 9.9991E-05 0.200953 0.00675732 0.679262
0.0413806 0.0162263 0.101705 0.158145 0.682543
0.0654444 0.0400338 0.159094 0.1112 0.624228
0.211506 9.9982E-05 0.381954 9.9982E-05 0.406339
0.0348667 0.00808598 0.109285 0.0395536 0.808208
9.9973E-05 9.9973E-05 0.458709 9.9973E-05 0.540991
0.0381843 0.205184 0.105142 0.24173 0.40976
0.0524325 0.0552312 0.351267 9.9991E-05 0.540969
0.242766 9.9982E-05 0.28615 9.9982E-05 0.470884
0.0651717 9.9982E-05 0.273874 9.9982E-05 0.660755
0.188994 9.9982E-05 0.266001 9.9982E-05 0.544805
9.9982E-05 9.9982E-05 0.227231 0.0966043 0.675964
0.0703808 0.00927436 0.137389 0.0368522 0.746104
9.9973E-05 9.9973E-05 0.605188 9.9973E-05 0.394512
0.0232145 0.0072575 0.522702 9.9991E-05 0.446726
0.103513 9.9991E-05 0.371303 0.0319003 0.493184
9.9973E-05 9.9973E-05 0.926451 9.9973E-05 0.0732491
0.157749 9.9991E-05 0.168403 0.0342831 0.639465
9.9973E-05 9.9973E-05 0.686011 9.9973E-05 0.313689
0.0457086 9.9982E-05 0.881279 9.9982E-05 0.0728128
0.0470316 0.00591051 0.155685 0.0312978 0.760075
0.168889 9.9991E-05 0.390679 0.0430245 0.397308
0.112664 0.00797354 0.268391 0.00425149 0.606721
9.9991E-05 0.0461944 0.202525 0.0515552 0.699625
0.120277 9.9991E-05 0.105321 0.0302906 0.744011
0.2516 0.143347 0.218954 9.9991E-05 0.385999
0.164152 9.9991E-05 0.138237 0.0344158 0.663095
0.139228 0.0410093 0.183867 0.0464912 0.589405
9.9973E-05 9.9973E-05 0.453825 9.9973E-05 0.545875
0.130443 0.0782236 0.212776 0.0602811 0.518277
0.309155 9.9982E-05 0.0375263 0.653119 9.9982E-05
0.116031 9.9991E-05 0.0401017 0.786782 0.0569859
0.148008 9.9982E-05 0.0230398 0.828752 9.9982E-05
0.129246 9.9982E-05 0.00436103 0.866193 9.9982E-05
0.238211 9.9982E-05 9.9982E-05 0.729659 0.0319298
0.305536 9.9982E-05 0.290743 9.9982E-05 0.403522
0.191649 9.9991E-05 0.420551 0.050396 0.337303
9.9973E-05 9.9973E-05 0.611693 9.9973E-05 0.388007
0.0707808 0.0661042 0.0873369 0.132806 0.642972
0.0388814 0.07462 0.159876 0.127818 0.598804
0.00252551 9.9991E-05 0.535132 0.00514724 0.457095
0.035741 0.127714 0.18989 9.9991E-05 0.646555
0.0286572 0.0510497 0.395509 0.00559667 0.519187
0.118593 0.00618413 0.146372 0.00779718 0.721054
0.196283 0.0974535 0.049599 0.000908389 0.655756
0.18622 9.9982E-05 0.357593 9.9982E-05 0.455987
0.165352 9.9982E-05 0.244704 9.9982E-05 0.589744
0.199075 9.9982E-05 0.291336 9.9982E-05 0.509389
9.9991E-05 0.0374185 0.192246 0.160815 0.609421
0.201121 9.9982E-05 0.215888 9.9982E-05 0.582791
0.166879 0.0337297 0.195863 0.01094 0.592589
0.0179895 0.373511 9.9991E-05 0.119247 0.489153
0.0117901 0.513098 0.138549 0.0521097 0.284454
9.9982E-05 0.460694 9.9982E-05 0.105013 0.434093
9.9991E-05 0.506322 0.0256124 0.193471 0.274494
0.0732269 0.323198 0.0448349 0.171311 0.387429
0.00230369 0.0408776 0.312368 0.0492268 0.595223
9.9982E-05 0.695599 0.0617793 0.242422 9.9982E-05
9.9991E-05 0.510138 0.0640294 0.127565 0.298167
9.9991E-05 0.201871 0.227392 0.126397 0.44424
0.0073503 9.9991E-05 0.139192 0.190812 0.662546
0.122016 0.0571508 0.203711 0.152898 0.464225
0.051581 0.0665774 0.100663 0.14247 0.638708
0.0207936 9.9991E-05 0.105973 0.184568 0.688566
9.9982E-05 0.474429 9.9982E-05 0.229916 0.295455
0.116097 0.428231 9.9991E-05 0.0662286 0.389343
0.00114849 0.598127 0.00174235 0.0759887 0.322993
0.0332456 0.309544 0.0251479 0.13293 0.499132
9.9982E-05 0.537603 9.9982E-05 0.168785 0.293412
0.0386035 0.393809 0.128646 0.0468135 0.392128
9.9991E-05 0.550275 0.0234314 0.177317 0.248876
0.107021 0.445207 9.9991E-05 0.0656707 0.382001
9.9991E-05 0.048478 0.278264 0.108139 0.565019
0.0874042 0.404548 0.0266847 0.122737 0.358627
9.9982E-05 0.700664 9.9982E-05 0.177304 0.121832
0.120276 0.294024 0.0406167 0.184107 0.360977
0.28493 9.9991E-05 0.306539 0.15844 0.24999
0.1505 0.147202 0.168389 0.0185258 0.515382
0.037597 0.287519 9.9991E-05 0.176728 0.498056
0.087166 0.00522201 0.0468509 0.146012 0.71475
0.0507431 0.00801673 0.155421 0.223826 0.561994
0.0099908 0.268367 0.139222 0.213038 0.369383
0.00344934 0.337623 0.104653 0.223178 0.331097
0.0487564 0.132292 0.0690452 0.158539 0.591367
9.9991E-05 0.411874 0.092381 0.099127 0.396518
9.9991E-05 0.470996 0.029672 0.132234 0.366998
9.9991E-05 0.592773 0.0314787 0.229573 0.146075
0.090897 0.121004 0.0617184 0.147847 0.578534
0.0941085 9.9991E-05 0.231483 0.143088 0.531221
9.9991E-05 0.0621457 0.654654 0.155356 0.127744
9.9991E-05 0.0993689 0.0886512 0.215442 0.596438
0.203676 0.102572 0.136121 0.146595 0.411037
9.9991E-05 0.254169 0.16408 0.240466 0.341185
0.0603152 0.166371 0.175989 0.201985 0.39534
9.9982E-05 0.223377 0.436466 0.339958 9.9982E-05
9.9982E-05 0.158926 0.481499 0.359375 9.9982E-05
0.0965241 0.182872 0.303813 0.171542 0.245249
9.9982E-05 0.216877 0.381554 0.401368 9.9982E-05
9.9982E-05 0.266269 0.243173 0.490358 9.9982E-05
9.9991E-05 0.183803 0.279033 0.144745 0.392319
9.9991E-05 0.180216 0.199335 0.199045 0.421303
0.0366 0.228673 0.324721 0.278067 0.13194
9.9991E-05 0.163837 0.425608 0.333943 0.0765131
0.0262653 0.151016 0.129248 0.159225 0.534246
9.9991E-05 0.222404 0.416464 0.234188 0.126844
9.9982E-05 0.0909561 0.416396 0.492448 9.9982E-05
0.031501 0.263856 0.0731107 0.192484 0.439048
0.039844 0.308162 0.136701 0.166861 0.348432
0.0376749 0.174708 0.018658 0.327566 0.441392
9.9982E-05 0.228579 9.9982E-05 0.236982 0.534239
9.9982E-05 0.200669 9.9982E-05 0.221697 0.577434
9.9991E-05 0.234542 0.0605873 0.214203 0.490567
0.0468689 0.283533 0.00651107 0.385249 0.277837
9.9991E-05 0.228321 0.0437523 0.185956 0.54187
0.0440674 0.301727 9.9991E-05 0.22043 0.433675
0.0247582 0.315943 0.086033 0.22127 0.351996
0.183122 0.112967 0.207959 0.161305 0.334647
0.181336 0.19651 0.00945991 0.160714 0.45198
9.9991E-05 0.122311 0.0560301 0.24268 0.578879
0.0275361 0.07717 0.0401584 0.18583 0.669305
9.9991E-05 0.293438 0.0233097 0.387172 0.295981
0.0186622 0.258443 9.9991E-05 0.237077 0.485717
9.9991E-05 0.223445 0.216245 0.413498 0.146713
0.0561509 0.216114 0.0348952 0.174605 0.518235
9.9991E-05 0.378211 0.235251 0.242402 0.144036
0.129127 9.9982E-05 0.067028 0.803645 9.9982E-05
0.795476 9.9982E-05 9.9982E-05 0.0625582 0.141766
0.998849 9.9973E-05 9.9973E-05 0.000851034 9.9973E-05
0.9996 9.997E-05 9.997E-05 9.997E-05 9.997E-05
0.9996 9.997E-05 9.997E-05 9.997E-05 9.997E-05
0.964918 0.0347825 9.9973E-05 9.9973E-05 9.9973E-05
0.886057 0.00116728 9.9991E-05 0.00241699 0.110259
0.931429 9.9973E-05 9.9973E-05 0.0682709 9.9973E-05
0.781627 9.9973E-05 9.9973E-05 0.218074 9.9973E-05
0.0593208 0.00831898 9.9991E-05 0.927633 0.00462709
0.126815 9.9982E-05 9.9982E-05 0.827878 0.0451071
0.0218312 0.0676463 9.9982E-05 0.910323 9.9982E-05
0.135744 0.00744726 9.9991E-05 0.826907 0.0298022
0.084156 0.0450521 9.9982E-05 0.870592 9.9982E-05
0.0526327 9.9982E-05 0.0186929 0.928474 9.9982E-05
0.0866143 0.0800839 9.9991E-05 0.74091 0.0922915
9.9991E-05 0.0466982 0.0190843 0.888198 0.0459191
0.115917 0.064976 0.0263832 0.734159 0.0585648
9.9973E-05 0.0776129 9.9973E-05 0.922087 9.9973E-05
9.9973E-05 9.9973E-05 0.0116879 0.988012 9.9973E-05
0.0504858 0.0326211 0.0132206 0.862429 0.0412436
0.0239116 0.00757109 9.9991E-05 0.958825 0.00959186
9.9982E-05 0.0166139 9.9982E-05 0.941997 0.0411888
0.000646256 0.0141452 9.9991E-05 0.876708 0.1084
9.9982E-05 0.012753 9.9982E-05 0.871455 0.115592
9.9982E-05 0.181799 9.9982E-05 0.786138 0.0318639
9.9982E-05 0.0820923 9.9982E-05 0.781609 0.136099
9.9982E-05 0.0489279 9.9982E-05 0.824373 0.1265
0.093026 0.0577094 0.22181 0.165309 0.462145
9.9982E-05 9.9982E-05 0.0988647 0.107213 0.793723
9.9991E-05 0.0562258 0.121773 0.175209 0.646693
9.9991E-05 0.0595248 0.713772 0.0623314 0.164272
0.122704 0.0311532 0.169935 0.146429 0.529779
9.9991E-05 0.0418525 0.689628 0.193291 0.0751286
9.9991E-05 0.0450595 0.132111 0.10073 0.722
0.121681 9.9991E-05 0.225 0.153467 0.499752
0.0526254 9.9991E-05 0.169719 0.128383 0.649173
0.0590841 9.9991E-05 0.208635 0.087034 0.645147
0.0936034 9.9991E-05 0.245744 0.161486 0.499067
9.9991E-05 0.0513477 0.23372 0.074979 0.639854
0.0698953 9.9991E-05 0.0947497 0.193634 0.641621
0.475614 0.0523681 0.38382 9.9991E-05 0.0880985
0.0232322 9.9982E-05 0.879018 0.0975501 9.9982E-05
0.0221381 0.0906063 0.652563 0.119224 0.115469
0.03322 0.00883846 0.0994025 0.165679 0.69286
0.0571302 0.0170909 0.209512 0.115349 0.600918
9.9991E-05 0.0356327 0.245624 0.13259 0.586053
9.9991E-05 0.122745 0.159656 0.120139 0.59736
0.0474894 0.136206 0.0452478 0.233706 0.53735
0.0513035 0.184036 9.9991E-05 0.174647 0.589913
0.231893 0.222857 0.104278 0.355093 0.0858795
0.0320961 9.9991E-05 0.0837301 0.155932 0.728142
0.0948708 0.158129 0.0857259 0.23531 0.425965
9.9982E-05 0.167859 0.369934 0.462007 9.9982E-05
9.9991E-05 0.200778 0.130912 0.296353 0.371856
0.0424778 0.199814 0.072923 0.363271 0.321515
0.142278 0.0910107 9.9991E-05 0.329953 0.436659
0.0203258 0.22337 0.123827 0.122777 0.509701
0.039107 0.173875 0.0777608 0.163346 0.545912
9.9991E-05 0.210842 0.0495905 0.174597 0.56487
0.053249 0.201859 0.240758 0.130611 0.373524
9.9991E-05 0.167525 0.0721233 0.466164 0.294088
