9.9982E-05 0.930266 0.0322279 9.9982E-05 0.0373058
0.063327 0.936373 9.9973E-05 9.9973E-05 9.9973E-05
9.9991E-05 0.846523 0.0380499 0.0995257 0.0158009
9.9982E-05 0.785342 0.0960114 9.9982E-05 0.118447
9.9982E-05 0.892664 0.0495621 0.0575744 9.9982E-05
0.152663 0.649007 0.0340456 0.0991947 0.0650898
0.0611371 0.865285 9.9982E-05 9.9982E-05 0.0733778
0.13554 0.743058 0.0449127 9.9991E-05 0.076389
0.0944777 0.825922 9.9982E-05 9.9982E-05 0.0793999
0.0251126 0.724063 0.0963251 0.0943937 0.0601055
0.0380117 0.744344 9.9991E-05 0.0849262 0.132618
0.0862765 9.9991E-05 0.0838418 0.315797 0.513985
0.0478224 0.0262098 0.134983 0.479925 0.311059
0.166199 0.0366508 0.0939044 0.261821 0.441425
0.0604419 0.035906 0.186024 0.339336 0.378291
0.0816872 0.145151 0.148679 0.385538 0.238945
9.999E-05 0.0900546 0.124048 0.630862 0.154936
0.177352 9.9991E-05 0.122851 0.464204 0.235493
0.00667576 0.11597 0.10698 0.356312 0.414061
0.178118 0.0646788 0.0294057 0.0756326 0.652165
0.129358 9.9991E-05 0.169989 0.410281 0.290272
0.271867 0.00560538 0.145833 0.424884 0.15181
0.0595069 0.0937796 0.0587399 0.561848 0.226125
0.12687 0.00872041 0.0988546 0.354874 0.410681
0.0813628 0.0190113 0.191459 0.604399 0.103768
9.9991E-05 0.0217848 0.110181 0.587825 0.280109
0.140219 0.000284472 0.155887 0.184593 0.519017
0.0570799 0.0270942 0.167975 0.238443 0.509409
0.169573 0.0288496 0.072919 0.26727 0.461388
9.9982E-05 0.862377 0.0524839 0.0849395 9.9982E-05
9.9973E-05 0.836148 9.9973E-05 0.163552 9.9973E-05
9.9982E-05 0.810615 0.0278825 0.161303 9.9982E-05
9.9982E-05 0.824837 0.0370517 0.137911 9.9982E-05
0.188776 0.0620232 0.0196344 0.62491 0.104655
0.149224 0.0442654 0.0633661 0.629367 0.113777
0.286441 0.00623731 0.0265255 0.680696 9.9991E-05
0.0797045 0.0927538 0.0485442 0.193891 0.585107
0.400611 0.0450465 0.0374319 0.516043 0.000867585
0.0282903 0.0340894 0.102215 0.587646 0.24776
0.116022 0.0539847 0.038401 0.762013 0.0295798
0.1016 0.15062 9.9991E-05 0.676108 0.0715713
0.0385793 0.130088 0.0530154 0.680847 0.0974696
0.385556 9.9982E-05 9.9982E-05 0.361769 0.252475
0.1515 0.0502742 0.153388 0.573998 0.0708408
0.12303 0.0672309 0.0873909 0.654901 0.0674469
0.203004 0.0926739 0.0925866 0.611635 9.9991E-05
0.453126 9.9982E-05 9.9982E-05 0.542751 0.00392273
0.110609 9.9991E-05 0.107733 0.712185 0.069373
0.052985 0.125894 0.0436326 0.696716 0.080772
0.826729 0.0896834 9.9991E-05 0.0141557 0.0693322
0.20579 9.9991E-05 0.015275 0.274005 0.50483
0.588866 0.0147403 0.0834795 0.123904 0.18901
0.106452 0.0486009 0.109613 0.576512 0.158822
0.0781136 0.135523 0.130587 0.548568 0.107209
0.139993 0.0285548 0.167633 0.564275 0.099544
0.241427 0.07212 9.9991E-05 0.245245 0.441108
0.0582159 0.0164544 9.9991E-05 0.687491 0.237739
0.074312 0.0903533 0.152994 0.546917 0.135424
0.161914 0.0514912 0.0809734 0.42138 0.284241
0.287666 0.193904 0.0782577 0.103092 0.337081
0.0266871 0.0630685 0.0647062 0.699771 0.145767
0.0110159 0.0654754 0.133668 0.437858 0.351983
0.367207 0.027314 9.9991E-05 0.100908 0.504471
0.0370355 9.9991E-05 0.114172 0.499224 0.349469
0.154852 0.0451627 0.119005 0.654718 0.0262634
0.122528 0.0376206 0.115984 0.590108 0.133759
0.196962 0.0424597 0.068321 0.393814 0.298444
0.154168 9.9991E-05 0.117445 0.55495 0.173337
9.9991E-05 0.0854147 0.0558237 0.614307 0.244355
0.222169 0.0162092 9.9991E-05 0.310035 0.451486
0.13818 9.9982E-05 9.9982E-05 0.716932 0.144687
0.360241 9.9982E-05 9.9982E-05 0.480534 0.159026
0.0972335 0.0106941 0.193336 0.529693 0.169044
0.740375 9.9982E-05 9.9982E-05 0.248061 0.0113641
0.688204 9.9982E-05 9.9982E-05 0.223335 0.0882612
0.420984 9.9982E-05 9.9982E-05 0.522323 0.0564927
0.197988 0.0224209 9.9991E-05 0.637806 0.141685
0.108664 0.136237 0.15737 0.554788 0.0429415
0.206573 0.00385806 0.0362388 0.609637 0.143693
0.277413 0.00230883 0.00132556 0.366449 0.352504
0.184669 0.0431339 9.9991E-05 0.454704 0.317393
0.0950555 0.0827384 0.0827049 0.607401 0.1321
0.355646 0.049985 9.9991E-05 0.474838 0.119431
0.147791 0.0856012 9.9991E-05 0.604821 0.161687
0.39963 9.9982E-05 9.9982E-05 0.581797 0.018373
0.771183 9.9982E-05 9.9982E-05 0.184442 0.0441754
0.0146729 0.0516278 0.0778417 0.728627 0.12723
9.9991E-05 0.8379 0.051779 0.0570864 0.053135
9.9973E-05 0.928548 9.9973E-05 0.0711517 9.9973E-05
9.9973E-05 0.895363 9.9973E-05 0.104337 9.9973E-05
9.9973E-05 0.923199 9.9973E-05 0.0765011 9.9973E-05
0.00403927 0.863909 9.9982E-05 0.131852 9.9982E-05
9.9973E-05 0.909344 9.9973E-05 0.0903562 9.9973E-05
9.9973E-05 0.954413 9.9973E-05 0.0452867 9.9973E-05
0.130036 0.142403 0.0637472 0.562748 0.101066
0.0435516 0.137072 0.112197 0.58456 0.12262
0.516937 9.9982E-05 9.9982E-05 0.28278 0.200084
0.104363 0.10437 0.0892367 0.618856 0.0831738
0.172454 0.0141868 9.9991E-05 0.615394 0.197865
0.140575 0.0803683 9.9982E-05 0.778857 9.9982E-05
0.193982 0.0415667 9.9991E-05 0.683877 0.0804745
0.25817 9.9982E-05 0.0793927 0.662237 9.9982E-05
0.507535 0.0109711 9.9991E-05 0.191815 0.289579
0.0080121 0.160547 0.0924002 0.563317 0.175723
0.0765743 0.116995 0.0399337 0.766397 9.9991E-05
0.0677417 0.0830156 0.0637462 0.681566 0.103931
0.50874 0.00287981 0.00434339 0.473835 0.0102018
0.268482 0.0385087 9.9982E-05 0.692809 9.9982E-05
0.150264 0.037818 0.0118581 0.622902 0.177158
0.33436 9.9982E-05 0.0824044 0.583036 9.9982E-05
0.222761 0.0306868 9.9991E-05 0.582664 0.163788
0.11157 0.101566 0.0897088 0.607292 0.089863
0.315153 9.9991E-05 0.0507028 0.264902 0.369143
0.0108725 0.173837 0.0646095 0.456561 0.294121
0.00988622 0.126524 0.104481 0.470246 0.288863
0.0517232 0.181999 0.0259488 0.633275 0.107054
9.9991E-05 0.0404575 0.0114504 0.546213 0.401779
0.0523538 0.0728523 0.0905928 0.585983 0.198218
0.0511042 0.0358323 0.042888 0.478941 0.391234
0.101924 0.0598753 0.0742936 0.645979 0.117928
0.0609221 0.00596665 0.156419 0.595972 0.18072
0.0664305 0.0642651 0.0164862 0.617831 0.234987
9.9982E-05 0.0466993 9.9982E-05 0.612177 0.340924
0.0632531 0.0517509 0.0757564 0.724965 0.0842746
0.0239288 0.102945 0.0842445 0.65679 0.132092
0.049281 9.9991E-05 0.0700072 0.632967 0.247644
0.0523194 0.0439176 0.127292 0.527206 0.249265
0.017863 0.054548 0.108891 0.570219 0.24848
0.129132 0.13871 0.0105797 0.417146 0.304432
0.0387913 0.0460618 0.0768265 0.640468 0.197852
9.9991E-05 0.0553926 0.0850445 0.670458 0.189005
0.140909 0.00105559 0.0932136 0.292111 0.472711
0.347834 0.0182266 0.119063 0.148608 0.366269
0.088764 0.0338499 0.15307 0.543656 0.180659
0.501136 9.9991E-05 0.0915554 0.0728334 0.334375
0.129697 9.9982E-05 9.9982E-05 0.418392 0.451712
0.118162 9.9982E-05 9.9982E-05 0.510273 0.371365
0.160175 0.00414852 9.9991E-05 0.420642 0.414934
0.089824 9.9991E-05 0.0577698 0.343819 0.508487
9.99939E-05 0.0803032 0.0514795 0.719745 0.148372
0.115424 0.0624523 0.168883 0.516747 0.136494
0.042173 0.074516 0.0767141 0.485599 0.320998
0.39334 9.9991E-05 0.138437 0.0810653 0.387057
0.0948103 0.105838 0.0544467 0.644251 0.100654
0.202233 0.0143819 0.0889644 0.579353 0.115068
0.616123 0.201857 9.9991E-05 0.0434897 0.138431
0.130824 0.129574 0.141983 0.597519 9.9991E-05
0.345258 0.0733587 0.0882727 0.386444 0.106667
0.202259 0.07298 0.150588 0.442854 0.131319
0.403168 0.153867 0.0666917 0.272076 0.104197
0.428533 0.133218 9.9991E-05 0.296097 0.142052
0.311058 0.0561965 0.0351595 0.47231 0.125277
0.200316 0.0426166 0.136712 0.452259 0.168096
0.149067 0.164742 0.0972478 0.428319 0.160625
0.544655 0.0332075 0.227845 0.0387594 0.155533
0.0915928 0.0812242 0.108484 0.496781 0.221918
0.38462 9.9982E-05 9.9982E-05 0.483015 0.132165
0.377619 9.9991E-05 0.0248135 0.541131 0.0563369
0.0638052 0.0720715 0.100597 0.598598 0.164928
0.213382 0.317046 0.366799 0.0462452 0.0565275
0.256112 0.589564 0.154124 9.9982E-05 9.9982E-05
0.319091 0.492713 0.187995 9.9982E-05 9.9982E-05
0.0716399 0.42695 0.38602 0.00100619 0.114384
0.212371 0.0237012 0.0526429 0.711185 9.9991E-05
0.141654 0.14026 0.0271128 0.636119 0.0548542
9.9982E-05 9.9982E-05 0.722945 0.262445 0.0144096
9.9991E-05 0.0150143 0.524569 0.322063 0.138254
9.9991E-05 0.0529919 0.473325 0.355116 0.118466
0.495974 0.0243998 0.0616645 0.392202 0.0257597
0.237423 0.091445 0.0560371 0.606657 0.00843772
0.626879 0.0137464 0.0656102 0.239873 0.0538918
0.232977 0.088575 0.025842 0.628598 0.0240075
0.353158 0.0799371 9.9991E-05 0.548962 0.0178431
0.185453 0.043731 0.105966 0.602944 0.0619066
0.58042 0.0149587 0.0214303 0.336475 0.0467154
0.162849 0.0337598 0.0949296 0.668788 0.0396728
0.221607 0.0907371 0.168206 0.519349 9.9991E-05
0.0405502 9.9982E-05 0.951685 0.0075649 9.9982E-05
0.013673 9.9982E-05 0.968807 0.0173199 9.9982E-05
9.9982E-05 9.9982E-05 0.648002 0.281461 0.0703371
9.9973E-05 9.9973E-05 0.678909 0.320791 9.9973E-05
9.9991E-05 0.0138685 0.814968 0.167008 0.00405509
9.997E-05 9.997E-05 0.9996 9.997E-05 9.997E-05
9.9982E-05 0.0144702 0.954985 9.9982E-05 0.0303451
9.9973E-05 9.9973E-05 0.863499 0.136201 9.9973E-05
9.9973E-05 9.9973E-05 0.998152 9.9973E-05 0.00154786
9.997E-05 9.997E-05 0.9996 9.997E-05 9.997E-05
9.997E-05 9.997E-05 0.9996 9.997E-05 9.997E-05
9.9991E-05 0.0270421 0.784177 0.130569 0.0581119
0.00631061 0.0564999 0.831158 0.0627298 0.043302
9.9973E-05 9.9973E-05 0.983779 9.9973E-05 0.015921
0.0973719 9.9991E-05 0.520048 0.21983 0.162649
0.00596778 0.0841334 0.609806 0.299993 9.9991E-05
9.9991E-05 0.00534072 0.82435 0.125683 0.0445266
9.9991E-05 0.0271201 0.883904 0.069071 0.0198047
9.997E-05 9.997E-05 0.9996 9.997E-05 9.997E-05
0.00425397 0.041132 0.919327 0.0258541 0.0094328
9.9973E-05 9.9973E-05 0.985412 0.0142877 9.9973E-05
0.0259969 0.102335 0.604322 0.259195 0.00815069
9.9991E-05 0.0218746 0.895642 0.0354251 0.0469586
0.547956 0.362484 0.0893605 9.9982E-05 9.9982E-05
0.15059 0.183046 0.11535 0.468807 0.0822068
0.177063 0.29026 0.0280023 0.461829 0.0428455
0.353562 0.285789 0.180422 0.180127 9.9991E-05
0.0947523 0.218762 0.176468 0.471853 0.0381652
0.35681 0.306706 0.1254 0.210984 9.9991E-05
0.117316 0.236763 0.118762 0.469173 0.0579864
0.296675 0.163922 0.212701 0.326602 9.9991E-05
0.158688 0.162158 0.27196 0.407093 9.9991E-05
0.235917 0.201507 0.269 0.293475 9.9991E-05
0.12317 0.19321 0.180093 0.492278 0.01125
0.0348158 0.863664 9.9991E-05 0.0389778 0.062442
0.0121205 0.95459 0.0330895 9.9982E-05 9.9982E-05
0.0111463 0.933566 9.9991E-05 0.0270136 0.0281738
9.9982E-05 0.950237 9.9982E-05 0.00506439 0.0444985
9.9991E-05 0.882835 0.0170956 0.0322997 0.0676692
0.00267443 0.926234 0.0708917 9.9982E-05 9.9982E-05
9.9991E-05 0.892207 0.0799452 0.0055344 0.022213
0.0863268 0.882754 0.00388418 0.00770881 0.019326
9.9973E-05 0.947029 9.9973E-05 0.0526714 9.9973E-05
9.9982E-05 0.882424 0.104439 9.9982E-05 0.0129369
0.148333 0.590208 9.9982E-05 9.9982E-05 0.261259
0.0306884 0.585772 0.0281194 9.9991E-05 0.355321
0.132225 0.517746 9.9982E-05 9.9982E-05 0.349828
0.16522 0.48978 9.9982E-05 9.9982E-05 0.3448
0.00133996 0.0632222 9.9991E-05 0.696169 0.239168
0.194294 0.0670178 0.00694238 0.637791 0.0939549
0.0369975 9.9991E-05 0.0795236 0.695142 0.188237
0.117142 0.0724863 0.00738959 0.543804 0.259179
0.0708561 9.9982E-05 9.9982E-05 0.291096 0.637848
0.0969182 0.0488201 0.109751 0.690141 0.0543694
0.146243 9.9991E-05 0.0323343 0.70341 0.117912
0.178803 0.00244621 0.0844177 0.545701 0.188632
0.40893 9.9991E-05 0.0470975 0.532817 0.0110552
0.0155956 0.112517 0.0276349 0.733841 0.110411
0.220067 9.9982E-05 9.9982E-05 0.577417 0.202316
0.748578 9.9982E-05 9.9982E-05 0.108463 0.142758
0.123487 0.0332776 0.143663 0.61431 0.0852634
0.556789 0.038877 9.9982E-05 0.404135 9.9982E-05
0.264366 0.00123967 0.023515 0.641981 0.0688984
0.380268 0.0181533 9.9991E-05 0.279745 0.321734
0.074959 0.13922 9.9991E-05 0.0119806 0.773741
0.0426188 0.105787 9.9991E-05 0.110118 0.741376
0.0540999 0.0441 9.9991E-05 0.0228743 0.878826
0.0140933 0.115935 9.9982E-05 9.9982E-05 0.869772
0.074689 0.0359843 0.00659528 0.0674061 0.815325
9.9991E-05 0.04957 0.0897307 0.0378019 0.822797
9.9982E-05 0.874702 0.019747 0.105351 9.9982E-05
9.9991E-05 0.791459 0.0689462 0.0325909 0.106904
9.9991E-05 0.737876 0.171347 0.0655839 0.0250935
9.9991E-05 0.75663 0.133699 0.0215457 0.0880256
9.9982E-05 0.83574 0.0966685 0.0673916 9.9982E-05
0.103019 0.401006 9.9982E-05 9.9982E-05 0.495775
0.118521 0.485152 9.9982E-05 9.9982E-05 0.396127
0.101394 0.429864 0.00273866 9.9991E-05 0.465904
9.9991E-05 0.818946 0.0431535 0.09958 0.0382205
0.132985 0.352494 9.9982E-05 9.9982E-05 0.514321
0.137064 0.191794 0.431109 0.199161 0.040872
0.0604627 0.124203 0.298062 0.484624 0.0326482
9.9982E-05 0.193437 0.321391 0.484971 9.9982E-05
0.0731076 0.273824 0.255813 0.383083 0.0141729
0.0705749 0.185008 0.171375 0.549803 0.0232394
0.200616 0.494352 0.304832 9.9982E-05 9.9982E-05
0.140541 9.9991E-05 0.00314691 0.495396 0.360817
0.390071 9.9991E-05 0.00589645 0.378291 0.225642
0.0701877 0.0881851 0.0160251 0.322466 0.503136
0.22837 9.9991E-05 0.0585014 0.462075 0.250954
0.806026 9.9973E-05 9.9973E-05 9.9973E-05 0.193674
0.143074 0.141212 0.0393019 0.607302 0.0691106
0.155931 0.0782973 0.0371556 0.496316 0.232301
0.0797916 0.0521574 9.9991E-05 0.400682 0.467269
9.9991E-05 0.103608 0.151868 0.541926 0.202497
0.482424 9.9991E-05 0.0292467 0.171284 0.316946
0.300274 0.0341496 0.0882209 0.480387 0.0969686
0.0468708 9.9991E-05 0.0216636 0.614732 0.316634
0.0835184 0.112338 0.238384 0.383224 0.182536
0.262272 9.9991E-05 0.0669444 0.396683 0.274001
0.151171 9.9991E-05 0.0963546 0.451233 0.301141
0.210058 0.0656821 0.0938739 0.499757 0.130629
0.0546261 0.0590152 0.00668005 0.653815 0.225864
0.0239288 0.0345656 0.127375 0.692618 0.121513
0.048341 0.149909 0.0767659 0.605758 0.119226
9.9991E-05 0.103145 0.0753779 0.617853 0.203524
9.9982E-05 0.815088 0.0892576 0.0954541 9.9982E-05
9.9982E-05 0.858254 0.0333307 0.108215 9.9982E-05
0.0761827 0.784905 9.9991E-05 0.0649585 0.073854
0.0251553 0.846163 0.0278479 0.0725504 0.0282837
9.9991E-05 0.838969 0.0488036 0.103987 0.00813973
0.115293 9.9991E-05 0.101564 0.142466 0.640577
0.203108 0.0560035 0.0659116 0.528544 0.146433
0.0935012 0.271317 0.220262 0.35708 0.0578395
9.9991E-05 0.0229591 0.136977 0.672715 0.167249
0.0122147 0.08106 0.056056 0.525629 0.325041
0.259227 9.9991E-05 0.120813 0.238496 0.381364
0.225161 0.122757 9.9991E-05 0.0268686 0.625114
0.00568262 0.0286797 0.026319 0.528075 0.411244
0.174072 0.0385389 0.0596545 0.155811 0.571923
0.276596 0.0297982 0.0981554 0.428889 0.166562
0.15459 0.130641 0.0297142 0.091752 0.593302
0.0661063 0.150027 0.0677599 0.61591 0.100197
0.082925 0.0723223 9.9991E-05 0.261836 0.582816
0.151646 0.0224942 0.132698 0.307566 0.385596
0.243267 0.0192581 0.125174 0.377958 0.234344
0.394777 0.067369 9.9991E-05 0.363114 0.17464
0.170529 0.107856 0.0440027 0.677512 9.9991E-05
0.0944678 0.157657 0.0481998 0.588669 0.111007
0.412677 0.012784 0.00789232 0.427984 0.138663
0.209 0.0763253 0.168951 0.492763 0.0529605
0.238782 0.0533974 9.9991E-05 0.653998 0.0537227
0.72196 9.9982E-05 9.9982E-05 0.194787 0.083053
0.626953 9.9982E-05 0.0200882 0.352759 9.9982E-05
0.263148 0.0373847 0.00981593 0.607095 0.0825568
0.646003 0.0151209 9.9991E-05 0.262253 0.0765235
0.25095 0.0230494 0.0154777 0.561412 0.149111
0.162604 9.9991E-05 0.0367475 0.0981344 0.702415
0.286107 9.9991E-05 0.02126 0.332022 0.360511
0.0488477 9.9991E-05 0.107599 0.372825 0.470628
9.9991E-05 0.103098 0.094796 0.649892 0.152115
0.154455 9.9982E-05 9.9982E-05 0.348664 0.496682
0.15182 0.117893 0.111655 0.510486 0.108146
0.0753752 0.0466918 0.177196 0.492206 0.208531
0.123919 9.9991E-05 0.141055 0.47554 0.259386
9.9991E-05 0.0441491 0.108699 0.548892 0.298159
0.119046 9.9991E-05 0.114964 0.407325 0.358565
0.0201039 9.9991E-05 0.127054 0.271524 0.581217
0.0471692 9.9991E-05 0.11923 0.426991 0.40651
0.055748 9.9991E-05 0.129213 0.545504 0.269435
0.035934 0.025162 0.115493 0.616595 0.206816
0.204407 0.0647754 0.0671155 0.445962 0.21774
0.0246979 9.9991E-05 0.158705 0.493911 0.322586
9.9991E-05 0.0599044 0.0994506 0.411359 0.429186
9.9991E-05 0.0798274 0.0457603 0.677261 0.197052
0.0076808 9.9991E-05 0.136238 0.554499 0.301482
0.146412 0.141969 0.0743146 0.544801 0.0925028
0.056738 0.322181 0.238513 0.371464 0.0111036
0.107581 0.185012 0.226776 0.480531 9.9991E-05
0.186529 0.177481 0.133008 0.499873 0.00310841
9.9991E-05 0.081505 0.149546 0.653961 0.114888
0.0783883 0.183383 0.214987 0.503308 0.0199336
0.237545 9.9991E-05 0.100253 0.442753 0.219349
0.0095165 0.228472 0.164119 0.486197 0.111696
0.530219 0.248492 0.20959 0.0115988 9.9991E-05
0.0483726 0.0316934 0.24085 0.492265 0.186819
0.0870638 0.192006 0.161786 0.533842 0.0253022
0.122053 0.0695961 0.250357 0.557893 9.9991E-05
0.237256 0.244334 0.166658 0.281823 0.0699287
9.9991E-05 0.259427 0.192272 0.537502 0.0106992
0.11505 0.154991 0.246778 0.482781 0.000399171
0.305099 0.478129 0.216572 9.9982E-05 9.9982E-05
0.0345207 0.225231 0.174225 0.565923 9.9991E-05
0.0978819 0.139107 0.296941 0.463259 0.00281123
0.067327 0.0736168 0.272547 0.472586 0.113923
0.00124068 0.197986 0.241336 0.493272 0.0661646
0.0671927 0.184726 0.201192 0.438793 0.108097
0.311027 0.0286627 0.151832 0.42605 0.0824288
0.169624 0.0632577 0.126468 0.541333 0.0993175
0.757363 9.9991E-05 0.0253382 0.118208 0.0989911
0.876671 9.9982E-05 9.9982E-05 0.0672354 0.0558934
0.233531 0.10358 0.150868 0.50358 0.00844098
0.16417 0.092133 0.393699 0.284992 0.0650063
0.186765 0.124277 0.422964 0.265894 9.9991E-05
0.290339 0.18726 0.382494 0.139808 9.9991E-05
0.148833 0.173872 0.344869 0.332326 9.9991E-05
0.688058 0.0965558 0.176148 0.0391381 9.9991E-05
0.570344 0.114765 0.129809 0.184982 9.9991E-05
0.142052 0.0175226 0.162472 0.644184 0.03377
0.271852 0.0717431 0.216728 0.439576 9.9991E-05
0.562628 0.0646619 0.165884 0.206726 9.9991E-05
0.215909 0.065682 0.0846743 0.613667 0.0200668
0.287436 0.0408053 0.185163 0.47565 0.0109452
0.221807 0.124631 0.189106 0.365244 0.0992134
0.482559 0.0164116 0.0192142 0.458822 0.0229938
0.431137 0.00241744 0.0834119 0.369643 0.11339
0.214837 0.0568415 0.0867461 0.561822 0.0797536
0.317872 0.0602277 0.0545859 0.484472 0.0828418
0.250833 0.0716904 0.170037 0.390429 0.117011
0.412163 9.9982E-05 0.0256459 0.561991 9.9982E-05
0.568196 9.9991E-05 0.038699 0.260842 0.132164
0.299786 0.0267828 0.0879604 0.585371 9.9991E-05
0.588417 9.9982E-05 9.9982E-05 0.35302 0.0583632
0.40617 0.0341938 0.0722708 0.487266 9.9991E-05
0.14522 0.0844713 0.0302017 0.638646 0.101461
0.329299 0.0249697 0.0891447 0.489861 0.0667256
0.0401129 0.185866 0.197008 0.508479 0.068535
0.201428 0.15134 0.208487 0.360088 0.0786575
0.126266 0.134089 0.307987 0.352282 0.0793774
0.129624 0.163816 0.269213 0.33263 0.104717
0.16263 0.182043 0.231797 0.42343 9.9991E-05
0.0276582 0.186891 0.160102 0.512109 0.113239
0.570108 0.24043 0.189262 9.9982E-05 9.9982E-05
9.9991E-05 0.0643321 0.314327 0.513749 0.107492
0.437056 0.407811 0.154933 9.9982E-05 9.9982E-05
0.137965 0.107675 0.261651 0.49261 9.9991E-05
0.754192 9.9973E-05 9.9973E-05 0.245508 9.9973E-05
0.87807 0.0349821 9.9991E-05 0.0234796 0.0633682
0.3883 9.9991E-05 0.0194868 0.580326 0.0117868
0.204075 0.0550651 0.0671753 0.673585 9.9991E-05
0.457055 9.9982E-05 9.9982E-05 0.490896 0.0518487
0.338557 0.0466275 0.00557643 0.609139 9.9991E-05
0.319595 9.9991E-05 0.044656 0.623218 0.0124309
0.0835887 0.819149 0.0338916 0.0632704 9.9991E-05
0.0170102 0.731318 0.134644 9.9991E-05 0.116928
9.9982E-05 0.890155 0.0732106 9.9982E-05 0.0364346
9.9973E-05 0.968219 9.9973E-05 0.0314809 9.9973E-05
0.207232 0.0835196 9.9991E-05 0.609634 0.0995145
0.152909 0.0992765 9.9991E-05 0.664841 0.082874
0.148114 9.9982E-05 9.9982E-05 0.730026 0.12166
0.106157 0.166013 9.9982E-05 0.72763 9.9982E-05
0.087363 0.0655625 0.1413 0.64957 0.0562047
0.370255 9.9982E-05 9.9982E-05 0.412339 0.217206
0.0916405 9.9991E-05 0.0432658 0.780357 0.0846365
0.433976 0.00319363 9.9991E-05 0.512792 0.0499377
9.9991E-05 0.297634 0.260053 0.395277 0.0469351
0.272278 9.9991E-05 0.064274 0.539272 0.124076
0.243652 9.9982E-05 9.9982E-05 0.555966 0.200182
0.206686 0.00387448 0.0312867 0.689409 0.0687436
0.231857 9.9982E-05 9.9982E-05 0.60187 0.166072
0.228748 9.9982E-05 0.040051 0.731001 9.9982E-05
0.11291 0.0434893 0.0399732 0.690055 0.113573
0.60208 9.9973E-05 9.9973E-05 0.39762 9.9973E-05
0.513104 9.9991E-05 0.0440091 0.372079 0.0707079
0.405359 9.9982E-05 9.9982E-05 0.492282 0.102158
0.905355 9.9973E-05 9.9973E-05 0.0943454 9.9973E-05
0.16876 0.0446647 0.0176636 0.606245 0.162668
0.697659 0.00104188 9.9991E-05 0.263102 0.0380973
0.852235 9.9982E-05 9.9982E-05 0.111264 0.0363017
0.18345 0.0423567 0.0989188 0.604203 0.0710725
0.408784 0.00182233 9.9991E-05 0.422251 0.167043
0.233433 9.9991E-05 0.0538209 0.540287 0.172359
0.107938 0.102027 0.0647982 0.725137 9.9991E-05
0.176944 9.9991E-05 0.00450496 0.688978 0.129473
0.243048 9.9991E-05 0.11753 0.389229 0.250093
0.19449 9.9991E-05 0.0687828 0.639945 0.0966825
0.152115 0.0370925 0.00412807 0.635853 0.170812
0.390915 9.9982E-05 9.9982E-05 0.553033 0.0558517
0.239893 0.0807924 0.0516956 0.602112 0.0255066
0.0546253 0.633042 9.9982E-05 9.9982E-05 0.312133
0.0430054 0.779613 9.9991E-05 0.0561652 0.121117
0.0675964 0.815405 9.9982E-05 9.9982E-05 0.116799
0.0103855 0.844933 9.9982E-05 9.9982E-05 0.144481
9.9982E-05 0.730109 9.9982E-05 0.0305027 0.239188
0.292183 0.000982773 0.0470578 0.328245 0.331531
0.382971 0.075012 9.9991E-05 0.352026 0.189891
0.617345 9.9973E-05 9.9973E-05 0.382355 9.9973E-05
0.101741 0.160902 0.0630597 0.635634 0.0386633
0.0918307 0.155607 0.103728 0.585464 0.0633703
0.411382 0.0488233 9.9982E-05 0.539595 9.9982E-05
0.19194 0.000446625 0.086009 0.704358 0.0172466
0.330634 0.0247949 9.9991E-05 0.579331 0.0651408
0.16598 0.0463746 0.0345002 0.719054 0.0340907
0.0845654 9.9991E-05 0.114061 0.722039 0.0792341
0.310751 9.9982E-05 9.9982E-05 0.492496 0.196553
0.281641 9.9982E-05 9.9982E-05 0.599009 0.11915
0.186008 9.9982E-05 9.9982E-05 0.501006 0.312786
0.115479 0.16722 0.0409577 0.662442 0.0139016
0.141258 0.00376262 9.9991E-05 0.646394 0.208485
0.233698 0.0409437 0.0142894 0.61744 0.0936285
9.9982E-05 9.9982E-05 0.476896 0.443306 0.0795978
0.0532011 0.0779779 0.513346 0.324813 0.0306619
9.9991E-05 0.0959224 0.452072 0.427315 0.0245902
0.0231284 0.137773 0.54453 0.294469 9.9991E-05
0.00972684 0.143493 0.353619 0.40481 0.0883517
0.330954 0.0231644 0.0223767 0.623405 9.9991E-05
0.0369232 0.27543 0.687447 9.9982E-05 9.9982E-05
9.9982E-05 0.207289 0.508039 0.284472 9.9982E-05
0.135479 0.172212 0.225109 0.358958 0.108243
0.0373065 0.278148 9.9991E-05 0.630927 0.0535177
0.162099 0.153229 0.0240025 0.548993 0.111677
0.00203228 0.137661 0.089491 0.664384 0.106432
0.0651851 0.0776556 0.0334063 0.662541 0.161212
9.9982E-05 0.229236 0.521279 0.249285 9.9982E-05
0.0396084 0.150286 0.410932 0.399074 9.9991E-05
9.9982E-05 0.0711807 0.544635 0.383984 9.9982E-05
0.0734053 0.0795558 0.350214 0.496725 9.9991E-05
9.9991E-05 0.136935 0.578713 0.269678 0.0145745
9.9991E-05 0.158557 0.308618 0.449031 0.0836934
0.0233512 0.0819589 0.633981 0.260609 9.9991E-05
9.9991E-05 0.0575623 0.426756 0.37439 0.141191
0.265999 0.0979976 0.083392 0.552512 9.9991E-05
0.0425097 0.185876 0.361042 0.410473 9.9991E-05
9.9982E-05 0.194751 0.631759 0.17329 9.9982E-05
0.0523183 0.206214 0.318531 0.382375 0.0405625
0.283503 0.177056 9.9991E-05 0.288792 0.250549
0.210719 0.00147407 0.117227 0.599931 0.0706485
9.9991E-05 0.159904 0.358122 0.409256 0.0726181
9.9991E-05 0.195749 0.0663867 0.678173 0.0595915
0.178116 0.207777 0.0554451 0.503948 0.0547131
0.0782225 0.247893 0.196152 0.412996 0.0647361
0.109599 0.228771 0.276747 0.384782 9.9991E-05
0.0762707 0.195096 0.137412 0.491963 0.099258
0.0182796 0.135252 0.461666 0.372045 0.0127573
0.0257943 0.185708 0.468826 0.319571 9.9991E-05
9.9982E-05 0.252531 0.605782 0.141486 9.9982E-05
0.163047 0.166103 0.0085955 0.631847 0.0304081
0.153172 0.106878 9.9991E-05 0.569433 0.170417
0.6094 0.163452 0.0607092 0.166339 9.9991E-05
0.0850759 0.181643 0.00749698 0.680951 0.0448333
0.210547 0.136364 0.0394522 0.393811 0.219826
0.108919 0.163775 0.24715 0.42865 0.0515059
0.144479 0.184408 0.0988728 0.525776 0.0464641
0.406819 0.368767 0.224214 9.9982E-05 9.9982E-05
0.494874 0.363814 0.141112 9.9982E-05 9.9982E-05
0.359408 0.143182 0.126235 0.245967 0.125209
0.392129 0.328016 0.279655 9.9982E-05 9.9982E-05
0.299851 0.45371 0.246239 9.9982E-05 9.9982E-05
0.278586 0.135175 0.187397 0.398742 9.9991E-05
0.203514 0.263864 0.19815 0.334372 9.9991E-05
0.227249 0.363719 0.122233 0.2867 9.9991E-05
0.410529 0.335459 0.242437 0.0114751 9.9991E-05
0.230803 0.102129 0.176336 0.443153 0.0475795
0.493239 0.231424 0.181793 0.0934439 9.9991E-05
0.39299 0.502166 0.104644 9.9982E-05 9.9982E-05
0.0593206 0.116568 0.261828 0.497473 0.0648111
0.192646 0.185542 0.256365 0.294032 0.0714154
0.00597611 0.326293 0.186032 0.481598 9.9991E-05
9.9982E-05 0.152983 0.310137 0.53668 9.9982E-05
0.015085 0.207281 0.186813 0.586501 0.00432018
0.0406641 0.183719 0.288606 0.486912 9.9991E-05
0.0223518 0.378954 0.230685 0.343228 0.0247815
0.0243418 0.162219 0.297373 0.508686 0.00738042
0.0197227 0.236103 0.299603 0.444471 9.9991E-05
0.0863527 0.238298 0.302265 0.315865 0.0572201
0.236814 0.162529 0.173445 0.298233 0.128979
0.111597 0.188834 0.179279 0.520191 9.9991E-05
0.0308588 0.162827 0.243985 0.479898 0.0824309
0.0256966 0.125884 0.104376 0.665091 0.0789529
0.0279731 0.292316 0.326803 0.298121 0.0547871
0.0662434 0.239997 0.12934 0.56432 9.9991E-05
0.188262 0.44094 0.228341 0.142358 9.9991E-05
0.0336395 0.192957 0.300312 0.424274 0.0488178
0.225346 0.304007 0.34796 0.122586 9.9991E-05
0.0489821 0.789513 9.9991E-05 0.0223863 0.139019
9.9991E-05 0.0337471 0.0416847 0.110029 0.814439
9.997E-05 9.997E-05 9.997E-05 9.997E-05 0.9996
9.9973E-05 0.0105366 9.9973E-05 9.9973E-05 0.989164
9.997E-05 9.997E-05 9.997E-05 9.997E-05 0.9996
9.9973E-05 9.9973E-05 0.0563078 9.9973E-05 0.943392
9.9973E-05 9.9973E-05 9.9973E-05 0.0852823 0.914418
9.9973E-05 0.0396516 9.9973E-05 9.9973E-05 0.960048
9.9982E-05 0.191257 0.0148798 9.9982E-05 0.793663
9.9982E-05 0.90756 9.9982E-05 0.0871308 0.00510876
9.9982E-05 0.808055 0.0358903 9.9982E-05 0.155855
0.0547092 0.86817 0.063971 0.0130502 9.9991E-05
0.0177557 0.828638 9.9991E-05 0.0251794 0.128327
9.9982E-05 0.908534 0.0489558 9.9982E-05 0.0423099
0.0180187 0.90329 0.0184703 9.9991E-05 0.0601207
0.0293348 0.76922 0.133492 0.016233 0.05172
0.0137549 0.865115 0.0846796 0.0326199 0.00383019
9.9982E-05 0.746807 9.9982E-05 0.0835688 0.169424
0.0191517 0.907312 0.0733359 9.9982E-05 9.9982E-05
9.9973E-05 0.955286 9.9973E-05 9.9973E-05 0.0444137
0.05573 0.847177 0.0636271 9.9991E-05 0.0333658
9.9982E-05 0.948899 0.0125553 9.9982E-05 0.0383454
9.9982E-05 0.907099 0.011122 0.0815787 9.9982E-05
9.9982E-05 0.886901 0.00339943 0.109499 9.9982E-05
9.9982E-05 0.85893 0.0584367 0.0824334 9.9982E-05
9.9982E-05 0.77353 0.172069 0.0542015 9.9982E-05
9.9982E-05 0.801241 0.0834524 0.115107 9.9982E-05
9.9982E-05 0.797258 0.0743021 0.12824 9.9982E-05
0.193373 0.186083 0.00244181 0.480928 0.137175
0.0764824 0.113507 9.9991E-05 0.806021 0.00388963
0.130676 0.0839789 0.13166 0.59948 0.054205
0.692107 0.0872189 0.0648464 0.155727 9.9991E-05
0.0504087 0.200139 0.00932057 0.618082 0.12205
0.59228 0.214925 0.0325618 0.160134 9.9991E-05
0.123475 0.0894194 0.135591 0.651415 9.9991E-05
0.242184 0.109832 9.9991E-05 0.484044 0.16384
0.199994 0.147959 9.9991E-05 0.610104 0.0418426
0.238108 0.0233445 9.9991E-05 0.714259 0.0241893
0.177305 0.14401 9.9991E-05 0.492952 0.185634
0.0680124 0.132886 9.9991E-05 0.763615 0.0353866
0.0781889 0.134249 9.9991E-05 0.663902 0.12356
0.373409 9.9991E-05 0.0794095 0.0520009 0.49508
0.779931 0.107416 9.9982E-05 9.9982E-05 0.112453
0.614084 0.127464 0.0929018 0.162099 0.0034513
0.00192185 0.139879 0.0927825 0.698318 0.0670987
0.141767 0.120571 0.0467403 0.64422 0.0467009
0.214606 0.193366 9.9982E-05 0.591828 9.9982E-05
0.104326 0.0836915 0.0555434 0.756339 9.9991E-05
0.0167521 0.242705 0.145669 0.594773 9.9991E-05
9.9991E-05 0.152185 0.211421 0.553422 0.0828723
0.0762386 0.428727 0.149775 0.178826 0.166433
0.0437078 0.137626 0.0494182 0.627175 0.142073
0.0966288 0.214361 0.20244 0.416547 0.0700232
0.351974 0.500948 0.146878 9.9982E-05 9.9982E-05
0.101185 0.290403 0.219032 0.38928 9.9991E-05
0.0699006 0.323731 0.236154 0.238299 0.131916
9.9991E-05 0.294323 0.133258 0.369167 0.203151
9.9991E-05 0.180697 0.220076 0.563024 0.0361027
0.0354365 0.224403 0.195434 0.463817 0.0809096
9.9991E-05 0.089751 0.299471 0.540844 0.0698336
0.180051 0.184402 0.192548 0.442899 9.9991E-05
0.0631433 0.417946 0.126132 0.32255 0.070228
