0.483332 9.9955E-05 9.9955E-05 9.9955E-05 0.389271 9.9955E-05 0.0387225 9.9955E-05 0.074067 0.0141076
0.577573 0.00995772 9.9973E-05 0.00771447 0.328961 0.0188882 9.9973E-05 0.0349403 0.0216651 9.9973E-05
0.333294 9.9964E-05 9.9964E-05 0.0172197 0.454327 0.0379014 9.9964E-05 9.9964E-05 0.0689065 0.0879518
0.310178 9.9964E-05 0.0315558 9.9964E-05 0.518973 9.9964E-05 0.0874261 9.9964E-05 0.0259825 0.0254848
0.572455 9.99616E-05 9.99616E-05 9.99616E-05 0.325882 9.99616E-05 0.0304531 0.00174014 9.99616E-05 0.0689702
0.60279 0.138715 0.0442938 0.0745879 9.9982E-05 0.0389916 9.9982E-05 0.00298339 0.00407883 0.0933601
0.702061 0.116153 9.9955E-05 9.9955E-05 0.0649797 9.9955E-05 0.056693 9.9955E-05 0.0596127 9.9955E-05
0.675289 0.105663 0.0404482 9.9973E-05 0.0100797 9.9973E-05 0.145207 9.9973E-05 0.00498143 0.0180312
0.647743 0.0241933 9.99639E-05 0.0499425 0.18973 0.0193799 0.0686124 9.99639E-05 9.99639E-05 9.99639E-05
0.627876 0.102272 0.06563 9.9964E-05 9.9964E-05 9.9964E-05 0.0639096 9.9964E-05 0.0407999 0.0991127
0.714609 0.103015 9.9955E-05 0.00817709 9.9955E-05 9.9955E-05 0.0919942 9.9955E-05 9.9955E-05 0.0817044
0.0103974 0.0305861 0.0733008 0.807446 9.9955E-05 9.9955E-05 9.9955E-05 9.9955E-05 9.9955E-05 0.0777704
0.00103333 9.9964E-05 0.0635656 0.422435 9.9964E-05 9.9964E-05 0.0203987 9.9964E-05 0.0329402 0.459228
0.0140587 9.9982E-05 0.0784695 0.62264 0.0614669 9.9982E-05 0.0348252 0.0857726 0.00496003 0.0976072
0.0270857 9.9964E-05 0.203481 0.660241 0.0155912 9.9964E-05 9.9964E-05 9.9964E-05 0.00942229 0.0837791
0.129349 9.9964E-05 0.104745 0.290259 0.0514728 0.100322 9.9964E-05 9.9964E-05 9.9964E-05 0.323453
9.9973E-05 0.0519113 0.0999186 0.364837 9.9973E-05 0.140162 9.9973E-05 0.0228213 0.00483544 0.315215
9.9955E-05 9.9955E-05 0.0687642 0.495941 0.214067 0.0211254 9.9955E-05 9.9955E-05 9.9955E-05 0.199603
0.117162 0.0396702 9.9946E-05 0.835066 9.9946E-05 9.9946E-05 9.9946E-05 9.9946E-05 0.00750261 9.9946E-05
0.0815472 0.00489297 0.0337433 0.345343 9.9991E-05 0.0718537 0.0258444 0.0140826 0.00225976 0.420333
9.9973E-05 0.143279 9.9973E-05 0.247917 0.00899695 0.0575655 9.9973E-05 0.0132409 0.0610143 0.467686
0.0179849 0.0129248 0.0208171 0.202511 0.0947939 0.0358837 0.0386162 0.144806 9.9991E-05 0.431562
0.0333576 0.0309443 0.0894815 0.663147 9.9955E-05 9.9955E-05 9.9955E-05 9.9955E-05 9.9955E-05 0.18257
9.9973E-05 0.0278924 0.124832 0.393306 0.0265237 9.9973E-05 0.00633356 9.9973E-05 0.00877574 0.412037
0.00256557 9.9955E-05 0.103561 0.843496 0.0193094 9.9955E-05 9.9955E-05 9.9955E-05 9.9955E-05 0.0305682
0.000283581 9.9955E-05 0.203934 0.734495 0.0434719 9.9955E-05 9.9955E-05 9.9955E-05 9.9955E-05 0.0173155
9.9955E-05 0.0586059 0.0375848 0.737583 0.0117647 9.9955E-05 9.9955E-05 9.9955E-05 9.9955E-05 0.153962
9.99201E-05 9.99201E-05 9.99201E-05 9.99201E-05 9.99201E-05 9.99201E-05 9.99201E-05 9.99201E-05 0.999101 9.99201E-05
9.99201E-05 9.99201E-05 9.99201E-05 9.99201E-05 9.99201E-05 9.99201E-05 9.99201E-05 9.99201E-05 0.999101 9.99201E-05
0.254492 9.9955E-05 9.9955E-05 9.9955E-05 0.228438 0.0603462 9.9955E-05 9.9955E-05 0.379581 0.0766421
0.528118 9.9955E-05 0.0971324 9.9955E-05 9.9955E-05 0.107594 9.9955E-05 9.9955E-05 0.225602 0.0410539
0.0545701 0.0250229 9.9982E-05 0.0463425 9.9982E-05 0.206538 0.0705528 0.00361269 0.00701419 0.586146
0.00811024 9.9973E-05 0.0171747 0.0161298 0.071233 0.330632 9.9973E-05 0.0625892 9.9973E-05 0.493831
0.0813305 0.0230192 0.0153819 0.536879 0.0118437 0.0531125 0.153312 0.00243835 0.0142525 0.10843
0.0085989 0.0366724 0.0751942 0.00929509 0.0441364 0.533363 9.9982E-05 0.0437747 9.9982E-05 0.248765
9.9964E-05 9.9964E-05 0.0431 9.9964E-05 0.0615733 0.213825 0.00830668 0.0213699 9.9964E-05 0.651426
0.159495 0.0717776 9.9973E-05 0.0476795 9.9973E-05 0.0664358 0.0340872 9.9973E-05 0.00917065 0.611054
0.0249482 0.119697 0.0142814 0.00395955 0.0275663 0.0149124 0.0866317 0.07441 9.9991E-05 0.633494
9.9964E-05 0.000479642 9.9964E-05 0.163491 0.0707618 0.565945 9.9964E-05 9.9964E-05 0.0184798 0.180442
9.9973E-05 0.222702 0.0398028 0.023037 0.00928483 0.0497171 0.0492327 9.9973E-05 9.9973E-05 0.605924
9.9946E-05 9.9946E-05 9.9946E-05 9.9946E-05 9.9946E-05 0.578982 0.00372011 0.0886263 9.9946E-05 0.328072
0.0244733 0.30455 9.9964E-05 0.011633 0.00187695 0.62028 9.9964E-05 0.0367875 9.9964E-05 9.9964E-05
9.9964E-05 0.0963817 9.9964E-05 0.447235 9.9964E-05 0.138102 0.121268 0.108365 9.9964E-05 0.0882483
9.9964E-05 0.281391 0.0300144 0.311903 9.9964E-05 0.169323 9.9964E-05 0.148118 9.9964E-05 0.0588506
9.9982E-05 0.03183 9.9982E-05 0.215883 0.15156 0.322111 0.14513 0.0234311 0.0186981 0.0911571
9.9973E-05 9.9973E-05 0.0324574 0.170048 0.0571093 9.9973E-05 0.134501 0.0558377 0.00923799 0.540509
0.0590845 0.136043 0.00709807 0.173302 0.055141 0.186471 9.9991E-05 0.0276047 0.0217899 0.333366
0.163707 0.120924 0.0404765 0.394389 0.0411755 0.116003 0.0845041 9.9982E-05 0.0386204 9.9982E-05
0.0449906 9.9991E-05 0.0563902 0.318956 0.00643285 0.0736597 0.0343588 0.0455942 0.0573673 0.36215
9.9964E-05 0.0653567 9.9964E-05 0.599119 0.0244075 0.124884 0.12704 9.9964E-05 0.0587921 9.9964E-05
9.9964E-05 0.011456 0.00909162 0.404632 9.9964E-05 9.9964E-05 9.9964E-05 0.0388 0.0423684 0.493252
9.9982E-05 0.109792 0.0958234 9.9982E-05 0.100323 0.133079 0.0195276 0.050362 0.0133487 0.477544
9.9982E-05 0.0158422 0.123525 0.4791 0.0136394 0.044769 9.9982E-05 0.12936 0.0413299 0.152235
9.9964E-05 0.0826733 0.0950246 0.388245 9.9964E-05 0.0857203 9.9964E-05 9.9964E-05 0.0399263 0.30801
9.9982E-05 0.032719 0.00792168 0.549149 9.9982E-05 0.113424 0.0712136 0.0559032 0.0613113 0.108159
9.9955E-05 9.9955E-05 9.9955E-05 0.0791812 0.000471228 0.36199 0.00491759 9.9955E-05 9.9955E-05 0.552941
0.00324295 9.9955E-05 9.9955E-05 0.189898 9.9955E-05 0.651851 9.9955E-05 9.9955E-05 0.0447508 0.109758
0.0279361 0.0793189 0.00056474 9.9946E-05 9.9946E-05 0.891581 9.9946E-05 9.9946E-05 9.9946E-05 9.9946E-05
9.9946E-05 0.0619333 9.9946E-05 0.0217012 9.9946E-05 0.867072 9.9946E-05 0.0486939 9.9946E-05 9.9946E-05
0.0174705 9.9946E-05 0.0552128 9.9946E-05 9.9946E-05 0.774703 9.9946E-05 9.9946E-05 9.9946E-05 0.152014
0.0567461 9.9946E-05 0.020699 9.9946E-05 9.9946E-05 0.499555 9.9946E-05 9.9946E-05 9.9946E-05 0.4224
0.0368565 9.9964E-05 0.0158035 9.9964E-05 9.9964E-05 0.445751 0.0407443 9.9964E-05 0.0474566 0.412989
0.0222982 9.9964E-05 0.0813835 0.116721 9.9964E-05 0.670711 0.0743325 9.9964E-05 9.9964E-05 0.0341538
0.0855847 9.9946E-05 9.9946E-05 9.9946E-05 9.9946E-05 0.472802 0.188296 9.9946E-05 9.9946E-05 0.252718
0.00079221 9.9964E-05 0.019041 0.0392615 0.0729027 0.600227 9.9964E-05 9.9964E-05 9.9964E-05 0.267375
0.0640794 0.0612858 0.013487 9.9964E-05 9.9964E-05 0.303028 0.0576359 9.9964E-05 9.9964E-05 0.500084
0.00797756 0.0414146 0.0184905 0.00668646 9.9973E-05 0.573878 0.0147152 9.9973E-05 9.9973E-05 0.336538
9.9946E-05 0.185483 0.0316895 9.9946E-05 9.9946E-05 0.756191 9.9946E-05 0.0260373 9.9946E-05 9.9946E-05
0.335632 9.9973E-05 0.0498858 0.0374114 0.441963 9.9973E-05 0.0758643 9.9973E-05 0.0428486 0.0160955
0.574596 9.9946E-05 9.9946E-05 9.9946E-05 0.254581 9.9946E-05 9.9946E-05 9.9946E-05 0.105664 0.0645591
0.746231 9.9955E-05 0.0635403 9.9955E-05 0.0478957 9.9955E-05 9.9955E-05 9.9955E-05 0.0944018 0.0474318
0.71792 0.0159816 9.9955E-05 9.9955E-05 0.146675 9.9955E-05 9.9955E-05 9.9955E-05 0.0799259 0.0389974
0.60675 0.0330856 0.0291636 9.9964E-05 0.184548 9.9964E-05 9.9964E-05 9.9964E-05 0.0825281 0.0635241
0.738675 9.9973E-05 0.078515 9.9973E-05 0.0981034 0.00719176 0.0269729 0.00532159 0.0449208 9.9973E-05
0.835559 9.9955E-05 0.0294866 9.9955E-05 0.0512586 9.9955E-05 9.9955E-05 9.9955E-05 0.0312992 0.0518972
9.9955E-05 9.9955E-05 9.9955E-05 0.222242 0.0106556 0.661338 9.9955E-05 0.0561164 9.9955E-05 0.0491481
0.0123143 9.99708E-05 0.0349901 0.132192 0.0443613 0.432317 9.99708E-05 9.99708E-05 9.99708E-05 0.343426
0.140135 9.9955E-05 0.0144227 9.9955E-05 9.9955E-05 0.246772 9.9955E-05 0.0267795 9.9955E-05 0.571391
9.9982E-05 0.00422524 9.9982E-05 0.106708 0.0464861 0.166771 0.00732259 0.085447 0.0065404 0.576299
9.9964E-05 9.9964E-05 0.0535992 9.9964E-05 0.0355706 0.382993 9.9964E-05 0.0646982 0.0198865 0.442853
0.0612626 9.9955E-05 9.9955E-05 0.190262 9.9955E-05 0.677437 0.0652712 0.00526765 9.9955E-05 9.9955E-05
9.9973E-05 0.154297 0.0167564 0.021837 9.9973E-05 0.485228 0.0257547 0.0174834 9.9973E-05 0.278343
0.0552367 0.0599032 9.9955E-05 9.9955E-05 9.9955E-05 0.254904 9.9955E-05 0.0858638 9.9955E-05 0.543593
0.0705629 9.9964E-05 0.0148362 0.126197 9.9964E-05 0.389998 9.9964E-05 9.9964E-05 0.000424616 0.397581
9.9964E-05 9.9964E-05 0.0471003 9.9964E-05 9.9964E-05 0.506384 0.0699837 0.00539023 0.0106009 0.360141
0.082899 9.9964E-05 9.9964E-05 0.0141281 0.108009 0.37326 0.0515643 9.9964E-05 9.9964E-05 0.369739
9.9982E-05 0.149014 0.0109291 0.325529 0.026256 0.0163086 0.0576645 0.202921 9.9982E-05 0.211178
9.9973E-05 0.0550305 0.0829875 0.115794 0.12279 9.9973E-05 0.246348 9.9973E-05 0.0174276 0.359323
9.9964E-05 9.9964E-05 9.9964E-05 0.444312 0.00474909 9.9964E-05 0.00246637 0.0692599 0.0287043 0.450109
9.9973E-05 0.0443295 9.9973E-05 0.264342 0.109866 0.00510559 0.065604 0.00113113 9.9973E-05 0.509322
0.0662773 9.9955E-05 9.9955E-05 0.318729 9.9955E-05 9.9955E-05 0.048772 0.0995911 9.9955E-05 0.466131
0.0134048 0.0275565 9.9973E-05 0.1782 0.0653114 9.9973E-05 9.9973E-05 0.106024 0.0518129 0.55739
0.0560127 9.9964E-05 9.9964E-05 0.213882 9.9964E-05 0.0651719 0.0851881 0.00372403 9.9964E-05 0.575622
9.9973E-05 9.9973E-05 0.0410777 0.261616 9.9973E-05 0.0528344 0.073173 0.0689482 0.00860808 0.493443
9.9982E-05 9.9982E-05 0.0156556 0.145304 0.0585988 0.0125799 0.0306923 0.134361 0.00355342 0.599055
0.0957631 0.111088 0.0459554 0.440294 9.9973E-05 9.9973E-05 9.9973E-05 0.0102776 0.0418572 0.254465
0.0483709 9.9964E-05 0.0908167 0.168772 0.0376323 9.9964E-05 9.9964E-05 0.0887757 9.9964E-05 0.565233
9.9973E-05 0.0461887 0.0100846 0.10842 9.9973E-05 9.9973E-05 0.0152544 0.124461 0.0229789 0.672312
9.9982E-05 0.0225145 0.0847164 0.366632 9.9982E-05 0.144414 0.166135 0.0256924 0.00187098 0.187825
9.9973E-05 0.239859 0.042957 0.364145 9.9973E-05 0.0262 0.0473123 0.135785 9.9973E-05 0.143442
9.9973E-05 0.146474 0.0332914 0.25079 9.9973E-05 0.19124 0.146214 0.144284 9.9973E-05 0.0874062
9.9955E-05 9.9955E-05 9.9955E-05 0.624513 0.0511819 9.9955E-05 0.0346869 0.11548 9.9955E-05 0.173639
0.0618858 0.0294302 9.9973E-05 0.227673 9.9973E-05 0.114188 0.0688259 0.0716261 9.9973E-05 0.42607
9.9964E-05 9.9964E-05 9.9964E-05 0.492813 0.00656365 0.0674069 0.147068 9.9964E-05 0.043884 0.241865
9.9964E-05 9.9964E-05 9.9964E-05 0.460909 0.104262 0.108724 0.0680841 0.0510421 9.9964E-05 0.206579
9.9973E-05 9.9973E-05 0.144874 0.121722 0.0869295 0.0884189 9.9973E-05 0.0562925 0.0148062 0.486657
9.9973E-05 0.235329 0.0621237 0.285203 9.9973E-05 0.0866046 0.148484 0.053571 9.9973E-05 0.128385
0.0121882 0.208485 9.9982E-05 0.06988 0.0289507 9.9982E-05 0.0227177 0.0212935 0.0198658 0.61642
0.134669 0.390806 9.9973E-05 0.130767 9.9973E-05 0.0505051 0.0994106 0.145229 9.9973E-05 0.0483133
0.059443 0.192407 9.9982E-05 0.00169705 0.0238304 0.108504 0.0877611 0.158386 9.9982E-05 0.367771
9.9973E-05 0.174388 0.069444 9.9973E-05 0.0822421 9.9973E-05 0.0800435 0.146392 0.0391301 0.408061
9.9973E-05 0.386488 9.9973E-05 0.095063 0.0515115 0.0440529 0.0567884 9.9973E-05 0.0245674 0.341229
0.0378274 0.34164 9.9973E-05 0.154438 9.9973E-05 9.9973E-05 0.0696195 0.162012 0.000808743 0.233354
9.9982E-05 0.0886071 9.9982E-05 0.081159 0.0901747 0.0312562 0.0509397 0.198269 0.00127118 0.458123
9.9964E-05 0.237087 0.118018 0.196644 0.0943757 0.219607 9.9964E-05 0.133868 9.9964E-05 9.9964E-05
9.9955E-05 0.181388 9.9955E-05 0.174938 9.9955E-05 0.0896192 9.9955E-05 0.138721 9.9955E-05 0.414833
9.9973E-05 0.129498 9.9973E-05 0.112689 0.0195454 0.160197 0.0137695 0.10312 9.9973E-05 0.460881
0.224719 0.276471 0.269659 0.0447315 9.9973E-05 9.9973E-05 0.00081738 9.9973E-05 0.0695316 0.113771
0.439572 0.394326 0.161638 9.9946E-05 0.0038638 9.9946E-05 9.9946E-05 9.9946E-05 9.9946E-05 9.9946E-05
0.260837 0.525872 0.144523 9.9955E-05 0.0466896 9.9955E-05 9.9955E-05 9.9955E-05 0.0215786 9.9955E-05
0.223002 0.253937 0.29491 0.0147664 0.101541 9.9973E-05 9.9973E-05 9.9973E-05 0.0327861 0.0787576
9.99281E-05 0.276306 9.99281E-05 9.99281E-05 9.99281E-05 9.99281E-05 9.99281E-05 9.99281E-05 9.99281E-05 0.722895
9.9955E-05 9.9955E-05 0.655737 0.0252446 0.0473697 0.00619332 9.9955E-05 9.9955E-05 9.9955E-05 0.264956
9.9973E-05 0.351118 9.9973E-05 0.0162969 9.9973E-05 0.0613186 0.0169998 0.176829 0.000412087 0.376726
9.9946E-05 0.407348 9.9946E-05 0.0769651 9.9946E-05 9.9946E-05 9.9946E-05 0.325973 9.9946E-05 0.189115
0.00808217 0.267832 9.9973E-05 9.9973E-05 9.9973E-05 0.0486344 0.00347712 0.0607696 0.00294059 0.607964
9.9964E-05 0.205898 9.9964E-05 0.154457 9.9964E-05 0.0202261 9.9964E-05 0.0966318 0.0457566 0.47663
9.9982E-05 0.189525 0.0693847 0.0610605 9.9982E-05 0.0442346 0.00990635 0.107025 0.013477 0.505187
9.9964E-05 0.387686 9.9964E-05 0.104351 9.9964E-05 0.12159 0.0163575 0.146618 9.9964E-05 0.222999
9.9928E-05 9.9928E-05 0.947961 9.9928E-05 9.9928E-05 9.9928E-05 9.9928E-05 0.0512398 9.9928E-05 9.9928E-05
9.9937E-05 9.9937E-05 0.837077 9.9937E-05 9.9937E-05 9.9937E-05 0.032089 9.9937E-05 9.9937E-05 0.130135
9.9946E-05 9.9946E-05 0.683795 9.9946E-05 9.9946E-05 9.9946E-05 0.0624358 0.0312303 9.9946E-05 0.221939
0.0331585 9.9955E-05 0.817693 0.0181988 9.9955E-05 0.0706637 9.9955E-05 9.9955E-05 9.9955E-05 0.0597863
9.9928E-05 0.00336195 0.995839 9.9928E-05 9.9928E-05 9.9928E-05 9.9928E-05 9.9928E-05 9.9928E-05 9.9928E-05
9.9937E-05 9.9937E-05 0.919633 9.9937E-05 9.9937E-05 9.9937E-05 0.0674571 0.0122101 9.9937E-05 9.9937E-05
9.9937E-05 9.9937E-05 0.818241 9.9937E-05 9.9937E-05 9.9937E-05 9.9937E-05 0.00546149 9.9937E-05 0.175598
9.9937E-05 9.9937E-05 0.93891 0.0154315 9.9937E-05 9.9937E-05 9.9937E-05 9.9937E-05 9.9937E-05 0.0449586
9.99201E-05 9.99201E-05 0.999101 9.99201E-05 9.99201E-05 9.99201E-05 9.99201E-05 9.99201E-05 9.99201E-05 9.99201E-05
9.99201E-05 9.99201E-05 0.999101 9.99201E-05 9.99201E-05 9.99201E-05 9.99201E-05 9.99201E-05 9.99201E-05 9.99201E-05
9.9955E-05 9.9955E-05 0.757844 0.0489044 9.9955E-05 9.9955E-05 9.9955E-05 0.02883 0.0357414 0.12818
9.9964E-05 0.0118105 0.730003 0.0904941 0.0560958 0.00603071 9.9964E-05 9.9964E-05 9.9964E-05 0.105166
9.9955E-05 9.9955E-05 0.905774 0.0108463 9.9955E-05 0.0353694 0.000797753 9.9955E-05 0.0467132 9.9955E-05
0.00223601 0.0299857 0.748902 9.9982E-05 0.0188215 0.0305503 0.0051863 9.9982E-05 0.024628 0.13949
9.9946E-05 9.9946E-05 0.876323 9.9946E-05 9.9946E-05 9.9946E-05 0.0339147 9.9946E-05 0.0192697 0.0698929
9.9946E-05 9.9946E-05 0.898527 9.9946E-05 0.0587302 9.9946E-05 9.9946E-05 9.9946E-05 0.0253666 0.0167767
9.9955E-05 9.9955E-05 0.888271 0.0370117 9.9955E-05 9.9955E-05 0.0101742 9.9955E-05 0.012034 0.0520094
9.9928E-05 9.9928E-05 0.9636 9.9928E-05 9.9928E-05 9.9928E-05 9.9928E-05 9.9928E-05 0.0356004 9.9928E-05
0.0423123 9.9973E-05 0.517637 0.0250229 0.0290105 0.105465 0.0872348 9.9973E-05 9.9973E-05 0.193017
9.9955E-05 9.9955E-05 0.849734 0.0375826 0.0562425 0.0435566 9.9955E-05 9.9955E-05 0.0123845 9.9955E-05
0.201372 0.6565 0.0684825 0.0380968 0.0297777 0.00240765 9.9973E-05 9.9973E-05 9.9973E-05 0.00306428
0.0325476 0.191071 0.0142412 0.133668 0.0832923 9.9982E-05 0.0455784 9.9982E-05 0.0619257 0.437476
0.147634 0.243231 0.0632897 9.9982E-05 0.0374273 9.9982E-05 0.056054 0.0203995 0.0143959 0.417369
0.0624592 0.374735 0.0941887 9.9982E-05 0.0785862 9.9982E-05 0.0431555 0.0652817 0.0611801 0.220214
0.167293 0.351323 0.153498 0.0560575 9.9973E-05 0.0836594 9.9973E-05 9.9973E-05 0.0280816 0.159788
0.0131241 0.395802 0.186512 9.9964E-05 0.0731919 0.0344466 9.9964E-05 9.9964E-05 9.9964E-05 0.296524
0.015343 0.22476 0.133794 9.9982E-05 0.129973 9.9982E-05 0.0581001 0.0732297 0.0180737 0.346527
0.160578 0.260794 0.201468 9.9955E-05 9.9955E-05 9.9955E-05 9.9955E-05 9.9955E-05 0.0399656 0.336695
0.418592 0.0574425 9.9964E-05 9.9964E-05 0.408045 0.0044805 0.101541 9.9964E-05 9.9964E-05 0.00949933
0.362614 9.9946E-05 9.9946E-05 9.9946E-05 0.536096 9.9946E-05 9.9946E-05 0.00843327 0.0922566 9.9946E-05
0.278518 0.0116169 9.9946E-05 9.9946E-05 0.669243 9.9946E-05 9.9946E-05 9.9946E-05 0.0400233 9.9946E-05
0.324369 9.9946E-05 9.9946E-05 9.9946E-05 0.633798 9.9946E-05 0.0189086 9.9946E-05 0.0223243 9.9946E-05
0.0646211 9.9946E-05 9.9946E-05 0.0262529 0.773536 9.9946E-05 9.9946E-05 9.9946E-05 0.134991 9.9946E-05
0.66633 9.9946E-05 0.0502376 9.9946E-05 0.231433 9.9946E-05 9.9946E-05 9.9946E-05 0.0513996 9.9946E-05
0.860834 9.9955E-05 0.0796641 9.9955E-05 0.0137966 9.9955E-05 0.0323712 9.9955E-05 9.9955E-05 0.0128339
0.818899 0.00647144 9.9964E-05 9.9964E-05 0.0782665 9.9964E-05 9.9964E-05 0.0277794 0.0127984 0.0553852
0.502258 9.9964E-05 0.0112922 9.9964E-05 0.422659 0.0327549 9.9964E-05 0.0253975 0.00523852 9.9964E-05
0.564582 0.0674565 0.0711429 9.9955E-05 0.292207 9.9955E-05 9.9955E-05 0.00411103 9.9955E-05 9.9955E-05
0.60345 9.9964E-05 9.9964E-05 0.159714 9.9964E-05 0.057006 0.0781812 0.0702848 0.0309647 9.9964E-05
0.515847 9.9955E-05 9.9955E-05 0.224421 0.0996759 0.00623752 0.153319 9.9955E-05 9.9955E-05 9.9955E-05
0.516709 0.0641143 9.9964E-05 0.284347 9.9964E-05 9.9964E-05 0.0568061 0.0690849 0.00853906 9.9964E-05
0.463642 9.9946E-05 9.9946E-05 0.41703 9.9946E-05 9.9946E-05 0.0947492 0.0239793 9.9946E-05 9.9946E-05
0.056568 9.9991E-05 0.0391527 0.0776708 0.00148617 0.210811 0.00293221 0.0982423 0.0246649 0.488372
9.9982E-05 0.0325804 0.00271173 0.271015 0.0420026 0.092947 9.9982E-05 0.0245512 0.0402205 0.493772
9.9982E-05 0.000565226 9.9982E-05 0.251636 0.077282 0.197768 0.0550988 0.00655718 0.0300173 0.380875
9.9955E-05 9.9955E-05 9.9955E-05 0.616975 9.9955E-05 0.0798635 0.179033 0.0872427 9.9955E-05 0.0363863
0.0652989 9.9964E-05 9.9964E-05 0.0240711 9.9964E-05 0.120208 9.9964E-05 0.107168 0.0361988 0.646655
9.9955E-05 9.9955E-05 0.0962659 0.0914533 0.0441868 0.346008 9.9955E-05 9.9955E-05 9.9955E-05 0.421586
9.9946E-05 9.9946E-05 9.9946E-05 0.00560052 9.9946E-05 0.341878 0.0760939 9.9946E-05 9.9946E-05 0.575828
0.0157606 0.0104485 0.048406 0.042568 9.9982E-05 0.44584 0.0148204 0.101197 9.9982E-05 0.32076
9.9973E-05 9.9973E-05 9.9973E-05 0.164605 0.029297 0.290125 0.0452056 0.0201512 0.0525006 0.397816
9.9946E-05 0.027825 9.9946E-05 0.0980384 9.9946E-05 0.70901 9.9946E-05 0.164527 9.9946E-05 9.9946E-05
9.9964E-05 0.0823997 9.9964E-05 9.9964E-05 0.0599937 0.474991 9.9964E-05 0.144736 0.00428442 0.233195
9.9964E-05 9.9964E-05 0.118202 9.9964E-05 9.9964E-05 0.350258 0.00114498 0.095985 0.0594824 0.374528
0.0413847 9.9955E-05 9.9955E-05 0.226877 9.9955E-05 0.575247 0.0567353 9.9955E-05 9.9955E-05 0.0992565
0.110657 0.00854254 9.9955E-05 9.9955E-05 0.00999939 9.9955E-05 0.83465 9.9955E-05 9.9955E-05 0.0356513
0.0424291 0.0345661 0.00622806 9.9955E-05 9.9955E-05 9.9955E-05 0.856633 9.9955E-05 9.9955E-05 0.0596438
9.9928E-05 9.9928E-05 9.9928E-05 9.9928E-05 9.9928E-05 9.9928E-05 0.992365 0.0068353 9.9928E-05 9.9928E-05
0.0241821 9.9955E-05 9.9955E-05 9.9955E-05 0.0264731 9.9955E-05 0.853585 0.0806809 9.9955E-05 0.0145793
9.9964E-05 0.0324954 0.0218093 9.9964E-05 9.9964E-05 9.9964E-05 0.870212 0.0261012 0.0239653 0.0250174
9.9946E-05 9.9946E-05 0.0954255 9.9946E-05 0.000521566 9.9946E-05 0.851579 9.9946E-05 9.9946E-05 0.0518742
0.0299451 9.9955E-05 9.9955E-05 9.9955E-05 0.907903 0.0289336 9.9955E-05 0.0125781 0.0201405 9.9955E-05
9.99281E-05 9.99281E-05 9.99281E-05 9.99281E-05 0.941965 9.99281E-05 0.0572356 9.99281E-05 9.99281E-05 9.99281E-05
0.0600891 9.9955E-05 0.0701964 9.9955E-05 0.793021 9.9955E-05 0.017047 9.9955E-05 9.9955E-05 0.0591471
9.9946E-05 9.9946E-05 0.0297658 0.060262 0.898165 9.9946E-05 9.9946E-05 9.9946E-05 9.9946E-05 0.0112075
9.9955E-05 0.0669192 0.0173471 9.9955E-05 0.848673 9.9955E-05 0.0323396 9.9955E-05 9.9955E-05 0.0342216
0.274703 9.9964E-05 9.9964E-05 0.1034 0.0948291 0.0404427 0.483007 9.9964E-05 0.00321758 9.9964E-05
0.377183 0.0458217 9.9964E-05 9.9964E-05 0.0595143 0.0610417 0.386498 0.0695424 9.9964E-05 9.9964E-05
0.436708 9.9973E-05 9.9973E-05 0.0338097 0.000428618 0.0297313 0.416196 0.0805159 0.00231026 9.9973E-05
9.99201E-05 9.99201E-05 9.99201E-05 9.99201E-05 9.99201E-05 9.99201E-05 9.99201E-05 9.99201E-05 0.999101 9.99201E-05
0.355622 9.9946E-05 9.9946E-05 9.9946E-05 9.9946E-05 0.154344 0.453552 9.9946E-05 0.0358824 9.9946E-05
0.0407302 0.178259 0.323008 0.0226011 0.120819 9.9973E-05 0.0169582 9.9973E-05 9.9973E-05 0.297324
0.0729811 9.9958E-05 0.230556 9.9958E-05 0.135934 9.9958E-05 9.9958E-05 9.9958E-05 0.0228775 0.537152
0.180793 0.17311 0.231755 0.049384 9.9955E-05 9.9955E-05 9.9955E-05 9.9955E-05 9.9955E-05 0.364457
0.264827 0.306381 0.318539 9.9946E-05 0.109653 9.9946E-05 9.9946E-05 9.9946E-05 9.9946E-05 9.9946E-05
9.9973E-05 0.0500396 0.00919823 0.268854 9.9973E-05 0.0441562 0.12323 0.0677231 9.9973E-05 0.436499
0.027627 0.0962967 0.0365155 0.215248 9.9982E-05 0.159972 0.0472589 0.107603 9.9982E-05 0.309278
0.0538244 9.9964E-05 9.9964E-05 0.681112 0.0200005 9.9964E-05 0.0335987 9.9964E-05 0.0299133 0.181152
0.0633137 9.9964E-05 9.9964E-05 0.195689 9.9964E-05 0.122266 0.0281296 0.203525 9.9964E-05 0.386678
9.9946E-05 0.330576 9.9946E-05 0.257913 9.9946E-05 0.141899 9.9946E-05 0.269013 9.9946E-05 9.9946E-05
0.0158396 0.0316338 0.0495338 0.35564 9.9982E-05 9.9982E-05 0.0184023 0.124334 0.0357454 0.368671
0.0229795 9.9973E-05 9.9973E-05 0.584482 9.9973E-05 0.0557726 0.0351387 0.0195611 0.0135133 0.268252
9.9955E-05 0.224383 9.9955E-05 0.545117 9.9955E-05 0.077902 9.9955E-05 0.0996564 9.9955E-05 0.0524424
9.9982E-05 0.0882006 0.113297 0.126248 9.9982E-05 0.0625596 0.10417 0.173515 0.0411279 0.290682
9.9973E-05 0.00867123 0.0651569 0.225458 9.9973E-05 9.9973E-05 0.189601 0.0116343 0.0329905 0.466188
0.138977 0.0027598 0.166158 0.204854 0.00852299 0.148756 9.9973E-05 9.9973E-05 9.9973E-05 0.329672
9.9964E-05 0.0900662 0.0276731 0.327369 9.9964E-05 9.9964E-05 0.0873884 0.172937 9.9964E-05 0.294167
9.9991E-05 0.0622855 0.0211057 0.204183 0.0316535 0.0478621 0.0710278 0.183167 0.00512818 0.373487
9.9973E-05 0.00777787 0.0650762 0.115213 9.9973E-05 0.106363 0.0241076 0.190595 9.9973E-05 0.490567
9.9973E-05 0.0788231 0.0158273 0.0806304 9.9973E-05 0.110051 0.0765168 0.09057 9.9973E-05 0.547281
9.9982E-05 9.9982E-05 0.0961318 0.065697 0.0546262 0.0482054 0.0724103 0.123484 0.00726467 0.531981
0.755452 9.9937E-05 0.0364104 9.9937E-05 9.9937E-05 9.9937E-05 9.9937E-05 9.9937E-05 9.9937E-05 0.207438
0.852342 9.9937E-05 9.9937E-05 9.9937E-05 9.9937E-05 9.9937E-05 9.9937E-05 9.9937E-05 0.00687222 0.140086
0.497094 0.0358972 9.9982E-05 0.0125882 0.362939 0.0288235 0.00444949 0.0544124 9.9982E-05 0.00359633
0.797341 9.9955E-05 0.0367534 9.9955E-05 9.9955E-05 0.063816 0.0301449 9.9955E-05 9.9955E-05 0.0714446
0.740066 9.9955E-05 0.00322239 9.9955E-05 0.0603033 9.9955E-05 9.9955E-05 9.9955E-05 0.0322149 0.163694
9.9964E-05 0.000240734 9.9964E-05 0.67672 0.0484503 9.9964E-05 0.0856885 9.9964E-05 0.0124595 0.176041
0.00684508 0.0560567 0.030896 0.145561 9.9973E-05 9.9973E-05 0.0302975 9.9973E-05 0.065946 0.664097
0.0453644 9.9973E-05 9.9973E-05 0.222493 0.0495287 0.0522035 0.0758602 9.9973E-05 0.0310359 0.523214
9.9973E-05 0.188229 0.0445532 0.300275 9.9973E-05 9.9973E-05 0.103489 0.11236 0.0249464 0.225848
0.0986198 0.0751848 9.9955E-05 0.634999 9.9955E-05 9.9955E-05 0.162503 9.9955E-05 0.0281932 9.9955E-05
9.9964E-05 9.9964E-05 9.9964E-05 0.215915 9.9964E-05 0.0241397 0.134633 0.0392588 0.0439536 0.541701
0.0120838 9.9973E-05 0.0225441 0.49639 0.0712821 9.9973E-05 0.133918 0.0788877 9.9973E-05 0.184594
9.9982E-05 0.176743 0.0588731 0.132148 0.0737396 0.154487 0.0639336 0.0475732 9.9982E-05 0.292303
0.00272087 0.0419996 9.9982E-05 0.504432 0.12336 9.9982E-05 0.100857 0.154435 0.0210189 0.0509769
0.065175 9.9982E-05 0.0355701 0.638147 0.0464205 0.0144225 0.0688881 0.0118902 9.9982E-05 0.119287
0.0452194 0.0110441 0.0638876 0.308767 9.9982E-05 9.9982E-05 0.0874157 0.170124 0.00141966 0.311922
9.99794E-05 0.41452 0.0156326 9.99794E-05 9.99794E-05 0.125377 0.0582775 0.11138 0.00929537 0.265217
0.0832322 0.293496 9.9973E-05 0.0427371 9.9973E-05 0.0313241 0.00244796 9.9973E-05 0.0161237 0.530339
9.9964E-05 0.387984 9.9964E-05 0.0231626 9.9964E-05 0.0731835 0.0445083 0.0882944 9.9964E-05 0.382467
0.011318 0.184581 9.9973E-05 9.9973E-05 9.9973E-05 0.0649063 0.0564455 0.065933 0.0276452 0.588871
9.9964E-05 0.480082 9.9964E-05 0.0299879 9.9964E-05 0.127948 0.0895049 0.167735 9.9964E-05 0.104342
9.9955E-05 0.50362 9.9955E-05 9.9955E-05 9.9955E-05 0.0777909 0.0570619 0.0939171 9.9955E-05 0.267111
0.0303047 0.221511 9.9964E-05 9.9964E-05 9.9964E-05 9.9964E-05 0.0904033 0.164108 0.0193726 0.473901
9.99639E-05 0.372668 9.99639E-05 0.0604399 9.99639E-05 0.216197 0.0394772 0.161592 9.99639E-05 0.149226
9.9946E-05 0.268287 9.9946E-05 0.164853 9.9946E-05 9.9946E-05 0.0560684 9.9946E-05 9.9946E-05 0.510192
9.9964E-05 0.0614168 0.0668407 0.505615 9.9964E-05 0.173658 0.172413 9.9964E-05 9.9964E-05 0.0196574
9.9973E-05 0.115957 0.0320408 0.251476 9.9973E-05 0.135098 0.111358 0.161804 9.9973E-05 0.191966
9.9964E-05 9.9964E-05 0.0706806 0.433597 9.9964E-05 0.142174 0.0874639 9.9964E-05 0.0438212 0.221864
9.9973E-05 9.9973E-05 0.0578492 0.163343 0.0535745 0.0183309 0.0777027 0.00231346 9.9973E-05 0.626586
9.9955E-05 0.0431451 9.9955E-05 0.409175 9.9955E-05 0.151093 0.19921 9.9955E-05 9.9955E-05 0.196877
0.0465092 0.0481114 0.057612 0.128991 9.9982E-05 0.141002 0.0286327 9.9982E-05 0.0524295 0.496512
9.9973E-05 9.9973E-05 0.0494459 0.182392 0.0484767 0.152934 0.187696 9.9973E-05 0.00461787 0.374137
9.9955E-05 9.9955E-05 0.109948 0.463833 9.9955E-05 0.0892694 0.192927 9.9955E-05 9.9955E-05 0.143522
9.9973E-05 9.9973E-05 0.195457 0.277269 9.9973E-05 0.0645942 0.177772 0.0631779 0.0214015 0.200029
9.9973E-05 0.0913309 9.9973E-05 0.213229 0.00549315 0.0728588 0.024123 0.00979649 9.9973E-05 0.582869
9.9982E-05 0.188864 0.0279867 0.093711 9.9982E-05 0.0338725 0.15289 0.0519578 0.0114156 0.439102
9.9955E-05 9.9955E-05 0.0749223 0.163969 9.9955E-05 9.9955E-05 0.131589 0.102262 9.9955E-05 0.526758
9.9991E-05 0.125779 0.0817684 0.23436 0.0602833 0.00492588 0.163184 0.0165838 0.0276782 0.285338
9.9964E-05 9.9964E-05 0.0778511 0.19735 0.0445795 9.9964E-05 0.130655 0.0885493 9.9964E-05 0.460616
0.305725 0.00533591 0.0681439 0.0347036 0.0412218 0.0291025 9.9982E-05 9.9982E-05 0.04273 0.472837
0.053216 0.0397335 0.243904 0.0129744 0.0412061 0.086475 9.9991E-05 0.0402345 0.0978249 0.384332
9.9982E-05 0.0609766 0.114179 0.148921 0.0199249 9.9982E-05 0.00427066 0.101253 0.043382 0.506893
0.104433 0.0359486 0.254584 0.0801487 9.9973E-05 0.0702753 9.9973E-05 9.9973E-05 0.0622993 0.39201
9.9973E-05 0.146424 0.0312765 0.157913 9.9973E-05 9.9973E-05 0.0196485 0.124175 0.00306122 0.517202
0.0211283 0.444676 0.126712 0.109888 0.155849 0.137594 9.9973E-05 9.9973E-05 9.9973E-05 0.00385209
0.0595551 0.0555406 0.118732 0.135817 0.0796902 9.9982E-05 9.9982E-05 0.00437308 0.00494601 0.541146
0.0773706 9.9982E-05 0.218672 0.0948776 9.9982E-05 0.0673002 0.0818343 0.0947892 0.0224609 0.342495
0.11103 0.23413 0.142603 0.073689 9.9982E-05 0.0342119 9.9982E-05 0.0580954 0.0803493 0.265691
0.00828493 0.0930157 0.181333 0.085575 0.101459 9.9982E-05 0.0446797 9.9982E-05 0.0236496 0.461803
0.305109 0.43771 0.199584 9.9955E-05 0.0140459 9.9955E-05 9.9955E-05 9.9955E-05 0.0430518 9.9955E-05
9.9982E-05 0.0909155 0.183747 9.9982E-05 0.163145 0.0473422 0.00644362 0.00447801 0.0285829 0.475146
0.209756 9.9982E-05 0.150501 0.0577128 0.0119837 0.0478762 0.037692 0.0558393 9.9982E-05 0.428438
0.0434147 9.9964E-05 0.0996044 9.9964E-05 9.9964E-05 9.9964E-05 0.016885 0.414099 0.020098 0.405499
9.9946E-05 0.0326755 9.9946E-05 0.147769 9.9946E-05 0.0542788 9.9946E-05 0.764677 9.9946E-05 9.9946E-05
0.0141397 9.99549E-05 9.99549E-05 0.0109399 9.99549E-05 0.114536 0.0559132 0.803971 9.99549E-05 9.99549E-05
0.10853 0.0411936 0.255871 9.9973E-05 9.9973E-05 0.00875266 0.0483992 0.0983281 9.9973E-05 0.438626
0.0299254 0.102626 0.362978 9.9964E-05 0.0560624 9.9964E-05 9.9964E-05 0.217609 9.9964E-05 0.2304
0.0990073 0.149302 0.262915 9.9973E-05 0.0605985 9.9973E-05 9.9973E-05 0.211998 0.0431329 0.172746
0.10396 9.9973E-05 0.282362 0.0216815 0.0081961 9.9973E-05 9.9973E-05 0.23246 0.0788822 0.272158
0.0762032 0.140269 0.127085 9.9955E-05 9.9955E-05 9.9955E-05 9.9955E-05 0.655125 0.000817583 9.9955E-05
0.0448648 9.9964E-05 0.103531 9.9964E-05 0.0786716 9.9964E-05 9.9964E-05 0.686003 0.073067 0.0134624
0.0185884 9.9973E-05 0.165518 9.9973E-05 9.9973E-05 0.00758923 0.0362954 0.307449 0.00390529 0.460356
9.9946E-05 9.9946E-05 0.125723 9.9946E-05 0.077168 9.9946E-05 9.9946E-05 0.404825 9.9946E-05 0.391684
9.9955E-05 9.9955E-05 0.134322 9.9955E-05 0.064235 9.9955E-05 9.9955E-05 0.741478 0.0161324 0.0433337
0.0787105 9.9964E-05 0.156621 9.9964E-05 0.0343444 9.9964E-05 9.9964E-05 0.319394 0.00541321 0.405117
0.078391 9.9955E-05 0.102148 9.9955E-05 9.9955E-05 9.9955E-05 0.0117118 0.389554 9.9955E-05 0.417695
0.00305016 0.0116471 9.9964E-05 0.091714 9.9964E-05 9.9964E-05 0.0638896 0.544974 9.9964E-05 0.284326
0.0242287 9.9964E-05 9.9964E-05 0.122996 9.9964E-05 0.000422136 9.9964E-05 0.469254 0.057731 0.324969
9.9982E-05 0.066594 0.0630524 0.0100081 0.0657994 9.9982E-05 0.0792191 0.37199 0.0150553 0.328082
9.9955E-05 0.0722711 9.9955E-05 0.0625638 0.0262909 9.9955E-05 9.9955E-05 0.410697 9.9955E-05 0.427677
0.0163126 9.9964E-05 9.9964E-05 9.9964E-05 0.00508937 0.0299115 0.112509 0.714832 9.9964E-05 0.120946
9.9955E-05 9.9955E-05 0.053058 9.9955E-05 0.0384936 0.13803 9.9955E-05 0.288093 9.9955E-05 0.481826
9.9964E-05 0.0139451 0.00182265 0.0597689 9.9964E-05 0.0663046 9.9964E-05 0.670851 9.9964E-05 0.186908
0.014892 0.002239 0.00966023 9.9973E-05 9.9973E-05 9.9973E-05 0.0963063 0.545551 0.043805 0.287246
0.16363 0.186291 0.231255 9.9964E-05 9.9964E-05 9.9964E-05 9.9964E-05 0.00222936 0.012749 0.403445
0.138505 0.0985532 0.234965 0.125914 9.9991E-05 0.0597573 0.0103892 0.00540537 0.0222914 0.30412
0.195019 0.0720382 0.102251 9.9955E-05 9.9955E-05 9.9955E-05 9.9955E-05 0.59078 0.0394116 9.9955E-05
9.9964E-05 0.0115016 0.194062 9.9964E-05 0.0458704 9.9964E-05 0.04812 0.107634 9.9964E-05 0.592413
0.34266 0.240285 0.0949127 9.9955E-05 9.9955E-05 9.9955E-05 9.9955E-05 0.297754 0.0238892 9.9955E-05
0.0459583 9.9955E-05 0.198919 9.9955E-05 0.0428354 9.9955E-05 9.9955E-05 0.272073 9.9955E-05 0.439714
9.9928E-05 9.9928E-05 9.9928E-05 9.9928E-05 9.9928E-05 0.0700723 9.9928E-05 0.929128 9.9928E-05 9.9928E-05
9.9946E-05 0.0197424 9.9946E-05 9.9946E-05 9.9946E-05 0.0303399 9.9946E-05 0.944381 0.0049366 9.9946E-05
9.9928E-05 9.9928E-05 9.9928E-05 9.9928E-05 9.9928E-05 9.9928E-05 9.9928E-05 0.521166 9.9928E-05 0.478034
0.021225 9.9955E-05 0.0204718 9.9955E-05 9.9955E-05 9.9955E-05 9.9955E-05 0.345637 0.0172907 0.594876
9.9928E-05 9.9928E-05 9.9928E-05 9.9928E-05 9.9928E-05 9.9928E-05 9.9928E-05 0.636723 9.9928E-05 0.362477
0.0146824 9.9955E-05 0.0775578 9.9955E-05 0.0106903 9.9955E-05 9.9955E-05 0.448563 9.9955E-05 0.448007
0.0272984 9.9955E-05 9.9955E-05 0.0142959 9.9955E-05 0.00523556 9.9955E-05 0.43628 9.9955E-05 0.51639
0.652849 9.9973E-05 0.056526 0.0180381 0.0841135 9.9973E-05 9.9973E-05 0.0896131 0.0505416 0.0480191
0.573586 9.9982E-05 0.142316 0.00527602 0.128573 9.9982E-05 0.0338383 0.0616937 0.0354175 0.0190998
0.610734 9.9955E-05 0.057756 9.9955E-05 0.240504 9.9955E-05 0.0393391 9.9955E-05 0.0511669 9.9955E-05
0.687937 9.9955E-05 0.0111608 9.9955E-05 0.208226 9.9955E-05 9.9955E-05 9.9955E-05 0.0799196 0.0122568
9.9973E-05 9.9973E-05 0.00269304 0.028992 0.0931643 0.287069 0.0419187 9.9973E-05 0.0501824 0.495681
9.9964E-05 0.00167265 9.9964E-05 0.0414338 9.9964E-05 0.320681 9.9964E-05 0.0346761 0.0839306 0.517206
9.9973E-05 9.9973E-05 0.0115307 0.145384 0.0354485 0.354007 0.061317 0.0728103 9.9973E-05 0.319202
0.00160741 9.9955E-05 0.132912 9.9955E-05 9.9955E-05 0.313823 9.9955E-05 0.036878 9.9955E-05 0.51428
9.99596E-05 0.0641858 9.99596E-05 9.99596E-05 9.99596E-05 0.448086 9.99596E-05 0.11651 0.0243962 0.346322
0.192249 0.0359647 0.150518 9.9973E-05 0.120192 0.0609244 9.9973E-05 9.9973E-05 0.0211112 0.41874
9.9991E-05 0.0494112 0.0587526 0.045232 0.0204911 0.354081 0.00885606 0.0901297 0.00515051 0.367796
0.0057856 0.0140619 9.9973E-05 0.00508246 9.9973E-05 0.426085 0.0861338 9.9973E-05 0.016885 0.445667
9.9982E-05 9.9982E-05 0.00265975 0.00599413 0.0232727 0.248039 0.0833931 0.121491 0.00912784 0.505823
0.0659263 9.9955E-05 9.9955E-05 0.139624 9.9955E-05 0.314229 9.9955E-05 0.058117 9.9955E-05 0.421604
0.0085929 0.00217268 0.0664761 9.9973E-05 0.0172088 0.36068 9.9973E-05 0.0130507 9.9973E-05 0.531518
9.9946E-05 9.9946E-05 9.9946E-05 9.9946E-05 9.9946E-05 0.874735 9.9946E-05 0.0713641 0.0223921 0.0309088
9.9982E-05 0.0630124 9.9982E-05 0.0182451 0.023877 0.488015 0.0283247 0.0103632 0.00761084 0.360352
9.9955E-05 9.9955E-05 9.9955E-05 9.9955E-05 0.0150466 0.606393 0.0531061 9.9955E-05 0.000147615 0.324807
9.9937E-05 0.116438 9.9937E-05 9.9937E-05 9.9937E-05 0.823399 9.9937E-05 0.0594639 9.9937E-05 9.9937E-05
0.0190974 0.00336333 9.9982E-05 0.128869 9.9982E-05 0.259328 0.00746466 0.119603 0.00121197 0.460863
9.9973E-05 0.265121 0.00202152 0.0430164 9.9973E-05 0.560473 9.9973E-05 0.0254383 0.014806 0.0888235
9.9946E-05 0.112983 9.9946E-05 9.9946E-05 0.0168946 0.821519 9.9946E-05 0.0480028 9.9946E-05 9.9946E-05
9.9955E-05 9.9955E-05 9.9955E-05 9.9955E-05 0.0320765 0.320261 9.9955E-05 0.0250294 0.0658471 0.556286
9.9964E-05 9.9964E-05 9.9964E-05 0.121223 0.0436349 0.569669 0.00540341 9.9964E-05 0.0264972 0.233173
0.00177262 0.0324842 0.0703639 0.0730549 0.0280355 0.28573 0.0344372 9.9991E-05 0.00717283 0.466849
9.9973E-05 0.00294184 9.9973E-05 0.0398526 0.0139331 0.31141 0.0879383 9.9973E-05 0.0108422 0.532782
9.9982E-05 0.197615 0.103866 0.291769 9.9982E-05 0.0512416 0.086679 0.0565213 0.0050138 0.207095
0.0260994 9.9955E-05 9.9955E-05 9.9955E-05 9.9955E-05 0.404131 9.9955E-05 0.0370101 0.00903428 0.523226
9.9973E-05 9.9973E-05 0.0407157 0.155704 0.0619804 0.238254 0.0350551 9.9973E-05 0.0152234 0.452768
9.9955E-05 9.9955E-05 9.9955E-05 9.9955E-05 9.9955E-05 0.623318 0.0442238 0.0070832 0.057053 0.267822
0.648215 0.000595429 9.9964E-05 0.103784 0.0231996 9.9964E-05 0.204554 9.9964E-05 0.0192513 9.9964E-05
0.591601 9.9973E-05 9.9973E-05 0.0738458 0.143703 0.0510875 0.048654 9.9973E-05 0.0420589 0.0487494
0.745323 0.0035742 9.9964E-05 0.0552952 9.9964E-05 0.0207817 0.0641113 9.9964E-05 0.110515 9.9964E-05
0.673879 0.0280196 9.9973E-05 0.00692534 0.0891399 0.000140205 0.116672 9.9973E-05 0.0849231 9.9973E-05
0.366133 9.9973E-05 9.9973E-05 0.107059 0.338021 0.0144835 0.128594 9.9973E-05 0.0271466 0.018263
0.0620564 9.9946E-05 9.9946E-05 0.219735 9.9946E-05 0.600545 9.9946E-05 9.9946E-05 9.9946E-05 0.117063
0.0503711 9.9964E-05 9.9964E-05 0.130856 9.9964E-05 0.622643 0.0516139 9.9964E-05 0.0257528 0.118364
9.9946E-05 0.00315883 9.9946E-05 9.9946E-05 9.9946E-05 0.739934 9.9946E-05 0.0735286 9.9946E-05 0.182779
0.0329046 0.0681619 0.0341256 9.9955E-05 9.9955E-05 0.534271 9.9955E-05 9.9955E-05 9.9955E-05 0.330037
9.9973E-05 9.9973E-05 0.0707539 9.9973E-05 0.0168999 0.142745 0.00714095 0.127655 0.024488 0.610017
0.0815266 0.0462822 0.0145513 9.9955E-05 9.9955E-05 0.457828 9.9955E-05 9.9955E-05 9.9955E-05 0.399312
0.0389839 0.0272354 0.00909931 0.0519859 9.9982E-05 0.258987 0.0554594 9.9982E-05 0.00325833 0.554791
9.9955E-05 9.9955E-05 9.9955E-05 0.189126 9.9955E-05 0.494575 0.00989147 0.00868572 9.9955E-05 0.297222
0.0360401 9.9982E-05 9.9982E-05 0.0491463 0.00748902 0.457472 0.0052143 0.0206981 0.0240909 0.39965
9.9946E-05 9.9946E-05 9.9946E-05 0.182727 9.9946E-05 0.413703 0.0741652 9.9946E-05 9.9946E-05 0.328805
0.101212 0.184814 9.9964E-05 0.0223292 9.9964E-05 9.9964E-05 0.0304362 9.9964E-05 0.00289732 0.657911
0.0246417 9.9955E-05 9.9955E-05 0.111396 9.9955E-05 0.418894 9.9955E-05 9.9955E-05 0.0175399 0.427028
9.9964E-05 9.9964E-05 9.9964E-05 0.0695444 0.0771562 0.376923 9.9964E-05 0.0240029 0.0326536 0.41932
0.029589 0.0545832 0.437073 9.9964E-05 0.0482617 9.9964E-05 9.9964E-05 9.9964E-05 0.0112752 0.418818
0.0807498 0.104561 0.341987 9.9973E-05 0.0704268 9.9973E-05 9.9973E-05 0.025962 0.0233597 0.352653
0.039428 0.134898 0.0412338 0.0319047 9.9964E-05 0.284405 9.9964E-05 9.9964E-05 9.9964E-05 0.467731
0.220184 0.010155 0.598762 9.9964E-05 9.9964E-05 9.9964E-05 9.9964E-05 0.0239013 0.0370795 0.109518
0.166882 9.9964E-05 0.449193 9.9964E-05 0.0246721 9.9964E-05 9.9964E-05 0.0161126 0.0246241 0.318117
0.0341212 0.167928 0.106061 9.9991E-05 0.108075 0.016224 0.109076 0.0553328 0.00516044 0.397921
0.0592452 0.260803 9.9964E-05 0.0549319 0.0568159 9.9964E-05 9.9964E-05 9.9964E-05 0.00396205 0.563842
0.135033 0.195621 0.0262643 0.0864059 9.9982E-05 9.9982E-05 0.0227196 0.0819105 0.00572827 0.446118
0.189655 0.0142838 0.438532 9.9964E-05 9.9964E-05 9.9964E-05 9.9964E-05 0.0510979 0.00703515 0.298996
0.0684796 0.0125732 0.434146 9.9964E-05 0.0232326 9.9964E-05 9.9964E-05 9.9964E-05 0.0115226 0.449646
0.145596 0.0730711 0.450188 9.9946E-05 9.9946E-05 9.9946E-05 9.9946E-05 9.9946E-05 9.9946E-05 0.330545
0.0846265 0.0558274 0.416372 0.0101594 0.059668 9.9973E-05 9.9973E-05 0.0520525 9.9973E-05 0.320994
0.0462487 0.295695 0.0651904 9.9973E-05 9.9973E-05 0.0393848 0.0251706 0.0204164 9.9973E-05 0.507594
0.229201 0.0280488 0.542609 9.9955E-05 9.9955E-05 0.0170128 9.9955E-05 9.9955E-05 9.9955E-05 0.182629
0.0631659 0.256608 9.9964E-05 0.232533 0.0104678 9.9964E-05 0.1611 9.9964E-05 9.9964E-05 0.275726
9.9973E-05 0.176802 0.0775266 0.0441698 0.0445176 9.9973E-05 0.0134186 0.0833414 9.9973E-05 0.559924
0.0340211 0.124995 9.9973E-05 0.0528989 0.0566969 9.9973E-05 0.0648747 9.9973E-05 0.0476792 0.618534
0.138834 0.23085 9.9964E-05 0.0789801 9.9964E-05 9.9964E-05 9.9964E-05 0.0327787 0.00674592 0.511411
0.120409 0.109363 0.229989 0.111713 9.9982E-05 0.105543 0.0826358 9.9982E-05 0.0176987 0.222449
0.193558 0.0145525 0.318047 0.083973 9.9982E-05 0.0656488 9.9982E-05 0.00753793 0.0350953 0.281387
0.139683 0.0135401 0.491161 9.9973E-05 0.118827 9.9973E-05 9.9973E-05 0.0412141 0.0212647 0.17401
0.0630898 0.186377 9.9964E-05 0.111177 9.9964E-05 9.9964E-05 0.00977825 9.9964E-05 0.0533755 0.575803
9.9964E-05 0.555939 9.9964E-05 9.9964E-05 0.0523118 9.9964E-05 0.0494114 0.0395913 0.0452727 0.257074
0.185707 0.112308 0.0260488 0.110023 9.9982E-05 0.0482093 0.00928353 0.0956573 9.9982E-05 0.412564
0.0832218 0.17418 0.128892 0.0471013 0.0478844 9.9973E-05 9.9973E-05 9.9973E-05 0.0592079 0.459213
0.00319958 0.616266 0.169172 9.9964E-05 0.198337 0.00225289 0.0103727 9.9964E-05 9.9964E-05 9.9964E-05
9.99459E-05 0.696821 0.0788844 9.99459E-05 0.154878 9.99459E-05 9.99459E-05 9.99459E-05 0.0688169 9.99459E-05
0.0143481 0.321185 0.0759721 0.029322 0.123185 9.9991E-05 0.0460699 0.0377402 0.00731588 0.344762
9.9973E-05 0.403407 0.158471 0.0601893 0.28077 0.0251751 9.9973E-05 0.024135 0.0475514 9.9973E-05
0.11934 0.452127 0.169949 9.9955E-05 0.237227 9.9955E-05 9.9955E-05 9.9955E-05 0.0208576 9.9955E-05
0.0204077 0.215247 0.0473275 9.9982E-05 0.0514228 0.00137347 9.9982E-05 0.150354 0.102745 0.410923
9.9973E-05 0.184229 0.15972 0.0845414 0.189164 0.0851786 9.9973E-05 9.9973E-05 0.0220422 0.274824
0.0656975 0.334162 0.162633 0.0026978 0.165929 0.0294608 9.9973E-05 9.9973E-05 9.9973E-05 0.23912
9.9964E-05 0.474119 0.0902529 0.0165971 0.210978 9.9964E-05 9.9964E-05 9.9964E-05 0.0767967 0.130857
0.0327083 0.178246 0.0752008 0.0378265 0.0728818 9.9973E-05 9.9973E-05 0.0505131 9.9973E-05 0.552323
0.00495179 0.481636 0.107581 0.00916493 0.121821 0.049983 9.9991E-05 0.00861803 0.0199899 0.196154
9.9946E-05 0.59535 0.0342834 9.9946E-05 0.327968 9.9946E-05 9.9946E-05 9.9946E-05 0.041799 9.9946E-05
0.0544239 0.162296 0.201214 0.0872614 0.114022 9.9982E-05 0.0166925 9.9982E-05 0.0226587 0.341231
