0.0376059 9.9955E-05 9.9955E-05 9.9955E-05 9.9955E-05 0.271121 0.60212 0.0576659 9.9955E-05 0.0309868
9.9955E-05 9.9955E-05 9.9955E-05 9.9955E-05 0.0265571 0.486424 0.431483 0.0309209 0.0241152 9.9955E-05
0.0780521 9.9964E-05 0.0339763 9.9964E-05 9.9964E-05 0.333175 0.50943 0.0340905 9.9964E-05 0.0108769
0.0265827 0.0457017 0.0282305 9.9982E-05 0.00520889 0.251151 0.574227 0.0434705 9.9982E-05 0.0252274
0.0294067 9.9955E-05 9.9955E-05 9.9955E-05 0.0089416 0.348593 0.592754 9.9955E-05 9.9955E-05 0.0198051
0.0277114 0.0723143 0.0211405 0.0153137 0.0307083 9.9982E-05 0.685448 9.9982E-05 0.114727 0.0324365
9.9946E-05 9.9946E-05 9.9946E-05 0.0603042 9.9946E-05 9.9946E-05 0.873081 0.0520143 0.0140007 9.9946E-05
9.9955E-05 9.9955E-05 9.9955E-05 0.0765064 0.0108695 9.9955E-05 0.791371 9.9955E-05 0.0616569 0.0590962
9.99729E-05 9.99729E-05 0.00641231 0.0514317 9.99729E-05 0.43371 0.399941 0.016738 0.0156118 0.0758554
0.0179553 0.0640509 9.9973E-05 0.0662307 0.0301676 9.9973E-05 0.724034 0.0532845 9.9973E-05 0.0439773
0.0509911 9.9964E-05 0.0323338 0.104497 9.9964E-05 0.0502377 0.686708 9.9964E-05 9.9964E-05 0.0748322
0.148865 0.0477755 0.762445 9.9955E-05 9.9955E-05 9.9955E-05 0.0242925 9.9955E-05 0.0161226 9.9955E-05
0.441828 0.035888 0.351296 9.9973E-05 0.0222333 9.9973E-05 9.9973E-05 0.0685016 0.0345519 0.0454006
0.181345 9.9964E-05 0.615971 0.0319797 0.0839842 9.9964E-05 0.0777922 0.00852769 9.9964E-05 9.9964E-05
0.165885 0.154435 0.59805 9.9964E-05 9.9964E-05 0.00160394 0.0600841 0.0195415 9.9964E-05 9.9964E-05
0.34076 0.114858 0.278487 0.0720636 0.0290725 0.103549 0.00214317 0.0201149 0.0323468 0.00660464
0.354224 0.0531334 0.335007 0.0972037 0.0102553 9.9973E-05 9.9973E-05 0.0654573 0.08442 9.9973E-05
0.236964 0.0619238 0.545341 9.9973E-05 0.00613714 0.0140478 0.123316 0.0119708 9.9973E-05 9.9973E-05
9.9955E-05 9.9955E-05 0.806252 0.0777915 0.0244702 9.9955E-05 0.059609 9.9955E-05 9.9955E-05 0.0313773
0.459088 0.0509387 0.245598 0.0155006 0.0803099 0.0779449 9.9982E-05 0.0130799 9.9982E-05 0.0573399
0.462844 9.9964E-05 0.2631 0.142347 9.9964E-05 9.9964E-05 0.0778931 0.0139154 0.0395002 9.9964E-05
0.506471 9.9946E-05 0.320239 9.9946E-05 0.0860685 0.0866213 9.9946E-05 9.9946E-05 9.9946E-05 9.9946E-05
0.210055 0.102565 0.593581 0.0517924 0.001032 9.9973E-05 0.0190675 9.9973E-05 0.0216072 9.9973E-05
0.407456 0.118959 0.421394 0.0169512 9.9955E-05 9.9955E-05 9.9955E-05 0.0347403 9.9955E-05 9.9955E-05
0.0494237 0.126278 0.820425 9.9955E-05 9.9955E-05 0.00136057 0.00201253 9.9955E-05 9.9955E-05 9.9955E-05
0.0326929 0.210353 0.718256 0.00879671 9.9955E-05 9.9955E-05 0.0294012 9.9955E-05 9.9955E-05 9.9955E-05
0.0964782 0.06535 0.781411 0.0549702 9.9955E-05 0.00129035 9.9955E-05 9.9955E-05 9.9955E-05 9.9955E-05
9.99201E-05 9.99201E-05 9.99201E-05 9.99201E-05 9.99201E-05 9.99201E-05 9.99201E-05 0.999101 9.99201E-05 9.99201E-05
9.99201E-05 9.99201E-05 9.99201E-05 9.99201E-05 9.99201E-05 9.99201E-05 9.99201E-05 0.999101 9.99201E-05 9.99201E-05
0.0620201 0.0424833 0.0061071 9.9973E-05 9.9973E-05 0.206214 0.281165 0.376618 0.0250928 9.9973E-05
0.0445885 0.0837656 9.9973E-05 9.9973E-05 9.9973E-05 0.327454 0.175314 0.285545 0.0804408 0.00259132
0.555385 9.9964E-05 0.18539 9.9964E-05 9.9964E-05 0.0481169 9.9964E-05 0.0254045 0.138697 0.0466077
0.484742 0.0586367 9.9964E-05 9.9964E-05 0.0996225 9.9964E-05 0.0181535 0.0253491 0.313096 9.9964E-05
0.0947662 9.9955E-05 0.662657 9.9955E-05 9.9955E-05 9.9955E-05 0.104329 0.0143785 9.9955E-05 0.12337
0.297101 0.00722879 0.0561179 0.020595 0.0247653 0.0375526 0.000532656 0.0475451 0.506967 0.00159493
0.700997 9.9946E-05 9.9946E-05 9.9946E-05 9.9946E-05 9.9946E-05 0.0709182 9.9946E-05 0.200281 0.0272041
0.650416 9.9964E-05 9.9964E-05 0.095478 0.0754415 0.0749878 0.0350413 9.9964E-05 9.9964E-05 0.0682353
0.635704 9.9982E-05 9.9982E-05 0.0920403 0.00885815 0.0135173 0.0393953 0.0313004 0.092219 0.0867653
0.096295 9.9964E-05 0.297423 9.9964E-05 9.9964E-05 0.00604688 0.0171401 0.0359988 0.546696 9.9964E-05
0.629422 0.00474083 0.0354031 0.21196 9.9964E-05 9.9964E-05 0.0893368 9.9964E-05 0.0287373 9.9964E-05
0.27223 0.00626816 9.9973E-05 0.0285232 0.0899221 9.9973E-05 9.9973E-05 0.00847593 0.57582 0.0184605
9.9937E-05 9.9937E-05 9.9937E-05 0.275856 9.9937E-05 9.9937E-05 0.013664 9.9937E-05 0.70978 9.9937E-05
0.11756 9.9964E-05 0.528612 0.0631038 0.100665 9.9964E-05 9.9964E-05 9.9964E-05 0.0790344 0.110625
0.0429742 0.0385471 0.317832 0.276057 0.11125 9.9973E-05 0.0265492 9.9973E-05 0.186491 9.9973E-05
0.187568 9.9973E-05 0.368551 9.9973E-05 0.0775646 9.9973E-05 0.12113 0.00177967 0.129056 0.114051
0.573309 9.9973E-05 0.237354 0.0264251 0.00231546 9.9973E-05 0.00742922 0.0222647 9.9973E-05 0.130603
0.30526 0.00812551 0.279896 0.0582743 0.078722 0.0346593 0.129118 0.0138211 0.0583156 0.0338079
0.0272156 0.0781757 0.341785 0.0863399 0.0402378 0.167403 0.0572277 0.00359192 0.0710288 0.126994
0.294537 0.0708457 0.353419 9.9973E-05 0.103471 9.9973E-05 0.0741863 9.9973E-05 0.0254146 0.077826
9.9964E-05 9.9964E-05 0.65312 0.0954397 9.9964E-05 9.9964E-05 0.0382621 0.0649799 0.0861346 0.0616634
0.452532 0.0263133 0.443573 9.9964E-05 9.9964E-05 9.9964E-05 9.9964E-05 0.0267139 0.00441894 0.0460497
0.566347 0.0841468 0.00898151 0.0257768 0.144749 9.9991E-05 0.0351947 0.0412419 0.0406529 0.05281
0.105955 0.0952998 0.454595 9.9982E-05 0.0795478 0.05385 9.9982E-05 0.0206564 0.155316 0.0345809
0.388464 0.0697695 0.299165 0.0648163 0.0515512 9.9982E-05 0.0477658 0.0204032 0.0578643 9.9982E-05
0.145249 9.9982E-05 0.468481 0.136307 0.0627358 0.0422545 9.9982E-05 0.0698199 0.0658005 0.00915196
0.556185 9.9946E-05 0.0685066 9.9946E-05 9.9946E-05 9.9946E-05 9.9946E-05 9.9946E-05 0.310419 0.0642895
0.150549 9.9946E-05 0.186609 9.9946E-05 9.9946E-05 9.9946E-05 9.9946E-05 0.0343612 0.627881 9.9946E-05
9.9937E-05 9.9937E-05 9.9937E-05 0.0698183 9.9937E-05 0.0082504 9.9937E-05 9.9937E-05 0.921232 9.9937E-05
9.9937E-05 9.9937E-05 0.0230501 0.0597577 9.9937E-05 9.9937E-05 9.9937E-05 9.9937E-05 0.916493 9.9937E-05
0.258077 9.9937E-05 9.9937E-05 9.9937E-05 9.9937E-05 0.00407022 9.9937E-05 9.9937E-05 0.737153 9.9937E-05
0.403192 9.9973E-05 0.069878 0.0144626 9.9973E-05 0.00346181 9.9973E-05 0.052614 0.435963 0.020129
0.391908 0.0585288 0.0547224 9.9973E-05 9.9973E-05 9.9973E-05 0.0181129 0.0520444 0.386474 0.0379096
0.0877016 0.0467558 0.217535 9.9964E-05 9.9964E-05 9.9964E-05 0.0242468 9.9964E-05 0.54822 0.0751412
0.200974 0.0200616 0.152189 9.9973E-05 9.9973E-05 0.0137809 0.00941422 9.9973E-05 0.467726 0.135554
0.262234 0.0308548 0.111546 9.9955E-05 9.9955E-05 9.9955E-05 0.0644639 9.9955E-05 0.530401 9.9955E-05
0.404929 0.0390345 0.09774 9.9973E-05 0.00333157 0.105545 0.0370061 9.9973E-05 0.312113 9.9973E-05
0.372326 9.9937E-05 9.9937E-05 0.0642085 9.9937E-05 9.9937E-05 9.9937E-05 9.9937E-05 0.562766 9.9937E-05
9.9955E-05 0.000293928 9.9955E-05 0.208156 0.0888746 9.9955E-05 9.9955E-05 9.9955E-05 0.686501 0.0156751
9.9955E-05 0.0154253 0.091496 9.9955E-05 9.9955E-05 0.363629 0.447029 0.0819213 9.9955E-05 9.9955E-05
0.0178544 9.9946E-05 9.9946E-05 9.9946E-05 9.9946E-05 0.595422 0.269725 0.116398 9.9946E-05 9.9946E-05
0.0062285 0.0375405 9.9964E-05 9.9964E-05 9.9964E-05 0.724847 0.115217 0.109677 0.00609039 9.9964E-05
9.9955E-05 0.00803362 9.9955E-05 0.0032657 9.9955E-05 0.747088 0.103974 0.137139 9.9955E-05 9.9955E-05
0.0195837 0.0338219 9.9973E-05 9.9973E-05 0.000575506 0.540039 0.266361 0.113601 0.0257177 9.9973E-05
9.9955E-05 0.0381149 9.9955E-05 9.9955E-05 9.9955E-05 0.600667 0.242968 0.0847989 9.9955E-05 0.0329512
0.00236854 0.0155214 9.9955E-05 9.9955E-05 9.9955E-05 0.650201 0.245303 0.0861062 9.9955E-05 9.9955E-05
0.0460897 9.9964E-05 0.180344 9.9964E-05 0.0450525 0.0249931 9.9964E-05 9.9964E-05 0.695687 0.00743425
0.347262 0.0520315 0.17897 9.9955E-05 9.9955E-05 9.9955E-05 0.0145261 9.9955E-05 0.406711 9.9955E-05
0.48135 0.0751614 9.9982E-05 0.0238641 0.0766337 0.0670649 0.0118439 9.9982E-05 0.250853 0.0130292
0.537972 0.00926644 0.0692232 9.9973E-05 0.0903438 9.9973E-05 0.053055 0.0163494 0.22349 9.9973E-05
0.445124 0.0813912 9.9955E-05 9.9955E-05 9.9955E-05 0.0265649 9.9955E-05 0.0177444 0.428676 9.9955E-05
9.9955E-05 9.9955E-05 0.226322 9.9955E-05 0.00450416 0.054468 9.9955E-05 9.9955E-05 0.68879 0.0254169
0.312909 9.9964E-05 0.051198 0.115928 0.0224301 9.9964E-05 9.9964E-05 0.0351879 0.461948 9.9964E-05
0.530489 9.9955E-05 9.9955E-05 9.9955E-05 0.020352 9.9955E-05 0.0131446 9.9955E-05 0.423301 0.0122135
0.393011 0.00823952 0.201402 9.9982E-05 9.9982E-05 0.023611 0.0366099 0.0334427 0.264453 0.0390303
0.320629 0.0882318 9.9964E-05 9.9964E-05 0.0171128 9.9964E-05 9.9964E-05 0.00734892 0.48886 0.0774181
0.33929 9.9973E-05 0.0829656 9.9973E-05 9.9973E-05 0.0512081 0.0437439 0.0329944 0.392477 0.0570211
0.151248 0.0274997 0.389653 0.095616 0.192022 9.9982E-05 0.0625044 0.0160053 0.065252 9.9982E-05
0.366535 0.0599597 0.151035 0.122463 9.9973E-05 0.053792 0.041668 9.9973E-05 9.9973E-05 0.204247
0.345031 9.9973E-05 0.453639 0.00922055 0.0897363 0.0308364 0.0266061 0.0446301 9.9973E-05 9.9973E-05
0.468252 0.065428 0.253093 0.146001 9.9973E-05 0.0160839 9.9973E-05 0.0137817 9.9973E-05 0.0370599
0.382986 0.0233279 0.382347 9.9973E-05 0.0874813 0.0381948 0.0453734 9.9973E-05 9.9973E-05 0.0399899
0.591562 9.9964E-05 0.251378 9.9964E-05 9.9964E-05 0.103502 9.9964E-05 0.02183 0.00050488 0.0308233
0.523867 9.9946E-05 0.366832 9.9946E-05 9.9946E-05 0.00853873 9.9946E-05 9.9946E-05 9.9946E-05 0.100163
0.46429 0.0922026 0.370628 9.9955E-05 0.0143424 0.0580372 9.9955E-05 9.9955E-05 9.9955E-05 9.9955E-05
0.461073 0.101308 0.193044 0.0635008 0.0135436 9.9973E-05 9.9973E-05 9.9973E-05 0.0855032 0.0817273
0.306608 0.0438751 0.338593 0.120414 9.9973E-05 0.128539 9.9973E-05 0.053755 9.9973E-05 0.00791596
0.516719 0.072808 0.176355 9.9973E-05 0.0817615 0.0522591 9.9973E-05 9.9973E-05 0.0696694 0.0301278
0.609078 0.0331693 0.114579 9.9973E-05 0.0714249 0.0309648 0.0414519 9.9973E-05 9.9973E-05 0.0990323
0.230336 9.9973E-05 0.46165 9.9973E-05 0.0146295 0.0851857 9.9973E-05 0.019988 0.107196 0.080715
0.14237 0.00690437 0.449709 0.225154 0.0936678 0.00902658 9.9982E-05 0.0281362 9.9982E-05 0.0448322
0.0585025 0.0361015 0.22822 0.187116 0.227689 9.9973E-05 9.9973E-05 9.9973E-05 0.134144 0.127928
0.265325 9.9955E-05 0.554878 9.9955E-05 0.0917356 9.9955E-05 0.0448096 9.9955E-05 9.9955E-05 0.042752
0.318586 9.9964E-05 0.405549 9.9964E-05 0.0722676 9.9964E-05 0.0518425 9.9964E-05 0.110257 0.0410977
0.269083 9.9964E-05 0.483508 9.9964E-05 9.9964E-05 0.0385009 9.9964E-05 0.0288482 0.108666 0.0709938
0.283953 9.9964E-05 0.479109 9.9964E-05 0.0259836 0.0342604 9.9964E-05 9.9964E-05 0.0843847 0.0919094
0.490765 0.10555 0.175116 9.9982E-05 0.0386072 9.9982E-05 0.047099 0.0702241 0.0227074 0.0497317
0.176434 0.00174213 0.421357 0.27746 0.010087 9.9973E-05 9.9973E-05 9.9973E-05 0.0532544 0.0593656
0.601476 0.0163685 9.9991E-05 0.0859667 0.186268 0.0618954 0.0162599 0.0103843 0.0143026 0.00697883
0.0217001 9.9991E-05 0.0576413 0.320066 0.183879 0.060702 0.0434909 0.0433327 0.157935 0.111153
0.304928 0.083453 0.169001 0.251256 0.0298133 0.0543376 9.9982E-05 9.9982E-05 0.0761912 0.0308197
0.359273 0.151423 0.121321 0.0557694 0.0512159 0.131692 9.9973E-05 9.9973E-05 0.129006 9.9973E-05
0.249655 9.9982E-05 0.0664117 0.355388 0.0362295 9.9982E-05 0.0953898 0.0112787 0.152502 0.0329455
0.182557 9.9982E-05 0.0646947 0.2997 0.224282 0.0403342 9.9982E-05 0.0113457 0.0625133 0.114373
0.443831 9.9973E-05 0.035968 0.145452 0.168691 9.9973E-05 0.0612585 9.9973E-05 0.0766355 0.0678636
9.9964E-05 0.111918 0.151263 0.23292 0.124406 9.9964E-05 0.146726 9.9964E-05 0.232367 9.9964E-05
0.377365 9.9964E-05 0.203594 0.173226 0.0107052 9.9964E-05 9.9964E-05 9.9964E-05 0.202739 0.0319712
0.450369 0.000419338 0.171764 0.213876 0.00213093 9.9982E-05 0.00222211 0.0136422 0.145375 9.9982E-05
0.0966359 0.243981 0.0253925 0.315235 9.9982E-05 0.173481 0.0581398 0.0591153 9.9982E-05 0.0278204
9.9955E-05 0.0881281 9.9955E-05 0.36924 9.9955E-05 0.266283 0.241044 0.0348062 9.9955E-05 9.9955E-05
9.9955E-05 0.12526 9.9955E-05 0.524196 9.9955E-05 0.198797 0.127775 0.0234726 9.9955E-05 9.9955E-05
0.0991092 0.261919 0.0500627 0.217754 9.9973E-05 0.11935 0.250069 0.00143621 9.9973E-05 9.9973E-05
0.704969 9.9946E-05 9.9946E-05 0.193062 9.9946E-05 9.9946E-05 9.9946E-05 9.9946E-05 0.0479157 0.0534537
0.283821 0.615567 0.0569036 9.9955E-05 9.9955E-05 9.9955E-05 9.9955E-05 0.0364618 0.00674637 9.9955E-05
0.395022 9.9964E-05 9.9964E-05 0.292759 0.114312 9.9964E-05 9.9964E-05 0.0158449 0.153052 0.0286113
0.213405 9.9955E-05 9.9955E-05 0.47416 0.265444 9.9955E-05 9.9955E-05 9.9955E-05 0.0145466 0.0319444
0.535445 9.9964E-05 9.9964E-05 0.1789 0.128014 9.9964E-05 0.0324581 9.9964E-05 0.104531 0.0202517
0.397334 9.9973E-05 0.163225 0.185247 0.144007 9.9973E-05 0.0288433 9.9973E-05 0.0609348 0.0201078
0.518996 0.0537291 0.0861467 0.189398 0.139737 9.9964E-05 9.9964E-05 9.9964E-05 0.0115936 9.9964E-05
0.189935 9.9973E-05 0.140065 0.405378 0.0981575 9.9973E-05 9.9973E-05 0.00859246 0.13646 0.021112
9.9937E-05 0.965816 9.9937E-05 9.9937E-05 0.0333359 9.9937E-05 9.9937E-05 9.9937E-05 9.9937E-05 0.000148661
0.063397 0.888932 9.9946E-05 9.9946E-05 0.0444101 0.00266111 9.9946E-05 9.9946E-05 9.9946E-05 9.9946E-05
0.238741 0.656102 9.9946E-05 9.9946E-05 9.9946E-05 9.9946E-05 9.9946E-05 0.0481469 9.9946E-05 0.0564103
0.0900499 0.80876 9.9946E-05 9.9946E-05 9.9946E-05 9.9946E-05 0.0577333 9.9946E-05 0.0428574 9.9946E-05
9.9928E-05 0.991921 9.9928E-05 9.9928E-05 9.9928E-05 9.9928E-05 9.9928E-05 9.9928E-05 9.9928E-05 0.00727963
9.9946E-05 0.929255 9.9946E-05 0.00693555 0.00798271 9.9946E-05 9.9946E-05 9.9946E-05 9.9946E-05 0.0552274
0.101762 0.823147 0.0053088 9.9955E-05 9.9955E-05 0.0262307 9.9955E-05 9.9955E-05 9.9955E-05 0.0430512
0.0251545 0.942995 0.000541986 9.9946E-05 9.9946E-05 9.9946E-05 9.9946E-05 9.9946E-05 9.9946E-05 0.0307087
9.9928E-05 0.99635 9.9928E-05 9.9928E-05 9.9928E-05 9.9928E-05 9.9928E-05 9.9928E-05 0.00285036 9.9928E-05
9.9928E-05 0.979126 9.9928E-05 9.9928E-05 9.9928E-05 9.9928E-05 9.9928E-05 0.0200748 9.9928E-05 9.9928E-05
0.129535 0.720371 9.9955E-05 9.9955E-05 0.0600139 0.0284313 9.9955E-05 0.0611497 9.9955E-05 9.9955E-05
0.135637 0.691856 0.0262338 9.9973E-05 9.9973E-05 0.0112672 0.0340973 0.0282232 9.9973E-05 0.0723862
9.9937E-05 0.944361 9.9937E-05 9.9937E-05 9.9937E-05 9.9937E-05 9.9937E-05 0.0380064 0.0169326 9.9937E-05
0.122546 0.714015 9.9973E-05 0.0284957 0.0058255 0.104794 9.9973E-05 9.9973E-05 0.0208612 0.0031623
0.0710183 0.834721 0.0222823 9.9964E-05 9.9964E-05 9.9964E-05 0.0169033 0.0299618 9.9964E-05 0.0247135
9.9964E-05 0.93764 9.9964E-05 0.002936 9.9964E-05 9.9964E-05 0.00730421 0.00280584 0.026595 0.0223192
0.0427084 0.860199 9.9955E-05 9.9955E-05 0.0385303 0.0466849 9.9955E-05 0.0113773 9.9955E-05 9.9955E-05
9.9928E-05 0.991533 9.9928E-05 0.00766716 9.9928E-05 9.9928E-05 9.9928E-05 9.9928E-05 9.9928E-05 9.9928E-05
0.1371 0.574054 9.9982E-05 9.9982E-05 0.0144641 0.0219202 0.103709 0.00934392 0.0411777 0.0980313
0.000426681 0.869729 0.0525433 9.9973E-05 0.0168414 9.9973E-05 0.0212103 0.00896964 0.0299798 9.9973E-05
9.9973E-05 0.0628908 0.029728 0.667351 0.0190058 0.0440266 0.173902 9.9973E-05 0.00279559 9.9973E-05
0.406825 0.00213138 0.129391 0.186098 9.9982E-05 0.0430564 0.0556572 0.055312 9.9982E-05 0.121329
0.335312 0.0684425 9.9964E-05 0.231671 9.9964E-05 9.9964E-05 0.184011 9.9964E-05 0.0768022 0.103361
0.180249 0.118199 9.9982E-05 0.32788 0.0592877 9.9982E-05 0.120397 0.0713796 0.0682894 0.0541183
0.237695 0.102037 9.9973E-05 0.299797 9.9973E-05 0.0968437 0.118792 0.0238065 0.120729 9.9973E-05
0.329663 0.1244 9.9964E-05 0.359806 0.00443695 9.9964E-05 0.131204 9.9964E-05 0.050091 9.9964E-05
0.401974 0.122745 9.9982E-05 0.228419 0.0117704 9.9982E-05 0.0653862 0.11074 0.0189042 0.0398617
0.351012 0.140803 9.9946E-05 0.312319 9.9946E-05 0.195267 9.9946E-05 9.9946E-05 9.9946E-05 9.9946E-05
0.00474093 9.9973E-05 9.9973E-05 0.0325603 0.0107485 0.31936 0.559862 9.9973E-05 0.0207542 0.0516732
9.9955E-05 0.0208307 9.9955E-05 9.9955E-05 0.0197857 0.307771 0.591873 0.05924 9.9955E-05 9.9955E-05
9.9937E-05 9.9937E-05 9.9937E-05 9.9937E-05 9.9937E-05 0.306782 0.671542 0.0209766 9.9937E-05 9.9937E-05
9.9946E-05 9.9946E-05 9.9946E-05 9.9946E-05 9.9946E-05 0.222014 0.717388 0.0213545 9.9946E-05 0.038644
9.9946E-05 9.9946E-05 0.0615827 9.9946E-05 9.9946E-05 0.12048 0.723085 0.0942529 9.9946E-05 9.9946E-05
9.9955E-05 0.0686179 0.0113786 9.9955E-05 9.9955E-05 0.599164 0.29581 0.0245289 9.9955E-05 9.9955E-05
0.00566671 0.0706846 9.9964E-05 9.9964E-05 9.9964E-05 0.60525 0.270586 0.0124304 9.9964E-05 0.0349823
9.9964E-05 9.9964E-05 0.0196638 0.0546716 0.00708013 0.552355 0.34441 0.0214201 9.9964E-05 9.9964E-05
0.00668626 0.00513018 9.9964E-05 9.9964E-05 9.9964E-05 0.400124 0.5408 0.0197303 0.0271292 9.9964E-05
9.9955E-05 0.0412564 9.9955E-05 0.0612663 9.9955E-05 0.543654 0.335919 0.0174044 9.9955E-05 9.9955E-05
9.9973E-05 9.9973E-05 0.221917 9.9973E-05 0.0128752 0.385342 0.225228 0.0273965 0.0234019 0.103539
9.9964E-05 9.9964E-05 0.132459 9.9964E-05 9.9964E-05 0.351344 0.233604 0.0115709 0.0311583 0.239463
9.9973E-05 9.9973E-05 0.167204 0.0191929 0.110596 0.324312 0.195318 0.030398 9.9973E-05 0.152678
9.9964E-05 9.9964E-05 0.300759 9.9964E-05 0.0125986 0.152104 0.334597 9.9964E-05 0.0635484 0.135994
0.489404 0.01165 0.138019 0.00358708 0.145812 0.0481248 0.0120629 9.9982E-05 0.15114 9.9982E-05
0.567536 0.0197199 0.248626 9.9973E-05 9.9973E-05 0.0293091 9.9973E-05 0.000657118 0.104951 0.028902
0.383747 0.0225203 0.306447 9.9991E-05 0.00694802 0.00616663 0.0692336 0.00341219 0.17732 0.0241052
0.0804246 9.9964E-05 0.669104 9.9964E-05 0.042662 9.9964E-05 0.0449496 9.9964E-05 0.0614304 0.101029
0.433772 0.0352983 0.0408005 9.9991E-05 0.0966947 0.0500473 0.0800411 0.00915069 0.21452 0.0395755
0.57343 0.0285867 0.0509264 9.9973E-05 0.0502868 0.0274073 0.0209424 9.9973E-05 0.24812 9.9973E-05
0.570023 9.9973E-05 0.0203579 0.0199788 0.0383918 9.9973E-05 0.0453828 9.9973E-05 0.281527 0.0240387
0.30479 0.0673486 0.0334186 9.9964E-05 0.0222525 0.0290991 9.9964E-05 9.9964E-05 0.542691 9.9964E-05
0.379116 9.9973E-05 0.0916998 0.0239471 0.0108149 0.0786825 9.9973E-05 9.9973E-05 0.306967 0.108472
9.9946E-05 9.9946E-05 0.0206786 0.0267867 0.191508 9.9946E-05 9.9946E-05 9.9946E-05 0.760427 9.9946E-05
0.22682 9.9973E-05 9.9973E-05 0.0998619 0.0430623 9.9973E-05 0.0339723 0.0281419 0.549034 0.0188074
0.516444 9.9973E-05 9.9973E-05 0.0140569 0.053218 0.0402807 9.9973E-05 0.00376701 0.304182 0.0677515
0.0459609 9.9955E-05 0.180686 9.9955E-05 9.9955E-05 9.9955E-05 0.0449842 9.9955E-05 0.685783 0.042086
0.000761859 0.0173776 9.9955E-05 0.0437781 9.9955E-05 9.9955E-05 0.0664509 9.9955E-05 9.9955E-05 0.871132
0.0291257 0.00235358 9.9955E-05 0.0162135 0.0243408 9.9955E-05 9.9955E-05 9.9955E-05 9.9955E-05 0.927467
9.99201E-05 9.99201E-05 9.99201E-05 9.99201E-05 9.99201E-05 9.99201E-05 9.99201E-05 9.99201E-05 9.99201E-05 0.999101
0.0269968 9.9946E-05 9.9946E-05 9.9946E-05 0.032688 9.9946E-05 0.0336312 9.9946E-05 9.9946E-05 0.906084
9.9937E-05 0.0731011 9.9937E-05 0.0164031 9.9937E-05 9.9937E-05 9.9937E-05 9.9937E-05 9.9937E-05 0.909796
0.0475457 0.088831 9.9937E-05 9.9937E-05 9.9937E-05 9.9937E-05 9.9937E-05 9.9937E-05 9.9937E-05 0.862924
0.0528177 0.0229555 9.9973E-05 9.9973E-05 0.0188887 0.158396 0.740436 9.9973E-05 0.00307459 0.00313152
0.08947 9.9946E-05 0.000417478 9.9946E-05 9.9946E-05 9.9946E-05 0.908183 9.9946E-05 9.9946E-05 0.00132951
0.0817759 0.0553767 9.9964E-05 9.9964E-05 0.0412105 0.129684 0.685958 0.00559485 9.9964E-05 9.9964E-05
0.108868 0.0604276 9.9955E-05 9.9955E-05 9.9955E-05 9.9955E-05 0.778541 0.0274946 9.9955E-05 0.0241688
0.0424469 0.0791971 0.00600382 9.9955E-05 9.9955E-05 9.9955E-05 0.847823 9.9955E-05 0.024029 9.9955E-05
9.9964E-05 9.9964E-05 0.12111 9.9964E-05 9.9964E-05 0.252373 0.0767907 0.0164361 0.070505 0.462385
9.9955E-05 9.9955E-05 9.9955E-05 0.0588578 9.9955E-05 0.121742 0.306841 9.9955E-05 0.129207 0.382852
9.9964E-05 9.9964E-05 9.9964E-05 9.9964E-05 0.0331487 0.258549 0.167163 0.0214334 0.046362 0.472944
9.99201E-05 9.99201E-05 9.99201E-05 9.99201E-05 9.99201E-05 9.99201E-05 9.99201E-05 0.999101 9.99201E-05 9.99201E-05
9.9973E-05 9.9973E-05 9.9973E-05 0.000172267 0.00752844 0.188406 0.103469 0.0588738 0.154796 0.486454
0.265248 0.321575 9.9964E-05 0.216608 9.9964E-05 0.178689 9.9964E-05 0.0102488 9.9964E-05 0.00723116
0.468047 0.270513 0.00700536 9.9964E-05 9.9964E-05 0.136659 0.0587548 0.0586211 9.9964E-05 9.9964E-05
0.292725 0.285342 9.9964E-05 0.151765 9.9964E-05 0.142705 0.047812 9.9964E-05 9.9964E-05 0.0792517
9.9946E-05 0.298876 9.9946E-05 0.352806 9.9946E-05 0.288339 0.0593789 9.9946E-05 9.9946E-05 9.9946E-05
0.427125 9.9964E-05 0.310031 9.9964E-05 0.0674684 9.9964E-05 0.061507 9.9964E-05 0.0402953 0.0931731
0.361887 9.9973E-05 0.233411 0.108185 0.164359 0.00841185 9.9973E-05 9.9973E-05 0.0655335 0.0579122
0.195734 9.9955E-05 0.668303 9.9955E-05 9.9955E-05 9.9955E-05 0.0823032 0.0370514 9.9955E-05 0.0161093
0.452899 0.0274897 0.0538869 0.0014805 0.142343 0.00990207 0.0182232 9.9991E-05 0.18983 0.103845
9.9946E-05 9.9946E-05 0.282586 0.305739 0.252362 9.9946E-05 9.9946E-05 9.9946E-05 0.158713 9.9946E-05
0.493088 9.9955E-05 0.277554 9.9955E-05 0.138281 0.0801632 9.9955E-05 9.9955E-05 9.9955E-05 0.0104144
0.22856 9.9964E-05 0.568884 0.0414753 9.9964E-05 0.0908024 9.9964E-05 0.0232456 0.046633 9.9964E-05
0.0539247 9.9955E-05 0.446941 0.332293 0.0373209 9.9955E-05 9.9955E-05 9.9955E-05 0.12902 9.9955E-05
0.341833 0.0807112 0.196019 0.081466 0.143502 0.0432097 9.9991E-05 0.00814019 0.0379931 0.0670254
0.394538 0.0447859 0.395235 9.9964E-05 9.9964E-05 9.9964E-05 9.9964E-05 0.0538047 0.0889236 0.0223129
0.38824 0.165766 0.0439612 0.00376897 9.9991E-05 0.0376559 0.133399 0.0108706 0.183911 0.0323276
0.373786 9.9955E-05 0.305454 0.104326 0.135776 9.9955E-05 9.9955E-05 9.9955E-05 9.9955E-05 0.080159
0.517692 9.9973E-05 0.168711 0.0702539 0.056541 0.0435368 9.9973E-05 9.9973E-05 0.00889536 0.13407
0.421095 0.0912155 0.100465 0.00441732 0.214419 9.9982E-05 0.0402643 9.9982E-05 0.104215 0.0237087
0.543802 0.0107906 0.10072 0.0424003 0.0568332 0.0102939 0.0253178 0.0169583 0.0951068 0.0977763
0.627757 0.0476537 0.125437 0.0596841 9.9982E-05 0.0747339 9.9982E-05 0.00399145 0.0160577 0.0444849
0.0697298 0.0184493 9.9937E-05 9.9937E-05 9.9937E-05 0.911121 9.9937E-05 9.9937E-05 9.9937E-05 9.9937E-05
0.0786424 9.9928E-05 9.9928E-05 9.9928E-05 9.9928E-05 0.920558 9.9928E-05 9.9928E-05 9.9928E-05 9.9928E-05
0.0361938 9.9973E-05 9.9973E-05 0.0618747 0.00787396 0.636801 0.206358 9.9973E-05 0.0423396 0.00825903
0.0649731 9.9955E-05 9.9955E-05 9.9955E-05 0.00257 0.867428 9.9955E-05 9.9955E-05 0.0277369 0.0367926
0.121688 9.9946E-05 9.9946E-05 9.9946E-05 9.9946E-05 0.825388 0.0391808 0.0131435 9.9946E-05 9.9946E-05
0.101843 9.9964E-05 0.716178 0.0304762 9.9964E-05 0.0598282 9.9964E-05 0.0185267 9.9964E-05 0.0727484
0.639521 0.0565495 0.195447 0.0134362 0.00972869 0.0107886 9.9982E-05 0.0491685 9.9982E-05 0.0251613
0.46001 0.016462 0.23536 9.9973E-05 0.0940262 9.9973E-05 0.105082 9.9973E-05 0.0609292 0.0278311
0.279158 0.017917 0.275676 0.171762 0.111847 9.9973E-05 9.9973E-05 0.0372404 9.9973E-05 0.106099
9.9946E-05 9.9946E-05 0.725704 0.0300467 9.9946E-05 0.186761 9.9946E-05 9.9946E-05 9.9946E-05 0.0568889
0.517592 0.00464032 0.209009 9.9973E-05 0.0724035 9.9973E-05 0.00638258 0.0275815 9.9973E-05 0.162091
0.121448 0.00675533 0.484998 0.0210086 0.0667875 9.9991E-05 0.10464 0.0165773 0.0259307 0.151755
0.409154 0.00179866 0.179771 0.0934842 0.0640373 0.0717593 0.00630787 0.0301888 0.0724758 0.071023
0.0868052 9.9973E-05 0.591839 9.9973E-05 0.0945535 0.102216 0.0388514 0.0397791 9.9973E-05 0.0456555
0.123165 0.00128677 0.608045 0.0291404 0.0752269 9.9982E-05 0.0842246 0.0136985 9.9982E-05 0.0650131
0.26093 0.0618205 0.361666 0.0741313 0.135377 0.0420121 9.9982E-05 0.0323018 9.9982E-05 0.0315608
0.293224 9.9955E-05 0.0125567 0.41592 0.202652 9.9955E-05 9.9955E-05 9.9955E-05 9.9955E-05 0.0751465
0.543005 0.0310744 9.9964E-05 0.239547 9.9964E-05 9.9964E-05 0.0221447 9.9964E-05 0.124787 0.0390412
0.348839 9.9955E-05 9.9955E-05 0.41418 0.0272252 9.9955E-05 9.9955E-05 9.9955E-05 0.0896207 0.119635
0.552821 9.9973E-05 0.00630589 0.111957 0.211361 0.0393568 0.0327272 9.9973E-05 9.9973E-05 0.0451717
0.152492 9.9964E-05 0.0267458 0.447231 0.101772 9.9964E-05 9.9964E-05 9.9964E-05 0.216008 0.0553508
0.304 9.9955E-05 9.9955E-05 0.467005 0.0787795 9.9955E-05 9.9955E-05 9.9955E-05 0.0989187 0.0507967
0.539812 9.9964E-05 0.0582397 0.177785 0.103544 0.0318318 9.9964E-05 9.9964E-05 9.9964E-05 0.0883876
0.156467 9.9964E-05 0.00354971 0.38444 0.186641 9.9964E-05 9.9964E-05 9.9964E-05 0.157874 0.110628
0.464997 9.9955E-05 0.0892927 0.28643 9.9955E-05 9.9955E-05 9.9955E-05 9.9955E-05 0.081533 0.0772472
9.9982E-05 0.0196508 0.729522 0.00636915 0.0515271 0.000553399 0.0236574 9.9982E-05 0.0558204 0.1127
0.188492 0.00582798 0.428185 0.0935329 0.228311 9.9973E-05 9.9973E-05 9.9973E-05 0.024913 0.0304387
0.261112 0.112993 0.375395 9.9973E-05 0.110892 0.052117 9.9973E-05 0.00522644 9.9973E-05 0.0819648
0.506632 0.0727638 0.224585 0.0615582 9.9973E-05 9.9973E-05 9.9973E-05 0.0284902 0.0411797 0.064491
0.142017 0.0452483 0.524802 0.0302083 0.00178674 9.9973E-05 9.9973E-05 9.9973E-05 0.169158 0.0864794
0.392893 0.0848175 0.373499 9.9982E-05 0.0157747 0.0141531 9.9982E-05 0.0126957 0.0789583 0.0270087
0.400122 0.0319329 0.235807 9.9973E-05 9.9973E-05 9.9973E-05 0.0287045 0.0166398 0.15563 0.130864
0.143983 0.133121 0.511716 9.9964E-05 9.9964E-05 9.9964E-05 9.9964E-05 0.0135746 0.0692847 0.127921
0.195141 0.110775 0.328639 9.9982E-05 0.116347 0.0234207 0.0337194 9.9982E-05 0.0638061 0.127951
0.560416 9.9982E-05 0.271097 0.031151 0.0452308 0.0452266 0.000150784 0.0184312 0.0280971 9.9982E-05
0.362399 9.9982E-05 0.0729618 0.100749 0.129557 9.9982E-05 0.0557133 0.0292523 0.0487598 0.200408
0.382122 0.139166 0.252378 9.9973E-05 0.136737 9.9973E-05 0.0208202 0.0115294 9.9973E-05 0.0569471
0.275058 0.0831567 0.391428 0.0998833 0.00524065 0.0437429 9.9973E-05 9.9973E-05 9.9973E-05 0.10119
0.436472 0.0880644 0.269868 9.9973E-05 0.0602983 0.0323989 0.00234249 9.9973E-05 9.9973E-05 0.110257
0.345493 0.116098 9.9982E-05 0.115115 9.9982E-05 0.139147 0.14319 0.0488024 0.0171527 0.0748028
0.277373 0.310121 0.0273229 0.0895907 9.9973E-05 0.168781 9.9973E-05 0.0171147 0.109397 9.9973E-05
0.488469 0.11916 0.0583602 0.0263845 9.9982E-05 9.9982E-05 0.0358933 0.077373 0.129769 0.0643905
0.372334 0.177074 0.10299 0.0225321 0.0452087 0.214406 9.9982E-05 0.0219519 0.0433032 9.9982E-05
0.383057 0.047276 0.290693 0.0937955 0.141501 9.9982E-05 0.00549792 0.00119358 9.9982E-05 0.0367861
0.0875183 0.0857665 0.112966 0.452417 9.9964E-05 0.166092 9.9964E-05 9.9964E-05 0.0948403 9.9964E-05
0.374606 0.179843 0.110287 0.0254551 0.0892939 0.0461591 0.109797 0.0376237 0.0210869 0.00584878
0.415243 0.245265 0.147532 0.0741601 9.9964E-05 0.0794941 9.9964E-05 9.9964E-05 0.0379062 9.9964E-05
0.271344 0.143936 0.199114 0.200216 9.9982E-05 0.111285 9.9982E-05 0.0156826 0.0435331 0.0146896
0.530079 0.105813 0.0328812 0.0914566 9.9973E-05 0.201665 0.0318503 9.9973E-05 0.00595501 9.9973E-05
9.9955E-05 0.153726 9.9955E-05 0.386134 9.9955E-05 0.376668 9.9955E-05 0.0712574 0.0117153 9.9955E-05
0.542635 0.200581 0.0107867 0.00500394 9.9973E-05 0.0974311 0.140282 0.00298055 9.9973E-05 9.9973E-05
0.433858 0.104519 0.000406853 0.0381193 0.128373 0.171827 9.9982E-05 0.0775703 9.9982E-05 0.0451271
0.391463 0.031266 9.9973E-05 9.9973E-05 0.416381 0.000741846 9.9973E-05 0.0851342 0.0252848 0.0494292
9.9946E-05 9.9946E-05 0.135874 9.9946E-05 0.81357 9.9946E-05 9.9946E-05 9.9946E-05 0.0496283 0.000328511
9.99549E-05 9.99549E-05 0.0169317 9.99549E-05 0.800004 0.0416557 9.99549E-05 9.99549E-05 0.0275559 0.113352
0.467433 0.263798 0.0223521 9.9964E-05 0.0944126 0.108431 0.043173 9.9964E-05 9.9964E-05 9.9964E-05
0.266144 0.387872 9.9964E-05 0.0220213 0.230261 9.9964E-05 0.0695444 0.0237576 9.9964E-05 9.9964E-05
0.156053 0.308709 9.9973E-05 0.206616 0.136512 0.0248702 0.154823 0.0121163 9.9973E-05 9.9973E-05
0.35301 0.218758 0.000516904 0.0553128 0.157187 0.0547029 0.0928956 0.0674178 9.9982E-05 9.9982E-05
9.9946E-05 0.0821341 9.9946E-05 0.0491394 0.70188 0.166247 9.9946E-05 9.9946E-05 9.9946E-05 9.9946E-05
0.0901185 0.0891838 9.9964E-05 9.9964E-05 0.709104 0.043102 0.0142496 0.0538424 9.9964E-05 9.9964E-05
0.44294 0.172729 9.9955E-05 9.9955E-05 0.347646 9.9955E-05 9.9955E-05 0.0356728 9.9955E-05 0.000512117
0.378043 0.127128 9.9946E-05 9.9946E-05 0.400773 9.9946E-05 0.093457 9.9946E-05 9.9946E-05 9.9946E-05
0.134868 0.114606 9.9955E-05 9.9955E-05 0.67919 0.0304375 9.9955E-05 0.0403979 9.9955E-05 9.9955E-05
0.439637 0.112499 9.9973E-05 9.9973E-05 0.275063 0.0894408 9.9973E-05 0.00219329 0.0499646 0.0309024
0.397843 0.0454406 9.9955E-05 9.9955E-05 0.472128 0.0127913 0.0712967 9.9955E-05 9.9955E-05 9.9955E-05
0.311294 9.9955E-05 0.0540095 9.9955E-05 0.55144 9.9955E-05 0.0429196 9.9955E-05 9.9955E-05 0.0398375
0.257277 0.0195325 0.117114 9.9964E-05 0.508905 9.9964E-05 0.0203767 0.0763948 9.9964E-05 9.9964E-05
0.343081 0.0234367 9.9982E-05 0.0731008 0.377801 0.0578662 9.9982E-05 0.0317519 0.0219593 0.0708031
0.448286 9.9955E-05 0.0109522 0.179679 0.329996 9.9955E-05 0.0305864 9.9955E-05 9.9955E-05 9.9955E-05
0.215982 9.9937E-05 9.9937E-05 9.9937E-05 0.731283 9.9937E-05 9.9937E-05 9.9937E-05 9.9937E-05 0.0520348
0.571845 9.9946E-05 9.9946E-05 9.9946E-05 0.288699 9.9946E-05 0.0304532 9.9946E-05 0.108403 9.9946E-05
0.133509 0.0233021 0.089836 9.9973E-05 0.680787 0.0376707 9.9973E-05 0.00363133 0.0309639 9.9973E-05
0.355175 9.9955E-05 9.9955E-05 9.9955E-05 0.538313 0.0257267 9.9955E-05 0.0285422 9.9955E-05 0.051743
0.451806 0.131782 9.9955E-05 0.122141 9.9955E-05 0.235712 9.9955E-05 9.9955E-05 9.9955E-05 0.0580579
0.251028 0.230314 0.120262 0.0997785 0.124457 0.102463 9.9991E-05 0.0243508 0.0193096 0.0279385
9.9973E-05 0.101418 9.9973E-05 0.092962 0.538671 0.0941594 0.0762735 0.0376063 9.9973E-05 0.0586103
0.528521 0.186144 9.9973E-05 0.00285858 0.0879502 9.9973E-05 0.115496 0.0597204 9.9973E-05 0.01901
9.9955E-05 0.0889978 9.9955E-05 0.279092 0.285141 9.9955E-05 0.32137 0.024899 9.9955E-05 9.9955E-05
0.522573 0.14546 9.9955E-05 9.9955E-05 0.218776 0.0483285 0.0643627 9.9955E-05 9.9955E-05 9.9955E-05
9.9937E-05 9.9937E-05 9.9937E-05 0.0061865 0.920481 9.9937E-05 9.9937E-05 9.9937E-05 0.0726332 9.9937E-05
9.9955E-05 9.9955E-05 0.0363989 0.00140818 0.944834 9.9955E-05 9.9955E-05 0.00902131 0.00783761 9.9955E-05
0.399932 9.9946E-05 0.0166809 9.9946E-05 0.570248 0.0125399 9.9946E-05 9.9946E-05 9.9946E-05 9.9946E-05
0.496521 0.0889778 9.9955E-05 9.9955E-05 0.373028 0.0142344 9.9955E-05 0.0267389 9.9955E-05 9.9955E-05
0.297142 9.9946E-05 9.9946E-05 9.9946E-05 0.685029 9.9946E-05 9.9946E-05 0.00221627 9.9946E-05 0.0150131
0.4425 0.0314933 9.9973E-05 9.9973E-05 0.427298 0.0290461 9.9973E-05 0.00948976 0.054665 0.00520802
0.450493 0.0309624 9.9955E-05 0.00856887 0.497195 9.9955E-05 9.9955E-05 0.0122812 9.9955E-05 9.9955E-05
9.9973E-05 0.0262817 9.9973E-05 0.0317338 0.028306 0.418672 0.352864 0.0667449 0.075097 9.9973E-05
9.9973E-05 0.0510333 0.0957363 9.9973E-05 0.0468 0.311207 0.344344 0.0808401 9.9973E-05 0.0697396
9.9955E-05 0.0632544 9.9955E-05 9.9955E-05 9.9955E-05 0.492935 0.392507 0.0338713 9.9955E-05 0.0169324
0.0415999 9.9946E-05 9.9946E-05 9.9946E-05 9.9946E-05 0.582973 0.279704 0.0951234 9.9946E-05 9.9946E-05
0.503189 9.9973E-05 0.0559702 0.0275038 0.115782 9.9973E-05 9.9973E-05 0.0590744 0.233207 0.0049731
0.504353 9.9955E-05 0.0198858 9.9955E-05 9.9955E-05 9.9955E-05 0.0448248 0.0584025 0.372035 9.9955E-05
0.287414 0.0184887 0.177464 9.9973E-05 0.0474516 9.9973E-05 0.037643 9.9973E-05 0.384317 0.0469208
0.583073 0.0104939 9.9955E-05 9.9955E-05 9.9955E-05 0.0313289 9.9955E-05 0.0345955 0.340009 9.9955E-05
0.37402 9.9955E-05 9.9955E-05 0.138817 0.08237 9.9955E-05 9.9955E-05 0.0109268 0.393366 9.9955E-05
0.457298 0.123337 9.9991E-05 0.0593034 0.0158145 0.0326361 0.249698 0.00817211 0.0348633 0.0187771
0.367604 0.115758 9.9955E-05 0.0730397 9.9955E-05 9.9955E-05 9.9955E-05 9.9955E-05 0.404008 0.039091
0.427242 9.9964E-05 0.0912048 9.9964E-05 9.9964E-05 0.0119244 9.9964E-05 0.0277987 0.383664 0.0577667
0.465668 0.0407129 0.0194919 9.9964E-05 0.0444109 9.9964E-05 9.9964E-05 9.9964E-05 0.349486 0.0798298
0.380932 0.00735064 0.109156 9.9964E-05 0.103292 0.0136027 9.9964E-05 9.9964E-05 0.385267 9.9964E-05
0.449232 9.9946E-05 9.9946E-05 9.9946E-05 0.166829 0.0427589 9.9946E-05 9.9946E-05 0.34058 9.9946E-05
0.0466769 9.9946E-05 9.9946E-05 9.9946E-05 0.0388953 9.9946E-05 9.9946E-05 0.00338578 0.910442 9.9946E-05
0.250018 9.9973E-05 0.101777 0.04016 0.0775448 0.00632738 9.9973E-05 9.9973E-05 0.512491 0.0113806
0.343025 9.9955E-05 0.0251628 9.9955E-05 9.9955E-05 9.9955E-05 0.0124328 9.9955E-05 0.572811 0.0460682
9.9928E-05 9.9928E-05 9.9928E-05 0.158112 9.9928E-05 9.9928E-05 9.9928E-05 9.9928E-05 0.841089 9.9928E-05
0.389495 9.9973E-05 0.152155 9.9973E-05 0.00826649 0.0846138 9.9973E-05 0.0213604 0.318343 0.0254668
0.0883366 0.0200748 9.9973E-05 0.213343 0.0836501 9.9973E-05 9.9973E-05 0.00493818 0.570093 0.0192645
9.9937E-05 9.9937E-05 9.9937E-05 0.151223 0.124543 9.9937E-05 9.9937E-05 9.9937E-05 0.723535 9.9937E-05
0.547937 0.0312024 9.9964E-05 0.026058 9.9964E-05 0.0221454 9.9964E-05 0.0404949 0.331763 9.9964E-05
0.257923 9.99549E-05 0.20676 9.99549E-05 9.99549E-05 9.99549E-05 0.0783732 0.0157136 0.44073 9.99549E-05
0.369809 0.0327854 0.0922105 9.9964E-05 9.9964E-05 0.143905 9.9964E-05 9.9964E-05 0.325667 0.0352239
0.521115 0.0105823 0.0240489 9.9964E-05 9.9964E-05 9.9964E-05 0.0598671 9.9964E-05 0.371363 0.0126239
0.273821 0.102774 0.321523 0.129961 0.0351597 9.9973E-05 9.9973E-05 0.0296053 0.106857 9.9973E-05
0.525199 0.0215753 0.0721968 0.0312356 0.0382454 0.0307923 0.0107393 9.9991E-05 0.256025 0.0138913
0.483592 0.0167687 0.119881 9.9964E-05 9.9964E-05 0.116897 9.9964E-05 9.9964E-05 0.253023 0.00943798
0.316666 9.9946E-05 9.9946E-05 0.0352943 9.9946E-05 9.9946E-05 9.9946E-05 9.9946E-05 0.598501 0.048939
9.9964E-05 9.9964E-05 0.103317 9.9964E-05 0.0354622 0.423234 0.232762 0.0601686 9.9964E-05 0.144656
9.9973E-05 9.9973E-05 0.0712771 0.0135526 9.9973E-05 0.464688 0.230053 0.0808267 0.0971995 0.0421028
9.9973E-05 9.9973E-05 0.0410411 0.0198679 9.9973E-05 0.441408 0.280567 0.140111 0.00939499 0.0673096
9.9955E-05 9.9955E-05 9.9955E-05 9.9955E-05 0.0353223 0.469939 0.267082 0.0844097 9.9955E-05 0.142746
0.0120859 9.9982E-05 0.00911795 9.9982E-05 0.00838716 0.297767 0.419568 0.0725129 0.0595726 0.120788
0.0100917 0.0495844 0.286024 9.9955E-05 9.9955E-05 9.9955E-05 0.0393002 9.9955E-05 0.6145 9.9955E-05
0.161705 9.9973E-05 0.0932571 9.9973E-05 0.0181562 0.0851925 9.9973E-05 0.0109518 0.62784 0.00259748
0.176776 9.9946E-05 9.9946E-05 0.0246193 0.0508755 9.9946E-05 9.9946E-05 9.9946E-05 0.74713 9.9946E-05
0.315517 9.9955E-05 9.9955E-05 0.0345012 9.9955E-05 0.057144 9.9955E-05 9.9955E-05 0.552932 0.0394065
0.667466 9.9937E-05 9.9937E-05 0.0247325 9.9937E-05 9.9937E-05 9.9937E-05 9.9937E-05 0.307102 9.9937E-05
0.254905 0.113366 0.0124745 0.0918435 0.029979 9.9973E-05 0.0240735 9.9973E-05 0.473059 9.9973E-05
0.513204 9.9964E-05 0.022518 9.9964E-05 0.0107886 0.0892338 9.9964E-05 9.9964E-05 0.344653 0.0192019
0.19158 0.033353 0.193712 9.9973E-05 0.0227471 9.9973E-05 0.000437489 9.9973E-05 0.550433 0.00743743
0.393785 9.99733E-05 0.114329 0.0236111 9.99733E-05 0.00444909 9.99733E-05 0.0409556 0.388938 0.0336331
0.317107 9.9955E-05 0.163184 9.9955E-05 9.9955E-05 9.9955E-05 9.9955E-05 0.0068498 0.435659 0.0766997
0.62414 9.9973E-05 0.055808 0.178294 0.016017 0.0720345 0.00860453 9.9973E-05 9.9973E-05 0.0448025
0.387754 9.9964E-05 0.0399479 9.9964E-05 0.014861 0.054484 9.9964E-05 0.0318421 0.470711 9.9964E-05
0.415673 0.0185189 0.106486 9.9964E-05 9.9964E-05 9.9964E-05 0.0760426 9.9964E-05 0.373978 0.00890185
0.400987 0.429141 9.9946E-05 0.0692773 9.9946E-05 0.0999944 9.9946E-05 9.9946E-05 9.9946E-05 9.9946E-05
0.303701 0.410611 9.9964E-05 0.104326 0.00507369 0.143208 9.9964E-05 0.0326802 9.9964E-05 9.9964E-05
0.440184 0.0261477 9.9964E-05 0.159452 0.0543744 9.9964E-05 0.0362857 9.9964E-05 0.283157 9.9964E-05
0.0626543 0.581366 9.9964E-05 0.0374837 9.9964E-05 0.263812 0.0155158 0.0387675 9.9964E-05 9.9964E-05
0.328002 0.484499 9.9955E-05 9.9955E-05 0.00606623 0.155839 9.9955E-05 9.9955E-05 9.9955E-05 0.0250941
0.313824 0.147975 9.9982E-05 0.231113 9.9982E-05 0.0641933 0.0456965 0.0490179 0.107648 0.0403328
0.603312 9.9964E-05 9.9964E-05 0.195174 0.00041639 0.0869322 0.103322 0.0104433 9.9964E-05 9.9964E-05
0.529095 9.9973E-05 0.115179 0.263311 9.9973E-05 0.059045 0.00481561 0.0257993 9.9973E-05 0.00245485
0.2784 0.400918 9.9955E-05 0.0559923 9.9955E-05 0.179849 9.9955E-05 0.0843407 9.9955E-05 9.9955E-05
0.424704 0.395724 0.00250739 0.0312845 9.9964E-05 0.0450963 0.100285 9.9964E-05 9.9964E-05 9.9964E-05
0.243253 0.496713 9.9973E-05 0.0270766 9.9973E-05 0.161201 9.9973E-05 0.0272044 0.0181973 0.0260544
0.23859 0.483654 0.00467806 0.0775102 0.0548752 0.125375 9.9973E-05 0.0150172 9.9973E-05 9.9973E-05
0.648965 9.9946E-05 9.9946E-05 0.239053 9.9946E-05 9.9946E-05 0.0810428 9.9946E-05 9.9946E-05 0.0303397
0.17612 0.577781 9.9964E-05 0.00823496 9.9964E-05 0.110414 0.0688648 0.0581849 9.9964E-05 9.9964E-05
0.236356 9.9973E-05 0.209755 0.25275 0.00640666 9.9973E-05 0.120444 9.9973E-05 0.0349992 0.138989
0.570697 0.0826548 0.120963 0.184804 9.9955E-05 9.9955E-05 9.9955E-05 0.0403814 9.9955E-05 9.9955E-05
0.620549 9.9955E-05 0.0577842 0.0800573 9.9955E-05 0.10274 9.9955E-05 9.9955E-05 9.9955E-05 0.138369
0.537706 9.9964E-05 0.0408184 0.236109 9.9964E-05 0.105806 9.9964E-05 0.0117699 9.9964E-05 0.067392
0.334985 0.185222 9.9982E-05 0.0773215 0.00577002 0.184384 9.9982E-05 0.0213845 0.155837 0.0348967
0.362598 0.27531 9.9973E-05 0.038633 0.0708466 0.0854042 0.154794 9.9973E-05 9.9973E-05 0.0121151
0.175536 0.533577 9.9955E-05 0.0309261 9.9955E-05 0.113205 0.146257 9.9955E-05 9.9955E-05 9.9955E-05
0.491319 9.9973E-05 0.102962 0.197298 0.0260055 9.9973E-05 0.0907199 9.9973E-05 0.0715753 0.0198204
0.318593 0.00260874 9.9973E-05 0.559587 9.9973E-05 0.0304432 9.9973E-05 0.00972027 0.0295593 0.049188
0.34889 0.0611765 0.20739 0.0956413 9.9982E-05 0.0755686 9.9982E-05 0.019037 0.0499496 0.142148
0.359837 0.163343 0.131235 0.198281 9.9973E-05 0.0107993 0.130205 0.00600025 9.9973E-05 9.9973E-05
9.9955E-05 0.147542 9.9955E-05 0.599776 9.9955E-05 0.180443 0.0551194 9.9955E-05 0.0166197 9.9955E-05
9.99459E-05 0.0631918 9.99459E-05 0.715868 9.99459E-05 0.163215 9.99459E-05 0.057126 9.99459E-05 9.99459E-05
0.305084 0.0688962 0.0492077 0.357456 0.0302396 0.0913443 0.0340025 0.014682 9.9991E-05 0.0489879
0.0450199 0.157986 0.0111851 0.472406 9.9991E-05 0.0559587 0.116767 0.0828039 0.0398778 0.0178955
9.9955E-05 0.191908 9.9955E-05 0.473732 9.9955E-05 0.245929 0.0785286 0.00940332 9.9955E-05 9.9955E-05
0.283912 0.157827 0.0730092 0.200507 0.0986527 0.0778875 9.9991E-05 0.0445871 0.0266072 0.0369105
0.249842 0.162778 0.06222 0.17465 0.0629624 0.218576 9.9982E-05 0.00905199 0.0597196 9.9982E-05
0.173525 0.191228 0.0323475 0.353922 9.9973E-05 0.199375 0.0483714 0.000930493 9.9973E-05 9.9973E-05
0.0780838 0.13315 0.0265351 0.5508 9.9973E-05 0.046009 0.10428 0.0608419 9.9973E-05 9.9973E-05
0.441536 0.149673 9.9991E-05 0.206741 0.027672 0.0433034 0.0130374 0.0182196 0.0281659 0.0715516
0.134513 0.0857206 0.0601583 0.461661 0.0112253 0.137013 0.00122725 0.0542228 0.0541597 9.9991E-05
9.9946E-05 9.9946E-05 9.9946E-05 0.668539 9.9946E-05 0.154144 0.151273 0.0254442 9.9946E-05 9.9946E-05
0.323701 0.212351 0.0325907 0.242829 9.9973E-05 0.0421795 0.133893 0.0121562 9.9973E-05 9.9973E-05
0.3069 0.207083 0.00662882 0.0707599 9.9982E-05 0.200875 0.0774461 0.0421136 0.0879937 9.9982E-05
