0.0617892 9.9991E-05 0.90881 0.0293004
9.9982E-05 9.9982E-05 0.967896 0.0319036
0.055463 0.117756 0.826681 9.9991E-05
0.0618361 0.0459186 0.843359 0.048886
0.0553635 0.0523154 0.892221 9.9991E-05
0.0440232 0.203031 0.665666 0.08728
0.040355 9.9991E-05 0.885165 0.0743799
0.0344263 9.9991E-05 0.818907 0.146567
9.9982E-05 9.9982E-05 0.850324 0.149476
0.0448377 0.101495 0.747875 0.105792
9.9991E-05 0.0517403 0.809529 0.138631
0.0184288 0.359527 0.0948196 0.527225
9.9991E-05 0.655581 0.123121 0.221197
0.110911 0.269456 0.0973843 0.522249
0.116284 0.45353 0.135032 0.295154
0.109994 0.49966 0.1672 0.223147
0.0350053 0.718409 0.120402 0.126183
0.0980293 0.491152 0.0401869 0.370632
0.0704259 0.428917 0.203426 0.297231
0.104422 0.0331358 0.136987 0.725456
0.0795098 0.510559 0.101501 0.308431
0.109874 0.594696 0.0584425 0.236988
0.0568497 0.635306 0.0822545 0.22559
0.0827247 0.436682 0.0821423 0.398451
0.165962 0.579131 0.125438 0.129469
0.150545 0.576017 0.02758 0.245858
0.0814921 0.299341 0.0571742 0.561993
0.222689 0.24522 0.104091 0.428
0.047596 0.288828 0.074508 0.589068
0.0978642 0.0353336 0.866702 9.9991E-05
0.0386579 0.0981177 0.863124 9.9991E-05
0.0133137 0.172923 0.813663 9.9991E-05
0.0206953 0.194608 0.784597 9.9991E-05
0.00603781 0.696569 0.065175 0.232218
0.0644364 0.662072 0.118266 0.155225
0.00666157 0.84121 9.9991E-05 0.152029
0.00272915 0.231784 0.178908 0.586578
0.0520172 0.548196 9.9991E-05 0.399686
0.0589391 0.606849 0.147598 0.186614
0.023219 0.720939 0.0756488 0.180193
0.0291473 0.673605 0.124178 0.17307
9.9991E-05 0.766449 0.158188 0.0752623
9.9991E-05 0.420818 0.0226146 0.556467
0.137514 0.613505 0.0475377 0.201443
0.0606717 0.726637 0.0312222 0.181469
0.0150849 0.723635 0.100327 0.160954
9.9982E-05 0.58502 9.9982E-05 0.41478
9.9991E-05 0.757948 0.0892196 0.152732
0.00285435 0.597723 0.228374 0.171049
9.9991E-05 0.111055 0.0988095 0.790036
0.0568342 0.286942 0.0191956 0.637028
0.118567 0.0782146 0.00623885 0.796979
0.0605979 0.565766 0.0972377 0.276398
0.105262 0.647371 0.10043 0.146937
0.132081 0.584727 0.0812373 0.201955
9.9991E-05 0.316212 0.141764 0.541924
0.0224366 0.637033 0.0381714 0.302359
0.144978 0.54418 0.0763892 0.234453
9.9991E-05 0.464162 0.175458 0.36028
0.096568 0.0880853 0.26789 0.547456
0.105255 0.643915 0.0972137 0.153616
0.102712 0.469992 0.0752883 0.352007
9.9991E-05 0.146603 0.150084 0.703212
9.9991E-05 0.690444 0.00375129 0.305705
0.107099 0.653032 0.0641732 0.175695
0.112121 0.643706 0.103443 0.140729
0.0795012 0.393999 0.0927717 0.433728
0.102682 0.558304 0.0112089 0.327806
9.9991E-05 0.681866 0.151957 0.166077
9.9991E-05 0.344174 0.0568585 0.598868
9.9982E-05 0.705316 9.9982E-05 0.294484
9.9991E-05 0.530673 0.0238999 0.445327
0.117776 0.568303 0.124518 0.189403
9.9982E-05 0.260801 9.9982E-05 0.738999
9.9982E-05 0.256654 9.9982E-05 0.743146
9.9982E-05 0.532535 9.9982E-05 0.467266
9.9991E-05 0.691828 0.021917 0.286155
0.0396444 0.633421 0.131487 0.195447
0.051737 0.629821 9.9991E-05 0.318342
9.9991E-05 0.390172 0.0657766 0.543952
9.9991E-05 0.439825 0.095072 0.465003
0.043183 0.663626 0.13248 0.160711
9.9982E-05 0.555684 9.9982E-05 0.444116
9.9991E-05 0.585669 0.0731479 0.341083
9.9991E-05 0.646422 0.031923 0.321555
0.0309012 0.169598 9.9991E-05 0.7994
0.0518068 0.785201 0.0269891 0.136003
0.0271082 0.0862963 0.859464 0.0271317
9.9982E-05 0.0911654 0.908635 9.9982E-05
0.0649824 0.0434476 0.89147 9.9991E-05
0.0215831 0.0350979 0.943219 9.9991E-05
0.033602 0.064834 0.901464 9.9991E-05
0.0198307 0.035319 0.94475 9.9991E-05
0.0283466 0.034457 0.937096 9.9991E-05
0.112034 0.616646 0.0744109 0.196909
0.0601053 0.631849 0.0952371 0.212809
9.9982E-05 0.305758 9.9982E-05 0.694042
0.0818495 0.717089 0.0806715 0.12039
9.9991E-05 0.629009 0.0463128 0.324578
9.9991E-05 0.774374 0.0504659 0.17506
9.9991E-05 0.792605 0.0120892 0.195206
0.116935 0.641859 0.0150268 0.226179
9.9991E-05 0.179309 0.0594125 0.761178
0.0523785 0.604119 0.150751 0.192752
0.0769619 0.800572 0.0783975 0.0440685
0.0888316 0.639046 0.0922418 0.179881
0.0561221 0.501746 9.9991E-05 0.442032
0.0629844 0.640405 0.0211005 0.27551
9.9991E-05 0.595986 0.0816096 0.322304
0.0661625 0.499439 9.9991E-05 0.434299
9.9991E-05 0.585259 0.107853 0.306789
9.9991E-05 0.686313 0.153024 0.160563
0.0426145 0.26897 0.120746 0.567669
0.037626 0.459167 0.207393 0.295814
0.05213 0.632045 0.158439 0.157386
0.0882266 0.669078 0.0775505 0.165145
9.9991E-05 0.579162 0.103114 0.317623
0.146368 0.556258 0.0217266 0.275648
0.0506529 0.531388 0.11996 0.297999
0.0700279 0.574048 0.105064 0.25086
0.063905 0.76378 0.0234032 0.148912
0.0589027 0.661355 0.0505512 0.229191
9.9991E-05 0.637868 0.0184691 0.343563
0.10807 0.591618 0.0215742 0.278738
0.131325 0.574869 0.102315 0.191491
0.0559091 0.688015 9.9991E-05 0.255976
0.11458 0.543786 0.103915 0.237719
0.0964288 0.578563 0.0758365 0.249172
9.9991E-05 0.481458 0.167269 0.351173
0.106944 0.717881 0.00477252 0.170402
0.0873253 0.690171 0.0141684 0.208336
0.0908445 0.310916 0.0549977 0.543242
0.0532912 0.256627 0.0733313 0.61675
0.0473656 0.646946 0.0685358 0.237153
0.129316 0.128751 9.9991E-05 0.741833
9.9991E-05 0.385307 0.109729 0.504865
9.9991E-05 0.572261 0.0217606 0.405878
9.9991E-05 0.436217 0.0875735 0.47611
0.0320188 0.389995 0.0229937 0.554993
0.0403985 0.680835 0.0896143 0.189152
0.119496 0.547453 0.110604 0.222447
0.0680748 0.589605 0.0650553 0.277264
0.141674 0.154232 9.9991E-05 0.703994
0.0351796 0.615996 0.162587 0.186238
0.0886693 0.604526 0.0675428 0.239262
0.0232476 0.070156 0.198805 0.707792
0.0484091 0.737272 0.067792 0.146527
0.0289175 0.487159 0.137955 0.345969
0.156499 0.567299 0.0887028 0.187499
0.107395 0.239101 0.145247 0.508258
9.9991E-05 0.340025 0.15361 0.506266
0.0553419 0.515596 0.0781416 0.35092
0.0721964 0.599811 0.137965 0.190028
0.110525 0.468085 0.145128 0.276263
0.24587 0.0133151 0.0526468 0.688168
0.0732493 0.633821 0.13246 0.16047
9.9982E-05 0.494352 9.9982E-05 0.505448
0.0357411 0.572898 9.9991E-05 0.391261
0.0675359 0.638799 0.183058 0.110607
0.352397 0.0863848 0.326836 0.234382
0.175092 9.9991E-05 0.628523 0.196285
0.218703 9.9991E-05 0.52477 0.256427
0.420263 0.0269071 0.422408 0.130421
0.0437751 0.764797 0.00270404 0.188724
0.0665736 0.686108 0.103502 0.143816
0.734295 0.247567 9.9991E-05 0.0180381
0.433364 0.445002 0.0534984 0.0681357
0.41981 0.343123 0.0988129 0.138254
0.0557573 0.432381 0.0145393 0.497323
0.0992056 0.598659 0.0989494 0.203186
0.088245 0.3154 9.9991E-05 0.596255
0.0926016 0.651339 0.0477 0.208359
0.055743 0.496449 0.105361 0.342447
0.0969929 0.635519 0.0314493 0.236038
0.0344011 0.323179 0.032865 0.609555
0.185121 0.632113 0.0376866 0.14508
0.0129196 0.681364 0.123423 0.182293
0.9997 9.998E-05 9.998E-05 9.998E-05
0.925596 0.0742036 9.9982E-05 9.9982E-05
0.560631 0.316922 0.122346 9.9991E-05
0.690224 0.307473 0.0022026 9.9991E-05
0.783048 0.186841 9.9991E-05 0.0300113
0.9997 9.998E-05 9.998E-05 9.998E-05
0.973684 9.9991E-05 0.0247785 0.00143784
0.892076 0.107724 9.9982E-05 9.9982E-05
0.973002 0.0267979 9.9982E-05 9.9982E-05
0.9997 9.998E-05 9.998E-05 9.998E-05
0.9997 9.998E-05 9.998E-05 9.998E-05
0.782103 0.134814 0.0621356 0.0209477
0.834239 0.131418 0.0342436 9.9991E-05
0.991242 0.00855824 9.9982E-05 9.9982E-05
0.398005 0.387615 0.105197 0.109183
0.696683 0.209551 0.030443 0.0633235
0.783352 0.216448 9.9982E-05 9.9982E-05
0.905885 0.093915 9.9982E-05 9.9982E-05
0.9997 9.998E-05 9.998E-05 9.998E-05
0.901549 0.0945395 0.00381146 9.9991E-05
0.999265 9.9982E-05 0.000535027 9.9982E-05
0.59911 0.286814 0.0627624 0.0513133
0.909755 0.0369207 9.9991E-05 0.053224
0.146577 9.9991E-05 0.355889 0.497434
0.109678 0.408548 0.215686 0.266087
0.147364 0.418682 0.244429 0.189524
0.228739 0.133941 0.256102 0.381218
0.181283 0.531219 0.113975 0.173523
0.189753 0.185627 0.319448 0.305172
0.05009 0.514985 0.26547 0.169455
0.249811 0.357438 0.156016 0.236735
0.20784 0.501309 0.102273 0.188578
0.275599 0.357329 0.229519 0.137554
0.115951 0.527594 0.233509 0.122946
9.9991E-05 0.0528675 0.895043 0.0519892
0.0468193 9.9982E-05 0.952981 9.9982E-05
9.998E-05 9.998E-05 0.9997 9.998E-05
9.9982E-05 0.020048 0.979752 9.9982E-05
0.0251742 0.00275831 0.971968 9.9991E-05
0.0572656 9.9982E-05 0.942534 9.9982E-05
0.0725016 0.00580681 0.921592 9.9991E-05
9.9982E-05 9.9982E-05 0.946805 0.0529953
9.9982E-05 0.0534284 0.946372 9.9982E-05
0.0978488 0.0242561 0.872395 0.00549999
9.9982E-05 9.9982E-05 0.636827 0.362973
0.0224032 0.0156474 0.672386 0.289563
9.9982E-05 9.9982E-05 0.609222 0.390578
9.9991E-05 0.00790237 0.548786 0.443212
0.00946407 0.622306 0.0272515 0.340978
0.071604 0.560323 0.0539572 0.314116
0.0115927 0.667804 0.0334082 0.287195
9.9991E-05 0.587438 0.0284965 0.383966
0.0175067 0.27122 0.0601336 0.65114
0.0302164 0.795197 0.0959093 0.0786768
0.0183519 0.759021 9.9991E-05 0.222527
9.9982E-05 0.707745 9.9982E-05 0.292055
0.0380517 0.589878 9.9991E-05 0.371971
9.9991E-05 0.771654 0.0992124 0.129034
9.9991E-05 0.649681 0.00736512 0.342854
0.0120015 0.127377 9.9991E-05 0.860521
9.9991E-05 0.668497 0.0917494 0.239653
0.0530682 0.399788 0.00494108 0.542203
0.0554682 0.714342 9.9991E-05 0.23009
9.9991E-05 0.336061 0.0125402 0.651299
9.9991E-05 0.0504119 0.276617 0.672871
9.9991E-05 0.11741 0.236702 0.645788
9.9991E-05 0.0392794 0.152638 0.807983
9.9991E-05 0.0180938 0.259428 0.722378
9.9991E-05 0.102322 0.131135 0.766442
9.9991E-05 0.155779 0.209302 0.634819
0.0552245 0.0665241 0.878151 9.9991E-05
0.0907985 0.0567732 0.852328 9.9991E-05
0.159188 0.0760776 0.764635 9.9991E-05
0.181142 0.00523821 0.780075 0.033545
0.0895442 0.0810657 0.82929 9.9991E-05
9.9982E-05 9.9982E-05 0.506983 0.492817
9.9982E-05 9.9982E-05 0.545915 0.453885
9.9982E-05 9.9982E-05 0.517154 0.482646
0.0721796 0.0890685 0.838652 9.9991E-05
9.9982E-05 9.9982E-05 0.514399 0.485401
0.447379 0.209846 0.257296 0.0854789
0.233418 0.530901 0.210876 0.0248056
0.325687 0.48571 0.188504 9.9991E-05
0.247291 0.343627 0.281733 0.127349
0.171676 0.529725 0.22838 0.0702191
0.366135 9.9991E-05 0.510493 0.123272
9.9991E-05 0.542474 0.0659908 0.391435
0.00863636 0.421715 0.0643664 0.505282
9.9991E-05 0.355126 0.175257 0.469517
0.0896245 0.536899 9.9991E-05 0.373376
9.998E-05 9.998E-05 9.998E-05 0.9997
0.101745 0.534832 0.156807 0.206616
0.10999 0.437947 0.0465792 0.405483
9.9991E-05 0.395481 0.115289 0.48913
0.0139321 0.643546 0.163479 0.179043
0.0312469 0.232361 0.0158986 0.720493
0.0490403 0.569689 0.0397802 0.341491
0.0272128 0.593188 0.0459783 0.333621
0.180029 0.464742 0.150026 0.205204
0.0245953 0.443477 9.9991E-05 0.531827
0.0813364 0.468198 0.0912138 0.359251
0.0772935 0.593462 0.0377884 0.291456
0.0801536 0.563517 0.0149379 0.341392
0.111088 0.714331 9.9991E-05 0.174481
0.088466 0.742881 0.0832092 0.0854439
0.0574069 0.576641 0.177707 0.188245
0.0977178 0.0854092 0.816773 9.9991E-05
0.0192955 0.118577 0.862028 9.9991E-05
0.0271588 0.0352267 0.82024 0.117375
9.9991E-05 0.100604 0.828472 0.0708235
9.9982E-05 0.124751 0.875049 9.9982E-05
0.00174468 0.312322 0.114999 0.570934
0.0784214 0.561156 0.152986 0.207437
0.205443 0.515302 0.209497 0.0697574
0.0627087 0.740621 0.0499021 0.146768
0.0627174 0.511183 0.0851393 0.34096
0.104029 0.2723 0.0372727 0.586399
9.9991E-05 0.0541 0.221722 0.724078
0.0674997 0.58488 0.0437894 0.303831
0.0522337 0.240158 0.139625 0.567984
0.0445486 0.52967 0.11475 0.311031
0.0314284 0.15634 0.203377 0.608855
0.0416245 0.696395 0.131368 0.130613
9.9991E-05 0.294659 0.143899 0.561342
0.113456 0.41257 0.0783106 0.395663
0.0626535 0.485887 0.0926661 0.358794
0.100625 0.264189 0.0228142 0.612372
0.0269943 0.645354 0.0585106 0.269141
0.00805772 0.691181 0.169072 0.13169
0.0201622 0.439856 0.0496896 0.490292
0.106444 0.525959 0.0934338 0.274163
9.9991E-05 0.711401 0.097521 0.190978
0.0314752 0.189334 9.9991E-05 0.779091
0.00739936 0.408717 0.0155967 0.568287
0.00928656 0.653526 0.0728599 0.264327
0.000730987 0.301208 0.04642 0.651641
9.9991E-05 0.606144 0.0151426 0.378613
0.00592718 0.187931 0.09813 0.708012
0.108785 0.23619 9.9991E-05 0.654925
0.0384984 0.453222 0.0930066 0.415273
0.103605 0.682156 0.0518791 0.16236
0.0659995 0.342882 9.9991E-05 0.591019
0.116437 0.46412 0.162039 0.257404
0.00632584 0.594549 0.166093 0.233032
0.0395248 0.537242 0.0974929 0.325741
0.154904 0.531951 0.0383354 0.27481
0.0542763 0.527778 0.0631919 0.354754
0.0828265 0.353007 0.00287539 0.561291
0.13313 0.382858 0.0198218 0.46419
0.0579635 0.630905 9.9991E-05 0.311032
0.13494 0.610216 0.046105 0.208739
0.0282744 0.475342 0.127813 0.368571
0.0928006 0.589302 0.00103594 0.316862
9.9991E-05 0.464181 0.121452 0.414267
0.000485261 0.749911 0.0563683 0.193235
0.102663 0.621731 0.0364709 0.239135
0.268797 0.493403 0.0574799 0.180321
0.0509943 0.50351 0.445396 9.9991E-05
0.251319 0.548625 0.0996945 0.100361
0.189763 0.47489 0.17044 0.164906
0.0617357 0.7517 0.108744 0.0778204
0.184236 0.513629 0.21656 0.0855743
0.0501234 0.555469 9.9991E-05 0.394308
0.174006 0.619528 0.098737 0.107729
0.229478 0.0519161 0.273596 0.44501
0.272357 0.45255 0.0979886 0.177105
0.148592 0.614762 0.173783 0.0628625
0.220558 0.489691 0.104673 0.185078
0.198241 0.332631 0.185044 0.284084
0.173753 0.610036 0.205463 0.0107481
0.218911 0.602611 0.154891 0.0235876
0.214125 9.9991E-05 0.540252 0.245522
0.189996 0.601844 0.208061 9.9991E-05
0.272599 0.482434 0.178939 0.0660283
0.16019 0.669843 0.079497 0.0904698
0.25916 0.537387 0.203353 9.9991E-05
0.0863018 0.559213 0.275874 0.0786108
0.115246 0.53463 0.0588269 0.291297
0.131878 0.548759 0.111591 0.207772
0.103088 0.0607352 9.9991E-05 0.836077
0.0793574 0.0672813 9.9991E-05 0.853261
0.122264 0.536844 0.0790924 0.2618
0.347715 0.436407 0.143055 0.0728229
0.451638 0.294395 0.073551 0.180416
0.389858 0.120854 0.209111 0.280178
0.280037 0.348698 0.257983 0.113282
0.25049 0.0862016 0.0502624 0.613046
0.223444 0.189196 0.0987694 0.488591
0.279751 0.552929 9.9991E-05 0.16722
0.180044 0.540013 9.9991E-05 0.279843
0.221613 0.210981 0.0454995 0.521907
0.174827 0.498998 0.109122 0.217053
0.214666 0.523209 9.9991E-05 0.262026
0.214061 0.439182 0.115781 0.230976
9.9991E-05 0.413641 0.0862946 0.499964
0.114437 0.442786 9.9991E-05 0.442677
0.0387756 0.588715 0.104016 0.268494
0.014206 0.492317 0.096886 0.396591
0.179199 0.407562 0.0761456 0.337093
0.0365839 0.589849 9.9991E-05 0.373467
0.06271 0.291667 9.9991E-05 0.645523
0.0744972 0.674803 0.0619717 0.188728
0.0383135 0.279075 9.9991E-05 0.682511
0.0994136 0.473223 0.0164941 0.410869
0.0532633 0.636384 0.0812837 0.229069
0.0917813 0.580227 9.9991E-05 0.327891
0.206149 0.448202 0.150529 0.195119
0.220773 0.332109 0.178062 0.269056
0.301847 0.368271 0.120844 0.209038
0.265481 0.364035 0.186432 0.184052
0.155497 0.50018 0.230837 0.113486
0.295418 0.490106 0.0316376 0.182838
0.258301 9.9991E-05 0.150323 0.591276
0.299043 0.494568 0.109849 0.0965402
0.218379 9.9991E-05 0.412555 0.368965
0.316469 0.509548 0.0529389 0.121044
9.9982E-05 0.29923 9.9982E-05 0.70057
0.0578357 0.0482352 9.9991E-05 0.893829
0.0293739 0.628859 9.9991E-05 0.341667
0.0748131 0.775698 9.9991E-05 0.149389
9.9982E-05 0.556342 9.9982E-05 0.443458
9.9991E-05 0.650809 0.0174502 0.33164
0.0535894 0.612805 9.9991E-05 0.333505
0.0529262 0.0376323 0.83937 0.0700714
0.137995 9.9991E-05 0.766709 0.0951959
0.0451711 9.9982E-05 0.954629 9.9982E-05
9.9982E-05 0.034619 0.965181 9.9982E-05
0.0571074 0.590882 0.0528062 0.299205
0.0804473 0.638003 0.0647412 0.216809
9.9991E-05 0.712201 0.0207119 0.266987
0.0439885 0.730263 0.0802798 0.145468
9.9991E-05 0.668066 0.138461 0.193373
9.9991E-05 0.492168 0.0371443 0.470587
0.0172937 0.822634 9.9991E-05 0.159972
9.9991E-05 0.53279 0.00748177 0.459628
0.220556 0.494265 0.267245 0.0179328
0.0664999 0.621684 9.9991E-05 0.311716
9.9982E-05 0.594405 9.9982E-05 0.405395
9.9991E-05 0.741617 0.0355549 0.222728
9.9982E-05 0.604402 9.9982E-05 0.395398
9.9982E-05 0.711101 9.9982E-05 0.288699
9.9991E-05 0.706289 0.132821 0.16079
9.9982E-05 0.390216 9.9982E-05 0.609584
0.0240382 0.48218 9.9991E-05 0.493682
0.00508292 0.527008 0.00751372 0.460396
9.9982E-05 0.195505 9.9982E-05 0.804295
9.9991E-05 0.584645 0.046392 0.368863
0.0233723 0.301469 9.9991E-05 0.675059
9.9991E-05 0.171571 0.00784747 0.820481
0.0261938 0.746994 0.0338149 0.192997
9.9991E-05 0.459459 0.0438864 0.496555
0.0354976 0.631008 0.0200663 0.313428
0.0801967 0.721605 0.0683591 0.129839
9.9982E-05 0.705147 9.9982E-05 0.294653
0.171221 0.282496 9.9991E-05 0.546183
9.9991E-05 0.716571 0.0360366 0.247293
0.0810093 0.540749 0.0284976 0.349744
9.9982E-05 0.536168 9.9982E-05 0.463632
0.0787204 0.56912 0.0788034 0.273356
0.0242226 9.9991E-05 0.710531 0.265147
0.0427843 0.0396189 0.772929 0.144668
9.9982E-05 9.9982E-05 0.867506 0.132294
9.9982E-05 9.9982E-05 0.858751 0.141049
9.9991E-05 0.0392754 0.788244 0.172381
9.9991E-05 0.435401 0.0149237 0.549576
9.9991E-05 0.382235 0.0515404 0.566125
9.9982E-05 0.401833 9.9982E-05 0.597967
0.000497622 0.7824 0.147782 0.069321
0.0796152 0.687272 0.114289 0.118824
0.05976 0.515977 9.9991E-05 0.424163
0.028604 0.76383 0.0472843 0.160281
0.0870264 0.598612 0.0585648 0.255797
9.9991E-05 0.751572 0.00548409 0.242844
0.0627909 0.744376 0.0115288 0.181304
9.9991E-05 0.560382 0.00260688 0.436911
9.9991E-05 0.610067 0.0106871 0.379146
0.00431749 0.527762 9.9991E-05 0.46782
9.9991E-05 0.682325 0.19336 0.124215
9.9991E-05 0.632643 0.0295024 0.337754
9.9991E-05 0.675494 0.00705593 0.31735
0.464575 0.458192 0.077133 9.9991E-05
0.491448 0.385106 0.123346 9.9991E-05
0.529171 0.380014 0.0907145 9.9991E-05
0.47814 0.335174 0.186586 9.9991E-05
0.370136 0.455139 0.159714 0.0150102
0.0994618 0.553456 0.0244297 0.322653
0.611331 0.109127 0.279441 9.9991E-05
0.512506 0.321709 0.165685 9.9991E-05
0.224451 0.389437 0.150099 0.236013
0.0461624 0.642747 0.180728 0.130362
0.0917469 0.445712 0.167601 0.294941
9.9991E-05 0.684866 0.175716 0.139318
0.107467 0.648206 0.125522 0.118805
0.519813 0.288866 0.191222 9.9991E-05
0.406427 0.471872 0.121601 9.9991E-05
0.441424 0.448249 0.110227 9.9991E-05
0.327732 0.469206 0.180695 0.0223681
0.525485 0.348359 0.126056 9.9991E-05
0.338108 0.432279 0.14654 0.0830735
0.644779 0.201989 0.134038 0.0191933
0.486895 0.415732 0.0429008 0.0544714
0.0421314 0.628392 0.158457 0.171019
0.349419 0.406187 0.214067 0.0303273
0.656749 0.16558 0.177572 9.9991E-05
0.409522 0.369756 0.155981 0.064741
0.0031625 0.330443 0.232099 0.434295
0.152203 0.620165 0.0322856 0.195346
0.287578 0.434678 0.222404 0.05534
0.0430698 0.638466 0.154265 0.1642
9.9991E-05 0.636168 0.153484 0.210249
0.262338 0.367319 0.163177 0.207167
0.351757 0.318647 0.250498 0.0790982
0.128903 0.63279 0.0928583 0.145448
0.38156 0.473866 0.0658496 0.0787244
0.448833 0.412774 0.111516 0.0268767
0.672683 0.104346 0.222871 9.9991E-05
0.0833826 0.619241 0.145185 0.152191
9.9991E-05 0.594035 0.153561 0.252303
0.153835 0.221753 0.13221 0.492202
0.150056 0.639156 0.138391 0.0723967
0.0522866 0.449635 0.187082 0.310997
0.202814 0.494198 0.186599 0.11639
0.164401 0.514931 0.190558 0.13011
0.290423 9.9991E-05 0.314486 0.394991
0.233895 9.9991E-05 0.386429 0.379576
0.187686 0.291639 0.17263 0.348045
0.283654 9.9991E-05 0.386101 0.330145
0.291738 9.9991E-05 0.522182 0.18598
0.238288 0.333546 0.104299 0.323868
0.214452 0.387056 0.21206 0.186432
0.300999 0.114935 0.309335 0.274731
0.231365 0.087172 0.321414 0.360049
0.188958 0.501776 0.15124 0.158026
0.200422 0.177165 0.219034 0.403379
0.148087 9.9991E-05 0.51708 0.334733
0.251611 0.494188 0.0795071 0.174694
0.319408 0.310216 0.119589 0.250788
0.235201 0.378704 0.298485 0.0876091
0.275528 0.556583 0.167789 9.9991E-05
0.165246 0.563805 0.270849 9.9991E-05
0.257095 0.519488 0.162528 0.06089
0.183542 0.414024 0.378411 0.0240227
0.139335 0.660766 0.199798 9.9991E-05
0.257744 0.457963 0.243493 0.0408008
0.32485 0.271079 0.246368 0.157703
0.113604 0.381061 0.215245 0.290089
0.111184 0.578051 0.154962 0.155804
0.141185 0.614682 0.157469 0.0866636
0.0782556 0.752171 0.147009 0.0225639
0.315788 0.31101 0.293081 0.0801213
0.191295 0.516786 0.255099 0.0368202
0.226314 0.219931 0.425005 0.12875
0.280706 0.512539 0.113799 0.0929562
0.397057 0.176801 0.269249 0.156893
9.9991E-05 0.00230364 0.839517 0.158079
9.9991E-05 0.151172 0.174682 0.674046
9.9982E-05 9.9982E-05 0.169823 0.829977
9.9991E-05 0.0487238 0.213569 0.737607
9.9991E-05 0.115076 0.153031 0.731793
9.9991E-05 0.0641035 0.183126 0.75267
9.9991E-05 0.163921 0.146427 0.689552
9.9982E-05 9.9982E-05 0.191392 0.808408
9.9991E-05 0.0353723 0.355969 0.608559
0.0442087 9.9991E-05 0.935026 0.0206656
9.9991E-05 0.120465 0.826143 0.0532919
0.0604756 9.9991E-05 0.915876 0.0235481
9.9991E-05 0.0142659 0.895609 0.0900248
0.05068 0.0104594 0.938761 9.9991E-05
9.9982E-05 9.9982E-05 0.918688 0.0811123
0.159468 0.0247858 0.745567 0.0701791
0.094036 0.0272287 0.861925 0.0168102
0.0795908 0.0439075 0.718586 0.157915
0.0648857 9.9982E-05 0.934914 9.9982E-05
0.0049223 9.9991E-05 0.956723 0.0382542
0.0529492 0.0156276 0.897747 0.0336759
0.0135447 0.0151534 0.971202 9.9991E-05
0.0652145 0.0181372 0.916548 9.9991E-05
0.045541 0.0838833 0.870476 9.9991E-05
0.00403275 0.0983674 0.8975 9.9991E-05
0.104985 0.0990259 0.795889 9.9991E-05
0.0634026 0.146428 0.79007 9.9991E-05
0.0657564 0.107979 0.826164 9.9991E-05
0.0574376 0.488303 0.176427 0.277832
9.9991E-05 0.823461 0.0862567 0.090182
0.0896687 0.623856 0.173 0.113476
0.0840314 0.212761 0.0918208 0.611386
9.9991E-05 0.598161 0.200712 0.201027
0.076858 0.202127 0.195251 0.525765
0.027125 0.72672 0.100456 0.145699
9.9991E-05 0.534816 0.119911 0.345173
9.9991E-05 0.675695 0.12603 0.198174
9.9991E-05 0.672077 0.0467217 0.281101
9.9991E-05 0.569561 0.171839 0.258499
9.9991E-05 0.69615 0.128175 0.175574
9.9991E-05 0.686114 0.128002 0.185784
0.0871655 0.130713 0.00276002 0.779362
0.05564 9.9991E-05 0.0744196 0.86984
0.0780913 0.198701 0.139166 0.584041
0.0609602 0.749575 0.146038 0.0434271
9.9991E-05 0.660304 0.123487 0.216108
9.9991E-05 0.64888 0.163916 0.187104
0.082776 0.665297 0.10437 0.147557
0.208319 0.54833 0.243251 9.9991E-05
0.16608 0.624425 0.209396 9.9991E-05
0.177065 0.115341 0.423063 0.284531
0.0430866 0.636241 0.188558 0.132114
0.140329 0.482671 0.248622 0.128379
0.225389 9.9991E-05 0.444569 0.329942
0.22533 0.355326 0.324372 0.0949731
0.20514 0.303032 0.380329 0.111499
0.0779587 0.493628 0.34898 0.079434
0.207183 0.525564 0.165858 0.101394
0.218637 0.538581 0.19774 0.0450413
0.257078 0.581588 0.161234 9.9991E-05
0.271119 0.408871 0.185355 0.134656
0.157938 0.325574 0.492134 0.0243546
