0.0545127 9.9991E-05 0.883507 0.0618807
0.042786 9.9982E-05 0.957014 9.9982E-05
0.0509488 9.9991E-05 0.806906 0.142045
0.0972283 9.9991E-05 0.760056 0.142616
9.9982E-05 9.9982E-05 0.870421 0.129379
0.0994238 0.145205 0.657394 0.0979769
0.0700522 0.00962225 0.885849 0.0344762
0.1849 0.00952148 0.750578 0.0550006
0.125977 9.9982E-05 0.873823 9.9982E-05
0.0377902 0.0218026 0.750868 0.189539
0.10262 0.0984533 0.777521 0.0214061
0.464837 0.353372 0.0100439 0.171747
0.339793 0.254645 9.9991E-05 0.405462
0.491191 0.276453 0.0546941 0.177662
0.411731 0.222999 0.0275242 0.337746
0.245561 0.333453 0.0658466 0.35514
0.139864 0.375317 0.0901058 0.394713
0.221286 0.417406 0.0191414 0.342166
0.384733 0.20859 0.147637 0.25904
0.63269 0.217076 0.124111 0.0261229
0.298556 0.382926 9.9991E-05 0.318418
0.109769 0.518428 0.0488202 0.322982
0.189259 0.430364 0.040766 0.339611
0.414301 0.310775 0.0223424 0.252582
0.202408 0.3079 0.0394121 0.450279
0.334911 0.227416 9.9991E-05 0.437573
0.499495 0.254947 0.043881 0.201677
0.440884 0.266772 0.0377761 0.254568
0.461379 0.339411 0.0386324 0.160578
9.9982E-05 9.9982E-05 0.822447 0.177353
9.9982E-05 9.9982E-05 0.810542 0.189258
0.0334734 9.9991E-05 0.784388 0.182038
9.9991E-05 0.0377325 0.804322 0.157845
0.19958 0.492791 9.9991E-05 0.307529
0.103642 0.482836 0.142189 0.271333
9.9982E-05 0.703273 9.9982E-05 0.296527
0.698154 0.145505 0.0768056 0.0795356
0.0102416 0.72709 0.038664 0.224004
0.189046 0.459519 9.9991E-05 0.351335
9.9982E-05 0.614159 9.9982E-05 0.385641
0.119421 0.474682 0.0236336 0.382263
0.0744925 0.493016 0.0542145 0.378277
0.232278 0.673546 0.0384348 0.0557406
0.0397609 0.519364 0.0572725 0.383602
0.170135 0.416798 9.9991E-05 0.412967
0.107565 0.458651 0.0550075 0.378776
0.0646661 0.809362 9.9991E-05 0.125872
0.0287988 0.59127 0.00170223 0.378229
0.110182 0.402369 0.0816545 0.405795
0.0272593 0.774708 0.197933 9.9991E-05
0.457273 0.482169 0.0253782 0.0351796
0.236957 0.610137 0.152807 9.9991E-05
0.231788 0.363576 0.046242 0.358394
0.181773 0.321114 0.0860486 0.411064
0.0450819 0.43878 0.0370298 0.479108
0.394062 0.449729 0.117413 0.0387957
0.217349 0.454696 9.9991E-05 0.327855
0.180962 0.381387 9.9991E-05 0.437552
0.220682 0.415776 0.161748 0.201794
0.38183 0.305844 0.254292 0.0580345
0.247617 0.417205 0.0086706 0.326507
0.400477 0.272722 0.0428025 0.283998
0.550891 0.32474 0.124269 9.9991E-05
0.245221 0.460015 9.9991E-05 0.294664
0.0682315 0.538104 9.9991E-05 0.393564
0.22342 0.368238 9.9991E-05 0.408242
0.326075 0.386559 0.0639285 0.223438
0.211657 0.478374 9.9991E-05 0.309869
0.254839 0.313599 0.0485547 0.383007
0.39679 0.476553 0.103359 0.023299
0.0902241 0.656251 9.9991E-05 0.253425
0.233593 0.683756 0.0149092 0.0677421
0.285097 0.400543 0.0092828 0.305077
0.0689705 0.836391 0.0945389 9.9991E-05
0.101788 0.863643 0.0344685 9.9991E-05
0.0265609 0.910711 9.9991E-05 0.0626283
0.0930984 0.682922 9.9991E-05 0.22388
0.1509 0.411438 0.123067 0.314594
0.134695 0.620266 9.9991E-05 0.244939
0.297004 0.585387 0.0337856 0.0838234
0.391141 0.50294 0.0410589 0.0648602
0.144851 0.411762 0.027393 0.415994
0.2262 0.568051 0.0169784 0.188771
0.137007 0.603265 0.0152199 0.244508
9.9991E-05 0.859775 0.0146269 0.125498
0.137095 0.781304 0.0815003 9.9991E-05
0.132717 0.548861 9.9991E-05 0.318322
0.0867843 9.9991E-05 0.805401 0.107715
9.9982E-05 9.9982E-05 0.910416 0.0893844
9.9982E-05 9.9982E-05 0.866586 0.133214
9.9982E-05 9.9982E-05 0.942733 0.0570674
9.9991E-05 0.0133307 0.909116 0.0774534
0.0170702 0.0122498 0.906894 0.0637862
9.9982E-05 9.9982E-05 0.919902 0.079898
0.147235 0.474814 0.0385838 0.339367
0.190422 0.47612 9.9991E-05 0.333358
0.158171 0.776176 0.0655527 9.9991E-05
0.0726227 0.445173 0.0497771 0.432427
0.254437 0.531011 0.0153507 0.199201
0.0605214 0.590602 9.9991E-05 0.348776
0.00369959 0.649623 0.0269348 0.319743
9.9982E-05 0.677982 9.9982E-05 0.321818
0.297992 0.620575 0.0813331 9.9991E-05
0.0938588 0.437803 0.139783 0.328556
0.0662216 0.506652 9.9991E-05 0.427026
0.305384 0.229274 0.0224575 0.442885
9.9991E-05 0.788582 0.110934 0.100383
0.00593869 0.703872 0.0182412 0.271948
0.2564 0.463884 0.00565052 0.274066
0.0010181 0.776189 9.9991E-05 0.222693
0.133351 0.608994 9.9991E-05 0.257555
0.0422751 0.528789 0.138095 0.290841
0.371908 0.429659 0.0994884 0.0989447
0.34225 0.183132 0.117908 0.35671
0.324889 0.259557 0.046924 0.36863
0.175588 0.348557 0.0436985 0.432156
0.336073 0.363522 0.0445674 0.255838
0.267027 0.362422 9.9991E-05 0.370451
0.448676 0.248469 9.9991E-05 0.302755
0.21924 0.490809 0.0124554 0.277495
0.24292 0.312326 9.9991E-05 0.444654
0.237955 0.421454 0.0140861 0.326505
0.408528 0.315468 9.9991E-05 0.275905
0.226324 0.373594 9.9991E-05 0.399982
0.16198 0.295035 0.033023 0.509962
0.282363 0.364538 9.9991E-05 0.352999
0.234905 0.327068 0.0237882 0.414239
0.293777 0.300485 9.9991E-05 0.405638
0.307494 0.35675 0.0602191 0.275538
0.189125 0.335161 9.9991E-05 0.475615
0.21189 0.352482 9.9991E-05 0.435527
0.505905 0.310737 0.019921 0.163437
0.299372 0.518612 0.112624 0.0693922
0.312749 0.376171 9.9991E-05 0.31098
0.389009 0.529558 9.9991E-05 0.0813325
0.535633 0.273079 0.0320741 0.159214
0.403738 0.388024 9.9991E-05 0.208138
0.597355 0.259014 9.9991E-05 0.143532
0.528783 0.294435 9.9991E-05 0.176683
0.223167 0.369327 0.016412 0.391094
0.222013 0.312405 0.054307 0.411275
0.293744 0.429539 0.0046241 0.272093
0.45762 0.426729 0.0517315 0.0639198
0.10449 0.440296 0.138381 0.316834
0.0484455 0.516536 0.117426 0.317592
0.155208 0.541682 0.30301 9.9991E-05
9.9991E-05 0.510367 0.0608311 0.428702
0.0454381 0.643122 0.11184 0.1996
0.0571395 0.553785 0.0812727 0.307803
0.150513 0.567015 0.169164 0.113308
0.137377 0.647965 0.214558 9.9991E-05
0.19515 0.561994 0.0531475 0.189709
0.205767 0.427578 0.0831495 0.283506
0.162276 0.44216 0.193764 0.201801
0.165932 0.524364 0.236706 0.0729977
0.0834423 0.507963 9.9991E-05 0.408494
0.207999 0.705228 0.0064754 0.0802979
0.150865 0.626823 9.9991E-05 0.222212
9.9991E-05 0.457468 0.14633 0.396103
0.0676905 0.21518 0.392899 0.32423
9.9991E-05 0.0971677 0.761902 0.140831
9.9991E-05 0.239552 0.686383 0.0739655
0.0468832 0.0696469 0.467744 0.415726
9.9982E-05 0.679233 9.9982E-05 0.320567
0.200027 0.353239 0.0391007 0.407634
0.0590154 0.0617744 9.9991E-05 0.87911
0.178887 0.0682915 0.034687 0.718134
0.0330252 0.251399 0.0981998 0.617376
0.0166491 0.75484 0.115603 0.112908
0.0244644 0.564866 0.0496716 0.360998
9.9991E-05 0.849403 0.142578 0.00791906
0.0802789 0.572226 9.9991E-05 0.347395
0.0348782 0.612712 0.101025 0.251385
0.0843562 0.518769 9.9991E-05 0.396775
0.0830283 0.753417 0.128927 0.0346272
0.112581 0.445145 0.0400066 0.402268
0.0256273 0.530491 0.139351 0.304531
9.9982E-05 9.9982E-05 0.0619601 0.93784
9.9982E-05 9.9982E-05 0.0731924 0.926608
0.00350596 0.145593 0.112501 0.738401
0.0271567 9.9991E-05 0.0547976 0.917946
9.9991E-05 0.0307575 0.0929026 0.87624
9.9982E-05 9.9982E-05 0.0790017 0.920798
9.9982E-05 9.9982E-05 0.0941191 0.905681
9.9991E-05 0.00265775 0.0259007 0.971342
9.9982E-05 9.9982E-05 0.0584111 0.941389
9.9982E-05 9.9982E-05 0.0534632 0.946337
9.9982E-05 9.9982E-05 0.0685955 0.931205
9.9982E-05 9.9982E-05 0.183145 0.816655
9.9982E-05 9.9982E-05 0.143806 0.855994
9.9982E-05 9.9982E-05 0.0562676 0.943532
0.110992 0.243349 0.0367412 0.608918
0.0546056 9.9991E-05 0.167257 0.778038
9.9991E-05 0.00720031 0.12986 0.86284
9.9982E-05 9.9982E-05 0.0953504 0.90445
9.9982E-05 9.9982E-05 0.0569122 0.942888
9.9982E-05 9.9982E-05 0.1168 0.883
9.9982E-05 9.9982E-05 0.0561618 0.943638
0.0316415 0.113695 0.141418 0.713246
9.9982E-05 9.9982E-05 0.117463 0.882337
9.9982E-05 0.468542 0.531258 9.9982E-05
0.208172 0.287609 0.15808 0.346139
0.0293872 0.474771 0.244635 0.251208
9.9991E-05 0.436845 0.35301 0.210046
0.0458099 0.442303 0.141813 0.370074
9.9991E-05 0.478309 0.417059 0.104532
0.0761755 0.430394 0.243215 0.250215
0.0101384 0.37198 0.246815 0.371067
0.103069 0.304363 0.172001 0.420567
9.9991E-05 0.370829 0.252536 0.376535
0.082762 0.370539 0.170275 0.376424
0.0814722 0.00710554 0.880713 0.0307097
9.9982E-05 9.9982E-05 0.9513 0.0485002
0.038739 9.9991E-05 0.942315 0.0188455
0.0489071 9.9991E-05 0.936303 0.0146898
0.0470399 9.9991E-05 0.898673 0.0541868
0.00122702 9.9991E-05 0.905473 0.0932004
9.9982E-05 9.9982E-05 0.884732 0.115068
0.051797 9.9991E-05 0.916214 0.0318892
9.9982E-05 9.9982E-05 0.932675 0.0671246
9.9982E-05 9.9982E-05 0.881788 0.118012
0.303551 0.0328999 0.66345 9.9991E-05
0.374026 9.9991E-05 0.622744 0.00313042
0.349814 0.0404765 0.60961 9.9991E-05
0.355509 0.103853 0.540538 9.9991E-05
0.236693 0.4595 0.0247063 0.2791
0.152152 0.503712 0.0192345 0.324901
0.151564 0.493878 9.9991E-05 0.354458
0.28647 0.508414 9.9991E-05 0.205016
0.718332 0.186785 9.9991E-05 0.0947834
0.11422 0.486901 9.9991E-05 0.398778
0.154251 0.546966 9.9991E-05 0.298683
0.139659 0.576002 9.9991E-05 0.284239
0.0719129 0.711626 9.9991E-05 0.216361
0.18252 0.415506 0.00675825 0.395215
0.120347 0.676517 9.9991E-05 0.203037
0.126634 0.80123 0.072036 9.9991E-05
0.241028 0.422129 0.00564879 0.331194
0.0284472 0.852358 0.0455119 0.0736833
0.0844577 0.660837 9.9991E-05 0.254605
0.343127 0.619743 0.0293034 0.00782713
0.825558 0.00547897 0.168863 9.9991E-05
0.794799 0.0653947 0.139707 9.9991E-05
0.881153 0.0420578 0.0766888 9.9991E-05
0.86648 0.0264503 0.10697 9.9991E-05
0.892529 0.0428275 0.0457704 0.0188729
0.862591 9.9991E-05 0.0544397 0.0828696
9.9991E-05 0.018272 0.852914 0.128714
0.0327704 9.9991E-05 0.823818 0.143312
9.9982E-05 9.9982E-05 0.751426 0.248374
0.0648305 9.9991E-05 0.763358 0.171712
0.0283075 9.9991E-05 0.786965 0.184627
0.605947 9.9982E-05 0.393853 9.9982E-05
0.453195 0.0745613 0.472144 9.9991E-05
0.516839 0.0116088 0.471452 9.9991E-05
0.0425088 9.9991E-05 0.79216 0.165232
0.594533 9.9982E-05 0.405267 9.9982E-05
9.9991E-05 0.214981 0.268925 0.515994
0.0875166 0.206012 0.124119 0.582353
9.9991E-05 0.0827473 0.229295 0.687858
9.9991E-05 0.277654 0.323294 0.398952
0.114161 0.347575 0.11816 0.420104
9.9991E-05 0.0915486 0.607685 0.300667
0.386883 0.394785 9.9991E-05 0.218232
0.260521 0.526615 0.0418409 0.171023
0.560619 0.198927 0.0728029 0.167651
0.230875 0.508103 9.9991E-05 0.260922
0.2685 0.681508 0.0498917 9.9991E-05
0.1603 0.449675 0.0752862 0.314739
0.232624 0.484856 0.00166261 0.280857
0.493909 0.34949 9.9991E-05 0.156501
0.250358 0.29363 0.0437077 0.412305
0.317425 0.635755 0.0467195 9.9991E-05
0.229837 0.463233 0.00831956 0.29861
0.260392 0.394317 9.9991E-05 0.345191
0.165328 0.299002 0.13771 0.397959
0.338122 0.484487 9.9991E-05 0.177291
0.317485 0.451144 9.9991E-05 0.231271
0.144653 0.47508 9.9991E-05 0.380166
0.196808 0.48507 9.9991E-05 0.318022
0.187139 0.404523 9.9991E-05 0.408237
0.209573 0.389433 0.0706145 0.33038
0.132816 0.374195 0.104526 0.388464
9.9991E-05 0.0236991 0.793935 0.182266
9.9991E-05 0.0323791 0.882722 0.0847991
0.0994177 0.0542913 0.7955 0.0507908
9.9991E-05 0.0679508 0.850341 0.0816085
9.9991E-05 0.0205129 0.825895 0.153492
0.703741 0.172093 9.9991E-05 0.124066
0.196764 0.393467 0.0386805 0.371089
0.0547692 0.252649 0.276319 0.416263
0.232847 0.336586 9.9991E-05 0.430467
0.343945 0.344341 0.000487628 0.311227
0.425969 0.332128 9.9991E-05 0.241803
0.656834 0.185431 0.157635 9.9991E-05
0.414249 0.295692 9.9991E-05 0.289959
0.51623 0.285179 0.10339 0.0952011
0.204096 0.463761 0.0353681 0.296774
0.637075 0.202043 0.0873517 0.0735308
0.306199 0.266265 0.0231303 0.404406
0.626442 0.223125 0.086158 0.0642755
0.284179 0.428816 0.0954034 0.191601
0.252367 0.436736 0.00971218 0.301185
0.095817 0.698874 0.132399 0.0729102
0.0787676 0.549448 0.0657574 0.306027
0.140689 0.467763 0.0806147 0.310933
0.181867 0.6721 0.0563764 0.0896557
0.240244 0.420378 0.0528561 0.286523
0.099405 0.652889 0.0307428 0.216963
0.0915229 0.825631 0.0827462 9.9991E-05
0.0412445 0.837486 0.12117 9.9991E-05
0.134485 0.617525 0.0116164 0.236374
0.126623 0.760141 0.113136 9.9991E-05
0.144842 0.689894 0.000496414 0.164768
0.680513 0.20312 0.0318584 0.0845094
0.402372 0.503468 9.9991E-05 0.0940602
0.529523 0.211464 9.9991E-05 0.258913
0.303282 0.279242 9.9991E-05 0.417376
0.548056 0.329036 9.9991E-05 0.122808
0.26461 0.311461 0.0590964 0.364833
0.240714 0.304257 9.9991E-05 0.454929
0.302314 0.348153 9.9991E-05 0.349433
0.339023 0.30764 9.9991E-05 0.353236
0.430326 0.315443 0.000308441 0.253922
0.5698 0.238552 9.9991E-05 0.191548
0.503707 0.225779 9.9991E-05 0.270414
0.204063 0.372247 9.9991E-05 0.42359
0.0755441 0.505967 0.04714 0.371349
0.266231 0.435836 0.0267552 0.271178
0.329526 0.28054 9.9991E-05 0.389833
0.412087 0.241564 0.0835626 0.262786
0.207449 0.360411 9.9991E-05 0.43204
0.286623 0.322338 0.0469017 0.344137
0.141535 0.363746 0.103032 0.391688
0.0242182 0.280768 0.320508 0.374505
9.9991E-05 0.370461 0.146067 0.483372
0.0312581 0.331007 0.175212 0.462523
0.170064 0.329751 0.0221546 0.478031
0.0319003 0.308098 0.211473 0.448529
0.297154 0.496092 9.9991E-05 0.206654
0.0987576 0.365172 0.0864836 0.449587
9.9991E-05 0.484834 0.441338 0.073728
0.0694861 0.378647 0.0906393 0.461228
0.107804 0.359656 0.11051 0.42203
0.0539284 0.288075 0.123368 0.534628
0.0417637 0.443026 0.269667 0.245543
9.9991E-05 0.393324 0.149441 0.457135
0.0109778 0.370213 0.137294 0.481516
9.9991E-05 0.186611 0.68559 0.127699
9.9991E-05 0.31272 0.149871 0.537309
9.9991E-05 0.320356 0.16045 0.519094
0.0825857 0.370975 0.0870365 0.459402
0.0607981 0.235806 0.16532 0.538075
0.113833 0.377153 0.103136 0.405878
0.0659595 0.563251 0.0355365 0.335253
0.174172 0.468124 0.0129514 0.344753
0.114445 0.834546 0.0509088 9.9991E-05
0.114662 0.794406 0.0908322 9.9991E-05
0.181947 0.423653 0.026313 0.368087
0.0195184 0.284408 0.152676 0.543397
9.9991E-05 0.343739 0.163978 0.492183
9.9991E-05 0.298236 0.369953 0.331712
0.00661052 0.284702 0.219958 0.488729
9.9991E-05 0.7011 0.241092 0.0577079
9.9991E-05 0.624713 0.238159 0.137027
0.0836791 0.540494 9.9991E-05 0.375727
0.013537 0.597171 0.048297 0.340995
0.0158966 0.608283 0.172819 0.203002
0.165183 0.452654 0.0303725 0.35179
0.050374 0.573738 9.9991E-05 0.375788
0.00156688 0.513837 0.121049 0.363546
0.125198 0.731607 0.101075 0.0421202
0.0401379 0.684175 0.0678499 0.207838
0.0651435 0.568019 0.072157 0.294681
0.123228 0.586286 0.0811255 0.209361
0.121298 0.467443 0.078241 0.333018
0.0542674 0.72117 9.9991E-05 0.224463
0.0992951 0.807442 0.0460883 0.0471742
9.9991E-05 0.635216 0.0378631 0.326821
0.122443 0.783649 0.0467018 0.0472058
9.9991E-05 0.72705 0.0927357 0.180115
0.081331 0.518093 0.0143844 0.386192
0.0810755 0.629932 9.9991E-05 0.288893
0.0408006 0.284673 0.214917 0.45961
0.142391 0.330485 0.179657 0.347467
0.0833948 0.321634 0.121163 0.473809
0.076771 0.268074 0.245248 0.409907
0.152895 0.322208 0.102086 0.422811
0.0196272 0.385704 0.178392 0.416277
9.9991E-05 0.542157 0.389739 0.0680043
0.0480238 0.314292 0.0332894 0.604395
9.9991E-05 0.356125 0.605031 0.0387438
9.9991E-05 0.449941 0.0789561 0.471003
9.9982E-05 0.9637 0.0361005 9.9982E-05
0.0713755 0.82198 0.106545 9.9991E-05
0.0717018 0.715811 9.9991E-05 0.212387
9.9982E-05 0.625713 9.9982E-05 0.374087
9.9991E-05 0.813972 0.0559929 0.129935
9.9982E-05 0.742297 9.9982E-05 0.257503
0.0280972 0.679343 9.9991E-05 0.292459
0.00385158 0.0547503 0.810654 0.130744
0.172001 9.9991E-05 0.72217 0.105729
0.0341523 9.9991E-05 0.890474 0.0752741
9.9982E-05 9.9982E-05 0.943469 0.0563314
0.191935 0.523843 9.9991E-05 0.284122
0.0670596 0.55667 0.0582023 0.318068
0.0842508 0.625727 9.9991E-05 0.289922
0.0782805 0.478084 0.101265 0.34237
0.129272 0.437404 0.0542101 0.379114
0.207373 0.674601 0.0304087 0.0876176
0.0351626 0.635394 9.9991E-05 0.329343
9.9991E-05 0.878253 0.00414066 0.117506
0.0928473 0.242517 0.198881 0.465755
0.104616 0.62602 9.9991E-05 0.269264
0.212891 0.620662 9.9991E-05 0.166348
0.0753868 0.670019 9.9991E-05 0.254494
0.110295 0.656863 9.9991E-05 0.232742
9.9982E-05 0.679766 9.9982E-05 0.320034
0.064496 0.503188 0.0503879 0.381929
9.998E-05 0.9997 9.998E-05 9.998E-05
0.0252904 0.823635 0.0779938 0.0730811
0.110891 0.689191 0.00287414 0.197044
9.9982E-05 0.946661 0.0531392 9.9982E-05
0.206418 0.532671 0.0106034 0.250307
0.0522811 0.887914 0.0597047 9.9991E-05
0.0596761 0.849005 0.0912188 9.9991E-05
0.0564159 0.576044 9.9991E-05 0.36744
0.184837 0.727637 0.0218208 0.0657056
0.16225 0.569791 9.9991E-05 0.267859
0.0582361 0.506714 0.110369 0.324681
0.130165 0.574097 9.9991E-05 0.295637
0.406087 0.381318 9.9991E-05 0.212495
0.0162681 0.633302 9.9991E-05 0.35033
0.121212 0.607377 0.0316362 0.239775
0.0584632 0.83308 0.00483374 0.103623
0.115864 0.537376 0.0366587 0.310101
0.294869 0.028216 0.676815 9.9991E-05
0.0519184 0.0844995 0.808871 0.0547108
0.138159 9.9982E-05 0.861641 9.9982E-05
0.1559 0.0190353 0.824964 9.9991E-05
0.218798 9.9991E-05 0.753018 0.0280836
0.289671 0.602841 0.0431251 0.0643625
0.196848 0.718732 0.0843197 9.9991E-05
9.9982E-05 0.964366 9.9982E-05 0.0354338
0.0181136 0.536868 0.103209 0.341809
0.0999942 0.453127 0.0616465 0.385233
9.9991E-05 0.80928 0.0359268 0.154693
9.9982E-05 0.653984 9.9982E-05 0.345816
9.9991E-05 0.702746 0.115895 0.181259
0.136635 0.595659 9.9991E-05 0.267606
0.103627 0.530643 9.9991E-05 0.36563
0.246878 0.616286 9.9991E-05 0.136736
0.187033 0.647546 9.9991E-05 0.165321
0.185202 0.700583 9.9991E-05 0.114115
0.0598556 0.546667 0.0618066 0.331671
0.114674 0.746038 0.0109048 0.128384
0.105061 0.6575 9.9991E-05 0.237339
0.134598 0.178955 0.0192664 0.667181
0.0536994 0.139766 0.12546 0.681075
0.0219406 0.173518 0.106005 0.698537
0.00360256 0.0892247 0.224373 0.6828
0.108494 0.187547 0.109826 0.594134
0.0323045 0.708288 9.9991E-05 0.259308
9.9982E-05 9.9982E-05 0.342062 0.657738
0.00175319 0.153656 0.164756 0.679834
0.00495783 0.394005 0.221131 0.379906
0.0876912 0.459716 0.1569 0.295693
0.18226 0.447538 0.149511 0.220691
0.114335 0.363946 0.153131 0.368588
0.0268742 0.458716 0.1507 0.36371
9.9991E-05 0.0909195 0.191978 0.717002
0.102078 0.16109 0.153561 0.583272
0.00719787 0.0956618 0.107668 0.789472
0.0304185 0.252612 0.210146 0.506824
9.9991E-05 0.170578 0.244368 0.584954
0.0380692 0.209339 0.180364 0.572228
9.9991E-05 0.120886 0.185451 0.693564
0.0431537 0.127509 0.134395 0.694942
9.9991E-05 0.608229 0.0765768 0.315095
0.094712 0.121748 0.20066 0.58288
9.9982E-05 9.9982E-05 0.20817 0.79163
0.0780065 0.272879 0.111959 0.537155
0.336353 0.394759 0.220124 0.0487636
0.0963921 0.486391 9.9991E-05 0.417117
0.173194 0.102096 0.111728 0.612983
0.125466 0.318217 0.0960802 0.460237
0.0982791 0.481289 0.145753 0.274679
0.0906108 0.273709 0.202757 0.432923
0.0914351 0.183468 0.23544 0.489658
0.159464 0.343543 0.0988769 0.398117
0.0676006 0.160131 0.115735 0.656533
0.0519727 0.105525 0.103121 0.739382
9.9982E-05 9.9982E-05 0.289095 0.710705
0.0465146 0.454891 0.0723099 0.426285
0.152964 0.467635 0.120683 0.258718
9.9991E-05 0.66183 0.289589 0.048481
0.0917765 0.446752 0.131668 0.329804
0.266132 0.456797 0.0907696 0.186301
9.9991E-05 0.349823 0.230664 0.419413
0.253017 0.296806 0.0975606 0.352616
9.9991E-05 0.341709 0.553504 0.104687
9.9991E-05 0.365127 0.562903 0.07187
0.107338 0.493784 0.19291 0.205969
9.9991E-05 0.309626 0.510282 0.179993
9.9991E-05 0.215878 0.617208 0.166814
0.0532141 0.481975 0.12982 0.33499
0.0627914 0.393144 0.26664 0.277425
9.9991E-05 0.383337 0.374077 0.242485
9.9991E-05 0.35457 0.450352 0.194978
0.0843555 0.418568 0.129104 0.367972
0.0169767 0.493921 0.308809 0.180294
9.9991E-05 0.272482 0.679496 0.0479219
0.011559 0.334166 0.142063 0.512211
0.0309519 0.362524 0.258747 0.347777
0.0414607 0.299545 0.258043 0.400951
0.00946089 0.213351 0.159007 0.618182
0.0983495 0.226553 0.131223 0.543875
0.137829 0.204434 0.133412 0.524326
0.10595 0.0836187 0.370903 0.439528
0.0934312 0.253531 0.17317 0.479868
0.0388188 0.23362 0.221721 0.50584
0.0216927 0.265228 0.290877 0.422203
0.156256 0.337922 0.218209 0.287613
0.0899844 0.391138 0.133798 0.385079
0.0152039 0.355016 0.164507 0.465273
0.133348 0.416779 0.0333703 0.416503
0.0550493 0.152803 0.300116 0.492032
0.0824349 0.241121 0.165217 0.511227
9.9991E-05 0.216064 0.506848 0.276988
0.0401206 0.245762 0.140754 0.573363
9.9991E-05 0.238368 0.372103 0.389429
0.128831 0.0316421 0.80561 0.0339168
0.7355 0.158354 0.0667675 0.0393784
0.984273 9.9982E-05 0.0155268 9.9982E-05
0.9997 9.998E-05 9.998E-05 9.998E-05
0.9997 9.998E-05 9.998E-05 9.998E-05
0.980788 9.9991E-05 0.00661618 0.0124963
0.9997 9.998E-05 9.998E-05 9.998E-05
0.989234 9.9982E-05 0.0105662 9.9982E-05
0.8035 9.9982E-05 0.1963 9.9982E-05
0.0616714 9.9991E-05 0.909257 0.0289716
0.13107 9.9991E-05 0.793205 0.0756259
9.9991E-05 0.00851765 0.900863 0.090519
0.105948 0.00815538 0.858355 0.0275418
0.0198104 9.9991E-05 0.916152 0.063938
0.0696963 9.9991E-05 0.930005 0.000198249
0.0233169 9.9991E-05 0.747599 0.228984
9.9982E-05 9.9982E-05 0.870688 0.129112
0.111936 0.0154286 0.750692 0.121944
9.9982E-05 9.9982E-05 0.902776 0.0970235
0.0293691 9.9982E-05 0.970431 9.9982E-05
0.052131 9.9991E-05 0.871365 0.0764042
0.0207364 9.9991E-05 0.940037 0.039127
9.9982E-05 9.9982E-05 0.900289 0.0995113
0.0151596 0.00679264 0.870057 0.10799
9.9982E-05 9.9982E-05 0.872454 0.127346
9.9982E-05 9.9982E-05 0.778407 0.221393
0.0082926 9.9991E-05 0.779953 0.211654
9.9982E-05 9.9982E-05 0.821466 0.178334
0.128282 0.459337 0.181549 0.230832
0.0286857 0.587498 0.00276685 0.38105
0.172242 0.374523 0.0737295 0.379505
9.9982E-05 0.766564 0.233236 9.9982E-05
0.164149 0.376942 0.0911698 0.367739
9.9982E-05 0.653325 0.346475 9.9982E-05
0.0575178 0.521276 0.0902251 0.330981
0.157287 0.594961 0.117591 0.130161
0.0475253 0.613454 0.0699818 0.269039
0.164082 0.541104 0.0100545 0.28476
0.149141 0.49058 0.108273 0.252006
0.0593623 0.504318 0.0441283 0.392191
0.1827 0.432846 0.0498009 0.334653
0.515963 0.400781 0.0515495 0.0317064
0.0822774 0.696327 0.221296 9.9991E-05
0.00265992 0.736571 0.242686 0.0180837
0.106394 0.420074 0.0546418 0.418891
0.0695088 0.534665 0.117767 0.278059
0.0587354 0.533121 0.130751 0.277393
0.0215408 0.500133 0.0791762 0.39915
0.00348324 0.306822 0.220443 0.469252
0.124383 0.242721 0.110912 0.521984
0.132089 0.198231 0.445525 0.224155
0.171765 0.37993 0.092511 0.355794
0.0920503 0.310169 0.190906 0.406875
0.00161408 0.283991 0.635638 0.0787573
9.9991E-05 0.298477 0.354545 0.346878
0.0388162 0.247152 0.404998 0.309034
0.115581 0.222096 0.230042 0.432281
0.15648 0.270297 0.112545 0.460678
0.028579 0.33314 0.192824 0.445457
0.0543614 0.344119 0.131196 0.470323
0.0115038 0.428132 0.231277 0.329087
0.0131195 0.183659 0.465252 0.33797
