0.0630342 0.0262472 9.9991E-05 0.894921 0.0156973
0.0337151 9.9982E-05 0.0359911 0.930094 9.9982E-05
0.0439378 0.0743243 9.9991E-05 0.794503 0.0871349
0.12105 0.02177 9.9991E-05 0.765879 0.091201
0.0183437 0.0412887 9.9991E-05 0.878529 0.061739
0.0321925 0.0523763 0.17812 0.659381 0.0779298
9.9982E-05 0.0365891 0.112898 0.850313 9.9982E-05
0.120483 9.9991E-05 0.0965467 0.735962 0.0469085
0.053975 9.9982E-05 0.0987552 0.84707 9.9982E-05
0.012547 0.10869 0.0547306 0.762047 0.061985
0.097762 0.0534826 0.084324 0.764331 9.9991E-05
0.504916 0.306184 0.117012 0.00342028 0.0684683
0.234175 0.618416 0.0395619 0.0466874 0.0611598
0.465848 0.304265 0.11578 0.0440472 0.0700603
0.29749 0.368338 0.133865 0.0307855 0.169521
0.202895 0.357835 0.175311 0.122079 0.14188
0.179804 0.590012 9.9991E-05 0.0926942 0.13739
0.241311 0.467444 0.211194 9.9991E-05 0.0799506
0.305062 0.369847 0.0969492 0.151965 0.0761758
0.611263 0.0617036 0.209347 0.0227605 0.0949258
0.316148 0.383936 0.175774 9.9991E-05 0.124042
0.166432 0.529234 0.1954 0.0298968 0.0790372
0.189883 0.65595 0.0106151 0.128759 0.0147926
0.370425 0.361657 0.156608 9.9991E-05 0.11121
0.131123 0.687919 9.9991E-05 0.105109 0.0757496
0.20508 0.579133 0.100837 0.0356864 0.0792638
0.481923 0.303922 0.0776867 0.0454677 0.0909998
0.385795 0.242951 0.191458 9.9991E-05 0.179696
0.417752 0.244267 0.271865 9.9991E-05 0.0660171
9.9982E-05 0.102312 9.9982E-05 0.86847 0.0290185
9.9973E-05 0.153367 9.9973E-05 0.846333 9.9973E-05
9.9982E-05 0.164792 9.9982E-05 0.82798 0.00702791
9.9991E-05 0.16474 0.00476644 0.779564 0.0508302
0.151734 0.602818 0.189836 0.0555118 9.9991E-05
0.057065 0.602816 0.17335 0.0631457 0.103623
9.9991E-05 0.713647 0.188453 0.0938909 0.00390953
0.661115 0.202977 0.0479146 0.0878931 9.9991E-05
0.00470515 0.456772 0.459385 0.0254384 0.0536991
0.160567 0.529914 0.134259 0.0602642 0.114997
9.9982E-05 0.868443 0.0777462 0.0536111 9.9982E-05
0.0187236 0.685589 0.126809 0.168779 9.9991E-05
0.134874 0.663937 0.0904334 0.0952197 0.0155361
0.156931 0.345097 0.483337 0.0145346 9.9991E-05
0.0706425 0.672327 0.0871545 0.0825302 0.0873457
9.9991E-05 0.702716 0.190784 0.0264947 0.0799054
9.9991E-05 0.669105 0.135473 0.137113 0.0582095
0.00250603 0.55135 0.445944 9.9982E-05 9.9982E-05
9.9991E-05 0.702133 0.187707 0.0906877 0.0193721
0.0423223 0.616845 0.134433 0.0962925 0.110107
0.0515038 9.9982E-05 0.856074 0.0922221 9.9982E-05
0.460906 0.243409 0.295485 9.9982E-05 9.9982E-05
0.151676 0.159214 0.608881 0.0788861 0.0013433
0.168638 0.566452 0.0214659 0.0798958 0.163548
0.00268455 0.590355 0.138435 0.193402 0.0751235
0.135332 0.617468 0.118261 0.0262073 0.102732
0.361738 0.258413 0.266341 0.0955152 0.0179933
0.235232 0.657499 0.0699559 9.9991E-05 0.037213
0.0690994 0.570439 0.151412 0.0479024 0.161147
0.236926 0.378896 0.184462 0.136561 0.0631551
0.306788 0.116162 0.295932 0.206519 0.0745996
0.125958 0.638309 0.119748 0.0490061 0.0669783
0.232656 0.444907 0.144238 0.068525 0.109675
0.498415 0.145635 0.322375 0.0334753 9.9991E-05
0.155681 0.544454 0.193555 0.0132222 0.0930877
0.036217 0.660011 0.16289 0.0533035 0.087578
0.181422 0.512601 0.0761624 0.0995794 0.130235
0.286702 0.318809 0.263953 0.0259888 0.104546
0.123248 0.567867 0.200174 9.9991E-05 0.10861
0.227509 0.644517 0.0462301 0.0504063 0.031337
0.353513 0.304685 0.286281 0.0554204 9.9991E-05
0.0765068 0.694253 0.22904 9.9982E-05 9.9982E-05
0.174185 0.46276 0.362855 9.9982E-05 9.9982E-05
0.170324 0.568197 0.0981592 0.0769883 0.0863309
0.0634395 0.201347 0.735014 9.9982E-05 9.9982E-05
0.0142428 0.188364 0.797193 9.9982E-05 9.9982E-05
0.045264 0.444702 0.509834 9.9982E-05 9.9982E-05
0.0495581 0.661883 0.269085 0.00744356 0.0120303
0.123543 0.617912 0.0157594 0.1695 0.0732862
0.0598276 0.62051 0.267037 0.0525252 9.9991E-05
0.284722 0.297032 0.389142 0.0290044 9.9991E-05
0.333878 0.414884 0.251038 9.9982E-05 9.9982E-05
0.0238718 0.553126 0.213595 0.064964 0.144443
0.0526915 0.550313 0.350443 0.0464521 9.9991E-05
0.102932 0.595306 0.238782 0.0572253 0.00575474
9.9973E-05 0.578835 0.420865 9.9973E-05 9.9973E-05
0.0752157 0.179446 0.735688 9.9991E-05 0.00955009
0.046498 0.723053 0.127371 0.0194898 0.0835884
0.0476314 0.10992 9.9991E-05 0.832084 0.010264
9.9973E-05 0.064177 9.9973E-05 0.935523 9.9973E-05
9.9982E-05 0.0760981 9.9982E-05 0.879262 0.0444397
9.9982E-05 0.0656165 9.9982E-05 0.917767 0.016416
9.9973E-05 0.101078 9.9973E-05 0.898622 9.9973E-05
9.9982E-05 0.0549578 0.04161 0.903232 9.9982E-05
0.00355718 0.0583883 0.00336614 0.934588 9.9991E-05
0.0430958 0.780732 0.0511227 0.112681 0.0123692
0.0790812 0.654843 0.0516097 0.16755 0.0469161
0.128036 0.235089 0.610754 0.026021 9.9991E-05
0.0844862 0.609819 0.0763002 0.123642 0.105753
0.0897529 0.625305 0.229801 0.0550412 9.9991E-05
0.0156821 0.735181 0.148726 0.0618603 0.0385506
0.0173469 0.709817 0.265166 0.00756956 9.9991E-05
9.9982E-05 0.64498 0.300977 9.9982E-05 0.0538433
0.302455 0.117206 0.566988 0.0132505 9.9991E-05
0.0431804 0.669284 9.9991E-05 0.242313 0.0451231
0.0963675 0.741139 0.0430436 0.0615888 0.0578612
0.0456747 0.639346 0.13884 0.0551026 0.121037
9.9973E-05 0.489374 0.510326 9.9973E-05 9.9973E-05
9.9982E-05 0.647691 0.351765 9.9982E-05 0.000344222
0.132175 0.654516 0.192119 0.0210896 9.9991E-05
9.9982E-05 0.521361 0.374861 9.9982E-05 0.103579
0.119312 0.55708 0.225841 0.0976667 9.9991E-05
9.9991E-05 0.677331 0.203661 0.113296 0.00561146
0.279182 0.25049 0.293204 0.0771704 0.0999536
0.304296 0.409698 0.00702492 0.124952 0.15403
0.106692 0.580003 0.0628035 0.127439 0.123063
0.142198 0.602166 0.0389791 0.103213 0.113444
0.291817 0.545103 0.121471 0.041508 9.9991E-05
0.261742 0.62411 0.0623367 0.0287971 0.0230145
0.407827 0.574015 9.9982E-05 9.9982E-05 0.0179573
0.0726701 0.605936 0.173015 0.0564106 0.0919684
0.0912776 0.631175 0.128476 0.113403 0.0356691
0.152296 0.680075 0.105738 0.0513323 0.0105587
0.352083 0.607531 0.00714293 0.0331434 9.9991E-05
0.0998285 0.627135 0.0903623 0.0471311 0.135543
0.0895898 0.585034 0.107582 0.055808 0.161986
0.229982 0.724528 0.0243351 9.9991E-05 0.0210554
0.223098 0.546008 0.0399636 0.0701421 0.120788
0.271868 0.591591 0.0481233 9.9991E-05 0.0883184
0.243456 0.348838 0.203062 0.157706 0.0469373
0.174828 0.60951 0.0134626 0.00653416 0.195665
0.193352 0.630272 0.0390979 9.9991E-05 0.137178
0.395414 0.310906 0.253006 9.9991E-05 0.0405739
0.303713 0.123565 0.435739 0.0399217 0.097061
0.241585 0.629654 0.0728671 0.031974 0.0239202
0.268967 0.10327 0.519256 9.9991E-05 0.108407
0.416175 0.364664 0.177462 0.0415988 9.9991E-05
0.307874 0.518203 0.173724 9.9982E-05 9.9982E-05
0.452408 0.370699 0.150412 0.0263807 9.9991E-05
0.429109 0.399455 0.120987 9.9991E-05 0.0503483
0.102339 0.618181 0.0929908 0.0885549 0.0979341
0.182718 0.535306 0.0397901 0.054213 0.187972
0.225506 0.549603 0.0566866 0.142767 0.025438
0.304951 0.165961 0.446711 9.9991E-05 0.0822773
0.0648848 0.526635 0.153753 0.210057 0.0446698
9.9991E-05 0.598744 0.246665 0.0976385 0.0568526
0.120801 0.0212606 0.641604 0.198159 0.0181756
9.9991E-05 0.624535 0.170986 0.126734 0.0776452
0.0231622 0.449242 0.375767 0.151729 9.9991E-05
0.154645 0.488797 0.173897 0.0554591 0.127203
0.0766901 0.222112 0.495293 0.140407 0.0654982
0.0690126 0.286153 0.512475 0.132259 9.9991E-05
0.123027 0.582106 0.207248 0.0835789 0.0040396
0.129907 0.576552 0.121436 0.131529 0.0405748
0.0798912 0.481268 0.18508 0.209306 0.0444555
0.153546 0.0221292 0.542828 0.0658852 0.215611
0.128448 0.569796 0.114909 0.0655952 0.121252
0.0646348 0.455395 0.47977 9.9982E-05 9.9982E-05
0.165636 0.565242 0.266942 9.9991E-05 0.00207948
0.146249 0.590047 0.130611 0.0571317 0.0759607
9.9991E-05 0.153466 0.191752 0.356048 0.298634
9.9982E-05 9.9982E-05 0.234001 0.596456 0.169343
9.9982E-05 9.9982E-05 0.335308 0.46556 0.198932
0.00235121 0.0256087 0.162732 0.423904 0.385404
9.9982E-05 0.681264 0.232808 9.9982E-05 0.0857282
0.0648432 0.637182 0.125436 0.172439 9.9991E-05
9.9973E-05 0.243367 9.9973E-05 9.9973E-05 0.756333
0.111156 0.37739 0.0168058 0.0621777 0.43247
0.0698664 0.381175 0.033034 0.126874 0.38905
9.9991E-05 0.378951 0.574795 0.013897 0.0322579
0.135562 0.484361 0.165729 0.0677511 0.146597
9.9991E-05 0.269146 0.672111 0.0374596 0.0211834
0.0515206 0.632291 0.203544 0.0779767 0.0346676
0.122884 0.423023 0.308355 0.0573943 0.0883439
0.0381741 0.603446 0.225279 0.0541975 0.0789029
0.0536719 0.260849 0.630382 0.0265857 0.0285115
0.134304 0.669143 0.067406 9.9991E-05 0.129047
0.0730315 0.600631 0.089188 0.039195 0.197955
9.9982E-05 0.00369281 0.0100424 9.9982E-05 0.986065
0.0157192 0.106301 0.000924745 9.9991E-05 0.876955
9.9991E-05 0.320953 0.0319674 0.0116615 0.635318
0.00703993 0.291311 9.9982E-05 9.9982E-05 0.701449
0.0454282 0.11734 9.9991E-05 0.00197581 0.835157
9.997E-05 9.997E-05 9.997E-05 9.997E-05 0.9996
0.00650441 9.9973E-05 9.9973E-05 9.9973E-05 0.993196
9.9973E-05 0.0945719 9.9973E-05 9.9973E-05 0.905128
0.0283532 9.9973E-05 9.9973E-05 9.9973E-05 0.971347
9.997E-05 9.997E-05 9.997E-05 9.997E-05 0.9996
9.997E-05 9.997E-05 9.997E-05 9.997E-05 0.9996
0.055418 0.121148 9.9991E-05 0.00111595 0.822218
0.0103779 0.14777 9.9991E-05 0.0852561 0.756496
9.997E-05 9.997E-05 9.997E-05 9.997E-05 0.9996
0.197457 0.240261 0.044792 0.0651662 0.452324
0.0813063 0.199291 9.9991E-05 0.0615968 0.657705
0.0158563 0.172425 9.9991E-05 0.0317954 0.779824
9.9982E-05 0.0926863 9.9982E-05 0.0207365 0.886377
9.997E-05 9.997E-05 9.997E-05 9.997E-05 0.9996
0.041848 9.9991E-05 0.0149248 0.00144116 0.941686
9.997E-05 9.997E-05 9.997E-05 9.997E-05 0.9996
0.0472244 0.236365 9.9991E-05 0.0856742 0.630637
0.0269843 9.9982E-05 0.0624049 9.9982E-05 0.910411
9.9982E-05 9.9982E-05 0.528285 0.404692 0.0668231
0.0472966 0.400458 0.197315 0.204587 0.150342
0.0572354 0.430543 0.144732 0.263613 0.103876
9.9991E-05 0.182963 0.430889 0.25822 0.127827
0.0352842 0.50439 0.131925 0.214308 0.114093
9.9991E-05 0.186282 0.388882 0.288326 0.13641
9.9991E-05 0.527824 0.198793 0.248892 0.0243911
9.9991E-05 0.230341 0.334375 0.177734 0.257451
0.0149513 0.442321 0.190671 0.195538 0.156518
9.9991E-05 0.334975 0.216692 0.225851 0.222383
9.9991E-05 0.481548 0.16616 0.1576 0.194592
0.085316 0.00203715 0.0361963 0.876351 9.9991E-05
0.00561382 9.9991E-05 0.0042699 0.906897 0.0831194
0.0630275 9.9973E-05 9.9973E-05 0.936673 9.9973E-05
0.0236171 0.00941259 0.0111876 0.955683 9.9991E-05
0.0433886 0.020443 9.9991E-05 0.907909 0.0281592
9.9982E-05 9.9982E-05 0.0312226 0.886838 0.0817393
9.9973E-05 9.9973E-05 9.9973E-05 0.900802 0.0988979
0.00921286 0.0394567 0.0264779 0.924753 9.9991E-05
9.9982E-05 0.0418056 0.00898402 0.94901 9.9982E-05
0.0157322 9.9982E-05 9.9982E-05 0.872222 0.111846
0.2778 9.9982E-05 0.107642 0.614358 9.9982E-05
0.366124 9.9982E-05 0.0302973 0.603379 9.9982E-05
0.298933 9.9982E-05 0.158844 0.542023 9.9982E-05
0.292543 9.9982E-05 0.19811 0.509147 9.9982E-05
0.189284 0.59034 0.152721 0.0675546 9.9991E-05
0.147445 0.537129 0.202167 0.0159096 0.0973498
0.264583 0.640381 0.0727068 9.9991E-05 0.0222293
0.251872 0.547265 0.159998 0.0407646 9.9991E-05
0.621047 0.250264 0.101593 9.9991E-05 0.0269958
0.0405446 0.760166 0.116997 0.0592853 0.0230069
0.0723933 0.691318 0.17459 0.00200986 0.059689
0.0537504 0.612411 0.333639 9.9982E-05 9.9982E-05
0.0828587 0.51284 0.37007 9.9991E-05 0.0341319
0.156469 0.688065 0.0518919 0.0275418 0.0760322
0.153762 0.575514 0.248482 9.9991E-05 0.0221428
0.0951046 0.106204 0.798492 9.9982E-05 9.9982E-05
0.200094 0.610318 0.104779 0.0116639 0.073145
0.0176946 0.414811 0.554965 0.0124292 9.9991E-05
0.118562 0.580173 0.232869 9.9991E-05 0.0682963
0.252377 0.300523 0.4469 9.9982E-05 9.9982E-05
0.752045 0.0146728 0.127236 0.105947 9.9991E-05
0.735699 0.0772795 0.0545404 0.132381 9.9991E-05
0.844719 0.0282508 0.0671773 0.0597528 9.9991E-05
0.79636 9.9982E-05 0.102428 0.101012 9.9982E-05
0.863883 0.0539975 0.0696269 9.9991E-05 0.0123922
0.832849 0.0628553 9.9991E-05 0.0440946 0.0601008
9.9982E-05 0.106415 9.9982E-05 0.867844 0.0255409
0.0803572 0.0793696 9.9991E-05 0.816178 0.0239949
9.9982E-05 0.0928025 9.9982E-05 0.785304 0.121693
0.0745542 0.0381651 9.9991E-05 0.726966 0.160215
0.0200014 0.0826158 0.00998865 0.799226 0.0881684
0.544191 9.9982E-05 0.0343536 0.421256 9.9982E-05
0.397526 9.9982E-05 0.124119 0.478155 9.9982E-05
0.483469 9.9982E-05 0.0428365 0.473494 9.9982E-05
9.9973E-05 0.145431 9.9973E-05 0.854269 9.9973E-05
0.49931 9.9982E-05 0.103351 0.397139 9.9982E-05
9.9991E-05 0.288056 0.125018 0.219838 0.366988
0.0197236 0.525152 9.9991E-05 0.167305 0.28772
9.9982E-05 0.510951 9.9982E-05 0.153189 0.33566
0.0322103 0.357269 0.0801257 0.30536 0.225035
0.128621 0.494583 0.0379621 0.148115 0.190718
9.9982E-05 9.9982E-05 0.15743 0.519101 0.323269
0.356405 0.546238 0.0943401 9.9991E-05 0.00291683
0.194151 0.414734 0.312488 0.0420162 0.0366105
0.541278 0.35149 9.9991E-05 0.0661484 0.0409841
0.14714 0.495773 0.26864 9.9991E-05 0.0883463
0.139853 9.9973E-05 0.859847 9.9973E-05 9.9973E-05
0.179632 0.668356 9.9991E-05 0.0836731 0.0682388
0.184197 0.574367 0.173869 0.0408913 0.0266764
0.344679 0.41212 0.16903 0.0740715 9.9991E-05
0.231738 0.47121 0.103785 0.034909 0.158358
0.216167 0.194959 0.557011 0.00547888 0.0263846
0.174641 0.491283 0.217706 9.9991E-05 0.11627
0.277416 0.62061 0.0806063 9.9991E-05 0.0212674
0.0316445 0.420896 0.161342 0.162003 0.224114
0.244079 0.425991 0.299372 9.9991E-05 0.0304586
0.253775 0.453714 0.158046 9.9991E-05 0.134365
0.0808101 0.514295 0.282944 9.9991E-05 0.12185
0.167673 0.675361 0.153794 0.00307106 9.9991E-05
0.144997 0.698587 0.0314321 0.000485857 0.124498
0.088087 0.539188 0.163146 0.0721888 0.137391
0.0502489 0.587475 0.157999 0.140527 0.0637507
9.9982E-05 0.129533 9.9982E-05 0.806232 0.0640354
9.9991E-05 0.0809257 0.00277721 0.882803 0.0333939
0.0978874 0.0927579 0.0184223 0.776595 0.0143376
0.0148946 0.0651859 0.0484599 0.847037 0.0244227
9.9982E-05 0.112468 9.9982E-05 0.869468 0.0178645
0.556261 0.182094 0.142391 9.9991E-05 0.119154
0.110966 0.488994 0.26076 0.0362302 0.10305
0.0261458 0.47494 0.100432 0.212778 0.185704
0.206643 0.666417 0.0182448 9.9991E-05 0.108596
0.307016 0.555097 0.0401731 0.00393064 0.0937832
0.338208 0.267292 0.273438 9.9991E-05 0.120962
0.56342 0.0213229 0.286976 0.12818 9.9991E-05
0.382934 0.460428 0.001552 0.00416357 0.150922
0.503625 0.196948 0.203283 0.0469753 0.0491689
0.188678 0.428804 0.294299 9.9991E-05 0.0881192
0.519945 0.09794 0.236281 0.0591897 0.0866438
0.201427 0.536058 9.9991E-05 0.119226 0.14319
0.534697 0.17324 0.205417 0.0451935 0.041453
0.248633 0.367399 0.224882 0.0212169 0.137869
0.116432 0.544235 0.184662 0.0801239 0.0745467
0.065612 0.37159 0.484254 0.0383643 0.0401793
0.0513395 0.600993 0.194543 0.0581652 0.0949595
9.9991E-05 0.677113 0.118433 0.155673 0.0486806
0.111621 0.402543 0.452389 0.0333474 9.9991E-05
0.159105 0.484706 0.187803 0.0581402 0.110245
0.118597 0.61141 0.167995 0.101899 9.9991E-05
0.0653651 0.201615 0.73282 9.9982E-05 9.9982E-05
0.021848 0.361313 0.589299 0.0274396 9.9991E-05
0.0548356 0.584096 0.338457 0.022512 9.9991E-05
0.0773056 0.267293 0.60648 0.0488209 9.9991E-05
0.0950159 0.526317 0.363086 0.0154812 9.9991E-05
0.573121 0.0890679 0.226937 9.9991E-05 0.110774
0.322733 0.218969 0.376067 9.9991E-05 0.0821309
0.42772 0.403222 0.0545172 9.9991E-05 0.114441
0.18135 0.702095 0.0210263 0.0421146 0.0534139
0.491847 0.335709 0.149149 9.9991E-05 0.023196
0.216027 0.492454 0.103044 0.0163898 0.172085
0.25336 0.591698 9.9991E-05 0.0585903 0.0962518
0.188478 0.543158 0.144878 9.9991E-05 0.123387
0.283947 0.422276 0.124219 9.9991E-05 0.169457
0.324461 0.513366 0.112118 0.00541743 0.0446375
0.533282 0.258899 0.0961842 9.9991E-05 0.111535
0.517792 0.350367 0.010027 9.9991E-05 0.121714
0.204793 0.569732 0.0664791 0.0289122 0.130083
0.141157 0.564453 0.163161 0.0140671 0.117161
0.267543 0.46613 0.127425 0.0337903 0.105112
0.209064 0.467617 0.171208 9.9991E-05 0.15201
0.434357 0.396361 0.0393379 0.0330639 0.0968801
0.251226 0.641082 0.00229554 0.0217369 0.0836593
0.235334 0.589572 0.0231128 0.120241 0.0317391
0.166294 0.521161 0.0981224 0.0880577 0.126364
0.0510497 0.448702 9.9991E-05 0.391861 0.108287
9.9991E-05 0.426244 0.165328 0.102384 0.305943
0.0282564 0.534352 0.102466 0.170663 0.164262
0.0995262 0.637965 0.0536519 0.0532535 0.155603
9.9991E-05 0.552793 0.0529076 0.248936 0.145263
0.154789 0.516263 0.268621 9.9991E-05 0.0602264
0.0711622 0.546527 0.128588 0.175 0.0787216
9.9991E-05 0.0571261 0.451205 0.300582 0.190988
0.0624023 0.42416 0.0974967 0.188093 0.227849
0.119999 0.513765 9.9991E-05 0.129977 0.23616
0.0668704 0.463066 0.0947846 0.0246044 0.350674
0.054944 0.311937 0.251983 0.188006 0.19313
0.0203882 0.555582 9.9991E-05 0.243797 0.180133
9.9991E-05 0.48334 0.095728 0.124158 0.296674
9.9982E-05 9.9982E-05 0.290373 0.503304 0.206123
0.0739596 0.542341 9.9991E-05 0.222834 0.160765
0.0805286 0.43468 0.052566 0.116092 0.316133
9.9991E-05 0.578727 0.15858 0.0738095 0.188783
0.0682531 0.513798 9.9991E-05 0.209339 0.208511
0.0718384 0.541294 0.0795551 0.147745 0.159568
0.0150407 0.527173 0.340014 0.0624755 0.0552976
0.191967 0.472206 0.121871 0.0549096 0.159046
0.0697557 0.0785971 0.851447 9.9982E-05 9.9982E-05
0.0585615 0.0596885 0.862053 0.00227967 0.0174171
9.9991E-05 0.533332 0.284607 0.0623012 0.119659
9.9991E-05 0.379574 0.128119 0.138671 0.353536
9.9991E-05 0.292675 0.212651 0.114219 0.380355
0.059168 0.147191 0.225274 0.205076 0.363292
0.00120549 0.350061 0.096221 0.231586 0.320927
9.9991E-05 0.104931 0.673385 0.0891572 0.132427
9.9991E-05 0.181127 0.525785 0.126784 0.166204
0.0408566 0.615128 0.225758 9.9991E-05 0.118157
0.00992945 0.494556 0.327466 0.0574172 0.110631
9.99914E-05 0.211478 0.539781 0.0886821 0.159959
0.0690398 0.491385 0.180544 0.0778357 0.181196
0.0448641 0.542507 0.211325 9.9991E-05 0.201204
0.0520724 0.566524 0.142946 0.0966299 0.141828
0.0549208 0.419667 0.525212 9.9982E-05 9.9982E-05
0.086265 0.44421 0.41788 0.00897989 0.0426657
0.0899597 0.50108 0.281183 0.0245016 0.103276
0.0970862 0.512112 0.279842 0.0731134 0.0378465
9.9991E-05 0.525668 0.243744 0.0674627 0.163025
0.0480298 0.51763 0.382041 0.0118536 0.0404455
0.105203 0.298869 0.595727 9.9982E-05 9.9982E-05
0.0210112 0.683076 0.208136 0.0386391 0.0491377
0.0700713 0.304679 0.598535 9.9991E-05 0.0266144
9.9991E-05 0.446491 0.466605 0.00709322 0.0797107
0.0272553 0.604449 0.249522 0.0670651 0.0517086
0.058145 0.589679 0.287727 0.0591457 0.00530309
0.0201878 0.494369 0.15022 0.152076 0.183148
0.0895094 0.457774 0.20415 0.115435 0.133132
0.0790044 0.317949 0.123816 0.137187 0.342043
0.0757293 0.238017 0.237078 0.110643 0.338533
0.0897004 0.447852 0.142364 0.1227 0.197383
0.0501079 0.456013 0.138805 0.157388 0.197686
0.00053614 9.9991E-05 0.600556 0.179546 0.219261
9.9991E-05 0.562545 0.0541029 0.104577 0.278674
9.9982E-05 9.9982E-05 0.431367 0.398128 0.170305
9.9991E-05 0.495823 0.187658 0.0632038 0.253215
9.9973E-05 0.232841 0.766859 9.9973E-05 9.9973E-05
0.0301543 0.0522742 0.893948 0.023524 9.9991E-05
0.0721867 0.589958 0.315361 9.9991E-05 0.022394
9.9991E-05 0.659874 0.258127 0.00203504 0.079864
0.0707885 0.505715 0.423297 9.9982E-05 9.9982E-05
0.0636107 0.504746 0.336517 0.0726621 0.0224647
9.9982E-05 0.64061 0.332431 9.9982E-05 0.0267592
0.00741364 0.0935747 0.0475471 0.833027 0.0184375
0.216484 9.9991E-05 0.00341636 0.714502 0.0654977
0.0541717 9.9982E-05 9.9982E-05 0.889878 0.0557501
9.9973E-05 0.0471888 9.9973E-05 0.952511 9.9973E-05
0.0974354 0.642553 0.234692 0.0117256 0.0135945
0.13333 0.66946 0.131659 0.0633458 0.00220535
0.150164 0.673247 0.176389 9.9982E-05 9.9982E-05
9.9991E-05 0.65468 0.276413 0.0333623 0.0354449
0.138831 0.559098 0.141266 0.0624982 0.098307
0.145899 0.413536 0.434026 0.00643956 9.9991E-05
0.0122744 0.784593 0.192193 0.0108392 9.9991E-05
9.9982E-05 0.507565 0.483542 0.00869344 9.9982E-05
0.119515 0.432372 9.9991E-05 0.227138 0.220875
9.9982E-05 0.551537 0.383473 9.9982E-05 0.0647906
0.169853 0.57609 0.253857 9.9982E-05 9.9982E-05
0.103957 0.717208 0.178635 9.9982E-05 9.9982E-05
0.127088 0.553801 0.298741 0.020269 9.9991E-05
9.9991E-05 0.758539 0.225217 0.0114906 0.00465401
9.9991E-05 0.724703 0.167607 0.100698 0.00689201
9.9973E-05 0.310542 0.689158 9.9973E-05 9.9973E-05
0.0400736 0.424006 0.535721 9.9982E-05 9.9982E-05
0.0492601 0.51873 0.422932 9.9991E-05 0.00897804
9.9973E-05 0.100265 0.899435 9.9973E-05 9.9973E-05
0.193797 0.59328 0.163791 0.0490331 9.9991E-05
0.0403057 0.284461 0.675033 9.9982E-05 9.9982E-05
0.0334423 0.0805206 0.885837 9.9982E-05 9.9982E-05
0.0348979 0.614911 0.250849 0.00790042 0.0914421
0.141567 0.441773 0.41646 9.9982E-05 9.9982E-05
0.108921 0.610539 0.24848 9.9991E-05 0.0319605
9.9991E-05 0.64021 0.182995 0.0998666 0.0768285
0.159737 0.71882 0.121243 9.9982E-05 9.9982E-05
0.229495 0.330311 0.337026 9.9991E-05 0.103068
0.0753182 0.6847 0.199479 9.9991E-05 0.0404035
0.122221 0.652381 0.18147 0.0438274 9.9991E-05
0.0134842 0.536876 0.44944 9.9982E-05 9.9982E-05
9.9991E-05 0.579072 0.250071 0.129559 0.0411986
0.301045 9.9982E-05 0.0542823 0.644473 9.9982E-05
0.110076 0.0601222 0.0254382 0.804263 9.9991E-05
0.146276 9.9982E-05 0.0312442 0.82228 9.9982E-05
0.155355 9.9982E-05 0.0460921 0.798353 9.9982E-05
0.225972 0.0341017 9.9982E-05 0.739726 9.9982E-05
0.232849 0.347646 0.407364 0.0120405 9.9991E-05
0.124408 0.250976 0.563874 0.0606409 9.9991E-05
9.9973E-05 0.379638 0.620062 9.9973E-05 9.9973E-05
0.0693413 0.590883 0.103879 0.129058 0.106839
0.00162799 0.673276 0.167134 0.106698 0.0512635
9.9982E-05 0.511638 0.485513 0.00264886 9.9982E-05
9.9982E-05 0.690908 0.171589 9.9982E-05 0.137303
9.9991E-05 0.542373 0.300726 0.0785744 0.078227
0.13533 0.759849 0.0880732 0.0166487 9.9991E-05
0.15469 0.650729 0.0958305 9.9991E-05 0.0986505
0.14707 0.458959 0.393771 9.9982E-05 9.9982E-05
0.166883 0.58573 0.247187 9.9982E-05 9.9982E-05
0.201071 0.568922 0.229807 9.9982E-05 9.9982E-05
9.9991E-05 0.734142 0.0538599 0.188961 0.0229375
0.150594 0.563247 0.285959 9.9982E-05 9.9982E-05
0.0501897 0.639237 0.222122 0.079163 0.00928863
9.9991E-05 0.475913 0.043595 0.0987385 0.381654
9.9982E-05 0.370187 9.9982E-05 0.112071 0.517543
9.9982E-05 0.472431 9.9982E-05 0.0876741 0.439695
9.9991E-05 0.358912 0.0122921 0.161411 0.467284
0.0132512 0.528882 9.9991E-05 0.170878 0.286888
9.9991E-05 0.61545 0.288713 0.0668128 0.0289234
9.9982E-05 0.0777553 9.9982E-05 0.293366 0.628679
9.9991E-05 0.317754 0.0486462 0.187688 0.445812
9.9991E-05 0.422541 0.172959 0.166099 0.2383
0.0463027 0.654349 0.103632 0.195616 9.9991E-05
0.0400468 0.552199 0.214333 0.193321 9.9991E-05
0.00827205 0.623837 0.139213 0.186557 0.0421202
0.105281 0.651699 0.0602154 0.0964144 0.0863895
9.9982E-05 0.335145 9.9982E-05 0.163782 0.500873
0.0242569 0.501105 9.9991E-05 0.143314 0.331224
9.9982E-05 0.376512 9.9982E-05 0.0902456 0.533042
0.0779617 0.422146 9.9991E-05 0.0875646 0.412228
0.025119 0.238651 0.0641222 0.113106 0.559002
0.0213628 0.47065 0.0432325 0.161601 0.303155
9.9991E-05 0.30497 0.0670273 0.0930716 0.534831
0.101887 0.394753 9.9991E-05 0.0664745 0.436785
9.9991E-05 0.615077 0.149078 0.161568 0.0741763
0.0278228 0.441877 9.9991E-05 0.194747 0.335453
9.9982E-05 0.245225 9.9982E-05 0.168859 0.585716
0.118089 0.361249 0.00198311 0.111743 0.406936
0.271663 0.309376 0.25718 0.161681 9.9991E-05
0.0664165 0.603374 0.188984 0.0146997 0.126526
0.0687116 0.362316 0.0559511 0.149485 0.363537
0.0679757 0.555958 0.148141 0.190837 0.0370882
0.0137441 0.598326 0.147756 0.235712 0.00446179
9.9991E-05 0.43647 0.0912286 0.25875 0.213452
9.9991E-05 0.324641 0.14524 0.175985 0.354034
0.0639986 0.681081 0.0569657 0.119616 0.0783389
9.9991E-05 0.435449 0.00771653 0.206462 0.350273
9.9991E-05 0.385174 0.0190213 0.126013 0.469692
9.9991E-05 0.113319 0.0651101 0.194729 0.626742
0.0117861 0.730485 0.0515276 0.137314 0.0688879
0.116254 0.581077 0.148432 0.154136 9.9991E-05
9.9991E-05 0.190595 0.540692 0.185421 0.0831918
0.0740254 0.586719 0.132101 0.142273 0.0648806
0.171957 0.410176 0.236933 0.129461 0.0514725
9.9991E-05 0.535413 0.111894 0.187277 0.165315
0.153753 0.390584 0.16 0.093372 0.202291
9.9982E-05 9.9982E-05 0.435924 0.317856 0.24602
9.9982E-05 9.9982E-05 0.408467 0.390806 0.200527
0.016587 0.27495 0.345249 0.208614 0.1546
0.0115625 9.9991E-05 0.359109 0.367759 0.261469
9.9982E-05 9.9982E-05 0.278479 0.465746 0.255576
0.0525749 0.402849 0.278364 0.115619 0.150593
9.9991E-05 0.445973 0.109133 0.281142 0.163652
0.0781574 0.173863 0.172227 0.318224 0.257529
9.9991E-05 0.10592 0.33281 0.356783 0.204387
0.0553247 0.443478 0.19723 0.137261 0.166706
0.0506201 0.181555 0.375151 0.230635 0.162039
9.9982E-05 9.9982E-05 0.377216 0.519142 0.103442
0.169143 0.549651 0.0239573 0.105192 0.152057
0.0747556 0.322335 0.113574 0.16833 0.321005
0.0245458 0.426648 9.9991E-05 0.340811 0.207895
9.9982E-05 0.59396 9.9982E-05 0.0908347 0.315006
0.0651541 0.54537 9.9991E-05 0.109791 0.279585
0.0743911 0.421317 9.9991E-05 0.23203 0.272161
0.0583945 0.34804 9.9991E-05 0.32515 0.268315
0.0341998 0.498828 0.000962156 0.221856 0.244154
9.9982E-05 0.492213 9.9982E-05 0.247747 0.25984
0.00816267 0.441152 0.0624763 0.304749 0.183461
0.0890397 0.354532 0.232796 0.208051 0.115581
0.204755 0.516312 0.0301711 0.113964 0.134798
0.0117709 0.585796 9.9991E-05 0.287719 0.114614
0.00544417 0.660969 0.10375 0.125922 0.103915
0.0490679 0.410899 9.9991E-05 0.255141 0.284792
0.00548003 0.499234 0.0209244 0.180337 0.294024
9.9991E-05 0.116655 0.22564 0.407551 0.250054
0.000491535 0.531409 9.9991E-05 0.196839 0.27116
9.9991E-05 0.176407 0.201061 0.262155 0.360277
0.119773 9.9991E-05 0.0660197 0.770342 0.0437656
0.806363 0.0749133 0.0387904 0.0494953 0.0304381
0.976998 9.9973E-05 9.9973E-05 0.0227025 9.9973E-05
0.9996 9.997E-05 9.997E-05 9.997E-05 9.997E-05
0.99698 0.00272024 9.9973E-05 9.9973E-05 9.9973E-05
0.962164 9.9982E-05 9.9982E-05 0.0170663 0.0205698
0.953228 0.0464716 9.9973E-05 9.9973E-05 9.9973E-05
0.981908 9.9973E-05 9.9973E-05 0.0177925 9.9973E-05
0.813385 9.9973E-05 9.9973E-05 0.186315 9.9973E-05
0.064483 0.013218 9.9991E-05 0.917914 0.00428475
0.156543 9.9991E-05 0.000434074 0.806255 0.0366681
9.9991E-05 0.0358972 0.028045 0.88943 0.0465273
0.121349 0.0522032 9.9982E-05 0.826248 9.9982E-05
0.0396256 9.9982E-05 9.9982E-05 0.897505 0.0626692
0.0507786 9.9982E-05 0.0451954 0.903826 9.9982E-05
0.0877966 0.00440444 0.0382956 0.698841 0.170662
9.9982E-05 9.9982E-05 0.0544473 0.850103 0.0952501
0.173815 0.0429283 9.9991E-05 0.701598 0.0815585
9.9982E-05 0.0190612 9.9982E-05 0.898319 0.0824199
0.0301736 9.9973E-05 9.9973E-05 0.969526 9.9973E-05
0.050419 0.039337 0.0241251 0.847057 0.0390614
0.00993121 0.0207278 9.9982E-05 0.969141 9.9982E-05
9.9982E-05 0.0717921 9.9982E-05 0.911469 0.0165389
0.0322229 0.0616077 9.9991E-05 0.854075 0.0519947
9.9982E-05 0.0555886 9.9982E-05 0.883393 0.0608186
9.9982E-05 0.0699183 9.9982E-05 0.782572 0.14731
9.9982E-05 0.139835 9.9982E-05 0.760764 0.0992012
9.9982E-05 0.118331 9.9982E-05 0.835218 0.0462511
0.0994389 0.444372 0.244629 0.21146 9.9991E-05
0.0295743 0.779889 0.0646027 0.12122 0.00471377
0.026035 0.604948 0.118766 0.142027 0.108224
0.0186328 0.193566 0.65232 0.135381 9.9991E-05
0.164808 0.586277 0.0522841 0.156579 0.0400517
9.9991E-05 0.108239 0.62863 0.23272 0.0303111
9.9991E-05 0.713443 0.0969867 0.0956427 0.093828
0.167046 0.522593 0.207174 0.103087 9.9991E-05
0.059908 0.559196 0.177864 0.16307 0.0399615
0.130325 0.654653 0.201785 0.0131369 9.9991E-05
0.156662 0.494796 0.183236 0.120515 0.0447918
0.0217444 0.770037 0.12228 0.0858387 9.9991E-05
0.161959 0.641133 0.0804375 0.11637 9.9991E-05
0.473988 0.00375153 0.411412 9.9991E-05 0.110748
0.0348158 9.9982E-05 0.865576 0.0994082 9.9982E-05
0.03627 0.204061 0.587857 0.133429 0.0383831
0.119023 0.635875 0.062553 0.0763218 0.106227
9.9991E-05 0.560937 0.243896 0.164527 0.0305401
9.9982E-05 0.641793 0.177861 0.180147 9.9982E-05
9.9991E-05 0.678636 0.152267 0.127734 0.0412637
9.9991E-05 0.576406 0.041444 0.198476 0.183574
0.0250198 0.621877 9.9991E-05 0.129512 0.223492
0.175534 0.153209 0.0933872 0.371685 0.206185
0.0956576 0.694584 0.0124596 0.196127 0.00117117
0.0883971 0.520241 9.9991E-05 0.22404 0.167222
9.9982E-05 9.9982E-05 0.359822 0.461286 0.178692
9.9991E-05 0.366816 0.148792 0.294199 0.190094
0.0785835 0.3053 0.0125832 0.346409 0.257124
0.052889 0.486275 9.9991E-05 0.366273 0.0944631
0.0596347 0.476155 0.0622214 0.166381 0.235607
0.0231587 0.565742 9.9991E-05 0.206938 0.204061
0.00901816 0.609327 0.0539281 0.212466 0.115261
0.073745 0.447655 0.112249 0.225932 0.14042
9.9991E-05 0.356333 0.00707232 0.512865 0.12363
