9.9982E-05 0.0739057 0.884077 9.9982E-05 0.0418173
0.0113072 0.0349465 0.953546 9.9982E-05 9.9982E-05
9.999E-05 0.0278226 0.801485 0.109978 0.060614
9.999E-05 0.0944834 0.789128 0.0229932 0.0932951
0.0253497 0.00848954 0.855972 0.00871599 0.101473
0.116227 0.0599847 0.653212 0.154687 0.0158896
0.0870501 0.0276341 0.869225 0.0159905 9.9991E-05
0.0500596 0.157481 0.740261 9.9991E-05 0.0520991
0.0950303 0.0579312 0.846839 9.9982E-05 9.9982E-05
0.13131 0.015071 0.700438 0.0403689 0.112812
0.0556988 0.105686 0.777375 0.0611405 9.9991E-05
0.133976 0.483062 9.9991E-05 0.281518 0.101343
0.0535993 0.299092 9.9991E-05 0.567467 0.0797424
0.115798 0.449477 0.0620597 0.286115 0.0865496
0.0831993 0.395144 0.00586105 0.294519 0.221276
0.0460144 0.275646 0.167321 0.337724 0.173296
0.0449463 0.148813 0.0587701 0.565505 0.181966
0.192788 0.267515 9.9991E-05 0.388584 0.151013
0.0131027 0.353684 0.108278 0.346006 0.178929
0.184317 0.655215 0.0331829 0.0707514 0.0565346
0.151062 0.281592 9.9991E-05 0.380293 0.186952
0.280412 0.192644 9.9991E-05 0.401896 0.124948
0.061175 0.141733 0.0810683 0.6592 0.0568244
0.103635 0.383332 0.0175734 0.388485 0.106975
0.0986739 0.0644125 0.0799114 0.669106 0.0878963
0.00632676 0.360672 9.9991E-05 0.502526 0.130375
0.111202 0.549071 9.9991E-05 0.225255 0.114372
0.119722 0.447544 9.9991E-05 0.207135 0.225498
0.231104 0.439938 9.9991E-05 0.30618 0.0226782
9.9982E-05 9.9982E-05 0.845569 0.0605907 0.0936407
9.9982E-05 9.9982E-05 0.841716 0.117835 0.0402497
9.9982E-05 9.9982E-05 0.817685 0.136825 0.0452901
9.9982E-05 9.9982E-05 0.784821 0.110492 0.104487
0.15565 0.12883 9.9991E-05 0.61345 0.10197
0.12148 0.0710143 0.0666338 0.710229 0.0306433
0.134835 0.0762786 0.0102089 0.773321 0.00535595
0.126827 0.596074 0.0638983 0.200619 0.0125825
0.429037 0.0687007 9.9982E-05 0.502062 9.9982E-05
0.144766 0.108234 0.145127 0.555723 0.0461505
0.18792 9.9991E-05 0.0709091 0.71774 0.023331
0.0886427 0.0926922 0.107902 0.710663 9.9991E-05
0.080731 0.11758 0.0743481 0.714216 0.0131252
0.420587 0.236505 9.9982E-05 0.342708 9.9982E-05
0.303794 9.9991E-05 0.0127316 0.520647 0.162727
0.229031 9.9991E-05 0.0677207 0.558593 0.144555
0.0939992 0.0431166 0.143452 0.645018 0.0744144
0.463268 0.00783471 9.9982E-05 0.528698 9.9982E-05
0.14781 0.0902265 0.0140461 0.651669 0.0962489
0.160531 9.9991E-05 0.189199 0.534654 0.115516
0.829949 0.0534953 0.0904192 0.0260366 9.9991E-05
0.166493 0.519251 9.9982E-05 0.314057 9.9982E-05
0.563097 0.248639 0.00391789 0.103305 0.0810409
0.0634319 0.170603 0.0163988 0.664394 0.0851725
0.106027 0.0786471 0.0469137 0.622398 0.146015
0.0786933 0.171131 0.0488984 0.552311 0.148966
0.236849 0.364685 0.111616 0.28675 9.9991E-05
0.0362594 0.220941 0.0402021 0.686957 0.0156407
0.0378639 0.0670391 0.150085 0.658599 0.0864129
0.224931 0.297341 0.0447405 0.364016 0.0689713
0.22178 0.393563 0.185644 0.0955639 0.10345
0.0726896 0.140838 0.0496806 0.622 0.114792
0.0913974 0.301922 0.0413436 0.429891 0.135446
0.290632 0.531426 0.0611288 0.116714 9.9991E-05
0.148224 0.194836 9.9991E-05 0.636799 0.0200413
0.141067 9.9991E-05 0.0994438 0.661485 0.0979051
0.0697932 0.0624825 0.114456 0.718535 0.0347335
0.248276 0.254764 0.0681788 0.38525 0.0435311
0.0755465 0.225414 0.0534193 0.531368 0.114252
0.15707 0.197839 0.0435571 0.5654 0.0361335
0.299891 0.385403 0.0325245 0.282082 9.9991E-05
0.159781 0.17148 9.9982E-05 0.668538 9.9982E-05
0.334001 0.227483 9.9982E-05 0.438315 9.9982E-05
0.115685 0.125991 0.0154448 0.654921 0.0879585
0.767789 0.0427599 9.9982E-05 0.189251 9.9982E-05
0.6987 0.109187 9.9982E-05 0.191913 9.9982E-05
0.485329 0.010959 9.9982E-05 0.503512 9.9982E-05
0.198313 0.125005 0.0314475 0.645134 9.9991E-05
0.0630337 0.118408 0.122775 0.549812 0.145971
0.326564 0.0962112 9.9991E-05 0.525661 0.0514631
0.375452 0.280258 9.9982E-05 0.34409 9.9982E-05
0.22491 0.381882 0.00348352 0.389624 9.9991E-05
0.174011 0.138769 0.0640627 0.623057 9.9991E-05
0.355916 0.099344 0.00861062 0.536029 9.9991E-05
0.26778 0.0899834 0.0289891 0.613147 9.9991E-05
0.422233 9.9982E-05 0.00233032 0.575237 9.9982E-05
0.734647 0.0946405 9.9982E-05 0.170512 9.9982E-05
0.104638 0.0766381 0.0416911 0.665923 0.11111
9.9991E-05 0.0867291 0.796274 0.0721495 0.0447474
9.9973E-05 9.9973E-05 0.881526 0.118174 9.9973E-05
9.9982E-05 9.9982E-05 0.892217 0.0645764 0.0430068
0.0324598 9.9991E-05 0.929029 0.0196977 0.0187137
9.9982E-05 9.9982E-05 0.897179 0.0850532 0.0175675
0.00609189 9.9991E-05 0.915891 0.0678987 0.0100181
9.9973E-05 9.9973E-05 0.933646 0.0660538 9.9973E-05
0.151686 0.0234381 0.123523 0.644707 0.0566456
0.0617908 0.0507061 0.0993206 0.675759 0.112423
0.583596 0.170085 9.9982E-05 0.246119 9.9982E-05
0.126671 0.0616685 0.0881407 0.609584 0.113936
0.139789 0.187073 0.0344628 0.638576 9.9991E-05
0.199184 0.067625 0.0447639 0.668043 0.0203837
0.277557 0.0244608 0.0235034 0.639129 0.0353498
0.320696 0.00919529 9.9991E-05 0.561543 0.108467
0.555589 0.347779 9.9982E-05 0.0964323 9.9982E-05
0.120244 0.12842 0.120736 0.588356 0.0422444
0.0887515 0.214452 9.9991E-05 0.625499 0.071198
0.0234279 0.203408 0.0256549 0.555906 0.191603
0.479571 9.9982E-05 9.9982E-05 0.48023 0.0399993
0.317311 9.9982E-05 0.0123138 0.670175 9.9982E-05
0.268729 0.0651345 0.0138557 0.652181 9.9991E-05
0.455525 0.0283779 9.9991E-05 0.45736 0.0586376
0.134328 0.190046 0.0454364 0.630089 9.9991E-05
0.0356711 0.211421 0.0841473 0.518238 0.150523
0.351561 0.312475 9.9991E-05 0.215322 0.120542
0.0243786 0.348086 0.0840132 0.354038 0.189484
0.0621748 0.249041 0.0257527 0.499506 0.163526
0.125009 9.9991E-05 0.137263 0.594836 0.142793
0.0903532 0.327684 0.0442887 0.537574 9.9991E-05
0.0879699 0.255666 0.0270802 0.475607 0.153677
9.9991E-05 0.413385 0.0106214 0.497981 0.0779128
0.0478119 0.124822 0.133046 0.628184 0.0661363
0.150533 0.0696498 0.111881 0.627163 0.0407731
0.0742457 0.156963 0.0671974 0.669442 0.0321516
0.0416754 0.330117 9.9982E-05 0.628008 9.9982E-05
0.0904517 0.0892502 0.033946 0.747891 0.0384613
0.0875964 0.166682 0.0973261 0.616468 0.031928
0.0408949 0.24919 9.9991E-05 0.583714 0.126101
0.090346 0.155602 0.0492929 0.635767 0.0689923
0.143189 0.17276 9.9991E-05 0.551852 0.132099
0.128647 0.325193 0.0634523 0.466401 0.0163073
0.0675591 0.194962 0.00813531 0.559758 0.169586
0.106969 0.0494673 0.0606821 0.708191 0.0746913
0.240057 0.426299 9.9991E-05 0.233704 0.0998407
0.37741 0.312674 0.0475011 0.180291 0.0821234
0.0276136 0.252246 0.0556716 0.624099 0.0403701
0.501069 0.309669 9.9991E-05 0.0659189 0.123243
0.115077 0.494648 9.9982E-05 0.390075 9.9982E-05
0.0649573 0.296764 0.0286789 0.6095 9.9991E-05
0.015897 0.501193 0.0360313 0.446779 9.9991E-05
0.0676641 0.556615 9.9991E-05 0.339424 0.0361967
0.0657724 0.128899 0.0880715 0.67056 0.0466971
0.117223 0.103774 0.138845 0.538842 0.101316
0.125848 0.219078 9.9991E-05 0.556658 0.0983163
0.407905 0.363711 9.9991E-05 0.126703 0.101581
0.168689 0.108052 0.222209 0.39812 0.102929
0.213332 0.0258956 0.095863 0.584413 0.0804966
0.613403 0.113266 0.21368 0.0595515 9.9991E-05
0.13733 9.9991E-05 0.146675 0.611099 0.104795
0.340595 0.0285774 0.154454 0.452946 0.0234283
0.210328 9.9991E-05 0.12706 0.546788 0.115724
0.365578 0.141796 0.170017 0.296562 0.0260478
0.467323 0.144765 0.115226 0.272586 9.9991E-05
0.267149 0.126022 0.0742177 0.51985 0.0127612
0.130985 0.117775 0.1527 0.569496 0.0290433
0.150878 0.102965 0.201944 0.483362 0.060851
0.619686 0.103291 0.0677246 0.027047 0.182252
0.0859043 0.0773801 0.165019 0.612409 0.0592876
0.401296 0.104712 9.9982E-05 0.493792 9.9982E-05
0.243253 0.194011 9.9991E-05 0.506068 0.0565671
0.147248 0.0654078 0.103713 0.57782 0.105811
0.198735 0.0845904 0.345075 0.0836795 0.28792
0.242447 9.9982E-05 0.599182 9.9982E-05 0.15817
0.333441 9.9982E-05 0.504045 9.9982E-05 0.162314
0.130461 0.0528935 0.410754 9.9991E-05 0.405791
0.237963 9.9982E-05 9.9982E-05 0.686585 0.0752524
0.146574 0.00192426 0.138018 0.533625 0.179859
9.9982E-05 0.0495768 9.9982E-05 0.252857 0.697366
0.0116292 0.192702 0.00517195 0.320821 0.469676
9.9991E-05 0.100278 0.0356882 0.45376 0.410174
0.535182 0.00388367 0.0151525 0.412692 0.0330902
0.219198 0.0758254 0.0347506 0.572762 0.0974638
0.700298 9.9982E-05 9.9982E-05 0.225805 0.0736972
0.214953 0.0285937 0.0314312 0.651636 0.0733858
0.349223 9.9982E-05 0.0907561 0.559821 9.9982E-05
0.197995 0.0641969 0.00626399 0.610387 0.121158
0.641115 9.9991E-05 0.0487798 0.309007 0.00099918
0.0969433 0.0177934 0.0501456 0.768313 0.0668052
0.201667 0.0182829 0.0888086 0.534794 0.156447
9.997E-05 9.997E-05 9.997E-05 9.997E-05 0.9996
9.9982E-05 0.016801 9.9982E-05 0.0385054 0.944494
9.9982E-05 9.9982E-05 0.110495 0.277651 0.611655
9.9973E-05 9.9973E-05 9.9973E-05 0.24189 0.75781
9.9991E-05 0.00861561 0.0268352 0.117826 0.846623
9.997E-05 9.997E-05 9.997E-05 9.997E-05 0.9996
9.9973E-05 9.9973E-05 0.0131139 9.9973E-05 0.986586
0.0311582 9.9982E-05 9.9982E-05 0.0747306 0.893911
9.9982E-05 0.0287563 9.9982E-05 0.00623076 0.964813
9.997E-05 9.997E-05 9.997E-05 9.997E-05 0.9996
9.997E-05 9.997E-05 9.997E-05 9.997E-05 0.9996
9.9991E-05 0.0795785 0.0264199 0.075859 0.818043
9.9991E-05 0.0699949 0.0457712 0.0540668 0.830067
9.997E-05 9.997E-05 9.997E-05 9.997E-05 0.9996
9.9991E-05 0.108476 0.0690241 0.33292 0.48948
9.9991E-05 0.026104 0.0605001 0.251713 0.661583
0.00548354 9.9991E-05 0.050999 0.158838 0.784579
9.9982E-05 0.0562073 9.9982E-05 0.0233222 0.920271
9.997E-05 9.997E-05 9.997E-05 9.997E-05 0.9996
9.9982E-05 0.0262188 9.9982E-05 0.0679912 0.90559
9.997E-05 9.997E-05 9.997E-05 9.997E-05 0.9996
9.9991E-05 0.0354172 0.0469609 0.332465 0.585057
0.0264552 0.0451141 9.9982E-05 9.9982E-05 0.928231
0.550181 9.9982E-05 0.377747 9.9982E-05 0.0718721
0.106669 0.132002 0.248559 0.410316 0.102454
0.187319 9.9991E-05 0.259535 0.511697 0.0413486
0.39525 0.0231021 0.280562 0.0842628 0.216823
0.149515 0.0290126 0.240986 0.41928 0.161207
0.415959 9.9991E-05 0.287764 0.113772 0.182405
0.119626 0.0933876 0.240048 0.419409 0.127529
0.333967 9.9991E-05 0.13027 0.287356 0.248308
0.125566 0.0193084 0.159511 0.47583 0.219785
0.243946 9.9991E-05 0.184956 0.316439 0.254559
0.18587 0.0445846 0.201029 0.47285 0.0956661
0.0212101 0.071407 0.832526 0.0747568 9.9991E-05
0.0209331 9.9982E-05 0.931644 9.9982E-05 0.0472231
9.9982E-05 0.00590849 0.973968 0.019924 9.9982E-05
9.9982E-05 0.017943 0.97176 0.0100969 9.9982E-05
9.9982E-05 0.0998649 0.880329 9.9982E-05 0.0196057
0.027078 9.9982E-05 0.908055 9.9982E-05 0.0646669
9.9982E-05 9.9982E-05 0.89747 0.0251075 0.0772228
0.0731698 0.00703781 0.912271 9.9991E-05 0.00742111
0.0189781 9.9991E-05 0.903197 0.047374 0.0303512
0.018251 0.0250785 0.817111 9.9991E-05 0.139459
0.11162 0.303609 0.584115 9.9991E-05 0.000556516
0.0154423 0.363668 0.604468 9.9991E-05 0.0163211
0.105695 0.348274 0.545831 9.9982E-05 9.9982E-05
0.143312 0.370446 0.486042 9.9982E-05 9.9982E-05
0.109495 0.175704 0.0504212 0.616468 0.0479125
0.215163 0.115876 0.0277489 0.570399 0.070813
0.0657131 0.22224 0.0403711 0.664648 0.00702788
0.111665 0.29812 0.0264321 0.563683 9.9991E-05
0.146981 0.631367 9.9991E-05 0.205332 0.0162203
0.0832662 0.0272412 0.0758842 0.774559 0.039049
0.150686 0.119272 9.9991E-05 0.72568 0.00426339
0.283836 0.0651949 9.9982E-05 0.650769 9.9982E-05
0.43713 0.00135315 9.9991E-05 0.52763 0.0337872
0.111012 0.0818097 0.0905763 0.716501 9.9991E-05
0.186887 0.152039 0.0202623 0.640712 9.9991E-05
0.766651 0.184717 9.9982E-05 0.0484326 9.9982E-05
0.151999 0.092437 0.130017 0.625446 9.9991E-05
0.554841 9.9982E-05 0.0393376 0.405622 9.9982E-05
0.266894 0.0339977 9.9991E-05 0.664256 0.0347526
0.362096 0.299799 9.9982E-05 0.337905 9.9982E-05
0.0803399 0.77367 0.124238 0.0216514 9.9991E-05
0.0820239 0.723444 0.111046 0.0600673 0.023419
0.108622 0.841382 0.0497956 9.9982E-05 9.9982E-05
0.0880746 0.816681 0.0950444 9.9982E-05 9.9982E-05
0.00585779 0.904774 0.0234754 0.0657926 9.9991E-05
9.9991E-05 0.850327 0.0430034 0.022123 0.0844462
0.0143825 9.9991E-05 0.889332 0.0474712 0.048714
9.9991E-05 0.0802227 0.825831 0.0330975 0.0607483
9.9982E-05 9.9982E-05 0.768089 0.0856912 0.14602
9.9991E-05 0.0708628 0.747604 0.0353428 0.14609
9.9991E-05 0.0245077 0.830205 0.0547707 0.0904168
0.0193851 0.577581 0.402834 9.9982E-05 9.9982E-05
0.117676 0.43031 0.451814 9.9982E-05 9.9982E-05
0.0902251 0.484631 0.424944 9.9982E-05 9.9982E-05
9.9991E-05 0.0281126 0.825181 0.0953733 0.0512328
0.106657 0.512301 0.380842 9.9982E-05 9.9982E-05
0.084885 9.9991E-05 0.252926 0.276624 0.385465
9.9991E-05 0.0823954 0.130643 0.528865 0.257997
9.9982E-05 9.9982E-05 0.158984 0.483863 0.356953
0.0214093 0.0218279 0.302233 0.404006 0.250524
0.0500782 0.0762778 0.122843 0.493132 0.257669
0.146916 9.9982E-05 0.498443 9.9982E-05 0.354441
0.0809303 0.339459 9.9982E-05 0.579411 9.9982E-05
0.335976 0.199215 0.0563219 0.389908 0.0185788
9.9982E-05 0.549651 0.0578366 0.392312 9.9982E-05
0.269612 0.15288 0.0169387 0.50698 0.0535899
0.858341 0.141359 9.9973E-05 9.9973E-05 9.9973E-05
0.158677 0.064855 0.127587 0.534913 0.113967
0.216582 0.161219 9.99985E-05 0.514559 0.107541
0.130965 0.477513 0.00381663 0.387606 9.9991E-05
0.0726262 0.1639 0.0776074 0.602815 0.0830518
0.560929 0.260889 9.9982E-05 0.177982 9.9982E-05
0.198361 0.150067 0.0644208 0.586861 0.000289969
0.0708893 0.288816 9.9991E-05 0.575058 0.0651363
0.121522 0.082021 0.186667 0.412008 0.197782
0.28242 0.262391 9.9982E-05 0.454989 9.9982E-05
0.13034 0.21771 0.0464116 0.555179 0.0503603
0.230508 0.111677 0.0548041 0.490222 0.112789
0.103397 0.176681 0.0378034 0.66375 0.0183688
0.129893 0.0625925 0.015983 0.688745 0.102787
9.9991E-05 0.0888998 0.157994 0.657774 0.0952322
0.0260067 0.23673 0.0506579 0.550273 0.136332
9.9982E-05 9.9982E-05 0.805862 0.129797 0.0641408
9.9982E-05 9.9982E-05 0.871587 0.101706 0.0265065
0.0350889 0.0834645 0.821913 0.0594338 9.9991E-05
0.0416138 0.100765 0.795491 0.0497558 0.0123739
9.9991E-05 0.0131145 0.84419 0.105124 0.0374719
0.0281495 0.67882 9.9991E-05 0.234375 0.0585556
0.143617 0.133376 0.0857055 0.547376 0.0899269
0.087692 0.0311962 0.225495 0.475611 0.180006
0.00215318 0.184281 0.0535203 0.668309 0.0917363
0.0324476 0.212582 0.0915023 0.648447 0.015021
0.179139 0.4124 0.00201081 0.287845 0.118605
0.129472 0.624711 0.179489 0.0662278 9.9991E-05
9.9982E-05 0.304858 9.9982E-05 0.683476 0.011466
0.098936 0.557157 0.0640813 0.273065 0.0067605
0.216974 0.21778 0.0428196 0.430487 0.0919396
0.15449 0.564788 0.0918234 0.135105 0.0537944
9.9982E-05 0.130835 0.15538 0.713586 9.9982E-05
0.0607935 0.588088 0.0740639 0.22758 0.0494738
0.199777 0.302081 0.00641844 0.3213 0.170424
0.177125 0.150978 0.0776515 0.559872 0.0343728
0.424647 0.155622 0.0816353 0.312123 0.0259731
0.227311 0.0501799 0.0388103 0.641911 0.0417884
0.244529 0.046802 0.0812671 0.612854 0.0145487
0.384509 0.114992 0.0710683 0.429331 9.9991E-05
0.213022 0.0834889 0.136176 0.502406 0.0649076
0.260452 0.0196995 0.0825244 0.621672 0.0156518
0.72109 0.113436 9.9982E-05 0.165274 9.9982E-05
0.64121 9.9982E-05 0.0373374 0.321253 9.9982E-05
0.345703 0.0965958 0.0352773 0.494184 0.0282408
0.582364 0.137895 0.0553948 0.224246 9.9991E-05
0.37375 0.0734701 0.0496609 0.502583 0.000535681
0.208079 0.587241 0.0169435 0.159134 0.0286025
0.385058 0.299346 9.9991E-05 0.286303 0.0291922
0.00580001 0.451486 0.0194586 0.429477 0.0937788
0.021501 0.193023 0.0101659 0.610794 0.164517
0.186433 0.543651 9.9982E-05 0.269716 9.9982E-05
0.202338 0.102438 0.128889 0.458294 0.108041
0.0546238 0.167529 0.0573196 0.544766 0.175762
0.124952 0.246915 0.00110921 0.549162 0.0778608
0.137214 0.224771 0.0176325 0.499157 0.121226
9.9991E-05 0.359654 0.00408568 0.515501 0.12066
0.11227 0.503695 9.9991E-05 0.280552 0.103383
9.9982E-05 0.47572 9.9982E-05 0.336546 0.187535
0.0440605 0.164282 9.9991E-05 0.663688 0.127869
0.0809855 0.149118 0.0279792 0.610888 0.131029
0.204344 0.280918 0.0353959 0.474062 0.00527983
0.131965 0.209415 9.9991E-05 0.461293 0.197227
9.9991E-05 0.433089 0.0786128 0.423394 0.0648052
0.0674057 0.250887 0.0108584 0.644405 0.0264439
0.0680434 0.213195 0.0334048 0.546258 0.139099
0.0902021 0.146723 0.160126 0.510862 0.0920877
9.9991E-05 0.050338 0.376046 0.482447 0.0910681
0.0786277 9.9991E-05 0.132515 0.522759 0.265999
0.143404 9.9991E-05 0.148223 0.466303 0.24197
0.0958103 9.9991E-05 0.0905546 0.674402 0.139133
0.186107 9.9991E-05 0.191787 0.339835 0.282171
0.245087 0.2199 9.9991E-05 0.488505 0.0464074
0.0285448 0.11568 0.170106 0.510005 0.175664
0.508957 9.9991E-05 0.27218 0.00214337 0.21662
0.146777 9.9991E-05 0.100885 0.534624 0.217613
0.0310217 0.0903061 0.0898875 0.533623 0.255162
0.125435 0.137164 0.000255477 0.39579 0.341356
0.258074 0.0828679 0.186676 0.30464 0.167743
9.9991E-05 0.107689 0.16683 0.518025 0.207356
0.132412 9.9991E-05 0.120924 0.45779 0.288775
0.303438 9.9982E-05 0.519804 9.9982E-05 0.176559
0.0976925 0.00490565 0.20589 0.460992 0.23052
0.0322853 9.9991E-05 0.172611 0.554328 0.240676
0.0393033 0.0207175 0.130123 0.56278 0.247076
9.9982E-05 9.9982E-05 0.191812 0.562744 0.245244
0.00288509 0.133286 0.165158 0.471842 0.226829
0.313036 0.0258798 0.0595606 0.511643 0.0898801
0.139426 0.202875 9.9991E-05 0.536391 0.121208
0.825402 0.0867515 9.9991E-05 0.0724061 0.0153408
0.816727 0.0825892 0.0262511 0.0743324 9.9991E-05
0.194702 0.0420853 0.0300736 0.582456 0.150683
0.112575 9.9991E-05 0.0902712 0.396194 0.400859
0.179459 9.9991E-05 0.112045 0.282791 0.425605
0.286708 0.00262495 0.20506 0.15441 0.351197
0.112335 9.9991E-05 0.218963 0.372138 0.296463
0.650221 9.9991E-05 0.0949953 0.111426 0.143258
0.545608 9.9991E-05 0.164288 0.128401 0.161603
0.19419 9.9982E-05 9.9982E-05 0.609171 0.196439
0.235839 0.000767151 0.0758761 0.51947 0.168048
0.488295 9.9991E-05 0.094389 0.264608 0.152609
0.236286 0.0778084 0.0416467 0.470127 0.174132
0.24601 0.0308556 9.9991E-05 0.562307 0.160728
0.133416 0.0611567 0.0897004 0.538102 0.177625
0.45564 0.158854 0.0323196 0.353086 9.9991E-05
0.448118 0.0879034 9.9991E-05 0.37373 0.0901491
0.254125 0.00864604 0.0398792 0.69725 9.9991E-05
0.355298 0.0990334 0.0796271 0.451834 0.0142081
0.197085 0.131238 0.086308 0.360244 0.225124
0.391113 0.0314441 0.00951922 0.508401 0.0595228
0.592383 0.115259 9.9991E-05 0.257698 0.0345591
0.222656 9.9991E-05 0.0247298 0.670234 0.0822795
0.613087 0.0724459 9.9991E-05 0.309011 0.00535613
0.431897 9.9982E-05 9.9982E-05 0.503109 0.0647939
0.139485 0.0899584 0.105219 0.617504 0.0478346
0.274953 0.0547213 0.0712061 0.599019 9.9991E-05
0.0684424 0.0556588 0.165789 0.477689 0.23242
0.249021 0.0305994 0.145909 0.414713 0.159759
0.131421 0.101378 0.124655 0.260116 0.382431
0.00446333 0.195798 0.207863 0.340095 0.25178
0.110007 0.0659434 0.155966 0.448101 0.219982
0.154552 0.0935216 0.13153 0.3546 0.265796
0.623822 9.9982E-05 0.191449 9.9982E-05 0.184529
0.0905343 0.0170383 0.0576092 0.553249 0.281569
0.443766 9.9982E-05 0.4112 9.9982E-05 0.144834
0.225974 9.9991E-05 0.0313434 0.48387 0.258712
0.825452 9.9973E-05 9.9973E-05 0.174248 9.9973E-05
0.937748 0.018277 9.9991E-05 0.0144915 0.0293837
0.408551 9.9982E-05 9.9982E-05 0.539381 0.0518681
0.237472 9.9991E-05 0.0261288 0.647478 0.0888216
0.471697 9.9982E-05 9.9982E-05 0.522468 0.00563449
0.327148 9.9982E-05 9.9982E-05 0.621125 0.051527
0.341771 0.0367289 9.9991E-05 0.511884 0.109516
0.0315479 0.0428093 0.787121 0.0732603 0.0652617
9.9991E-05 0.161148 0.716937 0.0111134 0.110702
9.9982E-05 0.0621801 0.878743 9.9982E-05 0.0588767
9.9973E-05 9.9973E-05 0.959085 0.0406151 9.9973E-05
0.223088 0.0763857 9.9991E-05 0.636296 0.0641301
0.184116 0.094592 0.124923 0.596268 9.9991E-05
0.24747 0.07938 9.9982E-05 0.67295 9.9982E-05
0.119128 0.0177741 0.0981151 0.764883 9.9991E-05
0.102873 0.137148 0.118271 0.602567 0.039141
0.354359 0.220049 9.9982E-05 0.425393 9.9982E-05
0.114731 0.0369106 0.00380655 0.764788 0.0797636
0.497486 9.9982E-05 0.0421946 0.460119 9.9982E-05
9.9991E-05 0.0875304 0.247389 0.429366 0.235615
0.380811 0.0139472 9.9991E-05 0.551061 0.0540808
0.230826 0.254371 9.9982E-05 0.514603 9.9982E-05
0.190908 0.0693722 0.0127195 0.7269 9.9991E-05
0.29356 0.115509 0.0317221 0.55911 9.9991E-05
0.281014 9.9982E-05 9.9982E-05 0.70152 0.017266
0.196471 0.0142379 0.0857184 0.703473 9.9991E-05
0.72023 9.9973E-05 9.9973E-05 0.27947 9.9973E-05
0.462187 0.0500418 0.0417192 0.445952 9.9991E-05
0.41517 0.131232 9.9982E-05 0.453398 9.9982E-05
0.916129 9.9973E-05 9.9973E-05 0.0835713 9.9973E-05
0.239423 0.190366 0.00286366 0.500849 0.0664984
0.719979 0.0229364 9.9982E-05 0.256885 9.9982E-05
0.872047 0.0372679 0.0283364 0.0622488 9.9991E-05
0.182038 0.010238 0.0462817 0.748661 0.012781
0.384808 0.187859 0.0153807 0.411852 9.9991E-05
0.186498 0.175276 9.9991E-05 0.619426 0.0187002
0.127236 9.9991E-05 0.150593 0.665039 0.0570315
0.197131 0.110903 9.9982E-05 0.691766 9.9982E-05
0.282822 0.273983 9.9991E-05 0.316305 0.12679
0.192854 0.0881169 0.0261792 0.640554 0.052296
0.144575 0.186108 9.9991E-05 0.594613 0.0746048
0.512889 0.00200171 9.9982E-05 0.48491 9.9982E-05
0.250741 0.0129285 0.155076 0.496704 0.0845509
0.0311087 0.297513 0.660765 9.9991E-05 0.0105132
0.0534914 0.0919603 0.7518 0.100286 0.00246264
0.0581336 0.104939 0.836727 9.9982E-05 9.9982E-05
0.0504904 0.128182 0.821128 9.9982E-05 9.9982E-05
9.9982E-05 0.203441 0.736663 0.0596962 9.9982E-05
0.335189 0.280602 9.9982E-05 0.384009 9.9982E-05
0.444561 0.226159 0.0201065 0.309074 9.9991E-05
0.687506 9.9973E-05 9.9973E-05 0.312194 9.9973E-05
0.149376 0.0178423 0.152027 0.623233 0.057521
0.054647 0.0742444 0.145791 0.635356 0.0899617
0.454375 9.9982E-05 0.102145 0.44328 9.9982E-05
0.258669 9.9991E-05 0.0346394 0.638944 0.0676479
0.374289 9.9991E-05 0.0516827 0.562152 0.011776
0.214753 0.132483 0.0205604 0.632104 9.9991E-05
0.0976338 0.0573709 0.0664731 0.73272 0.0458027
0.366446 0.222599 9.9982E-05 0.410755 9.9982E-05
0.25045 0.125846 0.0349797 0.588625 9.9991E-05
0.265847 0.269027 9.9982E-05 0.464926 9.9982E-05
0.0826194 0.046903 0.189816 0.680561 9.9991E-05
0.285109 0.116681 0.0485621 0.549548 9.9991E-05
0.258241 0.100435 0.0467536 0.562805 0.031765
0.0534711 0.0276448 0.0697647 0.326416 0.522704
0.0250668 9.9991E-05 0.131417 0.411846 0.431571
0.0163088 9.9991E-05 0.15538 0.346029 0.482183
0.0707674 9.9991E-05 0.123272 0.256814 0.549047
0.0401491 0.0124514 0.14461 0.404942 0.397848
0.392225 9.9991E-05 0.0292613 0.495072 0.0833419
0.0327308 9.9991E-05 0.270065 0.0386629 0.658441
0.0293227 0.00362085 0.170296 0.277551 0.51921
0.196943 9.9991E-05 0.148883 0.425386 0.228689
0.15396 9.9982E-05 0.15696 0.68888 9.9982E-05
0.21651 0.12351 0.149349 0.450316 0.0603147
0.0380434 0.177198 0.148087 0.550701 0.0859708
0.0559348 0.0840578 0.178832 0.652438 0.0287382
9.9982E-05 9.9982E-05 0.200439 0.261885 0.537476
9.9991E-05 0.121746 0.0343491 0.367559 0.476246
0.0239657 9.9991E-05 0.0479327 0.375921 0.55208
0.159674 9.9991E-05 0.0847095 0.336002 0.419515
0.0637713 9.9991E-05 0.132352 0.256798 0.546978
0.0858163 0.0429258 0.111406 0.398042 0.36181
0.0180388 9.9991E-05 0.16525 0.217271 0.59934
0.0133226 0.0728733 0.0961103 0.336101 0.481593
0.173114 0.135789 0.018173 0.570342 0.102582
0.0894031 0.0830723 0.118715 0.278704 0.430106
0.0437387 9.9991E-05 0.166704 0.138831 0.650627
0.101154 0.0684627 0.103666 0.351769 0.374949
0.299901 0.222082 0.197017 0.260721 0.0202772
0.194422 0.0525723 9.9991E-05 0.542588 0.210317
0.0176661 0.0133814 0.198125 0.424944 0.345884
0.0360537 0.115336 0.129286 0.708015 0.0113096
0.157381 0.0817076 0.182113 0.578699 9.9991E-05
0.141185 0.0956933 0.177589 0.287311 0.298222
0.13579 0.0029108 0.2604 0.238854 0.362046
0.123984 9.9991E-05 0.106278 0.557938 0.2117
0.0465696 9.9991E-05 0.133919 0.41339 0.406021
0.0159835 9.9991E-05 0.095168 0.398877 0.489871
0.0276607 9.9991E-05 0.228665 0.0991481 0.644426
0.0330492 0.0727656 0.135785 0.689615 0.0687848
0.199108 0.0860306 0.117591 0.59717 9.9991E-05
0.546547 9.9991E-05 0.169824 0.173171 0.110358
0.0448653 0.0609794 0.0524495 0.635303 0.206403
0.134947 0.154195 0.128286 0.574627 0.00794481
0.0958554 9.9991E-05 0.2435 0.477212 0.183333
0.0772962 0.108444 0.15616 0.42485 0.23325
0.43597 9.9982E-05 0.375088 9.9982E-05 0.188742
0.474502 9.9982E-05 0.383178 9.9982E-05 0.14212
0.317891 0.092023 0.170345 0.237233 0.182508
0.348405 0.00551177 0.411968 9.9991E-05 0.234016
0.268017 9.9982E-05 0.475372 9.9982E-05 0.25641
0.342666 9.9991E-05 0.191204 0.302086 0.163943
0.203779 9.9991E-05 0.272636 0.347875 0.17561
0.293793 0.0618462 0.289444 0.0845729 0.270344
0.406515 9.9991E-05 0.359233 0.0245918 0.20956
0.187492 9.9991E-05 0.201747 0.456114 0.154547
0.413926 9.9991E-05 0.242754 0.151781 0.19144
0.389998 9.9982E-05 0.532967 9.9982E-05 0.076835
0.0415032 0.0879858 0.143656 0.544961 0.181894
0.222621 0.00649128 0.178891 0.294182 0.297814
9.9982E-05 9.9982E-05 0.344523 0.455614 0.199664
9.9982E-05 9.9982E-05 0.192525 0.576775 0.2305
0.0687678 0.00601693 0.213609 0.583011 0.128595
0.0868406 9.9991E-05 0.145722 0.405583 0.361755
0.033962 0.0946818 0.3152 0.347632 0.208524
0.0561478 9.9991E-05 0.234187 0.484483 0.225083
0.0521334 0.0121438 0.204268 0.428202 0.303253
0.179758 9.9991E-05 0.242915 0.244206 0.333022
0.193402 0.183285 0.1452 0.296655 0.181458
9.9991E-05 0.106694 0.177238 0.614859 0.101109
0.0890568 0.002926 0.209581 0.527967 0.170468
0.0808688 0.0172191 0.133235 0.672566 0.0961111
0.0286631 9.9991E-05 0.282486 0.394283 0.294468
0.0527365 0.0468061 0.127535 0.532272 0.24065
0.237656 9.9991E-05 0.387213 0.0797571 0.295274
0.00315638 0.0433688 0.210284 0.541876 0.201316
0.188325 9.9991E-05 0.290404 0.158031 0.36314
0.0570397 0.156729 0.781991 0.00414012 9.9991E-05
9.9991E-05 0.795554 0.0638229 0.137033 0.00349052
9.9973E-05 0.986884 0.0128163 9.9973E-05 9.9973E-05
9.9973E-05 0.986894 0.0128065 9.9973E-05 9.9973E-05
9.9973E-05 0.988081 9.9973E-05 9.9973E-05 0.011619
9.9991E-05 0.929655 0.0140747 0.0206902 0.0354806
9.9973E-05 0.906049 9.9973E-05 0.093651 9.9973E-05
9.9973E-05 0.967302 0.0323982 9.9973E-05 9.9973E-05
9.9982E-05 0.824729 0.167356 9.9982E-05 0.00771523
0.0154343 0.0548859 0.900094 9.9991E-05 0.0294859
9.9982E-05 0.102102 0.788892 0.108806 9.9982E-05
9.9991E-05 0.0519046 0.890654 0.0297705 0.0275709
9.9982E-05 0.101658 0.840736 0.0574066 9.9982E-05
9.9982E-05 9.9982E-05 0.92729 0.0313038 0.041206
0.0397045 0.0623139 0.864748 0.00696769 0.0262659
9.9982E-05 0.10035 0.716915 9.9982E-05 0.182536
9.9982E-05 9.9982E-05 0.847397 0.0892482 0.0631545
9.9991E-05 0.143821 0.665915 0.101215 0.0889486
9.9982E-05 9.9982E-05 0.929541 0.00273535 0.0675239
0.0515054 0.00932357 0.932609 0.00646193 9.9991E-05
9.9991E-05 0.0106728 0.873631 0.0994911 0.0161053
9.9982E-05 0.0250187 0.952552 9.9982E-05 0.0222298
9.9973E-05 9.9973E-05 0.922769 0.0769309 9.9973E-05
9.9991E-05 0.0477793 0.809216 0.078379 0.0645253
9.9982E-05 9.9982E-05 0.838614 0.102868 0.0583184
9.9982E-05 9.9982E-05 0.781296 0.0913542 0.12715
9.9982E-05 9.9982E-05 0.777518 0.111774 0.110509
9.9982E-05 9.9982E-05 0.798371 0.107185 0.0942438
0.266655 0.130009 0.156447 0.419632 0.0272571
0.0988103 0.0225642 0.0820696 0.796456 9.9991E-05
0.0172308 0.107249 0.120846 0.645697 0.108977
0.664565 9.9991E-05 0.103373 0.163441 0.0685212
0.0539114 0.135675 0.186879 0.623435 9.9991E-05
0.600014 9.9991E-05 0.203939 0.158729 0.0372179
0.0365646 9.9991E-05 0.207992 0.663618 0.0917255
0.192604 0.161269 0.11953 0.526498 9.9991E-05
0.267472 0.0239354 0.0501893 0.594295 0.0641092
0.302879 0.0621186 0.0212715 0.589783 0.0239486
0.210777 0.0985913 0.134272 0.55626 9.9991E-05
0.0921661 9.9982E-05 0.161591 0.746042 9.9982E-05
0.0983333 0.121093 0.181927 0.595325 0.00332181
0.371793 0.496377 9.9991E-05 0.056241 0.0754891
0.847551 0.0552929 0.096956 9.9982E-05 9.9982E-05
0.624078 0.059737 0.127352 0.120473 0.0683598
0.0577615 0.0320736 0.149828 0.706873 0.053464
0.215976 9.9982E-05 0.181102 0.602722 9.9982E-05
0.163177 9.9982E-05 0.175959 0.660664 9.9982E-05
0.16464 9.9991E-05 0.093925 0.65312 0.0882152
0.0580662 9.9991E-05 0.216157 0.435247 0.290429
9.9991E-05 0.040366 0.149696 0.558527 0.251312
0.124884 0.113769 0.402269 0.156761 0.202318
0.0471001 0.0622199 0.154449 0.664967 0.0712646
0.0468392 0.0778326 0.246543 0.49556 0.133226
0.345353 0.00699659 0.481846 9.9991E-05 0.165704
0.185636 9.9991E-05 0.275745 0.297179 0.24134
0.0352832 0.064174 0.385892 0.308216 0.206434
9.9991E-05 0.112991 0.321981 0.521268 0.0436594
0.0677601 0.119309 0.0947575 0.477346 0.240827
0.0542011 9.9991E-05 0.231385 0.583513 0.130801
9.9982E-05 9.9982E-05 0.105 0.705992 0.188807
0.247926 9.9991E-05 0.15448 0.360566 0.236928
0.0157148 0.00142983 0.533722 0.3485 0.100633
