0.0555709 0.0163629 0.0130553 0.872698 9.9982E-05 0.0421126 9.9982E-05
9.9964E-05 9.9964E-05 0.0845048 0.911884 0.00321147 9.9964E-05 9.9964E-05
0.0127987 0.0181343 0.0024763 0.792952 9.9991E-05 0.040768 0.132771
0.116069 9.9973E-05 9.9973E-05 0.722044 0.0206279 0.140959 9.9973E-05
9.9973E-05 9.9973E-05 9.9973E-05 0.855898 0.0618472 0.0757849 0.00616994
0.0826532 0.145244 0.0216052 0.608463 0.0202064 0.00377412 0.118054
0.0295022 0.131263 9.9982E-05 0.815924 0.00619855 9.9982E-05 0.0169125
0.167494 0.0935545 9.9973E-05 0.684497 9.9973E-05 0.0541552 9.9973E-05
0.0727408 0.0761305 0.0423803 0.808448 9.99729E-05 9.99729E-05 9.99729E-05
0.0167658 0.0581067 9.9991E-05 0.700476 0.102303 0.0520022 0.0702465
0.13401 0.0651937 0.041944 0.747255 9.9982E-05 0.0113972 9.9982E-05
0.405513 0.037946 0.292387 9.9982E-05 9.9982E-05 0.0449738 0.21898
0.263445 0.0325376 9.9982E-05 0.0903889 9.9982E-05 0.0140679 0.59936
0.3871 0.0925564 0.0526156 0.0267208 0.107511 0.104573 0.228924
0.265027 0.0442722 0.120127 0.00119143 0.118294 0.231819 0.219269
0.154517 0.0944106 0.0875541 0.111511 0.0181496 0.127693 0.406164
0.0978931 0.00586457 0.0832613 0.130156 0.0923224 0.0746015 0.515901
0.255219 0.0195883 0.185834 0.0176919 9.9991E-05 0.135134 0.386433
0.230917 9.9982E-05 0.190663 0.143067 9.9982E-05 0.0445705 0.390582
0.625952 0.124912 0.147076 0.0238435 9.9991E-05 0.0456983 0.0324187
0.301129 9.9991E-05 0.0837971 0.0210827 0.108003 0.127606 0.358282
0.17819 0.137154 0.00482282 0.0602907 0.107957 0.108376 0.403209
0.132574 0.0410493 0.219006 0.0613289 0.0350023 0.0763908 0.434648
0.329781 0.122817 0.133805 9.9982E-05 9.9982E-05 0.106608 0.306789
0.119042 0.104097 9.9973E-05 0.109041 9.9973E-05 9.9973E-05 0.667519
0.220214 0.0704272 0.109806 0.0245561 0.0159796 0.0976079 0.461409
0.443896 0.0257328 0.2178 0.0396202 0.0584958 0.113559 0.100897
0.332538 0.0913233 0.130554 0.0282998 0.00587907 0.15591 0.255497
0.4328 0.116067 0.0613641 9.9982E-05 0.123305 9.9982E-05 0.266264
9.9964E-05 9.9964E-05 9.9964E-05 0.838598 9.9964E-05 0.0271177 0.133884
9.9964E-05 9.9964E-05 9.9964E-05 0.823268 9.9964E-05 0.0182713 0.158061
9.9973E-05 9.9973E-05 0.00558933 0.784935 9.9973E-05 0.00107199 0.208104
9.9973E-05 9.9973E-05 0.0315558 0.749271 9.9973E-05 0.0917897 0.127083
0.0886965 0.0255796 0.254427 0.0578335 0.0462775 0.0029837 0.524203
9.9973E-05 9.9973E-05 0.404531 0.0606756 9.9973E-05 0.0921797 0.442314
9.9991E-05 0.0270168 0.355759 0.0111884 0.011642 0.015655 0.578639
0.571009 0.037804 0.0552571 0.0712096 0.0944965 0.0246525 0.145571
0.0709745 9.9982E-05 0.609008 9.9982E-05 0.00975986 0.026741 0.283317
0.0226087 9.9982E-05 0.302973 0.0779964 0.0430287 9.9982E-05 0.553194
0.0318516 0.145174 0.0599713 0.00506423 0.0212849 0.0188775 0.717777
0.0618081 0.170972 0.108986 0.0505814 0.0109287 9.9991E-05 0.596624
0.0290223 0.160712 0.0660292 0.0803726 9.9982E-05 9.9982E-05 0.663664
0.106606 0.0500939 0.69166 0.0463705 9.9982E-05 9.9982E-05 0.10507
0.0664158 0.269818 0.0286564 0.00922945 9.9982E-05 9.9982E-05 0.62568
9.999E-05 0.0500824 0.286644 0.0564721 0.0460858 0.0803589 0.480256
9.9982E-05 0.0357107 0.102212 0.199225 9.9982E-05 0.118987 0.543665
9.9973E-05 0.0164243 0.629875 9.9973E-05 0.0522298 9.9973E-05 0.301171
0.0120013 0.0320725 0.237915 0.035407 0.0386057 0.0109238 0.633075
0.0546025 0.11647 0.07128 0.0332232 0.116738 0.101542 0.506145
9.9973E-05 0.185357 0.689794 0.0547435 0.0698047 9.9973E-05 9.9973E-05
0.460492 0.0876681 0.230246 9.9982E-05 0.0591199 9.9982E-05 0.162274
0.241283 0.342265 0.25409 9.9991E-05 0.0742678 0.0363987 0.0515948
0.128182 0.087069 0.130499 0.108988 9.9991E-05 0.000224845 0.544937
0.0538091 0.0946089 9.9991E-05 0.060332 0.131451 0.0394704 0.620228
0.0579558 0.204311 0.0777292 9.9991E-05 0.0244437 0.0576286 0.577832
0.266335 0.163811 0.264278 0.0758082 0.0735426 9.9991E-05 0.156125
0.312279 0.0579139 9.9982E-05 0.00587144 0.0826283 9.9982E-05 0.541108
0.102258 0.122621 0.0471269 0.0537321 9.9991E-05 0.0407189 0.633444
0.214742 0.157019 0.141399 0.0954399 0.0586122 0.0718013 0.260987
0.323819 0.200074 0.101941 0.1977 0.0241106 0.0506872 0.101669
0.0872406 0.0725376 0.0858981 0.0709171 0.137986 0.00514868 0.540272
0.199323 0.0104924 0.0624362 0.106852 0.166726 0.0216904 0.43248
0.499717 0.136554 0.300624 0.0201949 0.00409733 9.9991E-05 0.0387126
0.236026 9.9982E-05 0.177382 9.9982E-05 0.0620766 0.0494309 0.474885
0.0492588 0.0622169 0.0954613 0.0114301 0.092859 0.0807014 0.608073
0.157596 0.10467 0.0356358 0.0525597 0.00735353 0.0867294 0.555455
0.311033 0.0799516 0.242976 0.00626718 0.0966986 0.0812207 0.181853
0.191406 0.145339 0.0256586 9.9991E-05 0.0709706 0.0142909 0.552235
0.127308 0.0694676 0.0696201 0.0475962 0.0187696 0.121176 0.546062
0.399104 0.117432 0.119483 0.029186 0.165939 0.0150136 0.153842
0.0481815 9.9964E-05 0.429653 9.9964E-05 9.9964E-05 9.9964E-05 0.521765
0.0522291 9.9973E-05 0.72975 0.0233127 9.9973E-05 9.9973E-05 0.194408
0.0236015 0.0488303 0.22625 0.0704705 9.9991E-05 0.0261619 0.604586
9.9955E-05 0.125715 0.873785 9.9955E-05 9.9955E-05 9.9955E-05 9.9955E-05
0.0113625 0.113486 0.777401 9.9973E-05 0.0974509 9.9973E-05 9.9973E-05
9.9973E-05 9.9973E-05 0.748949 9.9973E-05 0.0185393 0.00149512 0.230716
0.0398175 0.0593395 0.421005 0.000252366 9.9982E-05 9.9982E-05 0.479386
0.0494669 0.0624396 0.134715 0.129033 0.0853572 0.0352366 0.503752
0.000140103 0.0322063 0.494966 0.0528924 0.0280561 0.0232991 0.36844
0.140814 9.9973E-05 0.663812 0.0428012 9.9973E-05 9.9973E-05 0.152273
0.232669 9.9973E-05 0.483105 0.0530681 9.9973E-05 9.9973E-05 0.230857
0.0926106 9.9991E-05 0.205413 0.0525051 0.125659 0.048936 0.474776
0.0844475 9.9982E-05 0.595493 0.0231569 9.9982E-05 0.0301623 0.266541
0.0160029 9.9982E-05 0.528447 0.0330585 9.9982E-05 0.0108418 0.41145
9.9982E-05 0.018629 0.552449 9.9982E-05 0.00795774 0.0132437 0.407521
0.00849156 0.20723 0.714387 9.9973E-05 0.0695917 9.9973E-05 9.9973E-05
0.100462 0.0322682 0.216994 9.9991E-05 0.00609928 0.00210077 0.641976
0.0902506 9.9982E-05 0.0130213 0.792159 9.9982E-05 0.00762351 0.0967454
9.9955E-05 9.9955E-05 9.9955E-05 0.892541 9.9955E-05 9.9955E-05 0.106959
9.9964E-05 9.9964E-05 9.9964E-05 0.864578 9.9964E-05 0.0330232 0.101999
9.9964E-05 0.0266139 9.9964E-05 0.899632 9.9964E-05 9.9964E-05 0.0733546
9.9973E-05 9.9973E-05 9.9973E-05 0.861817 0.0427087 0.0382468 0.0569274
9.9973E-05 0.0428084 9.9973E-05 0.892513 0.0295493 9.9973E-05 0.0348293
0.0161527 9.9982E-05 0.0144052 0.915035 0.0231851 9.9982E-05 0.031022
9.9991E-05 0.0574835 0.282501 0.0951109 0.0344463 0.0433972 0.486961
0.1611 9.9982E-05 0.184973 0.0492236 9.9982E-05 0.0473952 0.557108
0.106857 9.9982E-05 0.803915 0.0443636 0.0373868 9.9982E-05 0.00727713
0.036542 9.9991E-05 0.13237 0.0897656 0.075182 0.0305725 0.635468
0.0500161 0.00588072 0.483167 0.00141737 9.9991E-05 0.00797769 0.451441
0.0125398 0.086387 0.278233 9.9982E-05 0.0477166 9.9982E-05 0.574923
9.9982E-05 0.00920195 0.284201 0.0354586 0.0826377 9.9982E-05 0.588301
9.9973E-05 9.9973E-05 0.337392 9.9973E-05 0.101067 0.0318247 0.529417
0.235634 9.9964E-05 0.696986 0.0669801 9.9964E-05 9.9964E-05 9.9964E-05
9.9991E-05 0.106435 0.0967373 0.0966777 0.190509 0.0913752 0.418165
9.9991E-05 0.0751737 0.185178 0.0395841 0.0693055 0.0625371 0.568122
0.082083 0.118357 0.0654061 0.0621979 9.9991E-05 0.166517 0.505339
9.9991E-05 0.125127 0.546328 0.00227196 0.0291745 0.00353024 0.293468
9.9973E-05 0.0283754 0.411737 9.9973E-05 0.0456275 9.9973E-05 0.51396
0.0808018 0.0326774 0.433029 0.0880181 9.9991E-05 0.0144319 0.350941
9.9964E-05 9.9964E-05 0.688745 9.9964E-05 9.9964E-05 0.0756468 0.235208
0.186353 9.9973E-05 0.379467 0.019589 9.9973E-05 9.9973E-05 0.414292
0.0543374 9.9991E-05 0.142808 0.101334 0.141466 0.0274429 0.532513
0.288314 0.10825 0.0316368 0.0925783 0.198292 9.9991E-05 0.280829
0.318343 0.0944012 9.9982E-05 0.130889 9.9982E-05 0.0786652 0.377501
0.151192 9.9982E-05 0.158822 0.101072 0.0816065 9.9982E-05 0.507108
0.0714396 9.9991E-05 0.148448 0.105738 0.00830491 0.070225 0.595744
0.270533 0.0326875 0.0200016 0.0617381 0.0783287 9.9991E-05 0.536611
0.247853 0.024394 0.0138199 9.9982E-05 0.106438 9.9982E-05 0.607296
0.38064 9.9973E-05 9.9973E-05 0.00947237 0.106634 9.9973E-05 0.502953
0.138757 0.0768302 0.135798 0.0703705 9.99912E-05 0.0448776 0.533267
0.166803 9.9982E-05 9.9982E-05 0.089809 0.107589 0.0377234 0.597876
0.160074 0.0419295 0.140602 0.0702008 0.0158484 0.0569114 0.514434
0.336438 0.0224575 0.0802281 9.9982E-05 0.0183446 9.9982E-05 0.542331
0.0965058 0.071007 0.0382639 0.0574923 0.0828684 0.0562236 0.597639
0.119644 0.129817 0.0407688 0.119421 0.0522864 0.0746754 0.463387
0.211874 9.9973E-05 9.9973E-05 9.9973E-05 0.114399 0.0173841 0.656043
0.104828 0.110271 0.100972 0.0560406 0.0768 0.122933 0.428156
0.204233 9.9991E-05 0.0245232 0.0328168 0.1431 0.12854 0.466687
0.212291 0.131973 0.00834853 0.142676 0.0807286 9.9991E-05 0.423883
0.186728 0.0174614 9.9982E-05 9.9982E-05 0.0613818 0.0126329 0.721596
0.151405 0.0347896 9.9982E-05 9.9982E-05 0.118669 0.0474558 0.64748
0.413457 0.0259196 0.212753 9.9991E-05 0.0492281 0.0706241 0.227918
0.275726 0.173679 0.0718433 0.0162979 0.245007 0.0597057 0.157742
0.27193 0.115962 9.9991E-05 0.00303675 0.0163557 0.0396985 0.552917
0.310431 0.153666 0.19958 9.9991E-05 0.216254 0.0628492 0.0571198
0.373013 9.9982E-05 0.170344 0.0209636 0.133593 9.9982E-05 0.301886
0.291951 9.9973E-05 0.155673 9.9973E-05 0.0490883 9.9973E-05 0.502988
0.454118 9.9973E-05 0.145078 0.018012 9.9973E-05 9.9973E-05 0.382492
0.487039 0.0104172 0.115276 9.9991E-05 0.0476636 0.0230626 0.316442
0.132312 0.0321473 0.078247 0.088367 0.0307772 0.00413178 0.634017
0.108621 9.9991E-05 0.0975816 0.107623 0.0646301 0.113542 0.507903
0.206473 0.0378539 0.0850274 0.00556913 0.0888844 0.0735056 0.502686
0.306755 0.212273 0.204297 9.9991E-05 0.0606241 0.04309 0.172861
9.9982E-05 0.169178 0.102027 0.0946058 9.9982E-05 0.0598162 0.574174
0.0775261 0.104279 0.223966 0.0600162 0.0363297 0.0640721 0.433811
0.138493 0.378859 0.198017 0.139607 0.142177 9.9991E-05 0.00274612
9.9991E-05 0.0360315 0.0343197 0.119446 0.186547 0.0352827 0.588273
0.05351 0.208107 0.250142 0.110916 0.0756052 9.9991E-05 0.30162
0.0535035 0.112802 0.0782103 0.0641414 0.120039 0.0839096 0.487394
0.0839336 0.412044 0.136815 0.0509063 0.0505906 9.9991E-05 0.26561
0.144932 0.386339 0.043515 0.0251674 0.141136 9.9991E-05 0.25881
0.112241 0.222839 0.16977 0.0280822 0.0417702 9.9991E-05 0.425197
0.183893 0.0763667 0.0384277 0.111339 0.122773 0.0915122 0.375688
0.181916 0.0371602 0.125928 0.167323 0.0524404 0.0101022 0.42513
0.108878 0.38178 0.333433 0.0378051 0.00767959 0.130325 9.9991E-05
0.107446 0.154448 0.0985814 0.0468121 0.00429682 0.0892875 0.499129
0.0415055 0.319686 0.189717 9.9982E-05 0.0123776 9.9982E-05 0.436514
0.0519461 0.188623 0.194055 9.9982E-05 0.106896 9.9982E-05 0.458279
0.00210167 0.139326 0.0761367 0.127077 0.052995 0.0639601 0.538404
0.0701865 0.261859 9.9982E-05 0.286946 9.9982E-05 0.245107 0.135702
9.9964E-05 0.386441 9.9964E-05 0.479418 9.9964E-05 0.133741 9.9964E-05
9.9973E-05 0.475242 9.9973E-05 0.392481 0.00318276 0.128794 9.9973E-05
9.9973E-05 0.253522 9.9973E-05 0.384348 9.9973E-05 0.305019 0.0568109
9.9964E-05 0.250787 9.9964E-05 9.9964E-05 0.0548018 9.9964E-05 0.694011
0.14563 0.0931326 0.0759982 0.12047 9.9991E-05 0.0557887 0.508881
0.0230426 9.9964E-05 9.9964E-05 9.9964E-05 9.9964E-05 0.648494 0.328064
0.0887571 0.0116544 0.144939 0.0376604 9.9991E-05 0.407698 0.309191
0.0708285 0.0118767 0.0415683 0.132221 9.9991E-05 0.34368 0.399725
9.9973E-05 0.462335 0.0424203 9.9973E-05 0.175844 9.9973E-05 0.319101
0.0186484 0.160942 0.241511 0.0865188 0.0130809 0.0622798 0.417019
9.9973E-05 0.571858 0.0683807 9.9973E-05 0.132667 9.9973E-05 0.226794
9.9973E-05 0.224087 0.0571871 9.9973E-05 0.119305 9.9973E-05 0.59912
0.114128 0.144841 0.173849 9.9991E-05 0.140864 0.00586838 0.420351
0.036092 0.19469 0.0814453 0.0376986 0.0178219 0.0455768 0.586676
0.0547088 0.481583 0.190868 9.9982E-05 0.0675205 9.9982E-05 0.205119
0.0081663 0.182129 0.102458 0.0529724 9.9991E-05 0.0254649 0.628709
0.0498675 0.109889 0.145494 0.0116972 0.0514932 0.145056 0.486503
9.9964E-05 9.9964E-05 0.0572322 9.9964E-05 0.00181279 0.940555 9.9964E-05
9.9964E-05 9.9964E-05 0.0207431 9.9964E-05 9.9964E-05 0.897509 0.0813484
0.0380466 9.9991E-05 0.0489293 0.0139479 0.0462695 0.608794 0.243913
0.0373098 9.9964E-05 9.9964E-05 9.9964E-05 9.9964E-05 0.6835 0.27879
0.00402748 9.9982E-05 0.107384 0.0267911 9.9982E-05 0.735631 0.125967
9.995E-05 9.995E-05 9.995E-05 9.995E-05 9.995E-05 0.9994 9.995E-05
0.0438169 9.9955E-05 9.9955E-05 9.9955E-05 9.9955E-05 0.955683 9.9955E-05
9.9964E-05 9.9964E-05 9.9964E-05 9.9964E-05 0.00287818 0.804356 0.192366
0.0204595 9.9964E-05 9.9964E-05 9.9964E-05 9.9964E-05 0.912034 0.0671067
9.995E-05 9.995E-05 9.995E-05 9.995E-05 9.995E-05 0.9994 9.995E-05
9.995E-05 9.995E-05 9.995E-05 9.995E-05 9.995E-05 0.9994 9.995E-05
0.0762317 9.9982E-05 0.0214892 9.9982E-05 0.00644557 0.755212 0.140421
0.0239062 9.9973E-05 9.9973E-05 0.0605276 9.9973E-05 0.803231 0.112035
9.9955E-05 9.9955E-05 0.0387061 9.9955E-05 9.9955E-05 0.960794 9.9955E-05
0.121974 9.9982E-05 0.0839481 0.0451751 9.9982E-05 0.360403 0.3883
0.0196766 0.0212772 0.0455089 9.9991E-05 0.00293521 0.722826 0.187676
9.9973E-05 0.0123488 9.9973E-05 0.0626227 9.9973E-05 0.774847 0.149882
0.0548507 9.9964E-05 9.9964E-05 9.9964E-05 9.9964E-05 0.857886 0.0868637
9.9955E-05 9.9955E-05 9.9955E-05 9.9955E-05 9.9955E-05 0.981445 0.018055
9.9964E-05 9.9964E-05 0.00219387 9.9964E-05 0.0739835 0.923423 9.9964E-05
9.995E-05 9.995E-05 9.995E-05 9.995E-05 9.995E-05 0.9994 9.995E-05
0.0102518 9.9982E-05 9.9982E-05 0.0722405 0.0205057 0.484799 0.412003
9.9973E-05 9.9973E-05 0.0288445 9.9973E-05 0.0391567 0.913112 0.0185867
9.9973E-05 0.564194 9.9973E-05 0.288869 0.126409 0.0202274 9.9973E-05
0.0861782 0.195494 9.9991E-05 0.177566 0.0257199 0.053372 0.46157
0.00177445 0.208265 0.0190524 0.205888 0.0546037 0.00999705 0.50042
0.0252448 0.47352 9.9982E-05 0.173645 9.9982E-05 0.0837856 0.243605
0.020999 0.154859 0.159468 0.121884 9.9991E-05 0.109188 0.433501
9.9991E-05 0.355948 0.0883194 0.244461 0.0427461 0.0849201 0.183506
9.9991E-05 0.121791 0.0818601 0.188894 0.107183 0.0440306 0.456142
9.9982E-05 0.403501 9.9982E-05 0.0681187 0.000878341 0.130113 0.397189
9.9982E-05 0.176839 9.9982E-05 0.159932 0.0483193 0.0962731 0.518437
9.9973E-05 0.377698 9.9973E-05 0.0581319 9.9973E-05 0.22726 0.336609
0.107354 0.218625 0.00372959 0.117119 9.9991E-05 0.133323 0.419748
0.0777292 0.0460389 9.9982E-05 0.799352 0.0277444 9.9982E-05 0.0489358
9.9964E-05 9.9964E-05 9.9964E-05 0.904572 0.0384745 0.056554 9.9964E-05
0.00450903 9.9964E-05 0.0277281 0.967363 9.9964E-05 9.9964E-05 9.9964E-05
0.0331757 0.0025511 9.9982E-05 0.911789 0.00305926 9.9982E-05 0.0492247
0.0621216 9.9973E-05 9.9973E-05 0.899194 9.9973E-05 0.0194212 0.0189634
9.9964E-05 9.9964E-05 9.9964E-05 0.893252 0.0556453 0.0507029 9.9964E-05
0.0204492 9.9973E-05 9.9973E-05 0.865131 9.9973E-05 0.0498953 0.0642247
9.9964E-05 0.0521575 9.9964E-05 0.878872 0.0685707 9.9964E-05 9.9964E-05
9.9964E-05 9.9964E-05 0.0792549 0.914447 9.9964E-05 0.00589819 9.9964E-05
0.0113334 0.0348492 9.9991E-05 0.804938 0.000140481 0.102253 0.0463858
0.267857 9.9973E-05 0.0557731 0.571449 0.104621 9.9973E-05 9.9973E-05
0.267195 9.9982E-05 0.0520602 0.593668 0.0634824 0.0233948 9.9982E-05
0.27522 0.046416 0.0432705 0.55171 0.0831839 9.9982E-05 9.9982E-05
0.348477 0.0485383 0.110468 0.462689 0.0296276 9.9982E-05 9.9982E-05
0.128354 9.9982E-05 0.384097 0.0416339 9.9982E-05 0.0469235 0.398791
0.0747569 9.9991E-05 0.322296 0.0165362 0.0659436 0.0863852 0.433983
0.185161 9.9991E-05 0.0535159 0.00154095 0.16695 0.0167823 0.57595
0.230068 0.0497605 0.257765 0.0353248 9.9982E-05 9.9982E-05 0.426882
0.567825 0.0433082 0.137547 9.9982E-05 0.0389496 9.9982E-05 0.21217
0.00285453 9.99958E-05 0.239945 0.08546 0.0803755 0.0610988 0.530166
0.125576 0.0440012 0.231715 9.9991E-05 0.0185289 0.0885596 0.491519
0.0416468 9.9973E-05 0.348219 9.9973E-05 0.105928 9.9973E-05 0.503907
9.9982E-05 0.0954605 0.528642 9.9982E-05 0.00942777 0.0748817 0.291388
0.0698265 9.9991E-05 0.235217 0.0417212 0.0184142 0.049077 0.585644
0.0720376 9.9982E-05 0.368499 0.0318474 0.0873838 9.9982E-05 0.440032
0.0315693 9.9964E-05 0.789847 9.9964E-05 0.178183 9.9964E-05 9.9964E-05
0.121484 0.00226728 0.153902 0.082211 0.116533 9.9991E-05 0.523503
0.00402184 0.111556 0.512884 9.9991E-05 0.125405 0.0106303 0.235402
9.9973E-05 0.0546868 0.261032 9.9973E-05 0.137599 9.9973E-05 0.546382
0.213301 9.9973E-05 0.695323 0.0311512 9.9973E-05 9.9973E-05 0.0599247
0.727263 0.155117 9.9973E-05 0.0967834 9.9973E-05 9.9973E-05 0.020537
0.701604 0.162483 9.9973E-05 0.0838101 9.9973E-05 9.9973E-05 0.0518027
0.847991 0.10657 9.9964E-05 9.9964E-05 0.0450393 9.9964E-05 9.9964E-05
0.761088 0.0452724 0.0255101 0.0794774 0.0884521 9.9982E-05 9.9982E-05
0.84827 0.10182 9.9964E-05 9.9964E-05 9.9964E-05 0.0495108 9.9964E-05
0.772096 0.0775427 9.9982E-05 0.0281388 0.0197462 0.102277 9.9982E-05
9.9973E-05 9.9973E-05 9.9973E-05 0.870892 0.0177461 0.0461013 0.0649604
0.0435885 9.9973E-05 9.9973E-05 0.814731 9.9973E-05 0.0149938 0.126387
9.9964E-05 9.9964E-05 9.9964E-05 0.745682 9.9964E-05 0.0744819 0.179436
0.0900579 9.9973E-05 9.9973E-05 0.735249 9.9973E-05 0.133078 0.0413158
0.0179712 0.00374357 9.9982E-05 0.805123 9.9982E-05 0.0603218 0.112641
0.561938 0.0716468 9.9964E-05 0.366015 9.9964E-05 9.9964E-05 9.9964E-05
0.440066 0.0850075 9.9973E-05 0.443816 0.0308105 9.9973E-05 9.9973E-05
0.399398 9.9973E-05 0.00637318 0.444207 0.149722 9.9973E-05 9.9973E-05
9.9964E-05 9.9964E-05 9.9964E-05 0.838605 9.9964E-05 0.00932589 0.15167
0.443815 0.0503005 0.121017 0.384568 9.9973E-05 9.9973E-05 9.9973E-05
0.020547 0.156874 9.9991E-05 0.15463 0.0380894 0.35578 0.27398
0.0770431 0.0266041 9.9982E-05 0.169664 9.9982E-05 0.152807 0.573682
9.9964E-05 9.9964E-05 9.9964E-05 0.203334 9.9964E-05 0.266037 0.53023
9.9982E-05 0.123385 0.0870144 0.285849 9.9982E-05 0.238927 0.264625
0.0602852 0.00589738 0.011139 0.206612 0.0958885 0.193876 0.426301
9.9964E-05 0.273221 9.9964E-05 0.412442 9.9964E-05 0.313937 9.9964E-05
0.289015 0.00348111 0.123588 9.9982E-05 0.115823 9.9982E-05 0.467893
0.217561 0.202071 0.0858766 9.9982E-05 0.125022 9.9982E-05 0.369269
0.508045 9.9982E-05 0.0695202 0.0996227 0.0299824 9.9982E-05 0.29263
0.179657 0.0704026 0.0393295 0.0293551 0.23576 0.0236141 0.421882
0.17517 0.27149 0.190442 9.9973E-05 0.362598 9.9973E-05 9.9973E-05
0.153402 0.0584527 0.0492867 0.0913123 0.102877 0.0185703 0.526099
0.134043 0.0943852 0.0325383 0.0244373 0.224039 0.0130649 0.477492
0.440106 0.0325429 0.087566 0.0642241 0.0251111 9.9991E-05 0.35035
0.176773 0.057232 0.0756378 0.0771069 0.0203322 0.069003 0.523915
0.202423 0.267602 0.20445 9.9982E-05 0.164567 9.9982E-05 0.160757
0.112907 0.170084 0.00723695 0.0164556 0.107634 0.0829637 0.502718
0.262446 0.0501117 0.0959616 9.9991E-05 0.0406628 0.0291616 0.521556
0.035022 0.0781544 0.0930998 0.209293 0.00659689 0.100503 0.477331
0.288625 0.0741467 0.0738582 9.9982E-05 0.187679 9.9982E-05 0.375491
0.210077 9.9982E-05 0.133122 0.048798 0.173538 9.9982E-05 0.434266
0.152366 0.1363 0.0650091 9.9991E-05 0.0934563 0.0721223 0.480646
0.0972695 9.9982E-05 0.180872 0.0216223 0.130686 9.9982E-05 0.569351
0.123219 0.0587573 9.9982E-05 9.9982E-05 0.098117 0.0618539 0.657853
0.15421 9.9991E-05 0.143647 0.0636791 0.0213207 0.0660185 0.551025
0.145144 0.0801148 0.0779337 0.0738611 0.0560644 0.0477391 0.519143
9.9964E-05 9.9964E-05 9.9964E-05 0.778739 9.9964E-05 0.0669018 0.153959
9.9982E-05 9.9982E-05 0.00771132 0.851735 0.000953333 0.0114244 0.127976
0.110765 0.0631657 0.0298692 0.762992 9.9991E-05 0.0203488 0.0127594
0.0140879 9.9982E-05 0.0831871 0.821694 9.9982E-05 0.0236147 0.0572161
9.9964E-05 9.9964E-05 9.9964E-05 0.838347 9.9964E-05 0.0154331 0.14582
0.57006 0.115425 0.0720752 9.9982E-05 9.9982E-05 0.0345392 0.2077
0.192357 9.9991E-05 0.0397733 0.0498288 0.14498 0.112967 0.459994
9.9982E-05 0.17965 9.9982E-05 0.124568 0.0416674 0.156019 0.497896
0.112917 0.0263838 9.9991E-05 0.0236015 0.100685 0.103655 0.632657
0.232994 9.9973E-05 0.175196 0.0137326 9.9973E-05 9.9973E-05 0.577777
0.289781 0.15195 9.9991E-05 0.0286441 0.16813 0.0507334 0.310661
0.60831 0.0761913 0.132809 0.132435 9.9982E-05 9.9982E-05 0.0500544
0.293999 9.9982E-05 9.9982E-05 0.00969339 0.0628011 0.078672 0.554635
0.482293 0.0514055 0.105005 0.0644992 0.164021 0.0288254 0.103952
0.134705 0.148388 0.14588 9.9991E-05 0.148267 0.0567998 0.365859
0.538403 0.0740522 0.0231285 0.0996072 0.14888 0.0693581 0.0465703
0.223901 9.9982E-05 0.122441 0.102334 9.9982E-05 0.0795607 0.471564
0.539577 9.9982E-05 0.0675301 0.074233 0.0795346 9.9982E-05 0.238926
0.321076 0.130795 0.0334433 0.0291153 0.0879099 0.0505616 0.347099
0.0676481 0.160252 0.0730586 0.0458767 0.0877692 0.0188251 0.546571
0.133385 0.471864 0.0103704 9.9982E-05 0.0878504 9.9982E-05 0.29633
0.0425077 0.267454 0.0296918 0.109995 9.9982E-05 9.9982E-05 0.550152
0.0206714 0.214348 0.12153 0.1275 9.9991E-05 0.0178468 0.498003
0.102034 0.443149 0.0971837 9.9982E-05 0.0439829 9.9982E-05 0.313451
0.0666759 0.200235 0.1103 0.0234642 0.0962512 0.109054 0.39402
9.9973E-05 0.258777 0.0992465 9.9973E-05 0.0755821 9.9973E-05 0.566094
0.109092 0.513102 0.00614863 9.9982E-05 0.220026 9.9982E-05 0.151432
9.9973E-05 0.558926 0.158662 9.9973E-05 0.0170488 9.9973E-05 0.265062
0.115699 0.290079 9.9982E-05 0.00103939 0.0703464 9.9982E-05 0.522636
0.140682 0.505752 0.153822 9.9982E-05 0.0601978 9.9982E-05 0.139346
0.0905731 0.294516 0.149817 9.9982E-05 0.0208653 9.9982E-05 0.444028
0.603904 9.9982E-05 0.229595 9.9982E-05 0.0610441 0.0833996 0.0218578
0.266314 0.0442098 0.153341 9.9991E-05 0.271671 0.0458822 0.218483
0.327656 9.9982E-05 0.127316 9.9982E-05 0.138306 0.0913791 0.315143
0.185868 0.053432 0.0584065 0.00309331 9.9991E-05 0.0925381 0.606562
0.503138 0.0272397 0.255406 9.9982E-05 9.9982E-05 0.0185767 0.195439
0.114537 0.0055085 0.0428188 0.0802335 0.136272 0.169654 0.450977
0.153694 0.0792297 0.11649 0.0206307 9.9991E-05 0.122762 0.507094
0.232122 9.9991E-05 0.112854 0.0526652 0.0116222 0.0902464 0.50039
0.192806 0.0583521 0.0988525 0.00910808 0.097597 0.131338 0.411946
0.35793 0.00484834 0.0972123 0.00204036 0.0452629 0.0286565 0.46405
0.518717 9.9982E-05 0.156875 9.9982E-05 0.0308075 0.0805722 0.212828
0.395904 9.9982E-05 0.142604 9.9982E-05 0.0683548 0.0959615 0.296975
0.181077 9.9982E-05 0.0526176 9.9982E-05 0.118775 0.0306032 0.616727
0.105589 0.0476835 0.150104 0.067925 0.00669473 0.0171538 0.60485
0.222798 0.0800909 0.0110569 0.0128332 0.194039 0.00864521 0.470537
0.244082 9.9982E-05 0.109529 9.9982E-05 0.0779654 0.123016 0.445209
0.416016 0.065245 9.9982E-05 0.0268937 9.9982E-05 0.0365112 0.455134
0.275051 9.9973E-05 0.00856838 9.9973E-05 0.06004 9.9973E-05 0.656041
0.215118 0.00590252 0.0325041 0.0986456 0.0959693 0.00879664 0.543064
0.201636 9.9991E-05 0.0610802 0.11634 0.0628235 0.0632149 0.494806
9.9982E-05 0.0710799 0.0461092 0.351287 9.9982E-05 0.0897578 0.441566
9.9982E-05 0.118511 9.9982E-05 0.130963 0.0793676 0.221069 0.449889
0.0983285 0.0699158 0.06495 0.127124 0.053001 0.155639 0.431041
9.9991E-05 0.0769687 0.106313 0.0355974 0.10701 0.183221 0.49079
0.0323671 9.9982E-05 0.120167 0.225428 9.9982E-05 0.295782 0.326056
0.212819 0.112331 0.00868907 9.9991E-05 0.170191 0.0205561 0.475314
9.9991E-05 0.0721806 0.0218185 0.199619 0.0165678 0.127991 0.561723
9.9973E-05 0.4166 0.23767 0.208446 9.9973E-05 0.136984 9.9973E-05
0.131697 0.0389616 0.00981703 0.0818712 0.0724327 0.219555 0.445666
0.0197307 0.124643 0.0334094 0.0574544 0.081383 0.185524 0.497855
0.132831 9.9991E-05 0.0323223 0.00975003 0.0764067 0.261146 0.487444
0.078495 0.213588 0.0502939 0.171326 0.0608529 0.049332 0.376111
0.0553325 0.0994941 0.0457661 0.156054 0.0368255 0.100478 0.50605
9.9982E-05 0.0723606 9.9982E-05 0.11356 0.059041 0.20344 0.551399
9.9973E-05 0.357041 9.9973E-05 0.437806 0.0481391 0.156715 9.9973E-05
0.0109998 0.0252862 0.00976761 0.169887 0.0828361 0.261801 0.439421
9.9982E-05 0.0968792 9.9982E-05 0.130287 0.0488584 0.217444 0.506332
0.0321474 0.0881946 0.0754311 0.110964 0.00375803 0.0914479 0.598057
9.9973E-05 0.10735 9.9973E-05 0.134532 9.9973E-05 0.180099 0.577719
0.0309286 0.0844929 0.0480138 0.141034 9.9991E-05 0.123574 0.571856
0.0208171 9.9991E-05 0.0425675 0.0252565 0.447796 0.0658961 0.397567
0.0615059 9.9991E-05 0.0453111 0.109762 0.22276 0.0858313 0.474729
0.0839264 0.0361318 0.0678548 9.9973E-05 0.811787 9.9973E-05 9.9973E-05
0.0670411 9.9955E-05 9.9955E-05 9.9955E-05 0.932459 9.9955E-05 9.9955E-05
0.0352558 9.9991E-05 0.0660055 0.0531718 0.357572 0.159949 0.327946
0.0103645 0.12595 9.9991E-05 0.135172 0.0689797 0.250062 0.409373
9.9982E-05 0.0174549 9.9982E-05 0.164744 0.236159 0.348524 0.232919
0.0226786 0.213462 9.9991E-05 0.160937 0.188852 0.354905 0.0590649
9.9982E-05 0.0605035 9.9982E-05 0.140985 0.216763 0.304265 0.277283
9.9973E-05 0.166803 9.9973E-05 0.0702944 0.656928 0.105674 9.9973E-05
9.9982E-05 0.0520395 9.9982E-05 0.10152 0.678234 0.10675 0.0612558
9.9973E-05 9.9973E-05 0.131175 9.9973E-05 0.274985 0.0956685 0.497872
9.9973E-05 9.9973E-05 9.9973E-05 0.0353056 0.457404 0.083294 0.423696
9.9973E-05 9.9973E-05 9.9973E-05 0.0656183 0.707518 0.108142 0.118421
0.0528828 9.9982E-05 9.9982E-05 0.0501514 0.341553 0.128501 0.426712
0.0642817 9.9982E-05 9.9982E-05 0.0112521 0.347905 0.113076 0.463285
0.0302597 0.0158762 0.04682 0.160876 0.178552 0.00659745 0.561018
0.059501 9.9973E-05 9.9973E-05 0.0351185 0.594745 9.9973E-05 0.310336
0.100408 9.9982E-05 0.0252422 9.9982E-05 0.560613 0.0186394 0.294897
0.0515892 0.0205498 0.00956119 0.100137 0.284875 0.0237021 0.509585
0.0735011 0.0458506 0.0528699 0.117675 0.401193 0.0369421 0.271968
0.0880025 0.123568 0.151463 0.0324818 0.117323 0.165889 0.321273
9.9964E-05 0.11708 9.9964E-05 9.9964E-05 0.458183 9.9964E-05 0.424338
0.00890773 0.0333914 9.9973E-05 9.9973E-05 0.752115 9.9973E-05 0.205286
9.9973E-05 9.9973E-05 0.0854386 9.9973E-05 0.376056 0.0836212 0.454584
0.0518288 9.9973E-05 0.0976259 9.9973E-05 0.686282 9.9973E-05 0.163963
9.9991E-05 0.0165665 0.0329396 0.0305664 0.532207 0.0678355 0.319785
9.9982E-05 0.093935 9.9982E-05 0.041264 0.220591 0.0911401 0.55287
0.122482 0.0390274 0.0456236 0.0407294 0.31565 0.027253 0.409235
0.0561381 0.169338 0.0487103 0.0877852 0.0477789 0.178314 0.411936
0.0532374 0.0952906 0.133632 0.0604866 0.110916 0.216326 0.330112
0.051324 0.146186 9.9991E-05 0.114884 0.0669993 0.26234 0.358166
0.046362 0.102999 9.9991E-05 0.23049 0.112886 0.156336 0.350827
0.0989264 9.9991E-05 0.0575173 0.205349 0.0484079 0.0754682 0.514231
0.055785 0.184317 0.0232316 0.110736 0.133763 0.13023 0.361938
9.9973E-05 0.0929994 9.9973E-05 0.221599 0.593153 0.0919485 9.9973E-05
9.9982E-05 0.0217596 9.9982E-05 0.0813689 0.150636 0.185122 0.560914
9.9973E-05 0.125028 9.9973E-05 0.372504 0.398693 0.103475 9.9973E-05
9.9973E-05 9.9973E-05 9.9973E-05 0.0762189 0.284587 0.144998 0.493897
9.9964E-05 9.9964E-05 0.096376 9.9964E-05 0.857618 9.9964E-05 0.045606
9.9955E-05 9.9955E-05 0.0584424 9.9955E-05 0.941058 9.9955E-05 9.9955E-05
9.9964E-05 9.9964E-05 0.0791559 9.9964E-05 0.449001 9.9964E-05 0.471443
9.9964E-05 9.9964E-05 9.9964E-05 0.0451389 0.356193 9.9964E-05 0.598268
9.9955E-05 9.9955E-05 9.9955E-05 9.9955E-05 0.693047 9.9955E-05 0.306454
9.9964E-05 9.9964E-05 0.042174 9.9964E-05 0.493094 9.9964E-05 0.464332
9.9955E-05 9.9955E-05 9.9955E-05 9.9955E-05 0.507563 9.9955E-05 0.491938
0.0319059 9.9982E-05 9.9982E-05 0.804725 0.0647038 0.0212691 0.077196
0.153252 0.0176918 9.9982E-05 0.691066 0.0227989 0.114991 9.9982E-05
0.0883375 9.9973E-05 9.9973E-05 0.842688 9.9973E-05 0.063648 0.00502632
9.9964E-05 9.9964E-05 9.9964E-05 0.93387 0.0195563 9.9964E-05 0.046174
0.0664493 9.9991E-05 0.310353 0.0496016 0.0388257 0.045539 0.489131
9.9973E-05 9.9973E-05 0.416543 0.0898471 9.9973E-05 0.0141702 0.479139
0.010601 9.9964E-05 0.476537 9.9964E-05 9.9964E-05 9.9964E-05 0.512462
0.0131708 0.002659 0.293381 0.0989485 9.9991E-05 0.0570071 0.534733
0.0512799 0.127049 0.129579 0.098044 9.9982E-05 9.9982E-05 0.593848
0.142522 0.0908602 0.604914 0.0103079 9.9991E-05 0.011591 0.139705
9.9973E-05 9.9973E-05 0.378694 9.9973E-05 0.044447 0.0393071 0.537252
9.9973E-05 0.116931 0.467076 9.9973E-05 0.108644 9.9973E-05 0.307049
0.0643415 0.0112298 9.9991E-05 0.225306 0.0581471 0.173784 0.467092
9.9982E-05 0.0798136 0.318598 9.9982E-05 0.147753 0.0467354 0.4069
0.112438 9.9973E-05 0.53971 9.9973E-05 0.0329221 9.9973E-05 0.31463
0.011965 0.0228765 0.361879 0.00412611 0.0802971 0.00780108 0.511055
0.057557 9.9991E-05 0.490136 0.031337 0.0613388 0.0425239 0.317008
9.9991E-05 0.0466827 0.356962 0.00520293 0.043226 0.0256496 0.522177
9.9982E-05 9.9982E-05 0.385863 0.0258364 0.0519929 0.0493533 0.486754
9.9973E-05 0.00769315 0.848259 9.9973E-05 0.0594869 9.9973E-05 0.0842609
9.9982E-05 0.0462888 0.562796 0.0360421 0.114037 9.9982E-05 0.240636
0.0975704 9.9982E-05 0.50609 0.0124724 0.0269737 9.9982E-05 0.356694
9.9964E-05 0.129408 0.832381 9.9964E-05 0.0378114 9.9964E-05 9.9964E-05
0.141815 9.9982E-05 0.445862 0.0261533 0.00530769 9.9982E-05 0.380662
0.000757832 0.287391 0.619124 9.9973E-05 9.9973E-05 9.9973E-05 0.0924276
9.9964E-05 0.186256 0.660581 9.9964E-05 0.152764 9.9964E-05 9.9964E-05
0.0172123 9.9991E-05 0.343365 0.0282351 0.083596 0.0186432 0.508848
0.0617597 9.9991E-05 0.626419 0.0142942 0.101538 0.0236746 0.172214
0.0827704 0.0976929 0.42782 9.9982E-05 9.9982E-05 0.108649 0.282868
9.9973E-05 9.9973E-05 0.288574 0.0552273 9.9973E-05 0.0868849 0.569014
0.0953383 9.9964E-05 0.393429 9.9964E-05 9.9964E-05 9.9964E-05 0.510833
0.243912 0.10904 0.00565002 9.9991E-05 0.236463 0.0525244 0.352311
0.00879575 9.9982E-05 0.366794 9.9982E-05 0.00463943 0.0973417 0.522229
0.102548 0.0497505 0.292786 9.9982E-05 9.9982E-05 0.0641267 0.490589
9.9964E-05 0.0490827 0.694044 9.9964E-05 9.9964E-05 9.9964E-05 0.256473
0.045609 0.151087 0.162262 0.0374145 0.0520867 0.0500344 0.501506
0.25456 0.0657554 9.9982E-05 0.615799 0.036269 0.0274166 9.9982E-05
0.0866729 0.0100799 0.133474 0.738299 9.9991E-05 0.0117186 0.0196556
0.164121 0.0638754 9.9964E-05 0.771604 9.9964E-05 9.9964E-05 9.9964E-05
0.149183 9.9973E-05 0.00933843 0.800868 0.0403111 9.9973E-05 9.9973E-05
0.192747 0.0596384 9.9973E-05 0.705187 9.9973E-05 9.9973E-05 0.0421284
0.138285 9.9982E-05 0.729281 0.0122644 9.9982E-05 0.0162737 0.103696
0.206114 0.0104702 0.561176 0.0454847 0.027989 9.9991E-05 0.148666
9.9973E-05 0.075766 0.790305 9.9973E-05 0.00914781 9.9973E-05 0.124481
0.00681593 9.9991E-05 0.273542 0.128255 0.021603 0.0581726 0.511512
0.0263236 9.9982E-05 0.237735 0.143632 0.0305103 9.9982E-05 0.561599
9.9982E-05 9.9982E-05 0.592202 0.111399 0.0247927 0.007633 0.263774
0.0144149 0.00500024 0.280338 9.9991E-05 0.0545064 0.0663688 0.579272
9.9982E-05 0.0905461 0.452125 0.0443945 9.9982E-05 0.038716 0.374018
0.0426202 0.0713723 0.263722 9.9982E-05 0.0428371 9.9982E-05 0.579249
0.0322775 0.0265718 0.302175 0.046426 9.9991E-05 0.0311647 0.561285
0.145244 0.0597818 0.542505 9.9982E-05 9.9982E-05 0.0335615 0.218707
0.0522978 9.9973E-05 0.617726 0.0125373 9.9973E-05 9.9973E-05 0.317139
0.0985746 9.9964E-05 0.61871 9.9964E-05 9.9964E-05 9.9964E-05 0.282316
0.00738336 0.136495 0.0620435 0.146133 0.0287174 9.9991E-05 0.619128
9.9964E-05 9.9964E-05 0.586361 0.0429317 9.9964E-05 9.9964E-05 0.370307
0.0326172 0.065353 0.433004 0.0149335 9.9991E-05 0.0351181 0.418874
0.0254679 0.066885 0.057383 0.0863905 9.9991E-05 0.403407 0.360367
9.9982E-05 0.0150255 9.9982E-05 0.104151 0.0528506 0.390209 0.437564
9.9991E-05 0.0730094 0.00657348 0.0523093 0.0292021 0.411417 0.427389
9.9973E-05 0.0653929 9.9973E-05 0.210819 9.9973E-05 0.449817 0.273672
9.9982E-05 0.110097 9.9982E-05 0.0838732 0.128698 0.332304 0.344828
9.9973E-05 0.216532 0.321522 9.9973E-05 9.9973E-05 0.0114198 0.450226
9.9982E-05 0.067574 9.9982E-05 0.196281 0.0174526 0.639495 0.0789974
9.9982E-05 0.0534625 9.9982E-05 0.177908 0.048264 0.389381 0.330785
9.9991E-05 0.26863 0.022363 0.110303 0.0301791 0.199012 0.369412
0.00740464 0.244172 9.9982E-05 0.180297 0.00949333 9.9982E-05 0.558433
0.0939458 0.31157 0.0534249 0.0628429 0.011172 0.0109416 0.456103
0.00170903 0.265138 9.9982E-05 0.112967 9.9982E-05 0.0185432 0.601442
0.0326274 0.150886 0.051939 0.129557 9.9982E-05 9.9982E-05 0.634791
9.9973E-05 9.9973E-05 9.9973E-05 0.243735 0.00673566 0.328624 0.420606
0.138809 9.9973E-05 9.9973E-05 0.131367 9.9973E-05 0.361235 0.368289
9.9973E-05 0.0567401 9.9973E-05 0.0693132 9.9973E-05 0.40551 0.468137
0.0255786 9.9991E-05 0.0179806 0.16956 0.145088 0.266297 0.375395
0.0177029 0.0818086 9.9991E-05 0.111947 0.0290006 0.540366 0.219075
9.9982E-05 0.0316299 0.0705928 0.195013 9.9982E-05 0.186343 0.516221
0.0736303 0.0403965 9.9982E-05 0.12648 9.9982E-05 0.578273 0.18102
9.9982E-05 0.105617 9.9982E-05 0.0825012 0.0455174 0.326636 0.439528
9.9964E-05 0.421109 0.0657282 9.9964E-05 9.9964E-05 9.9964E-05 0.512762
0.0241309 0.0707938 0.141351 0.136999 9.9991E-05 0.330947 0.295678
9.9973E-05 0.0961747 9.9973E-05 0.116057 9.9973E-05 0.652463 0.135006
0.0544651 9.9991E-05 0.0989792 0.0940524 0.0115482 0.439843 0.301012
0.201005 0.31695 0.116337 0.118099 9.9991E-05 0.00290829 0.244602
0.0565716 0.284857 9.9973E-05 9.9973E-05 9.9973E-05 0.034612 0.62366
0.0968698 0.030631 0.0582633 0.151391 9.9991E-05 0.294608 0.368137
0.0905534 0.140527 0.0847595 0.0694444 9.9982E-05 9.9982E-05 0.614516
0.0241691 0.316843 9.9982E-05 0.109248 0.0328993 9.9982E-05 0.51664
9.9991E-05 0.141024 0.0480348 0.21271 0.0540351 0.188006 0.35609
9.9982E-05 0.0327531 9.9982E-05 0.302641 0.113664 0.221978 0.328764
0.0227818 0.123417 0.0863052 0.105989 9.9991E-05 0.109271 0.552136
9.9982E-05 0.0434614 0.14088 0.085269 9.9982E-05 0.405321 0.324869
9.9982E-05 0.00802914 9.9982E-05 0.121398 0.0389336 0.446741 0.384699
9.9973E-05 0.0348444 9.9973E-05 0.233392 9.9973E-05 0.518748 0.212715
0.00352138 0.145576 0.0257044 0.116157 9.9991E-05 0.00459378 0.704348
0.0998378 0.271581 0.0714309 0.0658139 9.9982E-05 9.9982E-05 0.491136
9.9982E-05 0.652511 0.0278891 0.0597939 9.9982E-05 0.0151837 0.244423
9.9982E-05 0.159719 0.107478 0.109158 9.9982E-05 0.0568925 0.566552
0.281223 0.116889 9.9982E-05 0.0805443 0.111449 9.9982E-05 0.409694
0.0192932 0.106236 0.0824382 0.185586 9.9991E-05 0.150986 0.455361
0.119989 0.0514588 0.0677408 0.123863 0.117966 0.121868 0.397114
9.9964E-05 0.580959 9.9964E-05 0.255559 9.9964E-05 0.163082 9.9964E-05
9.9964E-05 0.704857 9.9964E-05 0.222755 9.9964E-05 0.0719879 9.9964E-05
0.0989059 0.350872 0.0295997 0.0883268 0.0664289 0.0809781 0.284889
9.9982E-05 0.499232 0.0132747 0.303741 9.9982E-05 0.159845 0.0237074
9.9964E-05 0.453673 9.9964E-05 0.356107 9.9964E-05 0.189821 9.9964E-05
0.00120379 0.26345 9.9991E-05 0.0637045 0.141734 0.0729654 0.456842
9.9991E-05 0.101929 0.075792 0.275517 0.0710492 0.110218 0.365395
0.0472067 0.381186 9.9982E-05 0.174647 9.9982E-05 0.172636 0.224125
9.9973E-05 0.540033 9.9973E-05 0.246101 9.9973E-05 0.0986093 0.114957
0.0690863 0.232394 0.0452853 0.102882 0.0137517 0.0939205 0.44268
9.9982E-05 0.469038 0.0948461 0.14554 9.9982E-05 0.134974 0.155402
9.9964E-05 0.658373 9.9964E-05 0.335425 9.9964E-05 0.00580248 9.9964E-05
0.109756 0.105854 0.0144128 0.119014 9.9991E-05 0.156319 0.494544
0.0702165 0.221565 9.9991E-05 0.109161 0.0177676 0.3053 0.27589
9.9982E-05 0.0129751 0.141755 0.248917 9.9982E-05 0.245714 0.350438
9.9973E-05 0.0886302 9.9973E-05 0.139365 9.9973E-05 0.222972 0.548733
9.9982E-05 0.0966844 9.9982E-05 0.151091 0.029448 0.154725 0.567851
0.0678635 0.087687 9.9982E-05 0.126799 9.9982E-05 0.215863 0.501587
0.0479652 0.0508738 9.9991E-05 0.320432 0.0037093 0.179959 0.396961
9.9991E-05 0.0796965 0.0353856 0.17448 0.0249779 0.189963 0.495397
9.9982E-05 0.0360412 0.0786261 0.246569 9.9982E-05 0.224164 0.414401
0.0387951 0.130066 9.9991E-05 0.211161 0.0736922 0.235129 0.311057
0.174384 0.0494258 0.237017 0.182597 0.00297346 0.124497 0.229106
0.000414269 0.0839168 0.113565 0.211799 9.9982E-05 9.9982E-05 0.590106
0.0476207 0.111348 0.0354857 0.108875 0.00376059 0.161738 0.531172
0.0509542 9.9991E-05 0.147134 0.0647063 0.0743932 0.0485811 0.614131
9.9973E-05 0.157533 9.9973E-05 0.232587 9.9973E-05 0.252986 0.356594
9.9982E-05 0.168699 9.9982E-05 0.171571 0.0332153 0.163485 0.462829
9.9982E-05 0.228798 0.0292956 0.386953 9.9982E-05 0.159237 0.195516
0.104532 9.9973E-05 9.9973E-05 0.196868 9.9973E-05 0.175435 0.522865
9.9991E-05 0.199624 0.0395363 0.262127 0.0237952 0.323694 0.151124
0.145875 0.0373681 0.0547064 0.757311 9.9982E-05 9.9982E-05 0.00453966
0.736034 0.0270325 9.9982E-05 0.0689416 0.00274502 9.9982E-05 0.165047
0.952574 9.9964E-05 0.00344229 0.0435841 9.9964E-05 9.9964E-05 9.9964E-05
0.985779 9.9964E-05 9.9964E-05 0.0134568 9.9964E-05 9.9964E-05 0.00036406
0.935217 9.9964E-05 9.9964E-05 9.9964E-05 0.000584645 9.9964E-05 0.0637982
0.945416 9.9955E-05 9.9955E-05 9.9955E-05 9.9955E-05 9.9955E-05 0.0540844
0.924474 9.9964E-05 9.9964E-05 0.0169685 9.9964E-05 9.9964E-05 0.0581581
0.924188 9.9964E-05 0.025412 0.0500001 9.9964E-05 9.9964E-05 9.9964E-05
0.771853 9.9973E-05 9.9973E-05 0.189296 9.9973E-05 0.0317467 0.00680463
0.059883 0.0328726 0.00214236 0.874399 9.9982E-05 9.9982E-05 0.0305034
0.141046 9.9964E-05 9.9964E-05 0.772642 9.9964E-05 9.9964E-05 0.0859128
9.9973E-05 0.0776974 0.0394857 0.842388 9.9973E-05 0.0401291 9.9973E-05
0.116056 0.0632166 9.9973E-05 0.783176 9.9973E-05 9.9973E-05 0.0372521
0.0168269 0.0154946 0.0285885 0.889847 9.9982E-05 0.0490433 9.9982E-05
0.0651973 9.9973E-05 9.9973E-05 0.890867 0.0423654 0.00127076 9.9973E-05
0.0889671 0.0582389 9.9973E-05 0.706124 9.9973E-05 0.14637 9.9973E-05
0.012627 9.9982E-05 0.0529286 0.842649 9.9982E-05 0.0659085 0.0256871
0.160323 9.9982E-05 9.9982E-05 0.687859 0.0335199 0.035837 0.082261
9.9964E-05 9.9964E-05 0.0212925 0.893143 9.9964E-05 0.0851644 9.9964E-05
0.0211035 9.9982E-05 0.0137584 0.911451 0.0468347 0.00665242 9.9982E-05
0.0389421 0.0192845 9.9982E-05 0.830325 9.9982E-05 0.0416583 0.0695897
0.0443182 9.9964E-05 9.9964E-05 0.938947 9.9964E-05 9.9964E-05 0.0163354
9.9964E-05 0.034932 9.9964E-05 0.898035 9.9964E-05 9.9964E-05 0.0666333
9.9973E-05 9.9973E-05 0.0376406 0.850939 9.9973E-05 0.0486562 0.062464
9.9973E-05 9.9973E-05 9.9973E-05 0.853585 0.00764863 0.0453078 0.0931581
9.9964E-05 9.9964E-05 9.9964E-05 0.768457 9.9964E-05 0.111715 0.119428
9.9964E-05 9.9964E-05 9.9964E-05 0.782565 9.9964E-05 0.108574 0.108461
9.9964E-05 9.9964E-05 9.9964E-05 0.804842 9.9964E-05 0.0881152 0.106643
0.100455 0.41338 0.00427564 0.0771195 9.9982E-05 9.9982E-05 0.40457
0.0373997 0.103054 0.122794 0.0753628 9.9982E-05 9.9982E-05 0.66119
9.9982E-05 0.176888 0.112541 0.106391 0.0232241 9.9982E-05 0.580757
0.00686575 0.699062 0.0403163 9.9982E-05 0.0441967 9.9982E-05 0.209359
0.16017 0.145463 9.9973E-05 0.11019 9.9973E-05 9.9973E-05 0.583877
9.9964E-05 0.798288 9.9964E-05 0.0327387 9.9964E-05 9.9964E-05 0.168573
9.9973E-05 0.280867 9.9973E-05 0.0827837 9.9973E-05 0.00827062 0.627779
0.195542 0.289288 0.103329 0.0167057 9.9982E-05 9.9982E-05 0.394935
0.0569955 0.28254 0.0410112 0.0675054 9.9982E-05 9.9982E-05 0.551748
9.9982E-05 9.9982E-05 0.391357 0.0304331 0.065819 0.0690297 0.443161
0.142363 0.366842 0.00293948 0.0702749 9.9982E-05 9.9982E-05 0.417381
0.0456314 0.269055 0.0377064 0.0301104 0.000600995 9.9991E-05 0.616796
0.105043 0.243316 0.0558143 9.9973E-05 9.9973E-05 9.9973E-05 0.595527
0.479068 0.103337 0.220711 9.9991E-05 0.105576 0.043371 0.047837
0.112419 0.806468 0.00512211 9.9973E-05 0.0756912 9.9973E-05 9.9973E-05
0.0561435 0.778145 9.9964E-05 9.9964E-05 9.9964E-05 9.9964E-05 0.165311
0.04555 0.19687 9.9982E-05 0.0652832 9.9982E-05 0.0493415 0.642755
0.0916412 0.283069 9.9973E-05 0.0600812 9.9973E-05 9.9973E-05 0.564909
9.9973E-05 0.232262 0.0662463 0.160903 9.9973E-05 9.9973E-05 0.540288
9.9982E-05 0.130712 0.0780096 0.147979 0.0460966 9.9982E-05 0.597004
