0.0156957 0.0311215 9.9973E-05 0.888426 9.9973E-05 0.0644569 9.9973E-05
0.0548713 9.9964E-05 9.9964E-05 0.922561 9.9964E-05 0.0221674 9.9964E-05
0.00394185 0.0374033 0.029693 0.826093 0.0802713 0.022498 9.9991E-05
9.9973E-05 0.10287 9.9973E-05 0.734719 0.0632595 0.0988514 9.9973E-05
9.999E-05 0.0718639 0.0281425 0.832099 0.0219639 0.00179522 0.044036
0.0263734 0.0252932 9.9982E-05 0.54411 9.9982E-05 0.0035485 0.400475
9.9955E-05 9.9955E-05 9.9955E-05 0.765358 9.9955E-05 9.9955E-05 0.234142
9.9964E-05 9.9964E-05 9.9964E-05 0.645838 9.9964E-05 0.0958172 0.257945
0.00161301 9.99729E-05 0.0557124 0.820105 9.99729E-05 0.12227 9.99729E-05
9.9964E-05 0.113196 9.9964E-05 0.636503 9.9964E-05 9.9964E-05 0.249902
9.9964E-05 9.9964E-05 9.9964E-05 0.659941 9.9964E-05 0.0290323 0.310627
0.302513 0.0723174 9.9982E-05 9.9982E-05 0.148986 0.316591 0.159392
9.9973E-05 0.0269445 9.9973E-05 9.9973E-05 0.592538 0.280584 0.0996334
0.00640188 0.0706805 0.176863 0.00950374 0.317003 0.419448 9.9991E-05
0.161193 0.179384 0.00666015 9.9991E-05 0.246593 0.347133 0.058936
0.126133 0.0831589 0.0350614 0.0853096 0.411163 0.19426 0.0649138
0.0947168 0.158895 9.9991E-05 0.0452816 0.496844 0.0755886 0.128574
0.288922 0.124839 9.9991E-05 0.0235191 0.307799 0.15028 0.104541
0.224367 0.0471013 9.9982E-05 0.137662 0.343998 0.246672 9.9982E-05
0.0645141 0.0670854 0.0817755 0.00122419 9.9991E-05 0.504017 0.281284
0.176878 0.120908 0.0513719 9.9991E-05 0.282988 0.204558 0.163197
0.216367 0.0905972 0.0567408 0.0229955 0.330607 0.0805581 0.202135
0.132759 0.00989268 9.9991E-05 0.0294975 0.473963 0.126883 0.226905
0.234847 0.098692 9.9982E-05 9.9982E-05 0.172665 0.300589 0.193008
0.0603616 0.00634278 0.0141513 0.115487 0.690131 0.0281664 0.0853597
0.12357 0.183665 9.9982E-05 9.9982E-05 0.29123 0.239433 0.161902
0.280184 0.108123 0.0287881 0.00357903 0.127952 0.40544 0.0459334
0.164692 0.19411 0.0104646 0.0135289 0.217544 0.378757 0.0209034
0.182941 0.0128054 0.10901 0.032663 0.265659 0.298055 0.0988658
9.9964E-05 0.0425665 9.9964E-05 0.831202 0.125832 9.9964E-05 9.9964E-05
9.9955E-05 9.9955E-05 9.9955E-05 0.806869 0.192631 9.9955E-05 9.9955E-05
0.0181382 0.0623242 9.9973E-05 0.793479 0.125758 9.9973E-05 9.9973E-05
0.137574 0.10738 9.9973E-05 0.725896 0.02885 9.9973E-05 9.9973E-05
0.220685 0.00203575 9.9982E-05 9.9982E-05 0.526922 0.0885795 0.161578
0.407871 0.165372 9.9991E-05 0.0342873 0.260755 0.0959952 0.0356191
0.399472 0.0588591 9.9982E-05 0.0549417 0.400879 9.9982E-05 0.0856477
0.111273 9.9982E-05 0.0368921 0.0799988 0.187956 0.58368 9.9982E-05
0.626573 0.0514289 0.111727 0.0175055 0.159595 9.9991E-05 0.0330701
0.259963 0.0966402 0.0238038 0.109798 0.408626 0.101069 9.9991E-05
0.212452 0.0480751 0.00662681 9.9982E-05 0.573841 9.9982E-05 0.158805
0.0545197 9.9982E-05 9.9982E-05 0.0525728 0.445459 0.0051779 0.442071
0.163465 9.9982E-05 9.9982E-05 0.0873315 0.51887 0.0330176 0.197115
0.79205 9.9982E-05 0.0484769 0.0304767 0.000205958 0.12859 9.9982E-05
0.145715 0.0306022 0.0281286 0.0795025 0.469204 0.00769831 0.239149
0.251959 0.0849723 0.0856037 0.0561613 0.475524 9.9991E-05 0.04568
0.113147 0.118604 0.0506598 0.0795624 0.530789 9.9991E-05 0.107138
0.613869 9.9982E-05 0.0870686 0.0246402 0.273368 0.000854503 9.9982E-05
0.430458 9.9973E-05 9.9973E-05 0.0481967 0.502118 9.9973E-05 0.0189282
0.407561 0.0900895 9.9982E-05 0.109268 0.357769 9.9982E-05 0.0351131
0.467915 9.9964E-05 0.452431 0.0792546 9.9964E-05 9.9964E-05 9.9964E-05
0.287871 9.9973E-05 0.127326 9.9973E-05 0.179676 0.404826 9.9973E-05
0.174129 9.9991E-05 0.391443 0.0810609 0.0882023 0.119059 0.146005
0.122759 0.135722 9.9982E-05 0.172728 0.448 0.120591 9.9982E-05
0.0756536 9.9991E-05 0.110959 0.0630873 0.655082 0.00150028 0.0936175
0.0726872 0.10551 0.07106 0.067023 0.530354 0.000970184 0.152396
0.314856 9.9991E-05 0.103002 0.0999121 0.15658 0.274743 0.0508082
9.9982E-05 0.0315748 0.11859 9.9982E-05 0.550746 0.274421 0.0244675
0.0887412 0.0619177 0.0481561 0.0592904 0.602774 0.0855784 0.0535424
0.168263 9.9991E-05 0.116744 0.112184 0.319949 0.132078 0.150682
0.102503 0.024488 0.158255 0.216985 0.0598041 0.238178 0.199787
0.108324 0.0819983 0.0602571 0.0548667 0.526441 0.0839028 0.0842102
0.00600456 0.0511353 0.173322 0.0698026 0.476559 0.223077 9.9991E-05
0.207653 9.9991E-05 0.158299 0.0530854 0.059826 0.440336 0.0807002
0.149833 0.0316995 0.164428 9.9991E-05 0.47847 0.170521 0.00494848
0.0611038 0.0396486 0.172526 0.0252644 0.626723 0.0493633 0.0253707
9.9982E-05 9.9982E-05 0.0646754 0.0587708 0.60989 0.166767 0.0996962
0.24584 0.0526462 0.152362 0.0573888 0.229761 0.215047 0.0469551
0.0781212 0.0563294 0.1185 9.9991E-05 0.527681 0.12055 0.0987175
0.0997044 0.0905208 0.0875145 0.0415751 0.503063 0.152088 0.0255344
0.171789 9.9991E-05 0.180173 0.0515164 0.229753 0.327491 0.0391775
0.554792 0.0124799 9.9982E-05 9.9982E-05 0.33865 0.016064 0.0778142
0.804314 0.0235697 9.9991E-05 0.0137723 0.0426857 0.0875416 0.0280168
0.174523 0.0804809 0.104108 0.0850684 0.423497 0.115043 0.0172786
0.728758 9.9973E-05 0.196408 9.9973E-05 9.9973E-05 0.00264922 0.0718852
0.76773 9.9955E-05 0.231771 9.9955E-05 9.9955E-05 9.9955E-05 9.9955E-05
0.736577 9.9964E-05 0.0773013 9.9964E-05 0.185722 9.9964E-05 9.9964E-05
0.589952 9.9973E-05 9.9973E-05 9.9973E-05 0.314756 0.00546125 0.0895309
0.161006 0.0825316 0.0480838 0.0936165 0.478253 0.0681204 0.0683881
0.465933 0.0318472 9.9982E-05 0.0277493 0.418142 0.056129 9.9982E-05
0.702575 0.0283081 9.9982E-05 0.0452932 0.0410792 0.182545 9.9982E-05
0.597429 0.0935031 9.9991E-05 0.0264634 0.0562442 0.222805 0.00345501
0.254889 0.0996087 0.0155493 0.0451792 0.388474 0.0972239 0.0990761
0.680902 0.112908 9.9982E-05 0.00882583 0.134614 0.0625505 9.9982E-05
0.531361 0.0303819 9.9991E-05 0.0443144 0.320351 0.0395362 0.0339557
0.577892 9.9973E-05 0.0928804 9.9973E-05 0.269343 9.9973E-05 0.0595848
0.593101 0.00715003 0.303968 9.9982E-05 9.9982E-05 0.0626136 0.0329676
0.233894 0.0837685 0.00657248 9.9991E-05 0.514687 0.0698115 0.0911661
9.9973E-05 0.00234064 9.9973E-05 0.796423 0.125456 0.0754798 9.9973E-05
9.9955E-05 9.9955E-05 9.9955E-05 0.884519 0.114981 9.9955E-05 9.9955E-05
9.9964E-05 0.0665952 9.9964E-05 0.837033 0.0959719 9.9964E-05 9.9964E-05
9.9955E-05 9.9955E-05 9.9955E-05 0.909619 0.0898815 9.9955E-05 9.9955E-05
9.9964E-05 9.9964E-05 0.00962168 0.863791 0.126188 9.9964E-05 9.9964E-05
0.0158126 0.0136776 0.0348151 0.86988 0.0656146 9.9982E-05 9.9982E-05
9.9964E-05 9.9964E-05 9.9964E-05 0.889196 0.0879116 9.9964E-05 0.0224927
0.279149 0.0776783 9.9991E-05 0.0352423 0.392049 0.0592563 0.156526
0.214875 0.097693 9.9991E-05 0.0508762 0.534673 0.0131236 0.0886589
0.764275 9.9973E-05 0.149604 0.0188135 9.9973E-05 0.0670077 9.9973E-05
0.145948 0.0703186 0.126931 0.0463353 0.473911 0.044302 0.0922539
0.502183 0.0608742 9.9991E-05 0.0305466 0.216699 0.0450479 0.144549
0.314414 0.0367758 0.0337425 0.0379992 0.472299 9.9991E-05 0.10467
0.305954 0.0834605 0.0555358 0.0636875 0.398852 9.9991E-05 0.0924108
0.464718 0.0934358 9.9982E-05 0.0395033 0.372991 9.9982E-05 0.029152
0.676425 9.9973E-05 0.116777 0.0177499 9.9973E-05 0.188748 9.9973E-05
0.15908 0.0175175 0.00934163 0.146439 0.532593 0.13493 9.9991E-05
0.138233 0.0106288 0.049223 0.0361511 0.696339 9.9991E-05 0.0693255
0.235335 0.135403 0.0078831 0.0227896 0.432205 0.121159 0.0452251
0.56354 0.0205853 0.126661 9.9982E-05 0.175035 9.9982E-05 0.113979
0.408954 0.0322871 0.0361463 0.0118765 0.409863 9.9991E-05 0.100773
0.430775 0.0396563 9.9982E-05 9.9982E-05 0.334448 0.0895513 0.10537
0.7018 0.123634 9.9973E-05 9.9973E-05 0.0965625 9.9973E-05 0.0777034
0.457395 9.9982E-05 9.9982E-05 0.102421 0.350622 0.0515152 0.0378474
0.14277 0.00965304 0.038932 0.113835 0.541476 0.0727438 0.0805892
0.128153 9.9982E-05 0.288807 0.0851632 0.270003 0.227674 9.9982E-05
9.9991E-05 0.0541206 0.0114687 0.083004 0.395389 0.28854 0.167377
0.0125461 0.0426378 0.0520757 0.136042 0.453154 0.17507 0.128474
0.205378 0.0738922 0.0232238 0.0382273 0.501136 0.107499 0.0506435
0.00882013 9.9982E-05 0.105277 0.0423181 0.562137 0.281248 9.9982E-05
9.9991E-05 0.0118997 0.0155136 0.034455 0.605555 0.229372 0.103105
0.0715944 0.0176323 0.0284204 9.9991E-05 0.524834 0.300007 0.0574125
9.9991E-05 0.000168661 0.0898197 0.058011 0.567092 0.165376 0.119432
0.0643645 0.122144 0.0658289 0.0451191 0.499515 0.115362 0.0876669
9.9982E-05 9.9982E-05 0.0886814 0.102291 0.63294 0.169936 0.00595182
0.0374553 9.9973E-05 0.0220994 9.9973E-05 0.583159 0.356986 9.9973E-05
0.102589 0.0596084 0.0616736 9.9991E-05 0.575801 0.112909 0.0873186
0.100145 0.139289 0.0282371 0.0485785 0.449154 0.113429 0.121168
0.078563 0.11384 0.0184892 9.9982E-05 0.502045 0.286863 9.9982E-05
9.9982E-05 0.0127776 0.12206 0.101571 0.644608 0.118784 9.9982E-05
0.0810306 0.0867942 0.0730441 0.0142305 0.570236 0.174565 9.9991E-05
0.00609959 9.9991E-05 0.159967 0.0767422 0.405875 0.286846 0.0643704
0.0246644 0.0920867 0.0636175 0.0252292 0.600082 0.19422 9.9991E-05
9.9973E-05 9.9973E-05 0.0746824 0.00162296 0.82108 0.102315 9.9973E-05
0.26843 0.0895521 0.105736 0.00558847 0.140006 0.390587 9.9991E-05
9.9991E-05 0.035565 0.370643 0.0598781 0.186727 0.288944 0.0581427
0.100632 0.0186065 9.9991E-05 0.0681077 0.433179 0.240144 0.139231
0.188393 0.0922705 0.381077 9.9991E-05 0.08315 0.235503 0.0195067
0.0455913 0.00232528 0.136085 0.0109006 0.342095 0.401889 0.0611139
0.20558 9.9982E-05 0.00651419 0.0349248 0.469723 0.283058 9.9982E-05
0.186846 9.9982E-05 0.0349787 0.0410144 0.350794 0.386167 9.9982E-05
0.169595 0.00804775 0.0221399 9.9991E-05 0.367547 0.428188 0.00438196
0.048835 0.0390063 0.064113 0.0397146 0.572309 0.148766 0.0872554
0.128383 0.050803 0.00928372 0.0518653 0.562689 0.149501 0.0474748
0.16333 9.9991E-05 0.00661346 0.00466715 0.486806 0.166187 0.172297
0.0515281 0.05399 0.320806 9.9991E-05 0.180071 0.308595 0.08491
0.113312 9.9982E-05 9.9982E-05 0.0632249 0.454785 0.073546 0.294933
0.148698 0.0849341 0.0348776 0.0387237 0.303513 0.0476575 0.341595
0.0628019 9.9982E-05 0.44616 0.156389 9.9982E-05 0.107781 0.226668
0.121947 0.00476698 0.0104846 0.0885681 0.529235 9.9991E-05 0.244899
0.138381 0.0636068 0.250997 0.0647443 0.272518 0.0400644 0.169689
0.0632954 0.0771595 0.121945 0.0546876 0.550349 0.106313 0.02625
0.0046272 9.9991E-05 0.343094 0.0777592 0.214063 0.0314365 0.32892
0.0965215 9.9991E-05 0.328534 0.0542962 0.116616 0.0468239 0.357109
0.219297 9.9991E-05 0.106262 0.00783839 0.375622 0.125661 0.16522
0.117083 0.0786057 9.9991E-05 0.105421 0.452715 0.102805 0.143271
0.106089 0.0814519 0.117208 0.0861444 0.335776 0.0748607 0.19847
0.140735 0.171501 0.360703 0.0555396 9.9991E-05 0.034189 0.237233
0.119126 0.0237879 0.0210953 0.0837012 0.564965 0.0759165 0.111408
0.188463 9.9982E-05 0.207125 9.9982E-05 0.350278 0.0811698 0.172764
0.144863 0.0206792 0.202718 9.9991E-05 0.416683 0.0563195 0.158637
0.072896 9.9991E-05 0.127058 0.109064 0.56244 0.058314 0.070128
9.9982E-05 0.294912 0.119081 0.311339 0.100508 9.9982E-05 0.17396
9.9973E-05 0.166014 0.26265 0.53685 9.9973E-05 9.9973E-05 0.0341862
9.9973E-05 0.18167 0.373088 0.442182 9.9973E-05 9.9973E-05 0.00276025
9.9982E-05 0.313757 0.0746792 0.403287 0.0744888 9.9982E-05 0.133588
9.9964E-05 9.9964E-05 0.0711208 9.9964E-05 0.539187 9.9964E-05 0.389292
0.0512595 0.0414149 0.0323167 0.0473515 0.593128 9.9991E-05 0.23443
9.9964E-05 0.647152 9.9964E-05 9.9964E-05 0.325899 0.0265485 9.9964E-05
0.116243 0.474707 0.000201318 9.9991E-05 0.326971 0.0719697 0.00980853
0.0452437 0.384369 0.0344042 0.0557561 0.390887 9.9991E-05 0.0892403
0.0205717 9.9973E-05 0.358304 9.9973E-05 0.257175 9.9973E-05 0.363649
0.154409 0.0992577 0.0853654 0.0358824 0.453266 0.0561073 0.115712
9.9964E-05 9.9964E-05 0.453248 9.9964E-05 0.146744 9.9964E-05 0.399608
0.105618 9.9982E-05 0.0739389 0.0634197 0.505643 9.9982E-05 0.25118
0.0405466 9.9982E-05 0.163783 0.063473 0.335971 9.9982E-05 0.396026
9.9982E-05 0.0568193 0.140187 9.9982E-05 0.532181 0.0480317 0.22258
0.0817696 9.9973E-05 0.376488 9.9973E-05 0.146265 9.9973E-05 0.395177
0.116102 0.0734914 0.0246127 9.9982E-05 0.551751 9.9982E-05 0.233843
0.237535 0.0187206 0.0418033 0.0621159 0.42583 9.9991E-05 0.213896
9.9955E-05 0.973897 9.9955E-05 9.9955E-05 0.0256035 9.9955E-05 9.9955E-05
0.0519353 0.914565 9.9973E-05 9.9973E-05 0.0328991 0.000300367 9.9973E-05
0.0635017 0.57926 9.9991E-05 0.0604574 0.221572 0.0154552 0.059654
9.9964E-05 0.647845 9.9964E-05 9.9964E-05 0.319465 0.0322895 9.9964E-05
0.0733319 0.837705 9.9973E-05 0.0140436 0.0746195 9.9973E-05 9.9973E-05
9.995E-05 0.9994 9.995E-05 9.995E-05 9.995E-05 9.995E-05 9.995E-05
9.9955E-05 0.991595 9.9955E-05 9.9955E-05 9.9955E-05 0.00790477 9.9955E-05
9.9955E-05 0.830103 9.9955E-05 9.9955E-05 0.169397 9.9955E-05 9.9955E-05
9.995E-05 0.9994 9.995E-05 9.995E-05 9.995E-05 9.995E-05 9.995E-05
9.995E-05 0.9994 9.995E-05 9.995E-05 9.995E-05 9.995E-05 9.995E-05
9.995E-05 0.9994 9.995E-05 9.995E-05 9.995E-05 9.995E-05 9.995E-05
9.9982E-05 0.753954 9.9982E-05 0.0398774 0.116565 0.056036 0.0333676
9.99787E-05 0.764278 9.99787E-05 0.0340484 0.140939 0.0604345 9.99787E-05
0.0279438 0.971556 9.9955E-05 9.9955E-05 9.9955E-05 9.9955E-05 9.9955E-05
0.0704967 0.467135 0.00851316 9.9991E-05 0.295381 0.0747644 0.0836093
9.9982E-05 0.630174 9.9982E-05 0.0226094 0.26375 0.019191 0.0640757
0.00626204 0.763189 0.000731713 0.00367013 0.18949 0.0365566 9.9991E-05
9.9973E-05 0.861664 9.9973E-05 0.0106908 0.0966897 0.0306556 9.9973E-05
9.995E-05 0.9994 9.995E-05 9.995E-05 9.995E-05 9.995E-05 9.995E-05
9.9982E-05 0.891325 0.0189944 0.0191261 0.0420175 0.0283371 9.9982E-05
9.9955E-05 0.978838 9.9955E-05 9.9955E-05 9.9955E-05 9.9955E-05 0.0206621
9.9973E-05 0.603254 9.9973E-05 0.126855 0.25202 9.9973E-05 0.0175715
0.0181416 0.844257 0.0800319 0.0190429 0.0322731 0.00615352 9.9991E-05
9.9973E-05 0.00448434 0.280673 0.277979 9.9973E-05 9.9973E-05 0.436564
9.9991E-05 0.0945266 0.0279001 0.123605 0.35182 0.160263 0.241785
0.0134392 0.104826 0.0735369 0.175536 0.288259 0.0150361 0.329366
9.9982E-05 0.20042 0.258756 0.164597 0.0480202 9.9982E-05 0.328007
0.0937457 0.174105 0.0674078 0.143174 0.272313 0.0699381 0.179317
0.042678 0.11334 0.179794 0.216877 0.133467 9.9991E-05 0.313745
0.149114 0.127588 0.00478276 0.175899 0.214906 0.0158981 0.311812
0.0633493 0.183886 0.117879 0.114797 0.17672 9.9991E-05 0.343269
9.9982E-05 0.214359 0.0315925 0.165463 0.297776 9.9982E-05 0.290609
9.9982E-05 0.210916 0.059377 0.0898166 0.239951 9.9982E-05 0.39974
0.0910908 0.0939263 0.0363779 0.114064 0.37447 0.00362254 0.286449
9.9982E-05 9.9982E-05 0.0325724 0.839005 0.0135816 0.0184726 0.0961685
9.9964E-05 0.0577217 0.0453597 0.896519 9.9964E-05 9.9964E-05 9.9964E-05
0.00211491 9.9982E-05 0.0339261 0.920264 0.0178494 9.9982E-05 0.0256458
9.9982E-05 9.9982E-05 0.000690868 0.917178 0.0180406 0.0580853 0.00580494
9.9973E-05 0.0395167 9.9973E-05 0.896168 0.0342503 0.0297654 9.9973E-05
9.9964E-05 0.086871 0.0457836 0.866946 9.9964E-05 9.9964E-05 9.9964E-05
0.0463048 0.0665373 9.9964E-05 0.886758 9.9964E-05 9.9964E-05 9.9964E-05
9.9982E-05 9.9982E-05 0.0427621 0.899215 0.0224526 0.00122673 0.0341433
0.035364 0.0395593 9.9973E-05 0.910647 0.0141294 9.9973E-05 9.9973E-05
9.9982E-05 0.0647182 0.0269899 0.853153 0.0201935 9.9982E-05 0.0347454
0.092173 9.9973E-05 0.0733482 0.596402 9.9973E-05 0.237777 9.9973E-05
0.0657194 0.013682 0.0237669 0.568356 9.9982E-05 0.328275 9.9982E-05
0.0350506 9.9973E-05 0.17378 0.528708 9.9973E-05 0.262162 9.9973E-05
0.113741 9.9982E-05 0.0802723 0.491648 9.9982E-05 0.301579 0.0125596
0.266384 9.9982E-05 9.9982E-05 0.0170173 0.470982 0.145185 0.100233
0.336244 0.0812278 0.0555744 9.9991E-05 0.400125 0.0517101 0.0750186
0.17983 0.0443044 9.9982E-05 9.9982E-05 0.464281 0.145693 0.165691
0.310844 9.9973E-05 9.9973E-05 0.0541358 0.351617 0.283103 9.9973E-05
0.154657 0.0155801 0.0630918 9.9991E-05 0.178719 0.583742 0.00411009
0.190297 9.9991E-05 0.178668 0.0760258 0.50205 0.00612783 0.0467321
0.30553 0.0351515 0.0369317 9.9991E-05 0.526193 0.0762702 0.0198239
0.373613 0.00516591 0.0437722 9.9991E-05 0.419697 0.066062 0.09159
0.57504 0.04964 0.116144 9.9982E-05 0.245699 9.9982E-05 0.0132768
0.24575 0.0186453 0.0303927 0.00149657 0.525171 0.0848166 0.0937274
0.414531 0.00342409 0.0180394 9.9991E-05 0.32585 0.0893424 0.148713
0.601886 9.9964E-05 0.378438 9.9964E-05 9.9964E-05 0.0192761 9.9964E-05
0.149684 0.0158474 0.098445 0.0244588 0.481696 0.181251 0.0486171
0.482284 9.9982E-05 0.228293 0.00719678 0.149906 9.9982E-05 0.13212
0.409485 0.0299857 0.0426684 0.0478223 0.465453 9.9991E-05 0.00448628
0.717167 9.9982E-05 0.0196527 0.0219969 0.00451027 0.236473 9.9982E-05
9.9964E-05 9.9964E-05 9.9964E-05 0.0441698 9.9964E-05 0.651404 0.304027
9.9964E-05 9.9964E-05 9.9964E-05 0.0636371 9.9964E-05 0.616478 0.319485
9.9955E-05 9.9955E-05 9.9955E-05 9.9955E-05 9.9955E-05 0.732014 0.267486
9.9964E-05 9.9964E-05 9.9964E-05 0.0291993 9.9964E-05 0.690428 0.279973
9.9964E-05 0.04122 9.9964E-05 9.9964E-05 9.9964E-05 0.720014 0.238366
9.9982E-05 0.0670153 9.9982E-05 0.00337159 0.0574934 0.721306 0.150614
9.9964E-05 0.0356938 9.9964E-05 0.841683 0.122223 9.9964E-05 9.9964E-05
9.9973E-05 0.0204254 9.9973E-05 0.805044 0.130933 0.0432978 9.9973E-05
9.9973E-05 0.131177 9.9973E-05 0.74966 0.0953995 9.9973E-05 0.0234635
9.9973E-05 0.14686 9.9973E-05 0.696627 0.0456549 0.110558 9.9973E-05
9.9982E-05 0.0785526 9.9982E-05 0.776986 0.090781 0.00443876 0.0490421
9.9964E-05 9.9964E-05 9.9964E-05 0.35501 9.9964E-05 0.540541 0.104048
0.0608573 9.9982E-05 0.111316 0.45067 9.9982E-05 0.367792 0.00916504
0.0851849 9.9973E-05 0.0487203 0.44811 9.9973E-05 0.417685 9.9973E-05
9.9973E-05 0.0232433 9.9973E-05 0.817476 0.146789 0.0121924 9.9973E-05
0.048834 9.9982E-05 0.0452384 0.356841 9.9982E-05 0.4789 0.0699866
9.9982E-05 0.432008 0.145776 0.199543 0.190025 9.9982E-05 0.0324485
0.0130866 0.261312 9.9991E-05 0.139846 0.476944 0.00656127 0.102151
9.9964E-05 0.333384 9.9964E-05 0.149055 0.517161 9.9964E-05 9.9964E-05
0.0521337 0.22465 0.0883497 0.25935 0.283914 9.9991E-05 0.0915027
0.144069 0.149271 9.9991E-05 0.170547 0.346958 0.0205514 0.168503
9.9973E-05 0.317843 0.220808 0.451964 9.9973E-05 9.9973E-05 0.00908479
0.195368 9.9982E-05 0.0909743 9.9982E-05 0.362804 0.279604 0.0710492
0.0798817 9.9991E-05 0.269752 0.00851783 0.437816 0.199545 0.00438879
0.0921319 0.00969226 9.9982E-05 0.0640727 0.302201 0.531702 9.9982E-05
0.0156214 9.9982E-05 0.292443 9.9982E-05 0.536274 0.114737 0.0407254
0.108713 9.9964E-05 0.778161 9.9964E-05 9.9964E-05 0.112726 9.9964E-05
0.063606 0.1005 0.150703 0.073634 0.526836 0.0188608 0.0658612
0.115806 0.0671779 0.152573 0.00440788 0.41132 0.131689 0.117028
0.169832 9.9991E-05 0.0449186 0.0353049 0.345226 0.35573 0.0488881
0.133075 0.138801 0.0254795 0.00934463 0.384929 0.16967 0.1387
0.164687 9.9973E-05 0.429796 9.9973E-05 0.150315 0.254902 9.9973E-05
0.0187036 0.0649016 0.275037 9.9991E-05 0.448142 0.0932206 0.0998948
0.217239 9.9973E-05 0.00503199 9.9973E-05 0.56142 0.216009 9.9973E-05
0.209087 0.238085 0.0856321 0.168895 0.245446 0.0327601 0.0200958
9.9964E-05 9.9964E-05 0.332715 9.9964E-05 0.461092 0.205792 9.9964E-05
0.143089 9.9982E-05 0.137375 0.0247381 0.481745 0.212853 9.9982E-05
0.189947 0.126312 0.150096 9.9991E-05 0.392544 0.012277 0.128724
0.0861579 9.9991E-05 0.0839247 0.0497849 0.574707 0.170146 0.0351795
0.0974139 0.129747 9.9982E-05 9.9982E-05 0.487628 0.18047 0.104542
0.172478 0.0486543 0.020328 0.0990828 0.498286 0.161071 9.9991E-05
0.017124 0.096614 0.0281943 0.128366 0.55423 0.112161 0.0633102
0.023438 0.0631922 9.9982E-05 0.777168 0.123696 9.9982E-05 0.0123056
0.0498593 0.0609809 0.0108854 0.842639 0.0354354 9.9982E-05 9.9982E-05
0.108899 0.0425688 0.0319909 0.722644 9.9991E-05 0.0570533 0.036744
0.141435 0.0281669 9.9982E-05 0.808577 0.0193374 0.00228452 9.9982E-05
0.00816726 0.0372765 9.9982E-05 0.830643 0.0799686 9.9982E-05 0.0437447
9.9973E-05 0.0421263 0.131793 9.9973E-05 0.226097 0.599684 9.9973E-05
0.0830157 0.110157 0.113261 0.0834331 0.47613 0.133904 9.9991E-05
0.0711942 0.0720114 0.019048 0.23776 0.556857 9.9991E-05 0.043029
0.00366258 0.0832742 0.0702814 9.9982E-05 0.66913 0.173452 9.9982E-05
0.106001 9.9982E-05 0.0439347 0.0830199 0.518157 0.248687 9.9982E-05
9.9982E-05 0.0494732 0.225974 0.0172869 0.36273 0.344336 9.9982E-05
0.0460738 9.9982E-05 0.237173 0.11209 0.0703011 0.534163 9.9982E-05
0.0636074 0.0641619 0.0204925 9.9982E-05 0.509247 0.342292 9.9982E-05
0.0988723 0.045384 0.175156 0.0862184 0.161304 0.432965 9.9991E-05
0.164528 0.0544808 0.072269 9.9991E-05 0.340146 0.18055 0.187926
0.0697972 9.9982E-05 0.14995 0.152704 0.176588 0.450761 9.9982E-05
9.9982E-05 0.0649479 9.9982E-05 0.0550631 0.528321 0.225795 0.125673
0.0782971 9.9982E-05 0.120209 0.0660634 0.236869 0.498362 9.9982E-05
0.0329218 0.0656132 0.202283 0.0291909 0.380178 0.21464 0.0751736
0.0814618 0.0259815 0.124661 0.00368715 0.392785 0.118348 0.253075
9.9964E-05 9.9964E-05 0.289651 9.9964E-05 0.201428 9.9964E-05 0.508521
0.169456 0.0605905 0.0228924 0.0383904 0.39906 9.9991E-05 0.30951
0.225009 0.0235241 9.9991E-05 0.0947755 0.390236 0.00439159 0.261964
0.0153244 9.9982E-05 0.192986 9.9982E-05 0.252085 0.0724441 0.466961
0.0693844 0.010259 0.0578882 0.0713649 0.510745 0.0585094 0.22185
0.119287 9.9982E-05 0.138767 0.0281411 0.414246 9.9982E-05 0.299359
0.0702471 9.9982E-05 0.439003 9.9982E-05 0.0570725 0.0182783 0.415199
0.0824451 9.9973E-05 0.317355 9.9973E-05 0.114787 9.9973E-05 0.485113
0.0278534 0.0619892 0.188681 9.9982E-05 0.336175 9.9982E-05 0.385101
0.148164 9.9973E-05 0.298971 9.9973E-05 0.0223277 9.9973E-05 0.530238
0.217265 9.9982E-05 0.104787 9.9982E-05 0.29888 0.0256961 0.353171
0.123828 9.9982E-05 0.0521395 0.0319631 0.206431 0.585438 9.9982E-05
0.0595288 9.9973E-05 0.347151 9.9973E-05 0.319642 0.273378 9.9973E-05
0.108669 0.0390592 9.9982E-05 0.0233276 0.412371 0.416373 9.9982E-05
0.0756403 0.0588965 9.9982E-05 0.0315063 0.624117 0.209639 9.9982E-05
0.179692 9.9973E-05 0.090429 9.9973E-05 0.29253 0.437049 9.9973E-05
0.0105538 0.117214 0.116246 0.0722865 0.473643 0.209957 9.9991E-05
0.0899083 0.0512711 9.9982E-05 0.0484298 0.577867 0.232323 9.9982E-05
0.0597928 0.1014 0.0579758 0.0353047 0.521541 0.223886 9.9991E-05
0.0382634 0.0340625 0.0579744 0.0589956 0.571336 0.239268 9.9991E-05
0.235558 9.9982E-05 9.9982E-05 0.0315258 0.44427 0.270049 0.0183979
0.196019 0.145847 0.0490343 9.9982E-05 0.18218 0.426719 9.9982E-05
0.0901428 0.0828741 0.0895661 9.9991E-05 0.327411 0.383895 0.0260113
0.036868 0.00607676 0.0809316 9.9982E-05 0.728927 0.146996 9.9982E-05
0.106249 0.00669413 0.144453 0.062663 0.500683 0.179158 9.9991E-05
0.140459 9.9982E-05 0.0834063 0.0574215 0.480911 0.237603 9.9982E-05
9.9973E-05 0.0796276 0.12504 9.9973E-05 0.560804 0.234229 9.9973E-05
0.0423456 0.108332 0.00495815 9.9991E-05 0.385354 0.376424 0.0824871
0.0615346 9.9973E-05 9.9973E-05 0.0166446 0.65151 0.270011 9.9973E-05
0.0307039 0.0682052 0.0452375 0.031342 0.535824 0.237441 0.0512465
0.00140414 9.9991E-05 0.109678 0.0236153 0.549887 0.151667 0.163649
0.0242098 0.106705 9.9982E-05 0.346591 0.423415 9.9982E-05 0.0988785
0.0974643 0.200823 0.0637754 0.132502 0.505235 9.9982E-05 9.9982E-05
0.0640547 0.126673 9.9991E-05 0.182671 0.525496 0.0157534 0.0852522
0.0688217 0.14371 0.138006 0.0959038 0.451209 9.9991E-05 0.102249
0.0881152 0.151662 0.0721244 0.215072 0.472826 9.9982E-05 9.9982E-05
9.9973E-05 9.9973E-05 0.235153 9.9973E-05 0.532312 0.132217 0.100018
0.119268 0.112657 0.0296184 0.150066 0.471117 0.0465291 0.0707436
0.0474345 0.168121 0.3704 0.258205 0.00676525 9.9991E-05 0.148974
0.0543354 0.197253 0.0695238 0.121384 0.354607 0.0935622 0.109335
9.9982E-05 0.189735 0.132797 0.112774 0.522483 0.0420106 9.9982E-05
0.105158 0.180455 0.0394312 0.145635 0.457874 9.9991E-05 0.0713474
0.0905488 0.172484 0.129018 0.152072 0.251034 0.110665 0.0941774
9.9982E-05 0.120902 9.9982E-05 0.199712 0.459088 0.0229911 0.197107
9.9982E-05 0.250877 0.0749542 0.172379 0.430429 9.9982E-05 0.0711602
9.9964E-05 0.233104 0.290147 0.476349 9.9964E-05 9.9964E-05 9.9964E-05
0.0311529 0.173882 9.9991E-05 0.151973 0.435931 0.0165454 0.190416
0.0559554 0.226397 9.9982E-05 0.193313 0.431293 9.9982E-05 0.0928419
0.106447 0.149281 9.9991E-05 0.123447 0.420474 0.0223589 0.177892
9.9982E-05 0.117818 0.00534048 0.236607 0.630687 9.9982E-05 0.00934678
9.9991E-05 0.123531 0.0138685 0.167056 0.500192 0.106531 0.0887215
0.068497 0.018053 0.285613 0.0327828 0.494412 0.0337278 0.0669141
0.0568076 0.0182539 0.21655 0.102348 0.563791 0.0286273 0.0136223
0.155392 9.9973E-05 0.671199 9.9973E-05 0.102312 0.0707969 9.9973E-05
9.9964E-05 9.9964E-05 0.816968 9.9964E-05 0.154244 0.0283882 9.9964E-05
9.9982E-05 0.0583383 0.300313 0.0445111 0.573278 0.0233601 9.9982E-05
9.9982E-05 0.304182 0.17574 0.0256068 0.464696 9.9982E-05 0.0295753
9.9973E-05 0.320292 0.220835 0.0771663 0.381407 9.9973E-05 9.9973E-05
9.9973E-05 0.281194 0.374416 0.174882 0.169208 9.9973E-05 9.9973E-05
9.9973E-05 0.211384 0.154784 0.198155 0.435377 9.9973E-05 9.9973E-05
9.9964E-05 9.9964E-05 0.671164 0.0460954 0.282341 9.9964E-05 9.9964E-05
9.9973E-05 0.00967191 0.593575 0.0948227 0.30163 9.9973E-05 9.9973E-05
0.0664363 0.147903 0.222723 0.0130336 0.536613 9.9991E-05 0.0131915
0.0100802 0.0203273 0.306706 0.0719399 0.590746 9.9982E-05 9.9982E-05
9.9973E-05 0.0471352 0.542115 0.0888821 0.321568 9.9973E-05 9.9973E-05
0.0559764 0.0912823 0.178014 0.101146 0.514394 0.00702564 0.0521618
0.0212902 0.0762533 0.199517 0.00648008 0.673413 9.9991E-05 0.022946
9.9991E-05 0.0888759 0.155794 0.0543578 0.59624 0.0127236 0.0919087
0.0145131 9.9982E-05 0.486567 0.00404995 0.455192 0.0394783 9.9982E-05
0.0886673 9.9973E-05 0.408376 9.9973E-05 0.434315 0.068341 9.9973E-05
0.0802725 0.0873889 0.135373 0.0183539 0.534056 0.0625241 0.0820315
0.114655 0.011926 0.32065 0.0283815 0.437621 0.0132221 0.0735442
0.0302338 0.0657361 0.194342 0.0573765 0.424719 0.119606 0.107986
9.9964E-05 9.9964E-05 0.332566 9.9964E-05 0.582574 9.9964E-05 0.0844602
0.0282254 9.9982E-05 0.567497 9.9982E-05 0.290261 0.0288021 0.0850139
0.0963966 0.00894886 0.251716 0.0409972 0.601742 9.9982E-05 9.9982E-05
0.0828779 9.9973E-05 0.570692 9.9973E-05 0.309012 0.0371183 9.9973E-05
0.0199074 9.9982E-05 0.425635 0.014416 0.515897 0.0239449 9.9982E-05
0.102878 0.0200238 0.175736 0.0507518 0.609485 0.00237953 0.0387464
0.196106 9.9982E-05 0.216717 0.0133728 0.523329 0.0502756 9.9982E-05
0.146383 0.148089 0.0310178 0.103777 0.415297 9.9991E-05 0.155336
0.115721 0.049397 0.106882 0.202546 0.424423 0.0690804 0.0319502
0.0441394 0.233489 0.105909 0.15071 0.32686 0.0480593 0.0908326
0.0390935 0.190093 0.0969165 0.160098 0.286819 0.0734273 0.153552
0.0663724 0.310344 0.00308799 0.130162 0.356461 0.10315 0.0304241
0.0445364 0.136649 0.134978 0.188023 0.43684 0.00711015 0.051864
9.9973E-05 0.166203 0.645034 0.174764 0.0136988 9.9973E-05 9.9973E-05
9.9982E-05 0.211862 0.1069 0.027467 0.536007 9.9982E-05 0.117564
9.9964E-05 0.118038 0.50136 0.380202 9.9964E-05 9.9964E-05 9.9964E-05
9.9973E-05 0.232469 0.171498 0.0381605 0.557573 9.9973E-05 9.9973E-05
0.103114 9.9964E-05 0.690407 9.9964E-05 0.206079 9.9964E-05 9.9964E-05
0.138864 9.9964E-05 0.806516 9.9964E-05 0.05422 9.9964E-05 9.9964E-05
0.143129 9.9964E-05 0.338227 9.9964E-05 0.518244 9.9964E-05 9.9964E-05
0.093775 9.9964E-05 0.214401 9.9964E-05 0.691425 9.9964E-05 9.9964E-05
0.0602521 9.9982E-05 0.38073 9.9982E-05 0.515776 0.00370941 0.0393327
0.0842677 9.9973E-05 0.31061 9.9973E-05 0.580944 0.0238784 9.9973E-05
0.0216557 9.9964E-05 0.332967 9.9964E-05 0.644978 9.9964E-05 9.9964E-05
9.9973E-05 0.0426199 0.0391907 0.80025 0.117639 9.9973E-05 9.9973E-05
9.9973E-05 0.149054 0.0307502 0.63788 9.9973E-05 0.182016 9.9973E-05
9.9964E-05 0.0755509 9.9964E-05 0.863536 9.9964E-05 0.0605134 9.9964E-05
9.9955E-05 9.9955E-05 9.9955E-05 0.907102 0.0923983 9.9955E-05 9.9955E-05
0.391115 9.9982E-05 0.0144395 0.105614 0.439753 0.0488787 9.9982E-05
0.500382 0.095703 0.10773 0.00302119 0.288671 9.9991E-05 0.00439264
0.540484 0.01355 0.00823995 0.019649 0.396316 9.9991E-05 0.021661
0.317592 0.0225427 9.9982E-05 0.0916989 0.406613 9.9982E-05 0.161354
0.257338 0.0241556 0.0229729 0.0649037 0.459714 9.9991E-05 0.170816
0.613276 0.00255484 0.109866 0.0210726 0.117171 0.102205 0.0338541
0.455514 0.0469901 9.9982E-05 0.0135432 0.464445 0.019308 9.9982E-05
0.483749 9.9973E-05 0.164452 9.9973E-05 0.221054 9.9973E-05 0.130445
0.0353566 0.129697 0.0185502 0.252229 0.458077 0.0155236 0.0905666
0.433823 0.109855 0.137293 9.9982E-05 0.293196 0.025633 9.9982E-05
0.607826 9.9964E-05 9.9964E-05 9.9964E-05 0.205526 0.186248 9.9964E-05
0.395528 0.00822116 0.109295 0.00876816 0.467536 0.010551 9.9991E-05
0.524243 9.9982E-05 0.0385257 0.0410039 0.333144 0.0628835 9.9982E-05
0.450398 0.0121673 0.048141 9.9973E-05 0.488993 9.9973E-05 9.9973E-05
0.286457 9.9973E-05 0.0437335 0.0950923 0.574418 9.9973E-05 9.9973E-05
0.819025 9.9955E-05 0.180475 9.9955E-05 9.9955E-05 9.9955E-05 9.9955E-05
0.467021 0.0304265 0.232509 9.9991E-05 0.180547 0.031438 0.0579585
0.641037 0.0817851 0.0443528 9.9982E-05 0.150058 0.0825676 9.9982E-05
0.649528 9.9955E-05 0.349973 9.9955E-05 9.9955E-05 9.9955E-05 9.9955E-05
0.448145 9.9982E-05 0.0267729 9.9982E-05 0.367049 0.085387 0.0724463
0.560882 0.0473838 0.25954 9.9973E-05 9.9973E-05 9.9973E-05 0.131895
0.561918 9.9964E-05 0.376834 9.9964E-05 9.9964E-05 0.0608477 9.9964E-05
0.326779 0.0566399 0.0532569 9.9991E-05 0.504557 0.0400407 0.018627
0.619289 9.9991E-05 0.112498 0.00708049 0.150877 0.0460961 0.0640592
0.511588 0.0941087 9.9982E-05 9.9982E-05 0.201167 0.0655273 0.127409
0.207604 0.0399739 0.0467553 0.13855 0.548946 0.0180701 9.9991E-05
0.306381 9.9973E-05 9.9973E-05 9.9973E-05 0.485977 0.0787391 0.128603
0.0501606 9.9973E-05 0.254669 9.9973E-05 0.445874 0.248997 9.9973E-05
0.330612 0.0556965 9.9991E-05 0.0248121 0.46886 0.011557 0.108362
0.347271 0.0187633 9.9991E-05 0.0736463 0.424423 0.0844116 0.0513851
0.670675 9.9973E-05 0.0205125 9.9973E-05 0.219005 9.9973E-05 0.0895074
0.254606 0.100347 9.9982E-05 0.0582437 0.431157 9.9982E-05 0.155446
9.9973E-05 9.9973E-05 0.0148497 0.616761 9.9973E-05 0.261419 0.106671
0.0755019 9.9973E-05 9.9973E-05 0.743687 0.0756845 0.104827 9.9973E-05
0.0188467 9.9973E-05 0.029211 0.797309 9.9973E-05 0.154333 9.9973E-05
0.0185333 9.9982E-05 0.030251 0.779745 9.9982E-05 0.119692 0.0515785
9.9973E-05 9.9973E-05 9.9973E-05 0.69206 0.00237789 0.188367 0.116894
0.78017 0.0422449 9.9973E-05 0.00460343 9.9973E-05 0.172682 9.9973E-05
0.717983 9.9982E-05 0.104579 0.0541258 0.0267099 0.0964023 9.9982E-05
0.727661 9.9964E-05 0.20375 9.9964E-05 0.0681885 9.9964E-05 9.9964E-05
0.351145 0.137867 9.9991E-05 0.082267 0.340938 0.0109827 0.0766998
0.216966 9.9964E-05 9.9964E-05 0.116798 0.665836 9.9964E-05 9.9964E-05
0.624164 0.0259628 0.164161 0.0341243 0.151388 9.9982E-05 9.9982E-05
0.277427 0.0803214 9.9982E-05 9.9982E-05 0.477908 0.0234635 0.140681
0.614513 0.0462147 9.9973E-05 0.0497398 0.289233 9.9973E-05 9.9973E-05
0.358543 9.9991E-05 0.00182547 0.0228846 0.420935 0.0290213 0.166691
0.351058 0.0913871 9.9991E-05 0.0614324 0.37627 0.0606277 0.0591252
0.69493 0.0931961 9.9991E-05 0.0180966 0.0135363 0.108774 0.0713672
0.629625 9.9973E-05 9.9973E-05 9.9973E-05 0.169714 0.0551697 0.145192
0.662977 9.9973E-05 9.9973E-05 9.9973E-05 0.17969 0.143784 0.0132489
0.0944887 0.000473767 0.00041357 0.116063 0.477423 9.9991E-05 0.311037
0.669268 9.9964E-05 9.9964E-05 0.0438772 0.286455 9.9964E-05 9.9964E-05
0.536954 0.0403894 0.0184435 0.0327209 0.353833 0.00343719 0.0142222
9.9982E-05 0.390426 0.0734812 0.0568196 0.356554 9.9982E-05 0.122519
9.9991E-05 0.422573 0.0242228 0.0644931 0.298266 0.00813293 0.182211
9.9964E-05 0.403104 9.9964E-05 0.155105 0.441391 9.9964E-05 9.9964E-05
9.9982E-05 0.469978 0.0635064 0.128985 0.321052 9.9982E-05 0.0162783
9.9991E-05 0.308759 0.017146 0.0895603 0.468628 0.096204 0.0196026
0.300092 0.0518108 0.033547 9.9982E-05 0.296822 9.9982E-05 0.317528
9.9982E-05 0.658683 0.0281611 0.24607 0.0369182 9.9982E-05 0.0299676
9.9973E-05 0.41187 0.0345921 0.188937 0.364301 9.9973E-05 9.9973E-05
0.0841962 0.152097 9.9982E-05 0.0957384 0.257102 9.9982E-05 0.410667
0.0312443 9.9973E-05 9.9973E-05 0.122328 0.433058 9.9973E-05 0.413069
0.0806633 0.0702377 9.9991E-05 0.0257459 0.20269 0.0813903 0.539173
9.9973E-05 0.0989284 9.9973E-05 9.9973E-05 0.332386 0.0218281 0.546558
0.138219 9.9982E-05 9.9982E-05 0.088747 0.406559 0.0141786 0.352096
0.00313593 0.387244 9.9973E-05 0.202265 0.407055 9.9973E-05 9.9973E-05
0.0179868 0.374969 9.9982E-05 0.114386 0.386598 0.10586 9.9982E-05
9.9964E-05 0.42033 9.9964E-05 0.121768 0.457503 9.9964E-05 9.9964E-05
9.9982E-05 0.236637 0.14155 0.119705 0.486346 9.9982E-05 0.0155621
0.00672253 0.477695 0.0664789 0.107254 0.341649 9.9982E-05 9.9982E-05
0.00678431 0.332107 0.0267869 0.111249 0.413373 0.0697381 0.0399611
9.9982E-05 0.561035 0.0458371 0.172505 0.218775 0.00164797 9.9982E-05
9.9991E-05 0.382947 0.0457305 0.0401215 0.408741 0.0684083 0.0539516
0.0993603 0.0522513 0.000399361 0.0152865 0.267086 9.9991E-05 0.565516
0.0389303 0.263832 9.9991E-05 0.144265 0.401006 0.00609519 0.145772
9.9964E-05 0.693183 9.9964E-05 0.120878 0.185539 9.9964E-05 9.9964E-05
0.17175 0.342096 9.9991E-05 0.0850469 0.288218 0.0900434 0.0227453
0.120148 9.9973E-05 9.9973E-05 0.0863572 9.9973E-05 0.186021 0.607173
9.9973E-05 0.0771776 9.9973E-05 9.9973E-05 0.432893 0.0454696 0.44416
0.0746439 0.268311 9.9982E-05 0.202859 0.365787 0.0881989 9.9982E-05
9.9973E-05 0.03328 9.9973E-05 0.101566 0.440869 9.9973E-05 0.423985
0.0166971 0.000972818 9.9991E-05 0.128524 0.377461 0.0147848 0.46146
0.110197 0.226345 0.00800698 0.231086 0.368255 0.0478919 0.00821846
0.0586828 0.270093 0.0705821 0.242545 0.357897 9.9982E-05 9.9982E-05
0.169846 0.195699 9.9991E-05 0.130701 0.376148 0.0290048 0.0985022
0.138136 0.364832 0.0296195 0.0632465 0.352138 9.9991E-05 0.051927
9.9973E-05 0.414715 0.0274096 0.155743 0.401832 9.9973E-05 9.9973E-05
9.9973E-05 0.61107 0.0342776 0.228088 0.126265 9.9973E-05 9.9973E-05
0.0167956 0.025985 9.9982E-05 0.05168 0.560546 9.9982E-05 0.344794
0.172157 0.00280836 9.9991E-05 0.0551966 0.261588 0.0264261 0.481724
9.9973E-05 0.0529309 0.195444 0.0548253 9.9973E-05 9.9973E-05 0.6965
0.0706827 0.012197 9.9982E-05 0.0728905 0.405683 9.9982E-05 0.438347
0.0309385 0.0940997 0.152964 0.056931 0.284955 0.219305 0.160807
0.071677 0.0877922 0.0406582 0.252409 0.48931 9.9991E-05 0.0580534
9.9991E-05 0.0606582 0.175158 0.129208 0.418312 0.100292 0.116271
9.9964E-05 0.242942 0.444865 0.311793 9.9964E-05 9.9964E-05 9.9964E-05
9.9964E-05 0.16862 0.493227 0.337753 9.9964E-05 9.9964E-05 9.9964E-05
9.9991E-05 0.142525 0.283926 0.137453 0.250305 0.091012 0.0946797
0.0222469 0.203308 0.313727 0.344292 9.9991E-05 0.00567584 0.110649
9.9964E-05 0.240212 0.331264 0.428124 9.9964E-05 9.9964E-05 9.9964E-05
0.013699 0.150456 0.289609 0.0812573 0.267941 0.0421013 0.154936
0.0661531 0.220423 0.0972058 0.172106 0.157252 9.9991E-05 0.28676
9.9991E-05 0.197874 0.171189 0.246983 0.0796665 0.0244759 0.279712
9.9982E-05 0.156761 0.358172 0.333528 0.0656331 9.9982E-05 0.085706
0.0893402 0.192355 0.0826918 0.105541 0.437818 0.0424333 0.0498207
9.9991E-05 0.158944 0.341855 0.154553 0.126652 0.0247535 0.193142
9.9973E-05 0.0871124 0.413698 0.464346 9.9973E-05 9.9973E-05 0.0345436
0.187758 0.184865 9.9982E-05 0.08543 0.445873 0.0958737 9.9982E-05
9.9991E-05 0.242969 0.217424 0.159263 0.311895 0.0572919 0.0110572
0.0728392 0.193811 0.0074417 0.244761 0.393956 0.00281771 0.0843736
9.9964E-05 0.215421 9.9964E-05 0.138002 0.646177 9.9964E-05 9.9964E-05
0.0684613 0.275903 0.0227759 0.0752135 0.402079 0.0251917 0.130375
9.9991E-05 0.248256 0.0464214 0.12749 0.540007 0.0201373 0.0175873
0.0135084 0.188867 9.9991E-05 0.316034 0.329629 0.00441053 0.147451
9.9991E-05 0.105328 0.00470218 0.207894 0.542854 0.0275215 0.1116
0.0479501 0.288217 9.9982E-05 0.241549 0.395961 9.9982E-05 0.0261233
0.00673031 0.242388 0.0326587 0.202715 0.318747 0.101218 0.0955439
0.284967 0.190487 0.00219914 0.147038 0.168321 0.101985 0.105003
0.112835 0.0625728 9.9991E-05 0.188647 0.421314 0.10475 0.109781
0.122783 0.17986 9.9982E-05 0.162836 0.399398 9.9982E-05 0.134924
0.0567823 0.119542 0.0394058 0.0652084 0.58381 0.00829838 0.126953
9.9982E-05 0.316021 0.0309183 0.20721 0.332489 9.9982E-05 0.113162
9.9982E-05 0.178941 0.0523175 0.13304 0.431113 9.9982E-05 0.204388
0.0111195 0.224403 0.256648 0.356728 0.126246 9.9991E-05 0.0247542
9.9991E-05 0.144208 0.0790942 0.150046 0.560345 0.0510767 0.015131
9.9973E-05 0.300369 0.209532 0.26137 0.228429 9.9973E-05 9.9973E-05
0.089815 9.9982E-05 0.0522537 0.774156 0.0128134 0.0707617 9.9982E-05
0.0555737 0.0101 0.0526833 0.042175 0.0838033 0.755565 9.9991E-05
9.9964E-05 9.9964E-05 0.00127726 0.0256703 9.9964E-05 0.972653 9.9964E-05
9.9955E-05 9.9955E-05 9.9955E-05 9.9955E-05 0.0119961 0.987504 9.9955E-05
9.9955E-05 9.9955E-05 9.9955E-05 9.9955E-05 0.0778646 0.921636 9.9955E-05
9.9964E-05 0.0270793 9.9964E-05 9.9964E-05 0.0673715 0.905149 9.9964E-05
0.0207819 9.9964E-05 9.9964E-05 9.9964E-05 0.0940394 0.884779 9.9964E-05
9.9955E-05 9.9955E-05 9.9955E-05 0.0483284 9.9955E-05 0.951172 9.9955E-05
9.9964E-05 9.9964E-05 9.9964E-05 0.177258 0.0446442 0.777698 9.9964E-05
0.00760474 0.0329959 9.9991E-05 0.877442 0.000748044 0.0401387 0.0409708
9.9973E-05 0.0256876 9.9973E-05 0.78332 0.0500042 0.140688 9.9973E-05
0.0706363 0.057594 9.9982E-05 0.855159 0.00371852 9.9982E-05 0.0126928
9.9973E-05 9.9973E-05 0.0495451 0.797099 0.0575363 0.0955197 9.9973E-05
0.0611228 0.0703537 9.9973E-05 0.863325 9.9973E-05 0.00489813 9.9973E-05
9.9982E-05 0.0189014 0.026886 0.879327 9.9982E-05 0.0361936 0.0384918
9.9982E-05 0.169041 0.0100705 0.714252 9.9982E-05 0.023335 0.0831008
9.9964E-05 0.0781297 9.9964E-05 0.816876 9.9964E-05 9.9964E-05 0.104595
0.034899 0.11309 9.9982E-05 0.67178 9.9982E-05 0.101845 0.078185
0.0174979 0.0851248 9.9973E-05 0.891132 0.0059455 9.9973E-05 9.9973E-05
9.9964E-05 9.9964E-05 9.9964E-05 0.957471 0.0103044 0.0318245 9.9964E-05
0.0486831 0.0682926 0.00285879 0.815727 9.9991E-05 0.051413 0.0129252
9.9973E-05 0.0287818 9.9973E-05 0.895597 9.9973E-05 0.0112531 0.0640681
9.9964E-05 9.9964E-05 9.9964E-05 0.87938 0.0718603 9.9964E-05 0.0483597
0.0192074 0.043909 9.9982E-05 0.843668 0.0749959 0.0180197 9.9982E-05
9.9964E-05 0.00177959 9.9964E-05 0.845224 0.152597 9.9964E-05 9.9964E-05
9.9973E-05 0.111456 9.9973E-05 0.771866 0.109981 9.9973E-05 0.00639807
9.9964E-05 0.0434644 9.9964E-05 0.78472 0.171416 9.9964E-05 9.9964E-05
9.9964E-05 0.0391111 9.9964E-05 0.807384 0.153105 9.9964E-05 9.9964E-05
0.000577299 0.047912 0.0255959 0.0752267 0.228854 9.9991E-05 0.621734
0.0231683 9.9973E-05 9.9973E-05 0.0788457 0.574176 9.9973E-05 0.32351
0.146459 0.0168597 9.9982E-05 0.107667 0.465475 9.9982E-05 0.263339
0.0338987 9.9964E-05 0.262793 9.9964E-05 9.9964E-05 9.9964E-05 0.702909
0.056479 9.9982E-05 9.9982E-05 0.0811705 0.322907 0.0820266 0.457216
9.9964E-05 9.9964E-05 0.233668 0.0217112 9.9964E-05 9.9964E-05 0.744221
9.9982E-05 0.0910852 0.0122366 0.0270808 0.472505 9.9982E-05 0.396893
0.172279 9.9973E-05 9.9973E-05 9.9973E-05 0.152754 0.0527779 0.621889
0.0532196 0.00920832 9.9973E-05 9.9973E-05 0.360232 9.9973E-05 0.57704
0.459054 0.0494712 9.9991E-05 0.00563709 0.368734 0.0317633 0.0852411
0.0160145 0.0139912 9.9991E-05 0.00582748 0.190936 0.0607755 0.712356
9.9982E-05 0.0296637 0.00140766 0.0599128 0.531317 9.9982E-05 0.377499
0.0352272 9.9982E-05 9.9982E-05 0.042667 0.441714 0.0592447 0.420948
9.9973E-05 0.0288996 0.334746 9.9973E-05 0.16433 0.471724 9.9973E-05
9.9955E-05 9.9955E-05 0.302465 9.9955E-05 9.9955E-05 9.9955E-05 0.697035
9.9964E-05 0.0141374 0.202187 9.9964E-05 9.9964E-05 9.9964E-05 0.783275
0.030952 0.0936338 9.9982E-05 0.0450448 0.37481 9.9982E-05 0.455359
0.0275378 0.0708616 9.9982E-05 0.0127551 0.327565 9.9982E-05 0.56108
0.176084 9.9982E-05 0.010731 0.143209 0.366536 9.9982E-05 0.30324
0.0653772 0.0194408 9.9982E-05 0.0952355 0.536628 9.9982E-05 0.283119
0.00445068 0.124926 0.00125817 0.178132 0.539307 0.0275476 0.124378
