9.9982E-05 0.00486924 0.855712 9.9982E-05 0.0433414 0.0259957 0.0571236 0.0127582
0.0335312 9.9955E-05 0.895996 0.0699734 9.9955E-05 9.9955E-05 9.9955E-05 9.9955E-05
0.0147319 0.102785 0.757645 9.9991E-05 0.073925 0.00722458 0.00928065 0.0343079
9.9973E-05 0.0196306 0.797735 0.0594546 9.9973E-05 9.9973E-05 0.0542166 0.068663
9.9973E-05 0.0695334 0.871616 0.0129312 9.9973E-05 9.9973E-05 0.0118631 0.0337561
0.125035 0.0365729 0.604096 9.9991E-05 0.00806708 0.045673 0.0934395 0.0870165
0.151265 9.9964E-05 0.758158 9.9964E-05 9.9964E-05 0.0549476 0.0352297 9.9964E-05
0.121422 9.9973E-05 0.673536 0.0307607 9.9973E-05 9.9973E-05 0.148203 0.0257788
0.035575 9.99729E-05 0.828674 9.99729E-05 0.0361684 0.0307294 0.0685534 9.99729E-05
0.0825416 0.0631659 0.642113 0.0382622 9.9982E-05 9.9982E-05 0.0642937 0.109424
0.150418 0.0372075 0.665881 9.9973E-05 0.0150641 9.9973E-05 0.131129 9.9973E-05
9.9964E-05 0.153026 9.9964E-05 9.9964E-05 0.786005 0.0354929 9.9964E-05 0.0250762
0.0182676 0.476341 0.0488633 9.9973E-05 0.41797 9.9973E-05 9.9973E-05 0.0382578
9.9973E-05 0.148092 0.00697252 0.0310707 0.763712 9.9973E-05 9.9973E-05 0.0498533
9.9964E-05 0.107204 0.0381762 9.9964E-05 0.718262 9.9964E-05 9.9964E-05 0.135958
0.0277005 0.364066 0.058392 0.0407467 0.436517 9.9982E-05 9.9982E-05 0.0723778
9.9964E-05 0.341701 9.9964E-05 9.9964E-05 0.449784 0.110117 9.9964E-05 0.0979982
9.9964E-05 0.247025 0.132305 9.9964E-05 0.577991 9.9964E-05 9.9964E-05 0.0422797
0.0318253 9.9964E-05 0.0436098 9.9964E-05 0.873806 9.9964E-05 0.050359 9.9964E-05
0.0988787 0.402552 9.9991E-05 0.0149281 0.296476 0.0409734 0.102102 0.0439898
0.158092 0.445051 9.9991E-05 0.0132688 0.219708 0.109776 0.00335383 0.0506516
9.9991E-05 0.498505 0.0443768 0.0834515 0.218647 0.0614657 0.0463241 0.0471299
0.0379487 0.188522 0.0263773 9.9973E-05 0.696055 9.9973E-05 9.9973E-05 0.0507966
9.9973E-05 0.514007 0.00373672 9.9973E-05 0.377044 0.0455004 9.9973E-05 0.0594115
9.9973E-05 0.0610296 0.00186857 9.9973E-05 0.825973 0.0134276 9.9973E-05 0.0974008
9.9955E-05 0.0999372 9.9955E-05 9.9955E-05 0.736859 9.9955E-05 9.9955E-05 0.162704
0.00798018 0.115034 0.0137932 0.0303612 0.770428 0.0365226 9.9991E-05 0.0257802
9.9955E-05 0.180793 0.805698 9.9955E-05 9.9955E-05 9.9955E-05 9.9955E-05 0.013009
9.9946E-05 0.239587 0.759813 9.9946E-05 9.9946E-05 9.9946E-05 9.9946E-05 9.9946E-05
9.9955E-05 0.212386 0.769301 9.9955E-05 9.9955E-05 0.0178125 9.9955E-05 9.9955E-05
0.0144596 0.137479 0.71262 9.9973E-05 9.9973E-05 0.0844602 9.9973E-05 0.0506807
9.9982E-05 0.560972 0.00207209 0.0289332 0.204404 0.173539 0.0298798 9.9982E-05
9.9973E-05 0.55325 0.00634089 9.9973E-05 0.019531 0.418421 0.00215814 9.9973E-05
9.9973E-05 0.121116 0.0849022 0.061863 0.579762 9.9973E-05 0.152057 9.9973E-05
9.9982E-05 0.244809 0.00366859 0.00196256 0.0871192 0.584675 9.9982E-05 0.0775662
0.0536006 0.672895 0.0110057 0.00154609 9.9973E-05 0.260653 9.9973E-05 9.9973E-05
0.0858037 0.632089 0.0346887 0.105252 0.0351113 0.0402748 0.0666802 9.9991E-05
0.00536747 0.653534 0.179089 0.0257631 0.0822186 0.0393947 0.0145337 9.9991E-05
9.9973E-05 0.119417 0.019511 9.9973E-05 0.219357 0.583528 0.0578868 9.9973E-05
0.121166 0.657634 0.0226458 9.9982E-05 0.106889 0.0540191 0.0374467 9.9982E-05
0.0480166 0.257806 9.9964E-05 0.074494 9.9964E-05 0.619284 9.9964E-05 9.9964E-05
0.224628 9.9964E-05 0.0449837 0.0511826 9.9964E-05 0.678806 9.9964E-05 9.9964E-05
0.0595947 0.113903 9.9982E-05 0.0452763 0.403618 0.153663 0.223745 9.9982E-05
0.287849 0.0322797 9.9982E-05 0.131243 0.31816 0.174255 9.9982E-05 0.0560139
0.0178769 0.183525 0.0760986 0.0748662 0.289332 0.22871 0.129491 9.9991E-05
0.0284791 0.529125 0.0631612 0.00082553 0.254553 0.014697 0.109059 9.9991E-05
0.0761875 0.326761 0.0864766 0.115898 0.302372 0.0540447 0.0381604 9.9991E-05
0.0515349 0.0327129 0.231306 0.0287088 0.492332 0.0974166 0.0529522 0.0130361
0.0133831 0.266854 0.0201254 0.0514998 0.450064 0.064315 0.0219821 0.111776
0.0762933 0.0120396 0.045432 0.0168244 0.573072 0.119409 0.156829 9.9991E-05
0.0122134 0.48158 9.9973E-05 0.0107373 0.446754 9.9973E-05 0.048416 9.9973E-05
0.0723673 0.463254 0.0201908 0.164494 9.9991E-05 0.128593 0.0423411 0.10866
9.999E-05 0.141696 0.0411963 0.165798 0.408397 0.126911 0.0196303 0.0962714
0.0926457 0.454107 9.9982E-05 9.9982E-05 0.339026 0.0480699 0.0279381 0.0380136
0.0441445 0.130784 0.0333272 0.04442 0.598056 0.0966561 0.0525126 9.9991E-05
9.9964E-05 0.523 9.9964E-05 9.9964E-05 0.0989669 0.331816 0.0458174 9.9964E-05
9.9973E-05 0.171892 0.0198504 9.9973E-05 0.158421 0.645519 0.00401779 9.9973E-05
0.124755 9.9946E-05 9.9946E-05 9.9946E-05 9.9946E-05 0.874646 9.9946E-05 9.9946E-05
0.0542141 0.029232 9.9973E-05 0.0186457 0.0536476 0.843961 9.9973E-05 9.9973E-05
9.9955E-05 0.23025 9.9955E-05 9.9955E-05 9.9955E-05 0.727597 9.9955E-05 0.0416533
9.9973E-05 0.418713 0.0175615 9.9973E-05 0.080538 0.468818 0.014069 9.9973E-05
9.9973E-05 0.376752 0.0168272 9.9973E-05 0.166371 0.348969 9.9973E-05 0.0907807
9.9964E-05 9.9964E-05 9.9964E-05 9.9964E-05 0.146854 0.663661 0.10869 0.0803957
9.9973E-05 0.262206 9.9973E-05 0.0033818 0.0492394 0.514352 0.17052 9.9973E-05
9.9973E-05 0.248367 0.0134457 9.9973E-05 0.12363 0.555895 9.9973E-05 0.0583629
9.9964E-05 0.407764 0.045624 9.9964E-05 0.190793 0.355419 9.9964E-05 9.9964E-05
0.0595021 0.366212 9.9964E-05 9.9964E-05 9.9964E-05 0.572536 9.9964E-05 0.00135013
0.178246 9.9964E-05 9.9964E-05 0.0701092 0.0260949 0.72515 9.9964E-05 9.9964E-05
9.9964E-05 0.0367252 0.83204 9.9964E-05 0.0875006 9.9964E-05 9.9964E-05 0.0433342
9.9946E-05 0.111463 0.887937 9.9946E-05 9.9946E-05 9.9946E-05 9.9946E-05 9.9946E-05
9.9964E-05 0.120433 0.854879 9.9964E-05 9.9964E-05 9.9964E-05 0.0127849 0.011503
0.0364298 0.0677438 0.886863 9.9964E-05 9.9964E-05 9.9964E-05 9.9964E-05 0.0085631
9.9964E-05 0.0860326 0.855763 9.9964E-05 9.9964E-05 0.0270996 9.9964E-05 0.030705
9.9964E-05 0.0804549 0.850141 0.0383948 9.9964E-05 9.9964E-05 9.9964E-05 0.0306093
0.0184863 0.0798572 0.889867 0.0113893 9.9964E-05 9.9964E-05 9.9964E-05 9.9964E-05
9.9973E-05 0.0284018 0.0292529 0.0931923 0.234347 0.614506 9.9973E-05 9.9973E-05
9.9964E-05 0.442644 9.9964E-05 9.9964E-05 0.180126 0.364447 0.0123831 9.9964E-05
9.9973E-05 0.553721 0.101445 0.0144846 9.9973E-05 0.306875 0.0231743 9.9973E-05
0.0382779 0.524926 0.0236518 0.12375 0.0230225 0.26276 9.9991E-05 0.00351298
9.9973E-05 0.334383 0.0254687 0.0746567 9.9973E-05 0.42781 9.9973E-05 0.137382
9.9964E-05 9.9964E-05 0.0178803 9.9964E-05 0.195259 0.716834 0.0696268 9.9964E-05
0.116729 0.271923 9.9982E-05 0.0042451 0.00334212 0.569748 9.9982E-05 0.0338134
9.9982E-05 0.550115 0.00808082 0.0672785 9.9982E-05 0.356906 0.00676804 0.0106518
0.0176172 0.417098 0.0406966 0.000807379 0.11825 0.307888 0.0530578 0.0445843
9.9955E-05 0.343011 9.9955E-05 9.9955E-05 9.9955E-05 0.577531 9.9955E-05 0.0789574
9.9964E-05 0.373145 9.9964E-05 9.9964E-05 0.162661 0.422316 0.0414778 9.9964E-05
0.0546128 0.146286 0.0659094 0.209327 0.417822 0.0854548 0.0080724 0.0125154
0.103163 0.44134 0.0602689 9.9982E-05 0.183666 9.9982E-05 0.170735 0.0406274
0.0108407 0.440158 0.0497175 0.0104525 0.390125 9.9982E-05 0.0985056 9.9982E-05
9.9964E-05 0.532865 9.9964E-05 9.9964E-05 0.226851 0.127504 0.112381 9.9964E-05
9.9982E-05 0.428371 0.0314182 0.0725271 0.256447 0.0246606 0.186376 9.9982E-05
0.0599447 0.575404 9.9982E-05 0.0214356 0.202485 0.063218 0.0773124 9.9982E-05
9.9973E-05 0.517335 9.9973E-05 0.0386455 0.2494 0.0158115 0.178508 9.9973E-05
9.9982E-05 0.415903 9.9982E-05 0.00904114 0.262041 0.102384 0.0863377 0.124093
0.0384766 0.666911 9.9973E-05 0.0232777 0.131657 9.9973E-05 0.139377 9.9973E-05
0.140523 0.358498 0.116529 0.0736425 0.241336 9.9982E-05 0.0692717 9.9982E-05
9.9973E-05 0.681746 0.0596441 0.0683864 0.162507 9.9973E-05 0.0274165 9.9973E-05
0.0011622 0.616587 0.0425007 0.0956503 0.197684 9.9982E-05 9.9982E-05 0.0462163
9.9991E-05 0.0981164 0.00534831 0.0624858 0.479376 0.175503 0.0882293 0.0908413
0.203863 0.0816253 9.9991E-05 0.11879 0.339557 0.0995556 0.0935721 0.0629371
0.0883827 9.9982E-05 9.9982E-05 0.210829 0.202403 0.203493 0.228915 0.0657775
0.0153213 0.213269 0.0325369 0.0735056 0.524943 0.0181327 0.122191 9.9991E-05
0.00195836 0.368447 9.9982E-05 0.0652958 0.403655 0.13539 0.0250538 9.9982E-05
9.9973E-05 0.347479 9.9973E-05 0.0109451 0.420866 0.061683 0.158727 9.9973E-05
9.9982E-05 0.272161 0.0310903 0.0347027 0.417008 0.073127 0.171711 9.9982E-05
0.00908393 0.600959 0.0854167 0.0689306 0.10101 0.117351 0.00594487 0.011304
0.208803 0.20735 9.9982E-05 0.0360541 0.345569 0.103677 0.0983478 9.9982E-05
0.131777 0.503557 0.0501666 0.125957 0.0260521 0.056654 0.0635655 0.0422707
0.438459 0.0691892 0.0833347 0.108365 0.140605 0.0190712 0.140876 9.9991E-05
0.184726 0.35061 0.0537588 0.0734168 0.133768 0.15365 0.0345074 0.0155639
0.147437 0.552718 0.0518233 0.00187811 0.0621551 0.0359603 0.0761063 0.0719216
0.274522 0.296985 0.0412762 0.0310533 0.139664 0.14798 0.0684193 9.9991E-05
0.371739 0.242326 0.0065379 0.145032 0.0614604 0.0786508 0.0941536 9.9991E-05
0.13712 0.480488 9.9982E-05 0.101084 0.0717447 0.0382122 0.17115 9.9982E-05
0.347054 9.9982E-05 0.00548521 9.9982E-05 0.235394 0.226612 0.025619 0.159636
0.219881 0.416541 9.9982E-05 0.0623045 0.121529 0.13976 0.0397852 9.9982E-05
0.150528 0.473665 9.9991E-05 0.0932078 0.130996 0.120165 0.0271914 0.00414685
0.30756 0.19537 0.231719 9.9982E-05 0.0150401 9.9982E-05 0.00459917 0.245512
0.435031 9.9955E-05 0.444171 9.9955E-05 9.9955E-05 9.9955E-05 9.9955E-05 0.120298
0.529962 9.9955E-05 0.306191 9.9955E-05 9.9955E-05 9.9955E-05 9.9955E-05 0.163347
0.193574 0.0398738 0.327018 9.9973E-05 0.0971239 9.9973E-05 9.9973E-05 0.34211
0.184098 0.659996 9.9964E-05 9.9964E-05 9.9964E-05 0.122818 0.0326889 9.9964E-05
9.9955E-05 0.250767 9.9955E-05 9.9955E-05 0.0893974 9.9955E-05 9.9955E-05 0.659335
0.376888 0.363084 9.9964E-05 0.170147 9.9964E-05 0.0894806 9.9964E-05 9.9964E-05
0.418639 0.205479 9.9964E-05 0.286116 9.9964E-05 0.089366 9.9964E-05 9.9964E-05
0.142833 0.606517 9.9964E-05 0.17456 9.9964E-05 0.0756894 9.9964E-05 9.9964E-05
0.268333 0.446929 9.9973E-05 0.193707 0.0865116 0.00421833 9.9973E-05 9.9973E-05
0.195169 0.577139 9.9982E-05 0.108988 9.9982E-05 0.0580865 0.0368917 0.0235251
0.387058 0.223706 9.9973E-05 0.159963 0.118903 0.11007 9.9973E-05 9.9973E-05
0.0168303 0.0397885 9.9964E-05 9.9964E-05 9.9964E-05 0.0177504 9.9964E-05 0.925231
9.9955E-05 0.124245 9.9955E-05 0.0156313 9.9955E-05 9.9955E-05 9.9955E-05 0.859624
9.9955E-05 0.322964 9.9955E-05 0.0144791 9.9955E-05 9.9955E-05 9.9955E-05 0.662057
9.9964E-05 0.13526 9.9964E-05 9.9964E-05 9.9964E-05 0.010443 0.0602314 0.793666
9.9946E-05 9.9946E-05 9.9946E-05 9.9946E-05 9.9946E-05 9.9946E-05 0.00805705 0.991343
9.9955E-05 9.9955E-05 9.9955E-05 0.00693671 9.9955E-05 9.9955E-05 0.100926 0.891637
9.9964E-05 0.140327 9.9964E-05 9.9964E-05 9.9964E-05 0.0142662 0.00929386 0.835713
9.9955E-05 9.9955E-05 9.9955E-05 9.9955E-05 0.0212395 9.9955E-05 0.0656301 0.912631
9.9946E-05 9.9946E-05 9.9946E-05 9.9946E-05 9.9946E-05 0.00317066 9.9946E-05 0.99623
9.994E-05 9.994E-05 9.994E-05 9.994E-05 9.994E-05 9.994E-05 9.994E-05 0.9993
9.9973E-05 0.202646 0.0253999 0.00653686 0.0581873 9.9973E-05 9.9973E-05 0.70693
9.9964E-05 0.170387 0.114932 9.9964E-05 9.9964E-05 9.9964E-05 0.00251867 0.711762
9.9946E-05 9.9946E-05 9.9946E-05 9.9946E-05 9.9946E-05 0.0394184 9.9946E-05 0.959982
9.9973E-05 0.118754 0.0746919 9.9973E-05 9.9973E-05 0.0658962 0.0400078 0.70035
9.9955E-05 0.0660949 9.9955E-05 9.9955E-05 0.0816577 9.9955E-05 9.9955E-05 0.851748
0.0210851 0.0340645 0.00822945 9.9973E-05 9.9973E-05 9.9973E-05 0.0146243 0.921697
0.0243811 0.000202258 0.0681919 9.9973E-05 9.9973E-05 9.9973E-05 0.0452184 0.861706
9.9946E-05 9.9946E-05 9.9946E-05 9.9946E-05 0.0133631 9.9946E-05 9.9946E-05 0.986037
0.0191653 0.184763 0.0976674 9.9991E-05 0.0216398 0.111164 0.0141336 0.551367
9.9955E-05 9.9955E-05 0.00820161 9.9955E-05 0.128024 9.9955E-05 9.9955E-05 0.863275
0.626578 9.9982E-05 0.206823 0.0223466 0.0663343 0.0263274 9.9982E-05 0.0513901
0.240181 0.458544 0.0981967 9.9982E-05 0.0219925 9.9982E-05 0.15087 0.030015
0.262528 0.528857 0.165276 0.00718539 9.9973E-05 9.9973E-05 0.035854 9.9973E-05
0.41766 0.30351 0.166442 0.0358864 9.9982E-05 9.9982E-05 0.0147704 0.0615314
0.388922 0.258544 0.191451 9.9982E-05 0.0443521 0.0609678 9.9982E-05 0.0555631
0.376904 0.419407 0.0847146 9.9964E-05 9.9964E-05 9.9964E-05 9.9964E-05 0.118575
0.204203 0.481265 0.139578 9.9982E-05 0.0691905 9.9982E-05 0.018884 0.0866796
0.42427 0.34915 0.0970057 9.9964E-05 9.9964E-05 9.9964E-05 9.9964E-05 0.129174
0.0434351 0.0457985 0.765697 0.0267771 9.9991E-05 0.0144841 0.0926381 0.0110706
9.9955E-05 0.0267584 0.907678 9.9955E-05 9.9955E-05 9.9955E-05 9.9955E-05 0.0650639
0.0244833 9.9973E-05 0.907133 9.9973E-05 0.0273245 0.0255975 0.015162 9.9973E-05
9.9955E-05 0.031565 0.863039 9.9955E-05 9.9955E-05 9.9955E-05 0.104896 9.9955E-05
0.0195038 0.00915985 0.864234 9.9982E-05 0.0396648 9.9982E-05 0.0228724 0.044365
0.0187036 9.9982E-05 0.862603 0.00464778 0.0126307 0.0261943 9.9982E-05 0.0750203
9.9964E-05 0.0177011 0.849505 9.9964E-05 9.9964E-05 9.9964E-05 0.0342824 0.0981115
0.0173922 9.9982E-05 0.87077 0.0559133 0.026176 9.9982E-05 0.0149976 0.0145513
9.9973E-05 9.9973E-05 0.918838 0.044099 0.00466367 0.0207852 9.9973E-05 0.0113143
0.0598345 0.0266297 0.809179 9.9973E-05 0.0364188 9.9973E-05 9.9973E-05 0.0676376
9.9973E-05 9.9973E-05 0.608352 0.0742367 0.141476 0.0930502 0.0825852 9.9973E-05
9.9973E-05 9.9973E-05 0.580246 0.0526589 0.0842648 0.0382564 0.244274 9.9973E-05
0.00748364 9.9982E-05 0.525324 0.116405 0.299939 0.00477944 0.0458688 9.9982E-05
0.0177346 9.9973E-05 0.470689 0.097525 0.272035 9.9973E-05 0.141717 9.9973E-05
9.9982E-05 0.470013 9.9982E-05 0.117262 0.150925 0.204271 0.00332457 0.0540044
0.0465024 0.593411 0.0407055 0.0104304 0.108284 0.183199 0.0100621 0.00740556
0.0375342 0.370209 9.9973E-05 9.9973E-05 0.322886 0.213834 0.0552369 9.9973E-05
9.9973E-05 0.119738 0.0186875 9.9973E-05 0.486159 0.120085 0.255031 9.9973E-05
9.9973E-05 0.61554 0.0231253 0.0613197 9.9973E-05 0.246703 0.0530121 9.9973E-05
0.00622488 0.536665 9.9991E-05 0.0435165 0.111091 0.252966 0.0239748 0.0254621
9.9982E-05 0.422436 9.9982E-05 0.0061338 0.0792807 0.400204 0.0572401 0.0345061
9.9973E-05 0.327751 9.9973E-05 0.0209114 9.9973E-05 0.553653 0.0182564 0.0791284
9.9982E-05 0.43089 0.049018 0.10077 0.102381 0.269782 0.0469595 9.9982E-05
0.0776428 9.9964E-05 9.9964E-05 0.224624 9.9964E-05 0.67078 0.026553 9.9964E-05
0.115582 0.256111 9.9973E-05 0.0573986 9.9973E-05 0.535131 0.035478 9.9973E-05
9.9973E-05 0.465811 0.0375586 0.0839688 9.9973E-05 0.379881 9.9973E-05 0.0324811
9.9973E-05 0.0888492 0.0824505 9.9973E-05 0.144777 0.602741 0.0808828 9.9973E-05
0.0681491 0.0011214 0.0327563 9.9973E-05 9.9973E-05 9.9973E-05 0.883314 0.0143591
0.0167909 0.0180872 0.00323707 9.9973E-05 9.9973E-05 9.9973E-05 0.920404 0.0411813
9.994E-05 9.994E-05 9.994E-05 9.994E-05 9.994E-05 9.994E-05 0.9993 9.994E-05
9.9964E-05 0.014011 0.0538261 0.0606798 9.9964E-05 9.9964E-05 0.871083 9.9964E-05
9.9982E-05 0.0199784 9.9982E-05 0.0316035 0.0145624 0.0645806 0.848998 0.020077
9.9964E-05 0.00438474 9.9964E-05 0.0259183 9.9964E-05 9.9964E-05 0.878743 0.0905538
9.9982E-05 0.0849843 0.835275 0.000495621 9.9982E-05 0.00795675 0.0318678 0.0392202
9.9964E-05 0.122161 0.769597 9.9964E-05 9.9964E-05 9.9964E-05 0.104603 0.00323933
0.0310788 0.115523 0.741287 9.9964E-05 9.9964E-05 9.9964E-05 9.9964E-05 0.111711
9.9973E-05 0.114768 0.741813 9.9973E-05 0.0883493 9.9973E-05 0.0147182 0.0400515
0.0255651 0.193028 0.756384 9.9973E-05 0.021425 9.9973E-05 9.9973E-05 0.00329759
0.112815 9.9964E-05 0.287641 9.9964E-05 0.126255 9.9964E-05 0.472889 9.9964E-05
0.0794024 9.9973E-05 0.413026 0.0580232 9.9973E-05 0.0349042 0.414344 9.9973E-05
9.9973E-05 9.9973E-05 0.38163 0.0438389 0.00411084 0.0847466 0.485374 9.9973E-05
9.9955E-05 0.204388 0.779782 9.9955E-05 9.9955E-05 9.9955E-05 9.9955E-05 0.0153296
0.0289025 9.9964E-05 0.349013 9.9964E-05 9.9964E-05 0.126159 0.495526 9.9964E-05
0.170344 0.326236 0.152553 9.9973E-05 9.9973E-05 9.9973E-05 0.057984 0.292582
9.9964E-05 0.51346 0.214698 9.9964E-05 0.00292283 9.9964E-05 9.9964E-05 0.268519
0.0798462 0.393891 0.208417 9.9991E-05 0.0479652 0.0587995 0.0484587 0.162522
0.385781 9.9955E-05 0.293682 9.9955E-05 9.9955E-05 9.9955E-05 9.9955E-05 0.320037
9.9973E-05 0.432107 9.9973E-05 0.0330511 0.320529 0.125005 0.0890075 9.9973E-05
0.171337 0.341222 9.9982E-05 0.155 0.179447 0.0440349 0.10876 9.9982E-05
0.00364187 0.21912 0.0608203 0.000895773 0.622006 9.9982E-05 0.0933159 9.9982E-05
9.9973E-05 0.464075 9.9973E-05 0.27802 0.148832 0.0861015 0.022671 9.9973E-05
0.226687 9.9973E-05 9.9973E-05 0.309197 0.218044 0.198153 0.0476195 9.9973E-05
0.0389515 0.427052 0.0203143 0.0924391 0.277036 0.053697 0.0272407 0.0632694
0.0359052 0.261743 0.00699053 0.0502115 0.532952 9.9982E-05 0.111997 9.9982E-05
0.251362 9.9973E-05 9.9973E-05 0.0634096 0.474799 0.206643 0.00348691 9.9973E-05
0.0691839 0.344076 9.9991E-05 0.210463 0.0722809 0.101361 0.107057 0.0954786
0.027991 0.479331 9.9991E-05 0.0125393 0.229189 0.121304 0.123532 0.00601471
0.00960695 0.310745 0.126739 0.0308206 0.0890824 0.165726 0.0445042 0.222776
0.0758853 0.295158 9.9991E-05 0.169499 0.248253 0.080503 0.117067 0.0135341
0.0286159 0.393725 9.9991E-05 0.118427 0.0753622 0.135048 0.197539 0.0511834
0.0834561 0.483499 9.9991E-05 0.12181 0.12587 0.108668 0.0236013 0.0529962
9.9982E-05 0.536009 0.0347441 0.0683077 0.119149 0.155823 0.0857678 9.9982E-05
9.9982E-05 0.557809 0.038577 9.9982E-05 0.150206 0.0985729 0.112952 0.041683
9.9955E-05 0.212301 0.773077 9.9955E-05 9.9955E-05 9.9955E-05 9.9955E-05 0.0141218
9.9964E-05 0.130394 0.821502 0.0255309 9.9964E-05 9.9964E-05 9.9964E-05 0.0221726
9.9982E-05 0.0501303 0.79528 0.0587374 0.0221014 0.0304301 0.0431209 9.9982E-05
9.9982E-05 0.0402043 0.757254 0.0506493 9.9982E-05 0.0836481 0.0216364 0.0464082
9.9955E-05 0.18749 0.802322 9.9955E-05 9.9955E-05 9.9955E-05 0.00968803 9.9955E-05
0.0161225 0.149593 0.0157814 9.9991E-05 0.655357 0.00410027 0.153825 0.0051213
0.0266562 0.644839 0.0133516 0.0316402 0.214889 0.000832945 0.021889 0.0459029
9.9991E-05 0.49128 0.0162164 0.0766507 0.177775 0.130053 0.083884 0.0240414
0.182216 0.196928 9.9982E-05 0.25167 0.210074 9.9982E-05 0.119321 0.03959
0.147051 9.9982E-05 0.0813314 0.0195714 0.496315 0.052135 0.203396 9.9982E-05
9.9991E-05 0.495204 0.0298028 0.0495074 0.195864 0.0458616 0.156842 0.0268186
9.9991E-05 0.0897439 0.0421868 0.145151 0.39476 0.0128486 0.24758 0.0676296
0.106143 0.306008 0.0650668 0.0854324 0.0973217 0.217131 0.122796 9.9991E-05
9.9982E-05 0.131419 0.112577 0.166785 0.434037 9.9982E-05 0.124221 0.0307619
9.9973E-05 0.134524 0.0791698 0.0533946 0.646169 9.9973E-05 0.0864427 9.9973E-05
0.0760907 0.352929 0.0601256 0.167459 0.247481 0.00197046 0.0414773 0.0524667
0.398284 0.315652 9.9982E-05 0.107392 0.0218392 0.0461026 0.11053 9.9982E-05
0.165748 0.576465 0.101812 0.0269419 9.9982E-05 0.115057 0.0137763 9.9982E-05
0.394602 0.353948 9.9973E-05 0.102301 9.9973E-05 0.0546834 0.0941653 9.9973E-05
0.134386 0.533953 0.0620703 0.125862 9.9982E-05 0.08717 0.0563586 9.9982E-05
0.435785 0.0607894 9.9982E-05 0.233313 0.050954 0.124502 0.0944561 9.9982E-05
0.486553 0.265073 9.9973E-05 0.112895 9.9973E-05 0.086748 0.048431 9.9973E-05
0.219575 0.450778 0.0176416 0.16981 0.0907441 9.9982E-05 0.0512518 9.9982E-05
0.405733 0.152684 9.9973E-05 0.111183 9.9973E-05 0.175117 0.154983 9.9973E-05
0.22427 0.483712 9.9973E-05 9.9973E-05 0.138506 0.0961769 0.0570355 9.9973E-05
9.9982E-05 0.0236469 0.0417513 0.063092 0.661315 0.093012 0.116983 9.9982E-05
0.0235127 0.119198 9.9991E-05 0.247511 0.346906 0.0916582 0.0714325 0.0996818
9.9982E-05 0.273797 9.9982E-05 0.0841325 0.393393 0.0976518 0.0719376 0.0788882
0.0744532 0.503775 9.9982E-05 9.9982E-05 0.272852 0.00430489 0.102181 0.0422339
9.9964E-05 0.216905 9.9964E-05 9.9964E-05 0.469581 0.122164 0.190951 9.9964E-05
9.9982E-05 0.4164 0.00255129 9.9982E-05 0.30528 0.0387549 0.127043 0.109771
9.9973E-05 0.326744 9.9973E-05 9.9973E-05 0.24532 0.198512 0.140886 0.0882383
9.9982E-05 0.22939 9.9982E-05 0.0118776 0.492851 0.105545 0.0952684 0.0648686
0.0452663 0.286345 0.0191752 0.0182455 0.38397 0.0544134 0.13046 0.0621242
0.0116629 0.621541 9.9991E-05 0.0392484 0.189086 0.0474618 0.0735895 0.0173109
0.171789 0.379355 0.0225047 0.1082 0.148509 0.011333 0.158209 9.9991E-05
0.0320973 0.543412 9.9991E-05 0.133411 0.155214 0.056702 0.0357887 0.0432745
0.082241 0.378485 0.0157214 0.00436583 0.356259 9.9991E-05 0.137788 0.0250403
0.00131659 0.461602 0.00881066 0.0877594 0.224122 9.9991E-05 0.0678414 0.148448
0.113601 0.393249 0.320981 9.9973E-05 0.0562346 9.9973E-05 9.9973E-05 0.115634
0.0809989 0.433489 0.0976556 0.0611775 9.9991E-05 0.133037 0.0130699 0.180472
0.0677305 0.573237 0.0327491 0.0517599 0.0412268 0.0890783 0.0407185 0.1035
0.0247491 0.298258 0.132704 0.0580207 0.203707 0.060421 9.9991E-05 0.222039
0.0202394 0.43863 9.9991E-05 0.103865 0.288341 0.0530983 0.0499834 0.0457439
0.482343 9.9973E-05 0.0854056 9.9973E-05 0.129224 0.157167 9.9973E-05 0.145561
0.0601785 0.532849 0.0987955 9.9982E-05 0.0618208 0.0914856 9.9982E-05 0.15467
0.0335387 0.409544 0.015749 0.0192934 0.240111 0.0372135 9.9991E-05 0.24445
0.201072 0.274244 0.146168 0.00498985 0.179448 0.0208949 0.0577127 0.115471
0.0379317 0.627263 0.160065 9.9973E-05 0.061836 9.9973E-05 9.9973E-05 0.112604
0.399811 9.9973E-05 0.384377 0.00177076 9.9973E-05 0.0136457 9.9973E-05 0.200095
0.0762518 0.615618 0.158258 9.9973E-05 0.0111998 9.9973E-05 9.9973E-05 0.138373
0.0701461 0.553479 0.106535 0.00596445 0.0367836 0.0711858 0.0766204 0.0792858
9.9982E-05 0.396822 0.00768936 0.352588 9.9982E-05 0.10127 0.0664946 0.0749364
9.9955E-05 9.9955E-05 9.9955E-05 0.896612 0.0540167 0.0488712 9.9955E-05 9.9955E-05
0.0265056 9.9973E-05 0.00658344 0.922833 0.0342312 9.9973E-05 0.00954684 9.9973E-05
0.0824622 0.420072 0.0750499 0.0502786 0.0682833 9.9991E-05 0.0202325 0.283521
0.0808181 0.313539 0.0958983 0.19272 9.9973E-05 9.9973E-05 9.9973E-05 0.316725
0.11688 0.168937 0.182293 0.184485 9.9982E-05 0.01973 9.9982E-05 0.327476
0.0194814 0.35068 0.187456 0.174699 0.0227519 9.9982E-05 9.9982E-05 0.244732
0.0782783 0.0331018 0.104285 0.709637 9.9973E-05 9.9973E-05 9.9973E-05 0.0743974
0.125226 0.271928 0.0666928 0.520863 9.9973E-05 9.9973E-05 9.9973E-05 0.01499
9.9973E-05 0.535687 9.9973E-05 0.310005 9.9973E-05 0.0109069 0.0376054 0.105495
9.9964E-05 0.378101 0.0093651 0.445162 9.9964E-05 9.9964E-05 9.9964E-05 0.166972
9.9964E-05 0.195677 0.0434872 0.656062 9.9964E-05 9.9964E-05 9.9964E-05 0.104374
0.0269131 0.532685 0.123688 0.289382 0.00943745 9.9982E-05 9.9982E-05 0.0176954
0.0402553 0.574936 0.00397763 0.318268 9.9973E-05 9.9973E-05 9.9973E-05 0.062263
9.9964E-05 0.317247 0.115813 0.511704 0.0548357 9.9964E-05 9.9964E-05 9.9964E-05
9.9973E-05 0.366422 0.0507443 0.450428 0.10418 9.9973E-05 9.9973E-05 0.0279256
0.10423 0.431369 9.9982E-05 0.292615 9.9982E-05 0.0018668 0.145374 0.0243449
0.082527 0.48836 9.9973E-05 0.385498 0.0382952 9.9973E-05 9.9973E-05 0.00501912
9.9955E-05 0.183815 9.9955E-05 0.733563 9.9955E-05 9.9955E-05 0.0821221 9.9955E-05
9.9973E-05 0.56453 0.0206942 0.267131 9.9973E-05 0.0887691 9.9973E-05 0.0585763
9.9964E-05 0.177163 0.0424548 0.775247 0.00473588 9.9964E-05 9.9964E-05 9.9964E-05
9.9973E-05 0.331689 9.9973E-05 0.624356 0.0201417 9.9973E-05 0.019273 0.00423952
0.121012 0.331809 0.174417 0.0350347 0.0195337 9.9991E-05 0.0709449 0.247149
0.0900387 0.32608 0.175012 0.0239307 0.140262 0.0130016 0.0584622 0.173213
0.084205 9.9973E-05 0.213664 0.544487 9.9973E-05 9.9973E-05 0.0433458 0.113998
9.9973E-05 0.635494 0.0819698 0.0443726 9.9973E-05 9.9973E-05 0.048574 0.18929
0.232413 9.9964E-05 0.321487 0.312474 9.9964E-05 9.9964E-05 9.9964E-05 0.133227
0.0113298 0.588394 0.0614921 0.212242 0.00855659 9.9982E-05 9.9982E-05 0.117785
0.0119474 0.0245059 9.9964E-05 0.886215 9.9964E-05 0.0769321 9.9964E-05 9.9964E-05
9.9955E-05 9.9955E-05 9.9955E-05 0.957297 0.0256063 0.0165964 9.9955E-05 9.9955E-05
9.9955E-05 0.477035 9.9955E-05 0.513826 0.00863944 9.9955E-05 9.9955E-05 9.9955E-05
9.9946E-05 0.690031 9.9946E-05 0.30937 9.9946E-05 9.9946E-05 9.9946E-05 9.9946E-05
9.9955E-05 0.377372 9.9955E-05 0.620039 9.9955E-05 0.00208918 9.9955E-05 9.9955E-05
9.9964E-05 0.46196 9.9964E-05 0.369708 9.9964E-05 0.139794 9.9964E-05 0.0281383
9.9973E-05 0.468063 9.9973E-05 0.472196 0.0472927 0.00682345 9.9973E-05 0.00532451
0.0283435 0.0533015 0.755884 0.107111 9.9973E-05 9.9973E-05 9.9973E-05 0.0550599
0.031554 9.9991E-05 0.689752 0.0217391 0.0461286 0.0310757 0.0888041 0.0908463
9.9955E-05 9.9955E-05 0.86156 9.9955E-05 9.9955E-05 9.9955E-05 0.0454938 0.0924466
9.9955E-05 0.0759961 0.912175 0.0113287 9.9955E-05 9.9955E-05 9.9955E-05 9.9955E-05
9.9973E-05 0.54551 0.0444096 0.100362 9.9973E-05 0.230744 0.0786742 9.9973E-05
9.9973E-05 0.461157 0.0291496 0.0315934 0.119196 0.358604 9.9973E-05 9.9973E-05
9.9991E-05 0.23315 0.00113093 0.0178626 0.113092 0.547636 0.0694524 0.0175764
9.9955E-05 0.572057 9.9955E-05 9.9955E-05 0.114859 0.312584 9.9955E-05 9.9955E-05
0.0947701 0.332486 9.9964E-05 0.0529932 9.9964E-05 0.519351 9.9964E-05 9.9964E-05
0.0622647 0.480733 0.19537 0.074677 0.0236263 9.9982E-05 9.9982E-05 0.163129
0.0437754 0.342061 9.9991E-05 0.0147763 0.0815403 0.412688 0.0493345 0.0557248
9.9973E-05 0.373311 0.00055118 9.9973E-05 0.0948441 0.472588 0.0584058 9.9973E-05
9.9982E-05 0.385606 9.9982E-05 0.0269982 0.0291795 0.431879 0.0510284 0.0751094
9.9964E-05 0.420713 9.9964E-05 0.00979616 0.225662 0.343429 9.9964E-05 9.9964E-05
9.9973E-05 0.590457 0.00751011 0.0393731 9.9973E-05 0.33088 9.9973E-05 0.0314801
0.0515529 0.0675996 9.9964E-05 0.0129979 9.9964E-05 0.86745 9.9964E-05 9.9964E-05
0.057856 0.20921 0.0215464 0.0105833 0.146164 0.55444 9.9982E-05 9.9982E-05
9.9973E-05 0.225571 9.9973E-05 9.9973E-05 0.0430789 0.611728 0.0533243 0.0659981
0.144577 9.9946E-05 9.9946E-05 9.9946E-05 9.9946E-05 0.854824 9.9946E-05 9.9946E-05
9.9973E-05 0.366656 0.0316792 9.9973E-05 9.9973E-05 0.441331 0.0888046 0.0712297
0.255506 0.0304004 9.9964E-05 0.0816199 9.9964E-05 0.632073 9.9964E-05 9.9964E-05
0.16492 9.9955E-05 9.9955E-05 0.0823729 9.9955E-05 0.752207 9.9955E-05 9.9955E-05
0.0306472 0.57938 0.0252381 9.9973E-05 9.9973E-05 0.363008 9.9973E-05 0.00142719
9.9982E-05 0.273166 0.0249185 0.0397033 0.121928 0.514695 0.0253894 9.9982E-05
9.9973E-05 0.416123 9.9973E-05 9.9973E-05 0.0364075 0.332042 0.136767 0.0783608
0.00755929 0.442313 9.9982E-05 9.9982E-05 0.0528597 0.373203 0.075642 0.0482235
0.163259 0.367729 9.9991E-05 0.0924676 0.205083 0.0364486 0.101383 0.0335302
9.9982E-05 0.461906 0.0133589 0.0693716 9.9982E-05 0.386236 0.0199415 0.0489858
9.9991E-05 0.508446 0.0429359 0.00784184 0.028791 0.321263 0.074652 0.01597
9.9964E-05 0.290632 9.9964E-05 0.00632171 9.9964E-05 0.679729 0.0229175 9.9964E-05
0.018768 0.0156422 0.696117 9.9973E-05 0.0966075 9.9973E-05 0.172565 9.9973E-05
0.0301028 0.00444973 0.711576 0.0688531 0.0881168 0.0432933 0.0286873 0.0249209
0.087462 9.9964E-05 0.7533 9.9964E-05 0.0648658 9.9964E-05 0.0939724 9.9964E-05
0.00358629 9.9973E-05 0.801258 0.0313947 9.9973E-05 0.0105241 0.152937 9.9973E-05
0.0378166 0.0392081 0.705797 9.9973E-05 0.0922544 9.9973E-05 0.124624 9.9973E-05
9.9982E-05 0.0638829 0.0415931 9.9982E-05 0.144834 0.63663 0.0669103 0.0459499
9.9973E-05 0.124768 0.0662461 9.9973E-05 0.115843 0.671365 0.0214778 9.9973E-05
0.000466312 0.0979562 9.9973E-05 0.0671019 9.9973E-05 0.794012 9.9973E-05 0.0401633
0.122466 0.327354 0.0415292 9.9973E-05 9.9973E-05 0.503933 0.00441757 9.9973E-05
9.9964E-05 0.515705 9.9964E-05 9.9964E-05 0.0371972 0.332834 9.9964E-05 0.113863
0.0561256 0.41832 0.0536694 0.0492371 9.9973E-05 0.422348 9.9973E-05 9.9973E-05
9.9982E-05 0.479375 0.0323043 0.0920711 0.133103 0.253186 0.00976026 9.9982E-05
9.9973E-05 0.149138 9.9973E-05 9.9973E-05 0.141647 0.582177 0.0679778 0.0587607
9.9964E-05 0.329773 9.9964E-05 9.9964E-05 0.129339 0.516132 0.0243566 9.9964E-05
9.9964E-05 0.307004 9.9964E-05 9.9964E-05 0.171743 0.444013 0.0768402 9.9964E-05
0.209948 0.677779 0.0898031 0.019332 9.9973E-05 0.00283754 9.9973E-05 9.9973E-05
9.9982E-05 0.400518 0.0231195 0.0182737 0.0634303 0.486152 0.00830597 9.9982E-05
9.9991E-05 0.3878 0.0586408 0.0170119 0.0665018 0.406363 0.0167303 0.0468529
0.0494121 0.477522 0.10298 9.9964E-05 9.9964E-05 9.9964E-05 9.9964E-05 0.369686
0.041824 0.406884 0.165458 9.9964E-05 9.9964E-05 9.9964E-05 9.9964E-05 0.385434
0.148439 0.501065 0.0305441 0.0139444 9.9973E-05 0.305708 9.9973E-05 9.9973E-05
0.0707778 0.104316 0.246765 9.9964E-05 9.9964E-05 9.9964E-05 9.9964E-05 0.577741
9.9964E-05 0.346815 0.221562 0.0310834 9.9964E-05 9.9964E-05 9.9964E-05 0.400139
0.262325 0.56937 0.12478 9.9973E-05 9.9973E-05 0.00111434 0.0421111 9.9973E-05
0.236902 0.608129 0.0228401 9.9973E-05 0.12765 9.9973E-05 9.9973E-05 0.00417883
0.190189 0.401693 0.094319 9.9991E-05 0.13359 0.0617195 0.0765786 0.0418109
0.0302524 0.414862 0.163699 9.9964E-05 9.9964E-05 9.9964E-05 9.9964E-05 0.390787
0.0380138 0.434938 0.0917566 9.9973E-05 9.9973E-05 9.9973E-05 0.000982216 0.434009
9.9964E-05 0.39784 0.186837 9.9964E-05 9.9964E-05 0.0197488 9.9964E-05 0.395174
9.9964E-05 0.282329 0.136733 0.0948077 9.9964E-05 9.9964E-05 9.9964E-05 0.48573
0.300563 0.594361 0.0376158 9.9973E-05 9.9973E-05 0.0146138 0.0525459 9.9973E-05
0.0537031 0.163916 0.164168 9.9973E-05 9.9973E-05 0.0432876 9.9973E-05 0.574625
0.249504 0.191481 0.100703 9.9982E-05 0.220707 0.0710594 0.166346 9.9982E-05
0.147331 0.692905 9.9973E-05 9.9973E-05 0.100458 0.0272221 9.9973E-05 0.0317838
0.108079 0.560098 0.109756 9.9982E-05 0.120997 9.9982E-05 0.0938848 0.00698441
0.149586 0.520208 0.139147 9.9982E-05 0.094188 0.0556148 0.0410557 9.9982E-05
0.0172207 0.318213 0.187401 0.0483287 0.0613636 0.0989709 0.0862533 0.182248
0.0982621 0.364305 0.202592 0.049096 0.0724309 9.9982E-05 9.9982E-05 0.213113
0.0255917 0.187604 0.233277 9.9964E-05 9.9964E-05 9.9964E-05 9.9964E-05 0.553127
0.218675 0.477661 0.0722601 9.9982E-05 0.0497616 0.112059 0.069383 9.9982E-05
0.605499 0.247924 0.0131952 9.9982E-05 9.9982E-05 0.075891 0.0351876 0.0221028
0.0305129 0.325331 0.119775 0.209555 0.13196 0.0280169 0.125381 0.0294671
0.165272 0.441943 0.126153 9.9973E-05 9.9973E-05 0.0554158 9.9973E-05 0.210916
0.577564 9.9973E-05 0.190572 9.9973E-05 9.9973E-05 0.00962301 0.037542 0.184399
0.761931 9.99549E-05 0.154931 9.99549E-05 9.99549E-05 9.99549E-05 9.99549E-05 0.0826383
0.416721 0.314183 0.0718704 0.00644107 0.0273023 9.9991E-05 0.0922228 0.0711598
0.470278 0.0645909 0.249195 9.9982E-05 0.0721005 0.0137707 9.9982E-05 0.129865
0.53 9.9955E-05 0.271511 9.9955E-05 9.9955E-05 9.9955E-05 9.9955E-05 0.197989
0.176764 0.312729 0.138745 0.0880682 0.0947919 9.9991E-05 0.0711698 0.117632
0.13503 0.297908 0.14562 0.121092 0.103099 0.0197087 9.9991E-05 0.177442
0.336591 0.20671 0.231655 0.0702075 0.00898772 0.00611807 9.9991E-05 0.139631
0.551455 0.116781 0.17364 9.9973E-05 0.0705014 9.9973E-05 9.9973E-05 0.0873231
0.131058 0.56115 0.206512 0.0746223 0.0145598 9.9982E-05 0.011898 9.9982E-05
0.445549 0.135602 0.18889 9.9982E-05 0.112646 0.0170857 9.9982E-05 0.100028
0.674631 9.9955E-05 0.294273 9.9955E-05 9.9955E-05 9.9955E-05 9.9955E-05 0.0305962
0.282549 0.38612 0.104913 9.9973E-05 0.0523847 9.9973E-05 9.9973E-05 0.173734
0.0379477 0.375914 0.271491 0.0159818 0.00633876 0.145336 9.9991E-05 0.14689
0.0819932 0.603862 0.108066 9.9964E-05 9.9964E-05 9.9964E-05 9.9964E-05 0.205679
0.0671112 0.462267 0.163085 0.0296621 0.0794278 0.000320808 0.0188854 0.179241
9.9964E-05 0.340756 0.342561 9.9964E-05 0.116279 9.9964E-05 9.9964E-05 0.200004
9.9973E-05 0.596161 0.243959 0.0834473 0.0102878 9.9973E-05 9.9973E-05 0.0658447
0.0708952 0.465361 0.2489 9.9964E-05 9.9964E-05 9.9964E-05 9.9964E-05 0.214444
0.0167586 0.343581 0.240533 0.0931794 0.0494468 0.0147591 0.0182856 0.223457
9.9982E-05 0.183044 0.200174 0.0912778 0.228125 0.133428 9.9982E-05 0.163751
0.159056 0.353072 0.152427 9.9982E-05 0.0415585 9.9982E-05 0.0190648 0.274621
0.294192 0.207695 0.293774 9.9982E-05 0.000118109 0.0262278 9.9982E-05 0.177793
0.0905551 0.270865 0.264512 0.0641411 9.9982E-05 0.0297393 9.9982E-05 0.279988
9.99549E-05 9.99549E-05 0.80783 9.99549E-05 9.99549E-05 0.0921408 0.0995295 9.99549E-05
9.9973E-05 0.122225 0.0970372 0.0244474 0.241572 9.9973E-05 0.514418 9.9973E-05
9.9955E-05 9.9955E-05 9.9955E-05 9.9955E-05 0.14917 0.0570805 0.79325 9.9955E-05
9.9955E-05 9.9955E-05 0.00204146 9.9955E-05 0.233656 9.9955E-05 0.763803 9.9955E-05
9.9955E-05 0.00209959 9.9955E-05 9.9955E-05 0.228647 9.9955E-05 0.768753 9.9955E-05
9.9955E-05 9.9955E-05 9.9955E-05 9.9955E-05 0.27348 9.9955E-05 0.658086 0.0679349
9.9955E-05 0.116042 9.9955E-05 9.9955E-05 0.13133 9.9955E-05 0.752128 9.9955E-05
0.0196331 9.9955E-05 9.9955E-05 9.9955E-05 0.219732 9.9955E-05 0.760135 9.9955E-05
9.9973E-05 0.0122251 0.208822 9.9973E-05 0.0679333 9.9973E-05 0.699603 0.011117
0.0571712 0.0331505 0.846314 9.9982E-05 0.0405991 9.9982E-05 0.00173718 0.0208277
9.9973E-05 0.0199106 0.784295 9.9973E-05 9.9973E-05 0.0364147 0.148192 0.0108881
0.00850659 0.0295166 0.90171 9.9982E-05 9.9982E-05 0.0136833 0.0343287 0.0120554
0.0201157 0.0111133 0.807231 9.9973E-05 0.12366 9.9973E-05 0.0375805 9.9973E-05
9.9964E-05 9.9964E-05 0.905982 9.9964E-05 0.0281291 0.0521409 9.9964E-05 0.0133481
0.0243134 9.9973E-05 0.8334 0.0220751 9.9973E-05 9.9973E-05 0.0998093 0.0201027
9.9982E-05 0.0104112 0.710097 9.9982E-05 0.010627 0.0247206 0.0483138 0.195631
0.0218062 9.9973E-05 0.820207 9.9973E-05 0.029804 0.0564228 9.9973E-05 0.0714603
9.9982E-05 0.0986977 0.716057 0.0531803 0.0827079 9.9982E-05 0.0431039 0.00605361
9.9973E-05 0.0405813 0.869612 0.0242135 0.00107496 9.9973E-05 9.9973E-05 0.0642188
9.9946E-05 9.9946E-05 0.933532 0.0658679 9.9946E-05 9.9946E-05 9.9946E-05 9.9946E-05
9.9964E-05 9.9964E-05 0.840569 0.0210336 0.0826143 9.9964E-05 9.9964E-05 0.0553837
0.0327697 0.0158744 0.913875 9.9964E-05 9.9964E-05 9.9964E-05 0.0370813 9.9964E-05
0.0360026 0.0472588 0.895366 9.9973E-05 9.9973E-05 9.9973E-05 0.00929892 0.0117741
9.9964E-05 0.0213631 0.846385 9.9964E-05 9.9964E-05 0.036908 9.9964E-05 0.0949444
9.9955E-05 0.0891101 0.812858 9.9955E-05 9.9955E-05 9.9955E-05 9.9955E-05 0.0975324
0.0112659 0.0655394 0.745184 9.9964E-05 9.9964E-05 9.9964E-05 9.9964E-05 0.177611
9.9955E-05 0.128753 0.787099 9.9955E-05 9.9955E-05 9.9955E-05 9.9955E-05 0.083648
9.9964E-05 0.0792003 0.789786 0.0405246 9.9964E-05 9.9964E-05 9.9964E-05 0.090089
0.323808 0.425524 0.0677559 9.9982E-05 0.0606411 0.0965758 0.0254946 9.9982E-05
0.0837335 0.698366 0.013777 9.9973E-05 9.9973E-05 0.10283 0.100994 9.9973E-05
0.573639 0.209894 9.9973E-05 0.0588649 9.9973E-05 0.122217 0.0350852 9.9973E-05
0.106879 0.556031 0.114463 0.00264257 0.0807236 0.0661453 0.0730152 9.9991E-05
0.751723 0.231473 0.00431962 9.9973E-05 9.9973E-05 0.00997004 0.00221407 9.9973E-05
0.216239 0.563652 0.0367189 0.03618 9.9991E-05 0.00750797 0.105735 0.0338665
0.184334 0.483409 0.0238407 9.9982E-05 0.0651792 0.155662 0.0873751 9.9982E-05
0.257212 0.59026 9.9973E-05 9.9973E-05 0.0882235 0.00939216 0.0546126 9.9973E-05
9.9982E-05 0.423413 0.0581479 0.0907181 0.122776 0.285435 0.0193095 9.9982E-05
0.221321 0.512359 0.0373705 9.9982E-05 0.0506804 0.0983658 0.0797031 9.9982E-05
0.208482 0.592879 0.0111265 9.9973E-05 9.9973E-05 0.0253777 0.161835 9.9973E-05
0.123295 9.9982E-05 9.9982E-05 0.148636 0.333518 0.223311 0.114492 0.056548
0.598526 0.00908721 9.9973E-05 0.215305 9.9973E-05 0.0366022 0.14018 9.9973E-05
0.649282 0.217954 9.9964E-05 9.9964E-05 9.9964E-05 0.0798584 0.0525058 9.9964E-05
0.324409 0.582229 0.020107 9.9973E-05 0.0573136 0.0156418 9.9973E-05 9.9973E-05
0.177127 0.55518 0.0343761 9.9982E-05 0.0813552 0.114977 0.0367851 9.9982E-05
0.114924 0.520592 0.169287 0.0118798 0.051962 0.0110837 9.9991E-05 0.120171
9.9973E-05 0.541439 0.151551 9.9973E-05 0.14742 9.9973E-05 0.0219922 0.137299
0.0291888 0.0947457 0.428849 0.038988 0.183974 0.0444818 0.0291547 0.150618
0.0942079 0.556121 0.232487 9.9973E-05 9.9973E-05 9.9973E-05 0.0493377 0.0675468
0.437511 9.9973E-05 0.302446 0.0534226 9.9973E-05 9.9973E-05 0.0260456 0.180276
0.233334 0.295305 0.246568 9.9982E-05 9.9982E-05 0.00380818 0.0311791 0.189606
0.0484769 0.293661 0.320613 9.9991E-05 0.0786427 0.06111 0.0428107 0.154586
9.9973E-05 0.454374 0.335345 9.9973E-05 0.116134 9.9973E-05 0.0571394 0.0367085
0.0410406 0.508027 0.178172 9.9982E-05 0.0874871 0.0661077 9.9982E-05 0.118966
0.0702822 0.311978 0.146314 0.144383 0.0211002 0.0987518 9.9991E-05 0.207091
0.0547863 0.236813 0.377484 9.9982E-05 0.139299 0.0695568 9.9982E-05 0.121861
