0.899999 0.0672941 0.0325064 9.9982E-05 9.9982E-05
0.941877 9.9973E-05 9.9973E-05 0.0578231 9.9973E-05
0.815942 0.109028 0.0483984 9.9991E-05 0.026531
0.825108 0.0291073 0.0724661 9.9991E-05 0.0732188
0.931692 0.0601503 0.00544393 9.9991E-05 0.00261353
0.624119 0.104984 0.0802632 0.104062 0.0865728
0.83108 0.0150984 0.100701 0.0530209 9.9991E-05
0.733558 9.9991E-05 0.135174 0.110041 0.0211266
0.841762 9.9982E-05 0.0925398 0.0654985 9.9982E-05
0.692794 0.0242798 0.0503577 0.137922 0.0946465
0.716059 0.0484231 0.122977 0.11244 9.9991E-05
0.0170703 0.418005 0.428532 0.072466 0.0639265
0.0561042 0.551127 0.217987 0.0482459 0.126535
0.0175508 0.299209 0.500544 0.0985001 0.0841955
0.062567 0.357031 0.366241 0.0104275 0.203733
0.137002 0.441019 0.178725 0.110821 0.132433
0.042143 0.62561 0.149961 0.0886362 0.0936503
0.140585 0.457948 0.304513 9.9991E-05 0.096854
0.0278301 0.091695 0.613819 0.198681 0.0679754
0.033379 0.516015 0.180824 0.126954 0.142827
0.125904 0.539155 0.111377 0.149975 0.07359
0.0621436 0.65313 0.219353 9.9991E-05 0.0652735
0.0194942 0.392368 0.365116 0.0745692 0.148452
0.0599701 0.533068 0.134094 0.111101 0.161768
0.0396679 0.338369 0.414244 0.094169 0.113549
0.042799 0.223935 0.362117 0.123477 0.247672
9.9991E-05 0.374944 0.449591 0.113664 0.0617005
0.830037 0.0862066 9.9982E-05 9.9982E-05 0.0835565
0.832578 0.140723 9.9982E-05 9.9982E-05 0.026499
0.788651 0.176057 9.9982E-05 9.9982E-05 0.0350917
0.79284 0.160778 0.0215395 9.9991E-05 0.0247427
0.0225475 0.710534 0.117018 0.140932 0.00896869
0.0573396 0.755048 9.9991E-05 0.140984 0.0465283
0.106873 0.271785 0.569303 0.0519392 9.9991E-05
9.9991E-05 0.576339 0.00412894 0.39055 0.0288824
0.0795448 0.757012 0.00476529 0.13392 0.024758
0.124276 0.662399 0.127902 0.0499783 0.0354451
0.123305 0.689379 0.0456395 0.0587887 0.0828884
0.0163383 0.501292 0.214803 0.267467 9.9991E-05
0.0511526 0.693576 0.0618288 0.101696 0.0917463
9.9973E-05 0.628352 9.9973E-05 0.371349 9.9973E-05
0.0561621 0.0439742 9.9982E-05 0.899664 9.9982E-05
9.9982E-05 0.269645 0.388159 0.341997 9.9982E-05
0.0183391 0.259086 0.224113 0.480689 0.0177734
0.140356 0.357128 0.351247 0.151169 9.9991E-05
0.0689148 0.611366 0.200348 0.0202185 0.0991521
0.144351 0.409106 0.162017 0.198955 0.0855713
0.228045 0.19504 0.306923 0.253908 0.0160843
0.113603 0.516118 0.303424 9.9991E-05 0.0667552
0.0706533 0.193658 0.530275 0.205314 9.9991E-05
0.00182249 0.613219 0.239115 0.0863667 0.0594761
0.0396534 0.640908 0.0530728 0.105608 0.160757
0.0173602 0.34662 0.295332 0.225677 0.11501
0.0654979 0.538107 0.171204 0.0955564 0.129634
0.0744677 0.326526 0.356651 0.242255 9.9991E-05
9.9982E-05 0.790013 0.0830412 0.126746 9.9982E-05
0.0131186 0.559995 0.183814 0.242973 9.9991E-05
9.9973E-05 0.299102 9.9973E-05 0.700598 9.9973E-05
9.9982E-05 0.296776 0.0651159 0.637908 9.9982E-05
9.9982E-05 0.596898 0.0404125 0.362489 9.9982E-05
0.0456415 0.698709 0.0842785 0.171271 9.9991E-05
0.0295657 0.709242 0.1076 0.124975 0.0286175
0.0424307 0.490121 0.266214 0.201135 9.9991E-05
0.0071482 0.534026 0.269679 0.189047 9.9991E-05
9.9991E-05 0.612096 0.0851638 0.294975 0.00766559
0.0626339 0.749485 0.0429218 0.144859 9.9991E-05
0.0320966 0.595354 9.9982E-05 0.372349 9.9982E-05
9.9982E-05 0.228524 0.0591211 0.712155 9.9982E-05
0.808458 0.049016 0.10319 9.9991E-05 0.0392368
0.946136 0.0535642 9.9973E-05 9.9973E-05 9.9973E-05
0.918242 0.0814581 9.9973E-05 9.9973E-05 9.9973E-05
0.949668 0.0277515 9.9991E-05 0.00592563 0.0165548
0.900934 0.083393 9.9982E-05 9.9982E-05 0.0154728
0.902079 0.043584 9.9982E-05 9.9982E-05 0.0541367
0.95809 0.0416104 9.99753E-05 9.99753E-05 9.99753E-05
9.9982E-05 0.434355 0.143567 0.421879 9.9982E-05
0.0747572 0.707135 0.0984453 0.119563 9.9991E-05
0.0596056 0.659946 0.113878 0.0870894 0.0794807
0.0697107 0.712772 0.0228507 0.152056 0.0426103
9.9991E-05 0.69102 0.0165036 0.21389 0.0784865
9.9982E-05 0.291777 0.326385 0.381638 9.9982E-05
0.0277941 0.539789 0.058507 0.37381 9.9991E-05
9.9973E-05 0.729967 9.9973E-05 0.269733 9.9973E-05
0.0074871 0.667855 0.138374 0.186184 9.9991E-05
9.9982E-05 0.672167 9.9982E-05 0.307567 0.0200653
0.0962817 0.643677 0.09271 0.167231 9.9991E-05
0.0312989 0.255948 0.31245 0.266837 0.133467
0.188959 0.470437 0.261429 9.9991E-05 0.079075
0.0714288 0.525979 0.330815 0.0716778 9.9991E-05
0.00149403 0.559514 0.150576 0.0998411 0.188575
9.9991E-05 0.482405 0.395247 0.0369465 0.0853019
0.103335 0.72083 0.103797 0.0455666 0.0264717
9.9982E-05 0.589761 0.354391 9.9982E-05 0.0556482
9.9982E-05 0.598969 0.212506 9.9982E-05 0.188325
9.9991E-05 0.590099 0.162464 0.0883277 0.15901
0.056182 0.235533 0.364146 0.191687 0.152452
0.102643 0.675247 0.131424 9.9991E-05 0.0905858
0.0726914 0.639066 0.0982915 0.031368 0.158583
0.0185795 0.284528 0.435805 0.142154 0.118933
9.9991E-05 0.151548 0.341973 0.417329 0.0890502
9.9991E-05 0.160786 0.36029 0.382366 0.0964583
0.0155944 0.417709 0.425095 0.137629 0.00397215
0.0258802 0.556024 0.308269 0.078556 0.0312709
9.9982E-05 0.444663 0.479296 0.0758414 9.9982E-05
9.9982E-05 0.484286 0.460348 0.0551664 9.9982E-05
0.0900908 0.633686 0.113599 0.020687 0.141937
9.9991E-05 0.230872 0.36584 0.325721 0.0774667
0.108323 0.576297 9.9991E-05 0.180936 0.134344
0.184192 0.0829891 0.208121 0.520378 0.00432015
0.0772366 0.422093 0.0912688 0.333058 0.0763433
0.0923219 0.515567 0.0658542 0.169715 0.156541
0.158914 0.32515 0.0651633 0.36954 0.0812325
0.101553 0.292943 0.145155 0.460248 9.9991E-05
0.0691251 0.564203 0.0909703 0.275601 9.9991E-05
0.143256 0.193683 0.0758089 0.505714 0.0815378
9.9982E-05 0.528618 0.144191 0.32699 9.9982E-05
9.9991E-05 0.540532 0.0456663 0.326411 0.0872908
0.391949 0.146372 9.9991E-05 0.225299 0.23628
0.598551 9.9982E-05 9.9982E-05 0.236197 0.165052
0.416708 9.9982E-05 9.9982E-05 0.370933 0.21216
0.406643 0.01321 0.0674164 0.134602 0.378129
9.9982E-05 0.752207 9.9982E-05 0.126037 0.121556
9.9982E-05 0.33458 0.0238953 9.9982E-05 0.641324
0.00119172 0.444911 9.9991E-05 0.507089 0.0467077
0.00360828 0.248861 9.9991E-05 0.668619 0.0788125
9.9991E-05 0.663565 0.000535159 0.218213 0.117587
0.0852818 0.587144 9.9991E-05 0.279148 0.0483257
0.0438587 0.593399 9.9991E-05 0.235745 0.126896
0.0367381 0.234438 0.0948354 0.584125 0.0498635
0.00420074 9.9982E-05 9.9982E-05 0.028366 0.967233
9.9973E-05 0.0989883 9.9973E-05 9.9973E-05 0.900712
9.9973E-05 0.268699 9.9973E-05 9.9973E-05 0.731002
9.9982E-05 0.18764 0.0268094 9.9982E-05 0.78535
9.997E-05 9.997E-05 9.997E-05 9.997E-05 0.9996
0.0219709 9.9982E-05 0.0362187 9.9982E-05 0.94161
9.9973E-05 0.110471 9.9973E-05 9.9973E-05 0.889229
9.9982E-05 0.0273137 0.0370988 9.9982E-05 0.935387
9.997E-05 9.997E-05 9.997E-05 9.997E-05 0.9996
9.997E-05 9.997E-05 9.997E-05 9.997E-05 0.9996
0.00908367 0.155582 0.00662246 9.9991E-05 0.828612
0.0408139 0.156676 0.0608983 9.9991E-05 0.741512
9.997E-05 9.997E-05 9.997E-05 9.997E-05 0.9996
0.0489077 0.169908 0.0226238 9.9991E-05 0.758461
9.9991E-05 0.0443499 0.074782 0.00694343 0.873825
0.00446398 0.000172517 9.9991E-05 0.00553504 0.989728
0.0352741 0.0865492 9.9982E-05 9.9982E-05 0.877977
9.997E-05 9.997E-05 9.997E-05 9.997E-05 0.9996
0.081407 0.226403 0.0466445 0.0326316 0.612914
0.00366136 0.0829556 9.9982E-05 9.9982E-05 0.913183
0.359321 9.9982E-05 9.9982E-05 0.566318 0.0741607
0.205924 0.312886 0.116009 0.205812 0.159368
0.255946 0.404009 9.9991E-05 0.178488 0.161458
0.27893 0.124385 0.0623998 0.363091 0.171195
0.298324 0.211563 9.9991E-05 0.328918 0.161095
0.131712 0.282816 9.9991E-05 0.36231 0.223062
0.223787 0.468085 0.00687382 0.15201 0.149243
0.2323 0.26099 9.9991E-05 0.256565 0.250045
0.850091 0.0146523 0.0689093 0.0662471 9.9991E-05
0.939833 9.9982E-05 9.9982E-05 0.00923676 0.05073
0.963596 9.9982E-05 0.00946555 0.0267383 9.9982E-05
0.953671 9.9973E-05 0.0460289 9.9973E-05 9.9973E-05
0.921579 0.0591224 0.0106372 9.9991E-05 0.00856177
0.866848 9.9982E-05 9.9982E-05 0.0297544 0.103197
0.887499 9.9982E-05 0.0271743 9.9982E-05 0.0851271
0.893836 9.9982E-05 0.0595414 0.0464226 9.9982E-05
0.931612 0.0413676 0.0212414 0.00567913 9.9991E-05
0.854422 9.9982E-05 0.0604066 9.9982E-05 0.0849714
0.57449 9.9991E-05 0.334578 0.075473 0.0153587
0.58113 0.00640354 0.389254 0.0147727 0.0084399
0.531019 9.9982E-05 0.279945 0.188837 9.9982E-05
0.445526 9.9982E-05 0.412642 0.141632 9.9982E-05
0.0256216 0.772543 0.0669406 0.0888782 0.0460165
9.9991E-05 0.623816 0.250092 0.0221145 0.103877
9.9991E-05 0.614583 0.269065 0.111778 0.00447377
9.9991E-05 0.276209 0.674853 0.0184087 0.0304295
0.111249 0.713354 9.9991E-05 0.104086 0.0712115
0.00187672 0.767614 0.0907245 0.097399 0.0423858
0.0140282 0.618233 0.117185 0.171765 0.0787896
9.9991E-05 0.665035 0.0384377 0.295144 0.00128367
0.0389602 0.676342 0.128974 0.155623 9.9991E-05
9.9982E-05 0.148673 0.0982564 0.75287 9.9982E-05
9.9982E-05 0.485782 0.012013 0.502005 9.9982E-05
9.9982E-05 0.644329 9.9982E-05 0.307404 0.0480678
9.9982E-05 0.43386 0.29225 0.27369 9.9982E-05
0.138851 9.9982E-05 0.830802 0.0301472 9.9982E-05
0.0738226 0.0103062 0.858415 0.0209564 0.0365
9.997E-05 9.997E-05 0.9996 9.997E-05 9.997E-05
0.0970723 9.9973E-05 0.902628 9.9973E-05 9.9973E-05
9.9973E-05 9.9973E-05 0.930935 9.9973E-05 0.0687654
0.0127378 9.9982E-05 0.869937 9.9982E-05 0.117125
0.868966 0.103651 9.9982E-05 9.9982E-05 0.0271835
0.873704 9.9991E-05 0.0434486 0.0348369 0.0479101
0.810985 0.104981 9.9982E-05 9.9982E-05 0.0838345
0.774158 0.0839033 0.0603617 9.9991E-05 0.081477
0.797866 0.10358 9.9991E-05 0.0318766 0.0665775
0.356731 9.9982E-05 0.485768 0.157301 9.9982E-05
0.452971 9.9982E-05 0.3994 0.14743 9.9982E-05
0.446624 9.9991E-05 0.457543 0.0834216 0.0123119
0.806588 0.119515 0.0252037 9.9991E-05 0.0485924
0.38522 0.0646789 0.47164 0.0783606 9.9991E-05
0.19095 0.284865 9.9991E-05 0.115239 0.408845
0.149905 0.491857 9.9982E-05 9.9982E-05 0.358038
0.239663 0.302591 0.0462766 0.0768506 0.33462
0.413482 9.9982E-05 9.9982E-05 0.220633 0.365685
9.9991E-05 0.53624 0.349022 0.0527295 0.0619082
9.9991E-05 0.369211 0.23537 0.300587 0.0947313
0.0830524 0.398446 0.513916 9.9991E-05 0.00448544
9.9991E-05 0.519977 0.181313 0.253248 0.0453629
9.9973E-05 9.9973E-05 0.209253 0.790447 9.9973E-05
0.0544795 0.572099 0.214601 0.0732557 0.0855648
0.0923772 0.51194 0.354392 0.0411905 9.9991E-05
9.9982E-05 0.24051 0.274617 0.484673 9.9982E-05
0.00553513 0.528892 0.116241 0.21425 0.135082
9.9991E-05 0.491157 0.380794 0.021029 0.10692
0.126236 0.504856 0.123016 0.0244324 0.22146
9.9991E-05 0.35494 0.284072 0.247801 0.113086
0.0106603 0.537807 0.278697 0.0890084 0.0838273
0.00805244 0.66129 0.0812578 0.191684 0.0577157
0.0239707 0.667835 0.149593 0.158501 9.9991E-05
0.0629429 0.566809 0.145879 0.0467741 0.177595
0.790484 0.125974 9.9982E-05 9.9982E-05 0.083342
0.849152 0.105902 9.9991E-05 0.0269955 0.0178501
0.800415 0.0311301 9.9991E-05 0.142199 0.0261557
0.812506 0.135455 9.9991E-05 0.0395676 0.0123712
0.8428 0.135089 9.9982E-05 9.9982E-05 0.0219109
0.0332476 0.341216 0.524275 0.0791367 0.0221245
0.0210749 0.711936 0.0965351 9.9991E-05 0.170354
0.0814048 0.586264 0.290708 9.9991E-05 0.0415233
9.9991E-05 0.308015 0.317713 0.248042 0.126131
0.094482 0.0957009 0.660939 0.148778 9.9991E-05
0.0422555 0.604669 0.27527 9.9991E-05 0.0777059
0.0894903 0.243455 0.514849 0.0527648 0.0994411
0.0315057 0.383954 0.28985 0.163215 0.131475
0.0898 0.200399 0.523847 0.0971556 0.0887981
0.0428299 0.214052 0.563833 0.109262 0.0700235
0.00679171 0.376847 0.318617 0.172208 0.125536
0.0588168 0.254176 0.0873441 0.526007 0.0736561
0.173887 0.507569 9.9991E-05 0.25563 0.0628144
9.9991E-05 0.456 0.116041 0.418832 0.00902667
0.107666 0.586073 0.0504862 0.197017 0.058758
0.00716929 0.222318 0.0285321 0.74188 9.9991E-05
0.00831108 0.396369 9.9982E-05 0.59512 9.9982E-05
0.140712 0.579639 0.0291379 0.241349 0.00916177
9.9982E-05 0.278504 0.093454 0.627842 9.9982E-05
0.00999382 0.5489 0.118664 0.267804 0.0546379
0.0259998 0.190559 0.593287 0.174935 0.0152192
9.9991E-05 0.2578 0.331505 0.334912 0.0756825
0.0132629 0.397378 0.371027 0.0513102 0.167022
0.0100263 0.620535 0.209469 0.0200003 0.139969
9.9991E-05 0.370501 0.519973 0.0987133 0.0107135
0.00803324 0.621874 0.238967 9.9991E-05 0.131025
0.0358275 0.46514 0.272761 0.123435 0.102837
9.9991E-05 0.366718 0.494786 0.015772 0.122624
9.9991E-05 0.3453 0.44123 0.0748342 0.138535
0.0123721 0.612269 0.23008 9.9991E-05 0.145179
0.135638 0.353672 0.281453 0.12009 0.109146
9.9991E-05 0.563133 0.186625 0.0997768 0.150366
0.0543496 0.333894 0.433946 0.0342912 0.143519
0.00189921 0.517902 0.231012 0.0888321 0.160355
0.375416 0.451433 0.0130713 9.9991E-05 0.15998
0.178562 0.501163 9.9991E-05 0.050523 0.269651
0.0972919 0.633534 0.0765305 0.0431269 0.149516
0.192679 0.500528 9.9991E-05 0.0841007 0.222593
9.9991E-05 0.490584 0.263376 0.131997 0.113944
0.203437 9.9991E-05 0.0143842 0.54928 0.232799
0.129004 0.506136 0.103564 0.0356236 0.225672
0.0825445 0.464012 0.125036 0.00884844 0.31956
0.15084 0.387501 0.0863826 0.171806 0.203471
0.175922 0.473049 9.9991E-05 0.0837928 0.267137
0.484304 9.9982E-05 9.9982E-05 0.327583 0.187914
0.208545 0.451114 9.9991E-05 0.0283834 0.311857
0.180435 0.499609 0.085591 0.0270183 0.207347
0.0614166 0.573393 0.0537064 0.218129 0.0933549
9.9982E-05 0.191035 0.12734 0.681425 9.9982E-05
9.9991E-05 0.16796 0.158366 0.669894 0.00367996
0.154387 0.393373 9.9991E-05 0.0698231 0.382317
0.0594344 0.365657 9.9991E-05 0.151896 0.422912
0.264325 0.217069 9.9991E-05 0.205401 0.313105
0.240895 0.369566 9.9991E-05 0.0815055 0.307933
0.0727932 0.168584 0.0165619 0.569141 0.17292
0.104232 0.256244 0.0211784 0.460879 0.157467
0.00757452 0.542802 0.039923 0.13046 0.279241
0.0229889 0.565121 9.9991E-05 0.229137 0.182654
0.0612673 0.329326 9.9991E-05 0.434535 0.174771
0.107093 0.531705 0.00134012 0.180001 0.179861
0.0452555 0.528638 0.0253123 0.171288 0.229506
0.0122334 0.518091 0.0936077 0.349749 0.0263183
0.0296741 0.514397 0.03727 0.344147 0.0745124
0.103565 0.472706 0.101724 0.294543 0.0274623
0.0437078 0.651966 9.9991E-05 0.289094 0.0151327
9.9982E-05 0.455808 0.0678767 0.476115 9.9982E-05
0.0544913 0.77176 9.9991E-05 0.131475 0.0421729
9.9991E-05 0.398765 0.119231 0.470582 0.0113221
0.022828 0.495929 9.9991E-05 0.374266 0.106877
0.186529 0.373957 0.0398928 0.0830162 0.316605
0.19198 0.354061 0.0996768 0.116568 0.237715
0.181177 0.0524236 0.0724618 0.506119 0.187819
0.134847 0.561467 9.9982E-05 9.9982E-05 0.303487
0.346313 9.9982E-05 9.9982E-05 0.442582 0.210906
0.0347694 0.524367 0.0237814 0.142578 0.274504
9.9973E-05 0.261881 9.9973E-05 0.737819 9.9973E-05
9.9982E-05 0.137041 0.0337041 0.829055 9.9982E-05
9.9982E-05 0.673492 0.0179237 0.308385 9.9982E-05
0.0615901 0.698382 9.9991E-05 0.150529 0.0893997
9.9973E-05 0.618495 9.9973E-05 0.381205 9.9973E-05
0.0117527 0.750285 9.9982E-05 0.237762 9.9982E-05
9.9991E-05 0.69612 0.00305715 0.240822 0.0599015
0.788422 0.0881863 9.9991E-05 0.0770638 0.0462276
0.727979 9.9991E-05 0.156859 0.000869244 0.114193
0.864149 9.9982E-05 0.0546795 9.9982E-05 0.0809712
0.935693 0.0611073 9.9982E-05 0.00299923 9.9982E-05
0.0570461 0.664866 0.115604 0.115767 0.0467163
9.9982E-05 0.79139 0.0951492 0.113261 9.9982E-05
0.013299 0.506062 0.201175 0.254042 0.0254224
0.0483871 0.840789 9.9991E-05 0.0502738 0.0604505
9.9973E-05 0.605308 9.9973E-05 0.394392 9.9973E-05
0.238786 0.476428 0.00759088 9.9991E-05 0.277095
9.9991E-05 0.700288 0.0439749 0.235988 0.0196492
0.0434511 0.635673 0.0760832 0.244693 9.9991E-05
0.0276152 0.742569 0.0817799 0.110215 0.0378206
0.0369792 0.630044 0.18861 0.144267 9.9991E-05
9.9982E-05 0.758271 9.9982E-05 0.201844 0.0396859
9.9973E-05 0.420528 9.9973E-05 0.579172 9.9973E-05
0.00203828 0.568134 0.0491278 0.3806 9.9991E-05
0.00421505 0.613252 0.0721072 0.310326 9.9991E-05
9.9973E-05 0.20995 9.9973E-05 0.78975 9.9973E-05
0.0827535 0.653529 0.172672 0.0909456 9.9991E-05
9.9973E-05 0.353498 9.9973E-05 0.646202 9.9973E-05
9.9973E-05 0.173175 9.9973E-05 0.826525 9.9973E-05
0.0659065 0.742771 9.9991E-05 0.117084 0.0741383
9.9982E-05 0.5744 0.149301 0.276099 9.9982E-05
0.00965834 0.687746 0.0667244 0.182959 0.0529115
0.0207784 0.77354 0.0759516 0.12963 9.9991E-05
9.9991E-05 0.36238 0.320731 0.196037 0.120752
9.9991E-05 0.743419 0.0180097 0.173986 0.064485
0.0897049 0.726049 0.0856243 0.0887888 0.00983324
9.9982E-05 0.63461 0.0620029 0.303187 9.9982E-05
0.678062 9.9982E-05 0.301659 0.0200791 9.9982E-05
0.743616 0.0168204 0.116135 0.110623 0.0128053
0.801246 9.9982E-05 0.159093 0.0394611 9.9982E-05
0.797399 9.9982E-05 0.154209 0.0481924 9.9982E-05
0.73052 0.0777802 0.1915 9.9982E-05 9.9982E-05
0.00970121 0.433184 0.291717 0.265298 9.9991E-05
0.00271274 0.466353 0.205624 0.32521 9.9991E-05
9.9973E-05 0.518252 9.9973E-05 0.481448 9.9973E-05
0.0253075 0.564758 9.9991E-05 0.351685 0.0581493
0.00329367 0.72253 9.9991E-05 0.194962 0.0791139
0.0962274 0.57383 9.9982E-05 0.329743 9.9982E-05
9.9991E-05 0.745374 0.100611 0.131241 0.0226744
9.9982E-05 0.555224 0.187194 0.257382 9.9982E-05
9.9982E-05 0.656987 0.0954187 0.247394 9.9982E-05
9.9982E-05 0.668895 0.21871 0.112195 9.9982E-05
0.192632 0.562784 0.00817248 0.145952 0.0904599
9.9982E-05 0.734702 0.111319 0.153779 9.9982E-05
0.0585588 0.673933 0.116301 0.107887 0.0433203
0.0662927 0.333449 9.9991E-05 0.0467829 0.553376
0.145244 0.285379 9.9991E-05 0.0266676 0.542609
0.0171349 0.642569 9.9991E-05 0.277362 0.0628339
0.279066 0.098904 9.9991E-05 0.0109922 0.610938
0.194893 0.269786 0.0101658 9.9991E-05 0.525055
0.21285 0.455151 9.9991E-05 0.178119 0.15378
0.200017 0.565359 9.9991E-05 0.165352 0.0691717
0.190682 0.504492 0.0457293 0.162383 0.0967139
0.203806 0.211864 9.9982E-05 9.9982E-05 0.58413
0.0713631 0.414574 9.9982E-05 9.9982E-05 0.513863
0.121179 0.308207 9.9982E-05 9.9982E-05 0.570414
0.104533 0.24773 0.0547413 9.9991E-05 0.592895
0.135927 0.62009 9.9991E-05 0.184722 0.0591597
0.221334 0.150272 9.9982E-05 9.9982E-05 0.628194
0.202928 0.25303 0.311146 0.225176 0.00771931
0.00529485 0.597198 0.0154797 0.136365 0.245662
0.172287 0.584156 0.0315704 0.0742992 0.137687
0.196468 0.666269 9.9991E-05 0.0986114 0.0385517
0.215558 0.42714 0.0465359 0.0910365 0.21973
0.211997 0.24329 0.0367874 0.132939 0.374987
0.232411 0.124909 9.9982E-05 9.9982E-05 0.64248
0.138585 0.582224 0.0747447 0.196786 0.00766055
0.145906 0.157875 9.9991E-05 0.566056 0.130063
0.14403 0.411228 0.213137 0.145803 0.0858026
0.255772 0.517665 9.9991E-05 0.0452662 0.181197
0.319664 9.9982E-05 9.9982E-05 0.461292 0.218844
0.335377 9.9982E-05 9.9982E-05 0.49516 0.169263
0.164696 0.263288 0.0867518 0.267099 0.218164
0.325173 0.0268818 9.9991E-05 0.425286 0.22256
0.407512 9.9982E-05 9.9982E-05 0.341532 0.250755
0.17944 0.372488 9.9991E-05 0.271757 0.176215
0.229092 0.363359 0.00658891 0.177211 0.223749
0.330964 0.195834 9.9991E-05 0.26733 0.205772
0.354887 0.0520613 9.9991E-05 0.403776 0.189175
0.157975 0.473842 9.9991E-05 0.188829 0.179254
0.252267 0.123006 9.9991E-05 0.409013 0.215614
0.485979 9.9982E-05 9.9982E-05 0.443016 0.0708046
0.20955 0.290918 0.11061 0.101427 0.287495
0.309779 0.438123 0.0307429 9.9991E-05 0.221256
0.153367 0.477375 9.9991E-05 0.0281573 0.341
0.138068 0.454228 0.0153336 0.0603139 0.332057
0.386492 0.387087 9.9982E-05 9.9982E-05 0.226221
0.215783 0.538058 9.9991E-05 0.045774 0.200285
0.245918 0.51076 9.9991E-05 0.0163188 0.226903
0.217684 0.229438 0.0376249 0.125085 0.390168
0.22746 0.341183 0.179387 0.064939 0.18703
0.292691 0.364744 0.0606814 9.9991E-05 0.281783
0.336807 0.122024 9.9991E-05 0.230577 0.310492
0.247077 0.178718 9.9991E-05 0.214955 0.35915
0.824073 9.9982E-05 0.14108 0.0346475 9.9982E-05
0.0182284 0.0246182 0.892778 9.9991E-05 0.0642758
0.0430882 9.9973E-05 0.956612 9.9973E-05 9.9973E-05
9.997E-05 9.997E-05 0.9996 9.997E-05 9.997E-05
9.9982E-05 0.00862287 0.964396 9.9982E-05 0.026781
9.9973E-05 9.9973E-05 0.925303 9.9973E-05 0.0743972
9.9973E-05 0.111746 0.887954 9.9973E-05 9.9973E-05
0.0240925 9.9982E-05 0.952661 0.0230466 9.9982E-05
0.171509 9.9982E-05 0.796345 9.9982E-05 0.0319458
0.892342 0.0831103 0.0164911 0.00795682 9.9991E-05
0.787901 0.0214139 0.190485 9.9982E-05 9.9982E-05
0.901414 9.9991E-05 0.02997 0.0365144 0.0320016
0.825945 0.0462463 0.121374 0.000271056 0.00616299
0.916622 0.0330126 0.0101578 9.9991E-05 0.0401079
0.861698 9.9991E-05 0.103082 0.00683322 0.0282872
0.683468 9.9991E-05 0.059298 0.106573 0.15056
0.849998 0.0387811 0.0346712 0.0082785 0.0682711
0.761287 0.0311448 0.118556 0.024033 0.0649794
0.935006 0.0342596 9.9991E-05 0.00277358 0.0278605
0.973805 9.9973E-05 0.025895 9.9973E-05 9.9973E-05
0.884441 0.0488222 0.0313681 0.0199279 0.0154411
0.98472 9.9973E-05 0.0149799 9.9973E-05 9.9973E-05
0.935133 0.0371351 0.00360592 0.0240261 9.9991E-05
0.84824 0.041751 0.0246381 9.9991E-05 0.0852711
0.86934 0.040924 9.99821E-05 9.99821E-05 0.0895364
0.809685 0.035562 9.9982E-05 9.9982E-05 0.154553
0.779645 0.128022 9.9982E-05 9.9982E-05 0.092133
0.805282 0.0597916 9.9982E-05 9.9982E-05 0.134726
0.164006 0.432358 0.0918386 0.258164 0.0536328
0.0883158 0.75423 0.0410595 0.0680969 0.0482973
0.0641662 0.195622 9.9991E-05 0.656388 0.083724
0.105222 0.541511 0.131769 0.140747 0.0807501
0.119878 0.0946575 9.9991E-05 0.665065 0.1203
0.159233 0.550575 9.9991E-05 0.146095 0.143997
0.135094 0.56916 0.100652 0.194994 9.9991E-05
0.121971 0.637978 0.0898658 0.115314 0.0348704
0.119495 0.70363 0.0229341 0.153841 9.9991E-05
0.112874 0.483948 0.166285 0.173936 0.0629572
0.17444 0.683286 0.109938 0.00416351 0.0281729
9.9991E-05 0.0438307 0.429881 0.426027 0.100161
0.0647158 9.9991E-05 0.116501 0.795287 0.0233961
0.100901 0.144252 0.0360374 0.649068 0.0697421
0.166479 0.605867 9.9991E-05 0.221805 0.00574812
0.17499 0.527732 9.9991E-05 0.235025 0.0621525
0.177665 0.358781 0.0592961 0.130591 0.273667
0.17322 0.627938 0.027194 9.9991E-05 0.171548
0.436448 0.114241 0.17664 0.0834141 0.189257
0.246739 0.414122 0.0947533 0.0652739 0.179111
0.359975 9.9982E-05 9.9982E-05 0.408009 0.231815
0.299264 0.260022 9.9991E-05 0.164808 0.275806
0.318247 0.245909 0.109362 0.0795587 0.246924
0.313184 0.476687 0.107592 9.9991E-05 0.102437
0.213107 0.472757 9.9991E-05 0.045111 0.268925
0.132286 0.39391 0.0642192 0.152917 0.256668
0.438073 0.309302 0.0330751 0.0258387 0.193711
