0.859414 0.072564 9.9982E-05 9.9982E-05 0.0678225
0.956527 9.9973E-05 9.9973E-05 0.0431736 9.9973E-05
0.817717 0.0280017 0.141949 9.9991E-05 0.0122327
0.784059 0.086516 0.0277081 9.9991E-05 0.101617
0.879589 0.027828 0.0717658 9.9991E-05 0.0207169
0.61468 0.054842 0.123487 0.116391 0.0906
0.864927 9.9982E-05 9.9982E-05 0.0512717 0.0836012
0.658572 0.0579348 9.9991E-05 0.118425 0.164968
0.812402 9.9982E-05 9.9982E-05 0.0849842 0.102414
0.670773 0.121836 0.0787868 0.122124 0.00647953
0.733811 0.0111799 0.056356 0.104327 0.0943262
0.00175831 0.0725439 0.372693 0.0525904 0.500414
0.0387363 0.0807212 0.511333 0.0978061 0.271403
0.0257842 0.104868 0.3427 0.0889652 0.437683
0.0579315 0.176709 0.325807 0.0314663 0.408086
0.224505 0.0785686 0.497527 0.0584643 0.140935
9.999E-05 0.176484 0.535129 0.093608 0.194679
0.121874 0.0779781 0.483845 9.9991E-05 0.316202
0.0524797 0.0538488 0.147992 0.154482 0.591197
0.0169627 0.111536 0.425763 0.162956 0.282783
0.0423125 0.155262 0.495262 0.244437 0.0627266
0.0596712 0.0474387 0.622654 0.0316739 0.238563
9.999E-05 0.181845 0.28988 0.102078 0.426098
0.0385759 0.206271 0.439796 0.093592 0.221765
0.0292549 0.119043 0.29031 0.0849447 0.476447
0.014853 0.232413 0.274896 0.0381322 0.439706
9.9991E-05 0.0609927 0.305548 0.172517 0.460842
0.841179 0.0763011 0.08232 9.9982E-05 9.9982E-05
0.781982 0.0349025 0.182916 9.9982E-05 9.9982E-05
0.807133 9.9973E-05 0.192567 9.9973E-05 9.9973E-05
0.704616 0.109174 0.159382 0.0267279 9.9991E-05
0.0187495 0.0669553 0.626255 0.103593 0.184447
0.0268881 0.0693084 0.638144 0.26556 9.9991E-05
0.0679405 0.0694105 0.198406 0.0249612 0.639281
0.0621759 9.9991E-05 0.541424 0.383042 0.0132587
0.0401262 0.055145 0.749652 0.154977 9.9991E-05
0.188454 0.00298947 0.699552 0.0984234 0.0105809
0.170756 0.0145412 0.734626 9.9991E-05 0.0799766
0.0336456 9.9991E-05 0.444518 0.353295 0.168441
0.0698086 0.0869229 0.685619 0.147338 0.0103122
9.9973E-05 9.9973E-05 0.601421 0.398279 9.9973E-05
0.0641381 9.9982E-05 9.9982E-05 0.926164 0.00949757
9.9982E-05 9.9982E-05 0.224549 0.305084 0.470167
0.0577702 0.0264489 0.175656 0.596494 0.143631
0.134008 9.9991E-05 0.275282 0.195211 0.395399
0.0306588 0.0539446 0.597822 0.0835144 0.234061
0.13675 0.00756269 0.483172 0.229479 0.143036
0.208482 0.0302746 0.196676 0.261713 0.302854
0.0950519 0.0704985 0.532633 0.060314 0.241503
0.0811105 9.9991E-05 0.167594 0.251447 0.499749
0.0420915 0.00912085 0.635404 0.13183 0.181554
0.0109745 0.183903 0.590309 0.141062 0.0737514
0.0740586 0.0146419 0.455537 0.216448 0.239314
0.0227466 0.145161 0.446032 0.22978 0.156281
0.0485637 9.9991E-05 0.386424 0.244277 0.320635
9.9982E-05 9.9982E-05 0.765453 0.108499 0.125848
0.00146169 9.9991E-05 0.507202 0.228921 0.262315
9.9982E-05 9.9982E-05 0.306715 0.676645 0.0164398
9.9973E-05 9.9973E-05 0.32595 0.67375 9.9973E-05
9.9973E-05 9.9973E-05 0.543965 0.455735 9.9973E-05
0.0264563 9.9991E-05 0.757275 0.208924 0.00724485
0.012281 0.0673462 0.632774 0.158665 0.128934
0.0183408 9.9991E-05 0.435789 0.274078 0.271691
0.0176629 9.9991E-05 0.46443 0.177116 0.340692
0.0270031 0.0473914 0.51301 0.28205 0.130546
0.0835813 0.0131428 0.619426 0.177032 0.106818
9.9973E-05 9.9973E-05 0.686903 0.312797 9.9973E-05
9.9973E-05 9.9973E-05 0.214523 0.785177 9.9973E-05
0.806654 0.0261169 0.0810048 9.9991E-05 0.0861244
0.909489 9.9973E-05 0.0902115 9.9973E-05 9.9973E-05
0.867108 0.0704831 0.0622085 9.9982E-05 9.9982E-05
0.926356 0.0206438 0.0528004 9.9982E-05 9.9982E-05
0.861413 0.0496992 0.070951 0.0178371 9.9991E-05
0.910388 0.0779464 9.9982E-05 0.0114658 9.9982E-05
0.951408 9.9973E-05 0.0482921 9.9973E-05 9.9973E-05
9.9982E-05 9.9982E-05 0.326477 0.503945 0.169379
0.0384719 9.9991E-05 0.651904 0.183125 0.1264
0.0692788 0.062377 0.757609 0.110635 9.9991E-05
9.9991E-05 0.0684899 0.708852 0.187097 0.0354606
0.0131079 0.093594 0.609529 0.283669 9.9991E-05
0.00289084 9.9991E-05 0.240299 0.472017 0.284693
0.0152066 9.9991E-05 0.484568 0.442185 0.0579401
0.0110092 9.9982E-05 0.743692 0.245099 9.9982E-05
0.0274947 0.0190784 0.668202 0.127147 0.158078
9.9982E-05 9.9982E-05 0.602968 0.339896 0.0569355
0.0730533 0.00687773 0.621254 0.160433 0.138382
0.0882044 0.0138449 0.408746 0.241901 0.247304
0.154444 0.0605399 0.457224 0.0218697 0.305923
0.0870069 0.000732916 0.564383 0.0853554 0.262521
9.9991E-05 0.141054 0.447217 0.0604245 0.351205
0.0188137 0.0637306 0.52901 0.0820129 0.306433
0.0894661 9.9991E-05 0.711899 0.119352 0.0791826
0.0387106 9.9982E-05 0.669007 9.9982E-05 0.292083
9.9982E-05 0.114982 0.583807 9.9982E-05 0.30101
9.9991E-05 0.13393 0.552803 0.139947 0.17322
0.0959306 0.0353891 0.405516 0.212645 0.250519
0.0138544 0.114479 0.668628 0.0992569 0.103782
0.0783455 0.0644385 0.685576 0.0514947 0.120145
9.9991E-05 0.079094 0.336542 0.140951 0.443312
9.9991E-05 0.126286 0.113011 0.394327 0.366275
9.9991E-05 0.041708 0.173141 0.475501 0.30955
0.046927 9.9991E-05 0.346638 0.13279 0.473545
9.9991E-05 0.0280553 0.576924 0.107407 0.287513
0.017621 9.9991E-05 0.490038 0.056763 0.435478
9.9991E-05 0.0524654 0.409902 0.0970154 0.440518
0.0841221 0.0643729 0.624904 0.0551355 0.171465
9.9991E-05 0.0655572 0.238015 0.346833 0.349495
0.196032 0.0339663 0.595314 0.149253 0.0254353
0.167363 0.0213325 0.0682644 0.550215 0.192825
0.113674 0.0951393 0.369885 0.313964 0.107337
0.0820406 0.179977 0.416401 0.166641 0.154941
0.129829 0.052699 0.362614 0.419312 0.0355458
0.0937422 9.9991E-05 0.256767 0.536751 0.11264
0.0260851 9.9991E-05 0.601043 0.240676 0.132096
0.107721 0.14802 0.131774 0.539909 0.0725761
9.9991E-05 0.0293012 0.488059 0.353832 0.128708
0.0198979 0.00482562 0.589999 0.32927 0.0560069
0.306612 0.342465 0.0691684 0.28052 0.00123399
0.558763 0.183699 9.9982E-05 0.257338 9.9982E-05
0.413636 0.16855 9.9982E-05 0.417614 9.9982E-05
0.376097 0.42057 0.0290814 0.166896 0.00735566
0.00554061 0.077089 0.697491 0.21978 9.9991E-05
9.9982E-05 0.666961 0.319216 9.9982E-05 0.0136231
0.014724 0.0404451 0.360702 0.572934 0.011195
0.00606276 0.0713022 0.239739 0.669429 0.0134672
9.9982E-05 0.119097 0.628633 0.25207 9.9982E-05
0.0259716 0.0628956 0.540999 0.321279 0.0488549
0.0601469 0.139988 0.562664 0.220864 0.0163368
9.9991E-05 0.0541466 0.247751 0.606805 0.0911974
9.9973E-05 0.949228 9.9973E-05 0.0504724 9.9973E-05
9.9973E-05 0.898993 0.100707 9.9973E-05 9.9973E-05
0.0133876 0.731378 0.242116 0.00258591 0.0105321
0.0136626 0.798676 0.1787 0.00886157 9.9991E-05
9.997E-05 0.9996 9.997E-05 9.997E-05 9.997E-05
9.9973E-05 0.950233 9.9973E-05 9.9973E-05 0.0494672
9.9973E-05 0.862402 0.137298 9.9973E-05 9.9973E-05
9.9982E-05 0.936002 0.0196344 9.9982E-05 0.0441635
9.997E-05 0.9996 9.997E-05 9.997E-05 9.997E-05
9.997E-05 0.9996 9.997E-05 9.997E-05 9.997E-05
0.00556845 0.748517 0.205447 9.9991E-05 0.0403669
0.0354729 0.756393 0.149979 9.9991E-05 0.0580543
9.9973E-05 0.974992 0.0247082 9.9973E-05 9.9973E-05
0.0102387 0.788439 0.200997 9.9991E-05 0.000225715
0.0207998 0.891979 0.0197182 9.9991E-05 0.0674031
9.997E-05 0.9996 9.997E-05 9.997E-05 9.997E-05
0.0642655 0.897718 0.011963 9.9991E-05 0.0259535
0.0120254 0.987675 9.9973E-05 9.9973E-05 9.9973E-05
0.0521021 0.632661 0.165242 0.0466795 0.103315
0.0037571 0.917392 0.00993154 0.0223592 0.0465602
0.339539 0.102124 9.9982E-05 0.558137 9.9982E-05
0.20784 0.177433 0.225715 0.271457 0.117556
0.202846 0.104506 0.4701 0.20992 0.0126283
0.232556 0.213141 0.119979 0.363697 0.0706272
0.252859 0.178758 0.185513 0.38277 9.9991E-05
0.136321 0.230969 0.384897 0.247713 9.9991E-05
0.184056 0.252963 0.411482 0.107347 0.0441526
0.155944 0.356587 0.143675 0.343693 9.9991E-05
0.84824 9.9991E-05 0.0263634 0.0745664 0.05073
0.924218 0.0754825 9.9973E-05 9.9973E-05 9.9973E-05
0.936358 9.9982E-05 9.9982E-05 0.0494718 0.0139705
0.935949 0.00491348 9.99901E-05 9.99901E-05 0.0589376
0.875738 0.0691805 0.0370796 9.9991E-05 0.0179018
0.930172 0.0695281 9.9973E-05 9.9973E-05 9.9973E-05
0.927188 0.0579036 0.00836755 9.9991E-05 0.00644086
0.868989 9.9982E-05 9.9982E-05 0.0995951 0.0312155
0.909159 0.00900216 0.050244 9.9991E-05 0.0314943
0.867551 0.105396 9.9982E-05 0.0268534 9.9982E-05
0.603572 0.0133933 0.00037117 0.0960772 0.286586
0.581148 9.9991E-05 0.00475457 0.00593038 0.408067
0.52281 9.9982E-05 9.9982E-05 0.167284 0.309705
0.445145 9.9982E-05 9.9982E-05 0.119117 0.435538
0.0371535 0.073086 0.640919 0.088033 0.160808
0.0436567 0.0863326 0.683186 9.9991E-05 0.186725
0.050147 9.9991E-05 0.557954 0.203367 0.188432
9.9982E-05 9.9982E-05 0.32644 0.0413648 0.631995
0.0103867 0.0242644 0.836395 0.0837131 0.0452412
9.9991E-05 0.0535594 0.650771 0.194736 0.100834
9.9991E-05 0.0283867 0.657986 0.246618 0.0669095
9.9991E-05 0.0363665 0.62066 0.281089 0.0617851
0.0131787 9.9991E-05 0.600144 0.253707 0.13287
9.9982E-05 9.9982E-05 0.145318 0.74341 0.111072
0.0112979 9.9982E-05 0.471308 0.517194 9.9982E-05
9.9982E-05 0.047668 0.67598 0.276152 9.9982E-05
9.9982E-05 9.9982E-05 0.391643 0.367164 0.240993
0.104821 9.9982E-05 9.9982E-05 0.0878267 0.807152
0.0962328 9.9991E-05 0.0467719 0.0351904 0.821705
9.9973E-05 9.9973E-05 9.9973E-05 0.0437833 0.955917
0.0857199 9.9973E-05 9.9973E-05 9.9973E-05 0.91398
9.9991E-05 0.0472367 0.0227985 0.0685381 0.861327
0.0348183 0.109159 0.00859676 9.9991E-05 0.847326
0.899174 0.00618308 0.0944429 9.9982E-05 9.9982E-05
0.835184 0.0456283 0.0781168 9.9991E-05 0.0409709
0.804357 0.123824 0.0353254 9.9991E-05 0.0363943
0.798175 0.0878504 0.0664026 9.9991E-05 0.0474716
0.782208 0.108317 0.0929639 9.9991E-05 0.0164119
0.360857 9.99825E-05 9.99825E-05 0.0218682 0.617075
0.46284 9.9982E-05 9.9982E-05 0.156942 0.380018
0.432617 9.9982E-05 9.9982E-05 0.0431315 0.524052
0.812737 0.0594614 0.127601 9.9982E-05 9.9982E-05
0.362322 0.00213715 9.9991E-05 0.132466 0.502975
0.194557 0.431051 0.198568 0.169265 0.00655898
0.181705 0.374616 0.443479 9.9982E-05 9.9982E-05
0.212615 0.377565 0.278884 0.110361 0.0205756
0.391893 0.379026 9.9982E-05 0.228881 9.9982E-05
0.00617755 0.0504572 0.49418 0.155201 0.293984
0.0391394 0.0456227 0.470364 0.247771 0.197103
0.0432093 0.088911 0.268701 0.0413112 0.557867
0.032824 0.0664734 0.46519 0.291733 0.14378
9.9973E-05 9.9973E-05 9.9973E-05 0.815972 0.183728
0.0149315 0.0924306 0.454813 0.24272 0.195104
0.0699782 9.9991E-05 0.417884 0.14544 0.366598
9.9982E-05 9.9982E-05 0.209268 0.518291 0.272241
0.00340837 0.17381 0.416587 0.238324 0.16787
9.9991E-05 0.0862942 0.549873 0.106769 0.256963
0.206543 0.175337 0.433581 0.104501 0.0800381
9.9991E-05 0.0820163 0.353931 0.289571 0.274382
0.0411793 0.035684 0.532832 0.158912 0.231393
0.0654422 0.121841 0.497812 0.182773 0.132131
9.9991E-05 0.0354126 0.69825 0.113329 0.152909
0.0692089 0.151687 0.620602 0.122931 0.0355707
0.763208 0.08505 0.151542 9.9982E-05 9.9982E-05
0.877165 0.0125399 0.110095 9.9982E-05 9.9982E-05
0.821518 9.9991E-05 0.0805386 0.0218439 0.0759993
0.80348 0.0110803 0.077922 0.0615536 0.0459645
0.854713 9.9973E-05 0.144987 9.9973E-05 9.9973E-05
0.0222249 0.0495807 0.31999 0.0892128 0.518992
0.0601191 0.112584 0.683093 0.0136616 0.130543
0.0866866 0.0267965 0.564418 9.9991E-05 0.321999
9.9991E-05 0.162561 0.1565 0.401357 0.279482
0.12624 9.9991E-05 0.0809352 0.179746 0.612978
0.0431087 0.0313495 0.638344 9.9991E-05 0.287098
0.063416 0.0799576 0.234615 0.0807803 0.541231
0.111774 0.0599136 0.446602 0.248708 0.133002
0.107333 0.0242224 0.220074 0.137699 0.510672
0.0823742 0.00873603 0.32514 0.0905557 0.493194
0.00152695 0.160098 0.28848 0.23495 0.314945
0.0762058 0.0949558 0.295805 0.413276 0.119758
0.101886 0.0617007 0.576278 0.229977 0.0301586
0.00972375 9.9991E-05 0.441692 0.497032 0.0514526
0.10323 0.0776572 0.50684 0.312172 9.9991E-05
9.9982E-05 9.9982E-05 0.145854 0.735297 0.118649
0.00497262 9.9982E-05 0.3257 0.669127 9.9982E-05
0.0118968 0.0448809 0.526587 0.406467 0.0101683
0.0131023 9.9991E-05 0.281158 0.595206 0.110433
0.0176722 0.0236856 0.577337 0.210686 0.17062
9.9991E-05 0.0699642 0.196505 0.134998 0.598432
9.9991E-05 0.0690909 0.244597 0.353915 0.332297
0.0410452 0.0526954 0.49819 0.0676064 0.340463
0.0373363 0.165869 0.639887 9.9991E-05 0.156807
9.9991E-05 0.0319219 0.333358 0.150551 0.484069
0.0364884 0.127603 0.478447 0.0274089 0.330053
0.0498882 0.039142 0.533697 0.0661448 0.311128
9.9991E-05 0.0582628 0.348703 0.130794 0.46214
9.9991E-05 0.156961 0.318033 0.0753601 0.449546
0.00177064 0.116712 0.654472 0.0687324 0.158312
0.0666949 0.0608859 0.415043 0.263512 0.193864
9.9991E-05 0.152187 0.484833 0.117028 0.245853
0.080983 0.0754249 0.414701 0.0492144 0.379676
0.0899427 0.0613956 0.543836 0.0942926 0.210533
0.375384 0.123644 0.476293 0.0245788 9.9991E-05
0.154867 0.293869 0.461637 0.0526347 0.0369932
9.9991E-05 0.260663 0.535603 0.143698 0.0599368
0.155344 0.277423 0.403006 0.100064 0.0641631
9.9991E-05 0.0666395 0.534716 0.180764 0.21778
0.179222 0.24082 9.9982E-05 0.579758 9.9982E-05
0.0783252 0.23509 0.435306 0.157642 0.0936369
0.107117 0.312769 0.430484 9.9991E-05 0.14953
0.224586 0.175685 0.255496 0.26534 0.0788933
0.136529 0.252005 0.561676 0.0286555 0.021134
0.435601 0.216554 9.9982E-05 0.347645 9.9982E-05
0.174942 0.270149 0.448969 0.105841 9.9991E-05
0.142862 0.200606 0.455812 0.0722122 0.128507
0.112201 0.115683 0.531533 0.240484 9.9991E-05
9.9982E-05 9.9982E-05 0.175035 0.711673 0.113093
9.9982E-05 9.9982E-05 0.171076 0.728289 0.100435
0.111232 0.363645 0.365403 0.139444 0.0202757
0.0603945 0.4222 0.306504 0.210801 9.9991E-05
0.217056 0.349817 0.153439 0.279588 9.9991E-05
0.172475 0.320382 0.28209 0.224953 9.9991E-05
0.0766781 0.166259 0.0823304 0.674632 9.9991E-05
0.10794 0.18686 0.168579 0.52813 0.0084906
0.0222197 0.161141 0.602841 0.213698 9.9991E-05
0.0440156 0.208508 0.535401 0.211975 9.9991E-05
0.0546206 0.185782 0.269734 0.475028 0.0148351
0.0463043 0.152498 0.56974 0.189721 0.0417359
0.025955 0.163084 0.564523 0.206447 0.0399912
0.000625743 9.9991E-05 0.502308 0.368918 0.128049
9.9991E-05 0.0642476 0.450289 0.357029 0.128335
0.0567283 0.12199 0.434014 0.250892 0.136376
0.020878 0.061598 0.527359 0.344938 0.0452272
9.9982E-05 9.9982E-05 0.328858 0.506064 0.164878
0.0292711 0.0838662 0.642579 0.213834 0.0304497
0.00605528 0.0250402 0.402161 0.440773 0.12597
0.0165141 0.0813671 0.529857 0.3363 0.0359614
0.168308 0.356659 0.264857 0.157311 0.0528657
0.236995 0.218257 0.326175 0.186904 0.0316689
0.183834 0.174285 0.0289858 0.553944 0.0589509
0.139356 0.201371 0.593857 0.0452397 0.020177
0.380256 0.189228 9.9982E-05 0.430316 9.9982E-05
0.0435998 0.299281 0.51707 0.139949 9.9991E-05
9.9973E-05 9.9973E-05 0.207542 0.792158 9.9973E-05
9.9982E-05 9.9982E-05 0.121169 0.83465 0.0439814
9.9982E-05 0.0101058 0.660241 0.329453 9.9982E-05
0.068241 0.0554745 0.700865 0.135871 0.0395478
9.9982E-05 9.9982E-05 0.551106 0.445366 0.00332826
9.9982E-05 0.0363658 0.656572 0.306862 9.9982E-05
0.000630937 0.0789093 0.670468 0.244714 0.00527696
0.788605 0.0181407 0.0494725 0.127694 0.0160885
0.706567 0.098739 9.9991E-05 0.0136937 0.180901
0.872488 0.0798427 9.9982E-05 9.9982E-05 0.0474698
0.944538 9.9973E-05 0.0551616 9.9973E-05 9.9973E-05
0.0584956 9.9991E-05 0.715927 0.14036 0.0851172
0.00517118 9.9991E-05 0.713224 0.19213 0.0893748
0.0140016 9.9991E-05 0.461574 0.304307 0.220017
0.0118628 0.0160353 0.805629 0.166373 9.9991E-05
0.0643182 9.9982E-05 0.480263 0.455219 9.9982E-05
0.281562 0.213539 0.453487 9.9991E-05 0.0513117
9.9991E-05 0.0402216 0.582447 0.373386 0.00384466
0.0327722 0.00595147 0.596284 0.22835 0.136643
9.9991E-05 0.0571835 0.617475 0.260908 0.0643338
0.0463489 9.9991E-05 0.635269 0.218476 0.0998056
9.9982E-05 0.0456472 0.699423 0.254729 9.9982E-05
9.9973E-05 9.9973E-05 0.37305 0.626651 9.9973E-05
9.9982E-05 9.9982E-05 0.565975 0.432632 0.0011926
9.9982E-05 9.9982E-05 0.584494 0.327074 0.0882319
9.9973E-05 9.9973E-05 0.0939607 0.905739 9.9973E-05
0.0637089 9.9991E-05 0.645589 0.111978 0.178623
9.9973E-05 9.9973E-05 0.298363 0.701337 9.9973E-05
9.9973E-05 9.9973E-05 0.172694 0.827006 9.9973E-05
0.014074 0.102789 0.731151 0.151886 9.9991E-05
9.9982E-05 9.9982E-05 0.572119 0.276135 0.151546
9.9991E-05 0.147172 0.456518 0.248886 0.147324
9.9991E-05 0.0229876 0.68993 0.146442 0.140541
9.9991E-05 0.115987 0.357851 0.235091 0.290971
9.9991E-05 0.0841895 0.63027 0.146594 0.138847
0.056 0.0370256 0.670266 0.124235 0.112473
9.9973E-05 9.9973E-05 0.580176 0.419524 9.9973E-05
0.693345 9.9982E-05 9.9982E-05 0.029655 0.2768
0.740822 0.0108827 0.0786196 0.0725845 0.0970908
0.820356 9.9982E-05 9.9982E-05 0.0469601 0.132484
0.825462 9.9982E-05 9.9982E-05 0.0104772 0.163861
0.718094 9.9982E-05 0.0569649 9.9982E-05 0.224741
0.00561399 9.9991E-05 0.463496 0.272995 0.257795
0.0536612 9.9991E-05 0.421648 0.343027 0.181564
9.9973E-05 9.9973E-05 0.433135 0.566565 9.9973E-05
9.9982E-05 0.0106899 0.564654 0.424456 9.9982E-05
0.00452775 0.0519409 0.791876 0.0913048 0.0603504
0.0584446 0.0377206 0.611091 0.292643 9.9991E-05
0.0790473 0.000555209 0.705157 0.0892982 0.125942
9.9982E-05 9.9982E-05 0.534916 0.256665 0.208218
0.0120973 9.9991E-05 0.610406 0.213511 0.163886
9.9982E-05 9.9982E-05 0.61966 0.168493 0.211647
0.112125 0.0153944 0.663635 0.156683 0.0521632
9.9982E-05 9.9982E-05 0.69366 0.181568 0.124572
9.9982E-05 9.9982E-05 0.615219 0.21679 0.167792
0.16137 0.408985 0.429445 9.9982E-05 9.9982E-05
0.116446 0.481709 0.349148 0.0525967 9.9991E-05
0.0325191 0.115616 0.540135 0.31163 9.9991E-05
0.226157 0.661856 0.054298 0.0575888 9.9991E-05
0.131173 0.533406 0.296003 9.9991E-05 0.0393187
0.127132 0.210357 0.405806 0.246964 0.00974018
0.167164 0.0301392 0.674051 0.128546 9.9991E-05
0.150607 0.042407 0.486032 0.230271 0.0906831
0.20133 0.468671 0.3298 9.99907E-05 9.99907E-05
0.122063 0.550017 0.304493 9.9991E-05 0.0233273
0.100578 0.544586 0.277667 0.0422477 0.0349212
0.0922432 0.583947 0.263239 0.0604701 9.9991E-05
0.0874302 0.0596566 0.575966 0.276848 9.9991E-05
0.188178 0.6199 0.149596 0.0422261 9.9991E-05
0.18619 9.9991E-05 0.294293 0.254199 0.265219
0.0579744 0.102925 0.626303 0.212698 9.9991E-05
0.179269 0.0541473 0.659981 0.106502 9.9991E-05
0.232652 0.0136063 0.623321 0.13032 9.9991E-05
0.219213 0.188825 0.423842 0.168019 9.9991E-05
0.236896 0.327707 0.32036 0.0904338 0.0246029
0.22563 0.595574 0.1772 0.00149582 9.9991E-05
0.158745 9.9991E-05 0.616453 0.190474 0.0342283
0.143766 0.107669 0.144701 0.603764 9.9991E-05
0.11387 0.0606032 0.456001 0.192704 0.176822
0.221059 0.215118 0.490166 0.0735573 9.9991E-05
0.293598 0.222699 9.9982E-05 0.483504 9.9982E-05
0.331649 0.151463 9.9982E-05 0.516688 9.9982E-05
0.123111 0.218422 0.180193 0.35111 0.127163
0.329264 0.230996 9.9982E-05 0.43954 9.9982E-05
0.421114 0.254169 9.9982E-05 0.324517 9.9982E-05
0.188745 0.160188 0.326839 0.324128 9.9991E-05
0.240467 0.197831 0.335427 0.226175 9.9991E-05
0.309278 0.236757 0.16572 0.269938 0.0183068
0.326839 0.178409 0.122656 0.371996 9.9991E-05
0.139268 0.156755 0.495824 0.208053 9.9991E-05
0.231292 0.202401 0.134984 0.431223 9.9991E-05
0.441289 0.12081 9.9982E-05 0.4377 9.9982E-05
0.193079 0.277116 0.298309 0.208831 0.0226649
0.291151 0.230737 0.420252 0.0577592 9.9991E-05
0.172388 0.363521 0.463892 9.9982E-05 9.9982E-05
0.212766 0.321431 0.449111 0.0123965 0.00429579
0.362166 0.237495 0.368826 0.017864 0.0136486
0.255705 0.193759 0.517182 0.0332543 9.9991E-05
0.263214 0.265589 0.451621 9.9991E-05 0.0194767
0.259346 0.272177 0.338024 0.0242797 0.106173
0.193243 0.101329 0.371457 0.124515 0.209455
0.30262 0.327318 0.347807 9.9991E-05 0.0221546
0.331118 0.31387 0.0934914 0.26142 9.9991E-05
0.297896 0.354276 0.171618 0.17611 9.9991E-05
0.792872 9.9982E-05 9.9982E-05 0.0521469 0.154781
9.9991E-05 0.107094 0.0132358 0.0405086 0.839062
0.0247827 9.9973E-05 9.9973E-05 9.9973E-05 0.974917
0.00908031 9.9973E-05 9.9973E-05 9.9973E-05 0.99062
9.9973E-05 9.9973E-05 0.0292371 9.9973E-05 0.970463
9.9973E-05 0.0396011 9.9973E-05 9.9973E-05 0.960099
9.9982E-05 0.012639 0.0927914 9.9982E-05 0.89437
0.0227604 9.9973E-05 9.9973E-05 9.9973E-05 0.97694
0.219251 9.9973E-05 9.9973E-05 9.9973E-05 0.780449
0.877325 0.0389411 0.0384566 9.9991E-05 0.0451774
0.801281 9.9982E-05 0.0798233 9.9982E-05 0.118695
0.897165 9.9982E-05 0.0791808 9.9982E-05 0.0234544
0.817593 9.9991E-05 0.0708249 0.0259696 0.0855122
0.920043 0.0503713 0.013996 9.9991E-05 0.0154899
0.898555 0.0184147 9.9982E-05 9.9982E-05 0.0828301
0.709875 0.152718 0.0388088 0.0785071 0.0200912
0.855217 0.0486458 0.0178445 0.0781927 9.9991E-05
0.693059 0.0426173 0.103949 9.9991E-05 0.160275
0.893759 0.0675239 0.0385174 9.9982E-05 9.9982E-05
0.982254 9.9982E-05 0.0106114 9.9982E-05 0.00693484
0.850253 0.0679838 0.0624726 0.0111675 0.00812344
0.967616 9.9973E-05 9.9973E-05 9.9973E-05 0.0320842
0.903652 0.022594 0.0650868 0.00856743 9.9991E-05
0.870688 0.0349813 0.0941302 9.9982E-05 9.9982E-05
0.811235 0.0977942 0.0907709 9.9982E-05 9.9982E-05
0.780487 0.147014 0.0722984 9.9982E-05 9.9982E-05
0.819599 0.0469871 0.133214 9.9982E-05 9.9982E-05
0.812611 0.0519211 0.135268 9.9982E-05 9.9982E-05
0.207815 0.0124411 0.464051 0.315593 9.9991E-05
0.120078 9.9982E-05 0.763504 0.116218 9.9982E-05
0.0963835 0.0881365 0.142991 0.610292 0.0621976
0.139389 0.117216 0.583371 0.0987362 0.0612886
0.163145 0.0397744 0.148111 0.64887 9.9991E-05
0.142092 0.116702 0.549373 0.191733 9.9991E-05
0.165995 9.9991E-05 0.538621 0.232705 0.06258
0.0997424 0.0355052 0.607903 0.198775 0.0580748
0.0361704 0.0628523 0.64417 0.172756 0.0840517
0.18388 9.9991E-05 0.460703 0.230498 0.124819
0.176442 9.9991E-05 0.643197 0.0902561 0.0900044
9.9991E-05 0.0484074 0.12439 0.445747 0.381356
0.071636 9.9991E-05 0.00207385 0.823816 0.102375
0.124169 9.9982E-05 0.244636 0.630995 9.9982E-05
0.096012 0.100383 0.513113 0.290391 9.9991E-05
0.148313 9.9982E-05 0.606607 0.24488 9.9982E-05
0.218183 0.196694 0.50779 0.0772333 9.9991E-05
0.194885 0.220245 0.546038 0.00480543 0.0340258
0.394205 0.167053 0.136934 0.149783 0.152026
0.218568 0.212339 0.369838 0.035595 0.16366
0.388079 0.240992 9.9982E-05 0.370729 9.9982E-05
0.237439 0.285499 0.276579 0.200384 9.9991E-05
0.353416 0.20361 0.312366 0.0689523 0.0616563
0.296184 0.141229 0.442025 9.9991E-05 0.120462
0.249161 0.167948 0.512681 0.0121638 0.0580463
0.214216 0.206596 0.389429 0.180315 0.00944454
0.484036 0.172527 0.339976 0.00336113 9.9991E-05
