9.9973E-05 0.864847 0.103115 9.9973E-05 9.9973E-05 0.0317383
0.0459657 0.914033 9.9973E-05 9.9973E-05 9.9973E-05 0.0397013
9.999E-05 0.785477 0.091684 0.0410167 0.0200784 0.0616441
9.999E-05 0.702659 0.0487534 0.0782637 0.0234647 0.146759
9.9973E-05 0.867147 9.9973E-05 0.0504458 0.0821072 9.9973E-05
0.132754 0.610448 0.0938826 0.0582404 0.0255859 0.0790892
0.0029366 0.749394 0.0846968 9.9982E-05 9.9982E-05 0.162773
0.132069 0.660086 9.9982E-05 9.9982E-05 0.0819751 0.12567
9.99729E-05 0.716042 9.99729E-05 9.99729E-05 0.143654 0.140004
0.122007 0.692453 9.9991E-05 0.0799052 0.0472657 0.058269
0.0193878 0.681091 0.140568 9.9991E-05 0.0837609 0.0750926
9.9982E-05 9.9982E-05 0.944426 0.0445416 0.00170923 0.00912367
9.9982E-05 0.0469844 0.877259 0.0655267 0.0100301 9.9982E-05
9.9973E-05 0.115028 0.801849 0.0828226 9.9973E-05 9.9973E-05
9.9973E-05 9.9973E-05 0.827343 9.9973E-05 0.092779 0.079578
9.9973E-05 9.9973E-05 0.895434 0.101102 9.9973E-05 0.00316457
9.9973E-05 9.9973E-05 0.947963 0.0500838 9.9973E-05 0.00165326
9.9973E-05 0.0049591 0.877984 0.116757 9.9973E-05 9.9973E-05
0.0373992 9.9982E-05 0.910938 0.00493347 9.9982E-05 0.0465296
9.9973E-05 0.797084 0.0615504 0.141066 9.9973E-05 9.9973E-05
9.9973E-05 0.784543 0.112607 0.102551 9.9973E-05 9.9973E-05
0.0389567 0.791677 0.0499013 0.0850855 9.9991E-05 0.0342795
9.999E-05 0.680379 0.0482789 0.118428 0.00460244 0.148212
0.00586758 0.0714502 0.604349 0.0269935 0.25051 0.0408296
0.487196 0.0711159 0.404531 0.0311761 0.00588099 9.9991E-05
0.750458 0.025603 0.128666 0.0950723 9.9982E-05 9.9982E-05
0.780268 0.0395198 9.9973E-05 9.9973E-05 9.9973E-05 0.179912
0.313173 9.9991E-05 0.234998 0.0370518 0.307572 0.107105
0.370191 9.9991E-05 0.312441 0.0190026 0.0815461 0.216719
0.359343 0.0915296 0.3353 9.9991E-05 0.163307 0.0504203
0.0780293 0.126881 0.484062 0.0252716 0.139179 0.146577
0.0385585 0.00502445 0.727842 9.9991E-05 0.165738 0.0627376
0.222487 0.0363274 0.560623 0.0803358 0.0464563 0.0537709
0.164963 0.0327099 0.611175 9.9991E-05 0.141069 0.0499819
0.526891 0.0151637 0.422869 0.0348768 9.9982E-05 9.9982E-05
0.885731 0.0248774 0.0689074 9.9982E-05 9.9982E-05 0.0202837
0.811426 0.00976725 0.178507 9.9973E-05 9.9973E-05 9.9973E-05
0.730109 9.9982E-05 0.0856395 0.122664 0.0613876 9.9982E-05
0.401833 0.0517411 0.451985 0.0405537 0.0537871 9.9991E-05
0.377947 9.9982E-05 0.33294 0.0911437 0.197769 9.9982E-05
0.756714 9.9982E-05 0.0654723 9.9982E-05 0.0381907 0.139423
9.9982E-05 0.82172 0.102797 0.0621436 0.0131395 9.9982E-05
0.00276106 0.908138 0.0367624 0.00462194 9.9991E-05 0.0476168
9.9982E-05 0.854235 9.9982E-05 0.0635075 0.0318274 0.0502306
9.9973E-05 0.816681 9.9973E-05 0.0294319 9.9973E-05 0.153587
0.0236957 0.806811 9.9982E-05 0.0345697 9.9982E-05 0.134724
9.9982E-05 0.757284 9.9982E-05 0.0749513 0.0168926 0.150672
0.00553364 0.903439 0.0364165 9.9982E-05 9.9982E-05 0.0544114
0.667052 0.0286894 0.303958 9.9973E-05 9.9973E-05 9.9973E-05
0.540093 0.0360956 0.340129 9.9982E-05 0.0834824 9.9982E-05
0.587939 0.0274579 0.178058 0.170482 0.0359625 9.9991E-05
0.295072 0.0528067 0.420126 0.0154877 0.118966 0.0975415
0.240268 0.0147874 0.4782 0.14219 0.124455 9.9991E-05
0.308463 0.00770487 0.245267 0.0771906 0.164981 0.196394
0.477491 9.9991E-05 0.158897 0.0449294 0.241173 0.0774096
0.169511 0.0670305 0.661254 0.0270809 0.0750243 9.9991E-05
0.155 0.0385927 0.545879 0.0594551 0.200974 9.9991E-05
0.259111 9.9991E-05 0.330366 0.0422348 0.148985 0.219203
0.402877 0.083689 9.9991E-05 0.00121798 0.221383 0.290734
0.34587 0.0902217 0.198151 0.0184309 0.0679873 0.279338
0.415088 9.9982E-05 0.120015 9.9982E-05 0.195875 0.268822
0.334923 9.9991E-05 0.358977 0.128775 0.0814515 0.0957728
0.323828 0.00345166 0.221232 0.0615161 0.0432325 0.34674
0.470603 9.9991E-05 0.306643 0.0513048 0.0422732 0.129076
0.146384 0.200269 0.0134998 0.280084 0.0551219 0.304641
9.9973E-05 0.233957 9.9973E-05 0.00921764 9.9973E-05 0.756526
9.9973E-05 0.0933167 9.9973E-05 0.0778833 9.9973E-05 0.8285
0.0160024 0.210136 0.0911736 0.257328 9.9991E-05 0.42526
0.641611 9.9982E-05 0.0704713 0.100045 9.9982E-05 0.187673
0.619364 9.9991E-05 0.0310287 0.0533343 0.0311894 0.264983
0.580452 9.9991E-05 0.0888446 0.0413423 0.062701 0.22656
0.0402997 9.9973E-05 9.9973E-05 0.927066 9.9973E-05 0.0323344
0.0175577 0.0370705 0.0112776 0.933894 9.9982E-05 9.9982E-05
9.9964E-05 9.9964E-05 9.9964E-05 0.978797 9.9964E-05 0.0208029
9.9982E-05 0.0361415 9.9982E-05 0.866769 0.0729276 0.0239622
9.9964E-05 9.9964E-05 0.0906456 0.908955 9.9964E-05 9.9964E-05
9.996E-05 9.996E-05 9.996E-05 0.9995 9.996E-05 9.996E-05
9.996E-05 9.996E-05 9.996E-05 0.9995 9.996E-05 9.996E-05
9.996E-05 9.996E-05 9.996E-05 0.9995 9.996E-05 9.996E-05
0.019287 0.0359549 9.9982E-05 0.929276 0.0152825 9.9982E-05
9.9982E-05 0.0389435 0.00630668 0.850008 9.9982E-05 0.104542
9.9964E-05 0.0258379 9.9964E-05 0.973762 9.9964E-05 9.9964E-05
0.0419635 0.0708457 0.0272001 0.859791 9.9982E-05 9.9982E-05
0.30192 0.115259 9.9973E-05 9.9973E-05 9.9973E-05 0.582521
0.234775 0.118849 0.0406887 0.0770873 0.065951 0.462649
0.119545 0.0872788 0.231464 0.0735037 9.9991E-05 0.488108
9.9982E-05 0.676175 0.00842702 9.9982E-05 0.1214 0.193798
9.9973E-05 0.803804 9.9973E-05 0.0848834 9.9973E-05 0.111012
9.9973E-05 0.844537 9.9973E-05 9.9973E-05 0.0384788 0.116685
9.9973E-05 0.834402 9.9973E-05 9.9973E-05 0.0471549 0.118144
9.9991E-05 0.804734 0.0305592 0.00593012 0.0326788 0.125998
9.9973E-05 0.814884 9.9973E-05 0.0397294 9.9973E-05 0.145086
9.9991E-05 0.850274 0.0335704 0.0674287 0.00279281 0.0458343
0.0273225 0.770713 9.9982E-05 9.9982E-05 0.0363204 0.165444
0.0304235 0.833632 9.9991E-05 0.0366874 0.044386 0.0547708
9.9982E-05 0.693018 9.9982E-05 0.0207226 0.00847894 0.27758
0.0449302 0.610434 0.165381 9.9991E-05 0.16012 0.0190337
9.9982E-05 0.560367 0.168618 9.9982E-05 0.249031 0.0217844
9.9982E-05 0.468403 0.269069 9.9982E-05 0.166469 0.0958593
0.0951963 0.454708 0.29892 9.9982E-05 0.150976 9.9982E-05
0.0725492 9.99753E-05 0.665104 9.99753E-05 0.262046 9.99753E-05
0.646021 9.9982E-05 0.140157 0.166491 0.0471307 9.9982E-05
0.851443 9.9982E-05 0.0679428 9.9982E-05 0.0778339 0.00258053
0.697727 0.0278628 0.073912 0.1228 0.00413541 0.0735633
0.523724 0.0494564 0.360297 9.9982E-05 0.0663225 9.9982E-05
9.9973E-05 9.9973E-05 9.9973E-05 0.0388003 0.865108 0.0957915
0.0446235 0.0219737 9.9982E-05 0.0229809 0.910222 9.9982E-05
9.996E-05 9.996E-05 9.996E-05 9.996E-05 0.9995 9.996E-05
0.0383163 0.0617552 9.9973E-05 9.9973E-05 0.899629 9.9973E-05
9.9982E-05 9.9982E-05 0.0442045 0.054443 0.896021 0.00513202
9.9964E-05 9.9964E-05 9.9964E-05 0.0952045 0.904396 9.9964E-05
0.0441386 0.854027 9.9982E-05 0.0734561 9.9982E-05 0.0281785
9.9991E-05 0.754056 0.053572 0.0423079 0.0322921 0.117672
0.0118921 0.72085 0.0160163 0.16771 0.0185155 0.0650168
9.9991E-05 0.694487 0.123882 0.105477 0.0172958 0.0587594
9.9982E-05 0.682983 0.0704274 0.0972863 9.9982E-05 0.149103
0.0170811 0.303419 9.9982E-05 9.9982E-05 0.577989 0.101312
0.126244 0.401335 9.9982E-05 9.9982E-05 0.451212 0.0210095
0.0876309 0.389618 9.9982E-05 0.0420518 0.4805 9.9982E-05
9.9973E-05 0.814118 0.0834487 0.102133 9.9973E-05 9.9973E-05
0.0386785 0.330678 0.0124197 9.9991E-05 0.568755 0.0493692
0.130949 0.123784 0.0623018 0.385106 0.0194026 0.278456
9.9973E-05 0.198421 9.9973E-05 0.241327 9.9973E-05 0.559952
0.401026 0.00188421 0.22218 0.119442 0.170837 0.0846303
9.9973E-05 0.0694931 0.8489 9.9973E-05 0.0813073 9.9973E-05
0.372242 0.00332004 0.38877 0.151221 0.0508111 0.0336361
0.520529 9.9982E-05 0.165206 9.9982E-05 0.119443 0.194622
0.128887 0.0406797 0.665232 9.9982E-05 0.165001 9.9982E-05
0.361185 9.9973E-05 0.499888 9.9973E-05 9.9973E-05 0.138627
0.315197 9.9991E-05 0.508567 0.093471 0.069361 0.013304
0.390191 0.0519055 0.336229 0.132855 0.08872 9.9991E-05
0.0997498 0.780407 9.9982E-05 0.114499 9.9982E-05 0.00514373
0.0799815 0.864715 9.9973E-05 0.0550035 9.9973E-05 9.9973E-05
0.107967 0.774562 9.9991E-05 0.0293303 0.0139098 0.0741308
0.158304 0.779122 9.9982E-05 0.040627 0.0217468 9.9982E-05
0.0782096 0.834867 0.0226176 0.0641054 9.9982E-05 9.9982E-05
0.00299327 9.9991E-05 0.658129 0.014087 0.226735 0.0979556
0.135986 9.9991E-05 0.385631 0.0626647 0.167207 0.248411
9.9982E-05 0.0316587 0.551504 9.9982E-05 0.309082 0.107555
0.0733664 0.0790793 0.506211 0.0427885 0.298455 9.9991E-05
0.0331167 0.112952 0.545405 9.9991E-05 0.232034 0.0763914
0.000325987 0.0735447 0.689076 0.0174476 0.201466 0.0181393
0.211813 0.049816 0.423329 0.15817 0.156773 9.9991E-05
0.563934 9.9991E-05 0.0378734 0.0373516 0.11144 0.249301
0.601434 9.9982E-05 0.0403532 9.9982E-05 0.138759 0.219254
0.568171 9.9982E-05 0.0575081 9.9982E-05 0.0330255 0.341096
0.597344 0.0163402 0.0450258 9.9991E-05 0.0858351 0.255355
0.0496556 0.00723606 0.616465 9.9991E-05 0.280098 0.046445
0.388492 9.9991E-05 0.322025 0.0697471 0.15614 0.0634966
0.26362 9.9982E-05 0.422147 0.0469012 0.267132 9.9982E-05
0.108029 9.99829E-05 0.512655 0.147957 0.231158 9.99829E-05
0.235648 0.0138264 0.167624 0.0576161 9.9991E-05 0.525185
0.0457947 0.219949 9.9982E-05 0.145387 9.9982E-05 0.58867
0.831076 9.9982E-05 0.144798 9.9982E-05 0.0118601 0.0120655
0.782034 0.03829 9.9982E-05 9.9982E-05 0.0890282 0.0904481
0.363301 0.127871 0.0371636 0.378382 9.9991E-05 0.0931824
0.139007 0.143522 0.218046 0.357733 9.9991E-05 0.141592
0.554441 9.9973E-05 9.9973E-05 0.0893612 9.9973E-05 0.355897
0.493292 0.0304178 9.9991E-05 0.122076 0.0359894 0.318125
0.314091 0.0420657 0.299255 0.336097 9.9991E-05 0.00839177
0.693401 0.120784 9.9973E-05 0.185515 9.9973E-05 9.9973E-05
0.726617 9.9973E-05 9.9973E-05 0.111336 0.161747 9.9973E-05
0.630933 0.0429275 0.166684 0.109173 0.050183 9.9991E-05
0.416826 0.125838 9.9991E-05 0.129408 0.103509 0.22432
0.207034 0.240566 9.9982E-05 0.044778 9.9982E-05 0.507422
0.897983 9.9973E-05 9.9973E-05 9.9973E-05 0.0144263 0.0872907
0.842987 0.0448421 0.111871 9.9973E-05 9.9973E-05 9.9973E-05
0.538901 0.0246539 0.261943 0.174302 9.9982E-05 9.9982E-05
0.745476 0.0339075 0.0603671 0.160049 9.9982E-05 9.9982E-05
0.0242912 0.728582 0.0390033 0.101265 0.00510216 0.101757
9.9991E-05 0.664102 0.0890743 0.0279268 0.0925348 0.126262
9.9982E-05 0.881542 0.0331008 0.0693519 9.9982E-05 0.0158056
9.9964E-05 0.890569 9.9964E-05 9.9964E-05 9.9964E-05 0.109031
0.539476 0.0667893 0.154322 0.0929032 0.14641 9.9991E-05
0.856128 0.010112 0.13346 9.9973E-05 9.9973E-05 9.9973E-05
0.668904 0.0301529 0.194044 0.106699 9.9982E-05 9.9982E-05
0.960235 9.9964E-05 9.9964E-05 9.9964E-05 9.9964E-05 0.0393656
0.608692 9.9982E-05 0.159658 9.9982E-05 0.0154105 0.216039
0.936352 0.0443709 9.9973E-05 9.9973E-05 9.9973E-05 0.0189771
0.545767 0.0712751 0.280454 0.0710903 0.0313143 9.9991E-05
0.687506 0.0260339 0.181619 0.0961824 0.00855905 9.9991E-05
9.9982E-05 0.655807 0.0331795 9.9982E-05 0.244214 0.0666
0.0331125 0.634422 0.0429357 0.0295233 0.0884529 0.171553
9.9973E-05 0.77151 9.9973E-05 9.9973E-05 0.160167 0.068023
9.9973E-05 0.709608 9.9973E-05 9.9973E-05 0.10276 0.187332
9.9982E-05 0.696223 0.0901179 9.9982E-05 0.138718 0.0747409
0.495156 0.0675192 0.269008 0.0567593 0.111458 9.9991E-05
0.524189 0.132532 0.287376 9.9982E-05 0.0557027 9.9982E-05
0.871739 9.9973E-05 0.0519446 0.0760167 9.9973E-05 9.9973E-05
0.616077 9.9982E-05 0.2206 0.0624653 0.100658 9.9982E-05
0.532105 9.9982E-05 0.314486 0.131679 0.02153 9.9982E-05
9.9982E-05 0.1641 0.0669643 0.566575 9.9982E-05 0.20216
0.232151 0.143436 0.315183 0.0076849 0.186175 0.115369
0.395218 0.031384 9.9991E-05 0.0525504 0.0684434 0.452304
0.0807256 9.9991E-05 0.0281299 0.0786219 0.00228381 0.810139
0.0460773 9.9964E-05 9.9964E-05 9.9964E-05 9.9964E-05 0.953523
0.141207 0.0940082 0.0255172 0.0884983 9.9991E-05 0.650669
9.9982E-05 0.0743388 0.0220815 0.0696857 9.9982E-05 0.833694
0.118562 0.0533195 0.0311257 0.2182 0.0941806 0.484613
9.9973E-05 9.9973E-05 0.230781 9.9973E-05 0.0153439 0.753575
0.0371697 9.9982E-05 0.2864 0.0451019 9.9982E-05 0.631129
9.996E-05 9.996E-05 9.996E-05 9.996E-05 9.996E-05 0.9995
0.0702479 0.187493 0.149754 0.231561 9.9991E-05 0.360845
0.177012 0.218348 0.0434383 0.311563 9.9991E-05 0.249538
0.0789083 0.776242 9.9982E-05 9.9982E-05 0.130915 0.0137355
0.0218043 9.9973E-05 0.0939199 9.9973E-05 0.883976 9.9973E-05
9.9964E-05 9.9964E-05 0.0669228 9.9964E-05 0.932677 9.9964E-05
9.9973E-05 9.9973E-05 0.0905756 9.9973E-05 0.867684 0.0414408
9.9964E-05 9.9964E-05 9.9964E-05 0.0924271 0.907173 9.9964E-05
0.00287977 9.9982E-05 0.0258613 0.0425109 0.928548 9.9982E-05
9.9973E-05 0.0536989 0.153225 9.9973E-05 0.792776 9.9973E-05
9.9991E-05 0.204082 0.00766553 0.0250117 0.758211 0.0049306
9.9973E-05 0.78555 0.0489631 9.9973E-05 9.9973E-05 0.165187
0.00130371 0.723343 0.0167761 0.0451916 0.160124 0.0532619
0.0124589 0.85955 0.0105881 0.0481815 0.010129 0.0590927
9.9982E-05 0.750685 0.074043 9.9982E-05 0.0757084 0.0993637
9.9991E-05 0.872914 0.0041366 0.0124295 0.0175818 0.092838
9.9991E-05 0.817409 0.0376846 0.0110813 0.105567 0.0281587
0.0102162 0.816636 9.9982E-05 0.102567 9.9982E-05 0.0703804
0.0507927 0.850972 9.9982E-05 0.0463324 9.9982E-05 0.0517032
9.9973E-05 0.936271 0.000900816 9.9973E-05 9.9973E-05 0.0625278
0.00530175 0.7884 0.0797228 0.045611 9.9991E-05 0.0808649
9.9982E-05 0.800269 9.9982E-05 0.0152651 0.0767265 0.107539
0.0229096 0.865742 9.9991E-05 0.0352145 0.0158455 0.0601884
0.0299522 0.871124 9.9973E-05 0.0986242 9.9973E-05 9.9973E-05
0.0480035 0.813009 9.99787E-05 0.138688 9.99787E-05 9.99787E-05
9.9982E-05 0.733539 0.0230665 0.196282 9.9982E-05 0.0469131
0.00245495 0.791166 0.0762433 0.129936 9.9982E-05 9.9982E-05
0.0304268 0.817336 9.9973E-05 0.151937 9.9973E-05 9.9973E-05
0.438226 0.163419 0.168789 0.117372 0.0360621 0.0761313
0.488112 9.9973E-05 9.9973E-05 9.9973E-05 0.0855946 0.425993
0.475733 9.9964E-05 9.9964E-05 9.9964E-05 9.9964E-05 0.523867
0.439937 9.9991E-05 0.171289 0.0172668 0.238805 0.132603
0.51938 9.9973E-05 9.9973E-05 9.9973E-05 0.160558 0.319763
0.4225 9.9973E-05 9.9973E-05 9.9973E-05 0.148431 0.428769
0.412905 0.0686659 0.160465 0.262361 0.049039 0.0465647
0.0406434 0.368602 0.176265 0.121086 0.11347 0.179935
0.00282385 0.090818 0.0856414 0.135915 9.9991E-05 0.684702
0.194864 0.212188 0.150653 0.258661 0.0205983 0.163035
9.9982E-05 0.39516 0.276546 0.186333 9.9982E-05 0.141761
