0.901606 0.0568826 0.020253 9.9982E-05 9.9982E-05 0.0210584
0.899872 0.0506615 9.9973E-05 0.0491667 9.9973E-05 9.9973E-05
0.811701 0.0402185 0.0173899 9.9991E-05 0.0372018 0.093389
0.821657 9.9982E-05 0.0890263 9.9982E-05 0.0222228 0.066894
0.893705 9.9973E-05 0.00431949 9.9973E-05 9.9973E-05 0.101676
0.644976 0.0335746 0.063617 0.131865 9.9991E-05 0.125867
0.811989 9.9982E-05 0.00498666 0.160325 0.0224998 9.9982E-05
0.689536 0.0380272 0.122173 0.12049 0.0296732 9.9991E-05
0.845073 9.99729E-05 0.104705 0.0499216 9.99729E-05 9.99729E-05
0.707344 9.9982E-05 9.9982E-05 0.13562 0.0577313 0.0991055
0.705991 0.0549275 0.1116 0.116781 9.9991E-05 0.0106013
9.9982E-05 0.180182 0.470547 9.9982E-05 0.0329579 0.316113
0.03078 0.0750586 0.320995 9.9991E-05 0.0665239 0.506542
9.999E-05 0.0306391 0.462839 0.185975 0.0957073 0.224739
0.0475177 0.110903 0.347823 0.0361498 0.195028 0.262578
0.191414 0.185993 0.114392 9.9991E-05 0.120795 0.387306
0.0750156 9.9991E-05 0.162872 0.077585 0.101744 0.582683
0.038118 0.222423 0.112834 0.0773207 0.0745909 0.474713
0.108078 0.122928 0.347179 9.9991E-05 0.110526 0.31119
0.0345307 0.12878 0.596255 0.137609 0.0988969 0.00392782
9.999E-05 0.160146 0.261569 0.159029 0.0847549 0.334402
0.0431468 0.118183 0.156901 0.179956 0.0898707 0.411942
0.0357066 0.197965 0.155453 0.0491866 0.0176276 0.544062
9.999E-05 0.172164 0.360722 0.111583 0.170547 0.184883
0.0952391 0.0614316 0.140987 0.0206735 0.0224789 0.65919
0.011944 0.0108016 0.257697 0.020157 0.0792865 0.620114
0.0471492 0.203695 0.450888 0.0172486 0.0781422 0.202877
0.0332525 0.135036 0.43321 9.9991E-05 0.186526 0.211875
0.00387725 0.155777 0.389441 0.15418 0.0612473 0.235478
0.821308 9.9973E-05 9.9973E-05 9.9973E-05 0.0512858 0.127107
0.807693 9.9973E-05 9.9973E-05 9.9973E-05 0.0025573 0.18945
0.749898 0.0259733 9.9982E-05 9.9982E-05 0.0530857 0.170843
0.721813 0.0275516 9.9982E-05 9.9982E-05 0.0712561 0.17918
0.0106394 0.139048 0.181059 0.0676047 9.9991E-05 0.601549
0.112399 0.286067 0.0763085 9.9991E-05 0.0298838 0.495242
0.0366469 0.429064 9.9982E-05 9.9982E-05 0.0311823 0.502907
0.0584368 0.0584105 0.645575 0.0291808 0.0186334 0.189764
0.0139545 0.532548 9.9982E-05 0.142811 9.9982E-05 0.310487
0.109684 0.266401 0.13748 0.0619795 0.0216485 0.402807
0.0403962 0.245301 9.9991E-05 0.0485564 0.0116109 0.654036
0.0703046 0.0521224 0.10735 0.106401 0.0136476 0.650174
0.088167 0.0452749 0.153522 0.0770998 9.9991E-05 0.635836
0.0285644 0.608298 0.187962 9.9982E-05 9.9982E-05 0.174975
0.0440037 0.121695 0.0145484 0.150871 0.0375805 0.631301
0.051683 0.185786 9.9991E-05 0.132635 0.0638145 0.565982
0.109522 0.172204 0.0953681 9.9991E-05 0.0903956 0.53241
9.9973E-05 0.610884 9.9973E-05 0.0757819 9.9973E-05 0.313034
0.0371438 0.229613 0.0015788 0.0933546 0.0745018 0.563808
0.100603 0.249227 0.0108008 0.0650629 0.14929 0.425016
0.0463265 0.66497 9.9973E-05 0.288404 9.9973E-05 9.9973E-05
9.9982E-05 0.255801 0.421223 0.21559 9.9982E-05 0.107186
9.9991E-05 0.243158 0.211752 0.470717 0.0396009 0.0346725
0.145325 0.09331 0.101953 0.0163787 0.0664509 0.576583
0.122377 0.0187328 0.0215652 0.185304 0.0399999 0.612021
0.00193054 9.9991E-05 0.132987 0.170084 0.0979051 0.596993
0.13505 0.306305 0.267954 0.128246 9.9991E-05 0.162344
0.0182432 0.147392 0.18798 0.0979403 0.0647876 0.483657
0.096735 0.0480241 0.14383 0.0526168 0.0508522 0.607941
0.051959 0.104522 0.257038 0.138257 0.0304012 0.417823
0.225126 0.145009 0.304192 0.201444 0.0315109 0.0927174
0.0703772 0.114971 0.110606 0.143197 0.00488628 0.555963
0.089872 0.100401 0.25272 0.0712823 0.00237871 0.483347
0.0820396 0.181542 0.536673 0.152903 9.9991E-05 0.0467426
9.9982E-05 0.0552735 0.276215 0.132632 9.9982E-05 0.53568
0.0145448 0.050156 0.0168337 0.166855 0.0585854 0.693025
0.0822629 0.0682055 0.101077 0.150414 0.012469 0.585572
0.0509332 0.0824215 0.252772 0.194128 0.0378764 0.381868
0.0398459 0.102053 0.226894 0.115391 0.072223 0.443593
0.0687615 0.137517 0.233461 9.9991E-05 0.0375429 0.522617
0.0481557 0.15815 0.411975 0.158609 9.9991E-05 0.22301
0.0153678 0.421337 0.0401121 0.00205719 0.00114533 0.51998
9.9982E-05 0.671173 0.152967 9.9982E-05 0.00705169 0.168609
0.116821 0.174763 0.0716174 0.0896168 9.9991E-05 0.547082
0.139732 0.224082 0.0991454 9.9991E-05 0.10253 0.434411
9.9964E-05 0.877982 9.9964E-05 0.121618 9.9964E-05 9.9964E-05
9.9964E-05 0.930652 9.9964E-05 0.0689482 9.9964E-05 9.9964E-05
0.00948604 0.805235 9.9982E-05 9.9982E-05 0.002414 0.182665
0.0569716 0.552184 0.0477922 9.9982E-05 9.9982E-05 0.342853
0.152365 0.179859 0.0312351 0.0591612 0.0288513 0.548528
0.0386687 0.562111 9.9982E-05 9.9982E-05 0.0644043 0.334616
0.0350175 0.705928 0.126176 9.9991E-05 0.0264215 0.106357
0.00908649 0.591431 0.246643 9.9991E-05 0.0411426 0.111597
0.131275 0.329566 9.9982E-05 9.9982E-05 0.0529569 0.486002
0.0245424 0.622715 0.0279101 9.9991E-05 0.0727515 0.251981
0.0588124 0.407485 0.058416 0.0002927 0.00915697 0.465837
9.9973E-05 0.611799 9.9973E-05 9.9973E-05 0.00117957 0.386722
0.030579 0.76895 9.9973E-05 0.200171 9.9973E-05 9.9973E-05
0.0448923 0.188181 9.9982E-05 0.0610341 9.9982E-05 0.705692
0.835136 0.0303211 0.0451378 9.9991E-05 0.0292838 0.0600211
0.891315 9.9964E-05 9.9964E-05 9.9964E-05 9.9964E-05 0.108285
0.862519 9.9973E-05 9.9973E-05 9.9973E-05 0.0313789 0.105802
0.943341 9.9964E-05 9.9964E-05 9.9964E-05 9.9964E-05 0.0562588
0.865928 0.00360329 9.9982E-05 0.0424846 9.9982E-05 0.0877846
0.922024 0.0147273 9.9982E-05 9.9982E-05 0.0519796 0.011069
0.919301 9.9964E-05 9.9964E-05 9.9964E-05 9.9964E-05 0.0802989
0.15317 0.251069 0.0755357 0.0383125 0.0658109 0.416102
0.0619817 0.234861 0.0603303 0.00674612 0.0809777 0.555103
0.0260276 0.913926 0.0550094 0.00483692 9.9982E-05 9.9982E-05
9.9991E-05 0.168246 0.174656 0.0069238 0.112057 0.538018
0.0540426 0.452164 0.064872 9.9991E-05 0.00201785 0.426803
0.0586628 0.330102 9.9982E-05 9.9982E-05 0.0419837 0.569051
0.0105449 0.320017 9.9991E-05 0.0897039 0.0265819 0.553052
0.0177452 0.464308 9.9991E-05 0.0247177 0.0690165 0.424113
0.0469352 0.785526 0.162376 0.00496247 9.9982E-05 9.9982E-05
0.167928 0.123848 0.0625738 0.074657 0.10033 0.470663
0.0410819 0.240732 0.0451923 0.0432891 0.0159981 0.613706
0.0257949 0.073479 0.221451 0.0149387 0.154065 0.510271
0.0483427 0.473732 0.0720978 0.120544 0.0196327 0.26565
0.0193611 0.455199 9.9991E-05 0.0562302 0.0362215 0.432888
0.047274 0.436047 0.0526859 0.0120487 9.9991E-05 0.451845
9.9973E-05 0.689831 9.9973E-05 9.9973E-05 0.0654852 0.244384
0.101273 0.487996 0.0551282 9.9982E-05 9.9982E-05 0.355403
0.053095 0.203789 0.165961 9.9991E-05 0.0960623 0.480992
0.0546901 0.207838 0.290142 0.195368 0.00341374 0.248549
0.086033 0.0625286 0.115205 0.101595 0.0905744 0.544065
0.13101 0.0545614 0.282025 0.0979509 0.039561 0.394892
0.0552867 9.9991E-05 0.190369 0.127716 0.0439015 0.582626
0.0857592 0.120659 0.101912 0.0739637 9.9991E-05 0.617606
0.012781 9.9982E-05 0.40805 0.0721108 9.9982E-05 0.506858
9.9991E-05 0.127161 0.221755 0.0173697 0.0437179 0.589896
0.00860044 0.124823 0.360027 0.0186624 9.9991E-05 0.487787
0.0566998 0.0942716 0.225067 0.0809468 0.0385495 0.504465
0.0609764 0.0622511 0.228342 0.032895 0.0276551 0.58788
0.0971687 0.0504384 0.145583 0.0750138 9.9991E-05 0.631696
0.00291255 0.0522587 0.391555 9.9982E-05 9.9982E-05 0.553074
0.00706354 0.00535397 0.111315 0.181506 0.0606437 0.634118
0.122587 0.0520263 0.0825036 0.0783913 0.0215055 0.642986
9.9982E-05 0.0216678 0.350465 9.9982E-05 0.102779 0.524888
0.0997094 9.9982E-05 0.16432 0.101679 9.9982E-05 0.634092
9.9991E-05 0.110668 0.260109 0.0426498 0.139081 0.447392
0.0676949 9.9991E-05 0.245141 0.269519 0.0339973 0.383548
0.063954 0.134736 0.0827574 0.0356281 0.0387409 0.644184
0.0317637 9.9991E-05 0.0571237 0.112605 0.0139459 0.784461
0.0066588 0.138364 0.459372 0.0888227 0.084473 0.222309
9.9991E-05 0.0551275 0.322019 0.433842 0.0129915 0.17592
0.0284842 0.230694 0.156785 0.0922813 0.0402204 0.451535
9.9991E-05 0.204968 0.324661 0.341546 0.115291 0.0134332
9.9982E-05 0.154974 0.463503 0.0603632 9.9982E-05 0.32096
9.9982E-05 0.141269 0.388559 0.02138 9.9982E-05 0.448592
0.0238307 0.158443 0.450876 0.007372 9.9991E-05 0.359378
0.0292648 0.128743 0.509724 9.9991E-05 0.00918985 0.322978
0.0416997 0.11493 0.14784 0.00734666 9.9991E-05 0.688084
0.0739668 0.0563556 0.163805 0.0804717 0.0547411 0.57066
0.0225418 0.115814 0.180961 0.0683942 0.0217006 0.590588
9.9991E-05 0.118354 0.369902 0.283505 0.0472625 0.180877
0.154201 0.0693416 9.9991E-05 0.184685 0.0520378 0.539635
0.0858761 0.139565 0.141913 0.144298 0.00918838 0.479159
0.173288 0.11869 0.151012 0.50233 9.9991E-05 0.0545803
0.0710353 0.0660071 0.0151841 0.101753 9.9991E-05 0.74592
0.0489548 0.152341 0.113733 0.310083 0.0905091 0.284379
0.107672 0.0711705 0.0616237 0.170631 0.0793417 0.509561
0.0723338 0.0758218 0.0793979 0.493206 9.9991E-05 0.27914
0.0619427 0.117842 0.102971 0.484632 9.9991E-05 0.232514
0.182166 0.117677 0.0124139 0.1335 0.0186881 0.535556
0.032042 0.125309 0.10743 0.265937 9.9991E-05 0.469182
0.12899 0.0733122 0.078327 0.140753 0.00324861 0.575369
0.134616 0.249809 0.0276405 0.168537 0.0467533 0.372643
0.133488 0.0627206 0.152115 0.0981955 0.0608521 0.492629
0.112145 0.0696911 0.0670273 0.102349 0.127563 0.521225
0.0922397 0.277354 0.117738 0.372024 0.136484 0.00415976
0.0931815 0.114132 0.13441 0.200838 9.9991E-05 0.457339
0.0950481 0.24716 0.0880753 0.0423411 0.150572 0.376804
9.9982E-05 0.174272 0.110006 0.293746 9.9982E-05 0.421776
9.9982E-05 0.190395 0.0783308 0.296333 9.9982E-05 0.434741
0.102369 0.218455 0.0163448 0.0551984 0.0561333 0.551499
0.166999 0.0009319 0.110029 0.11709 0.115698 0.489251
0.144989 0.0433534 0.108184 0.0642205 0.171091 0.468163
0.310097 9.9982E-05 9.9982E-05 0.289986 0.26245 0.137267
0.506937 9.9973E-05 9.9973E-05 0.359343 0.13342 9.9973E-05
0.41796 9.9973E-05 9.9973E-05 0.453277 0.128463 9.9973E-05
0.358316 9.9982E-05 9.9982E-05 0.239137 0.351482 0.0508653
9.9973E-05 0.0534442 9.9973E-05 0.261865 9.9973E-05 0.684391
0.124469 0.249711 9.9991E-05 0.0958103 0.052419 0.477491
9.9973E-05 9.9973E-05 0.0177319 9.9973E-05 0.708893 0.273075
0.0930982 0.157263 9.9982E-05 9.9982E-05 0.441171 0.308268
0.0865119 0.0426987 9.9991E-05 0.0625389 0.348894 0.459257
9.9973E-05 0.101051 9.9973E-05 0.527389 9.9973E-05 0.37126
0.0419118 0.111058 0.0292127 0.204943 0.126255 0.486619
9.9991E-05 0.0919174 0.0041211 0.67352 0.00233041 0.228011
9.9973E-05 0.128491 9.9973E-05 0.250583 9.9973E-05 0.620626
0.00229601 9.9982E-05 0.0314764 0.42007 9.9982E-05 0.545958
9.9991E-05 0.0210991 0.0145098 0.344729 0.0195117 0.60005
9.9991E-05 0.200429 0.0599461 0.528187 0.00597247 0.205365
9.9991E-05 0.0192409 0.00621589 0.193293 0.0675354 0.713615
0.00723722 0.0741689 0.107402 0.173718 0.0879216 0.549552
0.143096 9.9982E-05 0.0499099 0.215659 9.9982E-05 0.591134
0.110094 0.106167 0.0736779 9.9991E-05 0.299659 0.410302
9.9964E-05 9.9964E-05 9.9964E-05 0.0307418 0.968858 9.9964E-05
9.9982E-05 0.0175274 0.00945076 9.9982E-05 0.910362 0.0624599
0.046723 0.119172 0.0242537 9.9991E-05 0.595817 0.213934
0.000164477 0.0112929 9.9982E-05 9.9982E-05 0.727578 0.260764
0.00282506 0.0603841 9.9982E-05 9.9982E-05 0.804102 0.132489
9.996E-05 9.996E-05 9.996E-05 9.996E-05 0.9995 9.996E-05
9.9973E-05 0.00940387 9.9973E-05 0.00636274 0.983933 9.9973E-05
9.9964E-05 9.9964E-05 9.9964E-05 9.9964E-05 0.837262 0.162339
9.9973E-05 9.9973E-05 0.0297313 9.9973E-05 0.942119 0.0278494
9.996E-05 9.996E-05 9.996E-05 9.996E-05 0.9995 9.996E-05
9.996E-05 9.996E-05 9.996E-05 9.996E-05 0.9995 9.996E-05
0.0568872 9.9982E-05 0.0119197 9.9982E-05 0.726499 0.204494
0.0983892 9.9982E-05 0.000853713 9.9982E-05 0.754637 0.14592
9.9973E-05 0.0344521 0.000344913 9.9973E-05 0.964903 9.9973E-05
0.0368995 0.0919498 0.147425 0.0175004 0.326972 0.379254
0.0510618 9.9982E-05 0.109607 9.9982E-05 0.690574 0.148557
0.106334 9.9982E-05 0.0390579 9.9982E-05 0.650609 0.203799
9.9973E-05 9.9973E-05 0.0329785 9.9973E-05 0.851431 0.11529
9.9964E-05 9.9964E-05 9.9964E-05 0.00899705 0.990603 9.9964E-05
0.0150831 9.9973E-05 9.9973E-05 9.9973E-05 0.887158 0.0974589
9.996E-05 9.996E-05 9.996E-05 9.996E-05 0.9995 9.996E-05
0.133615 0.0674434 0.0263509 0.00952212 0.550947 0.212122
0.0430943 0.0252514 0.0393896 9.99884E-05 0.892065 9.99884E-05
0.289213 9.9973E-05 9.9973E-05 0.614223 0.0962639 9.9973E-05
0.178638 0.0418072 0.130542 0.140737 0.0587693 0.449506
0.258554 0.0325054 9.9991E-05 0.258264 0.0531554 0.397422
0.24866 9.9982E-05 9.9982E-05 0.481229 0.0368711 0.233041
0.241227 0.0422869 0.02268 0.224422 0.0460982 0.423286
0.244525 0.0394109 9.9991E-05 0.404494 0.0789569 0.232513
0.148516 0.201409 0.0845054 0.106191 0.141572 0.317807
0.14158 0.00209431 0.145035 0.187547 0.0905927 0.433151
0.173038 9.9982E-05 9.9982E-05 0.282345 0.149448 0.394969
0.122721 0.0268228 0.0147687 0.247355 0.103391 0.484941
0.185954 9.9982E-05 9.9982E-05 0.297715 0.111063 0.405069
0.184023 0.189447 9.9991E-05 0.0751028 0.14604 0.405287
0.197837 0.0125275 0.0546707 0.191563 0.0592855 0.484117
0.82114 9.9982E-05 0.119358 0.0232488 9.9982E-05 0.0360534
0.916361 9.9973E-05 9.9973E-05 9.9973E-05 0.0599531 0.0233862
0.951742 0.0388212 0.00913717 9.9973E-05 9.9973E-05 9.9973E-05
0.935544 9.9973E-05 0.0561404 9.9973E-05 9.9973E-05 0.00801592
0.88568 9.9982E-05 0.0282852 9.9982E-05 0.0561503 0.0296841
0.88011 9.9973E-05 9.9973E-05 0.0312854 0.0883043 9.9973E-05
0.844524 0.00941839 0.031218 9.9991E-05 0.0756543 0.0390858
0.889204 9.9973E-05 9.9973E-05 0.0986558 9.9973E-05 0.0118402
0.892632 0.0546585 0.0149266 9.9982E-05 9.9982E-05 0.0375824
0.832718 9.9982E-05 0.0480924 0.0111324 0.107857 9.9982E-05
0.580199 0.129701 0.251152 9.9982E-05 0.0387481 9.9982E-05
0.575425 0.0709838 0.353291 9.9973E-05 9.9973E-05 9.9973E-05
0.507355 0.0504334 0.289472 0.15254 9.9982E-05 9.9982E-05
0.478992 0.113217 0.363377 0.0442138 9.9982E-05 9.9982E-05
0.00764773 0.231669 0.177689 0.0544072 0.0747258 0.453861
0.0822693 0.380901 0.0394009 9.9982E-05 9.9982E-05 0.497229
0.0220645 0.292724 0.108677 0.051897 0.0505305 0.474107
0.0586913 0.192531 0.10374 0.106286 0.100353 0.438398
0.0613194 0.281563 0.263196 9.9982E-05 9.9982E-05 0.393721
9.9973E-05 0.169499 0.611969 9.9973E-05 9.9973E-05 0.218233
9.9991E-05 0.157482 0.0567346 0.102155 0.0221003 0.661428
9.9982E-05 0.372805 0.0262536 9.9982E-05 0.0526605 0.548081
9.9982E-05 0.362257 0.0472422 0.0295165 9.9982E-05 0.560784
9.9982E-05 0.560455 9.9982E-05 0.0628777 0.0648078 0.311659
0.0591751 0.187874 0.0740197 9.9991E-05 0.0122056 0.666626
0.041216 0.460615 0.0909118 9.9982E-05 9.9982E-05 0.407057
9.9964E-05 0.771337 9.9964E-05 0.228264 9.9964E-05 9.9964E-05
0.02404 0.204954 0.21453 9.9991E-05 0.0249618 0.531415
9.9982E-05 0.55877 9.9982E-05 0.191024 0.0227468 0.227259
0.00874078 0.32535 9.9982E-05 0.0993131 9.9982E-05 0.566396
0.0222282 0.696348 0.208899 9.9982E-05 9.9982E-05 0.0723249
0.0960261 9.9964E-05 0.903574 9.9964E-05 9.9964E-05 9.9964E-05
0.0769214 9.9982E-05 0.865806 0.00134851 9.9982E-05 0.0557245
0.0191081 9.9973E-05 0.975435 0.00515667 9.9973E-05 9.9973E-05
0.0938993 9.9964E-05 0.905701 9.9964E-05 9.9964E-05 9.9964E-05
0.00537175 9.9991E-05 0.924969 0.00349121 0.0504098 0.0156585
0.0444239 9.9982E-05 0.794851 9.9982E-05 0.0469215 0.113604
0.861537 0.0622907 9.9982E-05 9.9982E-05 0.0168902 0.0590824
0.80529 9.9982E-05 0.0714791 9.9982E-05 0.0108592 0.112172
0.758723 9.9982E-05 0.0218297 9.9982E-05 0.0553205 0.163927
0.734485 0.00822816 0.0901159 9.9991E-05 0.126945 0.0401266
0.808007 9.9973E-05 9.9973E-05 9.9973E-05 0.0269272 0.164766
0.354254 9.9973E-05 0.56584 0.0796064 9.9973E-05 9.9973E-05
0.461007 0.0997059 0.397511 0.041576 9.9982E-05 9.9982E-05
0.430015 0.0645008 0.461726 0.0435582 9.9982E-05 9.9982E-05
0.812869 9.9973E-05 9.9973E-05 9.9973E-05 0.0196162 0.167215
0.338618 0.088664 0.484183 0.0883351 9.9982E-05 9.9982E-05
0.161231 9.9982E-05 9.9982E-05 0.170988 0.385499 0.282082
0.131332 0.00903747 0.0631332 9.9991E-05 0.229246 0.567152
0.224224 0.00587177 0.00732068 9.9991E-05 0.260629 0.501855
0.26604 0.0545409 9.9991E-05 0.0882392 0.245394 0.345686
0.175705 0.0558449 0.0977561 0.0289585 0.104023 0.537713
0.388591 9.9973E-05 9.9973E-05 0.287412 0.323698 9.9973E-05
9.9982E-05 0.106672 0.289146 0.131775 9.9982E-05 0.472207
9.9982E-05 0.131781 0.212002 0.265106 9.9982E-05 0.390911
0.109083 0.131387 0.475971 0.0101693 9.9991E-05 0.27329
9.9982E-05 0.151989 0.147369 0.21071 9.9982E-05 0.489732
9.9973E-05 0.26838 0.180168 0.551153 9.9973E-05 9.9973E-05
0.093494 9.9991E-05 0.17888 0.150849 0.0338686 0.542808
9.9991E-05 0.0227875 0.248222 0.153045 0.0815861 0.494259
0.0359641 0.208589 0.331235 0.0545846 9.9991E-05 0.369527
0.0610185 0.082498 0.158059 0.134944 0.0358717 0.527608
9.9982E-05 0.253087 0.294384 0.361766 9.9982E-05 0.0905626
9.9991E-05 0.0109 0.195019 0.214439 0.0678687 0.511673
0.0138119 0.114227 0.34167 0.00358861 0.054846 0.471856
0.0843669 0.244855 0.0809853 0.0207589 0.193755 0.37528
9.9982E-05 9.9982E-05 0.381195 0.234573 0.0175118 0.366521
9.9991E-05 0.146498 0.309425 0.0951265 0.0229328 0.425917
9.9991E-05 0.164049 0.0859595 0.18795 0.10768 0.454261
9.9982E-05 0.138855 0.167485 0.139288 9.9982E-05 0.554172
0.0100713 0.0289093 0.160824 0.0585102 0.07903 0.662655
0.0844944 0.0765682 0.198734 0.0733295 0.044262 0.522612
0.14233 9.9991E-05 0.0596924 0.171689 0.0461819 0.580007
0.782132 9.9973E-05 9.9973E-05 9.9973E-05 0.0663111 0.151257
0.829364 0.0244233 9.9982E-05 9.9982E-05 0.0481184 0.0978939
0.812486 0.0701628 0.0525811 0.0211552 9.9991E-05 0.0435152
0.809507 0.135559 9.9973E-05 9.9973E-05 0.054634 9.9973E-05
0.831862 9.9973E-05 9.9973E-05 9.9973E-05 0.0206684 0.147169
9.9991E-05 0.040202 0.621657 0.0994633 0.0108641 0.227714
0.0146293 0.136976 0.213451 0.120048 0.130254 0.384641
0.0892903 0.00027128 0.122095 0.216852 0.260306 0.311186
0.035409 0.0297121 0.0469695 0.147271 0.0178051 0.722833
0.112399 0.179422 0.233323 9.9982E-05 9.9982E-05 0.474656
9.9982E-05 9.9982E-05 0.316098 0.359795 0.0909833 0.232924
0.104095 0.106737 0.583034 0.167563 9.9991E-05 0.0384711
9.9991E-05 0.0253787 0.316978 0.114843 0.0210791 0.521622
0.0135283 0.0949708 0.53076 0.13392 0.0515819 0.17524
9.9991E-05 0.0674808 0.240157 0.221553 0.127954 0.342755
0.0735125 0.109205 0.549169 0.0948476 0.0573434 0.115922
0.099017 0.00899432 0.270167 9.9991E-05 0.0957385 0.525983
0.063964 0.0986085 0.517194 0.0390707 0.0109959 0.270167
0.154519 0.0671551 0.0863668 0.118448 0.0612083 0.512303
9.9991E-05 0.0797123 0.31201 0.198249 0.0416648 0.368265
0.0804944 0.0812154 0.103314 0.238023 0.0781431 0.41881
0.0388904 0.0470611 0.0846493 0.549505 9.9991E-05 0.279794
0.0138909 0.0552563 9.9982E-05 0.313552 9.9982E-05 0.617101
0.18552 0.121435 9.9982E-05 0.170677 9.9982E-05 0.522168
9.9982E-05 0.0787923 0.065431 0.491257 9.9982E-05 0.364319
0.143245 0.0679081 0.0648587 0.132247 0.0414972 0.550244
0.0943823 0.181701 0.053177 0.095382 0.0469819 0.528375
0.0417848 0.0648095 0.0403368 0.274679 9.9991E-05 0.57829
9.9982E-05 0.141624 0.114129 0.626214 9.9982E-05 0.117833
9.9982E-05 0.0335787 0.0533338 0.645225 9.9982E-05 0.267663
9.9973E-05 9.9973E-05 0.132351 0.334412 9.9973E-05 0.532938
0.161077 0.0620621 9.9991E-05 0.163117 0.0344971 0.579147
9.9982E-05 0.277058 0.01442 0.556394 9.9982E-05 0.151928
9.9982E-05 0.115618 0.175387 0.24659 9.9982E-05 0.462204
0.0459216 0.288829 0.565941 9.9982E-05 9.9982E-05 0.0991079
9.9991E-05 0.0371792 0.389954 0.301732 0.0109029 0.260132
9.9982E-05 0.187547 0.409497 9.9982E-05 0.150153 0.252603
0.12988 0.0764367 0.131534 9.9991E-05 0.00372337 0.658326
9.9982E-05 0.254321 0.469315 0.0213058 9.9982E-05 0.254858
9.9991E-05 0.00448159 0.177307 0.246563 0.0819246 0.489623
9.9991E-05 0.0186772 0.195252 0.0914631 0.0987977 0.59571
9.9991E-05 0.0351753 0.231676 0.100722 0.0871074 0.545219
0.020327 0.134041 0.242209 9.9991E-05 0.0902973 0.513025
0.0559852 0.179259 0.271415 9.9991E-05 0.00707316 0.486167
9.9982E-05 0.157597 0.500349 9.9982E-05 0.0823405 0.259513
0.00383629 0.103617 0.432917 0.0655051 0.0701548 0.32397
9.9982E-05 0.163453 0.248061 9.9982E-05 0.103915 0.484371
0.0606178 0.0271635 0.228551 0.0958442 0.0278482 0.559976
0.00222857 0.0333115 0.328385 0.161069 0.0258456 0.449161
9.9982E-05 9.9982E-05 0.273463 0.137062 0.054739 0.534536
0.0705731 0.0461493 0.407783 0.0859866 9.9991E-05 0.389408
0.0493288 0.0730393 0.232132 0.019323 0.0024419 0.623735
9.9982E-05 0.102138 0.307356 9.9982E-05 0.0725885 0.517717
0.116803 0.205227 0.138343 0.031291 0.100251 0.408085
0.354963 0.0718468 9.9991E-05 0.0613672 0.0615128 0.45021
0.104016 0.0791747 9.9991E-05 0.135346 0.230879 0.450485
0.186889 0.122704 0.0171468 0.044486 0.133929 0.494846
0.0836252 0.0322802 0.0715575 0.0755188 0.0981077 0.638911
0.131065 0.0820301 0.0211152 0.0902457 0.248077 0.427467
9.9982E-05 9.9982E-05 0.26492 0.218471 0.0255688 0.49084
0.197436 9.9991E-05 0.0383846 0.038344 0.0731051 0.65263
0.227741 0.172019 9.9991E-05 0.453377 0.141284 0.00547791
0.101146 0.0715824 0.0155748 0.0788329 0.167855 0.565009
0.0940104 0.129889 0.111269 9.9991E-05 0.207101 0.457631
0.135424 0.0870172 0.0641316 0.000248114 0.194721 0.518458
0.156443 0.109635 0.164507 0.178302 0.180023 0.21109
0.20661 0.0080354 0.0615705 0.117262 0.0800038 0.526517
0.109433 9.9982E-05 9.9982E-05 0.0897784 0.202859 0.597729
0.451929 9.9973E-05 9.9973E-05 0.375646 0.172125 9.9973E-05
0.123416 0.0584729 0.119781 0.0142429 0.205176 0.478911
0.186841 9.9982E-05 9.9982E-05 0.0560213 0.159194 0.597744
0.122082 0.135901 9.9991E-05 0.148381 0.0778852 0.515651
0.113014 9.9982E-05 9.9982E-05 0.10523 0.214005 0.567552
0.165819 0.0506197 0.0738771 0.0140138 0.0846784 0.610992
9.9991E-05 0.246268 0.0414027 0.190108 0.0353154 0.486806
0.0511954 0.029258 0.0901893 0.177404 0.037013 0.614941
9.9982E-05 0.31834 0.120819 0.554122 9.9982E-05 0.00651895
0.0698841 0.0591088 0.0823209 0.177487 0.0743924 0.536806
0.0822607 0.0402248 0.123081 0.127351 0.201423 0.425659
9.9982E-05 0.188209 0.12642 0.596028 9.9982E-05 0.0891423
0.104485 0.0894892 0.0411114 0.206144 0.072965 0.485806
0.0748519 0.172923 0.122816 0.155657 0.0593286 0.414423
0.114462 9.9991E-05 0.0586849 0.156789 0.244988 0.424976
0.112401 9.9982E-05 9.9982E-05 0.25573 0.35674 0.274929
0.193918 9.9991E-05 0.0464601 0.338761 0.274813 0.145947
0.165251 9.9982E-05 9.9982E-05 0.214795 0.258903 0.36085
0.130327 0.0921221 0.0991091 0.0725671 0.141146 0.464729
0.047126 9.9982E-05 9.9982E-05 0.699995 0.0489987 0.20368
0.0841582 9.9982E-05 9.9982E-05 0.571073 0.0645301 0.280039
9.9991E-05 0.0149491 0.0232012 0.236122 0.141058 0.584569
0.0419048 0.0224747 9.9991E-05 0.26872 0.0906276 0.576173
0.0209317 0.110426 0.00796897 0.458812 0.0932215 0.30864
0.048679 0.0911998 0.0418461 0.172224 0.162223 0.483828
9.9982E-05 9.9982E-05 0.0718003 0.308186 0.107659 0.512155
0.0744355 0.0240329 0.0440076 0.179014 0.214993 0.463516
9.9982E-05 0.0972779 0.164664 0.317337 9.9982E-05 0.420522
0.0306873 0.151451 0.114882 0.317913 9.9991E-05 0.384966
0.132762 0.106984 0.130431 0.133378 0.0384104 0.458035
0.0739625 0.095876 0.0790864 0.211597 0.00283082 0.536647
0.0557748 0.0962744 0.131323 0.278091 0.0259609 0.412576
0.0541624 0.156911 0.112823 0.135015 0.115231 0.425857
0.104969 0.181949 9.9991E-05 0.217719 0.112748 0.382515
9.9973E-05 0.0962638 9.9973E-05 0.385666 9.9973E-05 0.51777
9.9982E-05 0.10487 0.135754 0.495744 9.9982E-05 0.263433
0.00890757 0.0820275 9.9991E-05 0.240846 0.0396983 0.628421
0.0447077 0.0615696 0.170025 0.105874 0.0752499 0.542574
9.9982E-05 0.160102 0.0797736 0.461944 9.9982E-05 0.29798
0.0284327 0.0242355 0.0690731 0.37406 9.9991E-05 0.504099
0.00654462 0.111934 0.079441 0.206151 0.102406 0.493524
0.0692199 0.0020114 0.132847 0.222734 0.0652017 0.507986
0.132719 0.0949248 9.9991E-05 0.118516 0.244816 0.408924
0.140143 9.9991E-05 0.0684698 0.242584 0.0454049 0.503299
0.184942 0.0708208 0.00623483 0.13783 0.209168 0.391004
0.120434 0.00944014 0.00248535 0.210887 0.161978 0.494775
0.126983 0.0710604 0.0809258 0.209041 0.193353 0.318637
0.22307 0.272924 0.0572347 0.0723187 0.111005 0.263447
0.2122 0.109322 0.0577162 0.0420609 0.156652 0.422049
0.213185 9.9991E-05 0.0713806 0.1625 0.0696082 0.483226
0.202596 0.0363221 9.9991E-05 0.577969 0.140995 0.0420178
0.0733448 0.00442487 0.0893843 0.0117582 0.184731 0.636356
0.329031 9.9973E-05 9.9973E-05 0.510701 0.159968 9.9973E-05
0.01903 0.0594851 0.00179456 0.170154 0.238598 0.510939
0.184013 0.0998205 0.0745534 0.155639 0.0523238 0.433651
9.9973E-05 0.291075 9.9973E-05 0.580829 9.9973E-05 0.127797
9.9964E-05 0.332676 9.9964E-05 0.666924 9.9964E-05 9.9964E-05
9.9982E-05 0.185414 0.0132674 0.300122 9.9982E-05 0.500996
0.0327741 0.0130995 9.9982E-05 0.247025 9.9982E-05 0.706902
9.9982E-05 0.133491 0.0361697 0.415488 9.9982E-05 0.414651
9.9982E-05 0.235054 0.0635189 0.104669 9.9982E-05 0.596558
9.9982E-05 0.122569 9.9982E-05 0.248879 0.0370894 0.591263
0.767846 0.052199 9.9991E-05 0.0341947 0.0528589 0.0928018
0.698702 0.0247728 0.138831 9.9991E-05 0.137198 0.000396302
0.871419 9.9973E-05 0.0391248 9.9973E-05 0.0891565 9.9973E-05
0.934965 9.9964E-05 9.9964E-05 9.9964E-05 9.9964E-05 0.0646353
0.0344735 0.368274 0.0305125 0.035857 0.0850301 0.445853
0.13531 0.352322 0.0318357 9.9982E-05 9.9982E-05 0.480333
9.9973E-05 0.536794 9.9973E-05 9.9973E-05 0.0103236 0.452583
0.0289511 0.291911 0.00598126 0.00531847 9.9991E-05 0.667738
0.117407 0.1827 0.067877 0.130259 9.9991E-05 0.501657
0.0208581 0.597036 0.138861 0.0228739 0.0565043 0.163867
9.9973E-05 0.431586 9.9973E-05 9.9973E-05 0.0571773 0.510936
9.9973E-05 0.487775 9.9973E-05 0.208793 9.9973E-05 0.303133
0.248373 9.9991E-05 0.0276262 0.08769 0.137211 0.499
9.9982E-05 0.403428 9.9982E-05 0.166295 0.0175713 0.412506
9.9973E-05 0.561694 0.0910625 9.9973E-05 9.9973E-05 0.346943
0.121599 0.131129 0.0924394 0.0613502 0.0574157 0.536067
0.0184102 0.429395 0.0302653 9.9991E-05 0.0255531 0.496277
0.0390915 0.467594 0.10718 9.9982E-05 9.9982E-05 0.385934
0.0021219 0.376181 9.9982E-05 0.0247959 9.9982E-05 0.596701
0.109854 0.36037 0.0109262 9.9982E-05 9.9982E-05 0.518651
9.9973E-05 0.916707 9.9973E-05 0.0523357 9.9973E-05 0.0306577
0.00332392 0.572877 0.0124067 0.121022 0.00542542 0.284945
9.9991E-05 0.432697 0.0573727 0.152855 0.0262355 0.330739
9.9964E-05 0.785763 9.9964E-05 0.213837 9.9964E-05 9.9964E-05
0.164148 0.0248866 0.0882754 0.0677241 0.135552 0.519414
0.0801979 0.414552 0.140303 9.9991E-05 0.0418977 0.32295
9.9973E-05 0.629078 9.9973E-05 0.321271 9.9973E-05 0.0493503
9.9964E-05 0.667251 9.9964E-05 0.332349 9.9964E-05 9.9964E-05
0.01709 0.348007 9.9991E-05 0.0243417 0.10755 0.502911
0.0165816 0.574281 0.121374 0.0342234 0.00960404 0.243937
9.9991E-05 0.443938 0.0995021 0.00684661 0.0826088 0.367004
0.0618261 0.121895 0.0286885 0.0523865 0.0848786 0.650326
0.0151146 0.308642 0.0531938 0.0671824 0.0254266 0.530441
9.9991E-05 0.0404032 0.314711 0.242336 0.0268097 0.37564
0.0176485 0.375518 0.0704583 9.9991E-05 0.0285155 0.507759
0.017405 0.44291 0.103227 9.9991E-05 0.0441476 0.39221
9.9964E-05 0.674581 9.9964E-05 9.9964E-05 9.9964E-05 0.325019
0.0743926 0.162299 0.0795878 0.0572626 0.00776685 0.618691
0.662128 9.9973E-05 0.335899 0.00167225 9.9973E-05 9.9973E-05
0.75275 0.0819692 0.0654054 0.0686499 0.00541162 0.0258144
0.800932 9.9973E-05 0.158117 0.040651 9.9973E-05 9.9973E-05
0.813559 0.0205512 0.125731 0.0399591 9.9982E-05 9.9982E-05
0.685088 9.9982E-05 0.202372 0.05859 9.9982E-05 0.0537492
0.0812204 0.743596 0.106397 9.9991E-05 0.0149849 0.0537012
0.0859077 0.728454 0.120968 9.9982E-05 9.9982E-05 0.0644703
9.9982E-05 0.766227 9.9982E-05 0.0902715 0.0342321 0.109069
0.0879559 0.229712 9.9991E-05 0.0665664 0.0899629 0.525702
0.136115 0.223842 0.0353458 0.0792022 0.0130388 0.512456
0.0250369 0.525132 9.9991E-05 0.123412 0.0256724 0.300646
9.9991E-05 0.318004 0.028879 0.0162442 0.145368 0.491405
0.0562691 0.506332 9.9991E-05 0.0306206 0.0288727 0.377806
0.07202 0.238886 0.0468401 0.146626 0.0193181 0.47631
0.0189558 0.259045 0.0688746 0.0565318 0.0147195 0.581873
0.00393704 0.298149 0.114196 9.9991E-05 0.0865894 0.497029
9.9991E-05 0.621694 0.11677 0.0309822 0.0278707 0.202582
0.0173193 0.556855 0.0667574 0.0207179 9.9991E-05 0.33825
9.9973E-05 0.552704 0.126929 9.9973E-05 9.9973E-05 0.320067
0.156594 9.9982E-05 0.0182034 0.176698 9.9982E-05 0.648304
0.0206333 0.575796 0.0224317 9.9991E-05 0.00208527 0.378954
0.0264853 0.469413 0.0662965 0.00662247 0.0967525 0.33443
0.0687965 9.9991E-05 0.0366979 0.103974 0.37651 0.413921
0.154424 9.9991E-05 0.00645683 0.0685429 0.415173 0.355303
0.0517636 9.9982E-05 9.9982E-05 0.0918546 0.468716 0.387466
0.142525 9.9982E-05 9.9982E-05 0.0779834 0.492722 0.286569
0.0475836 9.9991E-05 0.123644 0.0459267 0.300744 0.482002
0.00219487 0.360939 9.9991E-05 0.110976 0.0712754 0.454515
0.277183 9.9982E-05 9.9982E-05 0.0363181 0.671968 0.0143308
0.213917 0.0366088 0.00170611 9.9991E-05 0.477869 0.269799
0.158998 0.0548865 9.9991E-05 0.199202 0.124782 0.462031
0.139265 9.9982E-05 0.0217707 0.257694 9.9982E-05 0.581071
0.102294 0.0910846 0.126389 0.230386 0.0437194 0.406127
0.114835 0.00912527 0.0525981 0.147125 9.9991E-05 0.676218
0.128691 0.0387109 0.0986356 0.0720153 0.0165676 0.645379
0.142001 9.9982E-05 9.9982E-05 0.0710279 0.50241 0.284362
0.0996241 0.0260287 0.126184 0.0388861 0.38443 0.324846
0.105373 9.9982E-05 9.9982E-05 0.0105232 0.421755 0.462148
0.074339 0.0145803 0.0247684 0.0923491 0.239276 0.554688
0.0775365 0.0781614 0.0208368 9.9991E-05 0.545643 0.277722
0.0991305 0.0914392 0.0603673 0.0134184 0.360809 0.374835
0.114141 9.9982E-05 9.9982E-05 0.082416 0.525312 0.277931
0.0903815 0.0818875 0.0418729 0.0111431 0.382019 0.392696
0.14619 0.0657148 0.00346148 0.19033 9.9991E-05 0.594204
0.131986 0.102286 0.11215 9.9991E-05 0.311357 0.34212
0.192403 9.9973E-05 9.9973E-05 9.9973E-05 0.643629 0.163668
0.163202 0.095847 0.0417285 0.0371288 0.27051 0.391583
0.135038 0.0160596 0.112352 0.0370188 0.284585 0.414946
0.12772 0.133621 0.0559369 9.9991E-05 0.357008 0.325614
0.144411 0.102916 0.297851 0.235806 0.00529689 0.213719
9.9982E-05 0.0398265 9.9982E-05 0.22201 0.112426 0.625538
0.153659 0.0130912 0.0412529 0.108594 0.274225 0.409177
0.152109 0.128226 0.118857 0.0944497 0.139921 0.366437
0.0503294 0.00699191 0.0524106 0.193563 9.9991E-05 0.696605
0.13777 0.0998426 0.021958 0.199762 0.0057735 0.534894
0.240144 0.107083 0.0777856 9.9991E-05 0.228343 0.346544
0.193515 9.9982E-05 9.9982E-05 0.154972 0.23977 0.411542
0.0792819 0.015474 0.0857935 0.144834 0.0920368 0.58258
0.0862505 0.132659 0.0474691 0.0108297 0.34526 0.377532
0.191152 0.174353 0.00321396 0.0337255 0.239736 0.357819
0.0894446 0.0778507 0.0958942 0.00572707 0.32497 0.406113
0.0486474 9.9982E-05 9.9982E-05 0.0764647 0.382384 0.492304
0.207441 9.9982E-05 9.9982E-05 0.0134928 0.587954 0.190913
0.0396661 9.9991E-05 0.0692363 0.203589 0.12823 0.559179
0.0977543 0.0711171 0.0745669 0.22117 9.9991E-05 0.535292
0.108344 9.9982E-05 9.9982E-05 0.610763 0.0431983 0.237495
0.0951249 0.0998315 0.0549175 0.105817 0.107201 0.537109
0.11985 9.9991E-05 0.164593 0.27768 0.016494 0.421282
0.188171 0.00957827 9.9991E-05 0.171322 0.0288171 0.602012
0.0426336 0.126217 0.228453 0.00121814 0.175767 0.425711
0.301747 9.9973E-05 9.9973E-05 0.517353 0.1806 9.9973E-05
0.31095 9.9973E-05 9.9973E-05 0.576977 0.111773 9.9973E-05
0.171185 9.9991E-05 0.0406102 0.360188 0.0664807 0.361435
0.30809 0.0119567 0.0136455 0.458926 0.187744 0.0196382
0.402839 9.9973E-05 9.9973E-05 0.369444 0.227418 9.9973E-05
0.15028 0.0674731 0.00383499 0.259769 0.114651 0.403991
0.253096 0.0430013 0.0181073 0.232697 0.0886111 0.364487
0.289806 0.0145183 0.00519137 0.347243 0.13626 0.206981
0.258787 9.9982E-05 9.9982E-05 0.517983 0.187015 0.0360154
0.125346 9.9991E-05 0.0168883 0.254999 0.129 0.473667
0.233292 9.9982E-05 9.9982E-05 0.469123 0.118756 0.178629
0.149774 0.112011 0.181513 9.9991E-05 0.188398 0.368204
0.422801 9.9973E-05 9.9973E-05 0.508079 0.0688203 9.9973E-05
0.166429 0.0458598 0.116073 0.0750361 0.153783 0.442818
0.173187 0.071554 0.0565774 0.140109 0.162049 0.396524
0.252772 0.0530504 0.00906778 9.9991E-05 0.150695 0.534315
0.204468 0.0726178 9.9982E-05 9.9982E-05 0.155674 0.56704
0.14554 0.152852 0.0996081 9.9991E-05 0.204354 0.397546
0.135772 0.0809536 9.9991E-05 0.00916693 0.154578 0.619429
0.149921 0.0649728 0.0324708 0.0789424 0.220806 0.452886
0.40906 9.9991E-05 0.00329019 0.0605888 0.144499 0.382462
0.257502 9.9991E-05 0.0722932 0.0164447 0.175524 0.478136
0.254405 0.0933388 9.9982E-05 9.9982E-05 0.258473 0.393584
0.265333 0.0682949 0.0702957 0.0602995 0.206035 0.329742
0.158991 0.223696 0.147457 0.0692014 0.118087 0.282569
0.114018 0.136025 0.094559 0.0693814 0.118403 0.467614
0.149732 0.0868627 0.0326153 0.112774 0.187804 0.430212
0.0910522 0.159289 0.0577139 0.0272799 0.133732 0.530933
0.21785 0.0385669 0.027 0.109135 0.23756 0.369889
0.216488 0.0182183 9.9991E-05 0.0318417 0.173091 0.560261
0.354155 9.9982E-05 9.9982E-05 0.22425 0.222252 0.199142
0.133027 9.9982E-05 0.0773853 9.9982E-05 0.175969 0.613418
0.262741 0.00222685 9.9991E-05 0.195304 0.327522 0.212107
0.796981 0.067716 0.116429 0.0106467 9.9991E-05 0.0081277
0.00727848 0.0692599 0.756475 0.0643515 0.0228739 0.0797617
0.00241972 9.9964E-05 0.99718 9.9964E-05 9.9964E-05 9.9964E-05
9.996E-05 9.996E-05 0.9995 9.996E-05 9.996E-05 9.996E-05
9.996E-05 9.996E-05 0.9995 9.996E-05 9.996E-05 9.996E-05
9.9964E-05 9.9964E-05 0.932174 9.9964E-05 0.0674262 9.9964E-05
9.9964E-05 9.9964E-05 0.876358 9.9964E-05 9.9964E-05 0.123242
0.040417 9.9964E-05 0.959183 9.9964E-05 9.9964E-05 9.9964E-05
0.227761 9.9964E-05 0.771839 9.9964E-05 9.9964E-05 9.9964E-05
0.888579 0.0150769 0.0655461 9.9991E-05 0.000142075 0.0305556
0.75915 9.9982E-05 0.123037 9.9982E-05 0.0345395 0.0830737
0.905468 9.9982E-05 0.0122133 9.9982E-05 0.0273939 0.0547245
0.784974 9.9973E-05 0.120963 0.0937639 9.9973E-05 9.9973E-05
0.871535 9.9973E-05 0.0787369 9.9973E-05 0.0494281 9.9973E-05
0.834511 9.9991E-05 0.127719 0.015902 0.00798421 0.0137832
0.689326 0.034636 0.143681 9.9991E-05 0.109591 0.0226664
0.841667 9.9982E-05 0.0311776 9.9982E-05 0.0536678 0.0732877
0.725031 0.0298816 0.17558 9.9991E-05 0.0653698 0.00403722
0.871773 0.0534776 9.9973E-05 9.9973E-05 0.0744495 9.9973E-05
0.938317 0.021719 0.0396641 9.9973E-05 9.9973E-05 9.9973E-05
0.844573 0.0297146 0.0349989 0.0403477 0.0466206 0.00374485
0.959197 9.9964E-05 0.0404032 9.9964E-05 9.9964E-05 9.9964E-05
0.922496 9.9982E-05 9.9982E-05 0.0313129 0.0395432 0.00644785
0.851192 0.00422374 9.9982E-05 9.9982E-05 0.0910718 0.0533125
0.825691 9.9973E-05 9.9973E-05 9.9973E-05 0.0207461 0.153263
0.782964 9.9973E-05 9.9973E-05 9.9973E-05 0.103356 0.11338
0.822735 9.9973E-05 9.9973E-05 9.9973E-05 0.00698806 0.169978
0.80123 9.9973E-05 9.9973E-05 9.9973E-05 0.0347472 0.163723
0.143016 0.142153 0.00608243 0.309699 0.0352499 0.363799
0.0951762 0.150397 0.00381676 0.0424472 9.9991E-05 0.708063
0.110942 0.160108 0.0448043 0.0308539 0.0374167 0.615876
0.0541657 0.103763 9.9991E-05 0.664409 0.0160024 0.16156
0.148183 0.0604499 0.0988201 0.156813 9.9991E-05 0.535634
0.0952313 9.9973E-05 9.9973E-05 0.71898 9.9973E-05 0.185489
0.0324923 9.9982E-05 9.9982E-05 0.256228 0.0669438 0.644136
0.0462552 0.147247 0.179952 0.19266 9.9991E-05 0.433786
0.0798085 0.0961009 0.0626622 0.254304 9.9991E-05 0.507025
0.0391537 0.37724 0.0880224 9.9991E-05 0.0334027 0.462081
0.0601193 0.0563086 0.193325 0.266258 9.9991E-05 0.423889
0.0987365 0.0650668 9.9982E-05 0.200955 9.9982E-05 0.635041
0.0943379 0.035226 0.0843222 0.142934 9.9991E-05 0.64308
9.9991E-05 0.262701 0.369898 0.30187 0.0513354 0.0140958
0.00289894 0.0325206 0.135229 0.827057 9.9991E-05 0.00219515
0.0303749 9.9982E-05 0.108367 0.673334 9.9982E-05 0.187724
0.0552413 0.0266885 0.0316575 0.214348 9.9991E-05 0.671965
0.0725478 0.00759287 0.0286171 0.320728 9.9991E-05 0.570414
0.046052 0.0317465 9.9982E-05 0.330101 9.9982E-05 0.5919
0.112497 0.111182 0.0246431 0.139456 0.0204632 0.591759
0.250698 9.9991E-05 0.0699862 0.0408888 0.0612954 0.577031
0.157924 0.00661042 0.0373697 0.043975 0.135684 0.618436
0.451767 0.0476103 0.112663 0.122565 0.117554 0.147841
0.087076 0.0799436 0.090638 0.0904526 0.00204612 0.649844
0.218774 9.9991E-05 0.103143 0.160409 0.147109 0.370465
0.339086 9.9973E-05 9.9973E-05 0.468502 0.192112 9.9973E-05
0.310549 9.9982E-05 9.9982E-05 0.19262 0.125356 0.371275
0.332927 0.0458666 0.0790296 0.0713228 0.196261 0.274593
0.283922 0.0278187 0.121339 0.0258252 0.109088 0.432008
0.166956 0.0532808 0.0285389 0.105402 0.192737 0.453085
0.180287 0.082276 0.0832369 9.9991E-05 0.152587 0.501513
0.123104 0.0130185 0.100422 0.0252936 0.0834178 0.654744
0.169409 0.0552377 9.9991E-05 0.190202 0.181926 0.403125
0.471936 0.124021 9.9982E-05 9.9982E-05 0.124905 0.278938
