9.9964E-05 0.0408726 9.9964E-05 9.9964E-05 0.0598866 9.9964E-05 0.8442 0.0546413
9.9964E-05 9.9964E-05 0.0106677 9.9964E-05 0.00454192 0.0438177 0.940573 9.9964E-05
0.114685 0.0132528 0.00552228 0.00937847 0.024791 9.9991E-05 0.798353 0.0339178
0.0563163 0.0812924 9.9964E-05 9.9964E-05 9.9964E-05 9.9964E-05 0.750426 0.111566
0.0327834 0.0396561 9.9973E-05 9.9973E-05 9.9973E-05 0.0633057 0.829899 0.0340561
0.0496402 0.0629818 0.0624662 0.0844852 9.9991E-05 0.0879371 0.566237 0.0861521
9.9973E-05 9.9973E-05 9.9973E-05 0.0705362 0.00644048 0.0445138 0.791693 0.086517
0.0244793 0.0423717 9.9982E-05 0.0998115 9.9982E-05 0.0204639 0.650929 0.161745
9.99729E-05 9.99729E-05 0.00422859 0.051937 0.0512078 9.99729E-05 0.841691 0.0506359
0.0453897 0.0904222 9.9982E-05 0.0564733 9.9982E-05 0.103906 0.642561 0.0610485
9.9982E-05 0.0140221 9.9982E-05 0.0688898 0.0437677 0.0659347 0.655635 0.151551
0.143687 0.019948 0.0779429 9.9982E-05 0.679366 0.0420187 0.0368377 9.9982E-05
0.418099 0.018488 0.0452477 0.0021956 0.406054 9.9991E-05 0.0356289 0.0741871
0.134285 0.0557154 9.9982E-05 0.0361272 0.653102 0.0477753 0.072795 9.9982E-05
0.236583 0.098118 9.9973E-05 0.0491354 0.558629 9.9973E-05 0.0572341 9.9973E-05
0.342238 0.0808881 0.138508 9.9973E-05 0.261154 9.9973E-05 0.176912 9.9973E-05
0.495949 0.0828793 0.0229903 0.00977447 0.277061 9.9982E-05 0.111146 9.9982E-05
0.35873 0.107518 0.137652 0.012057 0.359625 0.0238812 9.9991E-05 0.000435986
0.305619 0.0334662 9.9973E-05 0.0282219 0.56029 9.9973E-05 0.0721034 9.9973E-05
9.9982E-05 0.0237568 0.0257803 9.9982E-05 0.816889 0.0569453 0.0486453 0.0277835
0.412984 0.0810608 0.0687421 0.0905676 0.239859 0.0640397 9.9991E-05 0.042647
0.428385 0.064204 9.9982E-05 0.0869969 0.32832 9.9982E-05 0.0687622 0.0231325
0.532957 9.9964E-05 9.9964E-05 9.9964E-05 0.295841 0.126437 0.0443653 9.9964E-05
0.144856 0.150062 0.0569753 0.0298404 0.599883 0.0181843 9.9982E-05 9.9982E-05
0.595344 0.0468227 9.9991E-05 0.00922094 0.199557 0.0439482 0.0796684 0.0253391
0.422519 0.0903642 0.0838185 9.9964E-05 0.402898 9.9964E-05 9.9964E-05 9.9964E-05
0.0363592 0.0998655 0.0435681 9.9973E-05 0.771527 9.9973E-05 0.0483803 9.9973E-05
0.198559 0.11231 9.9964E-05 9.9964E-05 0.647542 9.9964E-05 0.0411886 9.9964E-05
0.155649 9.9982E-05 0.0480232 0.0451213 0.664693 0.0172016 0.0691128 9.9982E-05
0.112316 0.0807782 9.9964E-05 9.9964E-05 0.0146934 9.9964E-05 0.791813 9.9964E-05
0.0998811 0.0628461 9.9964E-05 9.9964E-05 0.0637139 9.9964E-05 0.773159 9.9964E-05
0.103571 0.0720541 9.9982E-05 0.00508949 0.0602105 0.0054759 0.753399 9.9982E-05
0.0539434 0.104035 0.133967 9.9964E-05 9.9964E-05 9.9964E-05 0.707654 9.9964E-05
0.53841 9.9973E-05 0.215829 0.0123343 9.9973E-05 0.108459 9.9973E-05 0.124667
0.405412 0.028973 0.318625 9.9982E-05 0.0643081 0.0444402 0.138042 9.9982E-05
0.556096 0.0672322 0.327732 9.9973E-05 9.9973E-05 0.0386848 9.9973E-05 0.00995486
0.0653917 0.0507109 0.027534 9.9982E-05 0.72068 9.9982E-05 0.0829966 0.052487
0.30357 0.0648701 0.584891 0.0462695 9.9964E-05 9.9964E-05 9.9964E-05 9.9964E-05
0.453893 0.0635407 0.197035 9.9991E-05 0.184117 0.00544022 0.0782956 0.0175787
0.643976 0.0709448 0.175502 0.0467808 0.0056112 0.0303019 9.9991E-05 0.0267831
0.547223 9.9991E-05 0.0779137 0.140112 0.00691924 0.0996456 0.0637676 0.0643196
0.6336 0.00824677 0.154353 0.053345 9.9982E-05 9.9982E-05 0.0465465 0.103708
0.0826886 9.9964E-05 0.622885 9.9964E-05 0.245645 9.9964E-05 0.0483812 9.9964E-05
0.566793 0.0380122 0.0796063 0.190879 0.0512728 9.9991E-05 0.0203187 0.0530187
0.457384 0.106245 0.173796 0.0512553 0.095475 0.060609 0.0546973 0.000538796
0.692422 0.00592028 0.0709327 0.0935066 0.00230175 9.9982E-05 0.134716 9.9982E-05
0.252633 9.9973E-05 0.586912 0.0519354 0.047525 0.0606943 9.9973E-05 9.9973E-05
0.58392 0.0074839 0.310819 0.0183686 9.9982E-05 9.9982E-05 0.042884 0.036325
0.358269 0.10921 0.213626 9.9991E-05 0.115945 0.0629499 0.11117 0.0287305
9.9964E-05 9.9964E-05 0.620947 0.327695 9.9964E-05 0.0154476 0.0355107 9.9964E-05
0.107184 9.9982E-05 0.192044 0.0913949 0.475881 0.0274452 9.9982E-05 0.10585
0.0029232 0.037897 0.182832 0.298482 0.348081 0.107622 9.9991E-05 0.0220623
0.470436 0.0531326 0.0889853 9.9991E-05 0.242918 0.0567964 0.0850955 0.00253643
0.613903 0.0194536 0.0240822 0.0685608 0.0668299 0.0841113 0.107273 0.0157866
0.528619 0.063905 0.0872424 0.0313025 0.130047 0.0894417 0.0525768 0.016866
0.132919 9.9991E-05 0.203742 0.0519113 0.331116 0.0803719 0.0815237 0.118316
0.531047 0.0222487 0.0318866 9.9991E-05 0.207053 0.0473391 0.0360777 0.124247
0.493949 0.108403 0.105971 0.0434424 0.159576 0.0140828 0.0744759 9.9991E-05
0.288634 9.9991E-05 0.0994434 0.0486608 0.421696 0.0250768 0.10218 0.014208
0.0185682 0.0409472 0.112163 0.0937049 0.398419 0.0448008 0.244668 0.0467285
0.425802 0.0496462 0.154466 0.0607068 0.212931 0.0431115 0.0532361 9.9991E-05
0.336898 0.037155 0.14039 0.00193802 0.281254 0.0376052 0.0850016 0.0797577
9.9982E-05 9.9982E-05 0.0846676 0.082214 0.64771 0.021663 0.105043 0.0585027
0.453999 0.00857514 0.0418034 0.0859859 0.400906 0.00853042 9.9982E-05 9.9982E-05
0.623834 9.9973E-05 9.9973E-05 9.9973E-05 0.100583 0.222944 0.0462174 0.00612191
0.625358 9.9973E-05 0.0414731 0.0942207 0.100333 9.9973E-05 0.138315 9.9973E-05
0.182577 0.0639654 0.229119 0.074446 0.324939 0.0387695 0.0711508 0.0150326
0.353275 0.098709 0.0626358 0.0853581 0.340247 0.0244891 9.9991E-05 0.0351868
0.482024 9.9982E-05 9.9982E-05 0.0432358 0.310481 0.129466 0.0268418 0.0077511
0.250427 9.9982E-05 9.9982E-05 0.170356 0.436854 0.0915617 0.0126142 0.0379868
0.495387 9.9964E-05 0.411467 9.9964E-05 0.0529388 9.9964E-05 9.9964E-05 0.0398082
0.166243 9.9964E-05 0.69427 9.9964E-05 0.0948967 9.9964E-05 0.0441913 9.9964E-05
0.569263 0.030582 0.201945 0.0566449 0.0454737 9.9991E-05 0.0637848 0.0322066
0.54381 0.0457436 0.0823058 0.0917918 0.0780749 0.011063 0.107342 0.0398692
9.9955E-05 9.9955E-05 0.86934 0.118527 9.9955E-05 0.0116333 9.9955E-05 9.9955E-05
9.9964E-05 9.9964E-05 0.872478 0.0610668 0.00171126 0.0643439 9.9964E-05 9.9964E-05
0.195036 0.0313706 0.765 9.9964E-05 9.9964E-05 0.00819394 9.9964E-05 9.9964E-05
0.407524 0.00367008 0.496395 9.9982E-05 0.00216508 9.9982E-05 0.048378 0.0416671
0.56296 0.0782667 0.112827 9.9982E-05 0.0169099 0.102842 0.125995 9.9982E-05
0.385323 0.0499345 0.50436 9.9964E-05 0.0599831 9.9964E-05 9.9964E-05 9.9964E-05
0.0254319 0.0711844 0.64679 9.9982E-05 0.124166 9.9982E-05 0.0396289 0.0925992
0.195071 9.9964E-05 0.563593 9.9964E-05 0.0110546 9.9964E-05 9.9964E-05 0.229881
0.4686 0.122789 0.283279 9.9982E-05 0.00837301 0.0216072 0.095152 9.9982E-05
0.2776 0.028097 0.566468 9.9982E-05 0.0819669 9.9982E-05 0.0399457 0.00572302
0.365421 9.9982E-05 0.452335 0.0317877 9.9982E-05 0.031174 0.0771279 0.0419542
0.314953 9.9973E-05 0.611505 0.0466818 9.9973E-05 9.9973E-05 0.0214828 0.00507743
9.9964E-05 9.9964E-05 0.664275 0.237689 0.0290383 0.0685979 9.9964E-05 9.9964E-05
0.518504 0.0615382 0.173812 0.0289116 0.115658 0.0503799 0.0510972 9.9991E-05
0.0944666 9.9964E-05 9.9964E-05 9.9964E-05 0.0880289 9.9964E-05 0.815988 0.00111702
0.108906 9.9955E-05 9.9955E-05 9.9955E-05 9.9955E-05 0.00277753 0.887817 9.9955E-05
0.0929687 0.0439295 9.9964E-05 9.9964E-05 9.9964E-05 9.9964E-05 0.857866 0.00483544
0.0813357 0.0136724 9.9964E-05 0.00065042 9.9964E-05 9.9964E-05 0.903942 9.9964E-05
9.9964E-05 0.0913406 0.0736521 0.0194912 9.9964E-05 9.9964E-05 0.815116 9.9964E-05
0.00229037 0.100494 0.0411919 9.9964E-05 9.9964E-05 9.9964E-05 0.855624 9.9964E-05
0.0137403 0.0423434 0.00149897 0.0170915 9.9982E-05 0.0132279 0.911898 9.9982E-05
0.381125 0.117401 0.261257 0.0147414 0.0632718 0.0219628 0.140141 9.9991E-05
0.440696 0.148832 0.0985666 0.0432799 0.165508 0.0342395 0.0687786 9.9991E-05
0.0259147 9.9973E-05 0.726845 9.9973E-05 0.133991 0.0904011 0.0225478 9.9973E-05
0.40224 0.127315 0.0946449 9.9991E-05 0.167381 0.0485221 0.0688989 0.0908982
0.393104 9.9973E-05 0.400454 9.9973E-05 0.119155 9.9973E-05 0.0787033 0.00828321
0.544469 0.104967 0.295769 0.00846173 9.9973E-05 9.9973E-05 0.0460328 9.9973E-05
0.501722 0.00655599 0.212971 0.0804915 0.0949642 0.0775131 0.0256827 9.9991E-05
0.447332 0.0448635 0.458473 9.9973E-05 9.9973E-05 0.039659 0.00937227 9.9973E-05
9.9973E-05 9.9973E-05 0.740005 9.9973E-05 0.112519 0.0370934 0.0746235 0.0354586
0.443141 0.0950973 0.1199 0.0503471 0.0461335 0.043775 0.111447 0.0901596
0.595928 0.0498105 0.219172 9.9982E-05 0.0306313 0.0487251 0.0555331 9.9982E-05
0.520201 0.0403083 0.132249 0.0545495 0.0932907 9.9991E-05 0.12258 0.0367209
0.31246 0.011097 0.476744 0.166029 9.9973E-05 0.0333702 9.9973E-05 9.9973E-05
0.433596 9.9964E-05 0.438054 9.9964E-05 9.9964E-05 0.0689538 0.0589968 9.9964E-05
0.461477 0.014904 0.36699 0.0584307 0.0319442 9.9982E-05 9.9982E-05 0.0660535
0.183783 0.132582 0.611448 9.9973E-05 9.9973E-05 0.04022 9.9973E-05 0.0316675
0.418504 9.9973E-05 0.462084 9.9973E-05 9.9973E-05 0.0115308 0.0510732 0.0565081
0.58854 0.0168995 0.126119 0.0392352 9.9991E-05 0.0615799 0.133556 0.0339697
0.17551 9.9991E-05 0.104862 0.131211 0.424455 0.0689702 0.065441 0.0294518
0.458199 0.0758466 0.0377466 9.9991E-05 0.14917 0.0828857 0.136161 0.0598909
0.326142 0.0388332 0.0432863 0.0533365 0.290059 9.9991E-05 0.135429 0.112814
0.485008 0.0530576 0.0588187 9.9991E-05 0.268669 0.0238885 0.106106 0.00435148
0.46192 0.0864749 0.0346881 0.0288014 0.168919 0.112224 0.0126638 0.0943085
0.436558 9.9964E-05 0.102472 9.9964E-05 0.450897 9.9964E-05 0.00967309 9.9964E-05
0.463333 0.0580026 0.081366 9.9982E-05 0.317896 0.0447449 9.9982E-05 0.0344581
0.449056 0.00994589 9.9982E-05 9.9982E-05 0.28464 0.0278935 0.0101214 0.218143
0.544852 9.9991E-05 0.0805456 0.0695507 0.182612 0.0184249 0.0234782 0.0804364
0.536003 9.9982E-05 0.0480078 0.0789458 0.186067 9.9982E-05 0.0244452 0.126332
0.530365 9.9982E-05 0.088929 9.9982E-05 0.19503 0.0992291 0.0489462 0.0373012
0.455976 9.9982E-05 0.0511075 0.00877832 0.314067 0.0677833 9.9982E-05 0.102088
0.602526 0.0635646 0.0234415 0.0603542 0.0622353 0.0925968 0.00554804 0.0897339
0.560249 0.128262 0.0791129 0.10054 9.9982E-05 9.9982E-05 0.0309038 0.100731
0.495345 0.0375175 0.0855818 9.9982E-05 0.301667 0.057638 9.9982E-05 0.0220515
0.476088 0.0356245 0.0560199 9.9991E-05 0.196634 0.0831917 0.076522 0.0758196
0.48175 0.0638103 0.061208 0.133989 0.176242 0.0542629 9.9991E-05 0.0286381
0.310101 0.00796846 9.9982E-05 0.114749 0.368385 0.0767551 0.121842 9.9982E-05
0.612959 0.0430735 0.0783033 0.0519376 0.108213 9.9991E-05 0.0446728 0.0607405
0.64152 9.9982E-05 9.9982E-05 0.00696 0.211025 0.124583 0.00316642 0.0125456
0.172028 0.0473159 0.16863 9.9991E-05 0.480811 0.0414402 0.021622 0.0680538
0.131721 9.9973E-05 9.9973E-05 0.306113 0.433627 0.0946215 9.9973E-05 0.0336171
0.553639 9.9982E-05 0.030365 9.9982E-05 0.235325 0.0627485 0.0132371 0.104485
0.015112 0.051722 0.141957 0.168976 0.366682 0.190191 9.9991E-05 0.0652608
0.168265 9.9973E-05 0.0673619 9.9973E-05 0.641114 0.0750658 0.0478931 9.9973E-05
0.373089 9.9982E-05 0.0922618 9.9982E-05 0.484394 0.0265265 0.00586621 0.017662
0.231403 9.9973E-05 0.211378 9.9973E-05 0.396647 9.9973E-05 0.0457085 0.114564
0.236919 9.9991E-05 0.143595 0.0207039 0.509357 0.00734782 0.0169724 0.0650047
0.536441 0.0552497 0.0814055 0.0432295 0.158327 0.0228678 0.0422344 0.0602447
0.500893 0.0731812 0.0244852 0.0695022 0.0240368 0.0871466 0.132369 0.088386
0.417304 0.144109 9.9982E-05 0.00160184 0.314358 0.0983395 9.9982E-05 0.0240881
0.115612 0.0522108 0.0615503 0.253667 0.46731 0.04945 9.9982E-05 9.9982E-05
0.504171 9.9982E-05 0.143822 0.131482 9.9982E-05 0.0704069 0.13676 0.0131585
0.361617 0.101601 0.204279 0.111467 0.0604917 0.0550487 0.0414795 0.0640164
0.00169936 9.9991E-05 0.124644 0.450462 0.149834 0.0227961 0.119327 0.131136
0.610728 0.0962467 0.00802907 0.101798 0.0819087 0.0907408 0.0104482 9.9991E-05
0.34391 0.0667873 0.125841 0.305332 0.113109 9.9982E-05 0.0448215 9.9982E-05
0.536669 0.0364503 0.0594926 0.131 0.0251477 0.125919 0.0482061 0.0371146
0.296329 9.9982E-05 0.0862339 0.413133 0.121437 9.9982E-05 0.0434592 0.0392078
0.208663 9.9991E-05 0.0924623 0.422661 0.0668616 0.0853886 0.047987 0.0758765
0.370234 0.151979 0.107945 0.0292888 9.9991E-05 0.0819208 0.158245 0.100288
0.435888 9.9991E-05 0.0395131 0.222934 0.123949 0.0903463 0.0521411 0.0351284
0.495986 0.0300911 0.105213 0.105799 0.114864 0.0683787 0.030333 0.0493351
0.433875 9.9982E-05 0.134748 0.187968 0.0882146 9.9982E-05 0.139397 0.0155978
0.524838 0.0465988 0.108149 0.0401708 0.00831635 0.14167 0.10722 0.0230371
0.496428 0.100419 0.115659 0.076813 0.0234427 0.0561546 0.116097 0.0149866
9.9982E-05 0.159125 0.174656 0.312454 0.203758 0.0997568 0.0500513 9.9982E-05
0.512287 0.0928946 0.0680641 0.0554284 0.0544365 0.096952 0.0818184 0.0381193
0.425419 0.050908 0.0615984 0.0641134 0.131737 0.0896705 0.11062 0.0659333
0.346487 9.9982E-05 0.161847 0.271288 0.135188 0.0788145 9.9982E-05 0.00617532
0.416942 0.0471406 0.120444 0.116391 0.120553 0.17833 9.9982E-05 9.9982E-05
0.528971 9.9982E-05 0.0904394 0.124297 0.166136 9.9982E-05 0.0649204 0.0250368
0.467403 0.146003 0.0731968 0.0414734 0.0691379 0.0753712 0.0369135 0.0905016
0.474985 0.126799 0.103556 0.0440978 0.0550397 0.0652057 0.130217 9.9991E-05
0.192891 0.231304 9.9973E-05 0.282866 9.9973E-05 0.0222618 0.270377 9.9973E-05
9.9955E-05 0.107574 9.9955E-05 0.403282 9.9955E-05 9.9955E-05 0.488645 9.9955E-05
9.9964E-05 0.120616 9.9964E-05 0.488532 9.9964E-05 0.00837861 0.382074 9.9964E-05
0.0220822 0.341317 9.9973E-05 0.219406 0.126392 9.9973E-05 0.290502 9.9973E-05
0.674975 9.9964E-05 0.0261699 0.260042 9.9964E-05 9.9964E-05 9.9964E-05 0.0384132
0.581639 0.06282 0.112224 0.0953019 0.0192453 0.0300623 9.9991E-05 0.0986073
0.255757 0.665492 9.9955E-05 9.9955E-05 0.0782516 9.9955E-05 9.9955E-05 9.9955E-05
0.465456 0.32305 9.9973E-05 0.0318538 0.147322 9.9973E-05 0.0320174 9.9973E-05
0.304327 0.385846 0.113498 9.9991E-05 0.0124634 0.0462955 0.0529696 0.0845013
0.321325 9.9982E-05 0.127774 0.362251 9.9982E-05 0.178024 0.00314994 0.00727604
0.485071 0.0759454 9.9991E-05 0.113271 0.151967 0.0717795 0.0232099 0.0786565
0.203968 9.9973E-05 0.046725 0.495322 9.9973E-05 0.215572 9.9973E-05 0.0381139
0.577475 0.0199194 0.109966 0.127914 9.9982E-05 0.0688851 9.9982E-05 0.0956402
0.483609 9.9982E-05 9.9982E-05 0.185742 0.125945 0.158426 0.0293425 0.0167366
0.552464 9.9973E-05 9.9973E-05 0.294566 0.0257466 0.112838 9.9973E-05 0.0140854
0.227123 9.9982E-05 0.0549764 0.425707 0.128199 0.111 9.9982E-05 0.052795
0.607127 0.0607763 0.107172 0.0827395 0.0432785 0.0987067 9.9982E-05 9.9982E-05
0.633229 0.0382235 0.0865365 0.0917062 9.9991E-05 0.0362895 0.0539904 0.0599245
0.387123 0.0686021 0.111898 0.0946848 0.152746 0.0842771 0.100569 9.9991E-05
0.59873 0.0999575 9.9991E-05 0.116466 0.033045 0.019306 0.0944883 0.0379067
9.9946E-05 0.924613 9.9946E-05 9.9946E-05 9.9946E-05 0.0747872 9.9946E-05 9.9946E-05
0.136648 0.840094 9.9955E-05 9.9955E-05 9.9955E-05 0.0227585 9.9955E-05 9.9955E-05
0.226068 0.583572 0.115059 9.9973E-05 0.0469173 9.9973E-05 0.0280845 9.9973E-05
0.265518 0.693996 9.9964E-05 9.9964E-05 9.9964E-05 0.0279389 9.9964E-05 0.012148
0.0184914 0.860707 0.108547 9.9964E-05 9.9964E-05 9.9964E-05 9.9964E-05 0.011855
9.994E-05 0.9993 9.994E-05 9.994E-05 9.994E-05 9.994E-05 9.994E-05 9.994E-05
9.9964E-05 0.912586 9.9964E-05 0.0104868 9.9964E-05 0.00881375 9.9964E-05 0.0677134
0.183777 0.815624 9.9946E-05 9.9946E-05 9.9946E-05 9.9946E-05 9.9946E-05 9.9946E-05
9.9946E-05 0.962379 9.9946E-05 9.9946E-05 0.0370209 9.9946E-05 9.9946E-05 9.9946E-05
9.9946E-05 0.995565 9.9946E-05 9.9946E-05 9.9946E-05 0.00383525 9.9946E-05 9.9946E-05
9.994E-05 0.9993 9.994E-05 9.994E-05 9.994E-05 9.994E-05 9.994E-05 9.994E-05
0.173536 0.714241 9.9955E-05 9.9955E-05 0.111724 9.9955E-05 9.9955E-05 9.9955E-05
0.115963 0.7904 9.9973E-05 9.9973E-05 0.0666693 0.00799055 0.0186775 9.9973E-05
9.9955E-05 0.971206 0.0127451 9.9955E-05 9.9955E-05 9.9955E-05 9.9955E-05 0.0155493
0.383336 0.323461 0.0497062 0.0258335 0.137169 9.99833E-05 0.0802944 9.99833E-05
0.317505 0.572527 0.0327525 9.9973E-05 0.0585599 9.9973E-05 0.0183552 9.9973E-05
0.22802 0.646286 9.9964E-05 9.9964E-05 9.9964E-05 9.9964E-05 0.0765523 0.0487414
0.0780446 0.849128 9.9973E-05 9.9973E-05 0.0614011 9.9973E-05 0.0076973 0.00342954
9.9955E-05 0.964952 0.0148346 0.019714 9.9955E-05 9.9955E-05 9.9955E-05 9.9955E-05
0.0741953 0.852603 9.9955E-05 9.9955E-05 9.9955E-05 9.9955E-05 0.0727019 9.9955E-05
9.9946E-05 0.98956 9.9946E-05 9.9946E-05 9.9946E-05 9.9946E-05 0.00983994 9.9946E-05
0.198256 0.594631 0.0678481 9.9982E-05 9.9982E-05 0.0417949 0.0428205 0.0544493
0.0263031 0.923163 0.0101059 9.9973E-05 0.0349109 9.9973E-05 0.00521677 9.9973E-05
9.9955E-05 0.0568878 9.9955E-05 0.699631 9.9955E-05 9.9955E-05 0.242981 9.9955E-05
0.474169 0.039795 0.0223622 0.204565 9.9991E-05 0.0552988 0.112874 0.0908369
0.383163 0.0521001 0.0896705 0.160712 9.9991E-05 0.0351593 0.259768 0.0193267
0.291065 9.9973E-05 9.9973E-05 0.443028 9.9973E-05 0.0404929 0.191099 0.0340147
0.374858 0.177704 0.0269563 0.144883 9.9991E-05 0.0811629 0.0991855 0.0951512
0.16886 0.0819289 0.0645924 0.433746 0.0467698 9.9982E-05 0.203903 9.9982E-05
0.375051 0.13341 9.9991E-05 0.0723987 0.164464 0.0661312 0.0830934 0.105353
0.408358 0.01402 0.0992243 0.0309619 0.115922 0.0443395 0.194429 0.0927454
0.360445 0.155113 9.9964E-05 0.378976 9.9964E-05 9.9964E-05 0.105067 9.9964E-05
0.405897 0.2021 0.0680081 0.262833 9.9982E-05 0.0117471 0.0492159 9.9982E-05
0.393651 0.137063 9.9964E-05 0.337881 9.9964E-05 9.9964E-05 0.131005 9.9964E-05
0.508893 0.0511778 9.9982E-05 0.066541 0.0529957 0.126882 0.19331 9.9982E-05
0.409688 0.0179785 0.168526 0.150232 0.00158779 0.000257155 0.183009 0.0687216
0.0597454 9.9964E-05 9.9964E-05 0.0611638 9.9964E-05 9.9964E-05 0.783805 0.0948862
9.9955E-05 0.06823 9.9955E-05 9.9955E-05 0.0245613 9.9955E-05 0.906709 9.9955E-05
9.9973E-05 9.9973E-05 0.0500861 0.000526957 0.0151116 9.9973E-05 0.921228 0.012747
0.0100569 9.9973E-05 9.9973E-05 0.0263315 0.0389188 9.9973E-05 0.894067 0.0303263
0.0409592 0.00712736 9.9964E-05 9.9964E-05 0.0759869 9.9964E-05 0.875527 9.9964E-05
9.9973E-05 0.100733 0.010193 9.9973E-05 0.0128189 0.000863399 0.875091 9.9973E-05
0.05168 0.0541349 0.00387203 9.9964E-05 9.9964E-05 9.9964E-05 0.889913 9.9964E-05
9.9973E-05 9.9973E-05 9.9973E-05 0.0450684 0.0409631 0.0256026 0.885521 0.00254456
9.9973E-05 0.0388002 0.0462156 9.9973E-05 0.0166884 0.00600183 0.891994 9.9973E-05
9.9964E-05 0.0990766 9.9964E-05 0.0736451 0.037597 9.9964E-05 0.789281 9.9964E-05
9.9973E-05 9.9973E-05 0.104128 9.9973E-05 0.14225 0.00343305 0.62723 0.122659
9.9964E-05 9.9964E-05 0.0864672 9.9964E-05 0.131557 9.9964E-05 0.568925 0.212652
9.9982E-05 9.9982E-05 0.0696321 0.0512512 0.188013 0.0694354 0.52861 0.0928578
9.9973E-05 9.9973E-05 0.0973711 0.0519892 0.211502 9.9973E-05 0.470888 0.167949
0.439075 0.016476 0.30174 0.00152346 0.150663 0.0341705 0.0191675 0.0371847
0.433044 0.0839138 0.22455 0.00425623 0.0835197 0.112279 9.9991E-05 0.058337
0.549281 0.0603827 0.09214 9.9991E-05 0.174262 0.00897609 0.0541912 0.060667
0.389302 0.148554 0.134894 0.0916057 0.059906 0.0332995 0.0271766 0.115263
0.357359 9.9982E-05 0.19803 0.0357796 0.371195 9.9982E-05 0.0344188 0.00301814
0.0413558 0.0304087 0.20526 9.9982E-05 0.574314 0.00727036 9.9982E-05 0.141191
0.597781 0.0676451 0.272986 9.9982E-05 0.0267179 0.0290952 0.0055741 9.9982E-05
0.532658 9.9964E-05 0.330851 9.9964E-05 0.0823717 0.0537191 9.9964E-05 9.9964E-05
0.460238 0.00838593 0.324749 9.9982E-05 0.0818458 0.0617786 9.9982E-05 0.0628032
0.297357 0.0653214 0.591232 0.0166206 9.9982E-05 0.0120383 9.9982E-05 0.0172312
0.619478 9.9991E-05 0.119354 0.0273805 0.0195676 0.0228519 0.0323641 0.158904
0.37614 9.9982E-05 0.397101 9.9982E-05 0.0555501 0.0307659 0.033908 0.106335
9.9955E-05 9.9955E-05 0.726834 0.0751892 9.9955E-05 0.197477 9.9955E-05 9.9955E-05
0.411759 9.9982E-05 0.31832 0.0350569 0.0868127 9.9982E-05 0.105449 0.0424033
0.226595 9.9973E-05 0.484685 0.1276 9.9973E-05 0.144786 0.0160332 9.9973E-05
0.457745 0.0426517 0.378091 0.0492025 0.0284823 0.0436275 9.9982E-05 9.9982E-05
0.0649586 9.9973E-05 0.716042 9.9973E-05 0.122869 9.9973E-05 0.0694779 0.0263527
9.9964E-05 0.00381665 9.9964E-05 0.0898992 9.9964E-05 9.9964E-05 0.0542665 0.851618
0.0424984 0.00593496 9.9973E-05 0.00898155 9.9973E-05 9.9973E-05 0.0236455 0.91864
9.994E-05 9.994E-05 9.994E-05 9.994E-05 9.994E-05 9.994E-05 9.994E-05 0.9993
0.0013655 9.9964E-05 0.0370089 9.9964E-05 9.9964E-05 9.9964E-05 0.0146255 0.9466
0.0417624 9.9973E-05 0.0194233 0.0205143 9.9973E-05 0.0232285 9.9973E-05 0.894772
0.0269538 0.072656 9.9955E-05 9.9955E-05 9.9955E-05 9.9955E-05 9.9955E-05 0.89989
0.0621262 0.0116947 0.0219921 9.9982E-05 9.9982E-05 0.0102288 0.866858 0.0269003
0.0843878 0.0069635 9.9973E-05 9.9973E-05 0.0686649 9.9973E-05 0.821424 0.0182601
0.117267 0.107776 9.9973E-05 9.9973E-05 0.0161787 0.0438226 0.714656 9.9973E-05
0.0321282 0.088575 9.9973E-05 9.9973E-05 0.09734 9.9973E-05 0.722084 0.0595724
0.0602146 0.0752659 0.0318195 0.0645041 0.0136638 9.9991E-05 0.741946 0.0124859
9.9964E-05 9.9964E-05 9.9964E-05 0.0304389 0.231346 9.9964E-05 0.354874 0.382941
9.9973E-05 9.9973E-05 0.0328538 0.103235 9.9973E-05 0.0725099 0.449385 0.341716
9.9964E-05 9.9964E-05 9.9964E-05 9.9964E-05 0.0559626 0.135973 0.384803 0.422861
0.0904115 0.0509194 9.9964E-05 9.9964E-05 0.101896 9.9964E-05 0.756374 9.9964E-05
9.9973E-05 9.9973E-05 0.151099 0.073864 0.0489725 9.9973E-05 0.296362 0.429403
0.335957 0.331984 9.9964E-05 0.201616 9.9964E-05 9.9964E-05 0.130043 9.9964E-05
0.482896 0.208716 0.100919 0.0107401 0.0272403 9.9991E-05 0.129526 0.0398627
0.550021 0.276672 9.9964E-05 9.9964E-05 0.0162746 9.9964E-05 0.156633 9.9964E-05
0.37831 0.201613 9.9982E-05 0.151183 9.9982E-05 0.0141533 0.160101 0.0944404
0.421573 0.122042 0.0859289 0.0386056 0.0849504 0.0244275 0.203499 0.0189742
9.9955E-05 0.32251 9.9955E-05 0.346191 9.9955E-05 9.9955E-05 0.330798 9.9955E-05
0.423335 9.9982E-05 0.0626094 0.00868356 0.316697 0.00954719 9.9982E-05 0.178928
0.271514 0.0427627 0.0817837 0.11027 0.230387 0.195426 9.9991E-05 0.0677563
0.225023 9.9964E-05 9.9964E-05 9.9964E-05 0.651028 9.9964E-05 0.0807726 0.0427765
0.469554 9.9973E-05 9.9973E-05 0.059262 0.168613 0.232341 9.9973E-05 0.0699303
9.9973E-05 9.9973E-05 0.154765 0.346267 0.234317 0.253021 9.9973E-05 0.0113304
0.363655 0.0996908 0.0227044 0.0760038 0.313438 0.0329814 0.067827 0.0236987
0.479641 9.9991E-05 0.0324602 0.101176 0.185323 0.135463 0.0244511 0.0413852
0.239356 9.9973E-05 0.0576271 0.0575377 0.619254 9.9973E-05 0.025925 9.9973E-05
0.527205 0.0427366 0.0260016 0.0133873 0.252728 0.0122923 0.100855 0.0247945
0.0586351 9.9973E-05 0.0346246 0.347003 0.535787 0.0236505 9.9973E-05 9.9973E-05
0.421981 9.9982E-05 0.129247 0.099863 0.145608 0.128573 9.9982E-05 0.0745294
0.455604 0.020211 9.9973E-05 0.108599 0.306039 9.9973E-05 9.9973E-05 0.109247
0.238846 0.280564 0.160028 0.0533551 0.131393 9.9991E-05 0.131551 0.00416331
0.344527 9.9973E-05 0.0400299 0.0810816 0.456884 0.077178 9.9973E-05 9.9973E-05
0.39123 9.9991E-05 0.17255 0.0469352 0.211335 0.0694802 0.00330704 0.105063
0.487978 0.0143714 0.0597423 0.12585 0.134285 0.125492 9.9991E-05 0.0521817
0.515244 9.9991E-05 0.117384 0.135512 0.123496 0.0331151 0.00685268 0.0682963
0.598744 0.0640188 9.9982E-05 0.0498972 0.13922 0.0621535 0.0857673 9.9982E-05
0.519606 0.0184739 0.109724 0.0156989 0.135614 0.0151623 0.0674102 0.118312
0.553606 0.0255666 0.00986939 0.0568912 0.273629 0.00409601 0.0762424 9.9991E-05
0.188473 0.0564117 9.9964E-05 0.00341897 9.9964E-05 9.9964E-05 0.751297 9.9964E-05
0.142611 0.00726971 0.00953226 9.9973E-05 9.9973E-05 0.0180851 0.822202 9.9973E-05
0.0950334 9.9973E-05 9.9973E-05 0.00127638 9.9973E-05 0.0592436 0.766199 0.077948
0.0166506 0.0160272 0.0816388 9.9982E-05 9.9982E-05 0.047919 0.783265 0.0542995
0.140656 9.9964E-05 9.9964E-05 9.9964E-05 9.9964E-05 0.0354319 0.820521 0.00299079
0.0932599 0.0557264 9.9982E-05 0.0158547 0.709406 9.9982E-05 0.0245714 0.100982
0.512232 0.0361852 0.00859846 0.0621075 0.226832 0.112385 0.0415605 9.9991E-05
0.314843 0.202891 0.103866 0.103058 0.0261962 0.0773267 0.150978 0.0208416
0.609918 0.0258471 0.0288734 9.9964E-05 0.334962 9.9964E-05 9.9964E-05 9.9964E-05
0.355343 0.0230561 0.0688797 9.9991E-05 0.358907 0.066682 0.0511828 0.0758487
0.189402 0.0593181 9.9991E-05 0.251109 0.371374 0.100547 0.0039492 0.0242012
9.9973E-05 9.9973E-05 0.0187062 0.119961 0.652284 9.9973E-05 0.115622 0.0931269
0.47802 0.0480864 0.0346146 9.9991E-05 0.208329 0.0886913 0.018683 0.123476
0.0820224 0.0251315 9.9982E-05 9.9982E-05 0.574275 0.105951 0.0776639 0.134756
0.348861 9.9991E-05 0.166634 0.0653589 0.150981 0.167433 0.0579926 0.0426396
0.0491576 9.9991E-05 0.0065036 0.0170047 0.532197 0.154474 0.142969 0.0975938
0.635506 0.0547458 9.9982E-05 9.9982E-05 0.129888 0.0226066 0.084921 0.0721326
0.167673 9.9991E-05 0.0503942 0.0726383 0.545553 0.0828407 0.0665765 0.0142243
0.552626 0.101986 0.0603073 0.00732842 0.165344 0.0139091 0.0983996 9.9991E-05
0.269777 0.0839715 9.9982E-05 0.138767 0.397758 0.0640478 0.0454783 9.9982E-05
0.36565 0.0940291 0.0612997 0.199408 0.127654 0.0193392 0.0263474 0.106273
0.27556 9.9964E-05 9.9964E-05 0.479549 9.9964E-05 0.0772358 9.9964E-05 0.167256
0.527472 9.9982E-05 9.9982E-05 0.262422 0.0423991 0.00728182 0.0559801 0.104245
0.542766 0.0298325 0.0340323 0.220252 9.9991E-05 0.00555596 0.134146 0.033316
0.350882 9.9964E-05 0.0719019 0.500857 9.9964E-05 9.9964E-05 9.9964E-05 0.0759587
0.550546 0.129631 0.0152572 0.143928 9.9991E-05 0.0202053 0.0715986 0.0687337
0.436737 0.0271112 0.0962851 0.030332 0.151064 0.119773 0.0623856 0.0763123
0.552893 9.9982E-05 0.045163 0.180473 9.9982E-05 0.140621 0.0345334 0.0461166
0.0650024 9.9982E-05 0.230468 0.532771 0.0025037 0.0602333 9.9982E-05 0.108821
0.237898 9.9973E-05 0.145341 0.518713 9.9973E-05 0.0404495 9.9973E-05 0.0572988
0.457312 9.9973E-05 9.9973E-05 0.267946 0.0323397 0.115334 9.9973E-05 0.126768
0.426817 0.0795539 0.0400002 0.126602 0.212773 9.9991E-05 0.074304 0.0398503
0.152172 9.9973E-05 0.0965501 0.460196 9.9973E-05 0.172189 9.9973E-05 0.118593
0.429959 9.9973E-05 0.0727288 0.258968 0.170594 9.9973E-05 9.9973E-05 0.0674495
0.0136148 9.9982E-05 0.153208 9.9982E-05 0.650166 0.0363509 0.0775983 0.0688622
0.193513 9.9982E-05 0.057644 0.0512927 0.448449 0.186043 9.9982E-05 0.0628583
0.283783 0.0377614 0.0407761 9.9991E-05 0.450127 0.111268 0.0150349 0.0611493
0.5454 0.053329 0.0478295 0.0429619 0.192153 9.9991E-05 0.0476342 0.0705923
0.140576 9.9973E-05 0.264886 0.00501917 0.523541 9.9973E-05 9.9973E-05 0.0656789
0.45518 0.018769 0.0246728 0.0930519 0.218622 0.0944608 0.0315065 0.0637373
0.531715 0.0677318 0.0553237 0.0541873 0.19928 0.00215187 0.0387124 0.0508978
0.398744 0.0954422 0.0411706 0.0138958 0.296846 0.0520631 0.019133 0.0827052
0.343248 0.0899322 0.125144 9.9991E-05 0.31024 0.0772013 0.0220782 0.0320563
0.295563 0.0955377 0.228755 9.9982E-05 0.223292 9.9982E-05 0.0177326 0.13892
0.235767 0.0272468 0.143121 9.9973E-05 0.474626 9.9973E-05 9.9973E-05 0.118939
0.199574 0.0897455 9.9982E-05 0.0117093 0.462132 0.0847625 9.9982E-05 0.151877
0.576726 0.0134397 0.099148 0.0211569 0.232301 0.056309 9.9991E-05 0.000818923
0.508046 0.0548768 0.0311102 0.13186 0.192626 9.9991E-05 0.00558713 0.0757944
0.356368 9.9991E-05 0.0839165 0.198129 0.20771 0.113285 0.0203333 0.020159
0.486245 0.0433741 9.9973E-05 9.9973E-05 0.249934 0.184577 9.9973E-05 0.03557
0.381764 0.0510948 9.9973E-05 0.151248 0.316483 9.9973E-05 9.9973E-05 0.0991104
0.524657 9.9982E-05 9.9982E-05 0.0953393 0.358697 0.00524584 0.0148524 0.00100938
0.500857 0.0887735 9.9982E-05 9.9982E-05 0.260679 0.06081 0.00586851 0.0828121
0.346763 0.117326 0.0874995 0.0477172 0.2421 0.0382464 0.120247 9.9991E-05
0.335525 0.126309 0.0222424 0.145442 0.0789157 9.9982E-05 0.291365 9.9982E-05
0.449903 0.166515 0.117416 0.0878942 0.00932216 0.043022 0.125827 9.9991E-05
0.443931 0.116796 0.0314775 0.0602994 0.150525 0.0167403 0.132909 0.0473219
0.576522 0.105379 0.0178375 0.147636 0.035749 0.0818557 0.0159257 0.019095
0.28806 0.262954 0.0488785 9.9982E-05 0.117788 0.100748 0.181372 9.9982E-05
0.419355 9.9964E-05 9.9964E-05 0.15845 0.336655 0.0851408 9.9964E-05 9.9964E-05
0.533762 0.120474 0.07301 9.9982E-05 0.153477 9.9982E-05 0.0899553 0.0291231
9.9973E-05 0.148288 0.109876 0.465355 0.121207 9.9973E-05 0.154974 9.9973E-05
0.542415 0.133965 0.00597364 0.123731 0.0651512 0.00976174 0.0821492 0.0368526
0.502212 0.0995813 0.0863192 9.9982E-05 9.9982E-05 0.08696 0.152993 0.0717346
0.357931 0.296251 9.9973E-05 9.9973E-05 0.167645 0.0858298 0.092043 9.9973E-05
0.203917 0.187693 0.0775579 0.250369 0.113449 9.9982E-05 0.166814 9.9982E-05
0.527755 0.10111 9.9973E-05 0.1319 0.0137332 9.9973E-05 0.225202 9.9973E-05
0.558688 0.167078 9.9982E-05 0.0766961 0.063773 0.0101141 0.123451 9.9982E-05
9.9955E-05 0.190862 9.9955E-05 0.406925 9.9955E-05 9.9955E-05 0.401713 9.9955E-05
0.403727 0.218545 9.9973E-05 0.00306459 0.181376 9.9973E-05 0.192987 9.9973E-05
0.520479 0.162738 0.0991722 0.0926563 9.9973E-05 9.9973E-05 0.124655 9.9973E-05
0.437532 0.157612 9.9982E-05 0.171814 0.141137 0.0786716 9.9982E-05 0.0130329
0.54488 0.189512 9.9973E-05 0.114302 0.00235176 9.9973E-05 0.148654 9.9973E-05
0.521281 0.0622595 0.0918763 0.0232591 0.0340879 0.0369296 0.230207 9.9991E-05
0.440564 0.0141625 0.095719 9.9982E-05 0.000221005 0.391321 0.0578123 9.9982E-05
0.611565 9.9973E-05 9.9973E-05 9.9973E-05 0.017463 0.210375 0.15233 0.00796635
9.9955E-05 9.9955E-05 0.0878161 9.9955E-05 0.0552007 0.856483 9.9955E-05 9.9955E-05
0.407513 0.0414647 0.150203 0.0537801 0.0291285 0.164769 0.111847 0.0412936
0.414721 0.137985 0.0938732 0.0827884 9.9991E-05 0.0959175 0.0536321 0.120983
9.9973E-05 9.9973E-05 0.031652 9.9973E-05 0.00741509 0.88286 0.0199455 0.0578276
0.443083 0.035777 0.0523737 9.9982E-05 0.0364906 0.361018 0.0710572 9.9982E-05
0.426031 0.078832 0.09592 0.05881 0.098217 0.130467 0.111623 9.9991E-05
0.359682 0.293645 9.9982E-05 0.118579 0.0983503 0.0452168 0.0843271 9.9982E-05
0.248107 0.354006 0.0458731 0.0326409 9.9982E-05 0.230525 0.0886476 9.9982E-05
0.107338 0.334433 9.9982E-05 0.195709 0.0358284 0.166541 0.15995 9.9982E-05
0.284319 0.299638 9.9973E-05 9.9973E-05 0.0488184 0.201435 0.165491 9.9973E-05
0.399821 0.139357 0.0723473 0.0204834 0.0474986 0.111138 0.178221 0.0311342
0.0984493 0.0732819 9.9973E-05 0.173593 9.9973E-05 0.608411 0.0459653 9.9973E-05
0.138279 0.0754166 9.9973E-05 0.137257 9.9973E-05 0.54753 0.101218 9.9973E-05
0.539544 0.11391 9.9964E-05 9.9964E-05 9.9964E-05 0.34326 0.00288601 9.9964E-05
0.473087 0.0903232 9.9973E-05 9.9973E-05 9.9973E-05 0.357608 0.0760419 0.00263958
0.160325 0.0948 9.9964E-05 9.9964E-05 9.9964E-05 0.68954 0.0549347 9.9964E-05
0.607674 0.0212758 0.00848839 9.9991E-05 0.0757699 0.225441 0.0568446 0.00440604
0.474517 0.0738853 9.9973E-05 9.9973E-05 9.9973E-05 0.344152 0.0632962 0.0438498
0.40162 0.136838 0.12221 9.9982E-05 0.0316603 0.181858 0.125614 9.9982E-05
0.324204 9.9982E-05 0.0199787 9.9982E-05 0.0767988 0.511615 0.00138075 0.0658232
0.309774 9.9973E-05 0.0369361 9.9973E-05 0.214288 0.385055 0.0536471 9.9973E-05
0.363304 0.11957 0.110911 0.0719945 0.145447 0.0994696 0.0892048 9.9991E-05
0.423286 0.13416 0.102057 0.0144789 0.028364 0.266708 9.9991E-05 0.0308469
0.287967 0.0232175 0.165894 0.0165874 0.022022 0.317859 0.0870536 0.0794001
0.37951 0.0473995 9.9982E-05 9.9982E-05 0.198406 0.234175 0.102276 0.0380338
0.483757 9.9991E-05 0.0889344 0.15232 0.0831846 0.0415757 0.107529 0.0425993
0.44718 9.9964E-05 9.9964E-05 0.142376 0.0493748 0.360669 9.9964E-05 9.9964E-05
0.192147 9.9964E-05 9.9964E-05 0.0239886 9.9964E-05 0.704406 9.9964E-05 0.0790588
0.577966 9.9964E-05 0.0909374 9.9964E-05 9.9964E-05 0.312652 0.0180444 9.9964E-05
0.463065 0.0259423 0.00943682 9.9982E-05 0.131871 0.19055 0.178936 9.9982E-05
0.181781 9.9973E-05 0.060309 9.9973E-05 0.0346149 0.700967 9.9973E-05 0.0220288
0.392149 9.9964E-05 9.9964E-05 9.9964E-05 9.9964E-05 0.496717 0.0212456 0.0894884
0.558103 9.9982E-05 0.0660919 9.9982E-05 0.0453902 0.228399 0.0902509 0.0115648
0.413084 9.9982E-05 0.0704894 0.0460634 0.0900343 0.319878 0.0602505 9.9982E-05
0.563923 0.104264 0.0581115 0.126322 9.9982E-05 0.0142418 0.132937 9.9982E-05
0.43279 0.122826 9.9982E-05 0.0467902 9.9982E-05 0.215625 0.055312 0.126456
0.320334 0.261752 0.0135624 0.215077 9.9982E-05 9.9982E-05 0.15011 0.038965
0.413377 0.154159 0.0837688 9.9982E-05 9.9982E-05 0.157848 0.119607 0.0710405
0.298679 0.191537 0.143986 0.144152 9.9982E-05 9.9982E-05 0.117286 0.10416
0.353236 0.204378 0.0758449 0.00745166 0.155364 9.9991E-05 0.141954 0.0616713
0.447706 0.163136 0.137893 0.0947475 9.9991E-05 0.00257354 0.107488 0.0463564
0.337695 0.242268 0.11605 0.0151782 9.9991E-05 0.137691 0.0500855 0.100931
9.9973E-05 0.112369 9.9973E-05 0.0416591 9.9973E-05 0.605814 0.197152 0.0427056
0.551255 0.200657 9.9982E-05 0.037409 9.9982E-05 0.138626 0.0240295 0.047823
9.9964E-05 0.0695902 9.9964E-05 0.126621 9.9964E-05 0.425514 0.377876 9.9964E-05
0.46995 0.182866 9.9964E-05 9.9964E-05 9.9964E-05 0.310667 0.0361172 9.9964E-05
0.454529 0.101738 0.0883521 9.9991E-05 0.0599376 0.102144 0.116385 0.0768149
0.00719844 9.9964E-05 0.0513097 0.0493351 9.9964E-05 0.891757 9.9964E-05 9.9964E-05
9.9973E-05 9.9973E-05 0.0174377 0.0196833 0.0289711 0.932502 0.00110626 9.9973E-05
0.357555 9.9955E-05 9.9955E-05 9.9955E-05 0.112614 0.529331 9.9955E-05 9.9955E-05
0.59706 0.0455074 9.9964E-05 9.9964E-05 9.9964E-05 0.311763 0.0452703 9.9964E-05
0.332257 9.9964E-05 0.00532669 0.0327528 9.9964E-05 0.629264 9.9964E-05 9.9964E-05
0.450349 0.0152322 0.0609294 9.9964E-05 9.9964E-05 0.47309 9.9964E-05 9.9964E-05
0.514441 9.9946E-05 9.9946E-05 9.9946E-05 9.9946E-05 0.484959 9.9946E-05 9.9946E-05
0.0963421 0.0696249 9.9982E-05 9.9982E-05 0.0179964 0.0845878 0.729377 0.00187173
9.9973E-05 0.0590556 0.00134342 9.9973E-05 0.126298 9.9973E-05 0.732064 0.0809398
9.9955E-05 0.0906253 9.9955E-05 9.9955E-05 9.9955E-05 9.9955E-05 0.839174 0.069701
0.0720623 9.9946E-05 9.9946E-05 9.9946E-05 9.9946E-05 9.9946E-05 0.927338 9.9946E-05
0.408149 0.00840855 0.309515 9.9982E-05 0.0988294 0.099096 0.0758019 9.9982E-05
0.446839 0.0573099 0.333596 0.013811 0.0130244 9.9991E-05 0.0504799 0.0848397
0.41357 0.0249883 0.442264 9.9982E-05 0.0730227 0.0218988 9.9982E-05 0.0240563
0.560787 0.00407519 0.190626 0.034741 0.135994 9.9982E-05 0.0735767 9.9982E-05
0.545393 0.0355855 0.135319 0.0973954 9.9982E-05 9.9982E-05 0.0596083 0.126498
0.199066 0.0077513 0.539886 9.9991E-05 0.0746505 0.00254735 0.0652848 0.110714
0.540277 0.0870413 0.250144 0.00747009 0.0479277 0.0669401 9.9982E-05 9.9982E-05
0.292702 9.9964E-05 0.491443 0.147519 9.9964E-05 0.0679362 9.9964E-05 9.9964E-05
0.52745 0.117949 0.0551323 0.0984648 0.00468152 9.9982E-05 0.196122 9.9982E-05
0.366273 0.0301886 0.437446 0.0693961 0.0132744 0.0832212 9.9982E-05 9.9982E-05
0.363554 9.9973E-05 0.487259 9.9973E-05 0.0916786 9.9973E-05 0.0300345 0.0271738
0.54467 9.9973E-05 0.153592 9.9973E-05 0.0574615 0.107789 0.136188 9.9973E-05
0.52767 0.0335266 0.375211 9.9982E-05 0.0258003 0.013824 9.9982E-05 0.0237684
0.410637 0.0147209 0.438682 9.9982E-05 0.122829 9.9982E-05 0.0124885 0.000443105
0.548428 9.9973E-05 0.314235 0.0479681 9.9973E-05 0.0641833 0.0248853 9.9973E-05
0.56961 9.9955E-05 0.345983 9.9955E-05 9.9955E-05 9.9955E-05 0.0839073 9.9955E-05
0.0304342 9.9964E-05 0.881357 0.0555832 9.9964E-05 0.0322254 9.9964E-05 9.9964E-05
0.146199 0.0647956 0.536751 0.107911 0.0682435 0.0759001 9.9982E-05 9.9982E-05
0.263576 0.00895973 0.533952 0.0839157 0.0426923 0.0320582 0.0134688 0.0213776
9.9946E-05 9.9946E-05 0.806591 0.192809 9.9946E-05 9.9946E-05 9.9946E-05 9.9946E-05
0.379392 0.202593 0.0825543 0.00136197 9.9991E-05 0.0833309 0.217961 0.0327063
0.355416 9.9982E-05 0.465772 0.0609812 9.9982E-05 0.0246041 0.0598705 0.0331569
0.0591336 9.9964E-05 0.587362 0.336031 9.9964E-05 0.0170741 9.9964E-05 9.9964E-05
9.9955E-05 9.9955E-05 0.626476 0.246364 9.9955E-05 0.126661 9.9955E-05 9.9955E-05
0.562125 9.9973E-05 0.22525 0.010646 9.9973E-05 0.185546 0.016133 9.9973E-05
0.17046 9.9991E-05 0.643807 0.00550749 0.0830975 0.0241917 0.0671238 0.00571199
0.392411 0.0656795 0.481654 0.0136461 9.9982E-05 9.9982E-05 0.0179693 0.02844
0.583867 9.9982E-05 0.173193 0.0562991 0.0557477 0.0359158 0.094777 9.9982E-05
0.481641 0.0102615 0.344657 9.9973E-05 0.133451 9.9973E-05 9.9973E-05 0.0296895
0.334116 9.9964E-05 9.9964E-05 0.145011 0.420484 0.0999886 9.9964E-05 9.9964E-05
0.45667 0.059953 0.409093 0.012767 9.9991E-05 0.0218775 0.0179761 0.0215634
0.357966 0.00757189 0.363215 9.9982E-05 0.188785 0.0240762 0.0581858 9.9982E-05
0.282849 0.00723262 0.651221 0.0257385 9.9982E-05 0.0125828 9.9982E-05 0.0201761
0.518107 9.9982E-05 0.237293 0.0311622 9.9982E-05 0.0687043 0.075833 0.0687003
9.9955E-05 9.9955E-05 9.9955E-05 9.9955E-05 0.160889 9.9955E-05 0.681048 0.157563
0.0717359 9.9991E-05 0.04334 0.0451966 0.0491859 0.0120758 0.706625 0.0717407
9.9973E-05 9.9973E-05 9.9973E-05 0.0135415 0.1458 0.00888091 0.803658 0.0278198
9.9964E-05 9.9964E-05 0.00676842 9.9964E-05 9.9964E-05 0.0457182 0.838248 0.108865
0.0478852 9.9973E-05 0.0167186 9.9973E-05 0.0728142 9.9973E-05 0.701 0.161282
0.0188521 0.0394796 0.756225 9.9982E-05 0.12497 9.9982E-05 0.0513821 0.00889174
0.0875454 9.9973E-05 0.630504 9.9973E-05 0.140288 9.9973E-05 0.0888193 0.0525431
0.103235 9.9964E-05 0.78901 0.016268 9.9964E-05 0.0910873 9.9964E-05 9.9964E-05
0.430001 0.120231 0.199595 9.9982E-05 0.0903145 9.9982E-05 0.0845708 0.0750867
0.552929 9.9964E-05 0.271157 9.9964E-05 9.9964E-05 9.9964E-05 0.162547 0.0129673
0.208921 0.0882594 0.523411 0.0595601 0.0205217 0.0602546 9.9991E-05 0.0389723
0.616529 0.0175896 0.292917 9.9964E-05 9.9964E-05 9.9964E-05 9.9964E-05 0.0725648
0.321132 0.0494535 0.52016 0.0373637 9.9982E-05 0.00407143 0.0676194 9.9982E-05
0.441035 9.9982E-05 0.151399 0.220391 0.0377218 9.9982E-05 0.143008 0.00624539
0.580568 9.9973E-05 0.346718 9.9973E-05 0.0186277 0.0252129 9.9973E-05 0.0285729
0.448848 0.101841 0.281291 9.9982E-05 0.0872074 0.0726277 0.00798445 9.9982E-05
0.230584 0.0120089 0.55898 0.0228958 0.130418 0.0442525 9.9991E-05 0.000760589
0.304693 9.9964E-05 0.572809 9.9964E-05 0.11039 9.9964E-05 9.9964E-05 0.0117075
0.342778 9.9955E-05 0.452585 9.9955E-05 0.204138 9.9955E-05 9.9955E-05 9.9955E-05
0.583107 0.00476666 0.0379659 0.196725 0.0364136 0.0335687 0.021515 0.0859386
0.395673 9.9964E-05 0.552002 9.9964E-05 0.0196125 9.9964E-05 0.0323132 9.9964E-05
0.41943 0.0135069 0.411115 0.0191461 9.9991E-05 0.0309196 0.0741727 0.0316094
0.427749 0.351985 0.0576911 0.0366487 9.9991E-05 0.0201354 0.043036 0.0626547
0.423849 0.367705 9.9973E-05 0.0298621 0.0531775 9.9973E-05 0.125107 9.9973E-05
0.38173 0.453245 9.9982E-05 0.06153 9.9982E-05 0.0195632 0.0601838 0.023548
0.360526 0.417167 9.9964E-05 0.107471 9.9964E-05 9.9964E-05 0.114436 9.9964E-05
0.472574 0.319446 9.9982E-05 9.9982E-05 0.0216843 0.0715774 0.0977746 0.0167446
0.405189 0.0637493 0.306701 0.162669 9.9982E-05 0.0304223 9.9982E-05 0.0310701
0.0749098 0.600072 9.9982E-05 0.0487846 9.9982E-05 0.0233082 0.252117 0.000608169
0.311236 0.420915 0.0370796 9.9973E-05 9.9973E-05 0.0358609 0.194608 9.9973E-05
0.420322 0.146481 0.02942 0.226322 9.99839E-05 9.99839E-05 0.136949 0.0403054
0.58369 9.9973E-05 9.9973E-05 0.261387 0.0356591 9.9973E-05 0.0951178 0.0238465
0.486592 9.9982E-05 0.0374547 0.235929 0.0622454 9.9982E-05 0.0736408 0.103938
0.640555 0.0273957 9.9973E-05 0.254651 9.9973E-05 9.9973E-05 0.0191982 0.057901
0.490805 0.0377277 0.165724 0.160452 9.9982E-05 9.9982E-05 0.0898493 0.0552423
0.34316 0.503221 9.9955E-05 9.9955E-05 9.9955E-05 9.9955E-05 0.153119 9.9955E-05
0.379886 0.359769 0.00987359 9.9982E-05 0.0640211 9.9982E-05 0.166002 0.0202486
0.430676 0.447883 9.9964E-05 0.077319 9.9964E-05 9.9964E-05 0.0437229 9.9964E-05
0.468114 0.284994 0.0176104 0.0169406 0.0277657 0.0654503 0.0476018 0.0715224
0.266963 0.479537 0.0756393 0.0266639 9.9973E-05 9.9973E-05 0.150897 9.9973E-05
