0.296883 0.61026 0.0556429 9.9973E-05 0.0280319 0.00888276 9.9973E-05 9.9973E-05
0.628926 0.32862 0.0256471 0.0117606 9.9973E-05 9.9973E-05 0.00474614 9.9973E-05
0.35166 0.517166 0.0529258 9.9982E-05 0.000543454 0.0583489 9.9982E-05 0.0191558
0.399897 0.440186 0.000772325 0.00803213 0.101011 9.9982E-05 9.9982E-05 0.0499011
0.492033 0.47999 9.9964E-05 0.0210143 0.00656272 9.9964E-05 9.9964E-05 9.9964E-05
0.0417543 0.58513 0.0182398 0.099616 0.0250657 0.0553506 0.174743 9.9991E-05
0.0341644 0.758413 0.0336114 9.9964E-05 9.9964E-05 9.9964E-05 0.173411 9.9964E-05
0.0947133 0.598852 0.0190979 0.0953809 0.0822557 9.9982E-05 0.1095 9.9982E-05
0.593125 0.277881 0.000767178 9.99729E-05 0.0971019 9.99729E-05 0.030825 9.99729E-05
9.9973E-05 0.707276 0.0157191 0.127581 9.9973E-05 9.9973E-05 0.123357 0.0257665
0.0738951 0.677568 9.9982E-05 0.0517766 0.0789014 0.00916528 0.108494 9.9982E-05
0.0309195 0.00559805 9.9982E-05 9.9982E-05 0.325539 0.449209 0.0102034 0.17833
9.999E-05 0.0362731 0.0425116 0.0290362 0.31145 0.323028 0.132506 0.125095
9.9973E-05 0.217497 9.9973E-05 0.110229 0.199096 0.340052 9.9973E-05 0.132827
0.0605314 9.9991E-05 0.0334587 0.0313652 0.420981 0.339731 0.0570657 0.0567673
9.9973E-05 0.15123 0.00403043 9.9973E-05 0.244897 0.423264 9.9973E-05 0.176279
9.9982E-05 0.0700341 0.05183 0.0531809 0.315517 0.36815 9.9982E-05 0.141088
9.9973E-05 0.0897236 9.9973E-05 9.9973E-05 0.239867 0.368957 0.0599026 0.24125
9.9973E-05 0.134411 9.9973E-05 0.0710503 0.291941 0.42103 9.9973E-05 0.081268
9.994E-05 9.994E-05 0.9993 9.994E-05 9.994E-05 9.994E-05 9.994E-05 9.994E-05
9.994E-05 9.994E-05 0.9993 9.994E-05 9.994E-05 9.994E-05 9.994E-05 9.994E-05
0.203291 0.368568 0.33042 9.9982E-05 0.0287908 0.0424214 9.9982E-05 0.0263091
0.539473 0.0299434 0.238151 9.9982E-05 9.9982E-05 0.069872 0.0289714 0.093389
9.9982E-05 0.120691 9.9982E-05 0.0766323 0.446142 0.238234 0.0207813 0.0973191
9.9964E-05 0.0683254 0.066479 9.9964E-05 0.0818788 0.782917 9.9964E-05 9.9964E-05
9.9973E-05 9.9973E-05 0.0457561 0.11011 9.9973E-05 0.710526 0.0511019 0.0822063
0.0825062 9.9964E-05 9.9964E-05 0.112325 9.9964E-05 0.565614 0.239155 9.9964E-05
9.9973E-05 9.9973E-05 0.0283496 0.122445 0.405906 0.377701 0.0652986 9.9973E-05
0.0430497 9.9982E-05 9.9982E-05 0.12939 0.170022 0.416044 0.235712 0.00558229
9.999E-05 0.157225 0.0515867 0.0693975 0.234007 0.452912 0.0225281 0.0122436
0.156017 0.093296 0.0290809 0.0213046 0.244585 0.345824 0.0710879 0.0388049
9.9982E-05 0.0485199 0.080753 0.0724916 0.400185 0.354167 0.0436835 9.9982E-05
9.999E-05 0.0605495 0.0375854 0.0842606 0.249174 0.363801 0.0816535 0.122875
0.0408049 9.9991E-05 0.0848109 0.157188 0.30483 0.355781 0.0174357 0.0390494
9.9964E-05 9.9964E-05 0.0439228 9.9964E-05 0.146149 0.734373 9.9964E-05 0.0751554
0.062194 9.9955E-05 9.9955E-05 9.9955E-05 9.9955E-05 0.924559 0.0127471 9.9955E-05
0.0465958 9.9964E-05 9.9964E-05 0.00700879 9.9964E-05 0.931222 0.0147736 9.9964E-05
0.0117412 0.0205083 9.9973E-05 0.0350787 9.9973E-05 0.863489 9.9973E-05 0.0688829
0.0372026 0.0133663 9.9973E-05 9.9973E-05 0.153892 0.679984 9.9973E-05 0.115255
0.0245814 0.020007 9.9973E-05 9.9973E-05 0.290625 0.579485 9.9973E-05 0.0850019
0.0354452 9.9964E-05 9.9964E-05 0.0785235 9.9964E-05 0.748264 0.137368 9.9964E-05
0.32894 0.523492 0.0325405 9.9973E-05 0.0569126 9.9973E-05 9.9973E-05 0.0578157
0.434065 0.416083 0.131387 9.9973E-05 9.9973E-05 0.00646892 9.9973E-05 0.0116956
0.62276 0.189541 0.133689 9.9982E-05 9.9982E-05 0.0069438 0.0120487 0.0348178
0.675982 0.148117 0.0967084 9.9973E-05 9.9973E-05 9.9973E-05 0.0572417 0.0216512
0.429983 0.412341 0.0850188 9.9982E-05 9.9982E-05 0.0316722 0.0170349 0.0237495
0.6203 0.256908 0.0467459 9.9964E-05 9.9964E-05 9.9964E-05 9.9964E-05 0.0756453
0.584508 0.319793 0.041767 9.9964E-05 9.9964E-05 9.9964E-05 9.9964E-05 0.0535325
0.0722389 0.0121359 9.9955E-05 9.9955E-05 9.9955E-05 0.915125 9.9955E-05 9.9955E-05
0.103521 9.9955E-05 9.9955E-05 9.9955E-05 0.108062 0.787918 9.9955E-05 9.9955E-05
9.9964E-05 9.9964E-05 0.0366994 9.9964E-05 0.0196362 0.720716 9.9964E-05 0.222548
9.999E-05 0.0623611 0.0374959 0.206455 0.234635 0.302612 0.115448 0.0408918
9.9982E-05 0.0813841 0.00519145 0.109737 0.333323 0.318693 9.9982E-05 0.151472
0.0342634 9.9991E-05 0.0406029 0.229747 0.246662 0.221374 0.14951 0.0777404
9.9973E-05 9.9973E-05 9.9973E-05 0.282537 0.317762 0.24235 0.102684 0.0543673
9.9982E-05 0.191287 0.00208539 0.213388 0.263047 0.322582 9.9982E-05 0.00741007
9.9982E-05 0.110803 0.00499575 0.143479 0.428693 0.197196 9.9982E-05 0.114634
9.9982E-05 9.9982E-05 0.0275316 0.124442 0.310989 0.314205 0.130532 0.0920999
0.0840884 9.9973E-05 9.9973E-05 0.159299 0.233329 0.14293 0.380054 9.9973E-05
9.999E-05 0.119256 0.045665 0.138184 0.0911663 0.340386 0.243273 0.0219696
0.0287338 9.9982E-05 0.0584796 0.167329 0.191854 0.315551 0.237852 9.9982E-05
9.9982E-05 0.0693799 9.9982E-05 0.159782 0.137951 0.385405 0.143847 0.103435
9.999E-05 0.0591352 0.0318207 0.10612 0.000977952 0.388473 0.3487 0.0646735
9.9973E-05 9.9973E-05 9.9973E-05 0.0485905 0.171885 0.572062 0.126066 0.0810969
0.192705 0.0236453 0.0326225 9.9991E-05 0.0767203 0.0223083 0.399319 0.252579
0.232948 0.109973 9.9964E-05 9.9964E-05 9.9964E-05 9.9964E-05 0.596396 0.0602833
0.237383 9.9964E-05 0.0104522 9.9964E-05 9.9964E-05 9.9964E-05 0.652239 0.0995251
0.209132 0.10731 9.9982E-05 0.0176349 0.0596362 9.9982E-05 0.299944 0.306143
9.9982E-05 9.9982E-05 0.0400228 0.30093 0.00535653 0.33171 0.263545 0.0582352
9.9973E-05 9.9973E-05 9.9973E-05 0.348409 0.0229723 0.25493 0.349566 0.0238227
9.9973E-05 9.9973E-05 9.9973E-05 0.135379 0.0898271 0.402548 0.355243 0.0167035
9.9955E-05 9.9955E-05 9.9955E-05 0.0523861 9.9955E-05 0.00762356 9.9955E-05 0.939491
0.0110805 9.9964E-05 9.9964E-05 9.9964E-05 0.0297285 0.0575384 9.9964E-05 0.901253
9.9955E-05 9.9955E-05 0.00297511 9.9955E-05 9.9955E-05 9.9955E-05 0.0370958 0.959429
0.00175446 0.00819745 9.9982E-05 0.0732845 0.0296539 9.9982E-05 0.0127261 0.874184
9.9964E-05 9.9964E-05 0.0107922 9.9964E-05 0.0280956 0.0296379 9.9964E-05 0.931075
9.994E-05 9.994E-05 9.994E-05 9.994E-05 9.994E-05 9.994E-05 9.994E-05 0.9993
9.994E-05 9.994E-05 9.994E-05 9.994E-05 9.994E-05 9.994E-05 9.994E-05 0.9993
9.9955E-05 9.9955E-05 0.00908676 9.9955E-05 9.9955E-05 0.0252312 9.9955E-05 0.965182
0.019466 0.023726 9.9964E-05 9.9964E-05 9.9964E-05 9.9964E-05 0.0328592 0.923549
9.9973E-05 0.111022 0.00286078 9.9973E-05 0.0206572 9.9973E-05 0.0222184 0.842942
9.9946E-05 9.9946E-05 0.044846 9.9946E-05 9.9946E-05 9.9946E-05 9.9946E-05 0.954554
9.9982E-05 0.0797068 0.00870378 0.0112663 0.0175817 0.0103803 9.9982E-05 0.872161
0.110618 0.0569697 9.9982E-05 0.0538581 9.9982E-05 0.135726 0.629245 0.0133826
9.9991E-05 0.13769 0.04813 0.0444056 0.0988864 0.168168 0.413325 0.0892954
0.00279163 0.158484 0.0329324 0.120297 9.9991E-05 0.167361 0.397889 0.120145
0.34945 0.527073 9.9973E-05 9.9973E-05 0.0503326 0.0397424 0.0331019 9.9973E-05
0.28693 0.61626 0.0555829 9.9964E-05 9.9964E-05 9.9964E-05 9.9964E-05 0.0408273
0.207006 0.791881 0.000612908 9.9955E-05 9.9955E-05 9.9955E-05 9.9955E-05 9.9955E-05
0.294421 0.684066 9.9955E-05 9.9955E-05 0.0210134 9.9955E-05 9.9955E-05 9.9955E-05
0.0447918 0.826012 0.0716409 9.9964E-05 9.9964E-05 9.9964E-05 0.0571556 9.9964E-05
0.593233 0.292841 0.0355539 9.9973E-05 9.9973E-05 9.9973E-05 0.018389 0.0596825
0.630809 0.264061 0.0105499 9.9964E-05 9.9964E-05 9.9964E-05 9.9964E-05 0.0941798
0.696108 0.226215 0.019122 0.032551 9.9973E-05 9.9973E-05 0.0257037 9.9973E-05
0.483972 0.468768 0.00898564 0.0272118 9.9973E-05 9.9973E-05 9.9973E-05 0.0107635
0.58509 0.323296 0.00549008 9.9973E-05 9.9973E-05 9.9973E-05 0.0378603 0.0479635
0.631375 9.9973E-05 0.0493646 0.0310573 0.166198 0.121706 9.9973E-05 9.9973E-05
0.408578 0.248999 9.9964E-05 9.9964E-05 0.267942 0.0740815 9.9964E-05 9.9964E-05
0.4718 0.0233123 0.0390286 0.104082 0.206479 0.0870493 0.0681495 9.9991E-05
0.322857 0.21428 9.9973E-05 0.0265124 0.302639 0.133412 9.9973E-05 9.9973E-05
9.9973E-05 0.056412 0.030236 9.9973E-05 0.506032 0.38929 9.9973E-05 0.01773
0.0310314 9.9964E-05 9.9964E-05 0.0572308 9.9964E-05 0.739811 9.9964E-05 0.171527
0.018694 9.9964E-05 9.9964E-05 0.0647522 9.9964E-05 0.865305 0.050849 9.9964E-05
0.0299871 9.9982E-05 0.00868654 0.133982 9.9982E-05 0.676278 0.101637 0.0492295
0.0411476 0.0877738 9.9973E-05 9.9973E-05 0.152135 0.717157 9.9973E-05 0.00148719
9.9955E-05 0.0979748 9.9955E-05 9.9955E-05 0.850706 9.9955E-05 0.0508192 9.9955E-05
0.0445087 9.9973E-05 9.9973E-05 0.0471457 0.83904 0.0268892 0.0421164 9.9973E-05
0.0216724 0.0057439 9.9964E-05 0.0247073 0.947477 9.9964E-05 9.9964E-05 9.9964E-05
0.0732987 9.9955E-05 9.9955E-05 0.0258056 0.900396 9.9955E-05 9.9955E-05 9.9955E-05
0.0403452 9.9982E-05 0.00699186 0.0308224 0.877492 0.00410449 0.0400441 9.9982E-05
0.0296622 0.0230562 9.9964E-05 9.9964E-05 0.855906 9.9964E-05 9.9964E-05 0.0909754
0.107351 0.745466 0.0560386 0.0374678 9.9973E-05 9.9973E-05 9.9973E-05 0.053377
9.99461E-05 0.974619 9.99461E-05 0.0247812 9.99461E-05 9.99461E-05 9.99461E-05 9.99461E-05
0.0683964 0.809521 0.0157256 0.0329887 9.9982E-05 9.9982E-05 0.00499889 0.0681693
9.9973E-05 0.818636 0.0228505 9.9973E-05 0.0732623 9.9973E-05 0.00288891 0.0820623
9.9973E-05 0.806284 9.9973E-05 9.9973E-05 0.0514102 0.0205341 0.0463985 0.0750734
0.378821 9.9955E-05 9.9955E-05 9.9955E-05 0.576255 9.9955E-05 0.0444238 9.9955E-05
0.434195 0.0355366 9.9973E-05 0.0557216 0.416967 9.9973E-05 0.05728 9.9973E-05
0.413717 0.062141 9.9964E-05 0.130665 0.393077 9.9964E-05 9.9964E-05 9.9964E-05
9.994E-05 9.994E-05 0.9993 9.994E-05 9.994E-05 9.994E-05 9.994E-05 9.994E-05
0.381751 9.9973E-05 0.0215633 9.9973E-05 0.498446 0.0258492 0.0720906 9.9973E-05
0.0131146 0.127004 0.0167494 0.0312757 0.0501498 0.123677 0.210679 0.427351
0.272461 0.0203151 9.9973E-05 0.0170752 9.9973E-05 9.9973E-05 0.412312 0.277536
0.086664 0.0047448 0.0116855 0.381867 0.139417 0.261853 0.00802866 0.105739
9.9982E-05 0.104779 0.0718315 0.0838056 0.441845 0.266005 9.9982E-05 0.0315335
0.0474522 0.0148174 9.9982E-05 0.255004 0.123108 0.398299 9.9982E-05 0.16112
9.9964E-05 9.9964E-05 9.9964E-05 0.247948 0.156342 0.378888 0.216422 9.9964E-05
0.0520335 9.9991E-05 0.0502299 0.115509 0.355732 0.331928 0.0010583 0.0934092
9.9964E-05 9.9964E-05 9.9964E-05 0.113063 0.199248 0.42303 0.264259 9.9964E-05
9.9973E-05 9.9973E-05 9.9973E-05 0.287385 0.235424 0.253832 0.0739841 0.149075
9.9982E-05 0.0748343 0.0233173 0.200812 0.277339 0.302214 9.9982E-05 0.121284
0.847558 9.9955E-05 9.9955E-05 9.9955E-05 9.9955E-05 0.01198 9.9955E-05 0.139962
0.879992 9.9964E-05 0.00365162 9.9964E-05 9.9964E-05 0.0157543 9.9964E-05 0.100202
0.618885 0.224781 9.9982E-05 0.0102941 0.0159072 0.0654605 9.9982E-05 0.0644723
0.878461 9.9964E-05 0.018434 9.9964E-05 9.9964E-05 0.029433 9.9964E-05 0.0732726
0.849202 9.9964E-05 0.0283341 9.9964E-05 9.9964E-05 0.0347851 9.9964E-05 0.0872791
9.9991E-05 0.0601135 0.00508675 0.10417 0.429971 0.271234 0.0208221 0.108502
9.9982E-05 0.0315197 9.9982E-05 0.194912 0.33005 0.108992 0.178879 0.155448
0.141995 9.9982E-05 0.0341739 0.00359563 0.460491 0.257252 0.102292 9.9982E-05
0.0280642 0.0477301 0.0199046 0.145395 0.51645 0.132128 9.9991E-05 0.110228
0.132919 0.00368478 0.0275997 0.197147 0.475662 0.0930639 0.00268516 0.0672388
9.9982E-05 0.0935377 0.0155062 0.0765492 0.455325 0.245927 9.9982E-05 0.112955
0.0674245 0.00506697 0.0189263 0.247646 0.268773 0.175965 0.0677383 0.14846
9.9973E-05 9.9973E-05 9.9973E-05 0.139747 0.129157 0.385571 0.271088 0.074137
9.9964E-05 9.9964E-05 9.9964E-05 0.14246 0.105078 0.341262 0.410801 9.9964E-05
9.9964E-05 9.9964E-05 9.9964E-05 0.260382 0.0779991 0.28522 0.375999 9.9964E-05
9.9964E-05 9.9964E-05 9.9964E-05 0.178834 0.12652 0.397931 0.296316 9.9964E-05
0.0215435 0.0551878 9.9991E-05 0.0110602 0.450111 0.383315 0.00915362 0.069529
9.9973E-05 9.9973E-05 9.9973E-05 0.261933 0.29788 0.267869 0.0913406 0.0806778
0.00138171 9.9982E-05 0.000453442 9.9982E-05 0.391158 0.460691 0.00833667 0.137779
9.9973E-05 9.9973E-05 0.00180084 0.025445 0.444555 0.324274 9.9973E-05 0.203625
0.152532 9.9973E-05 9.9973E-05 0.023237 9.9973E-05 0.341364 0.381869 0.100699
0.318233 9.9973E-05 0.0437006 9.9973E-05 9.9973E-05 0.0284916 0.483903 0.125373
9.9955E-05 9.9955E-05 9.9955E-05 0.930851 0.0598932 0.00875586 9.9955E-05 9.9955E-05
0.056253 9.9955E-05 9.9955E-05 0.92323 0.0200172 9.9955E-05 9.9955E-05 9.9955E-05
9.9982E-05 0.0815802 0.0115481 0.275952 9.9982E-05 0.0906102 0.112864 0.427245
9.9973E-05 0.170263 0.0688421 0.392161 9.9973E-05 9.9973E-05 0.0923161 0.276117
0.0885462 9.9964E-05 9.9964E-05 0.785231 9.9964E-05 9.9964E-05 0.123841 0.00198184
0.169462 9.9973E-05 0.0503323 0.637481 9.9973E-05 9.9973E-05 0.0776226 0.0648024
9.9973E-05 0.0568574 0.0401773 0.616984 9.9973E-05 0.0244154 9.9973E-05 0.261266
0.0743664 0.0287429 0.0449216 0.753942 9.9973E-05 9.9973E-05 9.9973E-05 0.0977271
0.05937 9.9964E-05 9.9964E-05 0.767822 0.145596 9.9964E-05 9.9964E-05 0.026812
0.066076 9.9982E-05 0.00725176 0.800769 0.0375021 0.0459921 9.9982E-05 0.0422089
0.122645 0.0311721 0.0490158 0.656 9.9982E-05 9.9982E-05 0.0921362 0.0488304
0.155986 0.1504 0.00977503 0.367931 9.9982E-05 9.9982E-05 0.239721 0.0759863
9.9955E-05 9.9955E-05 0.00663187 0.930105 9.9955E-05 0.0627632 9.9955E-05 9.9955E-05
0.0227423 9.9964E-05 0.00680619 0.885692 9.9964E-05 0.08436 9.9964E-05 9.9964E-05
0.00632305 9.9982E-05 0.0597168 0.639957 0.031863 0.138493 9.9982E-05 0.123447
9.9982E-05 0.00213014 0.0385905 0.710322 0.0292628 0.123711 9.9982E-05 0.0957828
0.634594 0.145854 0.0996347 0.0693152 0.0142599 0.00976951 0.0057776 0.020795
0.3859 0.321906 0.0496021 0.0389585 0.0644883 9.9991E-05 0.0455296 0.0935147
0.581373 0.320468 0.0241463 9.9964E-05 9.9964E-05 9.9964E-05 9.9964E-05 0.0736121
0.62161 0.27681 0.0817906 9.9964E-05 9.9964E-05 9.9964E-05 0.0193898 9.9964E-05
9.9982E-05 0.0855907 9.9982E-05 0.0759461 0.209352 0.516891 0.0050067 0.107013
0.0339258 9.9955E-05 0.0257219 9.9955E-05 9.9955E-05 0.939852 9.9955E-05 9.9955E-05
9.9973E-05 0.09449 0.00404266 0.0329712 9.9973E-05 0.772602 9.9973E-05 0.0955946
9.9955E-05 9.9955E-05 9.9955E-05 0.00689365 9.9955E-05 0.890597 0.102009 9.9955E-05
9.9964E-05 9.9964E-05 9.9964E-05 0.0162978 0.0642547 0.684374 0.234674 9.9964E-05
9.9955E-05 9.9955E-05 9.9955E-05 0.106812 9.9955E-05 0.733546 0.159142 9.9955E-05
0.0367818 0.0769657 0.0199186 0.0660188 0.046608 0.692599 9.9991E-05 0.0610082
9.9964E-05 9.9964E-05 0.0419745 9.9964E-05 0.0570073 0.794462 9.9964E-05 0.106156
0.747561 9.9973E-05 0.0256103 0.00982423 0.195698 0.0210065 9.9973E-05 9.9973E-05
0.657057 0.0479043 0.0233857 9.9991E-05 0.130429 0.0161578 0.0838234 0.0411432
0.728872 9.9964E-05 0.109619 9.9964E-05 0.121224 9.9964E-05 0.0398857 9.9964E-05
0.703108 0.0851291 0.0771161 9.9973E-05 0.0989429 9.9973E-05 0.0354035 9.9973E-05
0.401739 0.34771 0.0598401 9.9973E-05 0.181667 0.00874423 9.9973E-05 9.9973E-05
9.9964E-05 0.120094 9.9964E-05 9.9964E-05 0.0497143 0.798294 9.9964E-05 0.0314973
0.12248 9.9973E-05 0.0477244 9.9973E-05 0.111392 0.71118 9.9973E-05 0.00692385
9.9955E-05 9.9955E-05 9.9955E-05 0.012367 9.9955E-05 0.919948 9.9955E-05 0.0671847
0.0913948 9.9973E-05 9.9973E-05 0.047706 0.116907 0.671645 9.9973E-05 0.0720474
9.9973E-05 9.9973E-05 0.0566771 0.0514275 0.131327 0.679452 9.9973E-05 0.0808165
0.090731 0.125361 0.0531875 0.0270201 9.9982E-05 9.9982E-05 0.13902 0.56448
9.9991E-05 0.122794 0.0127646 0.0640357 0.260061 0.275016 0.217411 0.047818
0.138286 9.9982E-05 9.9982E-05 0.0726988 0.0446283 0.339414 0.371547 0.0332259
0.0936165 9.9964E-05 9.9964E-05 9.9964E-05 9.9964E-05 0.049495 0.773903 0.0825859
9.99549E-05 0.0246686 0.0360662 9.99549E-05 9.99549E-05 9.99549E-05 0.938765 9.99549E-05
0.0077296 0.122653 0.0209144 9.9982E-05 9.9982E-05 0.0898238 0.631589 0.12709
0.121548 0.0595549 9.9964E-05 9.9964E-05 9.9964E-05 9.9964E-05 0.700728 0.117769
0.133958 0.0920712 9.9991E-05 0.021937 0.0123596 0.17692 0.394535 0.168119
0.00769555 0.0272105 0.0933424 9.9991E-05 0.0168453 0.0730183 0.749636 0.0321517
9.9973E-05 0.0721731 0.0649098 9.9973E-05 9.9973E-05 0.174555 0.618766 0.0692969
0.00393827 0.109443 9.9955E-05 9.9955E-05 9.9955E-05 9.9955E-05 0.886119 9.9955E-05
0.237732 9.9964E-05 9.9964E-05 9.9964E-05 9.9964E-05 0.143715 0.369067 0.249087
0.229554 0.0877844 0.0098583 0.063991 9.9991E-05 0.175578 0.150382 0.282752
0.868146 9.99549E-05 9.99549E-05 9.99549E-05 0.0938204 0.0375334 9.99549E-05 9.99549E-05
0.0112699 9.9955E-05 9.9955E-05 0.0960359 0.892194 9.9955E-05 9.9955E-05 9.9955E-05
9.9946E-05 9.9946E-05 0.0250845 9.9946E-05 0.974316 9.9946E-05 9.9946E-05 9.9946E-05
9.9955E-05 9.9955E-05 9.9955E-05 9.9955E-05 0.904717 9.9955E-05 0.0802081 0.0145753
9.9955E-05 9.9955E-05 0.0419976 9.9955E-05 0.887836 9.9955E-05 9.9955E-05 0.0696671
9.9955E-05 9.9955E-05 0.0598054 0.000768289 0.938927 9.9955E-05 9.9955E-05 9.9955E-05
0.0393868 0.00297313 0.0169069 9.9964E-05 0.940333 9.9964E-05 9.9964E-05 9.9964E-05
0.104602 0.115007 0.0213342 9.9964E-05 0.758657 9.9964E-05 9.9964E-05 9.9964E-05
0.489646 0.404824 0.0160889 9.9982E-05 9.9982E-05 0.0564773 0.0226799 0.0100836
0.208165 0.572106 0.064382 0.0154118 0.139635 9.9973E-05 9.9973E-05 9.9973E-05
0.408481 0.484904 0.0900707 9.9964E-05 0.0161451 9.9964E-05 9.9964E-05 9.9964E-05
0.266477 0.580739 0.0226587 0.0466753 0.0407968 9.9991E-05 0.0337514 0.00880191
0.269332 0.67953 9.9964E-05 9.9964E-05 9.9964E-05 9.9964E-05 0.0390131 0.0117259
0.256518 0.64573 9.9964E-05 9.9964E-05 0.0201567 9.9964E-05 0.0771949 9.9964E-05
0.415568 0.473493 0.040629 9.9973E-05 9.9973E-05 0.00790236 9.9973E-05 0.0621076
0.82459 0.0723183 0.00807675 9.9964E-05 9.9964E-05 9.9964E-05 9.9964E-05 0.0946153
0.925419 0.0237026 0.050379 9.9955E-05 9.9955E-05 9.9955E-05 9.9955E-05 9.9955E-05
0.879967 9.9964E-05 0.00889734 9.9964E-05 9.9964E-05 9.9964E-05 0.02022 0.0905157
0.701987 0.286809 9.9964E-05 9.9964E-05 0.00465937 9.9964E-05 0.00614428 9.9964E-05
0.856961 9.9955E-05 0.0903137 9.9955E-05 9.9955E-05 9.9955E-05 9.9955E-05 0.0522258
0.0898587 0.841433 0.0392864 9.9964E-05 9.9964E-05 9.9964E-05 9.9964E-05 0.029022
0.0768766 0.803706 0.0606983 0.00468262 9.9973E-05 9.9973E-05 9.9973E-05 0.0537369
0.0451459 0.843531 9.9964E-05 9.9964E-05 9.9964E-05 9.9964E-05 0.00630615 0.104618
9.9964E-05 0.881756 0.0321916 9.9964E-05 9.9964E-05 0.0378981 9.9964E-05 0.0477547
0.0569445 0.804591 0.0682417 0.0110469 9.9973E-05 9.9973E-05 9.9973E-05 0.0588764
0.116712 0.0662645 0.013876 0.0204651 0.0717495 0.42256 0.194108 0.094265
9.9973E-05 9.9973E-05 0.012037 0.112498 0.0551245 0.341131 0.478909 9.9973E-05
0.0219635 9.9982E-05 0.00141402 0.156985 0.00128653 0.195111 0.62304 9.9982E-05
9.9973E-05 9.9973E-05 9.9973E-05 0.0889059 0.36281 0.334842 0.17465 0.0384924
9.9964E-05 9.9964E-05 9.9964E-05 0.210633 0.131307 0.174694 0.482966 9.9964E-05
9.9964E-05 9.9964E-05 9.9964E-05 0.101942 0.112324 0.228584 0.556749 9.9964E-05
9.9973E-05 9.9973E-05 0.0371681 9.9973E-05 0.0933801 0.435483 0.169524 0.264145
9.9991E-05 0.453382 0.00340687 0.0439936 0.122853 0.155285 0.0939454 0.127034
0.233504 0.052776 9.9991E-05 0.0239657 0.0358554 0.00164114 0.526431 0.125727
9.9982E-05 0.362165 0.0136589 9.9982E-05 0.154553 0.132743 0.0615174 0.275163
0.218917 0.19892 0.0947152 9.9991E-05 0.00926484 0.219339 0.0213696 0.237374
