9.9955E-05 9.9955E-05 0.136504 0.0121199 9.9955E-05 9.9955E-05 0.777208 0.0736676 9.9955E-05
0.0406329 9.9955E-05 0.035143 9.9955E-05 9.9955E-05 0.0388683 0.884856 9.9955E-05 9.9955E-05
9.9973E-05 0.00323117 0.186055 0.0418136 9.9973E-05 9.9973E-05 0.724211 0.020306 0.024084
9.9964E-05 9.9964E-05 0.00181038 0.069184 0.0789021 9.9964E-05 0.791287 9.9964E-05 0.0584166
0.0403008 9.9946E-05 9.9946E-05 9.9946E-05 9.9946E-05 9.9946E-05 0.881383 9.9946E-05 0.0777161
9.9982E-05 0.0879555 0.138908 0.0427976 9.9982E-05 0.101658 0.581535 0.0259376 0.021009
0.0225676 9.9964E-05 0.112448 0.016492 9.9964E-05 0.104301 0.743792 9.9964E-05 9.9964E-05
0.0320345 9.9982E-05 0.0744923 0.0970532 9.9982E-05 0.1584 0.606976 0.0270141 0.00382997
9.99639E-05 0.0141276 9.99639E-05 0.0371742 9.99639E-05 0.0538158 0.829138 0.065345 9.99639E-05
0.0681789 9.9973E-05 0.156898 0.0526763 9.9973E-05 0.0750613 0.60199 9.9973E-05 0.0448947
9.9973E-05 9.9973E-05 0.0570464 0.0944146 9.9973E-05 0.131699 0.653976 0.0358514 0.0267135
9.9973E-05 0.109812 0.0431718 9.9973E-05 0.0247845 0.00590277 9.9973E-05 0.657111 0.158917
9.9973E-05 0.004063 0.115427 0.0675145 0.00946862 9.9973E-05 9.9973E-05 0.370023 0.433203
0.0867844 9.9973E-05 9.9973E-05 9.9973E-05 0.0896355 0.0466095 0.0222439 0.674825 0.0796022
0.0779554 9.9964E-05 9.9964E-05 9.9964E-05 0.122098 9.9964E-05 0.0524622 0.538779 0.208306
9.9982E-05 0.112552 0.0995028 9.9982E-05 0.102822 0.0720128 0.0817569 0.28274 0.248413
0.0416945 9.9982E-05 0.0707954 0.0385081 0.110169 0.0057241 9.9982E-05 0.284854 0.448055
0.00924546 0.0679581 0.0224617 9.9982E-05 0.0606153 0.0753266 9.9982E-05 0.428688 0.335504
9.9973E-05 0.00520166 0.016574 9.9973E-05 0.103036 9.9973E-05 0.0816478 0.527802 0.265439
0.0336457 9.9964E-05 9.9964E-05 9.9964E-05 0.0334781 0.0507738 0.061611 0.820092 9.9964E-05
0.153249 0.0317869 0.0478491 0.0287325 0.0402276 0.0295765 0.0588466 0.276352 0.33338
0.0306517 0.0784542 0.0342785 0.0118024 0.101881 0.0966515 9.9991E-05 0.257044 0.389137
0.0884459 9.9973E-05 9.9973E-05 0.0327124 0.0880923 0.063901 9.9973E-05 0.267395 0.459153
0.0395113 9.9973E-05 0.0470985 9.9973E-05 0.0751109 0.0269034 9.9973E-05 0.596167 0.214909
0.0666671 9.9973E-05 0.188307 0.108234 0.0106792 9.9973E-05 9.9973E-05 0.139492 0.486321
9.9964E-05 9.9964E-05 0.0148728 9.9964E-05 0.119546 0.00970959 9.9964E-05 0.434067 0.421404
9.9955E-05 9.9955E-05 9.9955E-05 9.9955E-05 0.0986273 9.9955E-05 0.0424584 0.751011 0.107403
9.9964E-05 0.0513493 9.9964E-05 9.9964E-05 0.190208 9.9964E-05 0.0173224 0.641401 0.0993189
0.0344077 9.9964E-05 9.9964E-05 9.9964E-05 0.0487536 0.0275901 9.9964E-05 0.714425 0.174424
9.9946E-05 9.9946E-05 9.9946E-05 9.9946E-05 0.0773787 9.9946E-05 0.775138 9.9946E-05 0.146884
9.9946E-05 9.9946E-05 9.9946E-05 9.9946E-05 0.011528 9.9946E-05 0.795309 9.9946E-05 0.192563
9.99461E-05 9.99461E-05 9.99461E-05 9.99461E-05 0.060705 9.99461E-05 0.761332 9.99461E-05 0.177363
9.9964E-05 0.00301751 0.0846749 9.9964E-05 0.0548671 9.9964E-05 0.688884 9.9964E-05 0.168157
9.9982E-05 0.213224 0.0185098 0.00655383 0.00255436 0.114832 9.9982E-05 0.120198 0.523928
0.0141223 0.272259 9.9991E-05 0.0725959 0.0177386 0.0368817 0.057772 0.0296681 0.498862
0.00625261 0.340003 9.9964E-05 9.9964E-05 0.0461821 9.9964E-05 0.0346201 9.9964E-05 0.572542
0.0516717 0.0363537 9.9982E-05 0.0847477 0.0123152 9.9982E-05 0.0877451 0.596923 0.130043
9.9964E-05 0.572907 9.9964E-05 9.9964E-05 9.9964E-05 0.0459943 0.0529059 0.00967317 0.31812
0.0646821 0.0914498 0.0671977 9.9982E-05 0.0716409 9.9982E-05 0.0572083 0.237344 0.410277
9.9982E-05 0.149213 9.9982E-05 0.0129998 0.00295085 0.0641763 0.0235645 0.0685601 0.678335
9.9982E-05 0.052069 9.9982E-05 0.0717316 0.0185641 0.147284 0.0655714 0.0266639 0.617916
9.9982E-05 0.107742 9.9982E-05 0.0819926 0.0416323 0.0495124 0.0970458 0.0542297 0.567646
9.9964E-05 0.510315 0.0404321 9.9964E-05 9.9964E-05 9.9964E-05 0.0136173 0.286114 0.149122
9.9973E-05 0.0680347 9.9973E-05 9.9973E-05 0.0367857 0.206671 0.0426863 0.0175674 0.627955
9.9973E-05 0.199974 9.9973E-05 9.9973E-05 0.077602 0.0269978 0.0932197 0.021238 0.580669
0.00658626 0.186979 0.0184902 0.0283099 0.149102 9.9991E-05 0.0729205 0.0669885 0.470524
0.0578145 0.59926 9.9955E-05 9.9955E-05 9.9955E-05 9.9955E-05 9.9955E-05 0.0519543 0.290471
0.0897027 0.210606 0.0432921 0.0157593 0.0535139 0.0259437 0.0240002 9.9991E-05 0.537083
9.9973E-05 0.242527 0.0305978 0.0890123 0.0722617 9.9973E-05 0.090139 9.9973E-05 0.475163
0.022233 0.630126 9.9955E-05 9.9955E-05 9.9955E-05 0.287677 0.0594641 9.9955E-05 9.9955E-05
0.0878544 0.211112 9.9973E-05 0.111592 9.9973E-05 0.104795 9.9973E-05 0.397923 0.0864238
0.0934888 0.174456 0.00869515 9.9973E-05 9.9973E-05 0.349824 9.9973E-05 0.310711 0.0625244
0.149076 9.9982E-05 0.0832091 0.0191918 0.0798691 9.9982E-05 0.0481762 0.145224 0.475054
0.0833673 9.9982E-05 0.0861193 9.9982E-05 0.0127434 0.0505027 0.123548 0.110939 0.532581
0.0592828 0.102539 0.122794 0.105508 0.0255128 0.0586714 9.9982E-05 9.9982E-05 0.525492
0.121351 0.196415 0.00237412 0.116671 9.9991E-05 0.00898367 0.0892187 0.328092 0.136795
0.0944212 0.013486 9.9991E-05 0.116247 0.0044102 0.049047 0.0323159 0.162753 0.527219
0.0066612 0.000705372 0.108999 9.9991E-05 0.0526107 0.0577112 0.0669041 0.217613 0.488696
0.0774508 0.131202 9.9982E-05 0.0250993 9.9982E-05 0.0554039 0.123994 0.221927 0.364723
9.9982E-05 0.121024 0.066407 0.0186236 0.0237996 0.136534 0.187733 0.445679 9.9982E-05
0.0917413 0.0788395 0.135928 0.149463 9.9991E-05 0.0307479 0.0174849 0.083129 0.412567
0.119223 0.00187583 0.0844379 0.0314995 9.9982E-05 9.9982E-05 0.0568015 0.294328 0.411635
0.00766047 0.0402921 9.9982E-05 0.0502273 9.9982E-05 0.123117 0.0694556 0.697572 0.0114754
0.0386524 0.0544705 0.108259 0.00640727 9.9982E-05 0.0285755 9.9982E-05 0.372443 0.390992
0.205878 9.9973E-05 0.0789001 0.0528117 0.0446483 9.9973E-05 9.9973E-05 0.0813126 0.53615
0.116436 0.147622 0.072699 0.00381 0.0431797 9.9991E-05 0.0338627 0.135281 0.44701
0.104231 0.120763 9.9982E-05 9.9982E-05 0.0888874 0.0442013 0.0727133 0.457084 0.111921
9.999E-05 0.0576569 0.0344144 0.0607013 0.0823038 0.0702397 0.00843371 0.280343 0.405807
0.0533511 9.9991E-05 0.0189373 0.0687175 0.03993 0.0813167 0.0572555 0.191158 0.489234
0.0287236 0.0991136 9.9982E-05 0.0378262 9.9982E-05 0.129648 0.000314981 0.47013 0.234044
0.0330564 0.355132 0.0104596 0.0246854 9.9973E-05 9.9973E-05 9.9973E-05 0.0226528 0.553714
9.9955E-05 0.590527 9.9955E-05 9.9955E-05 9.9955E-05 9.9955E-05 0.00347598 0.198469 0.207028
0.0227896 0.144685 0.0331114 9.9982E-05 0.0639716 9.9982E-05 0.0639478 0.189739 0.481555
0.054231 0.237225 0.0450502 0.0417892 0.0723106 9.9991E-05 0.104668 0.0409046 0.403722
9.9946E-05 0.910321 9.9946E-05 9.9946E-05 9.9946E-05 0.0868561 0.00222333 9.9946E-05 9.9946E-05
9.9955E-05 0.889035 9.9955E-05 0.0116078 9.9955E-05 0.0590158 9.9955E-05 0.0398413 9.9955E-05
0.0275831 0.718416 9.9946E-05 9.9946E-05 9.9946E-05 9.9946E-05 9.9946E-05 9.9946E-05 0.253401
9.9964E-05 0.501815 9.9964E-05 0.0258383 0.0396675 9.9964E-05 9.9964E-05 0.0211381 0.411142
0.0633182 0.147356 0.0435508 9.9982E-05 0.0199435 9.9982E-05 0.162721 0.104523 0.458387
9.9964E-05 0.424165 0.156616 9.9964E-05 9.9964E-05 9.9964E-05 0.00754239 0.0569301 0.354347
9.9982E-05 0.626491 0.0218859 0.0297542 0.0106181 9.9982E-05 0.0455026 0.122389 0.14316
9.9973E-05 0.573741 0.0550763 0.0643219 9.9973E-05 9.9973E-05 0.00800304 0.150685 0.147872
9.9973E-05 0.148817 0.0681876 0.0180854 9.9973E-05 9.9973E-05 0.175557 0.122177 0.466876
9.9973E-05 0.58371 9.9973E-05 9.9973E-05 0.065409 0.0111389 0.0330954 0.0389465 0.2674
9.9964E-05 0.431274 0.0673961 9.9964E-05 9.9964E-05 9.9964E-05 0.0445974 0.111484 0.344849
9.9937E-05 0.585404 9.9937E-05 9.9937E-05 9.9937E-05 9.9937E-05 9.9937E-05 9.9937E-05 0.413897
0.0896326 0.693359 0.0414792 9.9964E-05 9.9964E-05 0.148633 9.9964E-05 0.0264958 9.9964E-05
9.9982E-05 0.173557 0.00439207 0.0374875 0.047398 0.0856216 9.9982E-05 0.0399112 0.611433
9.9964E-05 0.0159732 0.0528342 9.9964E-05 9.9964E-05 9.9964E-05 0.793533 0.0863813 0.0508784
9.9937E-05 9.9937E-05 9.9937E-05 9.9937E-05 9.9937E-05 9.9937E-05 0.890976 9.9937E-05 0.108324
9.9964E-05 9.9964E-05 0.148758 0.00737128 0.00575758 9.9964E-05 0.810094 9.9964E-05 0.0276188
9.9946E-05 9.9946E-05 0.0862001 9.9946E-05 9.9946E-05 9.9946E-05 0.878325 9.9946E-05 0.0348751
9.9964E-05 0.0441002 0.106833 9.9964E-05 9.9964E-05 0.0110189 0.809944 9.9964E-05 0.0277041
9.9955E-05 9.9955E-05 9.9955E-05 0.047903 0.0966296 0.00477047 0.850197 9.9955E-05 9.9955E-05
9.99461E-05 9.99461E-05 0.109363 9.99461E-05 9.99461E-05 9.99461E-05 0.855466 9.99461E-05 0.0345717
9.9973E-05 0.193041 0.172952 0.0741802 9.9973E-05 9.9973E-05 0.0728426 0.0587402 0.427944
0.0119999 0.208491 0.19173 9.9991E-05 0.0566649 0.0634409 0.0254613 0.0200374 0.422075
0.049359 0.687038 9.9964E-05 9.9964E-05 9.9964E-05 9.9964E-05 0.0241778 0.22775 0.0112747
0.0384685 0.0680526 9.9991E-05 0.0183517 0.0624561 0.0862195 0.0943173 0.122068 0.509966
9.9973E-05 0.407448 9.9973E-05 0.034746 0.018196 9.9973E-05 0.0353694 0.0585502 0.445391
0.0602223 0.283829 0.0671367 9.9964E-05 9.9964E-05 9.9964E-05 0.0694494 9.9964E-05 0.518962
0.111184 0.363341 9.9973E-05 9.9973E-05 0.00237078 0.0185302 0.0325559 9.9973E-05 0.471719
0.108985 0.40312 0.0695174 9.9973E-05 0.00103579 9.9973E-05 0.0210831 9.9973E-05 0.395958
0.0493471 0.696689 9.9964E-05 0.00103679 9.9964E-05 9.9964E-05 0.0541812 0.198346 9.9964E-05
9.9973E-05 0.0829388 9.9973E-05 0.031147 9.9973E-05 0.0292627 0.144426 0.0952774 0.616648
9.9973E-05 0.156743 9.9973E-05 9.9973E-05 0.0601475 0.0655762 0.0527681 0.0756686 0.588797
0.00626774 0.137752 9.9982E-05 0.0372079 0.13354 9.9982E-05 0.110073 0.0998234 0.475136
0.0486152 0.514141 9.9973E-05 9.9973E-05 0.0185364 0.133456 0.0102016 9.9973E-05 0.27475
0.0722483 0.387172 0.00355093 0.0242127 0.0308969 9.9982E-05 0.0234938 9.9982E-05 0.458226
0.0526598 0.28501 9.9964E-05 9.9964E-05 9.9964E-05 0.0357074 9.9964E-05 0.185517 0.440705
0.0209056 0.539548 9.9964E-05 9.9964E-05 0.115877 0.0224627 9.9964E-05 9.9964E-05 0.300807
9.9964E-05 0.343635 9.9964E-05 0.0489583 9.9964E-05 9.9964E-05 0.116225 0.0493678 0.441413
9.9982E-05 0.181742 9.9982E-05 0.0444848 0.0432596 0.0609338 0.0562296 0.100502 0.512648
0.20716 0.0484296 0.00279388 9.9982E-05 9.9982E-05 0.113402 0.0200245 0.426826 0.181163
9.9991E-05 0.134217 0.119385 0.0250995 0.0306069 0.0635419 0.148298 0.101023 0.377729
9.9982E-05 0.0202717 9.9982E-05 0.144889 0.0612415 0.0349065 0.08492 0.275128 0.378443
0.0207601 0.0292319 9.9991E-05 0.127323 0.105278 0.0797176 0.0664345 0.0991194 0.472036
0.0677951 0.0457732 0.0433159 0.0525366 0.00611706 0.0454986 0.124699 0.0479625 0.566302
0.0243242 0.0106296 0.0238195 0.0375437 9.9991E-05 0.0175139 0.0430419 0.371824 0.471203
0.050291 9.9973E-05 0.127421 0.0851143 9.9973E-05 0.0596203 9.9973E-05 0.171584 0.50567
0.0518198 0.00163946 0.00291842 0.148523 0.0146562 9.9991E-05 0.0237298 0.330054 0.426559
0.122307 0.0100858 0.0239635 0.0316251 9.9982E-05 9.9982E-05 0.110116 0.254097 0.447605
0.014383 0.0251704 0.0779754 0.170039 9.9982E-05 0.115462 9.9982E-05 0.0573381 0.539432
9.9973E-05 0.0651677 9.9973E-05 0.0125852 9.9973E-05 0.0446961 0.0531337 0.266559 0.557558
0.109407 9.9964E-05 0.0551783 0.0806933 9.9964E-05 9.9964E-05 9.9964E-05 0.335053 0.419269
0.0536491 0.0939664 9.9973E-05 0.132806 0.0904954 0.0924407 9.9973E-05 9.9973E-05 0.536343
0.089702 0.0332796 0.0422517 0.0291037 0.0883578 0.046221 0.0898234 0.118183 0.463077
0.0487227 0.0239123 0.0509766 0.0615967 0.006898 9.9982E-05 9.9982E-05 0.278703 0.528991
0.047202 9.9973E-05 0.109461 0.0154599 9.9973E-05 9.9973E-05 0.0470717 0.176327 0.604179
0.0870233 9.9973E-05 0.0996655 0.0997628 9.9973E-05 0.0409106 9.9973E-05 0.220371 0.451967
0.0704889 9.9982E-05 0.172335 0.0184864 9.9982E-05 0.126161 0.0117418 0.33312 0.267466
0.0768668 0.0234884 0.0228209 0.0267812 9.9982E-05 0.105261 9.9982E-05 0.164739 0.579843
0.0542218 9.9964E-05 0.0843546 9.9964E-05 9.9964E-05 9.9964E-05 0.0221266 0.175915 0.662982
0.0316467 0.132433 0.152545 0.0196447 9.9991E-05 0.0214922 0.00836538 0.479089 0.154684
0.191564 0.0343104 9.9982E-05 0.0773622 0.0632252 0.257961 9.9982E-05 0.273964 0.101413
9.9982E-05 0.0906389 0.13963 0.163952 9.9982E-05 0.00779312 0.0118751 0.164373 0.421537
0.139008 0.138048 9.9982E-05 0.093765 0.0565453 0.208836 9.9982E-05 0.237218 0.12638
0.098991 0.0637275 9.9973E-05 9.9973E-05 9.9973E-05 0.0549393 0.0373575 0.519465 0.22522
0.0911038 0.0508764 9.9973E-05 0.0447179 9.9973E-05 9.9973E-05 0.0306686 0.373032 0.409302
0.0543629 0.0727271 9.9973E-05 0.101792 9.9973E-05 0.0191609 9.9973E-05 0.487631 0.264026
0.0353799 9.9964E-05 9.9964E-05 0.0775629 9.9964E-05 9.9964E-05 0.0287268 0.577748 0.280182
9.9964E-05 0.0713029 9.9964E-05 9.9964E-05 0.0694246 9.9964E-05 0.10678 0.19024 0.561853
9.9982E-05 0.100402 0.113137 0.0875153 0.0421118 9.9982E-05 0.0551389 0.106007 0.495488
9.9973E-05 0.0677451 9.9973E-05 9.9973E-05 0.0536707 0.0539922 0.0364169 0.28348 0.504395
0.0811065 0.0517008 0.150387 0.00379184 9.9982E-05 0.160948 9.9982E-05 0.486499 0.0653673
0.0122057 0.0128919 0.028305 9.9982E-05 9.9982E-05 0.0838109 0.122513 0.186609 0.553465
0.0911498 0.0671058 9.9991E-05 0.0158171 0.0510778 0.139922 0.0475107 0.0436899 0.543627
0.0938501 0.111871 0.0222756 0.106946 9.9991E-05 0.408663 0.118958 0.0932609 0.0440758
0.0155111 0.0730034 9.9973E-05 9.9973E-05 0.0252948 0.122733 0.0796411 9.9973E-05 0.683516
0.0619535 0.151742 0.1874 0.0646714 9.9982E-05 0.231762 9.9982E-05 0.0682233 0.234048
0.0422333 0.0706292 0.19424 9.9973E-05 9.9973E-05 0.192278 9.9973E-05 0.110658 0.389661
0.00792625 0.106412 9.9982E-05 0.0657859 9.9982E-05 0.382946 0.0367563 0.106133 0.29384
0.131234 0.0605448 9.9982E-05 0.0603281 9.9982E-05 0.389713 0.0232806 0.106534 0.228166
0.121631 0.051556 0.285196 0.0920685 9.9991E-05 0.0247955 0.0615054 0.114501 0.248647
0.11307 0.0655118 9.9982E-05 0.084738 9.9982E-05 0.174994 0.0130528 0.0484543 0.49998
0.0790645 0.0908708 0.134621 0.0292527 9.9991E-05 0.0625248 0.113234 0.09187 0.398462
0.031463 9.9982E-05 9.9982E-05 0.013836 0.000213313 0.196028 0.0951283 0.150576 0.512555
0.0757085 0.0947504 0.174204 9.9973E-05 9.9973E-05 9.9973E-05 0.106654 0.105232 0.443151
9.9973E-05 9.9973E-05 0.026707 0.08817 9.9973E-05 0.161785 0.103352 0.0919845 0.527702
0.0413729 0.131852 9.9991E-05 0.0143882 0.157129 0.368118 0.0302536 0.246156 0.0106296
0.0924631 9.9982E-05 9.9982E-05 0.0134709 0.0468295 0.0496873 0.0641623 0.137059 0.596128
0.100905 0.089528 9.9982E-05 9.9982E-05 0.0928476 0.0229278 0.115385 0.126815 0.451392
0.0330888 0.180027 9.9973E-05 0.0568313 9.9973E-05 0.214683 9.9973E-05 0.108486 0.406584
0.154828 0.0514158 9.9964E-05 9.9964E-05 9.9964E-05 0.178863 9.9964E-05 0.17603 0.438464
0.0346964 0.065705 9.9991E-05 0.103146 0.0976205 0.0755254 0.0495338 0.0214819 0.552191
0.127731 0.0450943 0.218064 0.0469921 0.0954001 0.0109062 0.106557 0.0874118 0.261843
0.0562501 0.0526487 0.164378 0.0412638 0.0528588 0.0293636 0.133886 9.9991E-05 0.469251
9.9973E-05 9.9973E-05 0.108048 9.9973E-05 0.18027 0.249149 0.285894 0.0963216 0.0800174
9.9955E-05 9.9955E-05 0.164482 9.9955E-05 0.00986119 0.390402 0.434755 9.9955E-05 9.9955E-05
9.9946E-05 9.9946E-05 9.9946E-05 9.9946E-05 0.112151 0.505536 0.381714 9.9946E-05 9.9946E-05
9.9955E-05 9.9955E-05 0.522603 9.9955E-05 9.9955E-05 0.135378 0.286669 0.0548507 9.9955E-05
9.99371E-05 9.99371E-05 9.99371E-05 9.99371E-05 9.99371E-05 0.250709 9.99371E-05 9.99371E-05 0.748591
0.0546279 9.9973E-05 9.9973E-05 0.0654028 9.9973E-05 0.0731755 0.0902206 0.052004 0.664269
9.9946E-05 9.9946E-05 9.9946E-05 9.9946E-05 0.655803 9.9946E-05 9.9946E-05 0.0627103 0.280887
0.0117835 0.0726345 0.0832701 9.9982E-05 0.395376 9.9982E-05 0.018802 0.125301 0.292633
0.103577 0.10819 9.9982E-05 0.0115155 0.373659 9.9982E-05 0.070247 0.0675253 0.265086
0.212096 0.0663794 9.9955E-05 9.9955E-05 9.9955E-05 0.386686 9.9955E-05 9.9955E-05 0.334338
0.0664699 0.17915 9.9991E-05 0.0348621 0.0733103 0.0657803 0.0759737 0.0909076 0.413447
0.259839 0.0557582 9.9955E-05 9.9955E-05 9.9955E-05 0.467203 9.9955E-05 9.9955E-05 0.2167
0.0408941 0.12845 0.0658176 0.0545103 9.9973E-05 0.10446 9.9973E-05 9.9973E-05 0.605568
0.18205 9.9964E-05 0.0655333 0.0358111 9.9964E-05 0.208965 9.9964E-05 9.9964E-05 0.507241
0.0892657 0.00683071 9.9991E-05 0.00538989 0.0137709 0.229346 0.00550022 0.0394826 0.610314
0.0709248 0.144086 9.9973E-05 0.0205055 9.9973E-05 0.467922 9.9973E-05 0.100517 0.195744
9.9973E-05 0.154579 9.9973E-05 0.0225027 0.0957025 0.12302 0.0182713 9.9973E-05 0.585624
0.0649889 0.0128588 9.9982E-05 9.9982E-05 0.0530679 0.159758 0.106812 0.0509527 0.551362
9.9982E-05 9.9982E-05 0.122212 0.132599 0.000934794 0.12988 0.106158 0.0201197 0.487897
0.0149566 0.0538593 0.0657886 9.9982E-05 0.230103 0.0297254 9.9982E-05 0.242601 0.362766
0.0430974 9.9955E-05 0.0371331 9.9955E-05 0.917429 0.00184038 9.9955E-05 9.9955E-05 9.9955E-05
9.9937E-05 9.9937E-05 9.9937E-05 9.9937E-05 0.880679 9.9937E-05 9.9937E-05 9.9937E-05 0.118622
9.9973E-05 0.000660377 0.132097 9.9973E-05 0.467447 9.9973E-05 0.0308552 0.107699 0.260941
0.017772 9.9955E-05 9.9955E-05 0.0419685 0.707171 9.9955E-05 9.9955E-05 9.9955E-05 0.232589
9.9955E-05 9.9955E-05 9.9955E-05 9.9955E-05 0.762673 0.0562561 0.00422443 9.9955E-05 0.176347
9.993E-05 9.993E-05 9.993E-05 9.993E-05 0.999201 9.993E-05 9.993E-05 9.993E-05 9.993E-05
0.00678639 9.9955E-05 9.9955E-05 0.0278531 0.925939 9.9955E-05 0.0389217 9.9955E-05 9.9955E-05
9.9946E-05 9.9946E-05 0.0691436 9.9946E-05 0.746101 9.9946E-05 9.9946E-05 9.9946E-05 0.184156
9.9946E-05 0.0201971 9.9946E-05 9.9946E-05 0.952706 9.9946E-05 9.9946E-05 9.9946E-05 0.0264976
9.99549E-05 0.000845749 9.99549E-05 9.99549E-05 0.998368 9.99549E-05 9.99549E-05 0.0001868 9.99549E-05
9.993E-05 9.993E-05 9.993E-05 9.993E-05 0.999201 9.993E-05 9.993E-05 9.993E-05 9.993E-05
0.017984 9.9973E-05 0.0830027 9.9973E-05 0.651472 9.9973E-05 0.017973 0.0409604 0.188308
9.9964E-05 9.9964E-05 9.9964E-05 0.0569376 0.775958 9.9964E-05 0.0220617 0.0619253 0.082718
9.9937E-05 0.025387 9.9937E-05 9.9937E-05 0.973913 9.9937E-05 9.9937E-05 9.9937E-05 9.9937E-05
0.00218988 0.110345 9.9982E-05 9.9982E-05 0.402411 0.0017994 0.0938285 0.0131882 0.376038
9.9964E-05 9.9964E-05 0.0858809 0.0534956 0.555193 9.9964E-05 0.0803049 9.9964E-05 0.224726
9.9955E-05 9.9955E-05 0.111298 0.0351356 0.68481 9.9955E-05 9.9955E-05 9.9955E-05 0.168256
9.9955E-05 9.9955E-05 9.9955E-05 9.9955E-05 0.890828 0.000487693 9.9955E-05 0.00532897 0.102856
9.9937E-05 9.9937E-05 0.132331 9.9937E-05 0.86697 9.9937E-05 9.9937E-05 9.9937E-05 9.9937E-05
9.9964E-05 9.9964E-05 0.124305 9.9964E-05 0.765199 0.0111471 0.0200034 9.9964E-05 0.0789461
9.9946E-05 9.9946E-05 0.0666002 9.9946E-05 0.905409 9.9946E-05 0.0273908 9.9946E-05 9.9946E-05
0.0995687 9.9973E-05 0.0753431 0.0746471 0.516267 9.9973E-05 0.0689518 9.9973E-05 0.164922
0.0192536 9.9973E-05 0.00604409 9.9973E-05 0.872321 9.9973E-05 0.00741167 0.0942968 0.000372933
9.9946E-05 9.9946E-05 9.9946E-05 9.9946E-05 0.0998459 0.685154 0.214401 9.9946E-05 9.9946E-05
9.9982E-05 0.116325 0.0926247 0.104788 9.9982E-05 0.214828 0.136699 0.0161149 0.31842
9.9964E-05 0.00676507 9.9964E-05 9.9964E-05 0.0748813 0.283197 0.167466 9.9964E-05 0.467291
9.9973E-05 9.9973E-05 0.0975869 0.072708 0.0246445 0.472562 0.132364 9.9973E-05 0.199835
0.018143 0.110525 0.0749049 0.0233515 0.0738989 0.0578981 0.229311 9.9991E-05 0.411868
9.9964E-05 0.0667609 0.170754 9.9964E-05 9.9964E-05 0.438972 0.135818 9.9964E-05 0.187295
0.0737465 0.0260129 0.057281 0.00968415 0.0677968 0.159751 0.0938827 0.125669 0.386175
0.0996562 0.0325214 0.131182 0.0448645 0.000924287 0.163025 0.118476 9.9991E-05 0.40925
9.9973E-05 0.0824642 0.000122906 9.9973E-05 0.115479 0.299347 0.145709 9.9973E-05 0.356578
0.0111089 9.9982E-05 0.0108738 9.9982E-05 0.0407072 0.281489 0.137086 0.00313057 0.515405
9.9964E-05 9.9964E-05 0.200813 9.9964E-05 0.0341611 0.301185 0.117446 9.9964E-05 0.345994
0.217742 0.0947898 0.0712975 9.9991E-05 0.0880593 0.0178992 0.0957788 0.0261597 0.388174
0.0638412 0.0151368 0.123146 9.9982E-05 9.9982E-05 0.0739255 0.169571 0.125943 0.428237
9.9964E-05 9.9964E-05 0.0783624 0.119744 9.9964E-05 0.0325565 0.766043 9.9964E-05 0.0028947
9.9946E-05 9.9946E-05 0.140439 9.9946E-05 9.9946E-05 9.9946E-05 0.841486 0.0174755 9.9946E-05
9.9955E-05 0.0294828 0.00977604 9.9955E-05 9.9955E-05 9.9955E-05 0.921653 0.0385887 9.9955E-05
9.9955E-05 9.9955E-05 9.9955E-05 0.00178426 9.9955E-05 9.9955E-05 0.910078 0.0411695 0.0464683
9.9964E-05 9.9964E-05 0.0400577 9.9964E-05 9.9964E-05 0.00964907 0.857324 0.0183042 0.0742654
9.9955E-05 9.9955E-05 0.138318 9.9955E-05 9.9955E-05 0.0159812 0.830831 0.01437 9.9955E-05
9.9955E-05 9.9955E-05 0.0476463 9.9955E-05 0.0457551 9.9955E-05 0.830616 9.9955E-05 0.0754825
9.9955E-05 9.9955E-05 0.018053 9.9955E-05 9.9955E-05 0.10728 0.846141 0.0280261 9.9955E-05
0.0479289 9.9955E-05 0.0123667 9.9955E-05 9.9955E-05 9.9955E-05 0.875812 9.9955E-05 0.0633928
9.9964E-05 9.9964E-05 0.13579 9.9964E-05 9.9964E-05 0.0393478 0.780289 0.0123517 0.0318209
0.10948 0.0668078 9.9964E-05 0.0904634 9.9964E-05 9.9964E-05 0.600571 0.132278 9.9964E-05
0.04187 0.0227665 0.0508678 0.244076 9.9973E-05 9.9973E-05 0.528598 0.111521 9.9973E-05
0.0373804 0.106206 9.9973E-05 0.0336868 9.9973E-05 0.0917383 0.500949 0.229739 9.9973E-05
0.0365183 0.046477 9.9973E-05 0.123984 9.9973E-05 0.0154759 0.463147 0.314097 9.9973E-05
0.0560042 0.235327 9.9982E-05 9.9982E-05 0.0337451 0.0241571 0.0210988 0.104222 0.525246
0.0513381 0.289657 0.0163512 0.0483847 0.00946628 9.9991E-05 0.0580349 0.0203592 0.506309
0.00468994 0.215615 9.9991E-05 0.0154947 0.0449077 0.0312481 0.0159073 0.185866 0.486171
0.15773 0.116371 9.9982E-05 0.106911 0.0510535 9.9982E-05 0.00457685 0.12737 0.435787
0.0601945 0.179766 0.0789022 9.9991E-05 0.000575583 0.0435038 0.012486 0.343807 0.280665
0.00330132 0.104632 9.9964E-05 0.083399 9.9964E-05 9.9964E-05 9.9964E-05 0.697825 0.110443
0.0885186 0.120399 0.0914879 9.9982E-05 0.00789462 9.9982E-05 0.0457778 0.0911132 0.554609
0.00620109 0.284664 9.9973E-05 0.012022 0.0603635 9.9973E-05 9.9973E-05 0.0766531 0.559797
0.0144065 0.359188 0.122471 0.0420355 9.9973E-05 9.9973E-05 9.9973E-05 0.0510254 0.410574
0.0458004 0.523597 0.0538833 9.9973E-05 0.0053141 9.9973E-05 9.9973E-05 0.0299287 0.341176
0.105473 0.187092 9.9982E-05 0.0107938 0.0875337 0.018278 0.0524421 9.9982E-05 0.538187
0.0603876 0.272392 9.9982E-05 0.134184 0.0221461 0.0222934 9.9982E-05 0.061778 0.426619
0.149563 0.724473 9.9946E-05 9.9946E-05 9.9946E-05 0.125364 9.9946E-05 9.9946E-05 9.9946E-05
0.0261002 0.176494 0.142661 0.0552409 9.9991E-05 0.0391704 0.0283793 0.136885 0.394969
0.0973694 0.455601 9.9964E-05 9.9964E-05 9.9964E-05 0.152393 9.9964E-05 0.032817 0.26142
0.0185407 0.324123 0.0360041 9.9982E-05 0.00723054 9.9982E-05 0.0303207 0.04236 0.541222
9.9964E-05 0.657478 9.9964E-05 0.113071 9.9964E-05 9.9964E-05 0.0153393 0.104317 0.109396
9.9964E-05 0.0098059 9.9964E-05 0.871302 0.0200964 0.0547417 0.0436545 9.9964E-05 9.9964E-05
9.9937E-05 9.9937E-05 0.0514117 0.947889 9.9937E-05 9.9937E-05 9.9937E-05 9.9937E-05 9.9937E-05
9.993E-05 9.993E-05 9.993E-05 0.999201 9.993E-05 9.993E-05 9.993E-05 9.993E-05 9.993E-05
0.00345943 0.0234187 9.9955E-05 0.932652 9.9955E-05 9.9955E-05 0.0399701 9.9955E-05 9.9955E-05
9.9946E-05 9.9946E-05 9.9946E-05 0.924076 0.0448085 0.0305154 9.9946E-05 9.9946E-05 9.9946E-05
9.9955E-05 9.9955E-05 0.0405318 0.895002 0.0242824 9.9955E-05 9.9955E-05 9.9955E-05 0.0396842
9.9955E-05 0.0148615 0.0963766 9.9955E-05 9.9955E-05 9.9955E-05 0.841236 9.9955E-05 0.0470262
0.0135333 9.9973E-05 9.9973E-05 0.0727942 0.0300738 9.9973E-05 0.747469 0.0335201 0.10231
9.9964E-05 9.9964E-05 0.016702 0.0273089 0.106406 9.9964E-05 0.728925 9.9964E-05 0.120259
9.9964E-05 9.9964E-05 0.00340568 9.9964E-05 0.097804 9.9964E-05 0.708111 0.103005 0.0872748
9.9973E-05 9.9973E-05 0.0232589 9.9973E-05 0.0760035 0.0256956 0.742489 0.0327152 0.099538
9.9955E-05 9.9955E-05 9.9955E-05 0.288764 9.9955E-05 0.119226 0.331149 0.260361 9.9955E-05
0.0642475 0.126641 9.9973E-05 0.296079 9.9973E-05 0.0192009 0.453794 0.0397379 9.9973E-05
0.104663 0.0140871 9.9964E-05 0.35738 9.9964E-05 9.9964E-05 0.408406 0.115064 9.9964E-05
9.9955E-05 9.9955E-05 9.9955E-05 9.9955E-05 0.0525838 9.9955E-05 0.770815 0.0504899 0.125611
9.9982E-05 0.0965891 0.000292131 0.390199 0.0141247 0.0534224 0.315037 0.130136 9.9982E-05
9.9964E-05 9.9964E-05 0.245957 9.9964E-05 0.175754 0.202062 0.133558 9.9964E-05 0.242269
9.9973E-05 9.9973E-05 0.189207 0.0517573 0.115181 9.9973E-05 0.0775638 0.0574772 0.508514
0.0426006 9.9964E-05 0.168517 9.9964E-05 0.208368 9.9964E-05 0.126176 9.9964E-05 0.453938
9.9991E-05 0.00879348 0.36938 0.0913736 0.0605871 0.0338751 0.13278 0.0397111 0.2634
9.9982E-05 0.0872805 0.0786107 0.00833002 0.0472665 0.0722554 0.12846 9.9982E-05 0.577597
9.9955E-05 9.9955E-05 0.212108 9.9955E-05 0.187874 0.273125 0.326393 9.9955E-05 9.9955E-05
0.157566 0.0357503 9.9973E-05 0.0630154 9.9973E-05 0.0147235 9.9973E-05 0.343971 0.384674
0.169474 0.0264589 0.0100123 0.0599771 9.9982E-05 0.185601 9.9982E-05 0.175357 0.372919
0.0246263 9.9973E-05 0.0621453 0.0125134 9.9973E-05 9.9973E-05 0.0700769 0.665304 0.165035
0.137967 0.0878185 9.9973E-05 0.0778258 9.9973E-05 0.111552 9.9973E-05 0.0865267 0.49801
0.27398 0.133492 9.99557E-05 9.99557E-05 9.99557E-05 0.35665 9.99557E-05 0.235377 9.99557E-05
0.134277 0.00668186 0.0582919 0.090979 0.0404357 9.9991E-05 0.0331604 0.209687 0.426386
0.12198 9.9991E-05 0.0413881 0.0213611 0.0200546 0.0993747 0.0143691 0.229172 0.452201
0.0418371 0.0963446 9.9973E-05 9.9973E-05 9.9973E-05 0.048582 0.0691356 0.481368 0.262433
0.0745173 0.0687791 0.0245548 0.00452371 0.0346456 0.0345674 0.0505626 0.1869 0.52095
0.194828 0.0396447 9.9964E-05 9.9964E-05 9.9964E-05 0.253727 9.9964E-05 0.478225 0.0331753
0.123759 0.0725861 9.9982E-05 0.0769273 0.0955599 0.115788 9.9982E-05 0.0949071 0.420272
0.0153023 0.0731894 0.105281 0.132751 0.0344213 0.00458326 9.9991E-05 0.213823 0.420549
0.0658089 0.0757073 0.34801 9.9982E-05 9.9982E-05 0.00473531 0.0735064 0.149837 0.282195
0.108174 9.9964E-05 9.9964E-05 9.9964E-05 0.023254 0.156083 9.9964E-05 0.39066 0.321429
0.0798324 0.149832 9.9982E-05 0.0232004 9.9982E-05 0.0650241 0.014103 0.28624 0.381569
0.0513318 0.175859 9.9982E-05 0.0386576 0.0472582 0.145632 0.0435174 9.9982E-05 0.497544
0.0827931 0.0698004 0.0420606 0.0323264 9.9991E-05 0.0730192 0.0183185 0.160416 0.521166
0.10368 0.0560095 0.0905244 0.0969181 0.0808657 9.9991E-05 0.0132032 0.0196876 0.539011
0.112879 0.110686 0.0895809 0.106669 9.9982E-05 9.9982E-05 0.02471 0.120801 0.434475
0.0167319 0.0237673 0.151908 9.9991E-05 0.0688977 0.0823922 0.00546814 0.301967 0.348768
9.9955E-05 9.9955E-05 0.032742 9.9955E-05 0.050273 9.9955E-05 0.760418 9.9955E-05 0.156067
0.019441 0.039667 0.0779433 9.9964E-05 9.9964E-05 9.9964E-05 0.795657 9.9964E-05 0.0668917
0.0193139 0.0753756 9.9973E-05 9.9973E-05 0.0137884 9.9973E-05 0.815062 0.0222728 0.0538876
9.9964E-05 0.134025 0.0948629 0.0241729 0.00237768 9.9964E-05 0.744162 9.9964E-05 9.9964E-05
9.9955E-05 9.9955E-05 9.9955E-05 0.0056187 0.0228743 9.9955E-05 0.822661 9.9955E-05 0.148346
9.9973E-05 9.9973E-05 9.9973E-05 0.0634426 0.0109512 0.0703024 0.0227621 0.690925 0.141317
0.114786 9.9973E-05 9.9973E-05 9.9973E-05 0.0936337 0.0997472 0.00036902 0.203955 0.487209
9.9973E-05 0.161935 0.201516 0.089158 9.9973E-05 0.015857 0.141772 9.9973E-05 0.389462
0.0507933 9.9991E-05 0.028556 0.04693 0.0439265 0.0213143 0.0238771 0.0906381 0.693865
9.9982E-05 0.119487 9.9982E-05 0.0310071 0.0352486 0.0158256 0.0355839 0.310119 0.452528
0.0715768 9.9973E-05 9.9973E-05 0.0928676 0.107852 0.186964 9.9973E-05 0.357776 0.182664
9.9964E-05 0.0242997 9.9964E-05 0.0829421 9.9964E-05 0.185164 0.0624718 0.644723 9.9964E-05
0.068025 0.0189379 0.0195897 0.0897781 9.9982E-05 0.0546651 9.9982E-05 0.247028 0.501776
0.201848 9.9973E-05 0.0495354 0.0964283 9.9973E-05 9.9973E-05 0.0516924 0.49922 0.100976
0.11312 9.9973E-05 0.0740229 0.0453412 9.9973E-05 0.0958864 9.9973E-05 0.193783 0.477547
0.0928736 9.9973E-05 0.0626025 9.9973E-05 9.9973E-05 0.00145384 0.116078 0.643978 0.0827138
9.9991E-05 0.030594 0.0719086 0.109607 0.0319706 0.0379293 0.0620155 0.166916 0.488958
0.0980616 9.9964E-05 9.9964E-05 0.0200196 9.9964E-05 9.9964E-05 0.0908042 0.645094 0.145621
0.0813101 0.0959717 0.0748293 0.0315195 0.0757674 9.9982E-05 0.158504 9.9982E-05 0.481898
0.113748 9.9991E-05 0.0623199 0.0267137 0.0356489 0.096148 0.0317116 0.364919 0.268691
9.9955E-05 9.9955E-05 9.9955E-05 9.9955E-05 9.9955E-05 0.244139 0.0194834 0.114973 0.620905
0.0823245 0.029335 9.9964E-05 0.0818269 9.9964E-05 0.513394 9.9964E-05 9.9964E-05 0.29272
9.9982E-05 0.099619 9.9982E-05 0.0181026 0.0220008 0.238235 0.0335433 0.0307654 0.557534
0.0430649 0.0257531 0.107709 0.0140605 9.9991E-05 0.10986 0.0814016 0.124959 0.493092
9.9955E-05 0.151696 9.9955E-05 0.0860091 9.9955E-05 0.416883 9.9955E-05 9.9955E-05 0.344912
9.9964E-05 0.123727 0.118345 0.040046 9.9964E-05 9.9964E-05 0.177949 9.9964E-05 0.539533
0.0270414 0.1559 0.20144 9.9973E-05 9.9973E-05 0.0552715 0.118389 9.9973E-05 0.441659
0.13379 9.9964E-05 9.9964E-05 0.13281 9.9964E-05 0.174611 0.0124863 9.9964E-05 0.545903
0.0981941 0.134621 9.9964E-05 0.106544 9.9964E-05 0.559909 9.9964E-05 9.9964E-05 0.100333
0.0427946 0.11996 9.9964E-05 0.0611048 9.9964E-05 0.523116 9.9964E-05 9.9964E-05 0.252625
0.00931156 9.9973E-05 9.9973E-05 0.0971431 9.9973E-05 0.322848 0.000312253 0.00544577 0.564639
9.9973E-05 0.0444847 9.9973E-05 0.14555 0.051081 0.194553 0.0781689 9.9973E-05 0.485863
0.144489 0.197241 9.9964E-05 0.0664052 9.9964E-05 0.463824 9.9964E-05 9.9964E-05 0.127641
9.9964E-05 0.0909857 0.00647926 9.9964E-05 9.9964E-05 0.272708 9.9964E-05 0.148843 0.480584
0.0263223 0.153473 0.0626823 0.0547239 9.9973E-05 9.9973E-05 0.00772381 0.694775 9.9973E-05
0.239739 9.9973E-05 9.9973E-05 0.040841 0.00846552 0.0923931 9.9973E-05 0.413999 0.204263
0.00859298 9.9982E-05 0.0340653 0.162797 0.0781822 9.9982E-05 0.0256013 0.414685 0.275876
9.9964E-05 0.124875 0.172774 0.00838341 9.9964E-05 9.9964E-05 9.9964E-05 0.20096 0.492608
0.0102688 0.187937 9.9973E-05 0.00654521 9.9973E-05 0.0429382 9.9973E-05 0.578558 0.173453
0.104428 0.0802023 0.146076 0.00441873 0.0502556 0.0267651 0.0160329 0.136505 0.435316
0.0909014 9.9973E-05 0.0661364 9.9973E-05 9.9973E-05 0.0471454 0.0159433 0.215033 0.56454
0.0350157 0.0926794 0.0978474 9.9991E-05 0.0684498 0.0295239 0.00685465 0.302331 0.367198
0.076535 0.0786511 0.0677685 0.0278471 0.076316 9.9982E-05 9.9982E-05 0.308142 0.36454
9.9982E-05 0.175284 0.00592173 0.0764694 0.0723221 9.9982E-05 0.0478321 0.248022 0.373948
0.00206297 0.154868 9.9973E-05 0.0762188 0.122064 9.9973E-05 9.9973E-05 0.508549 0.135937
0.0145528 0.131419 0.125747 0.178183 9.9973E-05 9.9973E-05 9.9973E-05 0.324673 0.225125
0.0803115 9.9982E-05 0.0126529 0.0222497 0.031183 0.00142032 9.9982E-05 0.281905 0.570078
0.0321636 0.0815797 9.9973E-05 9.9973E-05 9.9973E-05 0.0646505 0.0460052 0.195965 0.579336
0.109838 0.145851 0.175469 0.043615 9.9982E-05 0.0587069 9.9982E-05 0.256216 0.210104
0.141407 9.9964E-05 9.9964E-05 0.129679 0.101228 9.9964E-05 9.9964E-05 0.233591 0.393696
0.0137131 9.9982E-05 9.9982E-05 0.0738879 0.03771 0.107192 0.0651608 0.378079 0.324057
9.9973E-05 0.0566712 0.129821 0.0106835 9.9973E-05 9.9973E-05 0.00304134 0.279571 0.519912
0.0789835 9.9973E-05 9.9973E-05 0.0732477 0.131227 9.9973E-05 0.00379574 0.244056 0.46839
0.179856 9.9973E-05 9.9973E-05 0.0203653 0.0608928 9.9973E-05 0.101401 0.135891 0.501294
9.9982E-05 0.107253 0.116216 9.9982E-05 0.0724284 0.12799 0.249498 0.0150724 0.311341
0.0352787 0.106267 0.329135 0.0204349 0.0599405 0.0335537 0.0332468 0.0643044 0.317839
9.9973E-05 9.9973E-05 0.0241765 9.9973E-05 0.1077 0.176612 0.185882 0.0983582 0.406971
0.0302174 0.053238 0.191421 0.0730784 0.0624422 0.0903333 9.9991E-05 0.0390904 0.460079
0.0842866 0.101994 0.418736 9.9982E-05 0.024896 9.9982E-05 0.124364 0.0286604 0.216863
0.229405 0.0189134 9.9982E-05 0.0229377 0.039097 0.0996349 9.9982E-05 0.190514 0.399297
0.0186136 0.0345308 0.183561 9.9991E-05 0.0659953 0.0705018 0.0389655 0.128054 0.459677
0.0445772 0.0766123 0.197717 9.9982E-05 0.0287498 0.435552 0.10963 0.106961 9.9982E-05
9.9973E-05 0.0759571 0.111527 9.9973E-05 0.153153 0.119822 9.9973E-05 0.160181 0.37906
0.0557435 0.00312223 0.102146 0.00653003 0.071117 9.9991E-05 0.143363 0.0274858 0.590393
0.0266035 9.9982E-05 0.106375 0.0587416 0.15973 0.0569227 0.0781263 9.9982E-05 0.513301
9.9982E-05 0.159226 0.0571413 9.9982E-05 0.173007 0.180289 0.100353 0.167808 0.161976
9.9982E-05 0.0994114 0.0433609 9.9982E-05 0.0573726 0.149509 0.180214 0.0514634 0.418469
9.9973E-05 9.9973E-05 0.223828 9.9973E-05 0.0682437 0.0552511 0.100753 0.0209782 0.530646
9.9955E-05 9.9955E-05 0.232952 9.9955E-05 0.0229139 0.386464 0.35717 9.9955E-05 9.9955E-05
0.0964134 9.9982E-05 0.199376 0.0636191 0.0791365 0.0374808 0.128953 9.9982E-05 0.394821
0.100728 0.0217244 0.194541 0.000445861 0.0588761 0.0791413 0.0994432 9.9991E-05 0.445
0.0254263 9.9982E-05 0.0702638 9.9982E-05 0.0817467 0.145537 0.031987 0.102846 0.541993
9.9964E-05 9.9964E-05 0.163786 9.9964E-05 0.0876727 0.0802465 0.137347 9.9964E-05 0.530548
9.9973E-05 9.9973E-05 0.0220707 9.9973E-05 0.0740871 0.0572307 0.145101 0.193332 0.507878
0.379632 0.0102487 0.107605 0.0794476 9.9973E-05 9.9973E-05 0.00483343 9.9973E-05 0.417933
0.199261 9.9973E-05 0.172967 0.0269877 9.9973E-05 0.0717638 9.9973E-05 0.186858 0.341862
0.812667 0.124728 9.9955E-05 0.0133604 9.9955E-05 9.9955E-05 9.9955E-05 0.0487456 9.9955E-05
0.121189 9.9991E-05 0.119195 0.00397808 0.0531055 0.0700417 0.031333 0.219379 0.381679
0.123596 0.182372 0.146107 0.0121428 9.9982E-05 0.00883408 0.0577497 9.9982E-05 0.468999
0.818498 0.0456218 9.9964E-05 0.0673707 9.9964E-05 0.0545135 0.0135966 9.9964E-05 9.9964E-05
0.336463 9.9973E-05 9.9973E-05 0.0665583 0.0704751 9.9973E-05 0.00244031 0.0725265 0.451237
0.0155069 0.108508 0.0196046 0.0222233 9.9991E-05 0.0815999 0.18071 0.0657243 0.506023
0.0710673 9.9982E-05 0.399132 0.0356884 0.0519586 9.9982E-05 0.0475472 0.0669161 0.327491
0.245177 9.9955E-05 0.498735 9.9955E-05 0.0774396 9.9955E-05 9.9955E-05 9.9955E-05 0.178148
0.133976 0.0431617 0.345038 0.0229802 0.105553 0.127325 0.138179 9.9991E-05 0.0836865
0.155571 9.9973E-05 0.429367 9.9973E-05 0.0220705 9.9973E-05 0.138291 0.0398371 0.214563
0.159346 9.9982E-05 0.241735 0.0376685 9.9982E-05 0.0167467 0.0314442 0.0943211 0.418538
0.621806 9.9964E-05 0.076755 9.9964E-05 0.0583454 0.193961 0.0487326 9.9964E-05 9.9964E-05
0.60935 9.9973E-05 0.164552 9.9973E-05 0.00535394 0.0831156 0.066618 9.9973E-05 0.0707098
0.386727 9.9973E-05 0.0284167 0.00552608 0.135254 9.9973E-05 0.0178231 9.9973E-05 0.425953
0.395942 9.9955E-05 0.235736 9.9955E-05 9.9955E-05 9.9955E-05 0.0189912 9.9955E-05 0.348831
0.706094 9.9964E-05 0.129723 9.9964E-05 0.0273322 9.9964E-05 0.0366675 9.9964E-05 0.0997836
0.329861 9.9973E-05 0.12213 9.9973E-05 0.0754185 9.9973E-05 0.0157597 0.0898081 0.366724
0.375016 9.9973E-05 0.0175233 0.00090563 0.00881272 9.9973E-05 0.0729082 9.9973E-05 0.524535
0.152973 9.9982E-05 0.157249 9.9982E-05 0.0195981 0.0662186 0.0365545 0.108554 0.458653
0.562399 9.9955E-05 9.9955E-05 0.0713478 9.9955E-05 9.9955E-05 9.9955E-05 0.0501607 0.315593
0.494764 0.0284957 0.0533276 0.0218676 0.0265907 9.9982E-05 9.9982E-05 0.129041 0.245714
0.152196 0.0552578 0.0744647 0.0745596 0.0326398 9.9991E-05 0.131513 0.11721 0.36206
0.31596 0.0341118 9.9973E-05 9.9973E-05 0.0495494 0.0356946 0.0502582 9.9973E-05 0.514126
0.381802 9.9973E-05 0.147657 0.113895 9.9973E-05 9.9973E-05 0.0250328 0.0854107 0.245903
0.159653 0.0409517 9.9991E-05 0.0635934 0.12119 0.0285267 0.0834733 0.105108 0.397404
0.207523 0.0333971 0.0105855 0.0297721 0.12093 0.069215 0.102164 0.056958 0.369455
0.358887 9.9955E-05 0.00320876 9.9955E-05 9.9955E-05 0.135215 9.9955E-05 9.9955E-05 0.50219
0.721421 9.9955E-05 9.9955E-05 0.101774 9.9955E-05 9.9955E-05 9.9955E-05 0.00210633 0.174199
0.332582 0.0696493 0.0761363 9.9955E-05 9.9955E-05 9.9955E-05 9.9955E-05 9.9955E-05 0.521132
0.212045 0.113407 0.196973 9.9973E-05 9.9973E-05 9.9973E-05 0.0517476 0.0495258 0.376002
0.681635 9.9973E-05 9.9973E-05 0.0239918 0.0402815 9.9973E-05 0.010758 0.0967358 0.146298
0.414327 0.0478309 9.9964E-05 0.159769 0.0676367 9.9964E-05 9.9964E-05 9.9964E-05 0.310036
0.187303 0.0444104 0.168119 0.0797793 9.9982E-05 9.9982E-05 0.0610127 0.0211917 0.437984
0.287223 0.124693 0.0711784 0.0199794 0.0019158 9.9991E-05 0.073047 0.0657124 0.356152
0.038006 0.00662913 0.409615 9.9982E-05 9.9982E-05 0.0629546 0.0527693 0.120195 0.30963
0.114611 0.0699747 0.213896 9.9991E-05 0.0506098 0.0876726 0.0846513 0.116616 0.261868
9.9973E-05 9.9973E-05 0.239714 0.0229552 0.125917 0.188482 0.128805 9.9973E-05 0.293827
0.0383614 0.103979 0.364575 0.0787401 9.9973E-05 9.9973E-05 0.0650286 9.9973E-05 0.349016
0.0435812 0.0369476 0.258857 0.0478289 9.9991E-05 0.086691 0.12397 0.0927192 0.309305
0.030415 0.103083 0.102825 9.9991E-05 0.00592574 0.117075 0.147735 0.0484926 0.444348
0.0487144 0.15072 0.0939772 0.0156981 0.142169 9.9991E-05 0.110159 0.0753973 0.363065
0.18207 9.9973E-05 0.386788 0.0800193 9.9973E-05 0.0110886 0.0308795 9.9973E-05 0.308855
0.55952 9.9973E-05 0.173077 0.00512991 0.0225764 0.0792078 0.160189 9.9973E-05 9.9973E-05
0.0932424 9.9973E-05 0.158436 0.0308154 0.0593867 9.9973E-05 0.0885985 9.9973E-05 0.569221
0.372343 9.9964E-05 0.0299691 9.9964E-05 0.0832978 0.17154 0.34245 9.9964E-05 9.9964E-05
0.231905 9.9973E-05 0.0983303 9.9973E-05 0.11247 0.0412431 0.0314262 9.9973E-05 0.484326
0.11217 0.107396 0.199835 9.9982E-05 0.0802903 9.9982E-05 0.063534 0.0912384 0.345337
0.956956 0.0101839 9.9955E-05 9.9955E-05 9.9955E-05 0.0234264 9.9955E-05 9.9955E-05 0.00893434
0.920991 0.0678267 9.9946E-05 9.9946E-05 9.9946E-05 0.0105829 9.9946E-05 9.9946E-05 9.9946E-05
0.567852 9.9937E-05 9.9937E-05 9.9937E-05 9.9937E-05 9.9937E-05 9.9937E-05 9.9937E-05 0.431448
0.385722 9.9946E-05 9.9946E-05 9.9946E-05 9.9946E-05 9.9946E-05 0.0510389 9.9946E-05 0.56264
0.670216 9.9937E-05 9.9937E-05 9.9937E-05 9.9937E-05 9.9937E-05 9.9937E-05 9.9937E-05 0.329084
0.446089 0.0661941 9.9955E-05 9.9955E-05 0.0322602 9.9955E-05 9.9955E-05 9.9955E-05 0.454957
0.438811 9.9946E-05 0.0563565 9.9946E-05 9.9946E-05 9.9946E-05 9.9946E-05 9.9946E-05 0.504232
0.0691738 0.0108284 9.9964E-05 9.9964E-05 0.173563 9.9964E-05 0.736386 9.9964E-05 0.00964866
0.000967769 9.9973E-05 9.9973E-05 0.0535131 0.145381 0.0358426 0.6872 0.0767952 9.9973E-05
9.9946E-05 9.9946E-05 9.9946E-05 0.016221 0.11207 9.9946E-05 0.871109 9.9946E-05 9.9946E-05
9.9946E-05 9.9946E-05 0.0339285 9.9946E-05 9.9946E-05 9.9946E-05 0.915043 9.9946E-05 0.0504287
0.0959755 0.328432 9.9973E-05 0.0455917 0.0548531 9.9973E-05 0.0426762 9.9973E-05 0.432171
0.0428273 0.241362 0.113419 9.9982E-05 0.0111652 9.9982E-05 0.0439849 0.0769066 0.470135
0.00823526 0.37966 9.9964E-05 0.0340159 9.9964E-05 9.9964E-05 9.9964E-05 0.0713347 0.506355
9.9982E-05 0.249213 0.0209279 9.9982E-05 0.0148777 0.0144546 0.116243 0.0618974 0.522187
9.9973E-05 0.175442 9.9973E-05 0.0956667 0.0674671 0.136766 0.0675126 9.9973E-05 0.456846
0.0134281 0.569972 0.0483745 0.0689008 0.00702955 0.00773895 0.0666021 0.0308415 0.187113
9.9964E-05 0.272689 0.0427902 9.9964E-05 0.0675596 9.9964E-05 9.9964E-05 0.0401689 0.576392
0.121234 0.425425 9.9973E-05 0.0329346 0.0154398 0.0747985 9.9973E-05 9.9973E-05 0.329868
0.0435827 0.0116361 0.207783 0.0126732 0.101471 0.022405 0.195784 0.0264312 0.378234
0.0922661 0.383765 0.109035 0.014832 9.9982E-05 0.0185028 9.9982E-05 0.0128525 0.368547
9.9964E-05 0.46757 0.0232324 0.0264462 9.9964E-05 9.9964E-05 9.9964E-05 0.0970084 0.385343
0.0636323 0.155096 9.9991E-05 0.0230575 0.14406 0.0382504 0.0717687 0.103219 0.400816
9.9946E-05 0.40995 9.9946E-05 9.9946E-05 9.9946E-05 9.9946E-05 9.9946E-05 0.0976919 0.491758
0.138934 0.322928 9.9973E-05 0.0274646 0.0439056 9.9973E-05 9.9973E-05 0.116243 0.350225
