9.9964E-05 0.860142 0.0291053 0.0540666 9.9964E-05 9.9964E-05 9.9964E-05 0.0501355 0.0061507
9.9955E-05 0.891452 9.9955E-05 9.9955E-05 9.9955E-05 9.9955E-05 0.0498796 0.0408069 0.0173617
0.0306062 0.761889 0.0543978 9.9973E-05 0.0263177 9.9973E-05 9.9973E-05 0.0747017 0.0517875
0.074294 0.747864 9.9973E-05 0.0457287 0.0335284 9.9973E-05 0.0432025 0.0550823 9.9973E-05
0.0120201 0.910609 9.9946E-05 9.9946E-05 9.9946E-05 9.9946E-05 0.0767708 9.9946E-05 9.9946E-05
0.0309195 0.611085 0.0289858 9.9973E-05 0.0529841 0.251021 9.9973E-05 0.024705 9.9973E-05
9.9955E-05 0.743625 9.9955E-05 9.9955E-05 0.00557989 0.181911 9.9955E-05 0.0683843 9.9955E-05
0.0307881 0.652386 9.9964E-05 9.9964E-05 0.0411752 0.262368 9.9964E-05 0.0128823 9.9964E-05
9.99549E-05 0.756269 9.99549E-05 9.99549E-05 0.127173 9.99549E-05 9.99549E-05 0.0131553 0.102904
0.0643797 0.643075 9.9973E-05 9.9973E-05 0.0100259 0.188249 0.027033 0.0669378 9.9973E-05
9.9955E-05 0.699051 9.9955E-05 0.0409932 0.00924374 0.250212 9.9955E-05 9.9955E-05 9.9955E-05
0.0736621 9.9946E-05 9.9946E-05 0.798246 9.9946E-05 0.127492 9.9946E-05 9.9946E-05 9.9946E-05
0.0466376 0.0127808 9.9964E-05 0.859418 9.9964E-05 9.9964E-05 9.9964E-05 0.0188994 0.0618643
0.103282 0.115048 9.9973E-05 0.70022 9.9973E-05 9.9973E-05 0.0305321 0.0060594 0.0445585
9.9964E-05 0.0375198 9.9964E-05 0.871978 0.0151327 0.0568259 9.9964E-05 0.0181433 9.9964E-05
0.128342 9.9955E-05 9.9955E-05 0.782965 9.9955E-05 0.0524084 9.9955E-05 0.0357849 9.9955E-05
0.0402041 0.0042562 9.9955E-05 0.946829 9.9955E-05 9.9955E-05 0.00821057 9.9955E-05 9.9955E-05
0.160342 0.0241701 9.9955E-05 0.786879 9.9955E-05 9.9955E-05 9.9955E-05 9.9955E-05 0.0281085
0.0170833 0.0530456 0.0378738 0.843258 9.9964E-05 0.0483395 9.9964E-05 9.9964E-05 9.9964E-05
9.993E-05 9.993E-05 9.993E-05 9.993E-05 9.993E-05 9.993E-05 9.993E-05 0.999201 9.993E-05
9.993E-05 9.993E-05 9.993E-05 9.993E-05 9.993E-05 9.993E-05 9.993E-05 0.999201 9.993E-05
0.0494593 0.477976 0.0533062 0.0210114 9.9982E-05 9.9982E-05 0.00899309 0.355917 0.033137
0.0829855 0.470582 0.0610519 9.9973E-05 0.0297025 9.9973E-05 9.9973E-05 0.271067 0.0843115
0.026703 0.111793 0.00761401 0.722813 0.130234 9.9973E-05 9.9973E-05 0.000543037 9.9973E-05
0.01376 0.0161251 0.635421 0.232515 0.0416198 9.9982E-05 9.9982E-05 0.0578105 0.00254803
0.113466 9.9973E-05 0.718114 9.9973E-05 0.04116 0.108541 0.0134446 0.00497426 9.9973E-05
9.9964E-05 0.00538874 0.621608 9.9964E-05 9.9964E-05 0.113895 0.087392 9.9964E-05 0.171316
9.9982E-05 9.9982E-05 0.255251 0.4143 0.131473 0.0488189 0.101395 0.022006 0.0265567
0.00801554 9.9973E-05 0.135762 0.347291 9.9973E-05 0.400308 0.0474745 9.9973E-05 0.060849
9.9973E-05 0.13283 0.251949 0.245699 0.163692 0.0779158 0.127613 9.9973E-05 9.9973E-05
0.0578709 0.184174 0.0685956 0.40101 0.10929 0.09704 0.0224474 9.9991E-05 0.0594726
9.9964E-05 9.9964E-05 0.0960302 0.606042 0.114264 0.118708 9.9964E-05 0.0645562 9.9964E-05
0.0856149 0.00272328 0.221303 0.535015 9.9973E-05 9.9973E-05 9.9973E-05 0.0490386 0.106005
9.9982E-05 9.9982E-05 0.0412593 0.589258 0.0257635 0.103936 0.0833094 0.120452 0.0358213
0.0842982 0.00311162 0.627385 0.256924 9.9964E-05 9.9964E-05 9.9964E-05 0.0278811 9.9964E-05
9.9946E-05 9.9946E-05 0.929703 9.9946E-05 9.9946E-05 9.9946E-05 9.9946E-05 0.00565737 0.0640404
9.9973E-05 0.00790802 0.807799 0.0483853 9.9973E-05 0.0609152 0.0713753 9.9973E-05 0.00331751
0.101411 9.9955E-05 0.853273 0.0440642 0.000752033 9.9955E-05 9.9955E-05 9.9955E-05 9.9955E-05
0.0731866 0.0441011 0.594291 0.287922 9.9955E-05 9.9955E-05 9.9955E-05 9.9955E-05 9.9955E-05
0.0573965 9.9964E-05 0.563078 0.113201 0.221865 9.9964E-05 9.9964E-05 0.044059 9.9964E-05
9.9964E-05 9.9964E-05 0.641294 9.9964E-05 0.03805 0.170593 0.0511434 9.9964E-05 0.098519
0.0198587 0.812214 9.9964E-05 0.105488 9.9964E-05 9.9964E-05 0.0104296 0.0516092 9.9964E-05
9.9964E-05 0.800504 0.00238048 0.0328934 9.9964E-05 9.9964E-05 9.9964E-05 0.152363 0.0114601
0.0566485 0.825942 0.0218755 9.9955E-05 9.9955E-05 9.9955E-05 9.9955E-05 0.0950339 9.9955E-05
0.00756975 0.78099 0.0223256 9.9964E-05 9.9964E-05 9.9964E-05 9.9964E-05 0.0773021 0.111413
0.0511924 0.750162 0.0619106 0.00727292 9.9973E-05 9.9973E-05 9.9973E-05 0.103756 0.0254056
0.0104078 0.78356 0.0697607 9.9964E-05 9.9964E-05 9.9964E-05 9.9964E-05 0.054464 0.0814075
9.9973E-05 0.896332 0.00942312 0.0314785 9.9973E-05 9.9973E-05 0.0022523 0.0548788 0.00533568
9.9955E-05 0.0310451 0.718651 0.179491 9.9955E-05 9.9955E-05 0.0703135 9.9955E-05 9.9955E-05
9.9955E-05 0.0545522 0.698954 0.16434 0.0816538 9.9955E-05 9.9955E-05 9.9955E-05 9.9955E-05
0.165739 9.9973E-05 0.687007 0.0459825 0.0123636 0.0542531 9.9973E-05 0.0343546 9.9973E-05
0.0208807 9.9982E-05 0.124879 0.380469 0.0873714 0.127847 0.114486 9.9982E-05 0.143866
0.103661 0.021558 0.0913253 0.57263 0.0611344 0.0254483 0.124043 9.9982E-05 9.9982E-05
0.0324097 9.9991E-05 0.154635 0.323818 0.135505 0.0266817 0.160982 0.0134618 0.152408
0.0334015 9.9991E-05 0.161937 0.0779335 0.306092 0.0647119 0.257251 0.000995068 0.0975781
0.0399022 0.0404955 0.0911238 0.60797 9.9982E-05 0.0707301 0.139903 0.00967578 9.9982E-05
0.0438453 0.0215503 0.0615405 0.613957 0.0888118 9.9973E-05 0.169995 9.9973E-05 9.9973E-05
0.0800388 9.9982E-05 0.20795 0.339972 0.0882051 0.180552 0.0516661 9.9982E-05 0.0514168
9.9982E-05 0.0771087 9.9982E-05 0.0556062 0.129823 0.579603 0.0906448 0.0198064 0.0472071
0.0971926 0.0392434 0.169021 0.16917 0.101236 0.236857 0.0721428 0.00987049 0.105267
9.9991E-05 0.0376691 0.0558549 0.0978998 0.0507163 0.689063 0.0293038 0.0162542 0.0231387
0.0918435 0.00533845 0.140493 0.202205 0.0808039 0.397367 0.0817497 9.9982E-05 9.9982E-05
0.0920853 0.0125839 0.2354 0.178222 9.9991E-05 0.298417 0.0116723 0.0251607 0.146359
0.0717012 9.9982E-05 0.318343 0.207787 0.0580453 0.29044 0.0136007 9.9982E-05 0.0398829
0.262877 0.211494 9.9973E-05 0.0798655 9.9973E-05 0.256591 9.9973E-05 0.0465973 0.142275
0.0216909 0.306113 9.9955E-05 9.9955E-05 9.9955E-05 0.00732435 9.9955E-05 9.9955E-05 0.664372
0.0613813 0.143116 9.9973E-05 9.9973E-05 0.00862031 0.0986869 9.9973E-05 0.0112592 0.676637
0.267717 0.244656 9.9964E-05 0.0537487 9.9964E-05 0.0722668 9.9964E-05 9.9964E-05 0.361212
0.0664462 9.9973E-05 0.0373535 0.0510662 9.9973E-05 0.704673 0.115523 0.0246379 9.9973E-05
0.0614219 9.9973E-05 0.0204485 0.0777588 9.9973E-05 0.669558 0.166066 9.9973E-05 0.00444722
0.0497227 9.9973E-05 0.173564 0.174784 9.9973E-05 0.526111 0.0189788 9.9973E-05 0.0565398
0.910748 0.00498501 9.9946E-05 9.9946E-05 9.9946E-05 0.0836674 9.9946E-05 9.9946E-05 9.9946E-05
0.912196 9.9946E-05 9.9946E-05 9.9946E-05 0.0516992 9.9946E-05 0.0355054 9.9946E-05 9.9946E-05
0.981297 9.9946E-05 9.9946E-05 9.9946E-05 9.9946E-05 9.9946E-05 9.9946E-05 0.0108283 0.00727546
0.908312 9.9964E-05 9.9964E-05 9.9964E-05 0.0246473 9.9964E-05 0.0181125 0.0213598 0.027169
0.9382 9.9946E-05 9.9946E-05 0.0103412 0.050859 9.9946E-05 9.9946E-05 9.9946E-05 9.9946E-05
0.999201 9.993E-05 9.993E-05 9.993E-05 9.993E-05 9.993E-05 9.993E-05 9.993E-05 9.993E-05
0.999201 9.993E-05 9.993E-05 9.993E-05 9.993E-05 9.993E-05 9.993E-05 9.993E-05 9.993E-05
0.974165 9.9937E-05 0.0251359 9.9937E-05 9.9937E-05 9.9937E-05 9.9937E-05 9.9937E-05 9.9937E-05
0.935186 0.0309077 0.0311414 9.9955E-05 9.9955E-05 0.00226486 9.9955E-05 9.9955E-05 9.9955E-05
0.881966 0.0628191 9.9964E-05 0.0452779 9.9964E-05 9.9964E-05 9.9964E-05 0.0072108 0.00232613
0.962485 0.00731012 9.9955E-05 9.9955E-05 9.9955E-05 0.00330336 9.9955E-05 0.0264015 9.9955E-05
0.885708 0.0257615 0.0109531 0.055494 0.00731438 9.9991E-05 0.00241548 0.00661836 0.00563553
9.9946E-05 0.136616 9.9946E-05 9.9946E-05 9.9946E-05 0.585569 9.9946E-05 9.9946E-05 0.277216
0.106203 0.131728 0.0207732 9.9982E-05 0.049426 0.437426 9.9982E-05 0.0784555 0.175788
0.10322 0.107479 0.0463127 0.186188 9.9982E-05 0.286264 9.9982E-05 0.0473174 0.223019
9.9964E-05 0.735315 0.0677256 9.9964E-05 0.0818212 0.00773197 9.9964E-05 9.9964E-05 0.107007
0.0416356 0.806701 9.9964E-05 9.9964E-05 9.9964E-05 9.9964E-05 0.0118753 0.0607573 0.0786305
9.9955E-05 0.845362 9.9955E-05 9.9955E-05 0.00245172 9.9955E-05 9.9955E-05 0.00927043 0.142416
9.9955E-05 0.885481 9.9955E-05 9.9955E-05 0.0637251 9.9955E-05 9.9955E-05 0.0188601 0.0314344
0.0352613 0.732722 9.9964E-05 0.025267 9.9964E-05 9.9964E-05 9.9964E-05 0.0965864 0.109764
0.0457077 0.85831 9.9964E-05 9.9964E-05 9.9964E-05 0.0104161 9.9964E-05 0.0131805 0.0719854
0.0995568 0.844647 9.9955E-05 9.9955E-05 0.0276454 9.9955E-05 9.9955E-05 9.9955E-05 0.0276507
9.9973E-05 0.824474 9.9973E-05 0.0347662 9.9973E-05 0.070312 0.0178645 0.031569 0.0207143
0.0238341 0.902302 9.9964E-05 9.9964E-05 9.9964E-05 9.9964E-05 0.0422551 0.0143772 0.0168317
0.0337356 0.790776 9.9955E-05 0.00134122 9.9955E-05 9.9955E-05 9.9955E-05 9.9955E-05 0.173648
0.0222975 0.566102 0.042721 0.0879544 0.0971588 9.9982E-05 0.143004 0.0405626 9.9982E-05
9.9964E-05 0.573195 0.0673448 0.106169 0.239162 9.9964E-05 9.9964E-05 9.9964E-05 0.0137289
9.9982E-05 0.474789 0.0958558 0.115946 0.155036 9.9982E-05 0.0518003 0.0132133 0.0931608
9.9973E-05 0.481561 0.0199415 0.304149 0.1515 0.0186054 0.0239435 9.9973E-05 9.9973E-05
9.9973E-05 0.0274527 0.0838282 0.697671 0.146535 0.0319735 0.0122395 9.9973E-05 9.9973E-05
0.196841 0.0159247 0.659642 9.9964E-05 0.00832632 0.118866 9.9964E-05 9.9964E-05 9.9964E-05
9.9955E-05 9.9955E-05 0.827156 9.9955E-05 0.0312573 9.9955E-05 0.132189 9.9955E-05 0.0088975
0.0274584 9.9973E-05 0.611449 9.9973E-05 9.9973E-05 0.113241 0.0554714 0.0384558 0.153624
9.9955E-05 0.0990426 0.657995 0.188731 0.0537307 9.9955E-05 9.9955E-05 9.9955E-05 9.9955E-05
0.0495054 9.9955E-05 9.9955E-05 9.9955E-05 0.866994 0.0174987 9.9955E-05 9.9955E-05 0.065502
0.00593707 9.9946E-05 9.9946E-05 9.9946E-05 0.908543 0.0849205 9.9946E-05 9.9946E-05 9.9946E-05
9.993E-05 9.993E-05 9.993E-05 9.993E-05 0.999201 9.993E-05 9.993E-05 9.993E-05 9.993E-05
9.9946E-05 0.0491569 0.0756585 9.9946E-05 0.874585 9.9946E-05 9.9946E-05 9.9946E-05 9.9946E-05
0.0379442 9.9946E-05 9.9946E-05 9.9946E-05 0.923093 0.0383635 9.9946E-05 9.9946E-05 9.9946E-05
0.0932502 9.9937E-05 9.9937E-05 9.9937E-05 0.90605 9.9937E-05 9.9937E-05 9.9937E-05 9.9937E-05
0.0921213 0.843125 9.9955E-05 9.9955E-05 9.9955E-05 9.9955E-05 0.041969 0.0222846 9.9955E-05
0.042714 0.791266 9.9973E-05 0.0854599 0.01344 9.9973E-05 9.9973E-05 0.00433805 0.0624817
0.15974 0.745352 9.9973E-05 0.0412237 0.0107341 0.0161889 9.9973E-05 0.0264619 9.9973E-05
0.104326 0.743073 9.9964E-05 0.137652 9.9964E-05 0.00338742 9.9964E-05 0.0111618 9.9964E-05
0.0775009 0.752568 9.9964E-05 0.0693245 9.9964E-05 0.0777392 9.9964E-05 9.9964E-05 0.0224676
9.9964E-05 0.35908 9.9964E-05 0.117058 0.465357 0.0361987 9.9964E-05 0.0219071 9.9964E-05
9.9982E-05 0.44092 0.0634057 9.9982E-05 0.372457 0.0831997 0.0339475 0.00575554 0.000114847
9.9955E-05 0.411976 9.9955E-05 9.9955E-05 0.503524 9.9955E-05 0.0638099 0.0201901 9.9955E-05
9.993E-05 9.993E-05 9.993E-05 9.993E-05 9.993E-05 9.993E-05 9.993E-05 0.999201 9.993E-05
0.0111129 0.258976 0.0508267 9.9982E-05 0.557523 0.0196487 9.9982E-05 0.0346739 0.0670393
0.371687 0.140744 0.0143491 0.179862 9.9982E-05 0.0806599 0.00891088 9.9982E-05 0.203587
0.24214 0.175112 9.9955E-05 9.9955E-05 9.9955E-05 0.106845 9.9955E-05 9.9955E-05 0.475403
0.125994 9.9982E-05 0.0896093 0.261664 0.103751 0.169426 0.237492 9.9982E-05 0.0118637
9.9964E-05 0.101555 9.9964E-05 0.72998 0.0625069 9.9964E-05 0.0683071 0.0372516 9.9964E-05
0.173902 0.0138815 0.232215 0.263746 0.0856229 9.9982E-05 0.20847 9.9982E-05 0.0219631
9.9973E-05 9.9973E-05 0.188435 0.287085 0.0718914 0.119114 0.234469 9.9973E-05 0.0987056
0.0030805 0.0088296 0.0335266 0.737928 9.9982E-05 0.113669 0.021858 0.0809084 9.9982E-05
9.9964E-05 9.9964E-05 0.155727 0.504309 9.9964E-05 0.292983 0.0221679 9.9964E-05 0.0244135
0.140162 9.9982E-05 0.0397006 0.531768 0.0658979 0.0611077 0.145998 9.9982E-05 0.015165
0.0891148 0.0558487 0.228902 0.326168 0.0632378 0.155491 0.0810367 9.9982E-05 9.9982E-05
0.0889582 0.813033 0.0436478 9.9955E-05 9.9955E-05 0.0538612 9.9955E-05 9.9955E-05 9.9955E-05
0.0318339 0.86685 0.0613218 9.9964E-05 9.9964E-05 9.9964E-05 0.0358948 0.00369921 9.9964E-05
0.0232925 0.769438 0.0370924 0.00546895 9.9982E-05 0.0352212 0.0707802 9.9982E-05 0.0585067
0.0256716 0.795846 0.0514565 9.9973E-05 0.0464581 9.9973E-05 0.0538901 0.0263777 9.9973E-05
0.0620852 0.807755 9.9973E-05 0.0232689 9.9973E-05 0.0430212 0.0173015 0.0462678 9.9973E-05
9.9955E-05 9.9955E-05 9.9955E-05 0.711124 0.121143 9.9955E-05 0.0969819 9.9955E-05 0.0702516
0.0796275 9.9991E-05 0.0613952 0.359041 0.14425 0.00690008 0.142629 0.0496843 0.156374
9.9973E-05 0.0644988 0.0578972 0.601126 0.206294 9.9973E-05 9.9973E-05 0.0327662 0.0371189
0.0471143 0.0350746 9.9982E-05 0.514581 0.218177 0.033915 0.0984507 0.0524872 9.9982E-05
9.9973E-05 0.108456 9.9973E-05 0.669549 0.101525 9.9973E-05 0.0935617 0.0107417 0.0158661
0.0183576 0.023278 9.9982E-05 0.689816 0.122429 0.116126 0.0045381 0.0252556 9.9982E-05
0.125006 0.0340016 0.0118762 0.415969 0.064232 0.188192 0.12404 0.036584 9.9991E-05
0.0418079 9.9973E-05 0.114551 0.0717037 0.046324 0.680476 0.0448379 9.9973E-05 9.9973E-05
9.9964E-05 9.9964E-05 0.153662 9.9964E-05 0.104539 0.609935 0.0937257 9.9964E-05 0.0377382
9.9964E-05 9.9964E-05 0.114594 0.0381158 9.9964E-05 0.759887 0.0367075 9.9964E-05 0.050296
9.9973E-05 0.0119258 0.178633 9.9973E-05 0.0681071 0.539344 0.176552 0.0251378 9.9973E-05
0.0173654 9.9964E-05 0.129165 0.611762 0.193769 9.9964E-05 9.9964E-05 9.9964E-05 0.0475387
0.059471 9.9973E-05 0.100613 0.465737 0.0962073 0.163458 0.114214 9.9973E-05 9.9973E-05
0.0980905 9.9973E-05 0.181552 0.480427 0.157938 0.0705254 9.9973E-05 0.0111676 9.9973E-05
0.108065 9.9955E-05 0.157115 0.59212 0.142201 9.9955E-05 9.9955E-05 9.9955E-05 9.9955E-05
0.0945565 0.0929939 0.111526 0.104513 9.9973E-05 0.331513 9.9973E-05 9.9973E-05 0.264597
0.0962857 0.200112 0.0676079 9.9973E-05 9.9973E-05 9.9973E-05 0.0208141 0.0490564 0.565824
9.9937E-05 9.9937E-05 9.9937E-05 0.0766829 9.9937E-05 9.9937E-05 0.922618 9.9937E-05 9.9937E-05
9.9982E-05 0.016657 0.00609068 0.00400168 0.0129395 0.0822887 0.876038 9.9982E-05 0.00178407
0.437576 0.045277 0.128902 9.9982E-05 9.9982E-05 0.0845623 0.189244 0.00458466 0.109654
0.331718 0.0850831 9.9973E-05 0.184824 9.9973E-05 9.9973E-05 0.221845 0.0716583 0.104572
0.0346216 9.9946E-05 9.9946E-05 9.9946E-05 9.9946E-05 9.9946E-05 0.674552 9.9946E-05 0.290227
0.0961326 9.9955E-05 9.9955E-05 9.9955E-05 9.9955E-05 9.9955E-05 0.637154 0.0663796 0.199834
0.292016 0.0413675 0.0153103 0.154666 9.9964E-05 9.9964E-05 0.49624 9.9964E-05 9.9964E-05
0.116717 0.0177865 9.9973E-05 0.00961724 9.9973E-05 9.9973E-05 0.798039 0.0382592 0.0192808
0.0207135 9.9964E-05 0.00101419 0.0500984 0.122347 9.9964E-05 0.805427 9.9964E-05 9.9964E-05
0.0455948 0.0467678 0.044024 0.0818373 9.9964E-05 9.9964E-05 0.781376 9.9964E-05 9.9964E-05
0.0392339 0.0470606 9.9973E-05 9.9973E-05 0.0530522 9.9973E-05 0.588373 0.0655506 0.206429
0.0539387 0.2551 9.9964E-05 9.9964E-05 9.9964E-05 9.9964E-05 0.434912 0.023673 0.231976
9.9937E-05 9.9937E-05 0.100433 9.9937E-05 9.9937E-05 9.9937E-05 0.898867 9.9937E-05 9.9937E-05
9.9946E-05 9.9946E-05 0.0616223 9.9946E-05 9.9946E-05 9.9946E-05 0.928267 0.00951071 9.9946E-05
0.12857 9.9973E-05 0.0703141 0.0759054 9.9973E-05 0.0700796 0.622747 0.0320849 9.9973E-05
0.068287 9.9964E-05 0.115455 0.0161005 9.9964E-05 0.129572 0.670186 9.9964E-05 9.9964E-05
0.0779253 0.739146 9.9973E-05 9.9973E-05 9.9973E-05 0.0620626 0.080829 0.0374265 0.00231071
0.105087 0.694703 9.9973E-05 0.0770149 0.0820688 9.9973E-05 9.9973E-05 0.0217561 0.0190696
0.0939059 0.891113 9.9955E-05 9.9955E-05 0.00869182 9.9955E-05 9.9955E-05 0.00578979 9.9955E-05
9.9955E-05 0.832856 9.9955E-05 9.9955E-05 9.9955E-05 9.9955E-05 0.0169586 0.118599 0.031087
0.0907553 0.0524363 0.472304 0.154404 0.123649 0.0835172 0.0227336 9.9982E-05 9.9982E-05
9.9946E-05 9.9946E-05 0.960959 9.9946E-05 9.9946E-05 9.9946E-05 9.9946E-05 0.028949 0.00949206
0.0587612 0.0354642 0.625209 0.0362539 9.9973E-05 0.214492 0.02952 9.9973E-05 9.9973E-05
9.9946E-05 9.9946E-05 0.919971 9.9946E-05 9.9946E-05 9.9946E-05 0.00398622 9.9946E-05 0.0754432
9.9946E-05 9.9946E-05 0.695985 9.9946E-05 9.9946E-05 0.145099 9.9946E-05 9.9946E-05 0.158316
9.9946E-05 9.9946E-05 0.802516 9.9946E-05 9.9946E-05 9.9946E-05 0.112339 9.9946E-05 0.0845455
0.0935471 0.0214082 0.644096 0.20726 9.9982E-05 0.00795854 0.0250567 0.000473904 9.9982E-05
0.0835238 9.9973E-05 0.745232 9.9973E-05 0.0380544 0.00854751 0.083614 0.0407283 9.9973E-05
9.9973E-05 0.619495 9.9973E-05 0.0571044 0.215755 9.9973E-05 0.0116912 0.0595433 0.0361117
0.0033305 0.617868 0.0159841 0.0333735 0.117108 0.0342177 0.0098461 0.0938928 0.0743792
9.9955E-05 0.652503 9.9955E-05 9.9955E-05 0.13716 9.9955E-05 9.9955E-05 0.147375 0.0624625
9.9955E-05 0.713557 9.9955E-05 9.9955E-05 0.103272 9.9955E-05 9.9955E-05 0.115939 0.066732
9.9973E-05 0.671392 0.00120555 0.0516416 0.145336 0.0508218 9.9973E-05 0.0793033 9.9973E-05
0.016059 0.104374 0.658931 0.116004 0.104232 9.9964E-05 9.9964E-05 9.9964E-05 9.9964E-05
0.00487698 0.0898353 0.691447 0.104191 0.0684789 0.00697788 9.9982E-05 0.0339924 9.9982E-05
0.0591863 9.9946E-05 0.903179 9.9946E-05 9.9946E-05 0.0370355 9.9946E-05 9.9946E-05 9.9946E-05
0.0505683 0.0178935 0.561966 0.129794 0.0938081 0.0331294 0.112641 9.9982E-05 9.9982E-05
0.10965 9.9973E-05 0.64918 0.0776252 0.0570075 0.024286 9.9973E-05 0.0819512 9.9973E-05
0.527337 0.168713 9.9982E-05 9.9982E-05 0.000431937 0.0671636 0.0354976 0.0563809 0.144275
9.9964E-05 0.0994708 9.9964E-05 0.228416 0.0886471 0.529576 9.9964E-05 0.05349 9.9964E-05
0.0613971 0.0795025 9.9973E-05 9.9973E-05 0.0093079 0.745978 9.9973E-05 0.02464 0.0788743
0.0118076 9.9955E-05 0.0620813 9.9955E-05 0.0452121 9.9955E-05 9.9955E-05 9.9955E-05 0.880399
9.9937E-05 9.9937E-05 0.0374081 9.9937E-05 9.9937E-05 9.9937E-05 9.9937E-05 9.9937E-05 0.961892
0.0285308 0.0479719 0.0905857 9.9991E-05 0.0357067 0.049005 0.0114802 0.0453497 0.69127
0.0585255 0.109849 9.9955E-05 0.0022919 9.9955E-05 9.9955E-05 9.9955E-05 9.9955E-05 0.828834
0.195471 0.145504 0.10357 9.9982E-05 0.049172 0.110997 0.0635411 9.9982E-05 0.331544
9.9973E-05 9.9973E-05 0.00336407 0.118017 0.0169662 9.9973E-05 0.0010049 0.0240285 0.83632
0.0569236 9.9973E-05 0.161373 0.100874 9.9973E-05 9.9973E-05 0.033064 0.0483399 0.599125
9.993E-05 9.993E-05 9.993E-05 9.993E-05 9.993E-05 9.993E-05 9.993E-05 9.993E-05 0.999201
0.252024 0.16988 0.0367787 0.125314 9.9982E-05 0.0760438 9.9982E-05 0.0144276 0.325333
0.32638 0.166691 0.146796 9.9973E-05 9.9973E-05 0.00174101 9.9973E-05 0.0365132 0.321579
9.9973E-05 0.760285 0.0939916 9.9973E-05 0.0799992 0.00977447 9.9973E-05 0.0224491 0.0332011
9.9946E-05 9.9946E-05 9.9946E-05 0.18557 0.797932 9.9946E-05 0.0158988 9.9946E-05 9.9946E-05
9.9946E-05 9.9946E-05 9.9946E-05 0.26593 0.698666 9.9946E-05 9.9946E-05 0.0348046 9.9946E-05
9.9937E-05 9.9937E-05 9.9937E-05 0.319105 0.680196 9.9937E-05 9.9937E-05 9.9937E-05 9.9937E-05
0.00344238 9.9955E-05 9.9955E-05 0.328515 0.628558 9.9955E-05 9.9955E-05 0.0389847 9.9955E-05
9.9955E-05 9.9955E-05 9.9955E-05 0.220591 0.704416 0.0274417 9.9955E-05 0.047052 9.9955E-05
9.9964E-05 0.00659997 0.00401513 0.24281 0.70212 9.9964E-05 9.9964E-05 0.0440543 9.9964E-05
0.0220133 0.149724 9.9973E-05 0.0919089 0.651257 9.9973E-05 9.9973E-05 0.033147 0.051649
9.9955E-05 0.797476 9.9955E-05 0.0537523 9.9955E-05 9.9955E-05 9.9955E-05 0.0609029 0.0873694
9.9955E-05 0.732207 9.9955E-05 0.11477 0.0953559 9.9955E-05 9.9955E-05 0.0571677 9.9955E-05
0.0554877 0.8067 0.0432738 9.9982E-05 0.020454 0.00672227 9.9982E-05 0.0565283 0.0106342
9.9973E-05 0.743392 9.9973E-05 0.101644 0.0282529 0.0016414 9.9973E-05 0.0371887 0.0875805
9.9946E-05 0.905255 9.9946E-05 9.9946E-05 9.9946E-05 0.0174314 9.9946E-05 9.9946E-05 0.0767138
0.0202536 0.865504 9.9964E-05 9.9964E-05 0.0316955 0.0511123 0.0310344 9.9964E-05 9.9964E-05
0.0873507 0.830498 9.9964E-05 9.9964E-05 9.9964E-05 9.9964E-05 0.0269306 0.0145872 0.040234
0.0699442 0.868997 9.9964E-05 9.9964E-05 9.9964E-05 0.00478457 0.0363386 0.0195357 9.9964E-05
9.9955E-05 0.878403 9.9955E-05 9.9955E-05 0.0392737 9.9955E-05 0.0272019 0.054622 9.9955E-05
0.0375894 0.835505 9.9973E-05 0.0353446 9.9973E-05 0.0347827 0.0280869 0.0283915 9.9973E-05
0.0234704 0.867576 9.9964E-05 9.9964E-05 0.0430628 9.9964E-05 9.9964E-05 0.00944584 0.0560452
0.0299934 0.819356 9.9973E-05 9.9973E-05 0.00161138 0.0567676 0.0110449 0.0809269 9.9973E-05
0.0918143 0.792749 9.9964E-05 0.0175654 0.0131736 9.9964E-05 9.9964E-05 0.0842978 9.9964E-05
0.135502 0.762051 9.9955E-05 9.9955E-05 9.9955E-05 9.9955E-05 0.0380226 0.0639244 9.9955E-05
0.209047 0.730999 9.9955E-05 9.9955E-05 9.9955E-05 9.9955E-05 9.9955E-05 0.00935352 0.0501013
0.151679 0.756001 0.0111087 0.0312563 9.9973E-05 0.00343572 9.9973E-05 0.0462192 9.9973E-05
0.1145 0.816653 0.00428028 9.9964E-05 9.9964E-05 9.9964E-05 0.0224822 0.041684 9.9964E-05
0.0962816 0.142477 0.170185 0.0559456 0.0674985 0.463162 9.9982E-05 0.00425084 9.9982E-05
0.0070001 9.9964E-05 0.0108732 9.9964E-05 9.9964E-05 0.931096 9.9964E-05 0.0304271 0.0202038
9.9946E-05 0.0287174 9.9946E-05 9.9946E-05 9.9946E-05 0.897628 9.9946E-05 9.9946E-05 0.0730552
0.0149934 9.9973E-05 0.26729 0.403443 0.146161 9.9973E-05 0.0472052 9.9973E-05 0.120607
9.9937E-05 9.9937E-05 9.9937E-05 9.9937E-05 0.0891944 0.910106 9.9937E-05 9.9937E-05 9.9937E-05
9.9937E-05 0.0474992 9.9937E-05 9.9937E-05 9.9937E-05 0.951801 9.9937E-05 9.9937E-05 9.9937E-05
0.195798 0.0211158 0.0026075 0.113195 9.9973E-05 0.652428 9.9973E-05 0.0145555 9.9973E-05
0.150756 0.457164 0.0969269 0.223907 0.00216592 0.0396525 0.0125806 9.9991E-05 0.0167467
0.133305 0.143704 9.9973E-05 0.0431472 9.9973E-05 0.0609298 0.0171031 9.9973E-05 0.601511
0.233517 0.35583 0.123737 0.130933 0.0499282 0.0419556 0.00941295 0.0233298 0.0313562
0.212237 0.346197 0.0651008 0.248341 9.9973E-05 9.9973E-05 9.9973E-05 0.0578742 0.0699501
