0.0279587 0.0253283 0.0519121 0.0703236 9.9991E-05 0.824377
9.9973E-05 9.9973E-05 9.9973E-05 0.0322482 0.0473954 0.920057
0.0849696 0.0350552 0.00318371 0.0651399 9.9991E-05 0.811552
9.9982E-05 0.0852393 0.103512 0.0246587 9.9982E-05 0.78639
9.9982E-05 0.0409819 0.0330096 9.9982E-05 0.00934073 0.916468
0.0567232 0.0504473 0.101097 0.0485894 0.147199 0.595944
9.9982E-05 9.9982E-05 0.0195275 0.0851546 0.147287 0.747831
9.9991E-05 0.0164093 0.167074 0.0386236 0.134583 0.64321
9.9982E-05 9.9982E-05 0.135849 0.0221385 0.0128454 0.828967
9.999E-05 0.143264 0.0992932 0.0344591 0.121746 0.601138
0.0273681 9.9991E-05 0.133192 0.0206991 0.11079 0.70785
0.457087 0.18843 0.316257 9.9982E-05 9.9982E-05 0.0380248
0.325529 0.157365 0.402817 9.9991E-05 0.0320076 0.082181
0.44807 0.154571 0.207612 0.0349247 9.9991E-05 0.154722
0.357233 0.0602109 0.458418 0.0706101 0.0217116 0.0318163
0.450479 0.22478 0.254069 0.0585394 0.0026018 0.00953017
0.415429 0.145656 0.332109 0.106064 9.9991E-05 0.000642636
0.376744 0.246755 0.248618 0.0247779 9.9991E-05 0.103006
0.452148 0.152032 0.338025 0.00721295 9.9991E-05 0.0504822
9.996E-05 9.996E-05 9.996E-05 0.9995 9.996E-05 9.996E-05
9.996E-05 9.996E-05 9.996E-05 0.9995 9.996E-05 9.996E-05
0.0327435 0.105272 0.0683621 0.336516 9.9991E-05 0.457007
0.0393039 0.119353 0.00549114 0.234123 0.0412468 0.560482
0.324274 0.0709744 0.406819 9.9991E-05 0.0946512 0.103181
0.838762 9.9982E-05 0.0141475 0.0923743 9.9982E-05 0.0545165
0.828012 0.0690359 9.9982E-05 0.0105582 0.0921939 9.9982E-05
0.563359 9.9973E-05 9.9973E-05 9.9973E-05 0.368819 0.0675225
0.421887 9.9973E-05 0.387253 9.9973E-05 0.19056 9.9973E-05
0.467472 0.0319657 0.13991 9.9991E-05 0.344668 0.0158844
0.454299 0.0460985 0.356176 0.053885 0.016869 0.0726718
0.24402 0.0937709 0.3187 0.0131298 0.156343 0.174036
0.30688 9.9982E-05 0.460233 0.05704 0.175647 9.9982E-05
0.3261 0.167448 0.29815 0.0362201 0.144886 0.0271969
0.383515 0.072704 0.362859 0.054521 0.126301 9.9991E-05
0.732189 0.104644 0.107408 0.0478372 9.9991E-05 0.00782133
0.890273 9.9973E-05 9.9973E-05 9.9973E-05 0.0858302 0.023597
0.9995 9.996E-05 9.996E-05 9.996E-05 9.996E-05 9.996E-05
0.946562 0.0499421 9.9973E-05 9.9973E-05 9.9973E-05 0.00319637
0.712438 0.0689329 0.120539 0.0105022 9.9991E-05 0.0874877
0.642175 0.0392821 0.268902 0.00343695 9.9991E-05 0.0461041
0.752082 9.9964E-05 9.9964E-05 9.9964E-05 0.247518 9.9964E-05
0.07379 0.0438096 0.0374804 0.0571707 9.9991E-05 0.787649
0.041259 9.9973E-05 9.9973E-05 0.134991 9.9973E-05 0.82345
0.0324914 0.0714983 9.9982E-05 0.10591 9.9982E-05 0.7899
9.9982E-05 0.0221472 9.9982E-05 0.0967982 0.024895 0.85596
0.0334259 0.0757166 9.9991E-05 0.0898045 0.00200541 0.798948
9.9982E-05 0.0679791 9.9982E-05 0.0543549 0.0474612 0.830005
9.9973E-05 0.067187 9.9973E-05 0.0470638 9.9973E-05 0.885449
0.884786 9.9973E-05 0.0114979 9.9973E-05 9.9973E-05 0.103416
0.783024 9.9982E-05 0.154506 0.0225365 9.9982E-05 0.0397339
0.753171 0.164995 0.0122681 0.038164 0.0313026 9.9991E-05
0.493786 0.0371659 0.171229 0.045414 0.148501 0.103904
0.4285 0.149194 0.313465 0.0441596 0.0645816 9.9991E-05
0.337079 0.087999 0.243694 0.024656 0.306472 9.9991E-05
0.256949 0.0624661 0.311877 0.0135192 0.355088 9.9991E-05
0.534566 0.0745699 0.288817 0.0289827 9.9991E-05 0.0729646
0.414621 0.157837 0.369844 9.9991E-05 0.0129557 0.0446426
0.335459 0.151664 0.264054 9.9982E-05 0.248622 9.9982E-05
0.122489 9.9982E-05 0.233846 9.9982E-05 0.520323 0.123142
0.324879 0.0566435 0.133773 0.0317766 0.375274 0.0776541
0.296712 9.9991E-05 0.191609 0.0193983 0.435597 0.0565845
0.458741 0.150427 0.161886 0.000534833 0.172353 0.0560577
0.380173 0.0810501 0.00760657 0.0261463 0.408134 0.0968907
0.498486 0.0721041 0.125803 0.0459512 0.257556 9.9991E-05
0.017206 0.306588 0.0221803 0.0540378 0.324045 0.275943
9.9982E-05 0.0784484 9.9982E-05 0.0145096 0.436359 0.470483
9.9982E-05 0.10302 9.9982E-05 0.00662931 0.541493 0.348658
9.9991E-05 0.362197 0.00926706 0.00701872 0.252033 0.369385
0.446901 0.113807 0.0320794 0.0335665 0.373545 9.9991E-05
0.367446 0.0160306 0.0336658 9.9982E-05 0.582658 9.9982E-05
0.319369 0.0334894 0.104085 0.00212539 0.540831 9.9991E-05
9.99671E-05 0.91959 9.99671E-05 9.99671E-05 0.0800097 9.99671E-05
0.0835782 0.916022 9.9964E-05 9.9964E-05 9.9964E-05 9.9964E-05
9.996E-05 0.9995 9.996E-05 9.996E-05 9.996E-05 9.996E-05
9.9982E-05 0.893339 0.063732 0.0218068 0.0209219 9.9982E-05
9.9973E-05 0.948973 0.0415745 0.00915213 9.9973E-05 9.9973E-05
9.996E-05 0.9995 9.996E-05 9.996E-05 9.996E-05 9.996E-05
9.996E-05 0.9995 9.996E-05 9.996E-05 9.996E-05 9.996E-05
0.00995504 0.950035 9.9973E-05 0.03971 9.9973E-05 9.9973E-05
0.030975 0.965746 9.9973E-05 9.9973E-05 9.9973E-05 0.00297856
9.9982E-05 0.883914 9.9982E-05 0.00293513 0.0177533 0.0951976
9.9964E-05 0.960138 9.9964E-05 0.0394626 9.9964E-05 9.9964E-05
0.0565216 0.87841 9.9973E-05 9.9973E-05 9.9973E-05 0.0647682
0.0615953 9.9973E-05 9.9973E-05 9.9973E-05 0.641556 0.296549
0.12018 0.0787322 9.9991E-05 0.048003 0.529388 0.223598
0.267705 0.154273 9.9982E-05 9.9982E-05 0.309774 0.268048
0.0139247 9.9982E-05 0.115201 9.9982E-05 0.0375556 0.833119
0.0110695 0.0759606 9.9982E-05 0.0712175 9.9982E-05 0.841553
9.9973E-05 9.9973E-05 0.028733 0.0331288 9.9973E-05 0.937838
9.9982E-05 0.0105446 0.0774628 0.0157064 9.9982E-05 0.896086
9.9991E-05 0.0359617 0.0462688 0.12212 0.0247766 0.770773
0.00655796 0.0823992 9.9982E-05 0.0556854 9.9982E-05 0.855158
9.9982E-05 0.0765183 0.0046423 0.00667192 9.9982E-05 0.911968
9.9973E-05 9.9973E-05 9.9973E-05 0.0235761 0.112717 0.863407
0.0240898 0.0419849 9.9982E-05 0.0349575 9.9982E-05 0.898768
0.0301892 0.0631314 9.9982E-05 0.0242119 9.9982E-05 0.882267
0.212046 9.9982E-05 0.129533 0.0385524 9.9982E-05 0.619668
0.0850162 9.9982E-05 0.315275 0.0157467 9.9982E-05 0.583763
0.194327 9.9991E-05 0.198544 0.0722547 0.0465119 0.488262
0.161766 9.9973E-05 0.335751 9.9973E-05 9.9973E-05 0.502184
0.379499 0.0562642 0.563936 9.9973E-05 9.9973E-05 9.9973E-05
0.782656 0.118866 9.9982E-05 9.9982E-05 0.0776085 0.0206694
0.851194 9.9964E-05 9.9964E-05 9.9964E-05 0.148406 9.9964E-05
0.67479 0.0578258 9.9982E-05 0.0341117 0.233073 9.9982E-05
0.752289 9.9973E-05 0.149438 9.9973E-05 9.9973E-05 0.0979727
9.9973E-05 9.9973E-05 0.887802 9.9973E-05 0.0530424 0.0588553
9.9982E-05 0.0378231 0.840323 9.9982E-05 0.10349 0.0181643
9.996E-05 9.996E-05 0.9995 9.996E-05 9.996E-05 9.996E-05
9.9964E-05 9.9964E-05 0.961137 9.9964E-05 9.9964E-05 0.0384629
9.9973E-05 0.0286656 0.892599 9.9973E-05 0.0784353 9.9973E-05
9.9982E-05 0.0754851 0.869583 9.9982E-05 0.0267621 0.0279701
0.0416947 0.100086 0.002287 0.0410379 9.9991E-05 0.814794
9.9991E-05 0.0580423 0.0501198 0.0214199 0.0617181 0.8086
0.0199837 0.178521 9.9991E-05 0.0360279 0.0193626 0.746004
9.9982E-05 0.161189 0.125589 0.00831834 9.9982E-05 0.704704
0.0180984 0.134835 0.0675389 9.9991E-05 0.00649373 0.772934
9.9973E-05 9.9973E-05 0.605435 9.9973E-05 0.0538194 0.340445
0.0516915 9.9982E-05 0.442164 9.9982E-05 0.0871814 0.418763
9.9982E-05 0.0251099 0.552894 0.00868125 9.9982E-05 0.413115
9.996E-05 9.996E-05 9.996E-05 0.9995 9.996E-05 9.996E-05
0.0136024 9.9991E-05 0.590375 0.0338523 0.061534 0.300536
0.0869906 0.447938 0.055744 0.0281703 0.218771 0.162387
9.9973E-05 0.265909 9.9973E-05 9.9973E-05 0.362188 0.371603
0.428134 0.113028 0.158972 9.9982E-05 0.299665 9.9982E-05
0.325673 0.129043 0.454971 0.0353199 9.9991E-05 0.0548936
0.51572 0.200879 0.172313 9.9982E-05 0.110888 9.9982E-05
0.385139 9.9973E-05 0.210112 9.9973E-05 0.404449 9.9973E-05
0.362513 0.0482972 0.40743 0.0598341 0.0909686 0.0309572
0.465752 9.9973E-05 0.222352 9.9973E-05 0.311596 9.9973E-05
0.403732 0.174469 0.224733 9.9982E-05 0.196865 9.9982E-05
0.476731 0.131852 0.229764 0.0408492 0.120703 9.9991E-05
0.0501339 0.151809 9.9982E-05 9.9982E-05 0.0103107 0.787546
0.0832442 0.0803286 9.9982E-05 0.0145036 9.9982E-05 0.821724
0.0905942 0.0324959 0.0173793 9.9991E-05 0.0144515 0.844979
0.133492 0.0163273 9.9982E-05 0.0111344 9.9982E-05 0.838846
0.0793787 0.0785783 0.000511716 0.0453913 9.9991E-05 0.79604
0.393355 0.101152 0.453625 0.00719294 9.9991E-05 0.0445742
0.266218 0.147968 0.237536 9.9991E-05 0.287613 0.0605638
0.289514 9.9991E-05 0.497385 0.059524 0.0765819 0.0768948
0.306908 0.0994716 0.481279 0.00798397 0.0187101 0.0856476
0.212987 0.0631196 0.48547 0.0455007 0.116493 0.0764298
0.326411 0.0781706 0.488638 0.034544 9.9991E-05 0.0721373
0.370919 0.161082 0.197916 0.006957 0.206641 0.0564855
0.279573 0.0680862 0.180112 9.9982E-05 0.47203 9.9982E-05
0.222186 9.9973E-05 0.131793 9.9973E-05 0.645721 9.9973E-05
0.320767 9.9982E-05 0.092032 0.000311571 0.58669 9.9982E-05
0.34183 9.9973E-05 0.149878 9.9973E-05 0.507992 9.9973E-05
0.348508 0.0591117 0.523307 0.0397315 9.9991E-05 0.0292423
0.401518 0.0960588 0.293948 9.9982E-05 0.208275 9.9982E-05
0.411081 0.082985 0.496636 0.00909839 9.9982E-05 9.9982E-05
0.389897 0.150627 0.441505 0.0177708 9.9982E-05 9.9982E-05
0.233814 0.12074 0.0328324 9.9991E-05 0.418889 0.193624
9.9982E-05 0.123575 9.9982E-05 0.0391534 0.459796 0.377275
0.502154 9.9973E-05 0.0513357 9.9973E-05 0.44621 9.9973E-05
0.428805 9.9973E-05 0.0675789 9.9973E-05 0.503317 9.9973E-05
0.247208 0.434838 9.9991E-05 0.0128275 0.224074 0.0809523
0.204048 0.339219 9.9991E-05 0.0607809 0.213551 0.1823
0.210623 0.0693792 9.9982E-05 9.9982E-05 0.654115 0.0656823
0.299677 0.0819695 9.9991E-05 0.0353454 0.488627 0.0942807
0.462099 0.34858 0.000756705 9.9991E-05 0.152884 0.0355807
0.34775 0.14526 0.02055 0.0577788 0.426617 0.00204418
0.358384 0.00128122 0.196895 9.9982E-05 0.443239 9.9982E-05
0.434353 0.0674344 0.0922052 9.9982E-05 0.405807 9.9982E-05
0.209358 0.0476545 0.0144482 0.0998945 0.53837 0.0902744
9.9982E-05 0.106875 9.9982E-05 0.0325265 0.562382 0.298016
0.572168 9.9964E-05 9.9964E-05 9.9964E-05 0.427432 9.9964E-05
0.559605 9.9964E-05 9.9964E-05 9.9964E-05 0.439995 9.9964E-05
0.526237 0.171866 0.0514768 9.9982E-05 0.25022 9.9982E-05
0.50016 0.0892862 9.9973E-05 9.9973E-05 0.410254 9.9973E-05
0.0713144 0.0594576 0.0619825 0.0517458 9.9991E-05 0.7554
0.0621836 0.0856879 0.131711 0.0178993 9.9991E-05 0.702418
9.9982E-05 0.0675707 0.0373615 0.0190481 9.9982E-05 0.87582
9.9973E-05 9.9973E-05 9.9973E-05 0.112307 0.025357 0.862036
0.717986 0.0539564 0.133296 0.00728888 0.0267942 0.0606787
0.943319 9.9982E-05 9.9982E-05 0.0131939 0.0414055 0.0018816
0.762411 0.114089 9.9982E-05 9.9982E-05 0.106858 0.0164417
0.82679 9.9964E-05 9.9964E-05 9.9964E-05 0.17281 9.9964E-05
0.600197 0.0118034 0.0237847 9.9982E-05 0.364015 9.9982E-05
0.776263 9.9964E-05 9.9964E-05 9.9964E-05 0.223337 9.9964E-05
0.777864 0.0693028 0.0375796 0.0193828 9.9991E-05 0.0957708
0.821074 0.0858422 0.0211487 0.0296755 0.0421591 9.9991E-05
0.00366398 9.9991E-05 0.269388 0.0464362 0.00992328 0.670488
0.0548758 0.0068872 0.112951 0.038241 0.0849434 0.702101
9.9982E-05 9.9982E-05 0.14605 0.080978 0.0401571 0.732615
9.9982E-05 9.9982E-05 0.14208 0.101602 0.0202097 0.735908
0.0344696 9.9982E-05 0.22784 0.062011 9.9982E-05 0.675479
0.79304 9.9973E-05 0.113653 9.9973E-05 9.9973E-05 0.0930074
0.69578 0.0056249 0.17571 0.0891271 9.9991E-05 0.0336583
0.923485 0.0312508 9.9973E-05 9.9973E-05 0.0449642 9.9973E-05
0.772228 0.06828 0.0918911 9.9982E-05 9.9982E-05 0.067401
0.759358 0.0755249 0.0779491 0.0209099 0.0145853 0.0516732
0.00540036 0.598608 9.9991E-05 0.0642823 0.101388 0.230222
0.219746 0.0473937 0.348803 9.9991E-05 0.242649 0.141308
0.169567 0.0308718 0.0940465 0.0257788 0.590463 0.0892728
9.9973E-05 0.107423 9.9973E-05 9.9973E-05 0.652239 0.240037
9.9973E-05 9.9973E-05 9.9973E-05 0.056431 0.729945 0.213324
0.0627168 0.146859 9.9991E-05 0.0450242 0.505679 0.239622
9.9982E-05 0.133146 9.9982E-05 0.0118882 0.504659 0.350107
0.0936734 0.153234 0.0277846 9.9991E-05 0.406863 0.318345
9.9982E-05 0.0874976 9.9982E-05 0.0760303 0.611345 0.224927
0.137563 0.123676 0.00118611 0.08682 0.499051 0.151704
9.9973E-05 9.9973E-05 9.9973E-05 0.0351246 0.673767 0.290808
0.0956696 0.285707 9.9982E-05 9.9982E-05 0.27173 0.346693
0.160728 0.381746 9.9982E-05 9.9982E-05 0.215871 0.241455
0.0332681 9.9991E-05 0.136306 0.0196917 0.0448311 0.765803
0.0220078 9.9973E-05 0.9538 9.9973E-05 9.9973E-05 0.0238922
9.9964E-05 9.9964E-05 0.949885 0.0497147 9.9964E-05 9.9964E-05
9.9973E-05 0.00336302 0.988164 9.9973E-05 9.9973E-05 0.00817285
9.9973E-05 0.0647551 0.907737 0.0272082 9.9973E-05 9.9973E-05
0.0290376 9.9982E-05 0.899973 0.0272319 0.0435573 9.9982E-05
0.0179369 9.9982E-05 0.949121 0.00877922 9.9982E-05 0.0239633
9.9973E-05 9.9973E-05 0.788106 0.0380383 9.9973E-05 0.173556
0.0306907 0.0478483 9.9991E-05 0.0637965 0.0263961 0.831168
0.0171319 0.0252239 0.164327 0.0876404 9.9991E-05 0.705577
9.9991E-05 0.0335145 0.0503309 0.103047 0.00705962 0.805948
0.0370265 9.9991E-05 0.0437455 0.0351621 0.0545163 0.82945
0.0161251 0.0426488 9.9982E-05 9.9982E-05 0.0227969 0.918229
9.9991E-05 0.0209063 0.121279 0.0115092 0.014686 0.83152
0.0325751 0.0739746 9.9991E-05 0.0344551 0.0177625 0.841133
9.9973E-05 0.0915712 9.9973E-05 0.0293722 9.9973E-05 0.878757
9.9973E-05 9.9973E-05 0.0099095 0.0649825 9.9973E-05 0.924808
9.9991E-05 0.0373229 0.0312775 0.0400683 0.0866261 0.804605
9.9982E-05 9.9982E-05 0.065063 0.00141696 0.00378355 0.929537
9.9991E-05 0.0264666 0.00971114 0.102121 0.0412353 0.820366
9.9982E-05 0.0930671 0.0239029 0.112479 9.9982E-05 0.770351
9.9973E-05 0.12864 9.9973E-05 0.0866161 9.9973E-05 0.784444
0.00569392 0.205726 0.00870856 0.0183184 9.9991E-05 0.761453
0.0119773 0.145393 0.0111264 0.104237 9.9991E-05 0.727166
0.0482873 0.147938 9.9982E-05 0.0847034 9.9982E-05 0.718871
0.324327 0.108414 0.0964984 0.00649591 0.335954 0.128311
0.213391 0.0339705 0.0689833 0.00494608 0.678609 9.9991E-05
0.0722421 0.000256554 0.0721773 0.0165582 0.816305 0.022461
0.338154 0.073421 0.39716 9.9982E-05 0.191065 9.9982E-05
0.0664863 9.9973E-05 0.150185 9.9973E-05 0.783029 9.9973E-05
0.131645 9.9982E-05 0.157269 9.9982E-05 0.662994 0.0478922
0.387724 0.1994 0.0842314 9.9991E-05 0.271533 0.0570128
0.200905 0.16371 0.146025 9.9991E-05 0.0369237 0.452336
9.9982E-05 0.131459 9.9982E-05 0.00319326 0.495541 0.369607
0.253146 0.271354 0.121565 0.0365922 9.9991E-05 0.317243
0.17903 0.223018 0.0285658 0.0407679 0.065648 0.46297
