0.00901807 0.857651 0.1094 0.0237311 9.9982E-05 9.9982E-05
9.9964E-05 0.929816 9.9964E-05 9.9964E-05 0.0697844 9.9964E-05
9.9964E-05 0.819598 9.9964E-05 0.180002 9.9964E-05 9.9964E-05
0.0654695 0.826162 0.0659047 0.0422635 9.9982E-05 9.9982E-05
0.0606891 0.861611 9.9973E-05 0.0773999 9.9973E-05 9.9973E-05
0.104227 0.607907 0.0313289 0.0263354 0.141044 0.089158
0.00603877 0.82646 0.0220009 9.9982E-05 0.145301 9.9982E-05
0.0207374 0.675323 0.130147 0.020418 0.153275 9.9991E-05
9.9982E-05 0.835939 0.119732 9.9982E-05 0.0116179 0.032511
0.111268 0.655759 0.00332442 0.0563289 0.17322 9.9991E-05
9.9982E-05 0.697175 0.11919 0.03129 0.152145 9.9982E-05
0.0769448 9.9991E-05 0.467245 0.212657 0.014169 0.228884
0.0922491 9.9982E-05 0.303323 0.476366 9.9982E-05 0.127862
0.106027 0.02149 0.424852 0.265842 0.0596032 0.122186
0.198055 0.0135347 0.376251 0.257012 9.9991E-05 0.155048
0.0417699 0.198651 0.173438 0.407758 0.0635068 0.114877
0.199715 0.021007 0.195701 0.492155 0.0382295 0.0531932
0.0629977 0.031168 0.245005 0.46514 0.0403269 0.155362
0.0779924 0.150633 0.308988 0.278103 9.9991E-05 0.184183
0.0979636 0.0151878 0.622144 0.00738053 0.13577 0.121555
0.0303117 0.0343919 0.222791 0.434041 0.117651 0.160813
9.9991E-05 0.0613501 0.160857 0.555853 0.15901 0.0628293
0.012276 0.0414307 0.223372 0.585323 0.0141048 0.123493
0.122542 0.0040193 0.349214 0.246106 0.0721436 0.205976
0.178539 0.0313134 0.123369 0.485087 0.0719814 0.109709
0.1148 0.0172036 0.10009 0.488238 0.0251878 0.25448
0.143303 0.0182134 0.5611 0.152028 0.0211725 0.104183
0.171512 0.0691697 0.448644 0.217501 0.000692691 0.0924809
0.0093207 0.0501986 0.416593 0.216245 0.136552 0.17109
0.0418307 0.817737 9.9973E-05 0.140132 9.9973E-05 9.9973E-05
9.9964E-05 0.777085 9.9964E-05 0.222516 9.9964E-05 9.9964E-05
0.0417806 0.801889 9.9982E-05 0.153627 0.00250358 9.9982E-05
0.10732 0.715586 9.9982E-05 0.132809 9.9982E-05 0.0440853
0.0250078 0.0135566 0.108806 0.534418 0.0243622 0.293849
0.0804848 0.0907098 0.0628898 0.401882 9.9991E-05 0.363933
0.079205 0.0167301 9.9982E-05 0.494755 9.9982E-05 0.40911
0.0483122 0.0767851 0.590031 0.171298 0.0201793 0.093394
0.0586739 9.9991E-05 0.0340011 0.320878 0.0727173 0.51363
0.0915211 0.0496299 0.17809 0.483088 9.9991E-05 0.19757
9.9982E-05 0.00812562 9.9982E-05 0.682872 0.14265 0.166153
9.9982E-05 0.113086 0.0759077 0.651495 0.159311 9.9982E-05
9.9991E-05 0.121364 0.0446578 0.676282 0.0543041 0.103293
9.9982E-05 0.0346267 0.218108 0.115488 9.9982E-05 0.631578
0.0367328 0.0682697 0.056101 0.63167 0.195391 0.0118355
0.0251016 0.128533 9.9991E-05 0.566441 0.00972613 0.270098
0.122731 0.0698717 0.131536 0.495805 0.0986113 0.0814448
9.9973E-05 9.9973E-05 9.9973E-05 0.284537 0.0335988 0.681565
0.0896564 0.027706 9.9982E-05 0.573666 9.9982E-05 0.308772
9.9991E-05 0.111357 0.0224835 0.605433 0.0584211 0.202205
9.9973E-05 0.0232705 9.9973E-05 9.9973E-05 0.389075 0.587355
0.0224114 9.9991E-05 0.43646 0.137715 0.186189 0.217125
0.0433852 0.00260647 0.255895 0.0965356 0.423405 0.178173
0.135376 0.0188875 0.201283 0.510968 0.0183152 0.11517
9.9982E-05 0.136892 0.0402374 0.703726 0.118944 9.9982E-05
0.0555848 0.0208132 0.109107 0.588674 0.0985289 0.127292
0.0623564 0.0587175 0.374874 0.137396 0.157175 0.20948
0.00312975 0.066381 0.255455 0.594213 0.0633795 0.0174419
0.0363377 0.129579 0.128488 0.599723 0.0931406 0.0127313
9.9991E-05 0.127791 0.217402 0.348164 0.140263 0.166281
0.0243627 0.22383 0.363651 0.097695 0.156312 0.134149
0.0843761 0.0353542 0.10514 0.561451 0.00768128 0.205997
0.00308353 0.0876719 0.275696 0.476349 0.0820042 0.0751943
9.9991E-05 0.0893433 0.558762 0.039866 0.160462 0.151467
0.0107298 9.9991E-05 0.292882 0.490696 0.0979931 0.107599
0.072426 9.9991E-05 0.134099 0.657978 0.10913 0.0262677
0.0700464 0.0559326 0.221016 0.569694 0.0812002 0.00211108
0.00213257 0.0780595 0.268706 0.314296 0.165729 0.171078
0.0378369 0.0420607 0.15974 0.468369 0.165272 0.126722
0.0809831 0.070478 0.231765 0.573518 9.9991E-05 0.0431563
9.9991E-05 0.00732348 0.466805 0.3174 0.129094 0.0792775
9.9973E-05 9.9973E-05 0.0656849 0.53975 9.9973E-05 0.394265
9.9982E-05 0.0423321 0.0836984 0.214132 9.9982E-05 0.659637
0.00987525 0.0896028 9.9991E-05 0.559531 0.056176 0.284715
0.0687877 0.103218 0.0960675 0.490372 9.9991E-05 0.241455
9.9964E-05 9.9964E-05 9.9964E-05 9.9964E-05 0.111497 0.888104
9.9964E-05 9.9964E-05 9.9964E-05 9.9964E-05 0.0794354 0.920165
9.9964E-05 9.9964E-05 9.9964E-05 0.20875 9.9964E-05 0.79085
0.00368563 0.0581458 9.9991E-05 0.366973 0.0235742 0.547522
0.0979573 0.110336 9.9991E-05 0.578616 0.0647809 0.148209
0.0474337 0.00165755 0.0759298 0.36914 9.9991E-05 0.505739
0.0948537 0.0444784 0.142322 0.048975 9.9991E-05 0.669271
0.00282638 0.0165518 0.229687 0.187748 9.9991E-05 0.563088
0.101087 0.111586 0.00834444 0.493713 9.9991E-05 0.28517
0.00944754 9.9982E-05 0.0732023 0.320484 9.9982E-05 0.596666
0.0274638 0.0654468 9.9982E-05 0.404506 9.9982E-05 0.502384
9.9973E-05 9.9973E-05 9.9973E-05 0.355975 0.0381279 0.605597
9.9964E-05 9.9964E-05 9.9964E-05 9.9964E-05 0.310078 0.689522
0.0589038 0.00590526 0.102155 0.558524 9.9991E-05 0.274413
0.0546168 0.813601 0.0613906 0.070192 9.9982E-05 9.9982E-05
9.9964E-05 0.874262 9.9964E-05 0.125338 9.9964E-05 9.9964E-05
0.0453805 0.887295 9.9973E-05 0.0670244 9.9973E-05 9.9973E-05
9.9964E-05 0.924422 9.9964E-05 0.075178 9.9964E-05 9.9964E-05
0.0472254 0.85368 9.9991E-05 0.0663597 0.0205034 0.0121314
0.0680923 0.867509 9.9982E-05 0.0144036 9.9982E-05 0.0497948
9.9964E-05 0.932029 9.9964E-05 0.0675711 9.9964E-05 9.9964E-05
0.128376 0.089721 0.020601 0.390114 0.12562 0.245568
0.107616 0.0728566 0.0843846 0.486807 9.9991E-05 0.248236
9.9991E-05 0.0196985 0.119907 0.0545154 0.0624514 0.743328
0.0466344 0.105667 0.122201 0.533548 0.0390504 0.152898
0.0105908 0.0786307 0.0850929 0.376554 9.9991E-05 0.449032
0.00875752 0.116282 9.9982E-05 0.566681 9.9982E-05 0.30808
0.0653908 9.9982E-05 9.9982E-05 0.527077 0.126043 0.281289
0.0433265 9.9982E-05 0.0117806 0.410299 9.9982E-05 0.534394
9.9973E-05 0.0484116 0.230517 9.9973E-05 9.9973E-05 0.720772
0.0584476 0.130486 0.0218999 0.53212 0.0770138 0.180032
0.0536662 0.0799903 9.9991E-05 0.526081 0.0197253 0.320437
0.115036 0.0653098 0.193607 0.441189 9.9991E-05 0.184758
9.9982E-05 0.0210719 9.9982E-05 0.271989 0.169076 0.537664
9.9991E-05 0.0199028 0.00810775 0.468794 0.0713968 0.431699
9.9982E-05 0.0127269 0.0608197 0.502109 9.9982E-05 0.424144
0.0979536 0.00909769 0.0322223 0.202073 0.0344635 0.62419
9.9982E-05 0.111846 0.016508 0.450335 9.9982E-05 0.42111
9.9982E-05 0.146543 0.0926408 0.602416 9.9982E-05 0.1582
0.00459326 0.0771056 0.262078 0.341488 0.261506 0.0532296
0.0397684 0.113382 0.112957 0.554538 0.0902847 0.0890707
0.130984 0.0775122 0.331212 0.337487 0.0693767 0.053428
9.9982E-05 0.0814277 0.200632 0.64195 0.0757907 9.9982E-05
0.0276025 0.0709997 0.0298719 0.514973 9.9991E-05 0.356453
0.0201622 9.9991E-05 0.318495 0.537581 0.0596073 0.0640549
0.0289021 9.9991E-05 0.26362 0.535007 0.164604 0.00776599
0.0401046 9.9991E-05 0.447519 0.475994 0.0220461 0.0142365
0.0607835 0.0738645 0.149662 0.532788 0.140033 0.0428681
0.0388142 0.0551529 0.0905458 0.584179 0.112122 0.119186
9.9991E-05 0.0981063 0.0792853 0.566634 0.0523657 0.203509
9.9982E-05 9.9982E-05 0.363924 0.519267 0.0192948 0.0973147
0.0842802 0.0626777 0.116775 0.601006 0.0574345 0.077826
0.10709 0.0889215 0.0483949 0.544778 0.210716 9.9991E-05
0.101314 9.9982E-05 0.202133 0.557765 9.9982E-05 0.138589
0.0599271 0.030936 0.181479 0.59153 0.136028 9.9991E-05
0.0885432 9.9991E-05 0.239677 0.480306 0.0560817 0.135293
0.0648546 0.0626454 0.265394 0.384143 0.222863 9.9991E-05
0.0527916 0.0196324 0.14793 0.696593 0.0829536 9.9991E-05
0.0199128 9.9982E-05 0.146083 0.75206 0.0817441 9.9982E-05
0.041151 0.0130383 0.386452 0.290269 0.108163 0.160926
0.0270953 9.9982E-05 0.285352 0.248669 0.438684 9.9982E-05
0.0469862 0.0260694 0.213833 0.602779 0.00957157 0.100761
0.0410887 9.9991E-05 0.384394 0.107397 0.289504 0.177517
9.9991E-05 0.0229442 0.463554 0.263043 0.0742255 0.176134
0.0414314 9.9982E-05 0.388545 0.385357 9.9982E-05 0.184467
9.9982E-05 0.0262753 0.446416 0.358554 9.9982E-05 0.168555
0.0319625 9.9991E-05 0.546224 0.316697 0.0411236 0.063893
0.10673 0.0500477 0.240732 0.579008 9.9991E-05 0.0233826
0.121663 0.140642 0.0980544 0.556636 9.9991E-05 0.082904
9.9991E-05 0.0827893 0.221681 0.615815 0.0526753 0.0269397
0.104365 9.9991E-05 0.364233 0.19961 0.290837 0.0408544
9.9991E-05 0.173911 0.0989789 0.538717 0.172229 0.016064
0.068091 0.0794951 0.0664858 0.521654 0.159359 0.104915
9.9991E-05 0.153006 0.190458 0.0479763 0.585398 0.0230625
0.0586344 0.0724914 0.0278928 0.659249 0.114786 0.0669458
0.0595338 0.0894894 0.165958 0.330879 0.239636 0.114504
0.0508355 0.12511 0.00662925 0.57173 0.171631 0.0740637
9.9991E-05 0.136858 0.0146016 0.307737 0.416344 0.12436
9.9982E-05 0.0714113 0.10466 0.257129 0.566599 9.9982E-05
0.10369 0.183129 0.0625174 0.441091 0.146027 0.0635471
9.9991E-05 0.0796845 0.111946 0.455553 0.30162 0.0510966
0.0132098 0.118224 0.0716743 0.523963 0.220437 0.0524923
0.013914 0.140089 0.19755 0.48888 0.147755 0.0118122
0.0541345 0.216704 9.9991E-05 0.4497 0.00491039 0.274452
0.0493379 0.161094 0.0218397 0.645719 0.121909 9.9991E-05
0.150061 0.073884 0.120841 0.0176115 0.407282 0.23032
0.0852319 0.0621353 0.0575067 0.640735 0.154292 9.9991E-05
0.0747698 0.186752 0.0473933 0.538642 0.113022 0.0394205
9.9982E-05 9.9982E-05 0.107392 0.403116 0.384933 0.104359
0.0333598 9.9991E-05 0.0847304 0.450641 0.224419 0.20675
0.196349 0.0289511 0.0767537 0.422078 0.0910374 0.18483
0.0647135 0.063537 0.0604489 0.584709 0.0838657 0.142726
0.0388547 0.0959999 0.000990999 0.65152 0.175365 0.0372701
0.266 0.293022 9.99862E-05 0.170811 0.269967 9.99862E-05
0.115733 0.536476 9.9973E-05 9.9973E-05 0.347491 9.9973E-05
0.146069 0.377129 9.9973E-05 9.9973E-05 0.476502 9.9973E-05
0.334452 0.359779 9.9982E-05 0.0568744 0.248695 9.9982E-05
9.9973E-05 9.9973E-05 9.9973E-05 0.662238 0.305811 0.0316514
0.0981315 0.133768 0.0838949 0.515232 9.9991E-05 0.168873
0.723119 9.9964E-05 9.9964E-05 0.276481 9.9964E-05 9.9964E-05
0.420206 0.0828952 0.111071 0.321142 9.9991E-05 0.064585
0.355511 0.0934096 0.0268356 0.397743 0.0566928 0.0698073
9.9973E-05 9.9973E-05 9.9973E-05 0.380144 0.478456 0.1411
0.146368 0.028838 0.159995 0.449934 0.177022 0.037843
0.000835392 9.9991E-05 0.0321719 0.245304 0.715187 0.0064015
0.0286522 9.9991E-05 0.032622 0.569335 0.22008 0.149211
9.9991E-05 0.00471996 0.0844868 0.501746 0.355023 0.053924
0.0465492 9.9982E-05 9.9982E-05 0.604535 0.347694 0.00102226
9.9982E-05 9.9982E-05 0.113423 0.265337 0.49159 0.12945
0.158465 9.9991E-05 0.027361 0.540467 0.0404724 0.233135
0.0628363 0.0982236 0.0280574 0.637642 0.17314 9.9991E-05
0.0243686 0.09083 0.0704108 0.56754 0.143864 0.102987
0.25828 0.06059 0.131994 0.502315 0.0467203 9.9991E-05
0.948629 9.9973E-05 9.9973E-05 9.9973E-05 0.0194709 0.0315999
0.872686 9.9973E-05 0.00221543 0.124799 9.9973E-05 9.9973E-05
0.548354 0.0104022 0.135112 0.279584 0.0264475 9.9991E-05
0.672388 9.9964E-05 9.9964E-05 0.327212 9.9964E-05 9.9964E-05
0.859251 9.9973E-05 9.9973E-05 0.0933729 9.9973E-05 0.0470763
0.9995 9.996E-05 9.996E-05 9.996E-05 9.996E-05 9.996E-05
0.937637 0.00647114 0.0555921 9.9973E-05 9.9973E-05 9.9973E-05
0.795554 9.9964E-05 9.9964E-05 0.204047 9.9964E-05 9.9964E-05
0.967232 9.9964E-05 0.0323684 9.9964E-05 9.9964E-05 9.9964E-05
0.9995 9.996E-05 9.996E-05 9.996E-05 9.996E-05 9.996E-05
0.9995 9.996E-05 9.996E-05 9.996E-05 9.996E-05 9.996E-05
0.783741 9.9973E-05 0.0344435 0.181516 9.9973E-05 9.9973E-05
0.792369 0.030966 0.0398783 0.136587 9.9982E-05 9.9982E-05
0.9995 9.996E-05 9.996E-05 9.996E-05 9.996E-05 9.996E-05
0.417803 0.00330246 0.212761 0.294554 9.9991E-05 0.0714789
0.605231 0.0263683 0.0549427 0.313258 9.9982E-05 9.9982E-05
0.740137 0.0415734 9.9973E-05 0.21799 9.9973E-05 9.9973E-05
0.854178 9.9982E-05 0.0554592 0.085739 9.9982E-05 0.00442407
0.991954 0.00764603 9.9964E-05 9.9964E-05 9.9964E-05 9.9964E-05
0.877662 0.0214961 9.9991E-05 0.0701952 0.00592649 0.0246203
0.9995 9.996E-05 9.996E-05 9.996E-05 9.996E-05 9.996E-05
0.670921 9.9991E-05 0.0414905 0.215642 0.0285458 0.0433015
0.92731 0.00945347 0.0359506 0.0270863 9.9982E-05 9.9982E-05
0.0786125 0.31184 9.9973E-05 9.9973E-05 0.609247 9.9973E-05
9.9991E-05 0.189719 0.114985 0.461073 0.23276 0.00136332
0.113421 0.225043 0.0666767 0.349094 0.244241 0.0015244
0.0270135 0.228834 9.9982E-05 0.251384 0.492569 9.9982E-05
0.160942 0.113793 0.0760832 0.41639 0.232691 9.9991E-05
0.080709 0.228267 9.9991E-05 0.257855 0.357046 0.0760223
0.0686138 0.176826 0.122369 0.431961 0.0556641 0.144567
0.0808458 0.220378 0.136816 0.408254 0.0783505 0.075356
0.144652 0.0822725 9.9982E-05 0.450158 0.322717 9.9982E-05
0.112928 0.119818 0.020965 0.526669 0.21952 9.9991E-05
0.213273 0.150284 9.9982E-05 0.358933 0.27731 9.9982E-05
0.0684063 0.189723 9.9982E-05 0.54649 0.195181 9.9982E-05
0.0737548 0.169807 0.0309746 0.554703 0.170661 9.9991E-05
9.9982E-05 0.825547 0.0686749 0.0396078 0.0659699 9.9982E-05
0.0635611 0.919472 0.0166674 9.9973E-05 9.9973E-05 9.9973E-05
9.9964E-05 0.93364 0.0659602 9.9964E-05 9.9964E-05 9.9964E-05
0.00405939 0.903095 0.0721661 0.0130519 9.9991E-05 0.00752747
0.0142861 0.88297 0.0214635 0.0810805 9.9982E-05 9.9982E-05
0.0932732 0.890358 9.9973E-05 9.9973E-05 9.9973E-05 0.0160691
0.117658 0.835323 0.0457766 9.9982E-05 9.9982E-05 0.00104288
9.9982E-05 0.869052 0.0572319 9.9982E-05 0.0711391 0.00237687
9.9973E-05 0.899015 9.9973E-05 0.0557612 9.9973E-05 0.0449238
0.0859224 0.825809 0.0403259 9.9982E-05 0.0477429 9.9982E-05
0.0178332 0.593818 0.25775 9.9982E-05 9.9982E-05 0.130399
0.0132727 0.568863 0.321229 9.9991E-05 0.0502856 0.0462497
9.9982E-05 0.530624 0.244995 9.9982E-05 0.171144 0.0530371
9.9982E-05 0.477132 0.37716 9.9982E-05 0.0221948 0.123313
9.9982E-05 0.0367338 0.17444 0.570167 9.9982E-05 0.218459
0.0434742 0.0442347 0.0685521 0.506903 0.0140064 0.32283
0.0853444 0.0254689 0.131935 0.506697 0.024659 0.225896
0.0111378 0.121218 0.00535183 0.537961 0.118609 0.205723
9.9991E-05 0.0538448 0.265775 0.452524 0.0550134 0.172743
0.0566206 9.9991E-05 0.606595 0.0956908 0.0459085 0.195085
0.021414 0.0604175 0.00799228 0.693563 9.9991E-05 0.216513
0.0423163 9.9991E-05 0.0508762 0.588588 0.0655334 0.252587
0.0452534 9.9991E-05 0.076684 0.482527 0.0532902 0.342146
0.0732963 9.9991E-05 0.00656726 0.307415 0.00225011 0.610372
0.0053579 0.0321694 0.0226912 0.67606 0.107774 0.155947
9.9991E-05 0.0248366 0.17647 0.421823 0.0112433 0.365527
9.9973E-05 9.9973E-05 0.0252354 9.9973E-05 0.283168 0.691296
0.0699973 0.112856 0.144157 0.456092 9.9991E-05 0.216798
9.9991E-05 0.0174767 0.0052239 0.281535 0.221975 0.47369
0.0284442 0.0624304 9.9991E-05 0.530941 0.0251105 0.352974
9.9982E-05 0.0847414 0.204742 0.0603047 9.9982E-05 0.650012
9.9982E-05 0.0978754 0.796748 9.9982E-05 0.0872328 0.0179435
9.9982E-05 0.0936702 0.788648 0.0569017 0.0605799 9.9982E-05
9.9982E-05 0.0219021 0.941799 0.0273634 0.0087355 9.9982E-05
9.9973E-05 0.0815726 0.914178 9.9973E-05 9.9973E-05 0.00394894
9.9982E-05 0.0162541 0.87101 0.0912367 0.0212996 9.9982E-05
0.0526504 0.0294434 0.831199 0.0865077 9.9982E-05 9.9982E-05
0.0292337 0.876255 9.9982E-05 0.0614366 9.9982E-05 0.0328744
0.0406948 0.795088 0.0828199 0.0362352 0.0450618 9.9991E-05
0.113005 0.768652 9.99778E-05 0.118043 9.99778E-05 9.99778E-05
0.11005 0.721439 0.119163 0.0491477 9.9982E-05 9.9982E-05
0.0903176 0.722278 0.0917664 0.0806807 0.0148571 9.9991E-05
9.9982E-05 0.337672 0.578908 9.9982E-05 0.0727828 0.0104364
9.9982E-05 0.470196 0.374041 9.9982E-05 0.0922285 0.0633345
9.9973E-05 0.410294 0.508929 9.9973E-05 9.9973E-05 0.0804769
0.0191196 0.78401 0.00489942 0.191771 9.9982E-05 9.9982E-05
9.9973E-05 0.398191 0.468177 9.9973E-05 9.9973E-05 0.133332
0.407204 0.126441 9.9982E-05 0.259202 0.206953 9.9982E-05
0.210291 0.169546 0.0520539 0.524613 0.0106385 0.0328582
0.345353 0.140969 9.9982E-05 0.509179 9.9982E-05 0.00429942
0.222576 0.258876 0.0476321 0.313302 0.157514 9.9991E-05
0.190369 0.187719 0.0883704 0.441152 9.9991E-05 0.0922899
0.336019 0.360365 9.9973E-05 9.9973E-05 0.303316 9.9973E-05
9.9982E-05 9.9982E-05 0.259439 0.519183 0.145025 0.0761534
0.0203225 9.9991E-05 0.182477 0.38896 0.276409 0.131732
0.0223146 0.0804929 0.499723 0.290559 0.0402025 0.0667082
9.9982E-05 9.9982E-05 0.113186 0.475745 0.161339 0.24953
9.9973E-05 9.9973E-05 0.23912 9.9973E-05 0.526986 0.233594
0.0767728 0.0605652 0.155293 0.53171 0.0551487 0.12051
0.0601378 0.03266 0.229341 0.432831 0.0432717 0.201759
9.9991E-05 0.0479305 0.404777 0.336571 0.109053 0.101569
0.109054 0.116862 0.209107 0.43229 0.0223512 0.110336
9.9982E-05 9.9982E-05 0.346879 0.141309 0.344365 0.167247
0.0433987 9.9991E-05 0.170468 0.527373 0.179865 0.0787953
0.116788 9.9982E-05 0.322234 0.489608 9.9982E-05 0.07117
0.163101 0.141486 0.111744 0.391994 0.0871611 0.104514
0.0529624 9.9991E-05 0.327709 0.368128 0.175271 0.075829
0.010366 9.9991E-05 0.271067 0.38476 0.134114 0.199592
0.111886 9.9991E-05 0.0770755 0.399037 0.113792 0.298109
9.9982E-05 9.9982E-05 0.157694 0.549522 0.141279 0.151305
0.0690699 0.00655476 0.214249 0.633584 0.018865 0.0576777
0.0801683 0.142167 0.119489 0.463363 0.042191 0.152621
0.0357492 0.0419085 0.218205 0.549382 0.131751 0.0230043
0.0500518 0.776075 9.9973E-05 0.173574 9.9973E-05 9.9973E-05
9.9973E-05 0.836434 9.9973E-05 0.145307 9.9973E-05 0.0179587
9.9991E-05 0.809051 0.0624811 0.0569351 0.0113842 0.0600484
9.9982E-05 0.825994 0.0345015 0.0414515 9.9982E-05 0.0978531
9.9964E-05 0.824075 9.9964E-05 0.175525 9.9964E-05 9.9964E-05
0.0790523 9.9991E-05 0.598063 0.180538 0.0282561 0.11399
0.0671465 0.11949 0.174701 0.419744 0.133714 0.0852048
0.164176 0.169211 0.023292 0.471338 0.158208 0.0137753
0.0877537 0.0141893 0.145992 0.682686 0.0516296 0.0177485
0.00332606 0.052745 0.288443 0.497771 9.9991E-05 0.157615
0.0138515 9.9982E-05 0.301564 0.280704 0.403681 9.9982E-05
9.9991E-05 0.0908213 0.672958 0.0150523 0.182843 0.038225
0.0761323 0.0100526 0.292528 0.489978 0.131209 9.9991E-05
0.0078808 0.0897464 0.533548 0.207592 0.102544 0.0586887
0.0131231 0.0424579 0.221108 0.411541 0.213091 0.0986789
0.0288647 0.131571 0.55738 0.108774 0.157094 0.0163174
0.133586 0.0555126 0.230118 0.524999 0.00157383 0.0542107
0.0208138 0.0717341 0.495165 0.266354 0.0448874 0.101046
0.113199 0.181659 0.0629402 0.432982 0.128271 0.0809473
0.0416705 0.0243634 0.320171 0.367918 0.116237 0.12964
0.153775 0.0203413 0.140041 0.397863 0.17211 0.11587
9.9991E-05 0.0180025 0.0750697 0.369821 0.517689 0.0193183
0.00143752 0.113036 0.0801338 0.536751 0.0798197 0.188822
0.0664928 0.146583 0.0917725 0.522035 0.142839 0.0302783
9.9973E-05 9.9973E-05 0.0978365 0.368541 0.533322 9.9973E-05
9.9991E-05 0.188271 0.0145134 0.540753 0.0825492 0.173813
0.0422256 0.0204846 0.124782 0.548561 0.199971 0.0639758
9.9991E-05 0.0478524 0.0471889 0.634141 0.20428 0.0664373
9.9982E-05 9.9982E-05 0.0927396 0.114849 0.660317 0.131895
9.9973E-05 9.9973E-05 9.9973E-05 0.313834 0.630596 0.0552707
9.9973E-05 9.9973E-05 0.103343 0.530722 0.365635 9.9973E-05
0.0583241 0.137466 0.146934 0.478268 0.0994969 0.0795104
9.9982E-05 9.9982E-05 0.108819 0.16464 0.588135 0.138206
9.9991E-05 0.0482438 0.163659 0.43175 0.166862 0.189384
0.0287532 0.0519779 0.559406 0.139705 0.0506751 0.169483
9.9982E-05 9.9982E-05 0.34846 0.270096 0.267357 0.113887
0.108517 0.00462676 0.410527 0.307936 9.9991E-05 0.168294
0.10594 0.0639982 0.128583 0.597909 0.0713712 0.0321981
9.9982E-05 9.9982E-05 0.474961 0.271477 0.0913745 0.161988
0.0843859 0.000660196 0.20271 0.444017 0.161454 0.106773
0.155343 0.0214085 0.200803 0.482859 0.0361525 0.103434
0.0544014 0.0204011 0.169869 0.552785 0.189483 0.0130604
0.0789187 0.0255224 0.288673 0.496703 0.0519865 0.0581961
0.0390366 0.0857704 0.323865 0.382133 9.9991E-05 0.169095
0.132175 9.9991E-05 0.465869 0.184539 0.0108134 0.206503
0.0586734 9.9991E-05 0.370556 0.32207 0.0645848 0.184016
0.0587828 9.9982E-05 0.221887 0.574082 0.145048 9.9982E-05
0.0268692 0.0916479 0.116648 0.524389 0.0929774 0.147468
0.0483652 0.0288179 0.271528 0.355224 0.271029 0.0250359
0.0998463 9.9991E-05 0.219376 0.47065 0.0698135 0.140215
0.0367266 0.0290968 0.385425 0.386832 0.152021 0.0098983
0.0192217 0.00605331 0.219898 0.650638 0.0256349 0.0785545
0.106103 0.038613 0.260513 0.549165 0.0455067 9.9991E-05
0.0828759 0.142521 0.135176 0.46041 0.0502413 0.128777
0.113046 0.328657 9.9991E-05 0.426635 0.119578 0.0119838
0.248704 0.111647 9.9991E-05 0.413648 0.105743 0.120157
0.161618 0.15262 9.9991E-05 0.45363 0.0991581 0.132874
0.169048 0.0319533 0.124212 0.517299 0.125168 0.0323198
0.21227 0.184674 0.0187932 0.395879 0.0822476 0.106136
9.9982E-05 9.9982E-05 0.175829 0.531766 0.198404 0.0938
0.0585137 0.168414 0.0147884 0.627049 0.0581381 0.0730964
0.153417 0.208481 0.0379304 9.9991E-05 0.517333 0.082739
0.202979 0.0909985 0.104988 0.468461 0.132473 9.9991E-05
0.205389 0.11904 0.076199 0.540561 0.00488626 0.0539248
0.1952 0.0821978 0.0897647 0.493476 0.062964 0.076397
0.232005 0.10905 0.0503694 0.250304 0.279112 0.0791595
0.15986 0.249569 9.9991E-05 0.481978 0.0311844 0.0773088
0.1719 0.110193 9.9982E-05 0.607878 0.10983 9.9982E-05
0.18805 0.439046 9.9973E-05 9.9973E-05 0.372604 9.9973E-05
0.267631 0.140313 0.052624 0.473538 9.9991E-05 0.0657937
0.223981 0.139104 0.0238165 0.499119 0.113879 9.9991E-05
0.108215 0.116079 0.045723 0.598254 0.11862 0.0131089
0.203765 0.179325 0.0103224 0.522077 0.0844099 9.9991E-05
0.132648 0.166658 0.0446859 0.576779 0.0791293 9.9991E-05
9.9991E-05 0.0167802 0.0268883 0.648699 0.295091 0.0124411
0.0413159 0.105925 0.00818542 0.57635 0.095324 0.1729
9.9982E-05 9.9982E-05 0.114447 0.0565685 0.559616 0.269169
0.135284 0.137857 0.0450495 0.412677 0.136586 0.132546
0.0550287 0.108088 9.9991E-05 0.53669 0.114796 0.185297
9.9982E-05 9.9982E-05 0.0861631 0.0675934 0.600657 0.245387
0.104391 0.0223786 0.108655 0.472211 0.186851 0.105514
0.0768586 0.214591 9.9991E-05 0.391775 0.109497 0.207178
0.299827 0.069641 0.0595708 0.446294 0.124567 9.9991E-05
0.296959 0.115128 9.9991E-05 0.362622 0.199708 0.0254827
0.257407 0.232458 9.9982E-05 0.211385 0.298551 9.9982E-05
0.310952 0.203275 9.9982E-05 0.300468 0.185104 9.9982E-05
0.231147 0.130373 0.0959549 0.420373 0.0717903 0.0503617
0.0633851 0.0447737 9.9991E-05 0.212724 0.6498 0.0292175
0.00971918 0.156598 9.9991E-05 0.339033 0.474027 0.0205225
0.108444 9.9991E-05 0.0370882 0.595045 0.212525 0.0467984
0.110036 0.026199 9.9991E-05 0.564671 0.232542 0.0664527
0.0864957 0.0237429 9.9991E-05 0.390687 0.483279 0.0156952
0.046807 0.0611617 0.0575824 0.62449 0.137412 0.0725475
0.0904721 0.0546249 9.9991E-05 0.599485 0.237015 0.0183026
0.0645979 0.11502 0.051993 0.544142 0.224147 9.9991E-05
9.9982E-05 9.9982E-05 0.112217 0.40185 0.293932 0.191801
0.00697266 9.9991E-05 0.0882593 0.472759 0.287185 0.144724
0.122672 0.153971 0.0161531 0.475469 0.128049 0.103685
0.0308748 0.0209126 0.09047 0.534699 0.20756 0.115483
0.0244995 0.00981254 0.214054 0.423845 0.26753 0.0602596
0.0579594 0.157315 0.0316429 0.442555 0.18797 0.122557
0.0964458 0.0227701 0.0369825 0.533883 0.24986 0.0600594
9.9982E-05 9.9982E-05 0.0366077 0.555907 0.401961 0.00532491
9.9982E-05 9.9982E-05 0.0699222 0.329435 0.471274 0.129169
0.0250336 0.0175022 9.9991E-05 0.616596 0.227093 0.113676
0.0920255 0.131571 0.0653044 0.555739 0.084051 0.0713095
9.9982E-05 9.9982E-05 0.0463698 0.3076 0.400005 0.245825
0.0573666 9.9991E-05 0.0418607 0.481413 0.309728 0.109532
0.0418991 0.0898738 9.9991E-05 0.62026 0.147177 0.10069
0.118262 0.0250057 0.0922752 0.420879 0.20056 0.143019
0.199492 0.175729 0.0693392 0.412399 0.111401 0.0316389
0.145124 0.129887 0.0606203 0.455012 0.157909 0.0514479
0.248877 0.190904 9.9982E-05 0.361232 0.198787 9.9982E-05
0.164257 0.0787133 0.14924 0.463829 0.143861 9.9991E-05
0.159196 0.200296 0.105502 0.372199 0.162707 9.9991E-05
0.149573 0.166117 0.0825328 0.400034 0.116492 0.0852513
0.184148 0.123729 0.151859 0.350083 0.030897 0.159284
0.150731 0.213541 0.0371053 0.386741 0.143803 0.0680781
0.161684 0.192507 9.9991E-05 0.0115768 0.509584 0.124548
0.174977 0.0922743 9.9982E-05 0.676276 0.0562725 9.9982E-05
0.164167 0.302675 9.9973E-05 9.9973E-05 0.532858 9.9973E-05
0.162208 0.0220105 9.9991E-05 0.614159 0.136843 0.0646797
0.125861 0.188097 0.124041 0.478708 0.0831928 9.9991E-05
9.9973E-05 9.9973E-05 9.9973E-05 0.126293 0.573599 0.299807
9.9964E-05 9.9964E-05 9.9964E-05 9.9964E-05 0.723641 0.275959
9.9982E-05 9.9982E-05 0.0438792 0.554408 0.250635 0.150878
9.9973E-05 9.9973E-05 9.9973E-05 0.791599 0.15564 0.0524606
9.9982E-05 9.9982E-05 0.00392535 0.486582 0.386211 0.123082
9.9973E-05 9.9973E-05 9.9973E-05 0.573602 0.210096 0.216003
9.9982E-05 9.9982E-05 0.0136091 0.613713 0.328611 0.043866
0.0811849 0.775011 9.9982E-05 0.000292697 9.9982E-05 0.143311
0.0987618 0.739117 0.142322 9.9982E-05 9.9982E-05 0.0195996
0.0629429 0.864595 0.0721623 9.9973E-05 9.9973E-05 9.9973E-05
9.9964E-05 0.911058 9.9964E-05 0.0885421 9.9964E-05 9.9964E-05
9.9982E-05 0.0559012 9.9982E-05 0.473063 0.0863727 0.384463
0.00334749 0.077607 0.0578631 0.472665 9.9991E-05 0.388417
9.9973E-05 9.9973E-05 0.00728381 0.49572 9.9973E-05 0.496696
0.00220362 0.0942982 9.9991E-05 0.57084 0.0611693 0.271389
0.0233979 0.155231 0.0362401 0.463774 0.0991827 0.222174
0.0258912 0.0400826 0.144733 0.159036 0.0350784 0.595179
0.10315 9.9982E-05 0.0141356 0.503476 9.9982E-05 0.379038
9.9973E-05 9.9973E-05 9.9973E-05 0.27205 0.161294 0.566356
0.204579 0.197754 0.0150981 0.477457 0.105011 9.9991E-05
0.0825141 9.9982E-05 9.9982E-05 0.313393 0.14582 0.458073
9.9982E-05 0.0264576 0.0655304 0.360935 9.9982E-05 0.546878
0.0999032 0.144222 9.9991E-05 0.476909 0.138826 0.14004
0.00417427 0.000594448 9.9991E-05 0.498216 0.030153 0.466763
9.9982E-05 0.062313 0.0764228 0.394223 9.9982E-05 0.466841
9.9982E-05 0.00257194 9.9982E-05 0.510387 0.0879235 0.398918
0.0394693 0.0947101 9.9982E-05 0.523869 9.9982E-05 0.341751
9.9973E-05 9.9973E-05 9.9973E-05 0.00274052 0.0456308 0.951329
9.9982E-05 0.0206478 9.9982E-05 0.28588 0.0853648 0.607907
9.9982E-05 0.065857 0.0494889 0.263458 9.9982E-05 0.620996
9.9964E-05 9.9964E-05 9.9964E-05 9.9964E-05 0.221406 0.778194
0.157471 0.228685 0.0638245 0.454899 9.9991E-05 0.0950208
0.0194928 0.0431103 0.0660263 0.388822 9.9991E-05 0.482448
9.9973E-05 9.9973E-05 9.9973E-05 0.0517083 0.405783 0.542209
9.9964E-05 9.9964E-05 9.9964E-05 9.9964E-05 0.264266 0.735334
0.0301217 9.9982E-05 9.9982E-05 0.514141 0.0224053 0.433132
0.0190959 0.00671665 0.156904 0.212655 9.9991E-05 0.604528
0.0712754 0.0162624 0.11494 0.420283 9.9991E-05 0.377139
0.143788 0.0505491 0.027406 0.540826 9.9991E-05 0.237331
9.9982E-05 0.0247997 0.0946885 0.53213 9.9982E-05 0.348182
0.0152119 9.9991E-05 0.234567 0.413066 0.263051 0.0740042
0.00258911 0.0375114 0.0639594 0.462729 9.9991E-05 0.433111
9.9991E-05 0.0232799 0.108426 0.508706 0.0268185 0.332669
9.9973E-05 9.9973E-05 9.9973E-05 0.333994 0.0442943 0.621412
0.0572501 0.0808642 0.0514738 0.441353 0.0925539 0.276505
9.9982E-05 0.666061 0.291306 9.9982E-05 0.035922 0.00651115
9.9982E-05 0.716911 0.0931347 0.0614987 0.128256 9.9982E-05
9.9973E-05 0.805163 0.154673 9.9973E-05 0.0398639 9.9973E-05
9.9982E-05 0.865785 0.102305 9.9982E-05 0.0315837 0.000126318
9.9973E-05 0.715656 0.219193 0.0648508 9.9973E-05 9.9973E-05
0.0393214 0.0362897 0.141792 0.0394776 9.9991E-05 0.743019
9.9991E-05 0.091031 0.0716278 0.110283 0.0599371 0.667021
9.9973E-05 9.9973E-05 9.9973E-05 0.123729 0.0502525 0.825719
0.136605 0.0840122 0.0177964 0.543345 0.10505 0.113192
9.9991E-05 0.112168 0.0233971 0.657715 0.0797299 0.12689
0.0716915 0.0251156 9.9991E-05 0.246504 0.122923 0.533665
9.9991E-05 0.00922766 0.0228834 0.606642 0.0859686 0.275178
0.0147679 0.0392912 9.9991E-05 0.435988 0.0399815 0.469872
0.0519548 0.161755 0.0216431 0.528907 0.110522 0.125218
9.9982E-05 0.00271304 9.9982E-05 0.53072 0.0847856 0.381582
0.0319433 0.0106486 0.0303666 0.617645 9.9991E-05 0.309297
0.0463991 9.9991E-05 0.0941558 0.192379 0.0381148 0.628852
0.0105299 9.9982E-05 0.119055 0.291808 9.9982E-05 0.578407
9.9973E-05 9.9973E-05 0.102746 0.379855 9.9973E-05 0.517099
9.9982E-05 0.133478 0.0527173 0.652832 0.160773 9.9982E-05
9.9973E-05 0.0482958 9.9973E-05 0.372078 9.9973E-05 0.579327
9.9982E-05 9.9982E-05 0.0701976 0.426066 0.0880159 0.41552
0.317787 0.0820625 0.0253459 0.559453 9.9991E-05 0.0152511
0.461106 0.123641 0.01754 0.397513 9.9982E-05 9.9982E-05
0.436455 0.107481 9.9982E-05 0.369518 0.0863457 9.9982E-05
0.445963 0.127443 9.9982E-05 0.338431 0.0879639 9.9982E-05
0.28835 0.114888 0.0255117 0.506005 0.0433101 0.0219351
0.0538243 0.02857 0.000674932 0.463267 0.264633 0.18903
0.605889 0.275579 9.9982E-05 0.0624669 0.0558645 9.9982E-05
0.474509 0.208206 9.9973E-05 0.316985 9.9973E-05 9.9973E-05
0.198811 0.137346 9.9991E-05 0.370834 0.180558 0.112351
9.9982E-05 0.114417 0.0484655 0.602071 0.234847 9.9982E-05
0.0124025 0.12353 0.188855 0.477759 0.150018 0.0474357
9.9982E-05 0.09864 0.0781285 0.640812 0.182219 9.9982E-05
9.9991E-05 0.0845951 0.0376948 0.628997 0.0915418 0.157071
0.473584 0.164514 9.9982E-05 0.352337 9.9982E-05 0.00936489
0.321523 0.193288 9.9982E-05 0.377383 9.9982E-05 0.107606
0.511518 0.111975 0.0132763 0.363031 9.9982E-05 9.9982E-05
0.319734 0.137301 0.00198947 0.449533 0.0913427 9.9991E-05
0.540148 0.147278 0.042851 0.269522 9.9982E-05 9.9982E-05
0.324702 0.149625 9.9991E-05 0.434045 0.0236047 0.0679229
0.533167 0.0992431 9.9982E-05 0.263302 0.104088 9.9982E-05
0.263438 0.146497 0.0676202 0.490464 0.0318814 9.9991E-05
0.0912912 0.0366106 9.9991E-05 0.484518 0.36159 0.0258903
0.307102 0.168302 0.109035 0.369297 9.9991E-05 0.0461637
0.594644 0.165882 9.9991E-05 0.176 0.059403 0.00397131
0.120465 0.136888 9.9991E-05 0.368323 0.125497 0.248726
0.280484 0.132068 9.9991E-05 0.433012 0.109194 0.0451412
0.371296 0.10988 0.0169214 0.25875 0.141986 0.101167
9.9991E-05 0.144343 0.262943 0.213215 0.310065 0.069335
0.0452791 0.00384937 0.0297607 0.628332 0.292679 9.9991E-05
0.309454 0.118719 0.0801841 0.374197 0.0277611 0.0896853
0.172903 0.160291 0.134108 0.297545 0.140292 0.0948604
9.9982E-05 0.127143 0.07565 0.628879 0.168128 9.9982E-05
9.9991E-05 0.158951 0.0458678 0.49098 0.252183 0.0519184
0.231 0.236841 0.0107568 0.392325 9.9991E-05 0.128976
0.231544 0.251502 0.0251842 0.430063 0.0616065 9.9991E-05
0.151707 0.00398066 0.142133 0.47698 0.150382 0.0748168
0.37084 0.171419 0.0378977 0.351679 0.00448741 0.0636771
0.181976 0.235508 0.0466256 0.349717 0.0491104 0.137063
0.375581 0.135741 9.9991E-05 0.330464 0.011335 0.146779
0.423353 0.0765321 9.9991E-05 0.414713 0.0677307 0.0175711
0.5784 0.225318 9.9982E-05 0.188609 0.00747212 9.9982E-05
0.124196 0.0403578 0.0871446 0.57109 0.155096 0.0221149
9.9991E-05 0.10194 0.0434198 0.516016 0.262202 0.0763219
0.0249258 0.11417 0.0108605 0.2527 0.597244 9.9991E-05
0.0636944 0.143832 0.103855 0.598809 0.065563 0.0242462
0.0785519 0.159752 0.177632 0.251947 0.17419 0.157928
0.102299 0.235513 9.9991E-05 0.503618 0.152592 0.00587783
0.0256838 0.143244 0.0571546 0.526736 0.175523 0.0716582
0.163218 0.273268 9.9973E-05 9.9973E-05 0.563214 9.9973E-05
0.0869301 0.306422 9.9973E-05 9.9973E-05 0.606348 9.9973E-05
0.127038 0.161571 0.113238 0.288246 0.309806 9.9991E-05
0.161485 0.313728 9.9982E-05 9.9982E-05 0.504696 0.0198914
0.217513 0.353505 9.9973E-05 9.9973E-05 0.428683 9.9973E-05
0.131752 0.121826 9.9982E-05 0.350708 0.395513 9.9982E-05
0.169665 0.264099 9.9991E-05 0.317692 0.191426 0.0570184
0.139357 0.255826 0.0184661 0.248301 0.33795 9.9991E-05
0.102331 0.241724 9.9982E-05 0.145845 0.5099 9.9982E-05
0.134322 0.129901 0.035268 0.480366 0.220043 9.9991E-05
0.15015 0.207729 0.0454229 0.139016 0.378 0.0796821
0.143803 0.0941362 0.0530934 0.47312 0.18685 0.0489979
0.0444883 0.437592 9.9973E-05 9.9973E-05 0.517619 9.9973E-05
0.166783 0.0835797 0.0200728 0.537067 0.05891 0.133588
0.198576 0.202503 9.9982E-05 0.388168 0.210553 9.9982E-05
0.124036 0.289574 0.0917793 0.437281 9.9991E-05 0.0572299
0.230295 0.159726 9.9982E-05 0.574278 0.0355012 9.9982E-05
0.152762 0.185509 0.104738 0.382954 0.132433 0.0416041
0.145965 0.128161 0.15638 0.518841 0.0505538 9.9991E-05
0.308533 0.136068 9.9991E-05 0.334462 0.13829 0.0825465
0.239796 0.350779 0.0837491 0.325476 9.9982E-05 9.9982E-05
0.13578 0.275985 0.022949 0.506258 0.0589281 9.9991E-05
0.279125 0.230337 9.9982E-05 0.310915 9.9982E-05 0.179422
0.234785 0.255894 9.9991E-05 0.427892 0.0721556 0.00917315
0.153611 0.16283 0.0626113 0.314262 0.0619056 0.244781
0.128255 0.144802 0.00559951 0.513909 0.0344333 0.173001
0.183956 0.15533 0.07182 0.507013 0.0248781 0.0570029
0.161464 0.0742495 0.0370944 0.452345 0.0087216 0.266125
0.248627 0.271195 0.0369775 0.363849 0.0792511 9.9991E-05
0.176874 0.194228 0.0388331 0.535961 0.0540035 9.9991E-05
0.260422 0.33667 9.9982E-05 0.130277 0.272431 9.9982E-05
0.159208 0.231944 0.00252883 0.510325 0.0168036 0.0791908
0.328055 0.270101 9.9991E-05 0.23771 0.131599 0.0324349
9.9982E-05 0.795733 0.136726 9.9982E-05 0.0104203 0.0569214
0.0232955 0.0442659 0.818977 0.113262 9.9982E-05 9.9982E-05
9.9973E-05 0.00830326 0.968891 9.9973E-05 9.9973E-05 0.0225058
9.9964E-05 0.037249 0.962351 9.9964E-05 9.9964E-05 9.9964E-05
0.0219303 9.9973E-05 0.966705 0.0110648 9.9973E-05 9.9973E-05
0.0627208 9.9973E-05 0.893528 0.0434514 9.9973E-05 9.9973E-05
9.9964E-05 9.9964E-05 0.888656 0.110944 9.9964E-05 9.9964E-05
9.9964E-05 0.0563405 0.94326 9.9964E-05 9.9964E-05 9.9964E-05
9.9973E-05 0.250968 0.741494 0.00723798 9.9973E-05 9.9973E-05
9.9982E-05 0.854036 0.0375618 0.0398463 0.0683556 9.9982E-05
9.9991E-05 0.79457 0.11688 0.0699674 0.0014155 0.0170672
0.0339044 0.876515 9.9973E-05 9.9973E-05 9.9973E-05 0.0892808
0.0396767 0.759351 0.147016 9.9982E-05 0.0537564 9.9982E-05
0.0261171 0.897115 0.0208392 9.9982E-05 9.9982E-05 0.0557291
0.0524462 0.849898 0.0973564 9.9973E-05 9.9973E-05 9.9973E-05
0.15315 0.714547 0.0794248 0.052678 9.9982E-05 9.9982E-05
0.113357 0.834611 0.0230664 9.9982E-05 9.9982E-05 0.0287654
0.125223 0.692287 0.123426 9.9982E-05 9.9982E-05 0.0588638
0.0733523 0.889959 9.9973E-05 9.9973E-05 9.9973E-05 0.0363886
9.9973E-05 0.954128 0.0438432 9.9973E-05 0.00172884 9.9973E-05
0.0627889 0.82515 0.0669819 0.044879 9.9982E-05 9.9982E-05
9.9964E-05 0.967232 0.0323679 9.9964E-05 9.9964E-05 9.9964E-05
9.9964E-05 0.908772 9.9964E-05 0.0908285 9.9964E-05 9.9964E-05
0.0809106 0.849895 9.9982E-05 0.0359743 9.9982E-05 0.0330203
0.0650343 0.80764 9.9973E-05 0.127026 9.9973E-05 9.9973E-05
0.127628 0.739115 9.9973E-05 0.132956 9.9973E-05 9.9973E-05
0.0656244 0.761652 9.9973E-05 0.172424 9.9973E-05 9.9973E-05
0.0883739 0.788476 9.9982E-05 0.0644476 9.9982E-05 0.0585026
0.010506 0.098125 0.154069 0.398844 0.244663 0.0937922
9.9982E-05 0.0624654 0.0184498 0.735858 0.183027 9.9982E-05
0.060365 0.0750315 0.0688143 0.57927 0.13092 0.0855988
9.9982E-05 0.0367502 9.9982E-05 0.242151 0.696405 0.0244938
9.9991E-05 0.130582 0.087566 0.577626 0.166112 0.0380138
9.9973E-05 0.0911809 9.9973E-05 0.16704 0.741479 9.9973E-05
0.0146671 0.128827 9.9982E-05 0.643588 0.212718 9.9982E-05
9.9991E-05 0.113861 0.130202 0.373306 0.198783 0.183748
9.9991E-05 0.11664 0.0771501 0.512827 0.226502 0.0667799
0.00179855 0.108354 0.0130797 0.524138 0.0599628 0.292667
9.9991E-05 0.103197 0.178772 0.483512 0.198891 0.0355287
9.9991E-05 0.0298904 0.00769763 0.769858 0.178031 0.0144235
9.9991E-05 0.102469 0.132893 0.566766 0.155395 0.0423773
0.0318753 9.9991E-05 0.407433 0.0624124 0.303492 0.194688
9.9973E-05 9.9973E-05 0.112656 9.9973E-05 0.87981 0.00723354
9.9982E-05 0.03528 0.086265 0.195997 0.682258 9.9982E-05
0.0829572 0.062707 0.137647 0.628429 0.0881589 9.9991E-05
9.9982E-05 0.0993504 0.0121481 0.562904 0.325397 9.9982E-05
9.9982E-05 0.0952685 9.9982E-05 0.61541 0.272481 0.0166403
0.0582529 0.0595336 9.9991E-05 0.71466 0.112655 0.0547987
0.155972 0.1671 0.00121094 0.527048 0.123318 0.0253519
0.163818 0.13765 0.0470869 0.572654 0.0786915 9.9991E-05
0.148637 0.460595 0.176377 0.103336 0.0593446 0.0517104
9.9982E-05 0.138347 9.9982E-05 0.710471 0.0676671 0.0833148
0.156747 0.201722 0.0965752 0.43037 0.109636 0.0049504
0.18463 0.363741 9.9973E-05 9.9973E-05 0.451329 9.9973E-05
0.223763 0.286577 9.9991E-05 0.355749 0.123686 0.0101253
0.115313 0.339495 0.0601446 0.349737 9.9991E-05 0.13521
0.122629 0.320535 0.106288 0.369196 0.0530101 0.0283413
0.122024 0.182789 0.0894772 0.53822 0.0253192 0.04217
0.164095 0.16234 9.9991E-05 0.51899 0.0550141 0.099461
0.0824654 0.168811 0.00271899 0.597188 0.0545336 0.0942829
0.160709 0.161776 9.9991E-05 0.472331 0.188103 0.0169811
0.151179 0.47775 9.9991E-05 0.294034 0.0175529 0.0593842
