0.00855485 0.0530999 0.0585935 0.879652 9.9991E-05
9.9973E-05 9.9973E-05 9.9973E-05 0.949948 0.0497522
0.0207233 0.153963 9.9982E-05 0.825114 9.9982E-05
0.0543019 0.0621379 0.0549542 0.828506 9.9991E-05
9.9973E-05 0.122222 9.9973E-05 0.877478 9.9973E-05
0.0251319 0.0449105 0.100787 0.642018 0.187153
9.9982E-05 9.9982E-05 0.0431319 0.823096 0.133572
9.9982E-05 9.9982E-05 0.167745 0.694074 0.137981
9.9982E-05 9.9982E-05 0.0815416 0.839616 0.078642
0.0906225 0.103003 0.0138269 0.671395 0.121153
9.9991E-05 0.0239743 0.158751 0.663483 0.153692
0.0833478 0.194861 0.550702 0.0194439 0.151646
0.094374 0.510982 0.265963 0.0224541 0.106227
0.164506 0.195333 0.47826 9.9991E-05 0.1618
0.208494 0.287817 0.408792 0.0168177 0.0780794
0.134308 0.381271 0.26773 0.125425 0.0912661
0.12826 0.588077 0.2047 0.0788641 9.9991E-05
0.121046 0.467044 0.253864 9.9991E-05 0.157947
0.127114 0.321448 0.302461 0.153677 0.0952999
0.0912346 0.000401947 0.680765 0.0173108 0.210288
0.0533848 0.481151 0.2534 0.100661 0.111403
0.00858411 0.601104 0.138088 0.0803846 0.17184
0.0296486 0.581457 0.2344 0.029272 0.125223
0.101838 0.307442 0.408016 0.0173844 0.16532
0.123682 0.625942 0.0869732 0.0482524 0.115151
0.154216 0.544318 0.277133 0.000423254 0.0239103
0.162572 0.162221 0.491944 9.9991E-05 0.183163
0.17637 0.249274 0.44052 0.016181 0.117656
0.0421911 0.275762 0.503349 9.9991E-05 0.178599
0.0786228 0.0965397 9.9982E-05 0.824638 9.9982E-05
0.0348898 0.106872 0.0459298 0.812208 9.9991E-05
0.0591032 0.156234 9.9991E-05 0.780557 0.00400631
0.0707651 0.183768 0.00584955 0.739517 9.9991E-05
9.9991E-05 0.643817 0.207292 0.0244103 0.124381
0.0522313 0.609723 0.0284206 0.103839 0.205786
0.115707 0.608458 9.9991E-05 0.0387767 0.236958
0.0315307 0.200402 0.539183 0.0819471 0.146938
0.00971602 0.437497 0.00434105 9.9991E-05 0.548346
0.0186582 0.652459 0.123873 0.0879967 0.117012
0.0453869 0.765877 9.9991E-05 0.000981029 0.187655
0.0595797 0.629569 0.123993 0.122691 0.064167
0.0357762 0.635178 0.0947249 0.0915652 0.142755
9.9991E-05 0.321109 0.222959 0.0177465 0.438085
0.0869274 0.662808 0.0272331 0.0450615 0.17797
0.0797063 0.505435 0.0382959 0.0224875 0.354076
0.0698282 0.506435 0.103066 0.167446 0.153225
9.9973E-05 0.44739 9.9973E-05 9.9973E-05 0.55231
0.0483745 0.70035 9.9991E-05 0.0145181 0.236658
0.0773899 0.559174 0.0896655 0.101661 0.17211
9.9973E-05 9.9973E-05 9.9973E-05 0.0897495 0.909951
9.9982E-05 0.232382 0.446811 9.9982E-05 0.320606
0.0579396 0.103803 0.194927 0.057193 0.586138
0.238806 0.479744 0.152192 0.00586682 0.123391
0.135988 0.630444 0.0596067 0.06609 0.107871
0.0774085 0.623732 0.0519983 0.0578433 0.189018
9.9991E-05 0.242075 0.377336 0.101233 0.279256
0.107997 0.494222 0.208194 0.0201167 0.16947
0.0861246 0.539428 0.158991 0.100544 0.114913
0.030411 0.367276 0.188697 0.105175 0.308441
0.0837525 0.0734261 0.371048 0.203462 0.268311
0.0719775 0.570649 0.157015 0.0529556 0.147403
0.072428 0.400633 0.300698 0.0820114 0.14423
9.9991E-05 0.0828654 0.563885 0.0515426 0.301607
0.063747 0.544266 0.259516 9.9991E-05 0.132371
0.114041 0.566822 0.06088 9.9991E-05 0.258156
0.0935239 0.52548 0.214753 0.0533148 0.112929
0.0827858 0.26824 0.337001 0.0503395 0.261634
0.119396 0.435415 0.20722 0.00213611 0.235833
0.0931329 0.604892 0.190221 9.9991E-05 0.111653
9.9991E-05 0.275788 0.399566 0.0536178 0.270929
9.9982E-05 0.717338 0.12261 9.9982E-05 0.159852
9.9982E-05 0.35899 0.171692 9.9982E-05 0.469118
0.0136879 0.63692 0.110196 0.0737222 0.165473
0.125293 0.457836 0.124078 0.100162 0.192631
9.9982E-05 0.144241 0.0526773 9.9982E-05 0.802882
9.9982E-05 0.161001 0.0362196 9.9982E-05 0.802579
9.9973E-05 0.464415 9.9973E-05 9.9973E-05 0.535285
9.9991E-05 0.609909 0.0717118 0.00374745 0.314532
0.00163392 0.669858 0.0893761 0.100328 0.138803
9.9991E-05 0.573663 0.0470338 0.019399 0.359804
9.9991E-05 0.358922 0.274529 0.0249436 0.341505
0.00565479 0.340211 0.323602 9.9991E-05 0.330433
0.0804475 0.618147 0.0693868 0.134351 0.0976672
9.9982E-05 0.420484 0.123058 9.9982E-05 0.456258
9.9991E-05 0.556236 0.0975819 0.0285493 0.317533
9.9973E-05 0.53174 9.9973E-05 9.9973E-05 0.46796
9.9982E-05 0.119569 0.10962 9.9982E-05 0.770611
0.0349943 0.682685 0.0715559 0.0701317 0.140633
0.0224441 0.0753776 0.0766836 0.825395 9.9991E-05
9.9973E-05 0.0840881 9.9973E-05 0.915612 9.9973E-05
0.0362228 0.0969459 9.9982E-05 0.866631 9.9982E-05
0.0122397 0.0767324 9.9982E-05 0.910828 9.9982E-05
0.0510685 0.0635859 9.9991E-05 0.866673 0.0185724
0.0534154 0.0607417 9.9982E-05 0.885643 9.9982E-05
9.9973E-05 0.0464388 9.9973E-05 0.953261 9.9973E-05
0.0441218 0.57155 0.115105 0.128003 0.14122
9.9991E-05 0.560172 0.0913346 0.117157 0.231236
9.9982E-05 0.217377 0.172887 9.9982E-05 0.609536
0.0594549 0.579414 0.108831 0.0523834 0.199916
9.9982E-05 0.546375 0.144348 9.9982E-05 0.309077
9.9991E-05 0.673183 0.031697 0.0802154 0.214804
0.036529 0.684748 0.0103986 0.0436597 0.224665
0.0885241 0.586963 9.9991E-05 0.0135364 0.310876
9.9991E-05 0.148288 0.306196 0.00217869 0.543237
0.0435413 0.596097 0.0363449 0.11874 0.205277
9.9991E-05 0.743169 0.0938442 0.0871483 0.0757385
0.118795 0.539338 0.266967 0.0184961 0.0564035
9.9982E-05 0.433509 0.0637004 9.9982E-05 0.502591
9.9973E-05 0.65004 9.9973E-05 9.9973E-05 0.34966
9.9982E-05 0.585052 0.175674 9.9982E-05 0.239074
9.9982E-05 0.53048 0.105871 9.9982E-05 0.363449
9.9991E-05 0.548053 0.143562 0.0576113 0.250674
0.0412813 0.590338 0.0435314 0.12997 0.194879
0.02898 0.324042 0.240429 9.9991E-05 0.406448
0.0878343 0.512932 0.0888194 0.140325 0.170089
0.0526901 0.411914 0.342644 0.0810779 0.111673
0.0579377 0.588915 0.225174 0.0813363 0.0466371
0.050036 0.626332 0.0655484 0.0830065 0.175077
0.027373 0.488269 0.317484 0.0530355 0.113839
0.0645488 0.562742 0.270838 0.0198641 0.0820068
0.0229601 0.534838 0.370214 0.006795 0.0651928
9.9991E-05 0.649248 0.178236 0.0743386 0.0980782
0.0701707 0.521313 0.119814 0.103016 0.185686
9.9991E-05 0.629552 0.131999 0.0676871 0.170662
9.9982E-05 0.585558 0.38381 9.9982E-05 0.0304325
0.0757236 0.571191 0.0702455 0.0576739 0.225166
0.100353 0.610707 0.160998 0.0905361 0.037406
0.0619412 0.672662 0.223924 9.9991E-05 0.0413729
0.091408 0.610242 0.186258 0.0988868 0.0132052
0.110948 0.548344 0.178284 0.0219117 0.140512
0.0268577 0.427164 0.250485 0.123131 0.172362
0.141498 0.654304 0.122127 9.9991E-05 0.0819715
0.034589 0.642646 0.139102 0.0613219 0.12234
0.0873094 0.253945 0.432939 9.9991E-05 0.225707
0.0357152 0.223236 0.254419 0.0672512 0.419379
9.9991E-05 0.606918 0.241039 0.0347984 0.117144
0.0607685 0.0906997 0.359118 9.9991E-05 0.489314
9.9991E-05 0.322803 0.509674 0.00497303 0.16245
9.9991E-05 0.504173 0.314552 0.00956077 0.171614
0.0104578 0.383633 0.476219 0.0185525 0.111138
0.0345363 0.311802 0.46336 9.9991E-05 0.190201
0.0689044 0.651778 0.124101 0.0682895 0.0869278
0.0601245 0.691646 0.0373254 0.153023 0.057881
0.0139114 0.597765 0.180579 0.129958 0.0777864
0.0822699 0.202654 0.391987 9.9991E-05 0.32299
0.0620681 0.516669 9.9991E-05 0.203233 0.21793
0.0656581 0.533804 0.0377132 0.106918 0.255906
9.9991E-05 0.0727584 0.186355 0.193422 0.547365
9.9982E-05 0.708493 9.9982E-05 0.14823 0.143077
0.0647985 0.40256 0.112249 0.111257 0.309135
0.12139 0.468449 0.0310799 0.142704 0.236378
0.00876392 0.27816 0.0461027 0.178822 0.488151
9.9991E-05 0.227658 0.168355 0.0947399 0.509148
0.0615097 0.551924 0.120235 0.153482 0.112849
0.00922207 0.510831 0.146825 0.0628712 0.27025
0.202836 0.535696 0.102405 0.0837982 0.0752645
0.0610579 0.427082 0.173527 0.1463 0.192033
0.0721855 0.480271 0.0737384 0.180969 0.192836
0.162528 0.518659 0.110824 0.0971287 0.11086
0.202993 9.9991E-05 0.132085 0.107559 0.557263
0.102623 0.517061 0.206346 0.0607933 0.113177
0.132088 0.603027 0.0364429 0.0621099 0.166332
0.0083789 0.389817 0.168047 9.9991E-05 0.433657
0.0392746 0.481654 0.177479 0.00238878 0.299204
0.111675 0.627364 0.0810364 0.0716589 0.108265
9.9991E-05 0.553124 0.205239 0.205367 0.0361701
0.209968 0.477352 0.0419885 0.207501 0.06319
0.241861 0.161961 9.9991E-05 0.294762 0.301316
0.154108 9.9982E-05 9.9982E-05 0.606377 0.239316
0.171922 9.9982E-05 9.9982E-05 0.465214 0.362665
0.387217 0.0495186 0.0115914 0.417009 0.134664
0.0062674 0.699995 0.0421351 0.00741091 0.244191
0.0601856 0.506292 0.147975 0.109817 0.17573
0.676677 0.302626 0.020497 9.9982E-05 9.9982E-05
0.41023 0.422823 0.0894116 0.0774351 9.9991E-05
0.355993 0.472827 0.0347311 0.0639303 0.0725187
0.00586342 0.373433 9.9991E-05 0.0230802 0.597524
0.0323673 0.566703 0.0257094 0.120001 0.25522
0.0452061 0.175341 0.00526919 0.0639465 0.710237
0.0547878 0.573599 0.0582601 9.9991E-05 0.313253
0.0231752 0.492206 0.0491862 0.0689365 0.366497
0.0955033 0.562692 0.0361315 0.0193757 0.286298
0.060176 0.206577 0.0790824 0.017269 0.636896
0.096298 0.644124 0.025879 0.00326732 0.230432
0.0750911 0.557962 0.0599984 0.10226 0.204688
0.1706 0.504141 0.0584484 0.119963 0.146848
0.349616 0.324882 0.146886 0.0531284 0.125488
0.953207 0.0197845 9.9982E-05 9.9982E-05 0.026809
0.844975 0.154725 9.9973E-05 9.9973E-05 9.9973E-05
0.581141 0.297659 0.062167 0.058933 9.9991E-05
0.668625 0.331075 9.9973E-05 9.9973E-05 9.9973E-05
0.808047 0.191653 9.9973E-05 9.9973E-05 9.9973E-05
0.9996 9.997E-05 9.997E-05 9.997E-05 9.997E-05
0.931088 9.9973E-05 0.0686122 9.9973E-05 9.9973E-05
0.849059 0.150641 9.9973E-05 9.9973E-05 9.9973E-05
0.990269 0.00943113 9.9973E-05 9.9973E-05 9.9973E-05
0.9996 9.997E-05 9.997E-05 9.997E-05 9.997E-05
0.9996 9.997E-05 9.997E-05 9.997E-05 9.997E-05
0.74471 0.210649 9.9982E-05 0.0444409 9.9982E-05
0.874214 0.0510153 0.0200341 0.0358607 0.0188758
0.979673 9.9973E-05 0.0200274 9.9973E-05 9.9973E-05
0.45185 0.356021 0.0961434 0.0218422 0.0741437
0.602345 0.336116 0.00788065 0.0535584 9.9991E-05
0.756851 0.20274 0.0402097 9.9982E-05 9.9982E-05
0.844216 0.10428 0.0290555 0.0223491 9.9991E-05
0.976505 0.0113672 9.9982E-05 0.0119274 9.9982E-05
0.882972 0.116728 9.9973E-05 9.9973E-05 9.9973E-05
0.9996 9.997E-05 9.997E-05 9.997E-05 9.997E-05
0.628002 0.196755 0.114492 0.0606505 9.9991E-05
0.909144 0.0475464 0.0208879 0.00922328 0.0131986
0.0783837 9.9982E-05 9.9982E-05 0.408728 0.512688
0.0199772 0.477488 0.0836218 0.232972 0.18594
0.0751355 0.386307 9.9991E-05 0.270095 0.268363
0.104098 0.208099 0.0234226 0.256012 0.408369
0.17611 0.380062 0.101106 0.110018 0.232704
0.140918 0.213859 9.9991E-05 0.256791 0.388333
0.0749448 0.510472 0.0289475 0.199515 0.18612
0.0824867 0.513043 0.0684463 0.165389 0.170635
0.176342 0.350047 9.9991E-05 0.18722 0.286291
0.132948 0.478907 0.010919 0.228369 0.148856
0.220438 0.349925 9.9991E-05 0.244924 0.184613
0.188202 0.538217 9.9991E-05 0.0974317 0.176049
0.0934104 0.412872 0.0783919 0.233595 0.181731
9.9991E-05 0.0857951 0.0426744 0.838227 0.0332033
0.0721728 0.0165542 9.9982E-05 0.911073 9.9982E-05
9.9973E-05 9.9973E-05 0.0362925 0.963408 9.9973E-05
9.9982E-05 0.0178985 0.0470135 0.934888 9.9982E-05
9.9973E-05 0.0890945 9.9973E-05 0.910606 9.9973E-05
0.105862 9.9973E-05 9.9973E-05 0.893838 9.9973E-05
0.0702976 0.0318305 0.017074 0.880698 9.9991E-05
0.00521687 9.9982E-05 9.9982E-05 0.908453 0.0861298
0.0321341 0.0367962 0.0456775 0.885292 9.9991E-05
0.106521 0.0110907 9.9982E-05 0.882188 9.9982E-05
0.00092746 9.9991E-05 0.286444 0.594569 0.11796
9.9973E-05 9.9973E-05 0.412295 0.587405 9.9973E-05
9.9982E-05 9.9982E-05 0.292188 0.565483 0.142129
9.9982E-05 9.9982E-05 0.415134 0.465114 0.119552
9.9991E-05 0.632416 0.210762 0.000503778 0.156218
9.9991E-05 0.637054 0.146157 0.0118213 0.204867
0.0512048 0.653257 0.209892 9.9991E-05 0.0855457
0.125888 0.441992 0.217615 0.0336235 0.180881
9.99932E-05 0.462798 0.287086 0.0315716 0.218444
9.9982E-05 0.258051 0.614326 9.9982E-05 0.127423
0.00794913 0.679452 0.157092 9.9991E-05 0.155407
0.0395212 0.652063 0.112207 9.9991E-05 0.19611
9.9982E-05 0.638096 0.0739781 9.9982E-05 0.287726
9.9982E-05 0.543213 0.0874423 9.9982E-05 0.369145
9.9991E-05 0.725254 0.0760687 0.0782968 0.12028
9.9991E-05 0.54 0.156161 0.0458397 0.257899
9.9982E-05 0.0134054 0.154837 9.9982E-05 0.831558
0.0460068 0.598741 0.125537 0.0889959 0.140719
9.9982E-05 0.346229 9.9982E-05 0.00448253 0.649088
0.0341587 0.618114 9.9991E-05 0.0129102 0.334717
9.9982E-05 0.263687 0.304538 9.9982E-05 0.431575
9.9982E-05 9.9982E-05 0.79093 0.1508 0.0580708
9.9982E-05 0.0750684 0.815553 0.109179 9.9982E-05
9.9973E-05 9.9973E-05 0.977967 0.0217335 9.9973E-05
9.9982E-05 0.00192068 0.908064 0.0898156 9.9982E-05
0.0416299 0.0177916 0.919827 9.9991E-05 0.020652
0.0681159 0.0620859 0.826104 0.0435942 9.9991E-05
0.0193619 0.118123 9.9982E-05 0.862315 9.9982E-05
0.0725787 0.0686123 0.0994854 0.759224 9.9991E-05
0.0996049 0.139486 9.9982E-05 0.76071 9.9982E-05
0.0994411 0.0962128 0.0428312 0.761415 9.9991E-05
0.0744662 0.131927 9.9991E-05 0.769173 0.0243333
9.9982E-05 9.9982E-05 0.586477 0.362324 0.0509997
9.9982E-05 9.9982E-05 0.393766 0.482025 0.124009
9.9982E-05 9.9982E-05 0.489694 0.443985 0.0661218
0.08743 0.0690683 0.0421828 0.801219 9.9991E-05
0.00486404 9.9991E-05 0.517209 0.348611 0.129216
0.399964 0.294675 0.0127449 0.179438 0.113178
0.211328 0.581666 0.103574 0.103332 9.9991E-05
0.259687 0.539925 9.9982E-05 0.200188 9.9982E-05
0.235838 0.358119 0.0470274 0.263625 0.095391
0.175065 0.519511 0.0530234 0.178426 0.0739749
0.38103 9.9982E-05 9.9982E-05 0.416586 0.202184
0.0309993 0.492248 0.336041 0.0328256 0.107886
0.0285774 0.401334 0.183834 0.0439102 0.342345
9.9982E-05 0.34894 0.576729 0.0741309 9.9982E-05
0.0251499 0.511997 0.191867 9.9991E-05 0.270887
9.9973E-05 9.9973E-05 0.193857 9.9973E-05 0.805843
0.0751863 0.574907 0.143338 0.0621081 0.144461
0.0728213 0.517142 0.169287 0.00672439 0.234025
9.9991E-05 0.40579 0.45462 0.0241068 0.115384
0.126154 0.546166 0.247658 9.9991E-05 0.0799224
9.9982E-05 0.165104 0.262603 9.9982E-05 0.572093
0.0937311 0.465057 0.161901 0.00153808 0.277772
0.0792173 0.519121 0.247392 9.9991E-05 0.154169
0.274123 0.326334 0.180071 0.105882 0.11359
0.02817 0.416552 0.312407 9.9991E-05 0.242771
0.018579 0.523036 0.265739 9.9991E-05 0.192546
0.11097 0.500299 0.193179 0.00723826 0.188313
9.9991E-05 0.601849 0.222804 0.0040614 0.171185
0.137235 0.612374 0.13588 0.0426616 0.0718499
0.0226329 0.52393 0.197255 0.0675294 0.188653
0.1185 0.491468 0.057253 0.109223 0.223556
0.0339228 0.19778 9.9982E-05 0.768098 9.9982E-05
9.9973E-05 0.153648 9.9973E-05 0.846052 9.9973E-05
9.9982E-05 0.136628 9.9982E-05 0.808397 0.0547744
9.9991E-05 0.123007 0.010035 0.823189 0.0436695
9.9973E-05 0.139476 9.9973E-05 0.860224 9.9973E-05
0.0357265 0.256901 0.586498 0.0177718 0.103103
0.0677318 0.528433 0.0301241 0.0873615 0.286349
0.190845 0.471736 0.0392512 0.217124 0.0810438
0.0623766 0.688827 0.155423 0.0427484 0.0506248
0.0600329 0.542537 0.309988 0.013548 0.0738944
0.0658157 0.247621 0.29003 0.0412908 0.355243
9.9991E-05 0.0292108 0.63382 0.0915548 0.245314
9.9991E-05 0.607687 0.227051 0.0805583 0.0846035
0.0450461 0.241914 0.534853 0.0535332 0.124653
0.0799711 0.428333 0.225884 0.071748 0.194064
0.0499328 0.191526 0.556488 0.0790841 0.122969
0.0544736 0.657551 0.137855 0.15002 9.9991E-05
0.0816839 0.223427 0.558921 0.0166056 0.119363
0.0760371 0.556355 0.0446292 0.104715 0.218263
0.114347 0.334789 0.335938 0.0287481 0.186177
0.0647559 0.505857 0.125564 0.111925 0.191898
0.0422615 0.33409 0.122766 0.023465 0.477417
0.00816907 0.553576 0.0118082 0.149857 0.27659
9.9982E-05 0.507123 9.9982E-05 0.166687 0.325991
9.9991E-05 0.314033 0.101137 0.0243709 0.560359
0.0559362 0.583208 9.9991E-05 0.122235 0.238521
0.0808397 0.520428 0.143369 0.0749647 0.180399
9.9991E-05 0.622571 0.0431438 0.184116 0.150069
9.9982E-05 0.130993 0.147615 9.9982E-05 0.721192
9.9991E-05 0.30107 0.00857857 0.0504798 0.639772
9.9991E-05 0.562297 0.0934389 0.0651373 0.279026
0.0381622 0.565209 9.9991E-05 0.173888 0.222641
9.9991E-05 0.227842 0.0461679 0.0167277 0.709163
0.000441116 0.521421 0.205216 9.9991E-05 0.272822
0.0440858 0.115266 0.605819 9.9991E-05 0.23473
0.0852244 0.20241 0.358121 9.9991E-05 0.354145
0.0280637 0.416599 0.416309 0.0111709 0.127858
0.0659936 0.60785 0.273395 0.0226545 0.0301064
9.9982E-05 0.275432 0.481268 9.9982E-05 0.2431
0.10362 0.510102 0.150304 0.0892277 0.146745
0.106773 0.518411 0.239765 0.055231 0.0798194
0.104177 0.470141 0.291577 0.076705 0.0574001
0.117195 0.465009 0.304781 0.0399117 0.0731033
9.9991E-05 0.492631 0.309776 0.0258514 0.171642
0.115952 0.22557 0.520866 9.9991E-05 0.137513
0.117602 0.313648 0.399445 9.9991E-05 0.169206
0.0573619 0.66229 0.23987 9.9991E-05 0.0403783
0.102768 0.574791 0.204192 0.0381393 0.0801099
0.0332184 0.422511 0.187757 0.131844 0.224671
0.0751604 0.538117 0.243464 9.9991E-05 0.143158
0.0893088 0.325182 0.339788 0.0698069 0.175914
0.0372974 0.630672 0.287823 9.9991E-05 0.0441079
0.0369229 0.560075 0.216722 0.0867575 0.099523
0.102326 0.535576 0.0901535 0.0705728 0.201372
0.138039 0.430933 0.00809371 0.333646 0.0892884
0.261435 0.54361 9.9991E-05 0.0942264 0.100629
0.162083 0.439267 0.106707 0.183991 0.107952
0.148129 0.583012 0.0989795 0.0769231 0.0929557
0.26218 0.451269 9.9991E-05 0.191035 0.0954162
0.037164 0.49826 0.216155 9.9991E-05 0.248321
0.152737 0.537513 0.104164 0.17185 0.0337361
0.176792 9.9982E-05 9.9982E-05 0.272694 0.550314
0.174037 0.507735 0.0526225 0.10346 0.162145
0.171202 0.455842 0.156422 0.16445 0.0520836
0.22891 0.535625 0.0418569 0.0914196 0.102188
0.188719 0.243463 0.0824398 0.139631 0.345747
0.199226 0.506051 9.9991E-05 0.194072 0.100551
0.142245 0.590158 0.0175087 0.228591 0.0214969
0.185411 9.9982E-05 9.9982E-05 0.514897 0.299492
0.311274 0.397898 0.0510837 0.171658 0.0680856
0.251036 0.475561 0.032712 0.156615 0.0840764
0.188539 0.624264 9.9991E-05 0.00775395 0.179343
0.28151 0.516988 0.00119639 0.200206 9.9991E-05
0.112692 0.560186 0.0216568 0.186398 0.119067
0.0598364 0.530292 0.140811 0.0339559 0.235104
0.138719 0.559307 0.164754 0.0368867 0.100334
9.9982E-05 0.150094 0.0766416 9.9982E-05 0.773065
0.134529 0.463678 0.133033 0.0500902 0.21867
0.0457386 0.615398 0.144637 0.0801129 0.114113
9.9991E-05 0.0515011 0.113651 0.00384882 0.830899
0.111494 0.507969 0.113116 0.0908046 0.176617
0.129354 0.551589 0.0323831 0.160122 0.126553
0.33154 0.392405 9.9991E-05 0.13858 0.137376
0.399189 0.284543 9.9991E-05 0.0811496 0.235018
0.369009 0.140248 9.9991E-05 0.16701 0.323632
0.307911 0.309044 9.9991E-05 0.21867 0.164275
0.187525 0.603422 0.0607064 0.121144 0.0272035
0.142163 0.0950975 9.9991E-05 0.099545 0.663094
0.0926937 0.222645 9.9991E-05 0.130137 0.554425
0.155556 0.624448 9.9991E-05 0.0278413 0.192055
0.176435 0.533188 9.9991E-05 0.0625268 0.227749
0.186 0.279306 0.0116841 0.0259749 0.497035
0.148621 0.548633 9.9991E-05 0.0597309 0.242916
0.109985 0.561646 0.0765482 9.9991E-05 0.25172
0.157676 0.540197 0.107706 0.0737149 0.120705
9.9991E-05 0.486655 0.155359 0.0322434 0.325643
0.0124942 0.465305 0.106119 0.0308729 0.385209
0.0567784 0.476421 0.0326228 0.192285 0.241894
0.0324213 0.573026 0.0878217 0.092844 0.213887
0.135261 0.347523 0.134791 0.0670203 0.315405
0.121286 0.482266 0.0809302 0.15109 0.164428
0.130618 0.427665 0.0680484 0.11281 0.260858
9.9991E-05 0.574667 0.0489726 0.00223767 0.374023
9.9982E-05 0.383606 0.0718054 9.9982E-05 0.544389
0.0245524 0.696323 9.9982E-05 9.9982E-05 0.278925
0.114484 0.481635 0.100183 0.102751 0.200947
0.00339312 0.374089 0.072542 9.9991E-05 0.549876
0.00531562 0.546379 0.0729352 0.0311267 0.344243
9.9991E-05 0.688531 0.11444 0.101555 0.0953743
0.0872984 0.502887 0.137311 0.0538817 0.218623
0.167237 0.509618 0.0150807 0.121933 0.186131
0.13734 0.501096 0.0298743 0.163659 0.168031
0.264451 0.383719 0.0419109 0.189177 0.120742
0.123445 0.547309 0.0923134 0.12272 0.114212
0.228927 0.33901 0.0241858 0.176548 0.231329
0.158832 0.544995 0.104279 0.159095 0.0327992
0.148343 0.543439 0.0836417 0.201171 0.0234056
0.162133 0.547843 0.0143102 0.18112 0.0945939
0.180807 9.9991E-05 0.0647596 0.220618 0.533715
0.208753 0.611279 0.0280443 0.106474 0.0454491
0.167551 9.9982E-05 9.9982E-05 0.36653 0.465718
0.229275 0.578477 0.0183439 0.0212833 0.152621
0.121497 0.427653 0.188378 0.144176 0.118296
9.9973E-05 0.19862 9.9973E-05 9.9973E-05 0.80108
0.0265823 9.9982E-05 0.0496443 9.9982E-05 0.923573
9.9982E-05 0.595129 0.0340261 9.9982E-05 0.370645
0.0103498 0.729736 9.9991E-05 0.0568462 0.202968
9.9982E-05 0.490076 0.0105155 9.9982E-05 0.499209
0.0438461 0.596522 9.9982E-05 9.9982E-05 0.359432
0.0523174 0.598264 0.0302777 9.9991E-05 0.319041
0.0971729 0.059274 0.0418553 0.765919 0.0357785
0.118661 9.9991E-05 0.152802 0.684368 0.0440684
0.0488048 9.9982E-05 0.0604372 0.890558 9.9982E-05
9.9973E-05 0.0510881 9.9973E-05 0.948612 9.9973E-05
0.0384257 0.567179 0.0703526 0.0225777 0.301465
0.00988653 0.567008 0.15646 0.0605739 0.206072
9.9991E-05 0.628561 0.147216 0.00377729 0.220346
0.0234884 0.651694 0.135222 0.118435 0.0711601
0.0398366 0.538301 0.0780115 0.146793 0.197058
9.9982E-05 0.368023 0.226106 9.9982E-05 0.405671
0.0441206 0.666621 0.0688905 9.9991E-05 0.220268
9.9973E-05 0.432513 9.9973E-05 9.9973E-05 0.567187
0.153475 0.540845 0.0301291 0.269762 0.0057881
0.0106724 0.545268 0.0299703 9.9991E-05 0.413989
9.9982E-05 0.497455 0.199146 9.9982E-05 0.303199
0.154589 0.50164 9.9991E-05 0.0985197 0.245151
0.0141435 0.65434 0.1167 9.9991E-05 0.214716
9.9982E-05 0.546994 0.115099 9.9982E-05 0.337707
9.9973E-05 0.71988 9.9973E-05 9.9973E-05 0.27982
9.9991E-05 0.651086 0.0528212 0.108692 0.1873
9.9973E-05 0.2376 9.9973E-05 9.9973E-05 0.7621
9.9991E-05 0.382694 0.0520324 0.00614034 0.559034
0.00898678 0.464574 0.0603365 9.9991E-05 0.466003
9.9973E-05 0.0271815 9.9973E-05 9.9973E-05 0.972519
0.113312 0.453717 0.0433142 0.251423 0.138234
9.9991E-05 0.559499 0.210685 0.0414003 0.188316
0.0408697 0.155759 0.0488762 9.9991E-05 0.754395
9.9982E-05 0.00716841 0.0419986 9.9982E-05 0.950633
0.0119693 0.683608 0.00942326 0.0738748 0.221125
9.9991E-05 0.375556 0.202996 0.000664444 0.420684
0.0417067 0.528569 0.2099 9.9991E-05 0.219724
0.0800593 0.685014 0.0216881 0.127857 0.0853815
9.9991E-05 0.644402 0.083527 0.0203929 0.251578
0.0761081 0.397395 0.282646 9.9991E-05 0.243752
0.0106302 0.646561 0.0750449 9.9991E-05 0.267664
0.0492873 0.55758 0.14982 0.00597824 0.237335
9.9982E-05 0.444253 0.0578401 9.9982E-05 0.497707
0.0182137 0.603308 0.0227876 0.121023 0.234668
9.9982E-05 9.9982E-05 0.305989 0.686384 0.00742644
0.0129437 0.0232957 0.159009 0.741538 0.063214
9.9982E-05 9.9982E-05 0.120108 0.842767 0.0369253
9.9982E-05 9.9982E-05 0.116121 0.84937 0.0343085
9.9991E-05 0.0407027 0.226673 0.709479 0.0230457
9.9982E-05 0.294054 0.214437 9.9982E-05 0.491309
9.9991E-05 0.317701 0.22079 0.000659848 0.460749
9.9973E-05 0.326407 9.9973E-05 9.9973E-05 0.673293
0.013352 0.680415 0.0258715 0.0803433 0.200018
0.0654664 0.607922 0.127786 0.144196 0.0546304
0.00623991 0.415111 0.0635507 0.0197166 0.495381
9.9982E-05 0.765262 0.132046 9.9982E-05 0.102492
9.9982E-05 0.53979 9.9982E-05 0.0329858 0.427024
0.0567077 0.386845 0.106263 0.143272 0.306912
9.9991E-05 0.684574 0.137885 0.0139495 0.163492
0.0662416 0.687367 9.9982E-05 9.9982E-05 0.246192
9.9982E-05 0.408396 0.194546 9.9982E-05 0.396859
9.9982E-05 0.463471 0.112582 9.9982E-05 0.423746
9.9982E-05 0.471976 0.198495 9.9982E-05 0.329329
0.0684214 0.568483 0.022165 0.148747 0.192183
9.9982E-05 0.558248 0.130614 9.9982E-05 0.310939
9.9991E-05 0.513051 0.178926 0.0308997 0.277023
0.40571 0.473728 0.0923888 9.9991E-05 0.0280732
0.475569 0.323054 0.0132302 0.108305 0.0798411
0.373487 0.507655 9.9982E-05 0.118658 9.9982E-05
0.522778 0.275099 9.9991E-05 0.134631 0.0673922
0.301998 0.469384 9.9991E-05 0.163593 0.0649246
0.00878886 0.639517 9.9991E-05 0.059854 0.291741
0.654108 0.047948 9.9991E-05 0.270692 0.0271521
0.5198 0.277807 9.9991E-05 0.173235 0.0290581
0.175356 0.474134 9.9991E-05 0.143375 0.207035
9.9991E-05 0.572219 0.0209207 0.258612 0.148148
0.0401492 0.484142 0.128506 0.139337 0.207865
0.0504256 0.592319 0.0652336 0.15873 0.133292
0.021899 0.609923 0.147634 0.122332 0.0982123
0.460796 0.348605 9.9982E-05 0.1904 9.9982E-05
0.323794 0.425491 0.130821 0.119794 9.9991E-05
0.482702 0.393374 0.0534407 0.0703832 9.9991E-05
0.166055 0.532939 0.122247 0.130872 0.047887
0.550497 0.289538 9.9991E-05 0.0785327 0.0813329
0.293285 0.4422 0.0358292 0.193846 0.0348399
0.605736 0.249206 9.9991E-05 0.0915396 0.0534189
0.410047 0.375884 0.147129 0.0385258 0.0284141
0.119723 0.536434 9.9991E-05 0.0793946 0.264348
0.27648 0.45688 0.0456884 0.213582 0.00736993
0.639613 0.173124 9.9982E-05 0.187063 9.9982E-05
0.268222 0.337422 0.134773 0.164536 0.0950474
0.329338 0.44182 0.053726 0.115767 0.0593492
0.393332 0.353368 0.0817195 0.101967 0.0696133
9.9991E-05 0.281454 0.312938 0.166151 0.239356
0.113647 0.528029 0.142108 9.9991E-05 0.216116
0.33845 0.388869 9.9991E-05 0.181695 0.0908856
0.166192 0.448631 0.106677 0.174053 0.104446
0.0760545 0.607438 0.151699 0.0978802 0.0669287
0.0155496 0.478995 0.0708116 0.216995 0.217648
0.185745 0.465015 9.9991E-05 0.16928 0.17986
0.246739 0.381838 9.9991E-05 0.245121 0.126202
0.162588 0.496457 0.122833 0.0843489 0.133774
0.365416 0.422453 0.120312 0.0785199 0.0132989
0.199311 0.41428 0.0320413 0.19175 0.162618
0.370043 0.405061 9.9991E-05 0.125491 0.0993046
0.421324 0.382932 0.0149962 0.138374 0.042373
0.662625 0.104647 9.9991E-05 0.212278 0.0203501
9.9991E-05 0.670724 0.108307 0.0797766 0.141092
9.9991E-05 0.507549 0.142917 0.145405 0.204029
0.110937 0.107341 0.0667379 0.156626 0.558358
0.129359 0.499677 0.00901199 0.127056 0.234897
0.105088 0.403175 0.163434 0.111 0.217303
0.196834 0.452006 9.9991E-05 0.187206 0.163853
0.126528 0.427967 0.117659 0.0922205 0.235625
0.221606 9.9982E-05 9.9982E-05 0.352849 0.425345
0.139826 9.9982E-05 9.9982E-05 0.371905 0.488069
0.203509 0.229918 0.135572 0.161138 0.269863
0.239394 9.9982E-05 9.9982E-05 0.319896 0.44051
0.25599 9.9982E-05 9.9982E-05 0.420218 0.323592
0.158802 0.340211 0.0911426 0.148159 0.261686
0.152694 0.357249 9.9991E-05 0.242561 0.247396
0.220648 0.160609 9.9991E-05 0.335921 0.282721
0.256704 0.00655937 0.00940435 0.308432 0.418901
0.0865305 0.523642 0.009537 0.254798 0.125493
0.20533 0.130874 9.9991E-05 0.228728 0.434968
0.163971 0.470332 0.131079 0.0790081 0.155611
0.100978 9.9982E-05 9.9982E-05 0.508826 0.389996
0.16296 0.505247 0.0843092 0.158718 0.0887655
0.267514 0.345435 0.0530125 0.170015 0.164024
0.187727 0.467098 0.00952508 0.254361 0.0812888
0.286649 0.54065 9.9982E-05 0.172501 9.9982E-05
0.0942139 0.547203 0.0299578 0.237294 0.0913309
0.191364 0.563368 9.9991E-05 0.197252 0.0479156
0.30088 0.419211 9.9991E-05 0.170123 0.109685
0.192736 0.368843 9.9991E-05 0.405742 0.0325792
0.228596 0.490374 0.106412 0.174518 9.9991E-05
0.270143 0.419698 0.0452873 0.264772 9.9991E-05
0.270113 0.306939 9.9991E-05 0.317854 0.104994
0.11862 0.353516 0.133253 0.144462 0.250149
0.166964 0.497679 0.129786 0.119869 0.0857028
0.189146 0.545216 0.0876611 0.13509 0.0428873
0.0345941 0.670188 0.00173195 0.205305 0.0881814
0.356569 0.309748 0.0595355 0.274047 9.9991E-05
0.183978 0.531381 9.9991E-05 0.275093 0.0094473
0.280139 0.102008 9.9991E-05 0.327705 0.290048
0.172777 0.610578 0.00807676 0.194726 0.0138428
0.395519 0.172413 9.9991E-05 0.227804 0.204164
9.9991E-05 0.0539943 0.125909 0.8069 0.0130971
0.00182315 0.13463 0.713291 0.149452 0.000803473
9.997E-05 9.997E-05 0.9996 9.997E-05 9.997E-05
9.997E-05 9.997E-05 0.9996 9.997E-05 9.997E-05
9.9973E-05 0.0417127 0.957987 9.9973E-05 9.9973E-05
0.0668943 0.0129071 0.897508 0.0225909 9.9991E-05
9.9973E-05 0.0824921 0.917208 9.9973E-05 9.9973E-05
9.9973E-05 9.9973E-05 0.981844 0.0178565 9.9973E-05
9.9973E-05 9.9973E-05 0.789922 0.209778 9.9973E-05
0.030143 0.060475 0.0160675 0.893214 9.9991E-05
9.9982E-05 0.0851533 0.107359 0.807288 9.9982E-05
0.031167 0.0179366 0.00406258 0.895927 0.0509066
9.9982E-05 0.0827706 0.0959778 0.821052 9.9982E-05
0.0600743 9.9991E-05 0.0287326 0.885113 0.0259803
0.0183433 0.0129234 0.0894884 0.872744 0.00650066
0.108247 0.105222 0.0563645 0.726239 0.003928
0.0710211 0.0915723 9.9982E-05 0.837207 9.9982E-05
0.0996884 0.0368905 0.180281 0.665005 0.0181355
0.0969068 9.9982E-05 9.9982E-05 0.884364 0.0185288
9.997E-05 9.997E-05 9.997E-05 0.9996 9.997E-05
0.0426759 0.0742122 0.0371057 0.845906 9.9991E-05
0.0187988 0.00704224 9.9982E-05 0.973959 9.9982E-05
9.9973E-05 0.0510644 9.9973E-05 0.948636 9.9973E-05
0.0538904 0.0544587 0.0528053 0.838746 9.9991E-05
0.0860056 0.0862299 9.9982E-05 0.827564 9.9982E-05
0.12441 0.100718 0.0141183 0.760654 9.9991E-05
0.0463567 0.147724 9.9982E-05 0.805719 9.9982E-05
0.0944892 0.114984 9.9982E-05 0.790327 9.9982E-05
9.9991E-05 0.459951 0.0872009 0.155518 0.297231
9.9991E-05 0.725468 0.0749953 0.0702818 0.129155
0.0137226 0.708306 0.0379875 0.164205 0.0757781
0.0172079 0.201093 9.9991E-05 0.108643 0.672956
0.0384228 0.556089 0.186088 0.101713 0.117687
0.0518114 0.0901799 9.9991E-05 0.190553 0.667356
0.0133773 0.678362 9.9991E-05 0.198908 0.109253
9.9991E-05 0.462562 0.153034 0.100977 0.283328
0.0545637 0.526459 0.122563 0.0624112 0.234002
0.0244429 0.574997 0.113406 0.0719617 0.215193
9.9991E-05 0.485254 0.14598 0.104468 0.264198
9.9991E-05 0.646063 0.0274432 0.0991624 0.227231
0.0274571 0.582696 0.152491 0.109172 0.128184
0.112571 0.00839886 0.485925 9.9991E-05 0.393005
0.0172363 9.9991E-05 0.0799976 0.0880589 0.814607
9.9991E-05 0.167571 0.0388825 0.161467 0.631979
0.121939 0.624403 0.0563127 0.0893914 0.107955
0.0765206 0.515108 0.0563292 0.0970766 0.254966
0.0116162 0.568766 9.9991E-05 0.139678 0.27984
0.0446747 0.670279 0.0804212 0.0617805 0.142845
0.197565 0.500135 9.9991E-05 0.204503 0.097697
0.151863 0.51695 0.0163178 0.23197 0.0828994
0.0997679 0.158154 0.176729 0.46166 0.103689
0.110309 0.642494 0.153738 0.0832544 0.0102037
0.0729105 0.483745 0.11335 0.286015 0.0439793
0.218717 9.9982E-05 9.9982E-05 0.404405 0.376678
0.194573 0.347224 9.9991E-05 0.298088 0.160015
0.189377 0.307976 0.0810817 0.291288 0.130277
0.0856485 0.463775 0.0976901 0.311235 0.0416509
0.161647 0.555802 0.087425 0.134648 0.0604782
0.251832 0.484814 0.0798522 0.183402 9.9991E-05
0.0989756 0.702465 9.9991E-05 0.189863 0.00859628
0.200029 0.4384 0.0492079 0.148537 0.163826
0.119776 0.365064 0.00241043 0.463435 0.0493147
