9.9982E-05 0.0221293 9.9982E-05 0.901302 0.0763686
0.0281179 9.9991E-05 0.00753813 0.946671 0.0175725
0.0840234 0.0517858 9.9991E-05 0.818854 0.0452368
9.9982E-05 0.100711 9.9982E-05 0.803144 0.0959457
0.00154093 0.0466614 9.9991E-05 0.935849 0.0158485
0.0783305 0.086495 0.177727 0.596225 0.0612232
0.064158 9.9982E-05 0.0613268 0.874315 9.9982E-05
0.0691896 0.00445552 0.192818 0.669546 0.0639909
9.9982E-05 9.9982E-05 0.0162153 0.843883 0.139702
0.0677501 0.0558286 0.130301 0.729669 0.0164513
0.0475622 9.9991E-05 0.102383 0.74066 0.109295
0.553732 0.163155 9.9991E-05 0.0519824 0.231031
0.323729 0.167865 0.118058 0.0390417 0.351306
0.433396 0.188516 0.0195343 0.186422 0.172131
0.421482 0.0365747 0.0747025 0.0656027 0.401638
0.519712 0.203627 9.9991E-05 0.0516759 0.224885
0.416569 0.161525 9.9991E-05 0.122114 0.299692
0.428792 0.220858 9.9991E-05 0.0839795 0.26627
0.498194 0.119666 9.9991E-05 0.0575515 0.324489
9.9982E-05 0.116641 9.9982E-05 0.858139 0.0250207
0.0498252 0.0942643 0.0143997 0.840403 0.00110805
0.100527 0.0988179 9.9982E-05 0.800455 9.9982E-05
0.0791173 0.122887 0.0397005 0.758195 9.9991E-05
0.299307 0.0776714 9.9991E-05 0.114375 0.508547
0.834753 9.9982E-05 9.9982E-05 0.119684 0.0453633
0.778981 0.132285 0.0867921 0.0018418 9.9991E-05
0.674758 9.9982E-05 0.306882 0.0181601 9.9982E-05
0.511865 0.027717 0.104757 9.9991E-05 0.355561
0.436382 0.0169044 0.39032 9.9991E-05 0.156294
0.533728 0.0400687 9.9991E-05 0.14063 0.285474
0.351277 0.0182548 0.140951 0.225636 0.263882
0.407175 9.9991E-05 0.0336958 0.117426 0.441604
0.426446 0.153383 0.0925007 0.0834069 0.244264
0.477438 0.0611951 0.0549864 0.107713 0.298667
0.866133 0.089534 9.9991E-05 0.036697 0.00753573
0.921098 9.9973E-05 0.0786024 9.9973E-05 9.9973E-05
0.970709 9.9973E-05 9.9973E-05 0.0289913 9.9973E-05
0.932388 0.0673117 9.9973E-05 9.9973E-05 9.9973E-05
0.682506 0.0742899 9.9991E-05 0.102234 0.140871
0.643417 0.0307613 9.9991E-05 0.121129 0.204592
0.769085 9.9973E-05 0.230615 9.9973E-05 9.9973E-05
0.0220866 0.0521135 9.9991E-05 0.823871 0.101829
0.0369369 9.9973E-05 9.9973E-05 0.962763 9.9973E-05
0.01907 0.0593999 9.9991E-05 0.900468 0.0209622
9.9982E-05 0.0288256 0.0343443 0.93663 9.9982E-05
0.0231791 0.082086 0.0329621 0.861673 9.9991E-05
9.9982E-05 0.0813981 0.0215501 0.896852 9.9982E-05
0.00583084 0.0361486 9.9982E-05 0.957821 9.9982E-05
0.885451 9.9973E-05 9.9973E-05 0.11425 9.9973E-05
0.697894 9.9982E-05 9.9982E-05 0.101589 0.200317
0.759459 0.227485 9.9982E-05 9.9982E-05 0.012856
0.47176 0.0506346 0.242808 0.0496241 0.185174
0.478475 0.114913 9.9991E-05 0.0880945 0.318417
0.359792 0.030665 0.330041 9.9991E-05 0.279402
0.416767 0.0554223 0.241881 9.9991E-05 0.285829
0.453208 0.0982123 9.9991E-05 0.101971 0.346508
0.436311 0.110283 9.9991E-05 0.0512511 0.402054
0.343507 0.0880943 0.207764 9.9991E-05 0.360535
0.361116 9.9991E-05 0.369102 0.122483 0.147199
0.36634 0.0218411 0.382256 0.109763 0.119799
0.390278 9.9991E-05 0.394949 0.0560548 0.158619
0.484123 0.109315 0.203533 0.0823183 0.120712
0.42116 0.107831 0.362164 0.0817334 0.0271111
0.534163 0.0603209 0.279056 9.9991E-05 0.12636
0.132548 0.263169 0.281725 0.312374 0.0101848
9.9982E-05 0.0372811 0.514705 0.447814 9.9982E-05
9.9982E-05 0.0857775 0.634327 0.279696 9.9982E-05
9.9982E-05 0.283127 0.351888 0.364785 9.9982E-05
0.561433 0.0718635 0.366504 9.9982E-05 9.9982E-05
0.463751 0.0264232 0.48981 9.9991E-05 0.0199155
0.44437 0.0697413 0.392885 9.9991E-05 0.0929029
0.0432662 0.904024 9.9982E-05 0.05251 9.9982E-05
0.0645237 0.923066 9.9982E-05 9.9982E-05 0.0122104
9.9973E-05 0.99597 0.0037301 9.9973E-05 9.9973E-05
9.9982E-05 0.948056 0.0226233 9.9982E-05 0.0291205
9.9973E-05 0.952265 9.9973E-05 9.9973E-05 0.0474353
9.997E-05 0.9996 9.997E-05 9.997E-05 9.997E-05
9.997E-05 0.9996 9.997E-05 9.997E-05 9.997E-05
0.0193506 0.98035 9.9973E-05 9.9973E-05 9.9973E-05
9.9973E-05 0.984583 9.9973E-05 0.0151168 9.9973E-05
9.9982E-05 0.873556 9.9982E-05 0.0642094 0.0620342
9.9982E-05 0.958825 0.00712328 0.0338519 9.9982E-05
0.0447887 0.868854 9.9991E-05 0.0583114 0.0279464
0.169444 0.0134279 0.556976 0.260051 9.9991E-05
0.206707 0.115535 0.487747 0.18991 9.9991E-05
0.275999 0.087255 0.406617 0.230029 9.9991E-05
0.00932065 9.9991E-05 0.0721969 0.823464 0.0949187
9.9982E-05 0.077953 9.9982E-05 0.918261 0.00358563
9.9982E-05 9.9982E-05 0.04903 0.924483 0.026287
9.9982E-05 9.9982E-05 0.0230379 0.920971 0.0557915
9.9991E-05 0.0115416 0.0829729 0.865473 0.0399122
0.0113138 0.0413523 0.00326627 0.943968 9.9991E-05
9.9982E-05 0.0800386 9.9982E-05 0.885826 0.0339356
9.9973E-05 9.9973E-05 0.143338 0.856362 9.9973E-05
0.0189542 0.0292594 9.9982E-05 0.951586 9.9982E-05
9.9982E-05 0.0679761 0.0483738 0.88345 9.9982E-05
0.128082 0.0156559 9.9991E-05 0.634532 0.22163
0.0291506 9.9991E-05 0.0282497 0.580428 0.362072
0.122229 9.9991E-05 0.0979939 0.534277 0.2454
0.207033 9.9982E-05 9.9982E-05 0.500404 0.292363
0.386513 0.0882093 9.9991E-05 0.0194632 0.505714
0.787797 0.183068 9.9982E-05 9.9982E-05 0.0289344
0.944579 9.9973E-05 0.0551214 9.9973E-05 9.9973E-05
0.762419 0.107635 0.129746 9.9982E-05 9.9982E-05
0.746967 9.9982E-05 9.9982E-05 0.105815 0.147017
9.9982E-05 9.9982E-05 0.118929 0.0256149 0.855256
9.9991E-05 0.0077635 0.0437041 0.0547701 0.893662
9.997E-05 9.997E-05 9.997E-05 9.997E-05 0.9996
9.9973E-05 9.9973E-05 9.9973E-05 0.069205 0.930495
0.0577786 0.00794141 0.0154119 0.0283023 0.890566
9.9991E-05 0.0360605 0.0299984 0.0374063 0.896435
0.00153245 0.0605086 0.0349178 0.886775 0.0162666
9.9991E-05 0.0231165 0.0529111 0.825555 0.0983175
9.9991E-05 0.14796 0.069858 0.764669 0.0174129
0.0102379 0.117525 9.9991E-05 0.720097 0.15204
0.0587541 0.0938524 0.0293891 0.760383 0.0576218
0.0411674 9.9982E-05 9.9982E-05 0.416162 0.54247
0.111861 9.9991E-05 0.0331578 0.470712 0.384169
0.0687254 9.9982E-05 9.9982E-05 0.476968 0.454106
9.9991E-05 0.12928 0.0453099 0.792878 0.0324321
0.0291735 9.9991E-05 0.0266641 0.410162 0.533901
0.0922113 0.467793 0.302046 0.137849 9.9991E-05
9.9982E-05 0.274124 0.403629 0.322048 9.9982E-05
0.453188 0.148595 0.187267 9.9991E-05 0.21085
0.447151 0.0781345 9.9991E-05 0.112903 0.361712
0.558413 0.151027 0.0660937 0.0381752 0.186291
0.489489 9.9982E-05 0.350996 9.9982E-05 0.159315
0.449005 0.098894 0.0242389 0.0779605 0.349902
0.447797 9.9982E-05 0.342427 9.9982E-05 0.209577
0.436863 0.164168 0.109495 9.9991E-05 0.289375
0.606687 0.161844 9.9991E-05 0.0774671 0.153902
0.0232311 0.176403 9.9982E-05 0.800166 9.9982E-05
0.0924924 0.0429756 9.9982E-05 0.864332 9.9982E-05
0.0785172 0.0594533 0.0313538 0.783555 0.0471204
0.107108 0.0405104 9.9991E-05 0.835806 0.0164748
0.0353076 0.0419118 9.9991E-05 0.866907 0.0557732
0.363337 0.129396 0.0442054 0.0267977 0.436264
0.1797 0.108943 0.35604 9.9991E-05 0.355216
0.265151 9.9991E-05 0.11325 0.146525 0.474973
0.325037 0.105049 0.0221589 0.108833 0.438922
0.315264 0.0540755 0.0615279 0.150908 0.418225
0.381061 0.0681923 0.0138968 0.117323 0.419528
0.336222 0.191399 0.151652 0.0371075 0.28362
0.488801 0.0371818 0.336181 9.9991E-05 0.137737
0.407248 9.9982E-05 0.461062 9.9982E-05 0.131491
0.46979 9.9982E-05 0.469174 9.9982E-05 0.0608363
0.513755 9.9982E-05 0.436269 9.9982E-05 0.0497767
0.369574 0.0421572 9.9991E-05 0.100876 0.487293
0.386402 0.0922697 0.174834 9.9991E-05 0.346394
0.407621 0.120287 0.00735809 9.9991E-05 0.464633
0.401679 0.186804 9.9982E-05 9.9982E-05 0.411318
0.318364 0.0335687 0.459736 0.188231 9.9991E-05
9.9982E-05 0.11392 0.487593 0.398287 9.9982E-05
0.742178 9.9982E-05 0.19417 9.9982E-05 0.0634514
0.653539 9.9982E-05 0.261476 9.9982E-05 0.084785
0.259588 0.437404 0.18401 0.118898 9.9991E-05
0.264258 0.365963 0.119252 0.250426 9.9991E-05
0.345737 0.0910071 0.551575 0.0115805 9.9991E-05
0.432297 0.127324 0.361114 0.0791651 9.9991E-05
0.56695 0.352666 9.9982E-05 0.080184 9.9982E-05
0.571343 0.162639 0.201037 0.0648804 9.9991E-05
0.493238 0.0313177 0.27752 9.9991E-05 0.197825
0.642261 0.084564 0.176973 9.9991E-05 0.0961017
0.268166 0.075485 0.477617 0.0927963 0.0859356
0.0331038 0.112286 0.607945 0.245643 0.00102266
0.704607 9.9973E-05 0.295093 9.9973E-05 9.9973E-05
0.771261 9.9982E-05 0.222831 0.00570777 9.9982E-05
0.689324 0.141788 0.128556 9.9991E-05 0.0402323
0.684471 0.0943291 0.185738 9.9991E-05 0.0353625
0.0701061 0.080707 0.121861 0.727226 9.9991E-05
0.0707605 0.103885 0.0364171 0.718623 0.0703143
9.9982E-05 0.0766145 9.9982E-05 0.893386 0.0297991
9.9973E-05 9.9973E-05 0.0290401 0.97066 9.9973E-05
0.708186 0.0666344 9.9991E-05 0.107441 0.117638
0.96117 9.9982E-05 0.0194088 0.0192217 9.9982E-05
0.767684 0.0730932 0.0785202 0.0806027 9.9991E-05
0.864441 9.9973E-05 0.135259 9.9973E-05 9.9973E-05
0.641812 9.9973E-05 0.357888 9.9973E-05 9.9973E-05
0.766271 9.9973E-05 0.233429 9.9973E-05 9.9973E-05
0.778418 0.0724836 9.9991E-05 0.0712685 0.0777303
0.891017 0.0782915 0.00929983 0.0212914 9.9991E-05
9.9982E-05 9.9982E-05 0.0464543 0.69421 0.259135
0.081744 0.0110373 0.0519044 0.751137 0.104177
9.9982E-05 9.9982E-05 0.00702164 0.832288 0.16049
9.9982E-05 9.9982E-05 0.0453355 0.820433 0.134032
0.0335349 0.00176864 0.0468521 0.712736 0.205108
0.757603 0.0212853 9.9991E-05 0.104762 0.11625
0.853334 9.9982E-05 9.9982E-05 0.146256 0.000209987
0.940147 0.0534947 0.00615872 9.9982E-05 9.9982E-05
0.753605 0.101228 9.9991E-05 0.0535716 0.0914953
0.824242 0.0620994 9.9991E-05 0.0796113 0.0339472
9.9982E-05 0.528139 0.185947 0.285714 9.9982E-05
0.343491 9.9991E-05 0.192358 0.219421 0.244631
0.211475 0.085202 0.57387 0.0269974 0.102455
9.9991E-05 0.120527 0.708405 0.127982 0.0429855
9.9973E-05 9.9973E-05 0.87441 0.12529 9.9973E-05
9.9982E-05 0.127352 0.63963 0.232818 9.9982E-05
9.9982E-05 0.154049 0.49101 0.354741 9.9982E-05
0.168139 0.176647 0.39579 0.259325 9.9991E-05
0.00198647 0.0966213 0.741654 0.113076 0.0466622
0.189199 0.099492 0.54249 0.168719 9.9991E-05
9.9973E-05 9.9973E-05 0.78031 0.21939 9.9973E-05
0.148812 0.233677 0.321426 0.295985 9.9991E-05
0.0988767 0.336765 0.31381 0.250448 9.9991E-05
0.0416982 9.9982E-05 9.9982E-05 0.829097 0.129005
0.0409044 9.9973E-05 9.9973E-05 9.9973E-05 0.958796
9.997E-05 9.997E-05 9.997E-05 9.997E-05 0.9996
9.9982E-05 0.0260001 0.000944582 9.9982E-05 0.972855
9.9982E-05 0.113778 0.00148169 9.9982E-05 0.88454
9.9973E-05 0.0261095 9.9973E-05 9.9973E-05 0.973591
0.0213929 9.9982E-05 9.9982E-05 0.00473887 0.973668
9.9973E-05 9.9973E-05 9.9973E-05 0.211349 0.788351
0.0291217 0.0312484 0.0522617 0.855616 0.031752
9.9982E-05 0.0277119 9.9982E-05 0.809224 0.162865
9.9982E-05 0.0770157 9.9982E-05 0.877111 0.0456735
9.9991E-05 0.00660315 0.0801655 0.78009 0.133041
9.9982E-05 0.0532237 0.0127185 0.933858 9.9982E-05
0.0124351 9.9982E-05 9.9982E-05 0.865944 0.121421
0.0374967 0.0737855 0.0166531 0.871965 9.9991E-05
0.0683434 0.075981 9.9982E-05 0.855476 9.9982E-05
0.0247811 9.9973E-05 9.9973E-05 0.974919 9.9973E-05
9.9991E-05 0.089226 0.0191414 0.85187 0.0396627
9.9982E-05 9.9982E-05 0.0174753 0.961944 0.0203808
9.9991E-05 0.0233957 0.0154566 0.936024 0.025024
0.0163457 0.096797 9.9991E-05 0.880597 0.00616039
0.00974311 0.165575 0.00507337 0.819508 9.9991E-05
9.9991E-05 0.192474 0.00733003 0.794327 0.00576952
0.00442032 0.170659 9.9982E-05 0.824721 9.9982E-05
0.0286278 0.122526 9.9982E-05 0.848646 9.9982E-05
0.510442 0.0947588 0.17143 0.176726 0.0466425
0.336702 9.9982E-05 0.617565 9.9982E-05 0.0455335
0.188018 9.9991E-05 0.729305 0.00579615 0.0767811
0.394176 0.0601231 0.182823 9.9991E-05 0.362778
0.257966 9.9982E-05 0.62607 9.9982E-05 0.115763
0.225217 9.9982E-05 0.624005 9.9982E-05 0.150578
0.430613 0.223882 0.174181 0.112154 0.0591689
0.216003 0.120632 0.0576135 0.476976 0.128775
0.0015443 0.164276 0.519178 0.314902 9.9991E-05
0.228332 0.288456 0.0756208 0.349115 0.0584773
0.217317 0.232855 0.0501952 0.499533 9.9991E-05
