9.9955E-05 0.00522499 0.217487 0.018055 0.699009 9.9955E-05 9.9955E-05 9.9955E-05 0.0597243 9.9955E-05
9.9946E-05 9.9946E-05 0.197133 9.9946E-05 0.73378 9.9946E-05 9.9946E-05 0.030405 9.9946E-05 0.0380824
9.9946E-05 0.159157 0.0719481 9.9946E-05 0.727675 9.9946E-05 9.9946E-05 9.9946E-05 9.9946E-05 0.0406202
9.9964E-05 0.0327762 0.148451 0.0534343 0.682244 9.9964E-05 0.0662995 9.9964E-05 9.9964E-05 0.0163949
9.9955E-05 0.0477138 0.27833 0.0269782 0.635559 9.9955E-05 0.0109193 9.9955E-05 9.9955E-05 9.9955E-05
0.0419434 0.0149616 0.868361 9.9946E-05 9.9946E-05 0.0741339 9.9946E-05 9.9946E-05 9.9946E-05 9.9946E-05
9.99201E-05 9.99201E-05 0.999101 9.99201E-05 9.99201E-05 9.99201E-05 9.99201E-05 9.99201E-05 9.99201E-05 9.99201E-05
0.00246292 9.9946E-05 0.958665 9.9946E-05 9.9946E-05 9.9946E-05 0.0354016 0.0028707 9.9946E-05 9.9946E-05
9.99549E-05 9.99549E-05 0.0814772 9.99549E-05 0.714109 0.0446604 0.0656676 9.99549E-05 9.99549E-05 0.0935861
9.99369E-05 0.0468793 0.910327 0.0420943 9.99369E-05 9.99369E-05 9.99369E-05 9.99369E-05 9.99369E-05 9.99369E-05
0.0843805 9.99459E-05 0.788322 9.99459E-05 0.0801974 9.99459E-05 0.0464999 9.99459E-05 9.99459E-05 9.99459E-05
0.0142969 0.0936353 0.0623192 0.053485 9.9964E-05 0.0271249 9.9964E-05 9.9964E-05 0.748739 9.9964E-05
9.9964E-05 0.480878 9.9964E-05 9.9964E-05 0.00771947 0.0238848 0.0353189 9.9964E-05 0.440995 0.0108035
9.9964E-05 0.130907 0.020437 0.0698964 0.00583599 9.9964E-05 9.9964E-05 0.0719923 0.700532 9.9964E-05
9.9955E-05 0.230552 9.9955E-05 0.0957332 0.0314707 9.9955E-05 9.9955E-05 9.9955E-05 0.631436 0.0103087
0.00805259 0.359698 0.0687302 0.0666867 0.0232337 0.0356686 9.9982E-05 9.9982E-05 0.41232 0.0254105
0.0805569 0.464155 0.0384229 0.0855713 0.0678614 0.0432667 9.9982E-05 0.00998371 0.209982 9.9982E-05
0.117067 0.329631 0.0361382 0.08949 9.9982E-05 0.0727112 0.00362526 9.9982E-05 0.342159 0.00897792
9.9964E-05 0.270065 0.0238712 0.0586811 0.110688 9.9964E-05 9.9964E-05 9.9964E-05 0.532404 0.00389057
0.166131 9.9946E-05 9.9946E-05 0.0119415 0.0592503 9.9946E-05 9.9946E-05 9.9946E-05 0.762078 9.9946E-05
0.107629 0.30008 9.9973E-05 0.096117 9.9973E-05 0.00311715 9.9973E-05 0.00480198 0.448614 0.0393408
0.101723 0.421004 9.9991E-05 0.0163468 0.00905185 0.0771262 0.046802 0.0426812 0.168047 0.117119
0.103093 0.473133 0.0396621 0.00739775 9.9964E-05 0.0792286 9.9964E-05 9.9964E-05 0.297085 9.9964E-05
0.0707561 0.131514 0.0608914 0.0931705 9.9964E-05 9.9964E-05 9.9964E-05 0.0341929 0.609075 9.9964E-05
9.9964E-05 0.685917 9.9964E-05 9.9964E-05 0.0685372 0.00773315 0.0359245 9.9964E-05 0.0549434 0.146545
9.9955E-05 0.411253 0.00850433 0.0802209 9.9955E-05 9.9955E-05 9.9955E-05 9.9955E-05 0.427445 0.0720765
0.0525578 0.036914 0.00446972 0.0912716 0.00754531 9.9964E-05 9.9964E-05 9.9964E-05 0.806842 9.9964E-05
0.0582792 0.0590292 0.00340707 0.197807 0.0229707 9.9973E-05 9.9973E-05 9.9973E-05 0.654986 0.00322061
0.0165775 0.205004 0.00284271 9.9964E-05 0.0369928 9.9964E-05 9.9964E-05 9.9964E-05 0.73218 0.00600298
9.9946E-05 0.00848252 9.9946E-05 0.158626 0.808053 9.9946E-05 9.9946E-05 9.9946E-05 0.0242385 9.9946E-05
9.9946E-05 0.0603002 9.9946E-05 0.0930137 0.791509 9.9946E-05 9.9946E-05 9.9946E-05 0.0545775 9.9946E-05
0.0114236 0.0404676 9.9973E-05 0.106741 0.760628 0.0409206 9.9973E-05 9.9973E-05 0.0217454 0.0177742
0.00921478 0.0837153 0.0721484 0.0689842 0.623754 0.103667 9.9973E-05 9.9973E-05 9.9973E-05 0.0382163
0.115081 0.49225 9.9973E-05 9.9973E-05 0.0345086 0.153911 0.0317394 0.0156545 0.156556 9.9973E-05
9.9964E-05 0.44409 0.0783958 0.0589224 0.0389232 0.324275 9.9964E-05 9.9964E-05 0.0549931 9.9964E-05
0.0413545 0.495031 9.9964E-05 0.0290075 0.00649026 0.412308 0.0154084 9.9964E-05 9.9964E-05 9.9964E-05
0.00256341 0.0834867 9.99759E-05 9.99759E-05 0.112073 0.0172283 0.0994852 0.0219121 0.662951 9.99759E-05
0.0201603 0.195231 0.0330963 0.0477968 0.0102967 0.6593 0.0136207 9.9982E-05 9.9982E-05 0.0202985
9.9982E-05 0.452859 9.9982E-05 0.0641552 0.058152 0.0348574 0.0733842 0.0580967 0.232799 0.0254959
0.10769 0.655697 9.9964E-05 0.012387 9.9964E-05 0.198522 0.0246483 9.9964E-05 0.000655769 9.9964E-05
0.296366 0.515858 0.0388983 9.9973E-05 0.0497906 0.0601455 0.0302528 9.9973E-05 0.00838928 9.9973E-05
0.20155 0.535068 0.0571208 0.0223624 0.0637746 9.9973E-05 0.100716 0.019108 9.9973E-05 9.9973E-05
9.9955E-05 0.100045 0.0839613 9.9955E-05 9.9955E-05 0.613704 9.9955E-05 9.9955E-05 0.201515 0.00027435
0.241727 0.548529 9.9955E-05 0.0397558 9.9955E-05 9.9955E-05 9.9955E-05 9.9955E-05 0.108262 0.0612266
0.130792 0.469093 0.0525616 0.0962389 9.9973E-05 0.175332 9.9973E-05 0.0255683 0.0501139 9.9973E-05
0.0857847 0.453273 9.9982E-05 0.0494415 0.104337 0.0846579 9.9982E-05 0.0164594 0.140745 0.0651015
9.9946E-05 0.279908 9.9946E-05 9.9946E-05 9.9946E-05 0.609661 9.9946E-05 0.0882757 9.9946E-05 0.0215555
0.119353 0.608809 9.9949E-05 9.9949E-05 0.0342133 0.237024 9.9949E-05 9.9949E-05 9.9949E-05 9.9949E-05
0.108868 0.517375 9.9973E-05 9.9973E-05 0.0808336 0.0887453 0.0256434 0.097626 9.9973E-05 0.0806086
0.000546182 9.9955E-05 0.0139805 9.9955E-05 9.9955E-05 0.660939 9.9955E-05 0.104658 9.9955E-05 0.219376
9.9973E-05 0.119887 0.0245662 9.9973E-05 9.9973E-05 0.2136 0.148801 0.0545351 0.406337 0.0319744
0.170157 0.00384706 9.9964E-05 9.9964E-05 9.9964E-05 0.147869 9.9964E-05 0.179604 0.330601 0.167522
0.117817 0.517439 9.9982E-05 0.0556022 0.0714039 0.0494853 0.0207669 0.0192422 0.148044 9.9982E-05
0.11849 0.494689 0.0789997 0.0557145 9.9964E-05 9.9964E-05 9.9964E-05 0.107392 0.144315 9.9964E-05
9.9982E-05 0.628226 9.9982E-05 0.0159348 0.0187746 0.0911086 0.0128995 0.0134513 0.0742341 0.145171
9.9982E-05 0.137732 9.9982E-05 0.0170632 0.0939741 0.229201 0.165563 0.102931 0.238608 0.0147276
9.9946E-05 0.542952 9.9946E-05 9.9946E-05 9.9946E-05 9.9946E-05 0.0485057 9.9946E-05 0.274873 0.133069
0.0795569 0.513764 9.9964E-05 0.0387774 0.0410217 9.9964E-05 9.9964E-05 9.9964E-05 0.239916 0.0865637
0.0722026 0.239938 0.113683 0.055657 0.0444698 0.126402 0.0579097 0.0912207 0.198418 9.9991E-05
0.0118987 0.0193327 0.0879281 0.0408616 0.128335 0.157116 0.0839268 0.0567534 0.336414 0.0774341
9.9973E-05 0.541203 9.9973E-05 0.0144316 0.0129405 0.122675 0.110569 9.9973E-05 0.113892 0.0839896
9.9964E-05 0.383587 9.9964E-05 9.9964E-05 9.9964E-05 0.110511 0.118772 0.0437161 0.225263 0.117751
0.0371822 9.9973E-05 0.122793 9.9973E-05 0.0245787 0.0707098 0.0641118 9.9973E-05 0.662913 0.0174115
9.9964E-05 0.42122 0.00967415 9.9964E-05 9.9964E-05 0.0795827 0.00142073 9.9964E-05 0.400946 0.086756
9.9973E-05 0.520626 9.9973E-05 0.0431494 9.9973E-05 0.0395247 0.040901 0.131469 0.149723 0.0743073
0.0265657 0.49164 0.070423 0.0161212 9.9982E-05 0.0999706 0.00182815 9.9982E-05 0.266648 0.0266036
0.00196144 0.211647 0.0751088 0.0272548 9.9982E-05 0.137922 9.9982E-05 0.0146754 0.420064 0.111167
9.9973E-05 0.42258 0.029547 0.0242125 9.9973E-05 0.0767146 9.9973E-05 0.0570603 0.266363 0.123222
0.0365328 0.54249 9.9982E-05 9.9982E-05 0.000893835 0.0478552 0.183206 0.00546279 0.0417169 0.141643
0.0752533 0.115249 9.9982E-05 9.9982E-05 0.00910195 0.0673034 0.0752967 0.00491667 0.58845 0.0642291
9.9955E-05 0.475523 9.9955E-05 9.9955E-05 9.9955E-05 0.375788 0.0459974 9.9955E-05 0.0938363 0.00835568
0.00410218 0.158416 9.9964E-05 9.9964E-05 0.0433925 0.63389 0.0169804 9.9964E-05 0.142819 9.9964E-05
9.9982E-05 0.534008 0.0543673 0.000886433 0.023797 0.190427 0.0836051 9.9982E-05 0.0741267 0.0385833
0.0351085 0.411612 0.047021 0.117229 0.0135255 0.104474 0.0482185 0.0440874 0.150315 0.0284082
0.0699247 9.9955E-05 9.9955E-05 9.9955E-05 9.9955E-05 0.863586 9.9955E-05 0.00381009 0.00356017 0.0586191
9.9946E-05 9.9946E-05 9.9946E-05 9.9946E-05 9.9946E-05 0.741957 9.9946E-05 0.0757825 0.147161 0.0345001
9.99371E-05 0.21363 0.0291251 9.99371E-05 9.99371E-05 0.756545 9.99371E-05 9.99371E-05 9.99371E-05 9.99371E-05
9.9946E-05 0.415992 9.9946E-05 9.9946E-05 9.9946E-05 0.410717 0.0640583 9.9946E-05 0.108633 9.9946E-05
9.9964E-05 0.597277 0.120564 9.9964E-05 9.9964E-05 0.144298 0.0532575 0.0158349 9.9964E-05 0.0683684
9.9973E-05 0.343733 0.00424108 0.0292222 9.9973E-05 0.467851 0.0317464 9.9973E-05 0.0441994 0.0787077
9.9964E-05 0.0546943 9.9964E-05 0.101325 0.0201753 0.60652 0.11722 9.9964E-05 0.0996658 9.9964E-05
9.9955E-05 0.182126 0.0607156 9.9955E-05 0.00215937 0.555683 0.198816 9.9955E-05 9.9955E-05 9.9955E-05
9.9964E-05 0.482957 9.9964E-05 0.0339862 0.120808 0.280229 0.0582846 0.0233348 9.9964E-05 9.9964E-05
0.0310069 0.301625 0.0803163 9.9955E-05 9.9955E-05 0.525478 9.9955E-05 9.9955E-05 0.0610742 9.9955E-05
9.9973E-05 0.415729 0.0381225 0.00639126 0.0425746 0.353724 9.9973E-05 9.9973E-05 0.139837 0.00332146
9.9937E-05 0.323057 0.0120995 9.9937E-05 9.9937E-05 0.664144 9.9937E-05 9.9937E-05 9.9937E-05 9.9937E-05
9.9955E-05 9.9955E-05 9.9955E-05 9.9955E-05 9.9955E-05 0.675086 0.0219029 0.102129 0.0691525 0.13123
0.115347 0.44559 9.9964E-05 0.121553 9.9964E-05 0.232622 9.9964E-05 9.9964E-05 0.0477435 0.0367447
9.9955E-05 0.0963064 0.087594 9.9955E-05 0.701376 9.9955E-05 9.9955E-05 9.9955E-05 0.0723369 0.0418873
9.99281E-05 0.110227 9.99281E-05 9.99281E-05 0.888974 9.99281E-05 9.99281E-05 9.99281E-05 9.99281E-05 9.99281E-05
9.9946E-05 0.101896 9.9946E-05 0.0293043 0.851152 9.9946E-05 9.9946E-05 9.9946E-05 9.9946E-05 0.017048
9.9937E-05 0.0864356 9.9937E-05 9.9937E-05 0.881671 9.9937E-05 9.9937E-05 9.9937E-05 9.9937E-05 0.0311934
9.9955E-05 0.0818914 0.0140466 0.0243217 0.821869 9.9955E-05 9.9955E-05 9.9955E-05 9.9955E-05 0.0573712
9.9964E-05 9.9964E-05 0.0492472 0.107789 0.802476 0.0128141 0.00518439 9.9964E-05 9.9964E-05 0.0220897
9.99371E-05 0.0309779 0.205678 9.99371E-05 0.762645 9.99371E-05 9.99371E-05 9.99371E-05 9.99371E-05 9.99371E-05
0.0748037 0.497346 9.9991E-05 0.023567 0.0614225 0.163622 0.0886254 0.0494415 0.0240614 0.0170103
9.9964E-05 0.488831 0.0416558 9.9964E-05 0.0806669 0.248417 0.050154 9.9964E-05 0.089876 9.9964E-05
9.9937E-05 9.9937E-05 9.9937E-05 9.9937E-05 0.0431662 0.770789 9.9937E-05 9.9937E-05 0.185345 9.9937E-05
0.0434959 0.611424 9.9982E-05 0.0322936 0.0541272 0.0508421 0.0738879 0.0851739 9.9982E-05 0.0485555
0.0290493 0.39019 0.022902 0.013501 0.022699 0.383158 0.0145204 9.9982E-05 0.12378 9.9982E-05
9.9955E-05 0.573959 0.0451399 9.9955E-05 9.9955E-05 0.309778 0.0311534 0.0394698 9.9955E-05 9.9955E-05
0.13673 0.534768 9.9964E-05 9.9964E-05 0.0755386 0.175655 9.9964E-05 0.0479454 0.0289628 9.9964E-05
0.0493204 0.379614 9.9955E-05 0.0849841 9.9955E-05 0.342644 9.9955E-05 0.142937 9.9955E-05 9.9955E-05
9.9955E-05 9.9955E-05 0.00960202 9.9955E-05 0.029058 0.712334 0.0526039 9.9955E-05 0.195902 9.9955E-05
9.9973E-05 0.51283 0.0699859 9.9973E-05 0.100223 0.202665 0.0300526 0.0420665 0.0418771 9.9973E-05
0.209341 0.482689 0.0186109 0.0587278 9.9973E-05 0.179588 9.9973E-05 0.0110361 0.0397076 9.9973E-05
0.0232888 0.511921 9.9982E-05 0.0821529 0.0519246 0.053807 0.0883965 0.0451289 0.14318 9.9982E-05
9.9955E-05 0.283033 9.9955E-05 9.9955E-05 9.9955E-05 0.509689 9.9955E-05 0.034183 0.0756338 0.0969615
0.0530749 0.42103 0.0105655 9.9964E-05 9.9964E-05 0.459235 0.0239234 0.0317709 9.9964E-05 9.9964E-05
0.00144108 0.406657 9.9964E-05 0.0423395 9.9964E-05 0.342014 0.0617449 9.9964E-05 0.145404 9.9964E-05
9.9955E-05 0.20506 9.9955E-05 0.138869 9.9955E-05 0.544613 0.0557904 9.9955E-05 0.0551672 9.9955E-05
0.0818367 0.350807 0.0702901 9.9964E-05 0.0382852 0.395097 9.9964E-05 9.9964E-05 0.0632846 9.9964E-05
0.0640307 0.469398 9.9964E-05 9.9964E-05 0.137507 0.23315 0.0633117 9.9964E-05 9.9964E-05 0.0322017
0.000919503 0.174034 9.9991E-05 0.0123435 0.0128381 0.0673369 0.00147097 0.209286 0.437343 0.0843286
0.226005 0.444103 9.9964E-05 0.0781938 0.119817 9.9964E-05 9.9964E-05 9.9964E-05 0.12545 0.00603282
0.101992 0.279586 0.00142107 0.131888 0.0829999 0.0215604 0.206757 9.9982E-05 0.173596 9.9982E-05
0.0935224 0.461525 9.9964E-05 9.9964E-05 0.106375 9.9964E-05 0.0311469 9.9964E-05 0.272306 0.0347253
9.9973E-05 0.523142 0.0281055 0.0416052 0.111365 0.168684 0.0608132 9.9973E-05 0.065985 9.9973E-05
0.0502849 0.375271 0.0107105 9.9973E-05 0.0198232 9.9973E-05 0.0268701 0.0429864 0.473754 9.9973E-05
0.0534721 0.520108 0.0120114 0.0331992 0.00600419 9.9991E-05 0.114407 0.0999258 0.130325 0.030447
0.0122052 0.437159 9.9964E-05 9.9964E-05 9.9964E-05 9.9964E-05 0.1018 0.0928557 0.326032 0.0295475
9.9973E-05 0.571077 0.0990494 9.9973E-05 9.9973E-05 0.0682851 0.0765503 0.0841324 0.0553712 0.0452349
0.0782499 0.538508 9.9991E-05 0.0185274 0.0509693 0.098047 0.139489 0.000569556 0.0684684 0.00707178
0.0431091 0.527063 9.9973E-05 9.9973E-05 0.0480342 0.119742 0.0658052 0.0053855 0.190561 9.9973E-05
9.9955E-05 0.468723 0.0432343 9.9955E-05 9.9955E-05 9.9955E-05 0.1616 0.0308642 0.295079 9.9955E-05
0.0242792 0.591057 9.9982E-05 0.0309231 9.9982E-05 0.111835 0.119907 0.00260191 0.0545619 0.0646348
9.9991E-05 0.479891 0.0785683 0.0591732 0.0889546 0.0825062 0.0507017 0.0148751 0.0494306 0.0957992
9.9964E-05 0.55213 9.9964E-05 0.0582006 9.9964E-05 0.0411573 0.0892515 0.0701622 0.188698 9.9964E-05
9.9982E-05 0.487413 0.0809884 0.0295468 0.026407 0.0879342 0.116759 0.0501646 0.120588 9.9982E-05
9.9946E-05 0.607795 9.9946E-05 9.9946E-05 9.9946E-05 9.9946E-05 9.9946E-05 0.133669 0.137285 0.120652
0.127208 0.333352 9.9973E-05 9.9973E-05 0.025419 9.9973E-05 0.103229 0.100756 0.265793 0.0439432
0.0212113 0.592708 0.0216661 0.0342091 0.00944605 9.9982E-05 0.0694012 0.037517 0.213641 9.9982E-05
9.9973E-05 0.664868 0.0217025 9.9973E-05 0.0217741 9.9973E-05 0.0341942 0.0562552 0.200594 0.000311901
0.0412458 0.160301 0.114048 0.0910639 9.9982E-05 0.118637 0.0507785 0.0667251 0.357001 9.9982E-05
0.108141 0.13982 9.9973E-05 0.000335552 9.9973E-05 9.9973E-05 0.0448221 0.193956 0.387487 0.125139
0.0563784 0.463809 9.9991E-05 0.00837486 0.0141116 0.049545 0.127166 0.0133231 0.164704 0.102488
0.0445829 9.9973E-05 9.9973E-05 0.0531577 9.9973E-05 0.229328 0.204733 0.216458 0.184354 0.0670867
0.121271 0.183907 0.026413 9.9973E-05 0.034322 0.0475491 9.9973E-05 0.0389774 0.54726 9.9973E-05
0.0663923 0.328111 0.000457825 9.9973E-05 9.9973E-05 0.0771982 0.0149152 0.054108 0.458518 9.9973E-05
9.9964E-05 0.300577 9.9964E-05 9.9964E-05 0.0279632 0.0291219 0.119077 0.0288434 0.494018 9.9964E-05
0.111981 0.182642 9.9964E-05 0.0431794 9.9964E-05 0.0320186 0.119082 9.9964E-05 0.510698 9.9964E-05
0.0757792 0.502699 9.9973E-05 0.0478782 0.0389439 0.00634463 9.9973E-05 0.064595 0.26346 9.9973E-05
9.9982E-05 0.594958 0.0425297 9.9982E-05 0.034244 0.0720751 0.108264 0.00959763 0.0478519 0.0902801
0.0361639 0.429891 0.0752627 0.0404693 0.0690425 0.0412821 0.0541202 0.102542 0.141671 0.0095558
0.0407962 0.158526 9.9982E-05 0.0252564 9.9982E-05 0.0722392 0.113016 0.152147 0.30381 0.13401
0.0516263 0.4264 0.0875467 9.9991E-05 0.038989 0.096597 0.0339549 0.0717726 0.110979 0.0820342
0.15604 0.500351 9.9973E-05 0.0476705 9.9973E-05 0.141108 0.0608423 0.0348685 9.9973E-05 0.0588193
0.40316 9.9973E-05 0.0453886 9.9973E-05 0.0754452 9.9973E-05 0.080233 0.205418 0.0963723 0.0936831
0.144251 0.575359 0.0198431 9.9973E-05 0.115828 0.0239609 9.9973E-05 0.0883216 0.0321369 9.9973E-05
0.0980174 0.354883 9.9982E-05 9.9982E-05 0.0551424 0.111938 0.0893015 0.15668 0.0109723 0.122865
0.0220449 0.4688 9.9991E-05 0.0664162 0.0854757 0.134429 0.0565533 0.0738696 0.0175598 0.0747515
0.320084 0.147578 9.9982E-05 9.9982E-05 0.0336526 0.119852 0.0774231 0.0216164 0.0857623 0.193832
0.489973 0.0581987 0.0872669 9.9982E-05 0.0298416 0.115916 0.110593 0.089715 0.0182963 9.9982E-05
0.0525738 0.494532 0.0130801 0.0351683 0.0888943 0.0979211 9.9991E-05 0.0481703 0.139001 0.0305584
0.239702 0.360642 0.0200155 9.9982E-05 9.9982E-05 0.0276249 0.0978286 0.184763 0.047976 0.0212478
0.211885 0.377471 9.9982E-05 0.0509313 0.0348784 0.140536 0.0154767 0.0569118 0.11171 9.9982E-05
0.168285 0.350702 0.0822665 0.0147182 9.9982E-05 0.127461 9.9982E-05 0.0432402 0.13104 0.0820872
9.9973E-05 0.524913 9.9973E-05 9.9973E-05 0.145837 0.104157 0.0198219 0.0553425 0.0398434 0.109786
0.148248 0.469104 0.0465528 0.140512 0.072465 9.9982E-05 0.0790876 0.0315024 9.9982E-05 0.0123284
0.170417 9.9982E-05 0.0560751 0.107605 0.0162576 0.214373 9.9982E-05 0.168356 0.128294 0.138422
0.0821772 0.548081 0.0131413 0.00420331 0.141825 0.0308734 9.9982E-05 0.151381 0.0281171 9.9982E-05
0.0503771 0.519941 0.0261659 0.0359841 0.122377 0.0487724 0.0405282 9.9991E-05 0.125443 0.0303111
0.42643 0.269214 9.9964E-05 9.9964E-05 9.9964E-05 0.181783 9.9964E-05 0.0070874 0.104595 0.0104911
0.159379 0.360991 9.9973E-05 0.0213084 9.9973E-05 0.163593 9.9973E-05 0.0829624 0.19172 0.0197462
0.0233649 0.484708 0.0385368 0.0525696 0.0418214 0.255932 9.9982E-05 0.0207647 0.0821017 9.9982E-05
0.188339 0.340456 0.00256477 0.118657 0.0915452 0.0461839 0.0296264 0.129987 9.9991E-05 0.0525412
0.0438618 0.427231 0.130328 0.175016 0.0881912 9.9982E-05 9.9982E-05 0.0749228 0.0302688 0.0299807
0.1406 0.131964 9.9973E-05 0.210472 0.222022 9.9973E-05 0.00215749 0.0990735 9.9973E-05 0.193412
0.0628255 9.9955E-05 0.12756 0.0563228 0.242256 9.9955E-05 9.9955E-05 9.9955E-05 9.9955E-05 0.510536
9.9955E-05 9.9955E-05 0.0900009 0.0413025 0.136755 9.9955E-05 9.9955E-05 0.0883659 9.9955E-05 0.643076
0.00769274 0.130578 0.0702561 0.230066 0.188662 9.9973E-05 0.0344591 9.9973E-05 9.9973E-05 0.337985
0.366481 0.544826 9.9955E-05 9.9955E-05 9.9955E-05 0.044278 9.9955E-05 0.0241812 0.0197338 9.9955E-05
0.180487 0.522394 9.9982E-05 0.0184579 0.0821218 0.0825268 0.00264537 0.107481 0.00368665 9.9982E-05
9.9946E-05 0.266853 9.9946E-05 0.696271 9.9946E-05 9.9946E-05 0.020867 9.9946E-05 0.0154095 9.9946E-05
0.0438795 0.404408 9.9982E-05 0.363294 0.0166051 0.114447 9.9982E-05 0.0085474 0.0376501 0.010969
0.025068 0.350759 9.9982E-05 0.306186 0.0532112 0.0525525 0.0905352 0.0756751 0.0458128 9.9982E-05
0.550061 0.202594 0.0442194 9.9955E-05 9.9955E-05 0.0754468 9.9955E-05 0.127179 9.9955E-05 9.9955E-05
0.155979 0.347165 0.00759447 0.0543226 0.0327043 0.189844 0.0764187 0.0543191 9.9991E-05 0.0815535
0.778541 9.9937E-05 9.9937E-05 0.0496565 9.9937E-05 9.9937E-05 9.9937E-05 0.171103 9.9937E-05 9.9937E-05
0.226282 0.566883 9.9955E-05 9.9955E-05 9.9955E-05 0.0826923 9.9955E-05 0.0658083 9.9955E-05 0.0578344
0.396707 0.287237 9.9973E-05 0.0409576 9.9973E-05 0.11446 0.0199633 0.0655056 0.0748696 9.9973E-05
0.392806 0.489053 0.0606385 9.9946E-05 9.9946E-05 9.9946E-05 9.9946E-05 0.0569028 9.9946E-05 9.9946E-05
0.564514 0.0930686 0.0112758 9.9982E-05 0.0215247 0.0472531 0.00693475 0.159197 0.0960317 9.9982E-05
0.194944 0.572236 9.9982E-05 0.0421791 0.0303036 0.101909 0.0235402 0.022648 9.9982E-05 0.0120404
0.160133 0.589934 0.0916755 0.019438 9.9973E-05 0.0451638 9.9973E-05 9.9973E-05 0.0292579 0.0640983
0.076889 0.532334 0.0483249 9.9973E-05 0.0224921 0.117701 9.9973E-05 9.9973E-05 0.0471601 0.154799
0.00159404 0.404077 0.0203908 0.179375 0.0308715 0.0893059 0.0250622 0.00882186 0.167976 0.072526
9.9937E-05 0.00340868 9.9937E-05 0.923337 9.9937E-05 9.9937E-05 9.9937E-05 0.0725543 9.9937E-05 9.9937E-05
0.0772314 0.0546569 9.9955E-05 0.840137 9.9955E-05 0.0238062 0.00366908 9.9955E-05 9.9955E-05 9.9955E-05
9.9964E-05 0.317393 0.00441203 0.519758 0.0479573 9.9964E-05 9.9964E-05 0.0221544 0.0879256 9.9964E-05
9.9937E-05 0.336668 9.9937E-05 0.634852 9.9937E-05 9.9937E-05 9.9937E-05 9.9937E-05 0.0277807 9.9937E-05
0.0462296 0.113294 9.9955E-05 0.754386 0.00876762 0.0768224 9.9955E-05 9.9955E-05 9.9955E-05 9.9955E-05
9.9928E-05 9.9928E-05 9.9928E-05 0.970542 9.9928E-05 9.9928E-05 9.9928E-05 9.9928E-05 9.9928E-05 0.0286589
0.0114524 9.9946E-05 9.9946E-05 0.908973 9.9946E-05 9.9946E-05 0.0330001 0.0459745 9.9946E-05 9.9946E-05
9.9937E-05 0.17877 9.9937E-05 0.802422 9.9937E-05 9.9937E-05 9.9937E-05 9.9937E-05 0.0181093 9.9937E-05
9.9928E-05 0.0496903 9.9928E-05 0.94951 9.9928E-05 9.9928E-05 9.9928E-05 9.9928E-05 9.9928E-05 9.9928E-05
9.9928E-05 9.9928E-05 9.9928E-05 0.986158 9.9928E-05 9.9928E-05 9.9928E-05 0.0130429 9.9928E-05 9.9928E-05
9.99201E-05 9.99201E-05 9.99201E-05 0.999101 9.99201E-05 9.99201E-05 9.99201E-05 9.99201E-05 9.99201E-05 9.99201E-05
9.9955E-05 0.0864545 9.9955E-05 0.748831 0.0379283 9.9955E-05 9.9955E-05 0.012297 0.11399 9.9955E-05
0.0329152 0.0554402 0.000521254 0.793373 0.0249492 0.00966894 0.0388111 9.9982E-05 0.044121 9.9982E-05
0.00935786 9.9955E-05 0.00207354 0.947882 0.0118164 0.0283703 9.9955E-05 9.9955E-05 9.9955E-05 9.9955E-05
0.0595245 0.282024 0.00362978 0.374191 0.0997632 0.118404 9.9982E-05 0.0365635 0.0256998 9.9982E-05
0.00723601 0.192625 0.0472506 0.598887 0.0109082 0.0262479 0.0266798 0.0407697 9.9991E-05 0.049295
9.9955E-05 0.201916 9.9955E-05 0.714746 0.032792 9.9955E-05 9.9955E-05 9.9955E-05 0.0440115 0.00603527
0.0112414 0.0657696 0.00930579 0.819429 0.0197387 9.9964E-05 9.9964E-05 9.9964E-05 0.0741158 9.9964E-05
9.9928E-05 9.9928E-05 9.9928E-05 0.976237 9.9928E-05 9.9928E-05 0.0229638 9.9928E-05 9.9928E-05 9.9928E-05
9.9955E-05 0.0464239 0.0979825 0.827071 0.0224051 9.9955E-05 9.9955E-05 0.0056178 9.9955E-05 9.9955E-05
9.9928E-05 9.9928E-05 0.0234617 0.975739 9.9928E-05 9.9928E-05 9.9928E-05 9.9928E-05 9.9928E-05 9.9928E-05
9.9964E-05 0.216585 0.0340399 0.577583 9.9964E-05 0.0332534 9.9964E-05 9.9964E-05 0.126405 0.0117345
9.9964E-05 0.0341767 9.9964E-05 0.826022 0.0412131 0.0168908 9.9964E-05 0.0375783 9.9964E-05 0.0437195
0.486317 9.9964E-05 0.0340103 9.9964E-05 0.173082 0.0256413 9.9964E-05 9.9964E-05 0.00467277 0.275877
0.289025 0.336683 9.9973E-05 0.0437728 0.0883953 9.9973E-05 0.0228468 9.9973E-05 0.114962 0.104015
0.258064 0.298456 0.11591 0.0275007 0.133336 9.9991E-05 0.00165754 0.0708925 0.024946 0.069137
0.343831 0.137987 9.9964E-05 0.052193 0.0780301 9.9964E-05 0.153498 9.9964E-05 9.9964E-05 0.234061
0.0906957 0.530757 0.0914611 0.0256375 0.013411 0.0138169 9.9982E-05 9.9982E-05 0.0939147 0.140106
0.27831 0.128643 0.0419731 0.077137 0.106876 0.0536778 9.9982E-05 9.9982E-05 0.113053 0.20013
9.9982E-05 0.235821 9.9982E-05 0.161479 0.127856 0.150372 0.070858 0.0674967 0.117159 0.0687575
0.189985 0.331556 0.0996607 0.117638 0.0452248 0.00145575 0.0428449 0.0364959 0.0720396 0.0630996
0.23248 0.306439 0.0340414 0.132855 0.0177231 0.0519615 9.9973E-05 9.9973E-05 9.9973E-05 0.2242
0.303435 0.281405 0.071482 0.177784 9.9964E-05 9.9964E-05 9.9964E-05 9.9964E-05 0.141171 0.0243238
0.366911 0.254475 0.00424731 0.106299 0.0351796 9.9964E-05 9.9964E-05 9.9964E-05 9.9964E-05 0.232488
0.114288 0.502383 0.150939 0.025574 0.0110502 0.0312659 9.9991E-05 0.050527 0.0872661 0.0266066
0.0356401 0.33714 0.162826 0.0930902 0.135101 0.0192137 0.0131882 0.0863457 0.0802345 0.0372206
0.0458602 0.0207455 0.115633 9.9964E-05 0.662936 9.9964E-05 0.0736279 9.9964E-05 9.9964E-05 0.0807984
9.9946E-05 0.024163 9.9946E-05 0.0237763 0.874633 9.9946E-05 9.9946E-05 9.9946E-05 9.9946E-05 0.0768283
9.9937E-05 9.9937E-05 9.9937E-05 9.9937E-05 0.853526 9.9937E-05 0.0397041 9.9937E-05 9.9937E-05 0.10607
0.0445759 0.0143538 9.9955E-05 9.9955E-05 0.877658 9.9955E-05 0.0219335 9.9955E-05 9.9955E-05 0.0409787
9.9964E-05 0.0855175 0.112536 0.00214615 0.728273 9.9964E-05 9.9964E-05 9.9964E-05 0.0057489 0.0653785
9.9955E-05 9.9955E-05 0.0850824 0.069776 0.792351 9.9955E-05 9.9955E-05 0.00988941 9.9955E-05 0.042401
9.9946E-05 0.0390955 0.175347 0.0456871 0.739271 9.9946E-05 9.9946E-05 9.9946E-05 9.9946E-05 9.9946E-05
9.9955E-05 9.9955E-05 0.17368 9.9955E-05 0.68807 9.9955E-05 9.9955E-05 0.0288535 0.0112917 0.097605
9.9973E-05 0.0241665 0.056273 0.0110337 0.827835 9.9973E-05 0.0136001 0.037486 0.0293061 9.9973E-05
0.0432989 9.9964E-05 0.00938471 0.0632019 0.796952 9.9964E-05 9.9964E-05 9.9964E-05 0.0136315 0.0731315
9.9964E-05 9.9964E-05 0.09223 9.9964E-05 0.52653 0.020264 0.0563688 0.11866 0.185547 9.9964E-05
9.9955E-05 9.9955E-05 0.0491408 9.9955E-05 0.512251 9.9955E-05 0.198327 9.9955E-05 0.171765 0.0680165
9.9964E-05 9.9964E-05 0.0292186 9.9964E-05 0.458647 9.9964E-05 0.0799632 0.0959985 0.241127 0.0946456
0.0269844 9.9964E-05 0.0760768 9.9964E-05 0.400108 9.9964E-05 0.0987198 0.0505785 0.347133 9.9964E-05
0.0451589 0.432994 0.0304286 9.9973E-05 0.0457753 0.263662 0.0388063 9.9973E-05 0.142875 9.9973E-05
0.0419002 0.498181 9.9973E-05 9.9973E-05 0.0195921 0.206171 0.139866 0.0272508 0.0667389 9.9973E-05
0.117327 0.497241 9.9964E-05 0.0248549 9.9964E-05 0.166905 0.0981061 9.9964E-05 0.0951668 9.9964E-05
9.9982E-05 0.431452 9.9982E-05 0.0430969 0.0550601 0.11061 0.0221929 0.140862 0.105348 0.0911792
9.9964E-05 0.389967 9.9964E-05 9.9964E-05 0.0048466 0.127661 0.0847948 9.9964E-05 0.241624 0.150708
0.105843 0.0999594 0.0112812 0.00776512 9.9973E-05 0.0414328 0.215907 9.9973E-05 0.517511 9.9973E-05
9.9982E-05 0.533237 0.0685399 0.0665224 0.0179052 0.219395 0.00685945 0.0398649 0.0474759 9.9982E-05
0.0261538 0.545982 9.9955E-05 9.9955E-05 9.9955E-05 0.186222 9.9955E-05 0.0864036 0.154739 9.9955E-05
0.0416616 0.517993 0.0519182 9.9964E-05 9.9964E-05 0.243533 0.0611714 9.9964E-05 0.0833227 9.9964E-05
0.0527916 0.332111 9.9964E-05 0.029436 9.9964E-05 0.466404 0.0536688 0.0651887 9.9964E-05 9.9964E-05
9.9973E-05 0.552305 9.9973E-05 0.0149874 0.00621704 0.149834 0.129254 0.128837 0.0182656 9.9973E-05
9.9955E-05 0.452009 9.9955E-05 9.9955E-05 9.9955E-05 0.308268 0.0681259 0.0706655 0.100431 9.9955E-05
9.9946E-05 9.9946E-05 9.9946E-05 9.9946E-05 9.9946E-05 0.68608 9.9946E-05 0.214013 0.0681836 0.0311242
0.0164418 0.478807 9.9982E-05 9.9982E-05 0.042622 0.0534429 0.120928 0.115398 0.0950844 0.0770759
0.0538552 0.224014 9.9955E-05 9.9955E-05 9.9955E-05 0.504248 9.9955E-05 0.127159 9.9955E-05 0.0902237
0.0217526 0.585653 9.9964E-05 9.9964E-05 0.0408913 0.283572 9.9964E-05 0.0319897 0.0357415 9.9964E-05
9.99549E-05 0.0449095 9.99549E-05 9.99549E-05 0.0585991 0.537605 0.112824 9.99549E-05 0.245562 9.99549E-05
9.9937E-05 9.9937E-05 0.0312263 9.9937E-05 9.9937E-05 9.9937E-05 0.896965 9.9937E-05 9.9937E-05 0.0711096
0.049642 0.0234199 0.0473363 9.9946E-05 9.9946E-05 9.9946E-05 0.879002 9.9946E-05 9.9946E-05 9.9946E-05
9.99201E-05 9.99201E-05 9.99201E-05 9.99201E-05 9.99201E-05 9.99201E-05 0.999101 9.99201E-05 9.99201E-05 9.99201E-05
9.9946E-05 9.9946E-05 9.9946E-05 9.9946E-05 0.0388574 0.0386519 0.893863 0.0280278 9.9946E-05 9.9946E-05
9.9946E-05 0.0788405 9.9946E-05 9.9946E-05 9.9946E-05 9.9946E-05 0.905556 0.012976 0.00202768 9.9946E-05
9.9946E-05 0.076567 9.9946E-05 0.068818 9.9946E-05 9.9946E-05 0.853745 9.9946E-05 9.9946E-05 0.000270697
9.9946E-05 0.0902236 9.9946E-05 0.0627392 0.802521 9.9946E-05 9.9946E-05 0.0439162 9.9946E-05 9.9946E-05
9.9955E-05 0.0871569 0.1462 9.9955E-05 0.613759 9.9955E-05 0.0579648 9.9955E-05 9.9955E-05 0.0944193
0.0383776 0.142321 0.0480881 0.08122 0.689494 9.9955E-05 9.9955E-05 9.9955E-05 9.9955E-05 9.9955E-05
0.0148359 0.0277145 0.0218004 0.105837 0.677786 9.9973E-05 9.9973E-05 9.9973E-05 0.13376 0.0179659
0.0748664 9.9955E-05 0.126374 0.132609 0.623116 9.9955E-05 9.9955E-05 9.9955E-05 0.0425344 9.9955E-05
9.9973E-05 9.9973E-05 0.0186516 9.9973E-05 0.313523 0.0257934 0.4523 0.0175431 0.0936955 0.0781933
9.9973E-05 9.9973E-05 0.134395 9.9973E-05 0.311593 0.0327153 0.405062 0.0520381 0.00826587 0.0556311
9.9946E-05 9.9946E-05 0.0891418 9.9946E-05 0.350827 9.9946E-05 0.454709 0.104722 9.9946E-05 9.9946E-05
9.9937E-05 9.9937E-05 9.9937E-05 0.144774 0.775565 9.9937E-05 9.9937E-05 9.9937E-05 0.0789616 9.9937E-05
9.9982E-05 9.9982E-05 0.0269907 0.00214193 0.259027 0.0692074 0.490877 0.0357258 0.0335713 0.0822589
9.9955E-05 0.347049 9.9955E-05 0.238233 0.0569875 9.9955E-05 9.9955E-05 9.9955E-05 0.0432981 0.313932
0.11312 0.550918 0.0436137 0.128339 0.0708474 9.9973E-05 0.0556608 9.9973E-05 9.9973E-05 0.0372018
9.9955E-05 0.537022 0.00537991 0.204529 0.136756 9.9955E-05 9.9955E-05 9.9955E-05 9.9955E-05 0.115814
0.120378 0.387147 0.0655566 0.130423 0.153664 9.9982E-05 0.0118941 9.9982E-05 0.0075092 0.123229
9.9973E-05 0.452881 9.9973E-05 0.159811 0.112274 0.111634 0.0715409 9.9973E-05 0.00702218 0.0845362
0.0462388 9.9955E-05 0.067392 0.284427 0.18203 9.9955E-05 9.9955E-05 9.9955E-05 9.9955E-05 0.419412
0.0644564 0.396731 0.0201766 9.9973E-05 9.9973E-05 0.0532153 0.0964622 0.0820358 0.286623 9.9973E-05
0.0966236 0.281274 9.9982E-05 0.0382244 9.9982E-05 0.0546212 0.0817257 0.155578 0.224866 0.0668875
9.9955E-05 0.184359 0.0796496 0.00539955 9.9955E-05 9.9955E-05 0.0682065 9.9955E-05 0.661886 9.9955E-05
9.9973E-05 0.366427 9.9973E-05 0.0142952 9.9973E-05 0.126221 0.0843282 0.204355 0.168643 0.0354309
9.9946E-05 9.9946E-05 9.9946E-05 9.9946E-05 9.9946E-05 0.141767 9.9946E-05 0.441799 0.264317 0.151517
0.0514121 0.494033 9.9964E-05 9.9964E-05 0.0236573 0.0872113 9.9964E-05 9.9964E-05 0.276331 0.066955
0.0454871 0.465432 9.9982E-05 9.9982E-05 0.0407228 0.0932791 0.0845779 0.0858488 0.140772 0.0436798
9.9973E-05 0.256625 0.0675802 9.9973E-05 9.9973E-05 0.0710955 0.0132488 0.0207553 0.533639 0.0367555
9.9982E-05 0.499293 0.105818 9.9982E-05 0.00499213 0.0203938 0.0206063 0.0873399 0.241249 0.020108
0.115222 0.0108701 9.9964E-05 9.9964E-05 9.9964E-05 0.104257 9.9964E-05 0.166283 0.453649 0.149318
0.0415037 0.360673 9.9982E-05 0.0724803 0.00970281 0.0842548 0.116351 0.16083 0.154004 9.9982E-05
0.112266 0.446937 9.9955E-05 0.0366981 9.9955E-05 9.9955E-05 0.136541 9.9955E-05 0.267058 9.9955E-05
9.9982E-05 0.369941 0.080136 0.137966 0.00568245 0.101673 0.0333752 9.9982E-05 0.10654 0.164486
0.0428534 0.356248 9.9964E-05 9.9964E-05 9.9964E-05 9.9964E-05 0.0400923 0.185364 0.331622 0.043421
9.9964E-05 0.461481 9.9964E-05 9.9964E-05 0.0193569 0.0776628 0.130706 0.121125 0.189268 9.9964E-05
0.0688522 0.465122 0.0501363 9.9964E-05 9.9964E-05 0.00460736 9.9964E-05 0.131208 0.279674 9.9964E-05
0.118164 0.494507 9.9973E-05 9.9973E-05 9.9973E-05 0.0936733 0.0786701 0.116813 0.0567098 0.0411624
0.0430681 0.612103 0.0543989 0.025794 0.00517521 0.109876 0.110737 9.9982E-05 0.0386483 9.9982E-05
9.9973E-05 0.464634 9.9973E-05 0.0708765 0.0945614 9.9973E-05 0.0850034 0.144129 0.0792609 0.0612351
0.0372208 0.456071 9.9973E-05 0.0596825 0.0632935 9.9973E-05 0.0475605 9.9973E-05 0.29983 0.0360416
0.0299281 0.183141 9.9946E-05 9.9946E-05 0.784373 0.00195817 9.9946E-05 9.9946E-05 9.9946E-05 9.9946E-05
9.9946E-05 0.0917927 0.0339746 9.9946E-05 0.810558 0.0630753 9.9946E-05 9.9946E-05 9.9946E-05 9.9946E-05
0.0232134 0.0869559 0.0808403 9.9973E-05 0.697652 0.0395105 0.00318086 9.9973E-05 9.9973E-05 0.0683474
9.9964E-05 0.015312 9.9964E-05 0.000600085 0.798637 0.107319 0.0393791 0.0383528 9.9964E-05 9.9964E-05
0.0107525 0.164738 9.9946E-05 9.9946E-05 0.813292 9.9946E-05 9.9946E-05 0.0106172 9.9946E-05 9.9946E-05
0.0172429 0.110865 9.9973E-05 9.9973E-05 0.0114788 9.9973E-05 0.0541814 0.011087 0.706927 0.0879177
0.0226613 0.456363 9.9982E-05 0.0370939 0.0180142 9.9982E-05 0.0157386 0.134254 0.240704 0.0749708
0.091529 0.411113 0.0135362 0.0582134 0.121334 0.00508237 0.0400177 0.0561963 0.0524962 0.150482
0.0385385 0.663638 9.9973E-05 9.9973E-05 9.9973E-05 0.0041693 0.00615866 0.0585299 0.135203 0.0934627
9.9973E-05 0.477088 0.05581 9.9973E-05 0.0145528 0.114966 0.0943899 0.0406904 0.202204 9.9973E-05
0.00506312 0.197624 9.9973E-05 0.0124471 9.9973E-05 9.9973E-05 0.0287659 0.183701 0.382166 0.189933
9.9955E-05 9.9955E-05 9.9955E-05 9.9955E-05 0.0784792 0.00188151 0.094866 9.9955E-05 0.759618 0.0646555
0.000571829 0.456913 0.00185315 0.0601977 0.0249567 0.00901581 0.162748 0.132912 0.150733 9.9991E-05
0.014063 0.108097 0.0230935 0.0210403 0.0567187 9.9982E-05 0.109388 0.131633 0.535767 9.9982E-05
0.0806595 0.306429 9.9991E-05 0.0670951 0.0840903 0.0368896 0.0776923 0.107838 0.180273 0.0589329
9.9973E-05 0.0738405 0.0169089 0.0118392 0.140775 9.9973E-05 0.117067 0.134269 0.505 9.9973E-05
9.9973E-05 0.58054 9.9973E-05 0.0270191 0.0627233 9.9973E-05 0.0623096 0.0170301 0.208182 0.0418956
0.0267677 0.151283 0.0610327 9.9991E-05 0.0291346 0.0161281 0.0759285 0.0336884 0.603779 0.00215839
0.124548 0.479331 9.9973E-05 0.0666681 0.0662316 9.9973E-05 0.0662332 0.095151 0.101538 9.9973E-05
0.18037 0.227052 9.9973E-05 0.0291915 0.0479968 9.9973E-05 0.0780581 0.170938 0.266094 9.9973E-05
0.23034 0.436534 0.134435 0.011825 9.9982E-05 9.9982E-05 0.0140424 0.0945008 0.0748112 0.00331159
0.65038 0.161064 9.9964E-05 9.9964E-05 0.0771238 0.000899316 0.0102423 0.0998907 9.9964E-05 9.9964E-05
0.264693 0.505782 9.9982E-05 9.9982E-05 0.00384796 0.00997667 0.0427839 0.0105526 0.0668469 0.0953172
0.0852038 0.454565 0.0494768 9.9991E-05 0.143719 0.0995428 0.0328796 0.0449458 0.0818414 0.00772533
0.662024 0.181399 9.9973E-05 9.9973E-05 9.9973E-05 0.0174487 0.0567846 0.0513962 0.0207656 0.00988155
0.156003 0.51896 9.9982E-05 0.0285907 0.0762959 0.0488039 0.152162 0.0163934 9.9982E-05 0.00259149
0.151995 0.439141 9.9982E-05 0.0490105 0.0616369 0.0919877 0.0443095 0.0645647 0.0971543 9.9982E-05
0.283197 0.524343 9.9973E-05 9.9973E-05 0.00812063 0.0663798 0.06603 0.0301358 9.9973E-05 0.0214947
0.676697 9.9955E-05 9.9955E-05 9.9955E-05 9.9955E-05 0.105898 0.0876145 0.103545 9.9955E-05 0.025746
0.592085 0.135241 9.9964E-05 9.9964E-05 9.9964E-05 0.0417809 0.0598059 0.091787 9.9964E-05 0.0789001
0.415146 0.420304 9.9946E-05 9.9946E-05 9.9946E-05 9.9946E-05 0.0958441 0.068106 9.9946E-05 9.9946E-05
9.9964E-05 0.50769 9.9964E-05 9.9964E-05 0.0611893 0.099935 0.0763892 9.9964E-05 0.0651527 0.189244
0.617008 9.9964E-05 9.9964E-05 9.9964E-05 9.9964E-05 0.140286 0.0294006 0.177453 0.0146512 0.0208016
0.47556 0.296085 0.00217276 0.00681325 0.0126366 9.9973E-05 0.0156621 9.9973E-05 0.190771 9.9973E-05
9.9973E-05 0.00622587 9.9973E-05 0.0213514 9.9973E-05 0.129534 0.146653 0.0044052 0.623855 0.0676758
9.9964E-05 0.188285 9.9964E-05 9.9964E-05 9.9964E-05 0.0693624 0.0994265 0.260566 0.29539 0.0865697
9.9973E-05 0.23631 9.9973E-05 0.0939963 0.0428242 0.0153921 0.0941885 0.115875 0.401114 9.9973E-05
9.9973E-05 0.55379 9.9973E-05 0.0322157 9.9973E-05 0.0417866 0.0939988 0.00379351 0.197592 0.0765242
9.9973E-05 0.166776 0.0032037 0.0181077 9.9973E-05 0.168608 0.134861 0.0360352 0.472108 9.9973E-05
0.0552705 0.450493 9.9991E-05 0.037784 0.00567972 0.0705419 0.0827358 0.148333 0.0686422 0.0804197
0.039896 0.506439 0.0301504 0.0810388 0.0317272 0.073662 0.0977274 0.00951374 0.0576985 0.0721473
9.9964E-05 0.42213 9.9964E-05 0.0511601 9.9964E-05 9.9964E-05 0.0514051 0.0481988 0.324521 0.102185
0.0750005 0.498039 0.00675309 0.0712224 9.9982E-05 9.9982E-05 0.0527386 0.02035 0.270227 0.00546946
0.00865987 0.418424 0.0751756 9.9964E-05 9.9964E-05 0.119093 0.146793 9.9964E-05 0.231455 9.9964E-05
9.9955E-05 0.146944 9.9955E-05 0.0622321 9.9955E-05 0.139613 0.140471 9.9955E-05 0.51024 9.9955E-05
9.9973E-05 0.30089 0.023346 0.0437656 9.9973E-05 0.0765243 0.229016 0.15929 0.166868 9.9973E-05
9.9955E-05 0.552011 9.9955E-05 9.9955E-05 9.9955E-05 0.0356142 0.0539247 0.0501813 0.307769 9.9955E-05
9.9964E-05 0.618072 0.0125931 9.9964E-05 0.0631326 9.9964E-05 9.9964E-05 0.0491726 0.199222 0.0574074
0.0964074 0.274092 0.0390001 0.0256677 9.9991E-05 0.193462 0.0709519 0.00802927 0.175031 0.117259
9.9973E-05 0.389006 9.9973E-05 0.0616889 9.9973E-05 0.0206774 0.0935562 0.190183 0.198704 0.0458843
0.0336923 0.260915 9.9964E-05 0.082749 9.9964E-05 9.9964E-05 0.139898 9.9964E-05 0.363602 0.118743
9.9973E-05 0.599502 9.9973E-05 9.9973E-05 0.0395444 0.0183072 0.139693 0.00696623 0.188771 0.00691601
0.114189 0.39056 9.9982E-05 0.0248575 0.0688891 0.0253202 0.0683169 0.0250933 0.282574 9.9982E-05
9.9973E-05 0.441457 9.9973E-05 0.0529269 0.158768 0.0859771 0.0483578 0.0457416 0.166471 9.9973E-05
0.0871967 0.343397 0.0323368 0.112274 0.254229 0.0336728 9.9973E-05 9.9973E-05 9.9973E-05 0.136594
9.9973E-05 0.610379 0.099231 0.0318437 0.093928 0.0590869 9.9973E-05 0.0129542 9.9973E-05 0.092277
9.9973E-05 0.544673 0.0787102 0.106811 0.077663 9.9973E-05 0.0427397 9.9973E-05 0.0657186 0.0833845
9.9982E-05 0.644018 0.05262 0.0548337 0.0445763 0.00723141 0.0663362 9.9982E-05 0.0271499 0.103035
9.9973E-05 0.435818 9.9973E-05 0.15617 0.123367 0.0835628 9.9973E-05 0.0480856 0.0526417 0.100055
0.163231 0.392149 9.9964E-05 9.9964E-05 9.9964E-05 9.9964E-05 0.0458063 0.166851 0.221055 0.010508
9.9973E-05 0.620535 0.184235 0.0126213 0.0354465 9.9973E-05 9.9973E-05 0.0546532 0.0531525 0.0390559
0.224186 9.9964E-05 9.9964E-05 0.072739 0.0812335 0.0757097 9.9964E-05 9.9964E-05 0.184674 0.361057
9.9964E-05 0.518644 9.9964E-05 0.0993142 0.0710803 0.0344328 9.9964E-05 9.9964E-05 0.0899645 0.186164
9.9991E-05 0.578989 0.0264538 0.0836871 0.119834 0.0169692 0.0441778 0.0419114 0.0653034 0.0225744
0.0165096 0.421478 9.9964E-05 0.222286 9.9964E-05 9.9964E-05 9.9964E-05 0.0100258 0.200502 0.128799
9.9973E-05 0.280301 0.0872622 0.0768903 9.9973E-05 0.0472955 9.9973E-05 0.0160283 0.241965 0.249958
9.99765E-05 0.475031 0.100268 0.070033 0.125505 0.109266 0.0506731 9.99765E-05 9.99765E-05 0.0689232
0.0695879 0.520517 0.0171241 0.109727 0.123221 9.9982E-05 9.9982E-05 0.0649463 0.0325268 0.0621502
9.9946E-05 9.9946E-05 9.9946E-05 0.0895015 0.250775 0.0522941 9.9946E-05 9.9946E-05 9.9946E-05 0.606829
9.9973E-05 0.51402 9.9973E-05 0.173968 0.0874821 9.9973E-05 0.0488335 0.0161525 0.0502575 0.108986
9.9982E-05 0.409951 9.9982E-05 0.194307 0.11563 0.0478763 0.0854452 0.00351129 0.0338415 0.109237
0.090536 0.552387 9.9982E-05 0.00351153 0.0564918 0.0817483 9.9982E-05 0.0212008 0.0701343 0.12379
9.9955E-05 0.654138 9.9955E-05 0.0455814 0.141486 9.9955E-05 9.9955E-05 9.9955E-05 0.051041 0.107254
0.0769653 0.552486 9.9982E-05 0.100701 0.140326 0.0536371 0.0126594 9.9982E-05 0.0450927 0.017932
9.9982E-05 0.524812 0.0109036 9.9982E-05 0.0294623 0.00910696 0.00874547 0.317638 0.0595706 0.0395614
0.0160117 0.598205 9.9964E-05 9.9964E-05 0.0830366 0.00160893 0.0412911 0.259446 9.9964E-05 9.9964E-05
9.9937E-05 9.9937E-05 9.9937E-05 9.9937E-05 9.9937E-05 0.0315751 9.9937E-05 0.826951 0.140774 9.9937E-05
9.9991E-05 0.418685 0.0361109 0.0146405 0.0377541 0.0857437 0.0901482 0.103369 0.152787 0.0606613
9.9964E-05 0.526954 0.0643058 9.9964E-05 0.041337 0.104758 9.9964E-05 0.0810115 9.9964E-05 0.181234
9.99459E-05 9.99459E-05 9.99459E-05 9.99459E-05 0.051061 0.0508598 0.0471888 0.850291 9.99459E-05 9.99459E-05
9.9973E-05 0.447942 0.0351206 0.0687979 0.00648473 0.0334648 9.9973E-05 0.259421 0.148469 9.9973E-05
0.192631 0.45207 9.9982E-05 0.00168551 0.155566 0.0283644 9.9982E-05 0.0661027 0.0709647 0.0324158
9.9982E-05 0.394066 0.00785634 0.223314 0.154887 9.9982E-05 0.0187169 0.187608 0.00419459 0.00915735
9.9955E-05 0.376713 0.0739232 0.248318 9.9955E-05 9.9955E-05 9.9955E-05 0.212995 9.9955E-05 0.087551
9.9964E-05 0.252148 0.0969171 0.156747 0.0340857 9.9964E-05 9.9964E-05 0.228241 9.9964E-05 0.231462
9.9964E-05 0.422656 0.0928656 0.113172 0.0889857 9.9964E-05 9.9964E-05 0.104103 9.9964E-05 0.177818
0.0107574 0.430142 0.0075223 0.147627 0.140837 0.0144082 0.0129367 0.143448 0.0922218 9.9991E-05
9.9946E-05 0.115459 0.0263852 9.9946E-05 9.9946E-05 9.9946E-05 9.9946E-05 0.619699 9.9946E-05 0.237857
9.9955E-05 0.175503 9.9955E-05 0.0209044 0.120977 9.9955E-05 9.9955E-05 0.51675 9.9955E-05 0.165366
9.9946E-05 0.573247 0.015637 0.0649171 9.9946E-05 9.9946E-05 9.9946E-05 0.3456 9.9946E-05 9.9946E-05
9.9946E-05 0.469946 0.131714 0.0350743 9.9946E-05 9.9946E-05 9.9946E-05 0.362666 9.9946E-05 9.9946E-05
9.9955E-05 0.161292 9.9955E-05 0.122856 0.0376935 9.9955E-05 9.9955E-05 0.639431 9.9955E-05 0.0382271
9.9937E-05 0.60515 0.152397 9.9937E-05 9.9937E-05 9.9937E-05 9.9937E-05 0.241753 9.9937E-05 9.9937E-05
0.00545892 0.535443 0.110112 0.0398057 9.9955E-05 9.9955E-05 9.9955E-05 0.308681 9.9955E-05 9.9955E-05
0.00602417 0.502478 0.0903159 0.0750638 9.9982E-05 0.0343737 0.0200449 0.25006 0.0214391 9.9982E-05
0.0447639 0.338836 9.9964E-05 9.9964E-05 0.0352858 0.105367 0.0100287 0.465319 9.9964E-05 9.9964E-05
0.102206 0.276801 9.9973E-05 0.0182574 9.9973E-05 0.0513204 0.0727921 0.365399 0.112924 9.9973E-05
0.0622193 0.374204 9.9973E-05 9.9973E-05 0.197543 0.170849 0.0776271 0.0855886 9.9973E-05 0.0316693
9.9973E-05 0.512195 0.0118321 0.0141442 9.9973E-05 0.0178448 0.0425808 0.247705 0.153398 9.9973E-05
