9.9964E-05 9.9964E-05 0.423397 0.0253481 0.46086 0.0140682 0.0165993 9.9964E-05 9.9964E-05 0.0593273
0.0192457 9.9946E-05 0.700012 9.9946E-05 0.251203 9.9946E-05 9.9946E-05 9.9946E-05 9.9946E-05 0.0289392
9.9973E-05 9.9973E-05 0.431277 0.0262388 0.358648 0.0413128 0.0501218 0.050616 9.9973E-05 0.0414854
0.035418 0.0177299 0.562462 0.0171433 0.261752 9.99859E-05 0.0565981 0.000781904 9.99859E-05 0.0479148
0.0450704 9.9946E-05 0.527988 9.9946E-05 0.41236 9.9946E-05 0.0139818 9.9946E-05 9.9946E-05 9.9946E-05
0.0481306 0.024003 0.66996 0.0182232 9.9991E-05 0.00801112 0.0525479 0.0685255 0.105233 0.00526528
9.9955E-05 0.0060813 0.833504 9.9955E-05 9.9955E-05 0.0284265 9.9955E-05 0.101752 9.9955E-05 0.0297363
0.116216 9.9955E-05 0.735911 9.9955E-05 9.9955E-05 0.0933433 9.9955E-05 0.0299933 9.9955E-05 0.024036
9.99639E-05 9.99639E-05 0.719591 0.0683146 0.0965901 0.0607668 9.99639E-05 0.0407502 9.99639E-05 0.0135875
0.110289 9.9964E-05 0.668109 9.9964E-05 9.9964E-05 0.0424533 0.141937 0.031707 9.9964E-05 0.00510444
0.0613308 0.0328699 0.782992 0.0781607 9.9955E-05 9.9955E-05 9.9955E-05 0.0441472 9.9955E-05 9.9955E-05
9.9928E-05 0.913895 9.9928E-05 9.9928E-05 9.9928E-05 9.9928E-05 0.0853055 9.9928E-05 9.9928E-05 9.9928E-05
9.9937E-05 0.78849 9.9937E-05 9.9937E-05 9.9937E-05 9.9937E-05 9.9937E-05 0.1659 9.9937E-05 0.044911
9.9955E-05 0.688501 9.9955E-05 9.9955E-05 0.164121 9.9955E-05 0.0958867 9.9955E-05 0.0288529 0.0221392
9.9946E-05 0.845388 0.00252438 0.0985162 9.9946E-05 9.9946E-05 9.9946E-05 9.9946E-05 9.9946E-05 0.0529715
9.9946E-05 0.795207 9.9946E-05 9.9946E-05 9.9946E-05 9.9946E-05 0.153909 9.9946E-05 0.0130751 0.0372092
9.9955E-05 0.878879 0.0199089 0.0278888 9.9955E-05 9.9955E-05 0.066937 9.9955E-05 9.9955E-05 0.00588668
9.9937E-05 0.775592 9.9937E-05 9.9937E-05 0.0634895 9.9937E-05 0.160219 9.9937E-05 9.9937E-05 9.9937E-05
9.9955E-05 0.874291 0.0264738 9.9955E-05 9.9955E-05 0.0289895 0.0547042 0.0150421 9.9955E-05 9.9955E-05
9.99201E-05 9.99201E-05 9.99201E-05 9.99201E-05 9.99201E-05 9.99201E-05 9.99201E-05 9.99201E-05 9.99201E-05 0.999101
9.99201E-05 9.99201E-05 9.99201E-05 9.99201E-05 9.99201E-05 9.99201E-05 9.99201E-05 9.99201E-05 9.99201E-05 0.999101
9.9964E-05 9.9964E-05 0.239894 0.0151479 0.309918 9.9964E-05 0.080646 9.9964E-05 0.0391431 0.31485
9.9964E-05 9.9964E-05 0.476768 9.9964E-05 0.00533397 9.9964E-05 0.11525 0.118115 0.00546322 0.27867
9.9955E-05 0.651273 0.0360541 0.171722 0.0936967 0.0467542 9.9955E-05 9.9955E-05 9.9955E-05 9.9955E-05
9.9946E-05 0.212698 9.9946E-05 0.0121503 9.9946E-05 9.9946E-05 9.9946E-05 9.9946E-05 0.735115 0.0394374
0.11114 9.9973E-05 0.00483845 0.0326921 9.9973E-05 9.9973E-05 0.0921399 0.0531271 0.694573 0.0111893
0.101453 9.9946E-05 9.9946E-05 0.0962422 9.9946E-05 9.9946E-05 9.9946E-05 0.20099 0.600715 9.9946E-05
0.126429 0.418417 9.9973E-05 0.141643 9.9973E-05 0.0663029 0.00408975 0.0498084 0.193011 9.9973E-05
0.246893 0.406959 9.9964E-05 0.00899993 9.9964E-05 0.00972258 9.9964E-05 0.213409 0.113617 9.9964E-05
0.0819799 0.368536 9.9991E-05 0.114232 0.131395 0.0141627 0.00645944 0.0309556 0.233035 0.0191449
0.0908802 0.513373 0.103185 9.9982E-05 0.0910211 0.0952972 0.00795236 0.0764097 9.9982E-05 0.0216818
9.9964E-05 0.863427 0.0104056 0.0182616 9.9964E-05 0.0602804 9.9964E-05 9.9964E-05 0.0156397 0.0315857
0.125055 0.648937 0.0690246 9.9973E-05 9.9973E-05 9.9973E-05 0.0557715 0.0292116 0.0572751 0.0144255
0.108758 0.614176 0.0661941 0.0627718 9.9973E-05 0.00629501 9.9973E-05 9.9973E-05 0.0891649 0.0523406
9.9955E-05 0.195613 0.0296179 9.9955E-05 9.9955E-05 9.9955E-05 0.0485304 9.9955E-05 0.682954 0.0427848
9.9928E-05 9.9928E-05 9.9928E-05 9.9928E-05 9.9928E-05 9.9928E-05 9.9928E-05 0.0438081 0.955393 9.9928E-05
9.9946E-05 0.0924293 9.9946E-05 9.9946E-05 9.9946E-05 9.9946E-05 9.9946E-05 0.0402669 0.862437 0.00426711
9.99461E-05 0.00281945 9.99461E-05 9.99461E-05 0.0552593 9.99461E-05 0.0582393 9.99461E-05 0.883082 9.99461E-05
9.9964E-05 0.2057 9.9964E-05 9.9964E-05 0.0805647 0.0644279 0.0913435 9.9964E-05 0.551235 0.00632913
9.9964E-05 9.9964E-05 0.0684724 0.10174 9.9964E-05 0.0769573 0.0758361 9.9964E-05 0.659293 0.0173015
0.0495395 9.9946E-05 9.9946E-05 0.0566021 9.9946E-05 9.9946E-05 9.9946E-05 0.170875 0.722384 9.9946E-05
9.9964E-05 0.0815092 0.682231 9.9964E-05 0.0794919 0.044587 0.0439801 9.9964E-05 9.9964E-05 0.0678014
9.9946E-05 0.00902847 0.52786 9.9946E-05 0.344471 9.9946E-05 9.9946E-05 9.9946E-05 9.9946E-05 0.118041
9.9964E-05 9.9964E-05 0.508223 0.00381381 0.331889 9.9964E-05 0.0424939 9.9964E-05 0.0195624 0.0936179
9.9946E-05 9.9946E-05 0.585938 9.9946E-05 0.298534 9.9946E-05 9.9946E-05 0.0271958 9.9946E-05 0.0877327
9.9964E-05 9.9964E-05 0.708489 9.9964E-05 0.126559 9.9964E-05 0.0483307 0.0430658 0.02101 0.0521454
9.9955E-05 9.9955E-05 0.683873 9.9955E-05 0.215459 9.9955E-05 0.0358997 0.0177972 9.9955E-05 0.0464709
0.0107589 0.00393205 0.712594 9.9955E-05 0.260513 9.9955E-05 9.9955E-05 9.9955E-05 9.9955E-05 0.0117025
0.0328245 0.180716 0.105902 0.0125592 9.9955E-05 9.9955E-05 9.9955E-05 9.9955E-05 0.667498 9.9955E-05
9.9955E-05 0.257509 0.0792756 0.0110973 9.9955E-05 0.0577323 9.9955E-05 9.9955E-05 0.593886 9.9955E-05
0.0601983 9.9964E-05 9.9964E-05 0.000973184 9.9964E-05 0.0785526 0.179789 9.9964E-05 0.662397 0.0176897
0.236921 0.366419 0.0147906 0.0266913 0.0315494 0.0349631 0.0206638 0.106266 0.136338 0.0253971
0.0975252 0.450006 9.9964E-05 0.154643 9.9964E-05 9.9964E-05 0.129813 9.9964E-05 0.142355 0.0252581
0.239974 0.386634 9.9982E-05 0.0396096 9.9982E-05 0.0506022 0.0134776 0.166026 0.0666094 0.0368671
0.393479 0.244933 9.9982E-05 0.0279033 9.9982E-05 0.178078 0.0308985 0.0190331 0.0707225 0.0347531
0.131146 0.63608 9.9955E-05 0.111756 0.0972794 9.9955E-05 9.9955E-05 9.9955E-05 0.0232387 9.9955E-05
0.0416714 0.5619 0.0198593 0.130314 0.000505315 0.042139 0.0779113 9.9982E-05 0.1255 9.9982E-05
0.0608577 0.429488 9.9982E-05 0.0688922 9.9982E-05 0.092004 0.0651729 0.165459 0.113948 0.00397859
0.225111 0.0487249 0.125637 0.0381224 9.9973E-05 0.0555623 9.9973E-05 0.277486 0.229057 9.9973E-05
0.114303 0.305032 9.9982E-05 0.0285366 0.0402916 0.0187394 9.9982E-05 0.276079 0.156653 0.060165
0.261214 0.18703 9.9982E-05 0.044379 0.0333996 0.0915419 9.9982E-05 0.151002 0.159398 0.0718353
0.184414 0.226878 9.9973E-05 9.9973E-05 0.115078 0.0332815 0.11073 0.0528833 0.276435 9.9973E-05
0.204563 0.216262 9.9973E-05 9.9973E-05 0.0713188 9.9973E-05 0.0971356 0.2806 0.129039 0.000782014
0.121468 0.40184 9.9946E-05 9.9946E-05 9.9946E-05 9.9946E-05 9.9946E-05 0.166786 0.309306 9.9946E-05
0.0802581 0.115954 0.122779 9.9991E-05 0.0622335 0.0291334 0.215524 0.286055 0.0086681 0.079295
9.9946E-05 9.9946E-05 0.379805 9.9946E-05 9.9946E-05 9.9946E-05 0.0256321 0.567394 9.9946E-05 0.026569
9.9937E-05 9.9937E-05 0.263984 9.9937E-05 9.9937E-05 9.9937E-05 0.0852992 0.650017 9.9937E-05 9.9937E-05
0.00609103 0.0131323 0.129187 0.0240725 0.163966 9.9991E-05 0.257838 0.313598 0.0196906 0.0723246
0.375297 0.0320351 9.9973E-05 9.9973E-05 9.9973E-05 0.0113248 0.0526774 0.149935 0.301408 0.0770234
0.501101 0.115082 9.9955E-05 9.9955E-05 9.9955E-05 9.9955E-05 0.0314407 0.217947 0.13393 9.9955E-05
0.229654 0.25924 9.9964E-05 9.9964E-05 9.9964E-05 0.0368221 9.9964E-05 0.233765 0.239807 0.00031181
0.0447271 9.9946E-05 9.9946E-05 9.9946E-05 9.9946E-05 9.9946E-05 0.890129 0.00241595 0.0621283 9.9946E-05
9.9946E-05 0.00435098 9.9946E-05 9.9946E-05 0.0389812 9.9946E-05 0.901937 9.9946E-05 0.0541312 9.9946E-05
9.9955E-05 9.9955E-05 9.9955E-05 0.000160246 9.9955E-05 0.00093675 0.944013 0.0416455 9.9955E-05 0.0127447
9.9937E-05 9.9937E-05 9.9937E-05 0.0362891 9.9937E-05 9.9937E-05 0.892007 0.0710039 9.9937E-05 9.9937E-05
9.9937E-05 9.9937E-05 9.9937E-05 0.030476 9.9937E-05 0.012589 0.956235 9.9937E-05 9.9937E-05 9.9937E-05
9.99201E-05 9.99201E-05 9.99201E-05 9.99201E-05 9.99201E-05 9.99201E-05 0.999101 9.99201E-05 9.99201E-05 9.99201E-05
9.99201E-05 9.99201E-05 9.99201E-05 9.99201E-05 9.99201E-05 9.99201E-05 0.999101 9.99201E-05 9.99201E-05 9.99201E-05
9.9937E-05 9.9937E-05 9.9937E-05 9.9937E-05 9.9937E-05 9.9937E-05 0.958878 9.9937E-05 0.0131406 0.027282
9.9964E-05 9.9964E-05 9.9964E-05 0.0203195 0.0107329 9.9964E-05 0.911547 0.0256767 0.0268001 0.00452444
9.9946E-05 9.9946E-05 0.0785171 0.0158135 9.9946E-05 9.9946E-05 0.884556 9.9946E-05 9.9946E-05 0.0205138
9.9946E-05 9.9946E-05 0.00286556 9.9946E-05 9.9946E-05 9.9946E-05 0.927099 0.0133183 9.9946E-05 0.0561178
9.9955E-05 0.0836411 0.018754 9.9955E-05 0.0307228 9.9955E-05 0.833784 9.9955E-05 0.0325981 9.9955E-05
0.136145 0.0774978 0.141234 9.9964E-05 0.0941267 9.9964E-05 9.9964E-05 0.480864 0.0697332 9.9964E-05
0.0135207 9.9982E-05 0.00399914 9.9982E-05 0.0909078 0.0932925 0.076288 0.47302 0.169651 0.079121
0.0430559 0.211988 0.121151 9.9982E-05 0.116702 9.9982E-05 0.0739786 0.331697 0.0851482 0.0160778
9.9955E-05 9.9955E-05 0.219019 9.9955E-05 0.658249 0.0130796 9.9955E-05 0.052564 0.0565889 9.9955E-05
9.9964E-05 9.9964E-05 0.151096 0.00130991 0.722272 9.9964E-05 0.0350515 0.00159601 9.9964E-05 0.0882743
9.9928E-05 9.9928E-05 9.9928E-05 9.9928E-05 0.959407 9.9928E-05 9.9928E-05 9.9928E-05 9.9928E-05 0.0397934
9.9946E-05 9.9946E-05 0.0955196 9.9946E-05 0.86069 0.0313537 9.9946E-05 9.9946E-05 9.9946E-05 0.0118369
9.9937E-05 9.9937E-05 9.9937E-05 9.9937E-05 0.912558 9.9937E-05 9.9937E-05 0.0123391 9.9937E-05 0.0744037
9.9955E-05 9.9955E-05 0.767683 9.9955E-05 0.125758 9.9955E-05 0.0295352 0.0433139 9.9955E-05 0.0332094
9.9955E-05 0.000173284 0.929597 0.0117059 9.9955E-05 9.9955E-05 0.0535904 9.9955E-05 9.9955E-05 0.00443359
0.0120423 9.9955E-05 0.673242 9.9955E-05 0.184286 9.9955E-05 9.9955E-05 0.11908 9.9955E-05 0.0108499
9.9946E-05 9.9946E-05 0.530687 9.9946E-05 0.420888 9.9946E-05 0.0358707 9.9946E-05 0.0119541 9.9946E-05
9.9964E-05 0.013264 0.601723 9.9964E-05 0.216044 9.9964E-05 0.0256677 0.141693 9.9964E-05 0.00120773
9.9973E-05 0.20278 0.596722 0.0196276 0.0189987 0.115253 9.9973E-05 9.9973E-05 0.0101698 0.0361493
9.9964E-05 0.117122 0.583317 0.0757434 0.00523999 0.183484 9.9964E-05 9.9964E-05 0.0346932 9.9964E-05
0.0337699 0.140974 0.479048 0.0926054 0.00317115 0.107252 9.9991E-05 0.133412 0.00262036 0.0070482
0.0214096 0.342246 0.391155 0.0277115 0.102211 0.102851 9.9973E-05 9.9973E-05 0.0121157 9.9973E-05
0.00282626 0.640402 9.9982E-05 0.166817 0.00434845 0.0664131 0.0289374 9.9982E-05 0.0741693 0.0158874
0.0834771 0.0290952 0.00525861 0.00461863 9.9964E-05 9.9964E-05 0.211756 9.9964E-05 0.665395 9.9964E-05
0.0912478 9.9946E-05 9.9946E-05 0.0706823 9.9946E-05 9.9946E-05 9.9946E-05 0.0298851 0.807585 9.9946E-05
0.109216 0.0151615 9.9973E-05 9.9973E-05 0.0424452 0.038097 0.0796037 0.0924373 0.622739 9.9973E-05
9.9955E-05 0.240243 0.0780142 0.0618214 9.9955E-05 0.0322404 9.9955E-05 9.9955E-05 0.587182 9.9955E-05
9.9955E-05 0.0135985 9.9955E-05 0.048628 0.0174683 0.799588 9.9955E-05 0.120218 9.9955E-05 9.9955E-05
9.99201E-05 9.99201E-05 9.99201E-05 9.99201E-05 9.99201E-05 0.999101 9.99201E-05 9.99201E-05 9.99201E-05 9.99201E-05
9.99201E-05 9.99201E-05 9.99201E-05 9.99201E-05 9.99201E-05 0.999101 9.99201E-05 9.99201E-05 9.99201E-05 9.99201E-05
9.9946E-05 9.9946E-05 0.00469667 9.9946E-05 0.0251981 0.940558 9.9946E-05 9.9946E-05 0.0289471 9.9946E-05
9.9937E-05 0.0828037 9.9937E-05 9.9937E-05 9.9937E-05 0.89283 9.9937E-05 9.9937E-05 9.9937E-05 0.0236669
9.9928E-05 9.9928E-05 9.9928E-05 9.9928E-05 9.9928E-05 0.920177 0.0790234 9.9928E-05 9.9928E-05 9.9928E-05
0.0297181 9.9937E-05 9.9937E-05 9.9937E-05 0.944651 9.9937E-05 9.9937E-05 9.9937E-05 9.9937E-05 0.0249314
0.018307 9.9937E-05 9.9937E-05 9.9937E-05 0.9763 9.9937E-05 9.9937E-05 0.00469384 9.9937E-05 9.9937E-05
0.0297071 9.9955E-05 0.0118894 9.9955E-05 0.869027 0.0163697 0.0725071 9.9955E-05 9.9955E-05 9.9955E-05
9.9946E-05 0.0516322 9.9946E-05 9.9946E-05 0.884628 0.00325894 0.0598809 9.9946E-05 9.9946E-05 9.9946E-05
9.9946E-05 9.9946E-05 9.9946E-05 0.026449 0.874426 9.9946E-05 0.0557298 9.9946E-05 0.042796 9.9946E-05
9.9955E-05 0.157866 0.395888 0.369953 9.9955E-05 0.0640603 9.9955E-05 9.9955E-05 9.9955E-05 0.0117338
0.055029 9.9973E-05 0.315504 0.180859 0.121352 0.24328 9.9973E-05 0.0601615 0.0235145 9.9973E-05
0.0795963 9.9973E-05 0.392039 0.339598 0.0389714 0.111389 0.0329975 9.9973E-05 9.9973E-05 0.00510914
9.99201E-05 9.99201E-05 9.99201E-05 9.99201E-05 9.99201E-05 9.99201E-05 9.99201E-05 9.99201E-05 9.99201E-05 0.999101
9.9973E-05 0.0379139 0.204467 0.231488 0.171249 0.255335 9.9973E-05 9.9973E-05 0.0660214 0.0332258
0.0696475 0.14208 0.155037 0.01246 0.00555272 9.9982E-05 0.422754 0.182141 9.9982E-05 0.0101278
9.9946E-05 9.9946E-05 0.284546 9.9946E-05 9.9946E-05 0.0242755 0.282261 0.408318 9.9946E-05 9.9946E-05
0.346309 0.293544 9.9982E-05 0.112355 0.0162654 0.0262417 0.0787105 0.0455328 0.0808419 9.9982E-05
0.027602 0.780274 0.0327779 0.00920437 0.0596588 0.0639091 9.9973E-05 9.9973E-05 9.9973E-05 0.0262736
0.327118 0.300423 9.9964E-05 9.9964E-05 0.00185399 0.0434471 0.15584 9.9964E-05 0.170918 9.9964E-05
0.407304 0.236099 9.9964E-05 0.0209925 9.9964E-05 0.0294225 9.9964E-05 0.180247 0.125535 9.9964E-05
0.0193468 0.793225 0.0520852 0.0345112 9.9973E-05 9.9973E-05 9.9973E-05 0.0502142 0.0155705 0.0347476
0.180992 0.593088 9.9964E-05 9.9964E-05 0.000140711 0.012735 9.9964E-05 0.133342 0.0793025 9.9964E-05
0.276222 0.514958 9.9955E-05 0.0957172 9.9955E-05 9.9955E-05 0.10432 9.9955E-05 0.00828389 9.9955E-05
0.160667 0.36414 9.9973E-05 9.9973E-05 0.0410581 0.0484598 0.091679 9.9973E-05 0.219879 0.0738177
0.0227633 9.9946E-05 0.836077 9.9946E-05 9.9946E-05 9.9946E-05 0.133924 9.9946E-05 0.00663572 9.9946E-05
0.0222175 9.9955E-05 0.909495 9.9955E-05 9.9955E-05 9.9955E-05 0.0413677 9.9955E-05 0.0254911 0.000928555
0.0675323 9.9955E-05 0.708661 0.0722104 0.124046 9.9955E-05 0.0270505 9.9955E-05 9.9955E-05 9.9955E-05
0.057925 9.9973E-05 0.840252 0.0121751 9.9973E-05 0.0343866 0.0218157 9.9973E-05 0.0298415 0.00330435
9.9964E-05 9.9964E-05 0.706252 9.9964E-05 0.145793 0.0343205 0.0600512 9.9964E-05 0.0216745 0.0315082
0.0792491 0.67456 0.0223645 0.119558 9.9973E-05 0.0313019 0.0626659 9.9973E-05 9.9973E-05 0.0100005
0.2271 0.285392 9.9982E-05 0.0779057 9.9982E-05 0.106037 0.108399 0.139511 0.0139532 0.0415019
9.9964E-05 0.661724 0.0699955 0.137139 9.9964E-05 0.0313387 9.9964E-05 0.0555197 9.9964E-05 0.0438832
0.218135 0.377146 9.9964E-05 0.232285 0.129305 9.9964E-05 0.0414615 9.9964E-05 9.9964E-05 0.00126781
0.110349 0.585981 0.0885516 0.123244 0.0579782 0.0129569 0.00416526 9.9991E-05 0.0136091 0.00306442
9.9991E-05 0.601625 0.0268359 0.225385 0.0232689 0.0070416 0.0423863 0.0375485 0.0115036 0.0243052
0.0961149 0.356004 9.9991E-05 0.123214 0.0238638 0.055839 0.138595 0.0341678 0.151126 0.0209762
0.203938 0.180846 9.9964E-05 9.9964E-05 9.9964E-05 0.0807477 0.0545397 0.174578 0.304951 9.9964E-05
0.339302 0.0417212 9.9964E-05 0.00757104 9.9964E-05 0.0909243 9.9964E-05 0.261106 0.258975 9.9964E-05
0.210003 0.234512 9.9955E-05 9.9955E-05 9.9955E-05 0.0367787 9.9955E-05 0.313931 0.204276 9.9955E-05
0.299312 0.0213534 9.9964E-05 0.00964765 9.9964E-05 0.102036 9.9964E-05 0.222862 0.344389 9.9964E-05
9.9964E-05 0.624684 0.0328674 0.162663 9.9964E-05 0.0366174 9.9964E-05 0.0706716 0.0720967 9.9964E-05
0.315208 0.343131 9.9964E-05 0.164297 9.9964E-05 9.9964E-05 0.0775855 0.0186932 0.0806863 9.9964E-05
0.0572704 0.621456 0.00540767 0.106747 9.9982E-05 0.0789819 0.0550759 0.0224256 0.0524353 9.9982E-05
9.9955E-05 0.606863 9.9955E-05 0.179821 9.9955E-05 0.0134655 0.0717191 9.9955E-05 0.127631 9.9955E-05
0.0820757 0.085363 9.9964E-05 9.9964E-05 0.135588 9.9964E-05 0.038083 0.421615 0.236875 9.9964E-05
0.00926003 9.9964E-05 0.253635 9.9964E-05 0.0542168 9.9964E-05 0.112817 0.535184 9.9964E-05 0.0344881
0.910022 0.0504726 9.9946E-05 9.9946E-05 9.9946E-05 0.0127658 9.9946E-05 9.9946E-05 0.0261398 9.9946E-05
0.881129 9.9955E-05 9.9955E-05 0.08854 0.0144918 0.0058658 9.9955E-05 9.9955E-05 0.00947317 9.9955E-05
0.279289 9.9964E-05 9.9964E-05 9.9964E-05 0.113772 9.9964E-05 0.440308 0.111648 0.0409853 0.0135982
0.236347 0.173574 0.0604698 9.9973E-05 0.0790007 9.9973E-05 0.376169 0.0452523 9.9973E-05 0.0288873
0.775729 9.9946E-05 0.0674382 9.9946E-05 9.9946E-05 9.9946E-05 0.0923814 0.0638521 9.9946E-05 9.9946E-05
0.623774 9.9973E-05 0.11226 0.0148908 0.0190738 9.9973E-05 0.051232 0.122219 9.9973E-05 0.0562503
0.52939 0.0905739 0.0569241 9.9964E-05 0.0243771 9.9964E-05 0.283304 9.9964E-05 0.015031 9.9964E-05
0.731037 9.9946E-05 9.9946E-05 9.9946E-05 0.080218 9.9946E-05 0.129921 9.9946E-05 9.9946E-05 0.0582242
0.787394 0.00672078 0.00747875 9.9973E-05 0.0251047 0.0939189 0.00540997 9.9973E-05 0.0736729 9.9973E-05
0.677333 0.102721 0.00483158 0.0115145 0.0931189 9.9973E-05 0.0444228 9.9973E-05 0.0657588 9.9973E-05
0.624569 9.9964E-05 0.173388 9.9964E-05 9.9964E-05 0.024583 0.0910801 0.0210869 9.9964E-05 0.0648932
0.417307 9.9964E-05 0.219617 9.9964E-05 0.00768619 9.9964E-05 0.103184 0.213682 9.9964E-05 0.038124
0.8991 9.9928E-05 9.9928E-05 9.9928E-05 9.9928E-05 9.9928E-05 9.9928E-05 9.9928E-05 0.100101 9.9928E-05
0.918098 0.0227721 9.9955E-05 9.9955E-05 9.9955E-05 0.00847785 9.9955E-05 9.9955E-05 0.0217681 0.0283842
0.605242 0.0803601 9.9964E-05 0.0138782 9.9964E-05 9.9964E-05 0.146247 9.9964E-05 0.135446 0.0184271
0.75957 0.0677447 0.0265355 9.9973E-05 0.0226979 9.9973E-05 0.0417987 9.9973E-05 0.0647329 0.0166203
9.9964E-05 0.137373 0.632671 9.9964E-05 0.0885377 9.9964E-05 0.0497253 0.0264615 9.9964E-05 0.0648318
0.00693706 0.0323673 0.58148 0.0455308 0.199812 0.0332809 0.0342702 0.0391089 0.0209864 0.00622594
9.9955E-05 9.9955E-05 0.477442 9.9955E-05 0.35959 0.054034 0.0482871 9.9955E-05 9.9955E-05 0.060148
0.0150361 9.9946E-05 0.590117 9.9946E-05 0.291385 9.9946E-05 9.9946E-05 9.9946E-05 9.9946E-05 0.102862
0.0656398 0.228056 9.9973E-05 0.040826 0.118259 0.0332772 0.0476501 9.9973E-05 0.465992 9.9973E-05
0.0569561 9.99371E-05 9.99371E-05 9.99371E-05 9.99371E-05 9.99371E-05 9.99371E-05 9.99371E-05 0.894747 0.0475971
0.0923413 0.114754 9.9955E-05 9.9955E-05 0.0645644 9.9955E-05 0.0427751 9.9955E-05 0.685065 9.9955E-05
0.0166676 9.9937E-05 9.9937E-05 9.9937E-05 9.9937E-05 9.9937E-05 9.9937E-05 0.0850941 0.897539 9.9937E-05
0.0309404 9.9964E-05 9.9964E-05 0.0354474 9.9964E-05 0.0135722 0.00988891 0.237719 0.672032 9.9964E-05
0.0993397 9.9937E-05 9.9937E-05 9.9937E-05 9.9937E-05 9.9937E-05 9.9937E-05 0.152963 0.746998 9.9937E-05
9.99549E-05 0.228003 0.0640485 9.99549E-05 9.99549E-05 9.99549E-05 0.0286251 9.99549E-05 0.642185 0.0366379
9.9955E-05 9.9955E-05 9.9955E-05 0.0572528 9.9955E-05 0.0366337 0.0791773 9.9955E-05 0.780148 0.0462879
0.017552 0.033052 0.617669 0.210811 0.0387731 0.0257969 9.9982E-05 0.0110292 9.9982E-05 0.0451176
0.0295658 0.0833791 0.658031 0.00874163 0.0430338 0.0367028 0.0119322 0.00333504 0.0394367 0.085842
9.9964E-05 9.9964E-05 0.483441 0.116079 0.210498 0.0312157 9.9964E-05 0.00810414 9.9964E-05 0.150262
9.9964E-05 9.9964E-05 0.551691 0.0528777 0.193657 0.0561337 9.9964E-05 0.0460958 9.9964E-05 0.099145
9.9964E-05 0.118738 0.268982 0.0283044 0.458087 0.0987193 9.9964E-05 9.9964E-05 9.9964E-05 0.0267692
9.9946E-05 0.196666 9.9946E-05 9.9946E-05 0.103541 0.0547929 9.9946E-05 9.9946E-05 0.644401 9.9946E-05
9.9955E-05 0.0762091 0.135364 0.0675726 9.9955E-05 9.9955E-05 9.9955E-05 9.9955E-05 0.709843 0.0105115
0.0641247 9.9937E-05 9.9937E-05 9.9937E-05 9.9937E-05 9.9937E-05 0.0498652 9.9937E-05 0.88531 9.9937E-05
0.0802544 0.0925928 0.0595879 0.0483306 9.9973E-05 0.0248877 0.0923529 9.9973E-05 0.601694 9.9973E-05
0.0154902 0.248899 0.0345022 9.9964E-05 9.9964E-05 9.9964E-05 0.0797912 9.9964E-05 0.613343 0.00757402
0.0568432 0.0188438 0.21002 9.9973E-05 0.0629273 9.9973E-05 0.565425 0.0622058 9.9973E-05 0.0234347
0.0501504 0.216216 0.097649 0.00283901 0.0638417 0.142754 9.9991E-05 0.195535 0.212609 0.0183055
0.224462 9.9973E-05 9.9973E-05 9.9973E-05 0.046674 0.091272 0.0397843 0.328762 0.200728 0.0680182
9.9955E-05 9.9955E-05 0.0569676 0.0214837 9.9955E-05 9.9955E-05 0.0885041 0.813814 0.0187303 9.9955E-05
9.99279E-05 9.99279E-05 9.99279E-05 9.99279E-05 9.99279E-05 9.99279E-05 9.99279E-05 0.986232 9.99279E-05 0.0129682
0.00658412 0.0646908 0.132937 9.9973E-05 9.9973E-05 9.9973E-05 0.0656454 0.631117 0.0580502 0.0406763
9.9946E-05 9.9946E-05 0.208377 9.9946E-05 9.9946E-05 9.9946E-05 0.0719157 0.70751 9.9946E-05 0.0115977
0.0664418 0.145175 0.112813 9.9982E-05 0.0711556 0.0376051 0.190983 0.303836 0.0717911 9.9982E-05
9.99459E-05 0.116548 9.99459E-05 9.99459E-05 0.135196 9.99459E-05 0.0532315 0.694425 9.99459E-05 9.99459E-05
0.0442012 0.15679 9.9973E-05 9.9973E-05 0.0535666 9.9973E-05 0.0528451 0.580381 0.100674 0.0112421
9.99459E-05 9.99459E-05 0.0621802 9.99459E-05 0.0248609 9.99459E-05 9.99459E-05 0.899342 9.99459E-05 0.013017
0.0280134 0.0909555 0.316131 9.9973E-05 0.0321707 9.9973E-05 0.202146 0.266078 0.0642067 9.9973E-05
0.146823 9.9964E-05 0.252647 9.9964E-05 0.0748318 9.9964E-05 0.326683 0.112272 0.0863438 9.9964E-05
9.99459E-05 9.99459E-05 0.850479 0.0955716 9.99459E-05 0.0508876 9.99459E-05 9.99459E-05 9.99459E-05 0.00246202
0.0215537 9.9937E-05 0.031205 0.946542 9.9937E-05 9.9937E-05 9.9937E-05 9.9937E-05 9.9937E-05 9.9937E-05
9.9937E-05 0.00369783 9.9937E-05 0.983858 9.9937E-05 9.9937E-05 9.9937E-05 9.9937E-05 9.9937E-05 0.0117449
9.9928E-05 9.9928E-05 9.9928E-05 0.977031 9.9928E-05 9.9928E-05 0.0221694 9.9928E-05 9.9928E-05 9.9928E-05
9.9937E-05 9.9937E-05 9.9937E-05 0.913114 9.9937E-05 0.0126801 0.0735064 9.9937E-05 9.9937E-05 9.9937E-05
0.0808559 9.9946E-05 9.9946E-05 0.860074 9.9946E-05 0.036617 9.9946E-05 9.9946E-05 9.9946E-05 0.0218535
9.9937E-05 9.9937E-05 9.9937E-05 0.954965 9.9937E-05 9.9937E-05 9.9937E-05 9.9937E-05 0.0237627 0.0205723
9.9946E-05 9.9946E-05 0.115693 0.795839 0.0791026 9.9946E-05 9.9946E-05 9.9946E-05 9.9946E-05 0.00876564
9.9964E-05 0.00169512 0.463784 9.9964E-05 0.447846 9.9964E-05 0.00326042 9.9964E-05 0.0508391 0.0321758
9.9973E-05 0.042236 0.485286 0.0689632 0.307155 0.0449927 0.00694434 9.9973E-05 9.9973E-05 0.0441231
9.9973E-05 0.0130012 0.611707 9.9973E-05 0.269653 0.00735678 0.0332999 0.00307434 9.9973E-05 0.0616078
0.00787165 0.14872 0.557904 9.9964E-05 0.263364 9.9964E-05 9.9964E-05 0.00319741 9.9964E-05 0.0185435
9.9955E-05 9.9955E-05 0.629704 9.9955E-05 0.331406 0.0107318 0.00760896 0.0200493 9.9955E-05 9.9955E-05
9.9973E-05 9.9973E-05 0.502296 0.0561342 0.364471 0.0211845 0.00237463 0.0391998 9.9973E-05 0.0140399
9.9964E-05 9.9964E-05 0.513691 9.9964E-05 0.384498 0.00680111 0.0507464 9.9964E-05 0.0091311 0.0347322
9.9964E-05 9.9964E-05 0.76731 9.9964E-05 0.124529 0.0183992 0.073281 9.9964E-05 0.0113516 0.00472953
9.9946E-05 9.9946E-05 0.918473 9.9946E-05 0.0404275 0.00274788 9.9946E-05 9.9946E-05 9.9946E-05 0.0377518
9.9946E-05 0.0423512 0.884902 9.9946E-05 9.9946E-05 9.9946E-05 0.0606542 9.9946E-05 9.9946E-05 0.0114926
9.9946E-05 9.9946E-05 0.715461 9.9946E-05 0.222764 0.0549493 9.9946E-05 9.9946E-05 9.9946E-05 0.00622614
9.9955E-05 9.9955E-05 0.853263 9.9955E-05 0.028912 9.9955E-05 0.0268526 0.00279568 9.9955E-05 0.0876766
9.9946E-05 9.9946E-05 0.844686 9.9946E-05 0.00221854 9.9946E-05 0.0779144 9.9946E-05 9.9946E-05 0.0745812
9.9946E-05 9.9946E-05 0.709614 9.9946E-05 0.0761756 9.9946E-05 0.145814 9.9946E-05 9.9946E-05 0.067796
9.9946E-05 9.9946E-05 0.703521 9.9946E-05 0.0698337 0.0210221 0.205023 9.9946E-05 9.9946E-05 9.9946E-05
9.9964E-05 0.0208136 0.63899 9.9964E-05 0.128383 0.00699284 0.139929 9.9964E-05 9.9964E-05 0.0644918
9.9955E-05 9.9955E-05 0.742937 9.9955E-05 0.0326719 9.9955E-05 0.11695 9.9955E-05 0.0366037 0.070338
0.172232 0.0664636 0.0360603 9.9991E-05 0.107685 0.0434483 0.135711 0.0751678 0.329925 0.0332072
0.117634 9.9946E-05 9.9946E-05 9.9946E-05 9.9946E-05 0.161395 9.9946E-05 0.451316 0.269056 9.9946E-05
0.284923 9.9973E-05 0.0623141 0.0107183 9.9973E-05 0.0903877 0.00868719 0.409594 0.133076 9.9973E-05
0.230166 0.236969 9.9964E-05 0.217413 9.9964E-05 9.9964E-05 0.0583274 0.063921 0.192804 9.9964E-05
0.381128 0.0251284 9.9964E-05 0.0297421 9.9964E-05 0.142514 9.9964E-05 0.343396 0.0776918 9.9964E-05
0.15904 9.9964E-05 9.9964E-05 0.143771 0.0125879 0.0588509 9.9964E-05 0.419718 0.205633 9.9964E-05
0.135658 0.178448 0.037235 0.0363169 0.0267086 0.0286422 0.172024 0.101151 0.283716 9.9991E-05
9.9982E-05 0.153946 0.180631 0.0489651 0.273436 0.00862467 0.164928 0.0619376 0.107331 9.9982E-05
9.9973E-05 0.00856423 0.213587 0.0883475 0.0104456 9.9973E-05 0.149886 0.528153 9.9973E-05 0.000717551
0.0388854 0.166918 0.220846 0.0698021 0.133494 9.9991E-05 0.243709 0.0128445 0.0853641 0.0280372
9.9973E-05 0.164119 0.367312 9.9973E-05 0.0232808 9.9973E-05 0.195944 0.112361 0.0877709 0.0489124
