0.0472223 9.9991E-05 0.880278 0.0724001
0.00172468 9.9982E-05 0.998075 9.9982E-05
0.116815 9.9991E-05 0.798817 0.0842673
0.079411 9.9991E-05 0.817474 0.103015
0.0664754 9.9991E-05 0.926269 0.00715561
0.101695 0.135335 0.626724 0.136246
0.00343313 0.0221477 0.885738 0.0886812
0.0343736 0.0398785 0.779922 0.145826
9.9982E-05 9.9982E-05 0.901493 0.0983074
0.138387 0.0558022 0.710118 0.0956928
0.0306666 0.0695297 0.698348 0.201456
0.166986 0.255947 9.9991E-05 0.576967
0.295514 0.280013 9.9991E-05 0.424372
0.193881 0.266377 0.0270747 0.512667
0.297705 0.183867 0.0453543 0.473074
0.272063 0.370695 0.131147 0.226095
0.369274 0.404658 0.00277184 0.223296
0.240823 0.195165 0.0802185 0.483793
0.0179017 0.195576 0.136591 0.649931
0.31812 0.337917 0.0171268 0.326836
0.258004 0.450422 0.0925193 0.199055
0.257884 0.366137 9.9991E-05 0.375879
0.244396 0.334083 0.0145613 0.40696
0.393615 0.260369 9.9991E-05 0.345916
0.156 0.282056 0.0504112 0.511533
0.265723 0.193468 0.0285511 0.512258
0.150149 0.283981 0.0478841 0.517986
0.189524 9.9991E-05 0.80666 0.00371575
0.177854 9.9991E-05 0.766014 0.0560324
0.191578 0.00145204 0.758284 0.0486864
0.178709 0.0884672 0.716759 0.0160642
0.309408 0.412742 9.9991E-05 0.277751
0.324824 0.674976 9.9982E-05 9.9982E-05
0.0654442 0.150933 0.131829 0.651794
0.0920535 0.779556 0.0706162 0.0577745
0.324475 0.502965 9.9991E-05 0.17246
0.346826 0.355934 0.0249792 0.272261
0.31571 0.442471 0.0427728 0.199047
9.9991E-05 0.635152 0.0881026 0.276645
0.384755 0.490889 0.0468881 0.0774671
0.106402 0.842021 9.9991E-05 0.0514766
9.9982E-05 0.842761 0.157039 9.9982E-05
0.0213692 0.404825 9.9991E-05 0.573706
0.00655789 0.667214 0.130959 0.195269
0.0888717 0.410011 0.114663 0.386454
0.266396 0.385494 9.9991E-05 0.34801
0.203605 0.372377 0.151018 0.273001
0.0410677 0.324046 0.287639 0.347248
0.253562 0.336241 0.0832427 0.326954
9.9991E-05 0.265917 0.159517 0.574466
0.257963 0.386634 9.9991E-05 0.355303
0.394829 0.452418 9.9991E-05 0.152653
0.162994 0.427794 0.0713738 0.337838
0.280943 0.426353 0.00560962 0.287095
0.0564259 0.406705 0.0663 0.470569
0.213206 0.603565 9.9991E-05 0.18313
0.0845852 0.653395 0.00248954 0.259531
9.9982E-05 0.963584 0.036216 9.9982E-05
9.9991E-05 0.934544 0.018539 0.0468174
0.0893388 0.807174 9.9991E-05 0.103388
0.202584 0.558556 0.042173 0.196687
0.215164 0.592364 0.0155101 0.176962
0.0811649 0.54389 0.0217071 0.353238
0.0983347 0.531228 9.9991E-05 0.370337
0.137249 0.645756 9.9991E-05 0.216895
0.231646 0.572879 0.0149248 0.180551
0.140929 0.761549 9.9991E-05 0.0974221
9.9991E-05 0.891161 0.077801 0.0309383
0.104294 9.9991E-05 0.814276 0.0813305
0.0654583 9.9982E-05 0.934342 9.9982E-05
0.112255 9.9982E-05 0.887545 9.9982E-05
0.0479224 9.9982E-05 0.951878 9.9982E-05
0.0832618 0.026157 0.890481 9.9991E-05
0.10917 9.9982E-05 0.89063 9.9982E-05
0.0619793 9.9982E-05 0.937821 9.9982E-05
9.9991E-05 0.744013 0.0198634 0.236024
0.210662 0.468574 9.9991E-05 0.320664
0.285474 0.555189 9.9991E-05 0.159237
0.26569 0.567546 0.0256461 0.141118
0.318071 0.672147 9.9991E-05 0.00968185
9.9991E-05 0.588195 0.0386256 0.37308
0.122637 0.810941 0.0250068 0.0414153
0.224264 0.701324 9.9991E-05 0.0743117
0.192824 0.530373 9.9991E-05 0.276704
0.195311 0.719416 9.9991E-05 0.0851727
0.232352 0.502057 0.0488595 0.216732
0.0887144 0.468637 0.0870543 0.355595
0.249279 0.313084 0.0917539 0.345883
0.190331 0.326858 0.0421306 0.440681
0.378299 0.219476 9.9991E-05 0.402125
0.270601 0.221795 9.9991E-05 0.507504
0.303994 0.41416 9.9991E-05 0.281746
0.242155 0.222051 9.9991E-05 0.535694
0.383773 0.248953 9.9991E-05 0.367174
0.30869 0.423988 9.9991E-05 0.267222
0.242853 0.34439 0.115431 0.297326
0.371735 0.369928 9.9991E-05 0.258237
0.418824 0.3102 9.9991E-05 0.270876
0.177246 0.315782 9.9991E-05 0.506872
0.0775886 0.483801 0.115993 0.322618
0.0572185 0.586795 9.9991E-05 0.355886
0.104279 0.326965 0.0240178 0.544738
0.18284 0.406464 9.9991E-05 0.410596
0.138215 0.274068 9.9991E-05 0.587617
0.154979 0.28072 9.9991E-05 0.564201
0.332337 0.367932 9.9991E-05 0.299631
0.1136 0.441867 0.0329499 0.411582
0.272218 0.508862 0.0970547 0.121865
9.9991E-05 0.577745 0.26469 0.157464
0.206867 0.469732 0.10143 0.221971
0.328829 0.39603 0.0749482 0.200192
0.107206 0.591302 0.142794 0.158698
0.000288787 0.707886 0.206128 0.0856972
0.158061 0.603838 0.0588682 0.179233
0.0862726 0.592543 0.255097 0.0660882
0.121077 0.649867 9.9991E-05 0.228956
0.219466 0.567416 9.9991E-05 0.213018
0.343293 0.234152 0.387521 0.0350345
0.0937517 0.150188 0.75596 9.9991E-05
0.0884241 0.258759 0.652717 9.9991E-05
0.349849 0.134019 0.48445 0.0316822
0.318056 0.587566 9.9991E-05 0.0942787
0.846572 0.0427382 9.9991E-05 0.110589
0.117357 0.780839 0.0531244 0.0486793
0.0261148 0.785138 0.15387 0.0348777
0.324944 0.552341 9.9991E-05 0.122615
0.202489 0.471087 0.112612 0.213812
0.277585 0.556932 0.00597733 0.159505
0.024081 0.779504 0.146614 0.0498013
0.958304 9.9982E-05 0.0414964 9.9982E-05
0.984213 0.0147036 0.000983698 9.9991E-05
0.89532 0.042092 0.0250666 0.0375215
0.837701 0.0451203 0.0884196 0.0287591
0.993531 9.9982E-05 0.00626913 9.9982E-05
0.93718 9.9982E-05 0.0626195 9.9982E-05
0.95805 0.0202306 0.0216195 9.9991E-05
0.954848 9.9991E-05 0.036123 0.00892938
0.996015 9.9982E-05 0.00378478 9.9982E-05
0.963761 9.9982E-05 0.0360389 9.9982E-05
0.863836 9.9991E-05 0.0423688 0.0936956
0.863946 9.9991E-05 0.0629808 0.0729729
0.956664 9.9982E-05 0.0431364 9.9982E-05
0.86666 0.0467225 0.0182094 0.0684086
0.919287 9.9982E-05 0.0805128 9.9982E-05
0.946071 9.9982E-05 0.0537295 9.9982E-05
0.916923 9.9982E-05 0.0828766 9.9982E-05
0.974879 9.9982E-05 0.0249215 9.9982E-05
0.677184 0.139155 0.0860929 0.0975683
0.922765 9.9982E-05 0.0770346 9.9982E-05
9.9982E-05 0.528696 0.471104 9.9982E-05
0.271627 0.347631 0.148138 0.232604
0.225417 0.466632 0.274853 0.0330984
0.153394 0.485634 0.343515 0.0174574
0.158565 0.463319 0.378016 9.9991E-05
0.304878 0.472535 0.222487 9.9991E-05
0.326023 0.443896 0.189738 0.0403427
0.320922 0.398396 0.26998 0.0107021
9.9991E-05 0.0421759 0.886666 0.071058
0.0779837 9.9982E-05 0.921816 9.9982E-05
9.9982E-05 9.9982E-05 0.984848 0.0149519
0.0168775 9.9991E-05 0.959205 0.0238171
0.0701018 9.9991E-05 0.895106 0.0346923
0.0938084 9.9982E-05 0.905992 9.9982E-05
0.135953 9.9982E-05 0.863847 9.9982E-05
0.0356358 0.0184472 0.906035 0.0398818
0.0485406 0.0253197 0.92604 9.9991E-05
0.0993478 9.9991E-05 0.881265 0.0192868
9.9991E-05 0.0505843 0.637856 0.311459
9.9982E-05 9.9982E-05 0.619322 0.380478
9.9991E-05 0.125902 0.575962 0.298037
9.9991E-05 0.0771354 0.47171 0.451055
0.285572 0.495914 9.9991E-05 0.218414
0.31539 0.31349 9.9991E-05 0.371021
0.170462 0.482764 9.9991E-05 0.346674
0.0809333 0.158859 0.0144132 0.745794
0.268288 0.581551 0.0312235 0.118937
0.257333 0.57372 9.9991E-05 0.168848
0.249184 0.583357 9.9991E-05 0.167359
0.213818 0.737281 9.9991E-05 0.0488017
0.172604 0.552384 9.9991E-05 0.274912
9.9991E-05 0.910793 0.0230961 0.0660111
0.0753508 0.882045 0.0425039 9.9991E-05
0.307985 0.618363 9.9991E-05 0.0735525
9.9991E-05 0.621654 0.0630364 0.315209
9.9982E-05 9.9982E-05 0.140009 0.859791
9.9991E-05 0.0198113 0.115244 0.864845
9.998E-05 9.998E-05 9.998E-05 0.9997
9.9982E-05 9.9982E-05 0.0805239 0.919276
0.022333 9.9991E-05 0.0203155 0.957252
0.067186 9.9991E-05 0.0761559 0.856558
0.124464 0.00777746 0.848881 0.0188777
0.0889432 9.9991E-05 0.827866 0.0830911
0.202739 9.9991E-05 0.739284 0.0578767
0.161249 9.9991E-05 0.750272 0.0883788
0.154461 0.0174067 0.794705 0.033427
9.9991E-05 0.0578344 0.425782 0.516283
9.9991E-05 0.113777 0.481153 0.40497
9.9991E-05 0.0973652 0.523168 0.379367
0.185731 9.9991E-05 0.777263 0.0369056
9.9991E-05 0.0690037 0.390223 0.540674
0.50775 0.267801 0.224349 9.9991E-05
0.594345 0.185529 0.149306 0.0708211
0.384344 0.296462 0.272381 0.0468136
0.31515 0.152685 0.532065 9.9991E-05
0.206413 0.336673 9.9991E-05 0.456814
0.171695 0.543486 0.0401911 0.244629
0.100362 0.238918 0.0779385 0.582781
0.251937 0.48465 0.00277463 0.260638
9.9991E-05 0.724847 0.0322442 0.242809
0.274125 0.458395 0.0185937 0.248887
0.105159 0.321867 0.0320708 0.540903
9.9991E-05 0.568334 0.0291612 0.402405
0.287631 0.520218 0.00839168 0.183759
0.311489 0.348493 9.9991E-05 0.339919
0.375328 0.282756 0.168954 0.172961
0.165886 0.490122 9.9991E-05 0.343893
0.21648 0.435378 9.9991E-05 0.348042
0.290086 0.508426 0.0518563 0.149631
0.315199 0.404277 9.9991E-05 0.280423
0.372226 0.421967 0.0314129 0.174395
0.185202 0.0402414 0.774456 9.9991E-05
0.115496 0.0480401 0.836364 9.9991E-05
0.018633 0.121084 0.835458 0.0248243
0.0671023 0.0441512 0.803336 0.0854103
0.121405 0.0380535 0.821066 0.0194755
0.0985571 0.175546 0.0136508 0.712246
0.382033 0.352895 9.9991E-05 0.264972
0.31689 0.287893 0.000543847 0.394673
0.15407 0.470015 0.0699057 0.306009
9.9991E-05 0.168361 0.149044 0.682495
0.284094 0.270341 9.9991E-05 0.445465
0.141393 0.172478 0.0567461 0.629383
0.246931 0.469351 0.0570792 0.226638
0.0735962 0.178272 0.157578 0.590554
0.0870367 0.209949 0.107953 0.595061
0.231209 0.329804 0.0940572 0.344929
0.10409 0.631704 0.138486 0.12572
0.260805 0.59932 0.0371384 0.102736
0.0800842 0.733188 0.0377322 0.148996
0.268999 0.58836 0.0778095 0.0648314
9.9991E-05 0.838024 0.0628625 0.0990135
0.0625426 0.83812 0.0593346 0.0400023
0.220595 0.630582 0.038119 0.110704
9.9991E-05 0.807988 0.0883362 0.103576
0.215253 0.500712 0.0252515 0.258784
0.0126664 0.225012 0.0495042 0.712817
0.0979432 0.487267 9.9991E-05 0.41469
0.257559 0.305811 9.9991E-05 0.436531
0.387764 0.31826 9.9991E-05 0.293876
0.104128 0.325075 9.9991E-05 0.570697
0.309287 0.351906 0.0359107 0.302896
0.229348 0.28704 0.0470791 0.436532
0.204027 0.207758 9.9991E-05 0.588114
0.260348 0.26971 9.9991E-05 0.469842
0.312795 0.412259 9.9991E-05 0.274846
0.16177 0.457183 0.0751139 0.305934
0.311303 0.376986 9.9991E-05 0.311611
0.22758 0.246446 0.0938399 0.432134
0.338068 0.231249 9.9991E-05 0.430583
0.310102 0.291878 0.374556 0.023463
0.423012 0.390223 0.121736 0.0650286
0.392193 0.421463 0.0440185 0.142325
0.437019 0.324363 0.229601 0.00901603
0.28914 0.379726 9.9991E-05 0.331035
0.0990262 0.567595 0.333278 9.9991E-05
0.434029 0.262722 0.031435 0.271813
0.435515 0.32709 0.0650329 0.172362
0.321993 0.352985 0.172514 0.152508
0.421768 0.241381 0.155675 0.181175
0.126536 0.242799 0.630565 9.9991E-05
0.582057 0.213943 0.11926 0.0847399
0.421603 0.262859 0.0809635 0.234575
0.265731 0.566713 0.0329588 0.134598
9.9982E-05 0.854834 9.9982E-05 0.144966
9.9991E-05 0.818243 0.072862 0.108795
0.529875 0.272986 0.132468 0.064671
0.497789 0.404606 0.0975042 9.9991E-05
0.339398 0.346657 0.282855 0.0310901
0.437971 0.31837 0.184101 0.0595588
0.0433614 0.724628 0.23191 9.9991E-05
0.141759 0.684173 0.173968 9.9991E-05
0.363005 0.544573 9.9991E-05 0.0923219
0.398592 0.581649 0.019659 9.9991E-05
0.217304 0.670046 0.11255 9.9991E-05
0.306501 0.490188 0.114705 0.0886063
0.35003 0.542768 0.0103364 0.096865
0.105663 0.649958 0.028457 0.215923
0.188781 0.641438 0.064382 0.105398
0.173594 0.527207 0.132591 0.166608
0.17965 0.731332 0.0299547 0.0590638
0.0444776 0.810085 0.00632525 0.139112
0.311699 0.669914 9.9991E-05 0.0182867
0.0976468 0.751641 0.0416307 0.109081
0.199966 0.697213 0.0372547 0.0655657
0.465935 0.24894 0.166512 0.118613
0.390742 0.306458 0.158696 0.144103
0.0725426 0.550706 0.336284 0.0404669
0.533571 0.360052 0.0299585 0.076419
0.0854396 0.357201 0.557259 9.9991E-05
0.459649 0.427057 0.0839278 0.0293661
9.9982E-05 0.976907 0.0228934 9.9982E-05
9.9991E-05 0.90726 0.0602732 0.0323667
0.204266 0.727408 9.9991E-05 0.0682265
0.324275 0.632381 0.00670174 0.0366426
0.125166 0.827507 9.9991E-05 0.0472265
0.232219 0.645534 0.0200544 0.102193
0.252228 0.673521 9.9991E-05 0.0741512
0.0704595 0.0951663 0.812455 0.0219197
0.0948542 9.9991E-05 0.73134 0.173706
0.0960572 9.9991E-05 0.879294 0.0245487
0.0463106 9.9982E-05 0.953489 9.9982E-05
0.205347 0.618736 0.0189586 0.156959
0.219038 0.587266 9.9991E-05 0.193596
0.112344 0.566896 0.0255305 0.29523
0.338951 0.575322 9.9991E-05 0.0856268
0.0688722 0.930928 9.9982E-05 9.9982E-05
0.406104 0.279633 0.212142 0.10212
0.190877 0.70957 9.9991E-05 0.0994531
0.114746 0.553246 9.9991E-05 0.331907
0.282035 0.575283 9.9991E-05 0.142582
0.177353 0.50542 0.00317843 0.314048
0.226715 0.773085 9.9982E-05 9.9982E-05
9.9982E-05 0.999595 0.000204654 9.9982E-05
0.0902204 0.811229 0.0140455 0.0845057
0.121569 0.713284 0.0636277 0.101519
9.998E-05 0.9997 9.998E-05 9.998E-05
0.181881 0.547797 0.0166103 0.253711
0.0111033 0.922394 0.0664024 9.9991E-05
9.9982E-05 0.934861 0.0649393 9.9982E-05
0.276491 0.573323 0.0497804 0.100406
0.105324 0.635469 0.0316857 0.22752
0.225109 0.498611 9.9991E-05 0.27618
0.263809 0.561319 0.0173026 0.15757
0.216354 0.405913 9.9991E-05 0.377632
0.261119 0.633845 0.0049399 0.100096
0.296426 0.519496 9.9991E-05 0.183978
0.0861875 0.835349 9.9991E-05 0.0783639
9.9982E-05 9.9982E-05 0.6767 0.3231
0.0336995 0.0490431 0.775608 0.141649
9.9982E-05 9.9982E-05 0.834057 0.165744
9.9982E-05 9.9982E-05 0.844751 0.155049
0.00634442 0.0389051 0.746818 0.207933
0.0345527 0.587372 0.0634786 0.314597
9.9991E-05 0.697755 0.0802356 0.221909
0.0318585 0.935863 9.9991E-05 0.0321786
0.161665 0.768019 0.012248 0.0580673
0.339883 0.509565 9.9991E-05 0.150453
0.142007 0.683953 0.0772697 0.0967704
0.222147 0.692119 9.9991E-05 0.0856348
0.118918 0.647452 9.9991E-05 0.233531
0.112042 0.637432 0.0205746 0.229951
0.126008 0.629641 9.9991E-05 0.244251
0.263671 0.439278 0.0987175 0.198334
0.187989 0.686208 9.9991E-05 0.125703
0.226232 0.496416 0.0201692 0.257182
0.684301 0.222764 0.0548481 0.0380865
0.62114 0.150084 0.228676 9.9991E-05
0.291051 0.706123 9.9991E-05 0.00272572
0.629075 0.0406839 0.330141 9.9991E-05
0.609868 0.161431 0.219467 0.00923444
0.305963 0.513066 0.180871 9.9991E-05
0.327354 0.371599 0.05524 0.245807
0.281441 0.3501 0.0878223 0.280637
0.651567 0.103019 0.245314 9.9991E-05
0.730119 0.16929 0.0828557 0.0177353
0.638407 0.171532 0.189961 9.9991E-05
0.698938 0.131871 0.169091 9.9991E-05
0.333932 0.463418 0.0730966 0.129554
0.715381 0.0448936 0.239626 9.9991E-05
0.0874124 0.364023 0.184292 0.364273
0.421874 0.452081 9.9991E-05 0.125945
0.330612 0.360204 0.104838 0.204346
0.271374 0.393387 0.179364 0.155875
0.399044 0.351179 0.174965 0.0748118
0.428763 0.233173 0.267207 0.0708572
0.660285 0.078466 0.261149 9.9991E-05
0.215126 0.446852 0.107834 0.230188
0.086433 0.648893 0.264574 9.9991E-05
0.216763 0.421496 0.12015 0.241591
0.316319 0.349544 0.250012 0.0841243
0.0942785 0.407511 0.49811 9.9991E-05
0.0355435 0.433366 0.53099 9.9991E-05
0.257019 0.378627 0.193201 0.171153
0.147367 0.412145 0.440388 9.9991E-05
0.166682 0.276958 0.55626 9.9991E-05
0.297467 0.432126 0.201578 0.0688288
0.330234 0.388727 0.258215 0.0228247
0.29953 0.345612 0.354758 9.9991E-05
0.164741 0.403424 0.41584 0.0159943
0.39203 0.374091 0.150542 0.0833372
0.137008 0.477621 0.364271 0.0210996
0.00627006 0.349462 0.644168 9.9991E-05
0.361584 0.297655 0.254354 0.0864081
0.376856 0.236907 0.290424 0.0958132
0.576042 0.244298 0.138074 0.0415855
0.485335 0.216089 0.181942 0.116634
0.412743 0.0842106 0.383624 0.119422
0.419039 0.197705 0.204402 0.178854
0.485289 0.14972 0.251828 0.113163
0.411108 0.267532 0.265043 0.0563161
0.267063 0.349741 0.250084 0.133111
0.445551 0.181294 0.289879 0.0832762
0.320757 0.267695 0.411448 9.9991E-05
0.344367 0.327894 0.327639 9.9991E-05
9.9991E-05 0.000740051 0.838647 0.160513
0.017272 9.9991E-05 0.0729315 0.909696
9.9982E-05 9.9982E-05 0.0216053 0.978195
9.9982E-05 9.9982E-05 0.018421 0.981379
9.998E-05 9.998E-05 9.998E-05 0.9997
0.0478305 9.9982E-05 9.9982E-05 0.95197
9.9982E-05 0.0398171 9.9982E-05 0.959983
9.9982E-05 9.9982E-05 0.0529413 0.946859
9.9982E-05 9.9982E-05 0.228046 0.771754
0.0563298 9.9991E-05 0.878831 0.0647391
0.0692856 9.9991E-05 0.773128 0.157486
0.0451851 9.9991E-05 0.913924 0.0407907
0.00603213 0.00573842 0.817762 0.170468
0.0695732 9.9982E-05 0.930227 9.9982E-05
0.0113089 9.9991E-05 0.869423 0.119168
0.193552 9.9991E-05 0.736601 0.069747
0.069696 0.0382818 0.860435 0.0315871
0.0660114 9.9991E-05 0.704478 0.229411
0.09653 9.9982E-05 0.90327 9.9982E-05
9.9982E-05 9.9982E-05 0.973394 0.0264064
0.107816 9.9991E-05 0.84974 0.0423441
0.0126535 9.9991E-05 0.971461 0.0157859
0.0320364 0.0239014 0.943962 9.9991E-05
0.11211 9.9991E-05 0.841996 0.0457937
0.143923 9.9982E-05 0.855877 9.9982E-05
0.21214 9.9982E-05 0.78766 9.9982E-05
0.196057 9.9991E-05 0.7688 0.0350426
0.184577 9.9982E-05 0.815223 9.9982E-05
0.188351 0.503231 0.16719 0.141228
0.364008 0.449989 0.0321769 0.153827
0.00495 0.770243 0.196047 0.02876
0.267762 0.386471 0.0756571 0.270109
0.0354288 0.72203 0.242441 9.9991E-05
0.349653 0.496868 0.0261074 0.127372
0.140883 0.569523 0.0754015 0.214192
0.186686 0.547353 0.068035 0.197925
0.270154 0.569368 9.9991E-05 0.160378
0.197991 0.470819 0.0302199 0.300969
0.297287 0.391571 0.0203732 0.290768
0.0332142 0.436251 9.9991E-05 0.530434
9.9991E-05 0.757675 0.173962 0.0682634
0.00577216 0.716854 0.205897 0.071477
0.265564 0.541581 0.0730031 0.119851
0.281019 0.51714 0.167592 0.0342483
0.390439 0.391038 0.206657 0.0118667
0.428935 0.273823 0.166364 0.130878
0.194017 0.199168 0.455414 0.151401
0.266821 0.302546 0.253051 0.177582
0.123442 0.332939 0.543519 9.9991E-05
0.321102 0.393008 0.28579 9.9991E-05
0.305635 0.198484 0.357352 0.138529
0.308569 0.197264 0.232255 0.261912
0.458368 0.299827 0.10831 0.133495
0.367168 0.353284 0.188972 0.090575
0.366621 0.102102 0.442667 0.0886095
