0.0464048 0.0679942 9.9991E-05 0.885501
9.9982E-05 9.9982E-05 0.0430067 0.956793
0.0988695 0.139152 9.9991E-05 0.761878
0.0875779 0.118197 9.9991E-05 0.794126
0.0259902 0.103966 9.9991E-05 0.869944
0.11599 0.0982998 0.14983 0.63588
0.0953633 9.9991E-05 0.00674589 0.897791
0.166539 0.00661628 0.065435 0.76141
0.11705 9.9982E-05 9.9982E-05 0.88275
0.0498342 0.153919 0.0901464 0.7061
0.135979 0.0223252 0.0861243 0.755572
0.578935 0.143432 0.277534 9.9991E-05
0.366983 0.310989 0.312463 0.00956523
0.55845 0.208007 0.233443 9.9991E-05
0.614175 0.33175 0.0443243 0.00975085
0.313064 0.282129 0.291561 0.113246
0.226421 0.287132 0.486347 9.9991E-05
0.45572 0.264468 0.186897 0.0929141
0.734181 0.0585679 0.129799 0.0774522
0.294115 0.262561 0.434836 0.00848916
0.130763 0.239302 0.515877 0.114058
0.253481 0.317974 0.428445 9.9991E-05
0.476398 0.232441 0.291061 9.9991E-05
0.397461 0.319524 0.282915 9.9991E-05
0.589135 0.206517 0.204248 9.9991E-05
0.541994 0.287294 0.152396 0.0183167
0.551715 0.14132 0.260319 0.046646
9.9982E-05 0.1817 9.9982E-05 0.818101
0.0388263 0.169901 9.9991E-05 0.791173
9.9991E-05 0.194176 0.0421834 0.76354
9.9991E-05 0.196972 0.0981667 0.704761
0.22054 0.228958 0.542655 0.0078472
0.0563993 0.307825 0.634214 0.00156115
0.667533 0.130051 0.152441 0.0499753
0.0247588 0.0721869 0.810684 0.0923706
0.0471143 0.334377 0.565969 0.0525394
0.154789 0.272513 0.506748 0.0659494
0.223749 0.327142 0.401301 0.047808
0.260287 0.00122411 0.677202 0.0612862
0.143275 0.328753 0.497774 0.0301971
0.0504019 0.0862646 0.863234 9.9991E-05
0.0334304 9.9991E-05 0.817822 0.148648
0.562531 9.9991E-05 0.417158 0.0202101
0.175128 0.0348246 0.662196 0.127851
0.413614 0.0187028 0.426672 0.141012
0.279592 0.289936 0.430372 9.9991E-05
0.295481 0.165069 0.410912 0.128538
0.467352 0.0565582 0.232923 0.243167
0.32111 0.210064 0.424447 0.0443789
0.643963 9.9991E-05 0.285224 0.0707126
0.363208 0.263041 0.373651 9.9991E-05
0.107267 0.359585 0.533048 9.9991E-05
0.437396 0.176339 0.350295 0.03597
0.327194 0.248405 0.424301 9.9991E-05
0.448844 0.0243849 0.46867 0.0581018
0.159599 0.196854 0.643447 9.9991E-05
0.234169 0.0548054 0.692935 0.0180906
9.9982E-05 9.9982E-05 0.900644 0.0991565
0.0819858 9.9991E-05 0.891687 0.0262267
0.0703426 0.0702631 0.852902 0.00649252
0.183908 0.166552 0.633855 0.0156849
0.1142 0.206486 0.679214 9.9991E-05
0.30459 0.0375022 0.657808 9.9991E-05
0.317196 0.0859675 0.581353 0.0154835
0.155887 0.151125 0.692888 9.9991E-05
0.101952 0.142222 0.695334 0.060492
0.0194976 0.075438 0.904964 9.9991E-05
0.00112747 9.9991E-05 0.909507 0.0892651
0.135258 0.106344 9.9991E-05 0.758298
9.9982E-05 0.0563467 9.9982E-05 0.943453
0.00656962 0.112644 9.9991E-05 0.880687
9.9982E-05 0.0847521 9.9982E-05 0.915048
9.9991E-05 0.105684 0.0408121 0.853404
9.9982E-05 0.0683939 9.9982E-05 0.931406
9.9982E-05 0.0552225 9.9982E-05 0.944578
0.207934 9.9991E-05 0.780995 0.0109714
0.167561 0.200992 0.60163 0.0298167
0.0112027 0.252004 0.631494 0.105299
0.156476 0.24528 0.597547 0.000697636
9.9982E-05 0.242102 0.757698 9.9982E-05
0.352671 9.9991E-05 0.624185 0.023044
9.9991E-05 0.0499422 0.869395 0.0805629
0.02972 0.197243 0.772937 9.9991E-05
0.285871 0.18807 0.516395 0.00966438
0.0581178 0.174059 0.767723 9.9991E-05
0.15959 0.177272 0.544476 0.118663
0.353569 0.0966803 0.507405 0.042345
0.360847 0.273027 0.258598 0.107528
0.411535 0.206641 0.341988 0.0398354
0.292948 0.316984 0.389968 9.9991E-05
0.418269 0.206605 0.375026 9.9991E-05
0.206424 0.275634 0.517842 9.9991E-05
0.380093 0.219509 0.400298 9.9991E-05
0.26284 0.336836 0.400224 9.9991E-05
0.165059 0.334533 0.500307 9.9991E-05
0.332705 0.138027 0.362846 0.166422
0.211846 0.364775 0.423279 9.9991E-05
0.203275 0.332883 0.463742 9.9991E-05
0.427205 0.187368 0.385327 9.9991E-05
0.342028 0.0691406 0.522045 0.0667862
0.423969 0.0243584 0.551572 9.9991E-05
0.519738 0.0809772 0.365889 0.033396
0.364057 0.18358 0.452263 9.9991E-05
0.487554 0.139001 0.350574 0.0228702
0.468649 0.164981 0.366269 9.9991E-05
0.249953 0.332542 0.416409 0.00109601
0.431242 0.122233 0.396366 0.0501593
0.096877 0.265172 0.528735 0.109216
0.242018 9.9991E-05 0.5167 0.241182
0.119947 0.153408 0.599766 0.12688
0.135978 0.285342 0.439878 0.138802
0.148236 0.0810834 0.604211 0.16647
0.187989 9.9991E-05 0.619781 0.19213
0.217161 0.116152 0.556734 0.109953
0.158077 0.0471344 0.56906 0.22573
0.197491 0.113839 0.688571 9.9991E-05
0.172137 0.171312 0.650037 0.00651331
0.0215076 0.290723 0.296383 0.391386
9.9991E-05 0.156723 0.121778 0.721399
9.9991E-05 0.10467 0.25096 0.644271
0.04428 0.37111 0.128617 0.455993
9.9991E-05 0.247128 0.741532 0.0112407
0.095448 0.875249 0.0292026 9.9991E-05
0.0398956 0.0667438 0.806831 0.08653
0.0270875 0.0168161 0.821019 0.135078
0.0287865 0.273295 0.697818 9.9991E-05
0.174399 0.181256 0.644246 9.9991E-05
0.0403892 0.23128 0.630662 0.0976688
0.0523255 9.9991E-05 0.799212 0.148363
9.9982E-05 0.966235 9.9982E-05 0.0335655
9.9991E-05 0.962517 0.0201136 0.017269
0.0633068 0.838352 0.0982413 9.9991E-05
9.9991E-05 0.827884 0.104971 0.0670445
9.9982E-05 0.955432 9.9982E-05 0.0443676
9.9982E-05 0.89946 9.9982E-05 0.10034
9.9982E-05 0.972006 0.0277945 9.9982E-05
0.0255286 0.963823 9.9991E-05 0.0105484
9.9982E-05 0.995035 9.9982E-05 0.00476471
9.998E-05 0.9997 9.998E-05 9.998E-05
0.00516358 0.870084 0.0674796 0.0572723
0.0710101 0.815015 0.0493824 0.064593
9.9982E-05 0.984469 9.9982E-05 0.0153315
9.9991E-05 0.844452 0.0652469 0.0902008
0.0387966 0.900684 9.9991E-05 0.0604198
9.9982E-05 0.959577 9.9982E-05 0.0402226
0.00802354 0.922475 9.9991E-05 0.0694018
9.9982E-05 0.988318 9.9982E-05 0.0114823
0.0893322 0.684315 0.130541 0.0958118
0.0421137 0.884027 9.9991E-05 0.0737597
9.9991E-05 0.000920431 0.484073 0.514906
0.143614 0.249852 0.443993 0.162541
0.0320679 0.235935 0.452662 0.279335
0.0345903 0.157103 0.455747 0.35256
9.9991E-05 0.167746 0.47453 0.357624
9.9991E-05 0.314948 0.445508 0.239443
0.0264375 0.350302 0.456125 0.167136
9.9991E-05 0.34887 0.386362 0.264668
0.0366603 9.9991E-05 0.0973419 0.865898
9.9982E-05 0.0583551 9.9982E-05 0.941445
0.0189268 9.9982E-05 9.9982E-05 0.980873
0.0132619 0.0286141 9.9991E-05 0.958024
0.00235991 0.0905515 9.9991E-05 0.906989
9.9982E-05 0.0863366 9.9982E-05 0.913463
0.00293079 0.109485 9.9991E-05 0.887484
0.0372221 9.9991E-05 0.0138621 0.948816
9.9991E-05 0.0568053 0.0215281 0.921567
9.9982E-05 0.117934 9.9982E-05 0.881866
0.310156 0.00223251 0.0776249 0.609986
0.389581 9.9982E-05 9.9982E-05 0.610219
0.367617 9.9991E-05 0.0701629 0.56212
0.480352 9.9991E-05 0.0474748 0.472073
0.135655 0.225518 0.627213 0.0116141
0.25001 0.26978 0.48011 9.9991E-05
0.308134 0.231198 0.460568 9.9991E-05
0.745553 0.039385 0.214962 9.9991E-05
0.15619 0.268502 0.575208 9.9991E-05
0.133609 0.238551 0.62774 9.9991E-05
0.0824682 0.242634 0.674797 9.9991E-05
0.0452698 0.171671 0.782959 9.9991E-05
0.204221 0.1483 0.612954 0.0345258
0.158973 9.9982E-05 0.840827 9.9982E-05
0.0163792 0.00552618 0.904344 0.0737511
9.9982E-05 0.272138 0.727662 9.9982E-05
0.300216 9.9991E-05 0.647973 0.0517114
0.846944 9.9982E-05 9.9982E-05 0.152856
0.848779 0.0279375 0.0197523 0.103531
0.974274 9.9982E-05 9.9982E-05 0.0255259
0.889944 9.9982E-05 9.9982E-05 0.109856
0.922219 0.0609292 0.0167514 9.9991E-05
0.876943 0.0665279 9.9991E-05 0.056429
9.9991E-05 0.097089 0.0339527 0.868858
0.0897858 0.0865326 9.9991E-05 0.823582
0.0200802 0.200808 9.9991E-05 0.779012
0.110175 0.144423 9.9991E-05 0.745302
0.0633595 0.114357 0.0162771 0.806006
0.586828 9.9991E-05 0.0291188 0.383953
0.410563 9.9991E-05 0.111964 0.477373
0.497842 9.9991E-05 0.0220954 0.479962
0.0443258 0.189111 9.9991E-05 0.766463
0.52997 9.9991E-05 0.0817067 0.388223
0.0259264 0.453159 0.262236 0.258678
0.0308852 0.58227 0.236447 0.150399
9.9991E-05 0.428798 0.254398 0.316704
9.9991E-05 0.32056 0.141238 0.538102
0.409957 0.189945 0.399998 9.9991E-05
0.323445 0.133925 0.511212 0.0314186
0.654786 0.171012 0.154848 0.019354
0.193411 0.178317 0.608635 0.0196368
0.313718 9.9991E-05 0.645301 0.0408812
0.275552 0.217817 0.481226 0.0254055
0.546285 0.0983768 0.353585 0.00175322
0.353744 9.9991E-05 0.596015 0.0501417
0.242422 0.274659 0.482819 9.9991E-05
0.379249 0.239925 0.380727 9.9991E-05
0.106243 0.299847 0.417265 0.176645
0.29759 0.196741 0.505569 9.9991E-05
0.333545 0.192854 0.473502 9.9991E-05
0.227186 0.281735 0.464959 0.0261205
0.259098 0.240489 0.487313 0.0131
0.254727 0.323487 0.421687 9.9991E-05
9.9991E-05 0.15101 0.0676996 0.781191
9.9991E-05 0.0540888 0.0675089 0.878302
0.0335387 0.0534397 0.0739963 0.839025
0.0710107 0.0458659 0.069971 0.813152
9.9991E-05 0.0893846 0.0549974 0.855518
0.651484 0.121813 0.226604 9.9991E-05
0.146024 0.387084 0.466792 9.9991E-05
0.431013 0.258511 0.310376 9.9991E-05
0.421715 0.138002 0.390187 0.0500967
0.752914 9.9991E-05 0.1078 0.139186
0.370731 0.267006 0.349192 0.0130706
0.592789 0.0966525 0.240996 0.069563
0.158754 0.134227 0.562452 0.144567
0.653513 0.0567031 0.211835 0.0779483
0.637546 0.0976632 0.22042 0.0443709
0.314963 0.219464 0.397036 0.0685374
0.212379 0.154046 0.588873 0.0447023
0.0598311 0.225204 0.566475 0.14849
0.0982413 0.0441737 0.791993 0.0655922
0.10872 0.245266 0.591035 0.0549792
0.151443 9.9991E-05 0.809898 0.0385584
0.0693697 0.00524149 0.838794 0.0865947
0.113795 0.217176 0.644216 0.0248131
0.152896 9.9991E-05 0.730783 0.116221
0.236144 0.170299 0.593457 9.9991E-05
0.690005 0.0472588 0.262637 9.9991E-05
0.361048 0.105919 0.532932 9.9991E-05
0.471262 0.198581 0.330057 9.9991E-05
0.172938 0.302383 0.52458 9.9991E-05
0.595389 0.0763123 0.328199 9.9991E-05
0.246995 0.271279 0.481626 9.9991E-05
0.376964 0.23162 0.391317 9.9991E-05
0.610903 0.171612 0.217384 9.9991E-05
0.490204 0.192846 0.31685 9.9991E-05
0.228802 0.303564 0.467534 9.9991E-05
0.31831 0.217291 0.422847 0.0415518
0.295006 0.285703 0.419192 9.9991E-05
0.477664 0.220137 0.246178 0.0560206
0.363551 0.344608 0.291741 9.9991E-05
0.0217032 0.33258 0.257738 0.387978
0.0767458 0.430514 0.325609 0.167131
0.159575 0.439986 0.388314 0.0121243
9.9991E-05 0.433095 0.364408 0.202398
0.288259 0.21394 0.4977 9.9991E-05
9.9991E-05 0.0913709 0.566985 0.341544
0.121465 0.395797 0.370866 0.111872
0.158418 0.460864 0.289453 0.0912649
0.171862 0.228173 0.375448 0.224518
0.0688159 0.377535 0.367288 0.186361
9.9991E-05 0.148847 0.205362 0.645691
0.0432713 0.464876 0.341876 0.149977
0.180026 0.354164 0.354517 0.111293
0.0781771 0.275445 0.601778 0.0446005
0.202289 9.9982E-05 0.797511 9.9982E-05
0.142368 9.9991E-05 0.789012 0.0685205
0.0228364 0.434753 0.397944 0.144467
9.9991E-05 0.509995 0.353773 0.136131
9.9991E-05 0.266355 0.367351 0.366195
0.0276618 0.44006 0.294384 0.237894
9.9991E-05 0.0687659 0.713699 0.217436
0.0524698 0.129252 0.630207 0.188071
9.9982E-05 0.424637 0.575163 9.9982E-05
9.9991E-05 0.374189 0.583169 0.0425424
0.019205 0.187324 0.647994 0.145477
0.104018 0.346206 0.54252 0.00725655
0.0778723 0.375448 0.54658 9.9991E-05
0.0882961 0.0314612 0.785556 0.0946867
0.158823 0.111193 0.652633 0.0773501
0.179097 0.184646 0.550401 0.0858554
0.0531618 0.232774 0.663278 0.0507867
0.16641 0.0229945 0.810495 9.9991E-05
0.0469534 0.289983 0.66229 0.000773644
0.147925 0.0969556 0.737005 0.0181137
0.0653732 0.169387 0.68806 0.0771791
0.040862 0.428357 0.341757 0.189024
0.181583 0.364445 0.288474 0.165498
0.074466 0.0720574 0.482444 0.371033
0.0504203 0.535851 0.345742 0.0679862
9.9991E-05 0.093625 0.336407 0.569868
0.0108795 0.445262 0.48918 0.0546785
9.9982E-05 9.9982E-05 0.969735 0.0300654
0.13292 9.9991E-05 0.825521 0.0414587
0.0150047 0.197399 0.787496 9.9991E-05
9.9982E-05 0.316589 0.683212 9.9982E-05
0.00600059 0.100314 0.893586 9.9991E-05
0.0163044 0.243544 0.740051 9.9991E-05
0.0669055 0.206258 0.726736 9.9991E-05
0.0156325 0.0684809 0.0945589 0.821328
0.0865009 0.100177 9.9991E-05 0.813222
0.012815 0.132053 9.9991E-05 0.855032
9.9982E-05 0.0558638 9.9982E-05 0.943936
0.169783 0.2171 0.613017 9.9991E-05
0.147374 0.188448 0.664079 9.9991E-05
0.259 0.0760305 0.629287 0.035683
0.0513061 0.325656 0.622938 9.9991E-05
9.9991E-05 0.0783215 0.850265 0.0713132
0.0450558 0.40868 0.315936 0.230328
0.109203 0.222456 0.668241 9.9991E-05
0.201749 0.180287 0.617863 9.9991E-05
0.165582 0.227801 0.606517 9.9991E-05
0.230436 0.166761 0.602703 9.9991E-05
9.9982E-05 0.225201 0.774599 9.9982E-05
0.00777665 9.9991E-05 0.969695 0.0224279
0.0769549 0.117808 0.804274 0.000963719
0.143629 0.0975995 0.758672 9.9991E-05
9.998E-05 9.998E-05 0.9997 9.998E-05
0.248006 0.202698 0.549196 9.9991E-05
0.0305526 9.9991E-05 0.89622 0.0731272
9.9982E-05 9.9982E-05 0.944038 0.0557623
0.070275 0.26135 0.657442 0.0109326
0.17287 0.0696753 0.713306 0.0441491
0.12291 0.283553 0.593436 9.9991E-05
0.138127 0.204236 0.657537 9.9991E-05
0.365941 0.187409 0.44655 9.9991E-05
0.112031 0.267218 0.620651 9.9991E-05
0.191343 0.248174 0.522018 0.0384648
0.0780638 0.113012 0.791876 0.0170489
0.284062 9.9982E-05 9.9982E-05 0.715738
0.102078 0.00734316 0.125947 0.764632
0.144815 9.9982E-05 9.9982E-05 0.854985
0.0847678 9.9991E-05 0.0246299 0.890502
0.251838 9.9991E-05 0.0381214 0.70994
0.269124 0.0314 0.677574 0.0219018
0.254323 9.9991E-05 0.66249 0.0830874
9.998E-05 9.998E-05 0.9997 9.998E-05
9.9991E-05 0.124671 0.798656 0.0765734
0.0731919 0.302711 0.618471 0.00562581
0.00788655 0.203057 0.69844 0.0906171
0.109912 0.216461 0.673526 9.9991E-05
0.229922 0.150552 0.612163 0.00736263
0.162125 0.135283 0.702492 9.9991E-05
0.220244 0.0928424 0.686814 9.9991E-05
0.164212 0.269201 0.481664 0.0849236
0.108585 0.156846 0.731475 0.00309343
0.134455 0.174258 0.655631 0.035656
9.9991E-05 0.538833 0.342931 0.118136
9.9991E-05 0.576787 0.242508 0.180605
9.9991E-05 0.232294 0.708998 0.0586073
0.0164536 0.683113 9.9991E-05 0.300333
0.0570142 0.631671 0.113405 0.19791
9.9991E-05 0.293922 0.537937 0.168041
0.114141 0.261601 0.492937 0.131321
0.146248 0.18433 0.501977 0.167445
9.9991E-05 0.680784 0.12286 0.196257
0.0666634 0.76602 0.0879743 0.079342
0.0359367 0.641558 0.136616 0.185889
9.9991E-05 0.664387 0.196503 0.139011
0.000693622 0.278708 0.612213 0.108386
9.9991E-05 0.66748 0.0875383 0.244882
0.310318 0.0792605 0.4233 0.187122
0.14785 0.321632 0.530418 9.9991E-05
0.146098 0.279695 0.482261 0.0919456
0.0429581 0.225466 0.520237 0.211339
0.00821806 0.333554 0.408362 0.249866
0.101939 0.445176 0.26582 0.187065
9.9991E-05 0.64552 0.10596 0.248419
0.0610587 0.152832 0.632631 0.153479
9.9991E-05 0.0701054 0.672598 0.257197
0.284447 0.201547 0.44042 0.073586
0.0591796 0.393017 0.331391 0.216412
9.9991E-05 0.141897 0.376262 0.481741
9.9991E-05 0.0268678 0.416883 0.556149
0.0818509 0.251587 0.461255 0.205306
9.9991E-05 0.175369 0.354645 0.469886
9.9991E-05 0.183997 0.250698 0.565205
9.9991E-05 0.306754 0.478478 0.214668
0.0671822 0.290638 0.354862 0.287317
9.9991E-05 0.226612 0.385472 0.387816
9.9991E-05 0.170829 0.414877 0.414193
0.0109245 0.286211 0.495161 0.207703
9.9991E-05 0.168184 0.49248 0.339236
9.9991E-05 0.0233856 0.345546 0.630968
0.138336 0.360462 0.315109 0.186093
9.9991E-05 0.347565 0.34829 0.304045
0.0383321 0.559548 0.304802 0.0973183
0.0279492 0.428047 0.336332 0.207672
0.0348165 0.391961 0.221499 0.351724
0.153397 0.468032 0.202509 0.176063
0.0975464 0.459641 0.220658 0.222155
0.0233266 0.421852 0.259962 0.294859
0.282224 0.26505 0.325566 0.127159
0.0608098 0.446527 0.208714 0.283949
9.9991E-05 0.25527 0.328208 0.416421
9.9991E-05 0.386452 0.309533 0.303915
0.171916 9.9982E-05 9.9982E-05 0.827884
0.821764 0.0378134 0.082643 0.0577799
0.967612 9.9982E-05 9.9982E-05 0.0321877
0.9997 9.998E-05 9.998E-05 9.998E-05
0.9997 9.998E-05 9.998E-05 9.998E-05
0.974204 0.014057 9.9991E-05 0.0116387
0.996919 0.00288065 9.9982E-05 9.9982E-05
0.973614 9.9982E-05 9.9982E-05 0.0261856
0.768122 9.9982E-05 9.9982E-05 0.231678
0.00617425 0.0496472 0.0103556 0.933823
0.138897 0.0344448 0.00396462 0.822694
0.0153029 0.0654087 9.9991E-05 0.919188
0.132957 0.0460555 9.9991E-05 0.820887
0.0286642 0.0728623 9.9991E-05 0.898374
0.0699256 0.0151661 9.9991E-05 0.914808
0.0211751 0.173311 0.0598346 0.745679
0.00323068 0.114023 9.9991E-05 0.882646
0.1795 0.0711444 0.0363122 0.713044
9.9982E-05 0.0793496 9.9982E-05 0.92045
9.9982E-05 9.9982E-05 0.0084415 0.991359
9.9991E-05 0.104989 0.0306369 0.864274
0.00616138 0.0045586 9.9991E-05 0.98918
9.9982E-05 0.091607 9.9982E-05 0.908193
0.0202485 0.121112 9.9991E-05 0.858539
9.9982E-05 0.171451 9.9982E-05 0.828349
9.9982E-05 0.214424 9.9982E-05 0.785376
9.9982E-05 0.183857 9.9982E-05 0.815943
9.9991E-05 0.166559 0.0464727 0.786868
0.0975377 0.153887 0.54388 0.204696
0.0928386 0.233162 0.629795 0.044204
9.9982E-05 9.9982E-05 0.764512 0.235288
0.161251 0.270533 0.45055 0.117667
9.9982E-05 9.9982E-05 0.719977 0.279823
0.0113015 0.33954 0.539295 0.109864
0.152655 0.135287 0.569267 0.142791
0.139979 0.238324 0.562498 0.0591986
0.0833195 0.196972 0.659957 0.0597511
0.301805 0.177698 0.429655 0.0908423
0.186016 0.271095 0.473662 0.0692275
0.476202 0.0466577 0.470777 0.00636305
0.114071 9.9991E-05 0.691848 0.193982
0.0436076 9.9991E-05 0.715707 0.240586
0.0498986 0.225753 0.593971 0.130377
0.0176206 0.23622 0.596889 0.149271
0.116634 0.400868 0.300593 0.181906
0.124704 0.481427 0.316243 0.0776264
0.190655 0.182758 0.17206 0.454528
0.177244 0.285514 0.319332 0.21791
0.0323701 0.177584 0.241118 0.548928
9.9991E-05 0.341431 0.341846 0.316622
0.147763 0.333121 0.184815 0.334301
0.216903 0.287988 0.219717 0.275392
0.0732804 0.411736 0.307522 0.207461
9.9991E-05 0.35615 0.448804 0.194946
0.0288668 0.328707 0.208834 0.433592
