0.0569938 0.0437086 9.9955E-05 9.9955E-05 9.9955E-05 9.9955E-05 9.9955E-05 0.0551141 0.785377 0.0583068
9.9955E-05 9.9955E-05 0.00509323 9.9955E-05 9.9955E-05 0.00206913 0.0532231 0.0335167 0.905598 9.9955E-05
0.0201047 0.0161372 9.9955E-05 9.9955E-05 9.9955E-05 9.9955E-05 9.9955E-05 0.0858452 0.731583 0.14583
9.9955E-05 0.078863 9.9955E-05 9.9955E-05 0.07596 9.9955E-05 9.9955E-05 0.0321216 0.739726 0.0728299
0.0113987 0.0272619 9.9964E-05 9.9964E-05 0.0177165 0.0157213 9.9964E-05 9.9964E-05 0.841422 0.0860803
9.9973E-05 0.0451167 0.0414569 9.9973E-05 0.109166 9.9973E-05 0.240047 0.00152172 0.554124 0.00826794
9.9955E-05 9.9955E-05 9.9955E-05 0.0273509 0.0171461 9.9955E-05 0.148277 0.0665439 0.740182 9.9955E-05
9.9964E-05 0.0358882 9.9964E-05 0.0133148 0.0378268 9.9964E-05 0.205081 0.0371188 0.670371 9.9964E-05
0.0546947 0.0367844 0.0789013 0.0123026 9.99639E-05 9.99639E-05 9.99639E-05 0.0228555 0.794062 9.99639E-05
9.9973E-05 0.00314438 9.9973E-05 9.9973E-05 0.0668333 0.0979539 0.142556 0.0436993 0.62138 0.0241333
9.9955E-05 0.00893472 9.9955E-05 0.0437441 0.000287981 9.9955E-05 0.225789 9.9955E-05 0.720745 9.9955E-05
9.9955E-05 9.9955E-05 0.00707205 0.828385 0.0245057 9.9955E-05 0.00207017 9.9955E-05 9.9955E-05 0.137468
0.0303732 0.00393867 9.9973E-05 0.459028 0.0143379 9.9973E-05 0.0104844 0.0347162 9.9973E-05 0.446821
0.0517447 9.9973E-05 9.9973E-05 0.637942 0.0713743 0.123877 9.9973E-05 0.00221771 0.0173518 0.0951926
9.9955E-05 9.9955E-05 9.9955E-05 0.603714 0.109711 0.0465816 9.9955E-05 9.9955E-05 0.0258162 0.213677
0.0211756 9.9982E-05 0.00122561 0.400084 0.0465912 0.0019474 0.0774179 9.9982E-05 0.147826 0.303533
0.0265694 9.9982E-05 9.9982E-05 0.248706 0.12436 0.0186438 0.0234537 0.0119656 0.0735044 0.472597
0.000527444 9.9982E-05 0.00237476 0.400883 0.0799372 0.060308 0.0843738 0.0145066 9.9982E-05 0.356889
0.0194494 9.9973E-05 0.0328572 0.574965 0.0707374 9.9973E-05 9.9973E-05 0.0236234 0.112531 0.165536
9.9946E-05 0.0397991 9.9946E-05 0.827408 9.9946E-05 9.9946E-05 0.108027 9.9946E-05 0.0241657 9.9946E-05
9.9973E-05 0.01037 0.124597 0.389071 9.9973E-05 9.9973E-05 0.0551088 0.0244702 0.00888019 0.387203
0.0571323 0.0035121 0.0118297 0.376431 0.0727684 0.0207124 0.12312 0.024912 9.9991E-05 0.309483
9.9973E-05 0.0543969 9.9973E-05 0.250366 0.0242487 0.0290401 0.0839375 9.9973E-05 0.0612369 0.496474
9.9964E-05 9.9964E-05 0.0351879 0.670481 0.126906 9.9964E-05 0.0409773 0.0181067 9.9964E-05 0.107941
0.0941349 0.129839 0.0178159 0.052057 0.0469601 9.9982E-05 0.00961826 9.9982E-05 0.0312228 0.618152
0.0219515 9.9964E-05 9.9964E-05 0.40731 0.0934625 9.9964E-05 0.037272 0.0582581 9.9964E-05 0.381346
9.9955E-05 9.9955E-05 9.9955E-05 0.863382 0.0987738 9.9955E-05 0.000254882 0.00415546 0.0329345 9.9955E-05
9.9928E-05 9.9928E-05 9.9928E-05 0.78929 0.209911 9.9928E-05 9.9928E-05 9.9928E-05 9.9928E-05 9.9928E-05
9.99515E-05 9.99515E-05 9.99515E-05 0.821773 9.99515E-05 0.0507721 0.0915805 9.99515E-05 9.99515E-05 0.0352744
9.99201E-05 9.99201E-05 9.99201E-05 9.99201E-05 9.99201E-05 9.99201E-05 9.99201E-05 0.999101 9.99201E-05 9.99201E-05
9.99201E-05 9.99201E-05 9.99201E-05 9.99201E-05 9.99201E-05 9.99201E-05 9.99201E-05 0.999101 9.99201E-05 9.99201E-05
9.9964E-05 9.9964E-05 0.0107725 0.0302694 0.0638655 9.9964E-05 9.9964E-05 0.351013 0.469655 0.0740247
0.05494 9.9964E-05 0.0308461 9.9964E-05 0.0792557 9.9964E-05 9.9964E-05 0.241862 0.510136 0.0825603
9.9991E-05 0.0633462 0.1988 0.0696501 0.0101216 0.0330706 0.115573 0.0207938 0.0181007 0.470444
0.031555 0.031786 0.150007 0.139661 9.9982E-05 9.9982E-05 0.0814277 0.0896489 0.0379357 0.437779
9.9982E-05 9.9982E-05 0.31411 0.071569 0.00199496 0.0200103 0.0232123 0.0107341 0.00674979 0.55142
9.9982E-05 0.138885 0.0422326 0.645693 9.9982E-05 0.0103806 0.015278 0.0376275 0.0701365 0.0395674
0.051654 9.9964E-05 0.502418 9.9964E-05 9.9964E-05 9.9964E-05 0.0297439 0.0159554 0.0274912 0.372338
0.00249839 0.0592071 0.232702 0.158129 0.0400818 0.0410386 9.9991E-05 0.00542 0.0614092 0.399414
9.9973E-05 9.9973E-05 0.182966 9.9973E-05 0.0138978 0.00504487 0.0820897 0.0426022 0.0091237 0.663976
9.9973E-05 0.0438709 0.134395 9.9973E-05 0.0244805 9.9973E-05 0.217789 0.00405712 0.0512319 0.523876
9.9973E-05 0.0881828 0.00906837 0.0662618 0.0438075 9.9973E-05 0.221366 0.0436519 9.9973E-05 0.527362
0.102462 9.9955E-05 0.572141 0.195588 9.9955E-05 9.9955E-05 9.9955E-05 0.0152061 9.9955E-05 0.114103
0.0386371 0.0460866 0.0315673 0.0577131 0.0428342 9.9982E-05 0.273179 0.015802 9.9982E-05 0.49398
9.9955E-05 9.9955E-05 0.199138 9.9955E-05 0.0401386 9.9955E-05 0.0985977 9.9955E-05 0.0719546 0.589671
0.127054 0.119036 0.0723795 9.9973E-05 9.9973E-05 0.0114826 9.9973E-05 0.0514152 0.0632744 0.555059
9.9937E-05 9.9937E-05 0.669927 9.9937E-05 9.9937E-05 0.0288762 9.9937E-05 9.9937E-05 9.9937E-05 0.300497
0.00804834 0.067468 0.251861 9.9964E-05 9.9964E-05 9.9964E-05 0.0233247 0.0139999 9.9964E-05 0.634899
0.00523913 9.9991E-05 0.0810882 0.0321441 0.0536746 0.0338255 0.117709 0.0354751 0.0533545 0.58739
0.151752 9.9955E-05 0.724689 9.9955E-05 9.9955E-05 0.032424 0.0368941 9.9955E-05 0.0537414 9.9955E-05
0.0556343 0.148318 0.230641 0.417371 9.9973E-05 0.0416417 0.0192846 9.9973E-05 9.9973E-05 0.0868094
0.136691 9.9955E-05 0.188459 0.419031 9.9955E-05 0.0200135 0.235306 9.9955E-05 9.9955E-05 9.9955E-05
0.00909975 0.122294 0.016739 0.0688354 0.0632889 0.0196398 0.095752 0.0461882 9.9991E-05 0.558063
9.9982E-05 0.00956559 9.9982E-05 0.0426519 0.0132483 0.075328 0.0678122 0.015512 0.120793 0.654889
0.0977548 9.9991E-05 0.0424428 0.0506183 0.00501664 0.0657526 0.0360316 0.00961179 0.100684 0.591987
0.0720753 0.214594 0.192762 0.246142 9.9991E-05 0.0432588 0.0548561 0.0334828 0.0399954 0.102734
9.9955E-05 0.208191 0.0542679 0.171897 9.9955E-05 9.9955E-05 9.9955E-05 0.049552 9.9955E-05 0.515592
0.0334668 0.0111809 9.9982E-05 0.307782 0.0137383 0.00803507 0.0821473 0.0277679 9.9982E-05 0.515682
9.9991E-05 0.00882594 0.16867 0.281234 0.00855414 0.0763909 0.0591752 0.0503747 0.10078 0.245896
0.116116 9.9982E-05 0.0497923 0.427145 0.0176392 9.9982E-05 0.165459 0.0526425 0.159288 0.0117192
0.0921776 0.0767546 0.0839151 0.150618 9.9964E-05 9.9964E-05 9.9964E-05 0.0700736 9.9964E-05 0.526061
0.147718 0.0526785 0.0428924 0.307358 9.9964E-05 0.0257009 9.9964E-05 9.9964E-05 9.9964E-05 0.423253
9.9955E-05 0.0556433 0.11344 0.652278 9.9955E-05 9.9955E-05 0.0909069 0.0872317 9.9955E-05 9.9955E-05
0.073259 9.9964E-05 9.9964E-05 0.396717 0.00726486 0.0835638 9.9964E-05 0.0127403 9.9964E-05 0.426055
0.0878734 0.0183806 9.9964E-05 0.148833 0.00151946 0.144504 9.9964E-05 9.9964E-05 9.9964E-05 0.59849
9.9973E-05 0.0545546 0.0359386 0.219792 9.9973E-05 0.0612561 9.9973E-05 0.0813515 0.0396569 0.50715
0.124077 9.9973E-05 0.154845 0.496244 9.9973E-05 0.00424228 0.0027918 0.0250308 9.9973E-05 0.192469
0.0924831 0.00905158 9.9973E-05 0.233072 9.9973E-05 0.0877876 0.026324 0.0288283 9.9973E-05 0.522153
0.0664037 0.189449 0.0878098 0.00564605 9.9982E-05 0.0456027 0.0350044 0.029678 9.9982E-05 0.540206
0.0407163 0.0226371 0.0558008 0.561118 9.9982E-05 0.129572 0.0634956 0.0496599 9.9982E-05 0.0768002
0.000565697 0.0526208 0.406403 9.9955E-05 9.9955E-05 9.9955E-05 9.9955E-05 0.0312881 9.9955E-05 0.508623
9.9955E-05 9.9955E-05 0.612413 0.228785 0.0209752 9.9955E-05 9.9955E-05 0.0156068 9.9955E-05 0.12172
0.0019046 9.9973E-05 0.149441 0.194291 0.0196393 9.9973E-05 9.9973E-05 0.0162118 0.147384 0.470829
0.0486992 9.9937E-05 0.87603 9.9937E-05 9.9937E-05 9.9937E-05 0.0745714 9.9937E-05 9.9937E-05 9.9937E-05
9.9955E-05 9.9955E-05 0.797069 0.0935212 9.9955E-05 0.0533241 0.0515931 9.9955E-05 0.00399278 9.9955E-05
9.9937E-05 9.9937E-05 0.715881 9.9937E-05 9.9937E-05 9.9937E-05 9.9937E-05 9.9937E-05 0.0181048 0.265314
9.9982E-05 0.00691868 0.389033 0.0931364 0.0131215 9.9982E-05 0.0668859 0.00604464 0.0203534 0.404306
0.0133437 0.0882981 0.133174 0.0121884 9.9982E-05 0.00660709 0.0263722 9.9982E-05 0.169817 0.549999
0.0491718 0.0426343 0.512299 9.9955E-05 0.0297347 9.9955E-05 9.9955E-05 9.9955E-05 9.9955E-05 0.36566
9.9973E-05 0.0992821 0.593713 0.0826656 0.0249299 9.9973E-05 9.9973E-05 0.00656108 0.0210333 0.171515
9.9964E-05 0.189606 0.42462 0.0818911 9.9964E-05 9.9964E-05 9.9964E-05 0.00571379 0.0267052 0.271064
9.9973E-05 0.0803684 0.199781 0.0185726 0.0914121 0.163034 9.9973E-05 0.065906 9.9973E-05 0.380626
9.9955E-05 9.9955E-05 0.568245 0.172699 0.06274 9.9955E-05 9.9955E-05 9.9955E-05 0.0166063 0.17921
9.9955E-05 9.9955E-05 0.445285 0.130408 9.9955E-05 9.9955E-05 0.016137 0.0342451 9.9955E-05 0.373425
0.0425758 9.9964E-05 0.547783 9.9964E-05 9.9964E-05 0.00659922 0.00913516 0.014846 9.9964E-05 0.378661
0.0925616 0.0119604 0.68026 9.9964E-05 0.00346536 0.117854 0.0934983 9.9964E-05 9.9964E-05 9.9964E-05
9.9964E-05 0.0714581 0.241433 0.0107689 0.0708917 0.0324537 9.9964E-05 9.9964E-05 9.9964E-05 0.572594
9.9964E-05 0.0309209 9.9964E-05 0.0399062 0.0338472 9.9964E-05 9.9964E-05 0.0637481 0.754479 0.0766988
9.9937E-05 9.9937E-05 9.9937E-05 9.9937E-05 9.9937E-05 9.9937E-05 9.9937E-05 0.129244 0.787155 0.0829017
0.0206551 9.9946E-05 9.9946E-05 9.9946E-05 9.9946E-05 9.9946E-05 9.9946E-05 0.113662 0.726625 0.138458
0.136392 9.9955E-05 9.9955E-05 9.9955E-05 0.00387893 9.9955E-05 9.9955E-05 0.127183 0.705821 0.0262254
0.0392674 9.9946E-05 9.9946E-05 9.9946E-05 9.9946E-05 9.9946E-05 9.9946E-05 0.0980403 0.771469 0.090624
0.0529571 0.00567174 9.9973E-05 9.9973E-05 0.0245103 0.0132726 9.9973E-05 0.0695876 0.799481 0.0342194
9.9955E-05 9.9955E-05 9.9955E-05 9.9955E-05 0.013752 9.9955E-05 0.0303869 0.0744191 0.835617 0.0453256
9.9973E-05 0.0159093 0.344433 0.0150825 0.0136671 9.9973E-05 9.9973E-05 0.0264905 0.117649 0.466468
9.9982E-05 0.0770428 0.142208 0.159036 0.0464859 9.9982E-05 0.0197215 0.0355591 0.0214291 0.498318
0.0159369 9.9973E-05 0.698697 0.212263 9.9973E-05 0.0412979 9.9973E-05 0.00333719 0.0233047 0.00486264
0.0625294 0.000420616 0.0745423 0.0565375 0.00488391 0.0851795 0.170866 9.9991E-05 0.103961 0.44098
9.9946E-05 9.9946E-05 0.394986 9.9946E-05 9.9946E-05 9.9946E-05 0.0907623 9.9946E-05 0.0847997 0.428853
9.9946E-05 9.9946E-05 0.326294 9.9946E-05 9.9946E-05 9.9946E-05 9.9946E-05 0.0367991 0.089979 0.546328
9.9982E-05 9.9982E-05 0.317271 0.0872043 0.0226082 0.00572748 0.0863316 0.00464638 0.0452403 0.430771
9.9973E-05 0.0226958 0.37839 0.0106288 0.104166 0.0642842 9.9973E-05 0.00760487 9.9973E-05 0.41193
9.9946E-05 0.0500654 0.695102 0.219133 9.9946E-05 9.9946E-05 9.9946E-05 9.9946E-05 0.0351001 9.9946E-05
0.19546 0.0432786 0.0547095 0.0712683 0.0156167 0.0669557 9.9991E-05 0.0147571 0.0340735 0.503781
9.9982E-05 9.9982E-05 0.0650357 0.0180514 0.0168468 0.0278357 0.142066 0.00741351 0.0768153 0.645736
9.9991E-05 0.0755285 0.208072 0.0285467 0.0301554 0.0320786 0.0125103 0.0625128 0.0532581 0.497238
0.0450619 9.9982E-05 0.546779 0.0476476 0.0287477 0.00255674 0.0811108 0.0134446 9.9982E-05 0.234452
9.9946E-05 9.9946E-05 0.349493 9.9946E-05 9.9946E-05 0.158295 9.9946E-05 0.0659859 9.9946E-05 0.425626
9.9982E-05 0.0187172 0.409278 0.119 0.0104979 9.9982E-05 0.0327286 0.0255124 0.0190673 0.364999
9.9955E-05 9.9955E-05 0.600701 9.9955E-05 0.0818334 0.0343441 9.9955E-05 0.00311976 9.9955E-05 0.279502
9.9955E-05 0.0332655 0.367251 0.0616569 9.9955E-05 9.9955E-05 9.9955E-05 9.9955E-05 0.109177 0.42815
0.0335041 0.0189254 0.177173 0.0804024 9.9982E-05 0.0536759 9.9982E-05 0.02779 0.103423 0.504906
0.14873 0.0621715 0.12213 0.385326 9.9973E-05 0.111549 9.9973E-05 0.00606554 9.9973E-05 0.163729
0.0846814 0.22934 9.9991E-05 0.147769 0.0412009 0.0029465 0.0428484 0.0060395 0.072423 0.372651
9.9973E-05 0.193952 9.9973E-05 0.135635 0.0135649 9.9973E-05 0.0845192 0.00871486 0.0714193 0.491894
0.00896124 0.175463 0.00877832 9.9991E-05 0.0297797 0.070808 0.0836176 0.0223291 0.0695623 0.5306
0.0329131 0.0636366 0.0144021 0.362761 9.9973E-05 0.0295166 9.9973E-05 0.0337495 9.9973E-05 0.462722
0.0337488 0.15294 9.9964E-05 0.240332 9.9964E-05 0.0223983 9.9964E-05 0.0010651 9.9964E-05 0.549116
9.9955E-05 0.17378 9.9955E-05 0.263346 9.9955E-05 0.116575 9.9955E-05 9.9955E-05 0.0158144 0.429985
0.111761 0.102234 0.166032 0.0605648 9.9982E-05 0.0129947 9.9982E-05 0.0204579 0.0266729 0.499083
0.0198514 0.0261382 0.0531067 0.073627 0.013695 0.0169369 0.134438 0.0216625 0.058258 0.582286
9.9982E-05 0.0778112 0.121562 0.189629 9.9982E-05 0.0321786 0.0112561 0.0681538 0.00610623 0.493103
9.9973E-05 0.175921 0.0478003 0.256146 9.9973E-05 0.00960238 0.0488151 0.000340352 9.9973E-05 0.461075
0.0380751 0.0533363 9.9973E-05 9.9973E-05 9.9973E-05 0.0457122 0.112287 0.0382334 0.0370104 0.675046
0.102916 0.114105 9.9991E-05 0.0810098 0.0167662 0.0171431 0.0315824 0.0268084 0.0414143 0.568155
9.9964E-05 0.0914692 0.0993667 0.217692 0.124893 0.0268949 9.9964E-05 9.9964E-05 9.9964E-05 0.439284
0.0701742 0.236385 9.9964E-05 9.9964E-05 9.9964E-05 0.0271117 0.095176 9.9964E-05 0.0596503 0.511103
0.0427469 0.134792 0.148265 0.0441702 0.0662074 0.0244 9.9973E-05 9.9973E-05 9.9973E-05 0.539119
0.0741117 0.0788767 0.00640856 0.282757 9.9991E-05 0.0808984 0.0813505 0.0487263 0.0139955 0.332775
0.0345611 0.0731089 0.0484733 0.210263 9.9964E-05 0.00060201 9.9964E-05 9.9964E-05 9.9964E-05 0.632592
0.148352 0.0155447 9.9955E-05 0.137755 9.9955E-05 0.033916 9.9955E-05 9.9955E-05 9.9955E-05 0.663933
9.9964E-05 0.205606 0.137929 0.363582 0.072694 0.0540647 9.9964E-05 9.9964E-05 9.9964E-05 0.165724
0.118415 0.0679258 0.132412 0.332158 0.0198213 0.193493 0.0670821 9.9982E-05 9.9982E-05 0.068493
0.0825211 0.170262 0.0665325 0.0657961 0.0252673 0.0108365 0.0988959 0.0121217 9.9991E-05 0.467667
0.0977718 0.226347 0.146339 0.156451 0.0460165 0.282659 0.0282784 9.9982E-05 9.9982E-05 0.0159371
9.9982E-05 0.0704727 0.00477952 0.589112 9.9982E-05 0.0789027 0.0262508 0.0221809 0.0305735 0.177528
9.9964E-05 0.13679 0.0865143 0.287726 9.9964E-05 0.0815878 9.9964E-05 9.9964E-05 0.00237287 0.404609
9.9973E-05 0.160253 0.123043 0.400516 9.9973E-05 0.0176364 9.9973E-05 0.0345565 0.0113454 0.252349
9.9964E-05 0.15837 0.0743808 0.431638 0.0330679 9.9964E-05 0.0888373 9.9964E-05 9.9964E-05 0.213306
0.047727 9.9982E-05 0.0909644 0.166889 0.0629436 0.0204691 0.111238 0.0228724 9.9982E-05 0.476697
0.0327651 0.0337898 0.0373202 0.0440384 0.0109488 0.127274 9.9991E-05 0.0499792 0.105956 0.557828
0.0298572 0.0434062 0.13059 0.226072 0.079648 9.9982E-05 9.9982E-05 0.0134863 0.0312006 0.445539
0.0979772 0.145899 0.136047 0.252245 0.0598806 9.9973E-05 0.246388 9.9973E-05 9.9973E-05 0.061264
0.0289477 9.9964E-05 0.186988 9.9964E-05 9.9964E-05 9.9964E-05 0.0480935 0.0183193 0.187783 0.529469
0.107817 0.00674957 0.0585561 0.0210311 0.0106585 0.0295243 0.278074 0.0275878 0.00137799 0.458623
0.0677006 0.0468326 0.128046 0.0686325 9.9973E-05 0.111461 0.428915 9.9973E-05 0.148112 9.9973E-05
0.0254029 9.9973E-05 0.126718 9.9973E-05 9.9973E-05 0.110074 0.0515989 0.00152833 0.0915801 0.592798
0.132413 9.9973E-05 0.124372 0.0931024 0.0487572 0.0969176 0.244858 9.9973E-05 9.9973E-05 0.259279
0.131043 0.067009 0.119369 0.0488248 0.00916279 0.0823661 9.9991E-05 0.00532537 0.0505586 0.486242
0.179354 0.0972568 0.17615 0.0585943 9.9982E-05 0.025553 0.241876 0.0262887 9.9982E-05 0.194727
0.0240387 0.0431119 0.0231525 0.14857 9.9991E-05 0.107247 0.430085 0.0474904 0.0557177 0.120487
0.0387002 0.0967926 0.0648257 0.0893625 9.9982E-05 0.150614 0.173138 9.9982E-05 0.0337243 0.352643
0.137717 0.00176335 9.9973E-05 0.145224 9.9973E-05 0.0344905 0.164043 0.0202493 9.9973E-05 0.496213
0.00774646 9.9991E-05 0.091287 0.219262 0.0858554 0.0332822 0.234021 0.0258564 0.0594662 0.243123
0.193846 0.00527991 0.244402 0.138286 0.112414 0.0669584 0.228182 0.0104309 9.9982E-05 9.9982E-05
0.00562726 0.0162233 0.00424038 0.184196 9.9982E-05 0.0337454 0.201471 9.9982E-05 0.054598 0.499699
0.0379194 0.00415278 0.107299 0.205608 9.9973E-05 0.0467231 0.314556 9.9973E-05 9.9973E-05 0.283441
0.00824665 0.00878727 0.103314 0.199934 9.9973E-05 0.151826 0.154944 9.9973E-05 9.9973E-05 0.372647
0.0797748 0.0386511 0.038172 0.107201 0.0187866 0.0449209 0.0613258 0.0761897 9.9991E-05 0.534878
0.212775 0.0186443 0.0166257 0.0674374 0.176064 9.9991E-05 0.132571 0.0648887 0.182582 0.128312
0.407618 9.9955E-05 9.9955E-05 9.9955E-05 0.0713737 9.9955E-05 0.130479 0.0224012 0.367628 9.9955E-05
0.388497 9.9964E-05 9.9964E-05 9.9964E-05 0.0830595 0.0218827 0.187495 0.0381992 0.280467 9.9964E-05
0.330305 0.0235063 9.9964E-05 9.9964E-05 0.203103 9.9964E-05 0.0219249 9.9964E-05 0.26105 0.159711
9.9946E-05 9.9946E-05 0.0654473 9.9946E-05 9.9946E-05 0.0443582 0.345943 9.9946E-05 9.9946E-05 0.543652
0.0220093 0.0313961 0.0876838 0.136888 0.0532258 0.0327979 0.0611395 9.9991E-05 0.0714236 0.503336
9.9946E-05 9.9946E-05 0.0367027 0.0458224 0.691663 9.9946E-05 9.9946E-05 9.9946E-05 9.9946E-05 0.225212
9.9964E-05 0.039992 0.0970996 0.139886 0.415041 9.9964E-05 9.9964E-05 0.0181071 9.9964E-05 0.289474
9.9955E-05 9.9955E-05 9.9955E-05 0.148816 0.369671 9.9955E-05 0.0395126 9.9955E-05 0.0681758 0.373324
9.9955E-05 9.9955E-05 0.076107 9.9955E-05 9.9955E-05 0.178019 0.472409 0.0120811 9.9955E-05 0.260884
0.10918 0.050699 0.0710618 0.0110503 0.0382264 0.149481 0.110055 0.00571235 0.00468198 0.449852
0.0593084 9.9982E-05 0.0728362 0.0747055 0.0287206 0.142209 0.55005 0.0071192 9.9982E-05 0.0648516
0.00172431 0.0233799 0.0838501 9.9964E-05 9.9964E-05 0.0746402 0.274108 9.9964E-05 9.9964E-05 0.541897
0.0378969 9.9991E-05 0.0272427 0.170466 0.00131754 0.123155 0.259273 0.0244695 0.00771859 0.34836
0.0371073 9.9964E-05 9.9964E-05 0.0898005 0.0469015 0.0277639 0.264915 9.9964E-05 9.9964E-05 0.533112
0.0935259 9.9973E-05 0.135596 0.126273 0.000151693 0.0903546 0.454717 9.9973E-05 9.9973E-05 0.0990818
0.00482006 0.00170099 0.0441247 0.142323 0.13705 9.9973E-05 0.0865304 9.9973E-05 9.9973E-05 0.583151
0.12634 9.9973E-05 0.00597096 0.0355824 0.00734953 0.0398163 0.251028 9.9973E-05 9.9973E-05 0.533613
9.9946E-05 9.9946E-05 0.0146766 9.9946E-05 0.903245 0.0292581 9.9946E-05 9.9946E-05 9.9946E-05 0.0522202
9.9937E-05 9.9937E-05 9.9937E-05 9.9937E-05 0.879627 0.0689333 9.9937E-05 9.9937E-05 9.9937E-05 0.0507399
9.9973E-05 9.9973E-05 0.0241334 0.0412701 0.60055 0.00898635 9.9973E-05 0.00177625 0.0501694 0.272815
9.9946E-05 0.051778 9.9946E-05 9.9946E-05 0.588657 0.0343372 9.9946E-05 9.9946E-05 9.9946E-05 0.324628
9.9955E-05 0.0479687 9.9955E-05 9.9955E-05 0.826363 9.9955E-05 0.0324271 9.9955E-05 0.00692738 0.085814
9.9928E-05 9.9928E-05 9.9928E-05 9.9928E-05 0.991908 9.9928E-05 9.9928E-05 0.00729301 9.9928E-05 9.9928E-05
9.9937E-05 0.0663801 9.9937E-05 9.9937E-05 0.930445 0.00247514 9.9937E-05 9.9937E-05 9.9937E-05 9.9937E-05
9.9937E-05 9.9937E-05 9.9937E-05 9.9937E-05 0.813821 0.0304665 9.9937E-05 9.9937E-05 9.9937E-05 0.155013
9.9937E-05 9.9937E-05 9.9937E-05 0.0392946 0.957104 9.9937E-05 9.9937E-05 0.0029021 9.9937E-05 9.9937E-05
9.99201E-05 9.99201E-05 9.99201E-05 9.99201E-05 0.999101 9.99201E-05 9.99201E-05 9.99201E-05 9.99201E-05 9.99201E-05
9.9928E-05 9.9928E-05 9.9928E-05 9.9928E-05 0.966462 9.9928E-05 9.9928E-05 0.0327384 9.9928E-05 9.9928E-05
9.9946E-05 9.9946E-05 9.9946E-05 0.109788 0.748172 9.9946E-05 9.9946E-05 0.0714597 9.9946E-05 0.0699806
0.0119883 0.00946804 9.9973E-05 0.00608897 0.789615 9.9973E-05 9.9973E-05 0.0015381 0.100069 0.080932
9.9946E-05 9.9946E-05 0.000452199 0.0420694 0.954135 9.9946E-05 9.9946E-05 0.00274414 9.9946E-05 9.9946E-05
9.9991E-05 0.0177799 0.124726 0.0344855 0.313465 0.0301167 0.0157768 0.0194889 0.0802319 0.36383
0.0290138 9.9973E-05 0.0542474 0.0503104 0.567761 9.9973E-05 9.9973E-05 0.0535925 0.0415285 0.203247
0.0399932 0.0376818 9.9964E-05 9.9964E-05 0.747814 9.9964E-05 9.9964E-05 0.0477684 0.000396914 0.125946
9.9937E-05 0.0507003 9.9937E-05 9.9937E-05 0.878053 9.9937E-05 9.9937E-05 9.9937E-05 9.9937E-05 0.0705472
0.00767513 9.9937E-05 9.9937E-05 9.9937E-05 0.980361 9.9937E-05 9.9937E-05 9.9937E-05 0.0112645 9.9937E-05
0.00666915 9.9964E-05 9.9964E-05 0.030167 0.870473 9.9964E-05 9.9964E-05 0.0265673 0.0478927 0.0178308
0.0218843 9.9937E-05 9.9937E-05 9.9937E-05 0.954069 9.9937E-05 9.9937E-05 0.0233475 9.9937E-05 9.9937E-05
0.0377725 0.10837 9.9964E-05 9.9964E-05 0.557125 0.0442961 9.9964E-05 0.0488064 9.9964E-05 0.20323
9.9964E-05 9.9964E-05 0.0231716 0.0713136 0.871995 0.00961291 9.9964E-05 0.00340269 0.0201042 9.9964E-05
0.206446 9.9946E-05 9.9946E-05 9.9946E-05 9.9946E-05 0.0363765 0.487051 9.9946E-05 0.269527 9.9946E-05
0.167198 0.0819379 9.9973E-05 9.9973E-05 0.0167411 9.9973E-05 0.197856 0.0235724 0.113039 0.399356
9.9964E-05 0.0574581 0.061047 9.9964E-05 0.0714681 9.9964E-05 0.249924 9.9964E-05 0.219999 0.339704
0.182925 9.9973E-05 0.0482282 9.9973E-05 0.0966754 9.9973E-05 0.414 0.0762054 0.0861125 0.0955538
0.0764126 0.0406557 9.9991E-05 0.0232993 0.111156 0.0906383 0.149816 0.054121 0.0514155 0.402386
0.0996583 9.9982E-05 9.9982E-05 0.0217253 0.0949981 0.0331619 0.403172 0.0286486 0.178911 0.139525
0.099341 0.0842135 9.9982E-05 0.0218498 0.0102809 0.0485626 0.0387429 9.9982E-05 0.209686 0.487123
0.0636446 9.9964E-05 0.0762039 9.9964E-05 0.193284 9.9964E-05 0.330401 9.9964E-05 0.114133 0.221934
0.0469122 9.9973E-05 9.9973E-05 0.0365499 0.125018 9.9973E-05 0.2545 0.062534 0.0728225 0.401363
0.0991492 9.9973E-05 9.9973E-05 9.9973E-05 0.202229 0.0234729 0.301876 0.0370924 0.0596734 0.276207
0.00602408 9.9982E-05 9.9982E-05 0.236801 0.0802367 0.0445949 0.173367 0.0234444 0.0920788 0.343252
0.0110699 0.112998 9.9973E-05 9.9973E-05 0.00273457 0.00868519 0.0390915 9.9973E-05 0.787072 0.0380492
0.0141292 9.9955E-05 9.9955E-05 9.9955E-05 0.0832031 0.00866015 9.9955E-05 0.070239 0.823269 9.9955E-05
0.0524954 9.9955E-05 9.9955E-05 0.0045828 9.9955E-05 9.9955E-05 9.9955E-05 0.0740979 0.847877 0.0204469
0.0215462 0.0684887 9.9955E-05 9.9955E-05 9.9955E-05 9.9955E-05 9.9955E-05 0.00441222 0.889485 0.0155677
0.0706556 0.0287445 9.9964E-05 0.0338895 0.0054854 9.9964E-05 9.9964E-05 0.146281 0.714544 9.9964E-05
0.0547624 9.9946E-05 9.9946E-05 9.9946E-05 0.0697282 9.9946E-05 9.9946E-05 0.10395 0.77096 9.9946E-05
9.9955E-05 0.0376761 9.9955E-05 9.9955E-05 0.0654181 9.9955E-05 9.9955E-05 0.0602702 0.788975 0.0471608
0.0239417 9.9973E-05 9.9973E-05 0.00553279 9.9973E-05 0.0529172 0.0216575 0.0553378 0.768734 0.0715788
0.0468626 9.9955E-05 0.0364402 9.9955E-05 9.9955E-05 9.9955E-05 9.9955E-05 0.0352517 0.816151 0.0647949
0.119017 9.9964E-05 9.9964E-05 0.0543342 0.0618929 9.9964E-05 9.9964E-05 0.0502105 0.703053 0.0110926
9.9964E-05 0.0742528 0.0285852 0.260261 9.9964E-05 0.0342729 9.9964E-05 0.0642737 0.537954 9.9964E-05
9.9964E-05 0.172451 0.0257073 0.191243 9.9964E-05 0.0406381 9.9964E-05 0.0357052 0.533856 9.9964E-05
9.9973E-05 0.0672962 0.0433278 0.24295 9.9973E-05 0.0427021 0.0423768 0.0333182 0.527729 9.9973E-05
9.9955E-05 0.0741689 0.0531353 0.303059 9.9955E-05 9.9955E-05 0.0481333 9.9955E-05 0.521004 9.9955E-05
0.00258096 0.0480025 0.272794 0.101709 0.00798595 9.9982E-05 9.9982E-05 0.00910769 0.0849608 0.472659
9.9973E-05 0.113084 0.19399 0.0875375 9.9973E-05 0.0231206 0.0290526 9.9973E-05 0.0415743 0.511341
9.9973E-05 0.0701967 0.170592 0.169933 0.0130612 9.9973E-05 0.00969085 0.0308757 9.9973E-05 0.535351
0.0235323 0.112848 0.184478 0.271512 9.9964E-05 9.9964E-05 9.9964E-05 0.0561374 9.9964E-05 0.351093
9.9955E-05 0.281021 0.0998961 0.452302 9.9955E-05 0.0595319 9.9955E-05 9.9955E-05 9.9955E-05 0.106749
9.9973E-05 0.0336189 0.0842684 9.9973E-05 9.9973E-05 0.0457868 0.131728 0.0120299 0.034186 0.658082
9.9955E-05 9.9955E-05 0.262185 0.140139 9.9955E-05 0.0104601 0.0479832 9.9955E-05 9.9955E-05 0.538733
0.0118734 0.0409564 0.210526 0.168066 0.0194699 0.0366125 9.9982E-05 0.00556147 9.9982E-05 0.506734
9.9946E-05 9.9946E-05 0.53275 9.9946E-05 0.0102156 9.9946E-05 0.0730975 9.9946E-05 9.9946E-05 0.383337
9.9973E-05 0.0878722 0.163043 9.9973E-05 9.9973E-05 0.0950008 0.0127928 0.00832967 0.0327521 0.59991
9.9964E-05 0.0550031 0.368663 0.14182 9.9964E-05 0.0278741 9.9964E-05 0.0200301 9.9964E-05 0.386209
9.9946E-05 0.0507038 0.746575 0.025787 9.9946E-05 0.176335 9.9946E-05 9.9946E-05 9.9946E-05 9.9946E-05
0.0847559 0.150257 0.041388 0.270443 9.9964E-05 9.9964E-05 9.9964E-05 9.9964E-05 0.00126593 0.45149
0.045082 9.9982E-05 0.520369 0.0168283 9.9982E-05 0.111707 0.0414693 0.00625702 0.0123563 0.245731
9.9955E-05 0.00806034 0.366874 9.9955E-05 9.9955E-05 0.0983737 0.0281104 9.9955E-05 9.9955E-05 0.498081
9.9955E-05 0.0803876 0.534724 0.210215 9.9955E-05 9.9955E-05 9.9955E-05 9.9955E-05 0.0443862 0.129788
0.0328661 0.794115 9.9955E-05 9.9955E-05 9.9955E-05 9.9955E-05 0.0729204 9.9955E-05 0.0742811 0.0253172
9.9946E-05 0.744859 9.9946E-05 9.9946E-05 9.9946E-05 9.9946E-05 0.211341 9.9946E-05 0.0212441 0.0219558
9.9946E-05 0.880009 9.9946E-05 9.9946E-05 9.9946E-05 0.0192683 0.0804728 0.0196499 9.9946E-05 9.9946E-05
9.9955E-05 0.830896 0.0147189 9.9955E-05 9.9955E-05 0.00794483 0.0565376 9.9955E-05 0.0894028 9.9955E-05
9.9964E-05 0.835623 0.0120726 9.9964E-05 0.0332165 9.9964E-05 0.0994055 0.0120819 9.9964E-05 0.00720031
0.0149227 0.810684 9.9955E-05 9.9955E-05 0.0333407 9.9955E-05 0.0494538 9.9955E-05 9.9955E-05 0.0910991
9.9955E-05 9.9955E-05 9.9955E-05 9.9955E-05 0.0526528 0.0155753 9.9955E-05 0.0928485 0.759491 0.0789327
0.0482908 0.0406433 9.9964E-05 0.0247844 0.0345823 9.9964E-05 9.9964E-05 9.9964E-05 0.798251 0.0530487
9.9955E-05 9.9955E-05 9.9955E-05 0.000721824 0.124636 9.9955E-05 9.9955E-05 0.0812143 0.679081 0.113846
9.9964E-05 0.0165895 9.9964E-05 0.0836861 0.133706 9.9964E-05 9.9964E-05 0.0523047 0.698267 0.0150475
0.0355748 9.9964E-05 9.9964E-05 9.9964E-05 0.102032 9.9964E-05 0.0594396 0.00171813 0.742367 0.0584679
0.0261958 0.443723 9.9964E-05 0.11195 9.9964E-05 9.9964E-05 0.0595117 0.0292122 0.329008 9.9964E-05
9.9955E-05 0.364408 9.9955E-05 9.9955E-05 9.9955E-05 0.117343 0.0682273 0.0145671 0.434955 9.9955E-05
9.9964E-05 0.397121 0.0440397 9.9964E-05 0.0217221 0.11398 9.9964E-05 0.0150958 0.407642 9.9964E-05
9.99201E-05 9.99201E-05 9.99201E-05 9.99201E-05 9.99201E-05 9.99201E-05 9.99201E-05 0.999101 9.99201E-05 9.99201E-05
0.0672804 0.456688 0.0987827 0.00231573 9.9982E-05 0.00129789 0.00828848 0.0322174 0.332929 9.9982E-05
0.279274 9.9964E-05 9.9964E-05 9.9964E-05 0.273081 0.0270497 0.0129566 9.9964E-05 0.084625 0.322614
9.9973E-05 0.0546061 9.9973E-05 0.0226644 0.154412 9.9973E-05 0.00583957 0.0307721 0.112922 0.618484
0.0340333 9.9964E-05 9.9964E-05 0.000671771 0.231945 9.9964E-05 9.9964E-05 0.065654 0.139266 0.52803
0.100538 0.0541809 0.0231054 9.9982E-05 0.16266 0.0150631 0.0280732 9.9982E-05 0.211922 0.404258
9.9982E-05 0.0997406 0.0163926 9.9982E-05 0.145198 0.0460298 0.113278 0.0381091 0.0572735 0.483778
0.328338 9.9973E-05 9.9973E-05 9.9973E-05 0.253087 0.0243878 0.0772027 0.00934826 0.306897 0.000439733
9.9973E-05 0.142856 0.0740524 0.24228 9.9973E-05 0.0959427 0.0539767 0.0194771 9.9973E-05 0.371115
0.120701 0.0857643 0.131795 0.163497 9.9982E-05 0.191793 0.0026673 0.00495367 9.9982E-05 0.298629
9.9955E-05 0.0664141 9.9955E-05 0.630569 9.9955E-05 9.9955E-05 9.9955E-05 0.0319684 0.0988021 0.171747
9.9964E-05 0.0554342 0.0505258 0.210396 9.9964E-05 0.214463 0.0360309 9.9964E-05 9.9964E-05 0.43275
0.172454 0.0416477 0.317591 0.155217 9.9964E-05 0.281021 0.0316696 9.9964E-05 9.9964E-05 9.9964E-05
0.0579037 9.9973E-05 0.0348065 0.250323 0.0302144 0.116672 9.9973E-05 9.9973E-05 0.0824206 0.42736
9.9982E-05 0.058386 0.0445311 0.223646 9.9982E-05 0.177263 0.0220903 0.0135905 0.0155697 0.444723
9.9991E-05 0.131528 0.00915185 0.493886 0.00846304 0.0363618 0.0513531 0.029347 0.0167548 0.223055
9.9973E-05 0.0572607 0.0416593 0.229482 0.0497213 9.9973E-05 0.100806 9.9973E-05 0.0521871 0.468583
0.167623 9.9964E-05 0.134937 0.447527 9.9964E-05 0.124421 0.112857 9.9964E-05 9.9964E-05 0.0122356
9.9964E-05 0.0496693 0.112702 0.149522 9.9964E-05 0.144221 0.0841364 9.9964E-05 9.9964E-05 0.45935
0.0113027 0.156456 0.0200538 0.264691 0.0223341 0.00181641 0.0127598 0.0101604 9.9991E-05 0.500326
0.0487577 0.0603504 0.133011 0.0794646 0.176284 0.0789634 0.0367192 0.0269677 0.0850443 0.274438
0.0225914 0.0697118 0.00864891 0.302439 9.9973E-05 0.241799 0.033365 9.9973E-05 9.9973E-05 0.321146
9.9991E-05 0.216965 0.113522 0.0488758 0.0203002 0.124576 0.0168496 0.00530124 0.0405739 0.412937
9.9982E-05 0.0206861 0.0599122 0.1369 0.0834414 0.055556 0.180316 9.9982E-05 0.0238627 0.439125
0.03877 0.042966 0.084253 0.134586 0.00445763 0.0819824 0.113064 9.9982E-05 9.9982E-05 0.499722
0.00839331 0.129663 0.0757126 0.0317825 0.0389553 0.00874563 0.0290915 0.0179602 9.9991E-05 0.659596
0.0619487 9.9973E-05 0.0111687 0.13444 9.9973E-05 0.133609 9.9973E-05 0.00588151 0.064479 0.588173
0.105391 0.142979 0.0221542 0.101254 9.9982E-05 9.9982E-05 0.0330223 0.0513305 0.00567373 0.537995
0.0114701 9.9946E-05 9.9946E-05 9.9946E-05 0.0495862 9.9946E-05 9.9946E-05 9.9946E-05 0.763919 0.174425
9.9964E-05 9.9964E-05 0.0165691 9.9964E-05 9.9964E-05 0.0124766 0.014687 0.0216542 0.799379 0.134834
0.032617 0.0131234 0.0161023 0.0575567 9.9982E-05 0.00834302 0.0665032 9.9982E-05 0.733251 0.0723033
9.9973E-05 0.0748101 0.0649828 9.9973E-05 0.018331 0.0181161 9.9973E-05 0.0263802 0.784403 0.0126769
9.9955E-05 9.9955E-05 9.9955E-05 9.9955E-05 0.00696273 9.9955E-05 0.0308668 0.071551 0.745983 0.144137
0.0761629 0.163155 0.0158499 0.583246 0.0397725 0.00240287 0.0487472 9.9982E-05 9.9982E-05 0.0704645
0.0428367 0.0436491 9.9973E-05 0.250876 0.0131254 0.170977 9.9973E-05 0.0517412 9.9973E-05 0.426494
0.0813813 0.0792557 9.9991E-05 0.0794241 0.128102 0.118852 0.0551328 0.0186891 0.110922 0.328141
0.0300016 0.0312652 9.9973E-05 0.225723 9.9973E-05 0.0382907 0.0078058 0.0801448 9.9973E-05 0.586469
0.120424 0.0746673 0.0886506 0.197892 9.9973E-05 9.9973E-05 9.9973E-05 0.00207525 0.0500737 0.465918
0.146308 0.118384 9.9982E-05 0.26752 0.0186159 0.148117 0.0660013 0.00396174 9.9982E-05 0.230892
0.136082 0.17963 9.9964E-05 0.567342 9.9964E-05 9.9964E-05 0.00751884 0.0518173 0.0572105 9.9964E-05
9.9982E-05 0.141874 0.0505375 0.264325 0.00732767 0.0281464 0.0430088 0.00388973 9.9982E-05 0.460691
9.9982E-05 0.176804 9.9982E-05 0.387343 0.0484609 0.186793 0.0765588 0.0242654 0.0322021 0.0673719
0.0886513 0.0848637 0.0494055 0.169134 0.0580093 0.217012 9.9973E-05 9.9973E-05 9.9973E-05 0.332625
0.0516515 0.189535 9.9973E-05 0.474724 9.9973E-05 0.145945 9.9973E-05 0.0182039 0.0809297 0.038712
0.0889051 0.15047 9.9991E-05 0.0437204 0.00555131 0.0379737 0.0229698 0.0213414 0.0501762 0.578793
9.9973E-05 0.110024 9.9973E-05 0.668707 0.0340586 0.0149291 9.9973E-05 0.00346447 0.0754724 0.0930451
0.0610222 0.101715 0.0712316 0.223621 0.00218681 0.140625 0.0774237 0.0173186 0.01597 0.288886
0.0565687 9.9982E-05 0.00657622 0.104233 0.0772839 0.0760281 0.169802 0.0352411 9.9982E-05 0.474066
0.0257218 0.0398572 0.0373544 0.0492542 0.0655092 0.0279365 0.612506 9.9982E-05 9.9982E-05 0.14166
9.9982E-05 0.010507 0.0683832 0.0751948 0.0359153 9.9982E-05 0.341873 0.00932745 0.03531 0.423289
0.016719 0.031032 0.133266 0.0141954 0.0616833 9.9982E-05 0.24872 0.0757802 9.9982E-05 0.418405
9.9964E-05 0.0376993 0.0676665 0.0795502 9.9964E-05 0.0095426 0.555855 9.9964E-05 9.9964E-05 0.249287
0.101182 0.0712011 0.00938537 0.0692173 0.0339664 0.0116752 0.17108 0.0073672 9.9991E-05 0.524826
0.0850389 0.093281 0.0293818 9.9982E-05 9.9982E-05 0.0515888 0.267759 0.030199 0.0074801 0.435071
9.9964E-05 0.0710897 0.114524 0.00822537 9.9964E-05 0.0833236 0.664124 9.9964E-05 9.9964E-05 0.058314
0.0789314 9.9964E-05 0.077965 0.0158871 9.9964E-05 0.04645 0.592485 9.9964E-05 9.9964E-05 0.187882
9.9964E-05 0.043133 9.9964E-05 0.0262821 9.9964E-05 0.0640531 0.383312 0.0417849 9.9964E-05 0.441035
9.9955E-05 9.9955E-05 0.184335 0.0504558 9.9955E-05 0.0520668 0.619081 9.9955E-05 9.9955E-05 0.0935612
0.000804709 9.9964E-05 0.062062 0.163248 9.9964E-05 9.9964E-05 0.387927 9.9964E-05 0.00649753 0.379061
0.0356731 0.136021 0.109508 0.614808 0.0350798 0.0391497 9.9982E-05 0.00815746 0.0214027 9.9982E-05
0.0582082 0.129849 0.0638835 0.307961 9.9964E-05 0.24568 9.9964E-05 9.9964E-05 9.9964E-05 0.194018
0.031254 0.197924 0.0328057 0.349 0.0496248 0.0910608 9.9973E-05 9.9973E-05 9.9973E-05 0.24803
0.0395146 0.10202 9.9973E-05 0.214353 0.0582273 9.9973E-05 9.9973E-05 0.0172582 0.000105087 0.568222
9.9973E-05 0.194414 0.120661 0.440119 9.9973E-05 0.0211893 0.0143863 0.0154976 9.9973E-05 0.193433
0.108936 0.104004 0.0384609 0.0748719 0.0678615 0.0138925 0.0382143 0.0310227 0.0322068 0.49053
0.0615621 0.145844 9.9973E-05 0.182726 0.0677522 0.016715 9.9973E-05 0.0309931 9.9973E-05 0.494108
0.000783623 0.0849865 9.9955E-05 0.421534 0.0997531 9.9955E-05 9.9955E-05 9.9955E-05 9.9955E-05 0.392443
9.9982E-05 0.0904478 0.0692539 0.230236 0.0301788 0.143454 9.9982E-05 0.0428711 0.0133579 0.380001
9.9973E-05 0.22172 0.037399 0.29672 9.9973E-05 9.9973E-05 0.0055641 0.000541337 0.0317135 0.406042
9.9964E-05 0.111876 0.0939582 0.617599 0.13495 9.9964E-05 9.9964E-05 0.0131498 9.9964E-05 0.0280674
9.9955E-05 0.200109 0.0537577 0.360691 0.0922132 9.9955E-05 9.9955E-05 9.9955E-05 9.9955E-05 0.292729
9.9964E-05 0.0840969 0.0324473 0.150315 9.9964E-05 0.0717472 0.0651077 9.9964E-05 9.9964E-05 0.595886
0.0405558 9.9982E-05 0.0289916 0.172033 9.9982E-05 0.029267 0.0189372 0.0104393 0.0903332 0.609243
0.0866929 0.0742416 0.0230597 0.271303 9.9982E-05 0.127516 0.0158189 0.0146268 9.9982E-05 0.386541
9.9955E-05 0.107396 9.9955E-05 0.226589 0.0666703 0.161837 9.9955E-05 9.9955E-05 9.9955E-05 0.437008
0.0243927 0.188144 9.9973E-05 0.386335 0.0729805 9.9973E-05 0.0576197 0.0333198 9.9973E-05 0.236908
9.9982E-05 0.0331106 0.0191042 0.238729 0.0105854 0.0320331 0.0463483 9.9982E-05 0.0308212 0.589068
9.9973E-05 0.14722 0.0255931 0.122054 0.0497113 0.120567 9.9973E-05 9.9973E-05 0.0191404 0.515414
0.0433779 0.0236236 0.0670121 0.177919 0.00399496 9.9991E-05 0.0513899 0.053316 0.0663333 0.512933
0.0575991 9.9982E-05 0.0456098 0.0122963 0.0585116 9.9982E-05 0.0930197 0.0401606 0.285034 0.407569
0.0871131 9.9982E-05 0.0170904 0.0498183 0.0818951 0.100883 9.9982E-05 0.037005 0.0832795 0.542715
0.0359102 0.0026338 0.0327429 0.0625472 0.0967923 9.9991E-05 0.062913 0.0399851 0.0971913 0.569184
0.104913 9.9973E-05 9.9973E-05 0.114014 0.0592855 0.134087 0.0210457 0.0517195 9.9973E-05 0.514635
0.119649 9.9973E-05 9.9973E-05 0.0510156 0.108239 0.0529522 9.9973E-05 0.0552168 0.163893 0.448734
9.9964E-05 9.9964E-05 0.0243535 0.284495 0.0117312 0.131112 0.141704 9.9964E-05 9.9964E-05 0.406204
0.0582313 0.114908 0.0433652 9.9964E-05 0.109854 9.9964E-05 9.9964E-05 9.9964E-05 0.139537 0.533704
0.337044 9.9973E-05 0.11906 0.123307 0.0715041 0.0484535 0.152237 9.9973E-05 0.148094 9.9973E-05
0.07956 0.0214136 9.9991E-05 0.212701 0.0767124 0.00705143 0.0512313 0.0185241 0.105916 0.42679
0.0533899 0.0455212 0.0606235 0.00767121 0.0904645 0.0856204 0.00929845 0.0878478 0.0212236 0.538339
9.9973E-05 9.9973E-05 0.0496756 0.0243045 0.157052 0.200906 9.9973E-05 0.000996842 0.126402 0.440364
0.196405 0.00517239 0.0348647 0.223657 0.114803 0.0693948 0.0287289 0.0469929 0.0611803 0.218801
0.0955177 9.9982E-05 0.0399764 0.0285796 0.0542747 9.9982E-05 0.0361711 0.0107564 0.168543 0.565981
0.0715188 9.9982E-05 9.9982E-05 0.0113867 0.142497 0.015802 0.0609705 0.0293959 0.133623 0.534607
0.44055 9.9964E-05 0.0295383 9.9964E-05 0.127248 9.9964E-05 0.0700795 0.0318833 0.300301 9.9964E-05
0.18468 0.0439882 0.0502219 0.046825 0.187519 9.9982E-05 9.9982E-05 0.0345457 0.0128536 0.439167
0.102589 9.9964E-05 9.9964E-05 0.0846658 0.142589 0.0534864 9.9964E-05 9.9964E-05 0.111087 0.505183
0.062433 9.9982E-05 9.9982E-05 0.221343 0.0791896 0.011102 0.0371575 0.0126983 0.102415 0.473462
0.173027 0.0209745 9.9973E-05 9.9973E-05 0.0830614 9.9973E-05 0.0161784 0.0123324 0.128122 0.566004
0.0382395 0.028737 0.0578516 0.0985932 0.192684 0.0469662 0.0752239 0.0503263 0.025274 0.386104
9.9973E-05 9.9973E-05 0.0411251 9.9973E-05 0.00799162 0.490709 0.0110816 0.0410096 0.0168006 0.390982
0.0172754 0.00712993 9.9991E-05 0.130577 0.0289822 0.168324 0.0100828 0.0173676 0.0959103 0.524251
9.9946E-05 9.9946E-05 0.0516544 0.14771 9.9946E-05 0.775213 0.024823 9.9946E-05 9.9946E-05 9.9946E-05
9.9946E-05 0.0382329 0.000689183 0.0607258 9.9946E-05 0.899752 9.9946E-05 9.9946E-05 9.9946E-05 9.9946E-05
9.9973E-05 9.9973E-05 0.0866689 0.110972 0.0336979 0.241613 0.00349731 9.9973E-05 0.054295 0.468956
0.0806666 0.0188231 9.9964E-05 9.9964E-05 0.213408 0.154684 9.9964E-05 9.9964E-05 0.0726978 0.459321
0.151349 9.9964E-05 9.9964E-05 9.9964E-05 0.305836 0.177694 9.9964E-05 0.0126465 0.0293574 0.322717
0.151788 9.9982E-05 9.9982E-05 0.0387549 0.310645 0.149675 0.0859692 0.0212453 0.126426 0.115296
0.179163 9.9973E-05 9.9973E-05 0.123176 0.187523 0.0947402 9.9973E-05 0.048152 0.0401697 0.326776
0.17266 9.9964E-05 9.9964E-05 9.9964E-05 0.0469763 0.626227 0.121381 9.9964E-05 0.00536096 0.0269953
0.171753 9.9964E-05 9.9964E-05 9.9964E-05 0.0244399 0.627332 9.9964E-05 0.00794912 0.0125468 0.15558
9.9955E-05 9.9955E-05 9.9955E-05 9.9955E-05 0.0929507 0.332087 9.9955E-05 0.0201666 0.0132583 0.541038
9.9946E-05 9.9946E-05 9.9946E-05 9.9946E-05 0.101466 0.475538 9.9946E-05 9.9946E-05 0.069351 0.353045
0.0773762 9.9964E-05 9.9964E-05 9.9964E-05 0.0646364 0.660659 9.9964E-05 0.0790774 0.0138362 0.104015
0.00756367 0.0321211 9.9982E-05 0.0437745 0.0598222 0.310326 9.9982E-05 0.0102703 0.0739647 0.461957
0.0117352 0.0573451 9.9982E-05 9.9982E-05 0.0462045 0.313814 0.0263066 0.00294725 0.0296463 0.511801
9.9982E-05 0.0820844 0.0300971 0.121549 0.1304 0.124181 0.106517 9.9982E-05 0.0577374 0.347234
9.9955E-05 0.0321695 9.9955E-05 0.128915 9.9955E-05 0.592532 9.9955E-05 0.0113841 9.9955E-05 0.2345
9.9955E-05 9.9955E-05 0.0248295 0.212655 9.9955E-05 0.487609 9.9955E-05 0.054435 9.9955E-05 0.219972
0.0355411 0.122708 0.0548713 0.035863 9.9964E-05 0.262718 9.9964E-05 9.9964E-05 9.9964E-05 0.487898
9.9982E-05 0.123696 0.0567318 0.00012031 0.0766417 0.385091 0.00465925 0.0294233 9.9982E-05 0.323437
0.123419 0.105273 0.0801749 0.0628172 0.110105 0.0673204 0.0916345 9.9991E-05 0.0189317 0.340225
9.9973E-05 0.0209987 9.9973E-05 0.0168316 9.9973E-05 0.41099 0.11227 0.0390281 0.00341531 0.396166
9.9946E-05 0.0607591 9.9946E-05 9.9946E-05 9.9946E-05 0.756534 0.0167694 9.9946E-05 9.9946E-05 0.165338
9.9955E-05 9.9955E-05 0.0566451 9.9955E-05 9.9955E-05 0.333962 9.9955E-05 0.0261113 0.0135488 0.569233
0.0111624 0.00101949 0.0280771 0.0523979 0.0170781 0.776547 9.9973E-05 9.9973E-05 9.9973E-05 0.113418
0.0277491 0.0425711 9.9964E-05 9.9964E-05 9.9964E-05 0.553468 0.0209905 0.045884 9.9964E-05 0.308938
0.0139609 0.0539302 9.9973E-05 0.028536 9.9973E-05 0.22863 9.9973E-05 0.0906341 0.0434307 0.540578
9.9982E-05 0.0332832 0.104368 9.9982E-05 0.0110035 0.370738 0.0433022 0.00490535 0.000535439 0.431664
9.9964E-05 9.9964E-05 9.9964E-05 0.126905 0.213022 9.9964E-05 0.237784 0.0323652 0.0482621 0.341261
0.119099 0.0972956 9.9982E-05 0.053424 0.153848 0.0980333 0.0721761 9.9982E-05 0.0224034 0.383521
0.126779 9.9982E-05 9.9982E-05 0.0958014 0.212323 0.0444327 0.155093 0.0136918 0.0478644 0.303814
0.0506794 0.0449536 0.0719613 0.0390938 0.199498 0.0617448 0.0944851 0.0712605 0.10284 0.263483
9.9973E-05 0.0879992 0.0945711 9.9973E-05 0.112322 9.9973E-05 0.0561773 0.0184208 0.153841 0.476368
0.090712 0.0308181 0.0616093 9.9991E-05 0.09684 0.148477 0.0293574 0.0814743 0.0124026 0.448209
0.079943 0.0146153 9.9973E-05 9.9973E-05 0.0774558 0.617784 0.0275944 0.0417265 0.140581 9.9973E-05
0.0968057 0.00207153 9.9982E-05 9.9982E-05 0.0964397 0.117068 0.0137135 0.00598032 0.0448191 0.622902
0.28056 9.9946E-05 9.9946E-05 9.9946E-05 0.0442898 0.382976 9.9946E-05 9.9946E-05 0.291575 9.9946E-05
0.0341863 9.9955E-05 9.9955E-05 9.9955E-05 0.0878217 0.299418 9.9955E-05 9.9955E-05 0.073531 0.504543
9.9928E-05 9.9928E-05 0.130489 9.9928E-05 9.9928E-05 0.868711 9.9928E-05 9.9928E-05 9.9928E-05 9.9928E-05
9.9946E-05 9.9946E-05 0.0410053 0.0544809 9.9946E-05 0.889756 9.9946E-05 0.0141583 9.9946E-05 9.9946E-05
9.9955E-05 9.9955E-05 0.0255771 0.0715488 9.9955E-05 0.482921 9.9955E-05 0.0151557 9.9955E-05 0.404298
