0.0609086 0.712384 9.9955E-05 0.0495289 0.0469729 9.9955E-05 0.129706 9.9955E-05 9.9955E-05 9.9955E-05
9.9946E-05 0.752588 9.9946E-05 9.9946E-05 9.9946E-05 9.9946E-05 0.183504 9.9946E-05 0.00637518 0.0569331
0.0243704 0.652545 0.115628 9.9955E-05 0.0291087 9.9955E-05 0.177848 9.9955E-05 9.9955E-05 9.9955E-05
0.0543018 0.802693 0.114438 0.0279676 9.9946E-05 9.9946E-05 9.9946E-05 9.9946E-05 9.9946E-05 9.9946E-05
0.0180898 0.650702 9.9964E-05 0.060345 9.9964E-05 9.9964E-05 0.228351 0.00999984 9.9964E-05 0.0321122
9.9946E-05 0.428318 9.9946E-05 0.0966881 9.9946E-05 9.9946E-05 0.173356 0.301038 9.9946E-05 9.9946E-05
9.9928E-05 0.791037 9.9928E-05 9.9928E-05 9.9928E-05 9.9928E-05 9.9928E-05 0.208164 9.9928E-05 9.9928E-05
0.0325131 0.673267 9.9955E-05 0.0187461 9.9955E-05 9.9955E-05 0.0424208 0.232553 9.9955E-05 9.9955E-05
0.0585407 0.672874 9.99639E-05 9.99639E-05 0.0664676 0.0365708 0.158797 9.99639E-05 9.99639E-05 0.0063496
9.9946E-05 0.692098 0.0296033 0.0875285 9.9946E-05 9.9946E-05 9.9946E-05 0.19017 9.9946E-05 9.9946E-05
0.0448071 0.662778 9.9955E-05 9.9955E-05 9.9955E-05 9.9955E-05 0.0387046 0.241629 0.0115815 9.9955E-05
9.9955E-05 9.9955E-05 0.0319617 0.126345 9.9955E-05 9.9955E-05 0.00546158 0.0108 0.824932 9.9955E-05
9.9955E-05 0.0139229 0.471181 0.0782764 0.0131325 9.9955E-05 9.9955E-05 9.9955E-05 0.422987 9.9955E-05
9.9964E-05 0.0778641 0.093128 0.0813773 0.00942144 9.9964E-05 9.9964E-05 9.9964E-05 0.736585 0.00122478
9.9955E-05 0.01073 0.135393 0.163944 9.9955E-05 9.9955E-05 0.00714622 9.9955E-05 0.682288 9.9955E-05
9.9973E-05 0.103586 0.270029 0.139139 0.0180405 9.9973E-05 9.9973E-05 0.0342528 0.349551 0.0851025
9.9955E-05 9.9955E-05 0.384923 0.147357 9.9955E-05 9.9955E-05 0.0720043 0.104353 0.290862 9.9955E-05
9.9973E-05 9.9973E-05 0.315205 0.138987 9.9973E-05 0.0537745 0.0391741 0.0940254 0.342532 0.0160025
9.9946E-05 0.125714 0.271661 9.9946E-05 0.083068 9.9946E-05 9.9946E-05 9.9946E-05 0.518957 9.9946E-05
9.9946E-05 0.0662409 9.9946E-05 0.0165558 9.9946E-05 9.9946E-05 9.9946E-05 0.0897308 0.826873 9.9946E-05
9.9973E-05 9.9973E-05 0.269245 0.0725308 9.9973E-05 0.0526634 0.0963983 0.0212438 0.446027 0.0415922
0.076059 9.9991E-05 0.405872 0.0520879 0.043361 0.0334689 0.0238554 0.0426882 0.25488 0.0676271
9.9973E-05 9.9973E-05 0.370724 0.115245 9.9973E-05 0.00885829 0.0456788 0.136426 0.295443 0.0273242
9.9955E-05 9.9955E-05 0.121523 0.108505 9.9955E-05 0.0192935 9.9955E-05 0.0531604 0.697018 9.9955E-05
9.9955E-05 0.0941664 0.646273 9.9955E-05 0.0534317 9.9955E-05 9.9955E-05 0.0589597 0.14667 9.9955E-05
9.9955E-05 0.00492882 0.444984 0.0956626 9.9955E-05 9.9955E-05 9.9955E-05 0.00517362 0.448751 9.9955E-05
9.9946E-05 9.9946E-05 9.9946E-05 0.119879 9.9946E-05 9.9946E-05 0.00432683 0.0356351 0.83956 9.9946E-05
9.9937E-05 0.0298571 9.9937E-05 0.201889 9.9937E-05 9.9937E-05 9.9937E-05 9.9937E-05 0.767555 9.9937E-05
9.9946E-05 9.9946E-05 0.0219313 0.0693371 9.9946E-05 9.9946E-05 9.9946E-05 0.0229863 0.885146 9.9946E-05
9.9937E-05 0.859183 0.105075 0.0350419 9.9937E-05 9.9937E-05 9.9937E-05 9.9937E-05 9.9937E-05 9.9937E-05
9.9928E-05 0.848386 0.150814 9.9928E-05 9.9928E-05 9.9928E-05 9.9928E-05 9.9928E-05 9.9928E-05 9.9928E-05
9.9955E-05 0.649399 0.110354 0.0397174 9.9955E-05 9.9955E-05 0.150602 9.9955E-05 0.0494273 9.9955E-05
9.9964E-05 0.685896 0.0610349 0.1292 0.0445129 0.0556036 0.0233523 9.9964E-05 9.9964E-05 9.9964E-05
9.9973E-05 0.00354038 0.470766 9.9973E-05 9.9973E-05 0.204668 0.0759732 0.106344 0.108874 0.0295342
9.9946E-05 0.101399 0.465672 9.9946E-05 9.9946E-05 0.353811 9.9946E-05 9.9946E-05 0.0785178 9.9946E-05
9.9964E-05 0.0403541 0.550431 0.00525707 9.9964E-05 0.344061 0.00563532 0.0538616 9.9964E-05 9.9964E-05
0.14474 0.0735293 0.0775543 9.9982E-05 0.0215686 0.0109861 0.0155993 9.9982E-05 0.644784 0.0110381
9.9964E-05 9.9964E-05 0.302451 0.0332834 0.0270268 0.587617 0.0449544 0.00426694 9.9964E-05 9.9964E-05
9.9973E-05 0.0688417 0.501347 0.0205955 9.9973E-05 0.163754 9.9973E-05 0.0115265 0.217586 0.0160487
9.9946E-05 9.9946E-05 0.721114 9.9946E-05 0.0527299 0.1106 9.9946E-05 0.114956 9.9946E-05 9.9946E-05
0.0255268 0.0915858 0.43431 0.0545662 9.9982E-05 0.0832256 0.0169804 0.28372 0.00988528 9.9982E-05
0.0339495 0.131001 0.496389 0.0388195 9.9982E-05 0.135683 9.9982E-05 0.0850815 0.0643381 0.0145382
9.9955E-05 0.0403752 0.0574409 9.9955E-05 0.0245134 0.614705 9.9955E-05 9.9955E-05 0.262466 9.9955E-05
9.9964E-05 9.9964E-05 0.46396 0.0611506 0.0697026 9.9964E-05 0.0116109 0.313232 0.0799447 9.9964E-05
9.9973E-05 0.0755259 0.501369 0.0554595 9.9973E-05 0.207832 9.9973E-05 0.117322 0.00449322 0.037698
9.9973E-05 0.133739 0.559448 9.9973E-05 0.142574 0.0542787 0.00569269 9.9973E-05 0.0492172 0.0547504
9.9955E-05 9.9955E-05 0.283796 0.00980204 0.0109752 0.631138 9.9955E-05 9.9955E-05 9.9955E-05 0.0637893
9.9973E-05 0.0197562 0.516908 0.0996863 9.9973E-05 0.295225 0.0280239 0.0230202 0.0170808 9.9973E-05
9.9964E-05 9.9964E-05 0.440655 0.078984 0.0763043 0.237446 0.0736661 9.9964E-05 0.092544 9.9964E-05
0.0128308 0.0190388 9.9946E-05 9.9946E-05 0.214002 0.753528 9.9946E-05 9.9946E-05 9.9946E-05 9.9946E-05
0.195721 0.0164354 0.111593 0.0011539 0.0271005 0.133164 9.9991E-05 0.0449594 0.426067 0.0437061
9.9964E-05 9.9964E-05 9.9964E-05 9.9964E-05 0.189146 0.20323 0.0584707 0.148556 0.310393 0.0898042
0.0584849 0.0802068 0.536528 0.0379234 0.001016 0.0354527 0.0690509 0.00922134 0.107093 0.0650234
0.0252672 0.0355716 0.606217 0.0514506 0.118298 9.9991E-05 0.0250548 0.0512099 0.0830619 0.00376841
0.117664 0.0352848 0.578322 9.9982E-05 0.106327 0.0927219 0.0462379 9.9982E-05 0.0115792 0.0116638
0.184382 0.136596 0.1354 9.9982E-05 0.00906431 0.225876 0.000298211 9.9982E-05 0.269984 0.0381985
0.0909327 9.9991E-05 0.565463 0.0027501 0.0330647 0.0114932 0.023814 0.0384956 0.215288 0.0185991
0.00106988 9.9982E-05 0.539481 0.0293846 0.0785908 9.9982E-05 0.0381031 0.0772113 0.213039 0.0229201
9.9973E-05 0.10099 0.181608 0.0632304 9.9973E-05 0.16271 9.9973E-05 0.125144 0.298345 0.0676725
0.05588 0.0332186 0.037617 9.9991E-05 0.168444 0.0766682 0.128794 0.0665495 0.41078 0.0219489
9.9964E-05 0.0397611 0.496036 0.0511757 0.111242 0.118324 9.9964E-05 9.9964E-05 0.18306 9.9964E-05
0.00567109 0.0242044 0.344549 0.0389071 0.131978 0.0392938 9.9982E-05 9.9982E-05 0.289483 0.125714
0.0887759 0.0607027 9.9964E-05 9.9964E-05 0.0300909 0.0821522 9.9964E-05 0.0952528 0.642626 9.9964E-05
9.9955E-05 9.9955E-05 0.420914 9.9955E-05 0.0128745 9.9955E-05 0.0242275 9.9955E-05 0.467286 0.0741986
0.0717802 9.9973E-05 0.594812 0.0718271 0.0525706 0.0434054 9.9973E-05 0.0488058 9.9973E-05 0.116499
0.0572619 9.9964E-05 0.449685 0.11583 9.9964E-05 9.9964E-05 0.088945 0.0781914 0.209686 9.9964E-05
0.0240952 0.0380735 0.272137 0.0016331 0.0846991 0.0801282 0.036695 0.0213107 0.405457 0.0357711
9.9964E-05 9.9964E-05 0.363629 0.0661461 0.0596324 0.0136002 9.9964E-05 9.9964E-05 0.418975 0.0776175
0.165592 9.9964E-05 0.564036 9.9964E-05 0.025921 0.0579393 0.145655 9.9964E-05 0.0404566 9.9964E-05
0.0901131 9.9982E-05 0.0931461 9.9982E-05 0.0562351 0.0676508 0.0352467 0.070022 0.539057 0.0483295
0.0355991 9.9964E-05 0.525441 9.9964E-05 0.0477134 0.360677 0.00230238 9.9964E-05 0.0278668 9.9964E-05
0.00365234 9.9955E-05 0.193978 0.0131906 9.9955E-05 0.624124 9.9955E-05 9.9955E-05 0.164556 9.9955E-05
0.0570655 9.9982E-05 0.529066 0.0258807 0.0105748 0.185801 0.11586 0.027488 9.9982E-05 0.0480649
9.9946E-05 9.9946E-05 9.9946E-05 9.9946E-05 0.000380794 0.826104 9.9946E-05 0.116872 0.0560435 9.9946E-05
9.9955E-05 9.9955E-05 9.9955E-05 9.9955E-05 9.9955E-05 0.76832 0.0398826 0.0271987 0.091232 0.0728668
9.9937E-05 9.9937E-05 0.246318 9.9937E-05 9.9937E-05 0.742745 9.9937E-05 9.9937E-05 9.9937E-05 0.0102373
0.00698973 0.0491475 0.362972 9.9964E-05 9.9964E-05 0.505131 9.9964E-05 0.0194802 0.0558801 9.9964E-05
0.0188008 0.0612872 0.533916 0.0127859 0.0054951 0.2073 0.116212 9.9982E-05 9.9982E-05 0.0440027
0.0276068 0.0658912 0.330942 0.0430113 9.9973E-05 0.512344 9.9973E-05 9.9973E-05 0.00746209 0.0124424
0.109338 0.0618349 0.138917 0.0153706 9.9964E-05 0.572573 9.9964E-05 9.9964E-05 0.101567 9.9964E-05
0.159963 0.0223895 0.261438 9.9955E-05 9.9955E-05 0.475729 9.9955E-05 9.9955E-05 0.0799808 9.9955E-05
9.9964E-05 9.9964E-05 0.44587 0.122097 0.0430531 0.340017 0.0155467 0.0330158 9.9964E-05 9.9964E-05
9.9973E-05 0.0146224 0.16378 0.0630988 9.9973E-05 0.528839 0.0136098 0.0131391 0.202611 9.9973E-05
0.015344 0.0345143 0.416912 9.9973E-05 9.9973E-05 0.344431 0.0521048 0.0612518 0.0751424 9.9973E-05
0.00960437 9.9964E-05 0.368639 9.9964E-05 9.9964E-05 0.521454 0.00138795 0.0571164 9.9964E-05 0.0413982
0.0421316 9.9973E-05 9.9973E-05 0.00943989 0.0662688 0.731107 0.0104225 0.0842245 9.9973E-05 0.0561061
0.0501717 9.9964E-05 0.562995 0.0264438 0.0165665 0.335568 9.9964E-05 0.00785582 9.9964E-05 9.9964E-05
0.0329167 0.767331 0.116414 0.0305884 9.9955E-05 9.9955E-05 0.0522503 9.9955E-05 9.9955E-05 9.9955E-05
9.9937E-05 0.756171 0.0819631 9.9937E-05 9.9937E-05 9.9937E-05 0.161166 9.9937E-05 9.9937E-05 9.9937E-05
9.9955E-05 0.675272 0.0859433 0.0127687 0.0177272 9.9955E-05 0.207789 9.9955E-05 9.9955E-05 9.9955E-05
9.9946E-05 0.677299 0.0298868 9.9946E-05 0.129247 9.9946E-05 0.162967 9.9946E-05 9.9946E-05 9.9946E-05
9.9955E-05 0.809516 0.0661592 9.9955E-05 0.058431 0.0353994 0.0299949 9.9955E-05 9.9955E-05 9.9955E-05
0.0168037 0.685367 0.0380794 0.0429244 0.0601111 9.9964E-05 0.156314 9.9964E-05 9.9964E-05 9.9964E-05
9.9946E-05 0.748673 0.0753679 9.9946E-05 0.0501434 9.9946E-05 0.125216 9.9946E-05 9.9946E-05 9.9946E-05
0.0705619 0.0233596 0.454001 0.120954 0.0318313 0.235083 0.0167226 9.9982E-05 0.0472865 9.9982E-05
9.9982E-05 0.0698381 0.438293 0.0818892 0.0181227 0.201301 0.0434139 0.0182994 0.128643 9.9982E-05
9.9955E-05 0.00418692 0.0280037 9.9955E-05 9.9955E-05 0.748247 0.0471458 9.9955E-05 0.171917 9.9955E-05
0.0365858 9.9982E-05 0.387605 0.124212 9.9982E-05 0.138668 0.127361 0.0846403 0.025898 0.07483
9.9955E-05 0.0592697 0.360298 9.9955E-05 9.9955E-05 0.414338 9.9955E-05 0.0145323 0.151063 9.9955E-05
9.9955E-05 0.00154279 0.612667 0.012968 9.9955E-05 0.26328 0.109043 9.9955E-05 9.9955E-05 9.9955E-05
9.9964E-05 0.0882101 0.521773 9.9964E-05 9.9964E-05 0.160426 9.9964E-05 0.12591 0.0505883 0.052693
9.9955E-05 0.0485861 0.444042 0.02242 0.0504432 0.434009 9.9955E-05 9.9955E-05 9.9955E-05 9.9955E-05
0.00162368 0.0586714 9.9955E-05 9.9955E-05 9.9955E-05 0.675534 0.0387 9.9955E-05 0.224971 9.9955E-05
0.0236523 0.0305741 0.433959 0.0461594 0.0972392 0.163262 0.145853 0.0294269 9.9991E-05 0.0297745
9.9964E-05 9.9964E-05 0.405444 0.136281 9.9964E-05 0.205575 0.0910427 0.0821221 9.9964E-05 0.0791348
0.0316719 0.10509 0.441073 0.125788 0.00227797 0.16046 9.9991E-05 0.0785866 0.0365051 0.0184477
0.000210955 9.9973E-05 0.205793 0.0586819 0.0322601 0.599976 9.9973E-05 0.0955489 9.9973E-05 0.0072296
0.0255677 0.00797895 0.514438 9.9973E-05 9.9973E-05 0.246164 0.0594262 0.040803 9.9973E-05 0.105322
0.0195441 0.0436607 0.465466 0.00692843 9.9991E-05 0.328444 0.00121824 0.0154021 0.109798 0.00943813
9.9937E-05 9.9937E-05 0.29964 0.0753934 9.9937E-05 0.624267 9.9937E-05 9.9937E-05 9.9937E-05 9.9937E-05
0.0439381 0.000603869 0.436432 9.9955E-05 9.9955E-05 0.379687 0.138839 9.9955E-05 9.9955E-05 9.9955E-05
0.0780778 0.0462345 0.56784 9.9982E-05 0.0438006 0.0826899 0.0835912 9.9982E-05 0.0312788 0.0662876
0.0472302 9.9955E-05 0.213076 9.9955E-05 0.1319 9.9955E-05 9.9955E-05 9.9955E-05 0.492797 0.114497
0.11852 0.055269 0.417529 0.0409165 0.00842561 9.9982E-05 0.0600793 0.0477363 0.251325 9.9982E-05
9.9973E-05 0.0890977 0.541957 0.0244515 9.9973E-05 9.9973E-05 0.033431 0.014106 0.171958 0.124699
0.0221668 9.9982E-05 0.543072 0.0381222 0.0544244 0.0836368 0.0792009 0.11642 0.0627568 9.9982E-05
0.0425234 0.0623215 0.443399 9.9955E-05 0.0595882 9.9955E-05 9.9955E-05 9.9955E-05 0.391668 9.9955E-05
0.104152 9.9964E-05 0.483489 0.0671534 9.9964E-05 0.0714136 9.9964E-05 9.9964E-05 0.240748 0.0326437
0.258455 0.0124336 0.457735 0.0167172 9.9982E-05 0.0087041 0.0143327 9.9982E-05 0.193431 0.037992
0.177172 0.00226309 0.563675 9.9973E-05 0.116156 0.0535201 9.9973E-05 9.9973E-05 0.00612064 0.0807928
0.117186 9.9973E-05 0.636004 9.9973E-05 0.10614 0.0303352 0.0976596 0.00645909 9.9973E-05 0.00591649
0.0619009 0.0272669 0.579123 9.9982E-05 9.9982E-05 0.00699369 0.00553313 0.0248599 0.190046 0.104076
0.186395 9.9955E-05 0.4282 9.9955E-05 9.9955E-05 9.9955E-05 0.0226888 9.9955E-05 0.315306 0.0469098
0.0796963 0.0218271 0.610575 0.0688871 0.0601305 0.0609323 0.000853563 0.088894 9.9991E-05 0.00810442
0.0429636 0.107532 0.557315 0.0250788 0.100093 0.00491036 0.011757 9.9991E-05 0.048371 0.101879
0.0863943 9.9964E-05 0.586066 0.0132793 9.9964E-05 0.0385432 9.9964E-05 9.9964E-05 0.183792 0.0915252
0.0574388 0.0344317 0.643174 9.9991E-05 0.038151 0.00819525 0.105977 0.0180327 0.0630026 0.0314967
0.112969 9.9973E-05 0.443032 0.103743 9.9973E-05 0.117641 0.02466 9.9973E-05 0.131781 0.0658744
0.0678865 9.9973E-05 0.275144 9.9973E-05 0.100571 9.9973E-05 0.161468 0.0473711 0.277044 0.0702158
0.0460909 9.9982E-05 0.563098 0.0441161 0.0137441 0.0679236 0.0632605 9.9982E-05 0.168239 0.0333276
0.063646 9.9973E-05 0.662072 9.9973E-05 0.101257 9.9973E-05 0.0101385 0.0598222 0.0447424 0.0580215
0.0839828 9.9982E-05 0.159631 0.0511397 0.0008376 0.110604 0.0783366 9.9982E-05 0.45101 0.0642577
0.128635 9.9964E-05 0.0921347 9.9964E-05 0.22777 0.0601128 9.9964E-05 9.9964E-05 0.379531 0.111417
0.156791 9.9973E-05 0.616023 9.9973E-05 0.047261 0.0575597 0.0525305 0.017138 0.0523975 9.9973E-05
0.189453 9.9973E-05 0.0432257 0.0282132 0.0671078 0.171413 9.9973E-05 9.9973E-05 0.200513 0.299775
0.0877162 0.0109533 0.206352 9.9973E-05 9.9973E-05 0.0381426 0.0627678 9.9973E-05 0.561306 0.0324618
0.126919 0.0488773 0.42412 9.9973E-05 9.9973E-05 0.131087 9.9973E-05 0.0295138 0.198365 0.0408184
0.129521 0.0103315 0.30749 9.9964E-05 9.9964E-05 0.118691 9.9964E-05 9.9964E-05 0.354059 0.0795065
0.101149 9.9973E-05 0.217495 9.9973E-05 9.9973E-05 0.0495863 0.0653781 0.00653714 0.532307 0.0272479
9.9982E-05 0.119885 0.545133 0.016227 9.9982E-05 0.0515249 0.0245517 0.155967 0.0418206 0.0446909
0.0884431 0.0651323 0.509592 0.0715175 0.0290007 9.9982E-05 0.0404065 9.9982E-05 0.112605 0.0831033
0.128317 0.00591327 0.508477 9.9973E-05 9.9973E-05 0.00142136 0.110877 9.9973E-05 0.192382 0.0523125
0.117934 9.9973E-05 0.158717 9.9973E-05 0.166517 0.0964258 9.9973E-05 0.0807833 0.2605 0.118822
0.10065 0.128654 0.436 0.0639302 0.0931557 0.0359423 9.9991E-05 0.0759676 0.0314905 0.0341086
0.0275778 0.0717443 0.471269 0.0190265 0.0678369 0.0533325 0.000629805 0.216378 9.9991E-05 0.0721058
0.0170497 0.0166152 9.9982E-05 9.9982E-05 0.219238 0.121035 0.0669628 0.313339 0.0963244 0.149236
9.9964E-05 0.0856791 0.594828 0.0135982 9.9964E-05 0.0573964 9.9964E-05 0.182185 9.9964E-05 0.0659135
0.0882616 0.0290161 0.265976 9.9982E-05 0.165805 0.155448 0.0157696 0.135112 9.9982E-05 0.144412
9.9982E-05 0.0542869 0.466126 0.0333096 0.130088 0.0319049 9.9982E-05 0.122136 0.128648 0.0333009
0.110132 0.0167197 0.235795 9.9982E-05 0.29093 0.0589033 9.9982E-05 0.194149 0.0760899 0.0170805
0.0337426 9.9982E-05 0.0983067 9.9982E-05 0.0728393 0.0551567 0.0560283 0.352371 0.197834 0.133521
0.0447572 0.0477686 0.381797 9.9973E-05 9.9973E-05 0.0278733 9.9973E-05 0.257101 0.103436 0.136967
0.0942558 0.0811636 0.511204 9.9982E-05 0.111808 9.9982E-05 0.00678357 0.00804239 0.0100249 0.176518
0.0629347 0.118465 0.375401 0.0333209 0.082383 0.0902133 9.9991E-05 0.0872893 0.0611634 0.0887297
9.9973E-05 0.00530848 9.9973E-05 0.121756 0.139456 0.205477 9.9973E-05 0.290145 0.177546 0.0600122
0.094703 0.0560069 0.374934 0.0794387 9.9982E-05 0.099166 0.113064 0.147208 9.9982E-05 0.0352801
0.0229794 9.9973E-05 0.278704 9.9973E-05 0.0803457 0.0720276 9.9973E-05 0.326242 0.177222 0.0421787
9.9964E-05 9.9964E-05 0.400129 9.9964E-05 0.0401007 0.0942804 9.9964E-05 0.18807 0.212727 0.0642929
0.0308794 0.0813092 0.599762 0.00762436 9.9991E-05 0.109266 0.0820407 0.0288371 0.0214679 0.0387128
9.9982E-05 0.217465 0.0496919 0.238322 0.190517 0.0229878 0.0441585 0.216517 0.0201407 9.9982E-05
9.9955E-05 0.349649 9.9955E-05 0.0873179 0.427753 9.9955E-05 0.00018407 0.134596 9.9955E-05 9.9955E-05
9.9955E-05 0.305418 9.9955E-05 0.0633936 0.454739 9.9955E-05 9.9955E-05 0.119521 9.9955E-05 0.0564287
9.9973E-05 0.219879 0.0277865 0.323262 0.285026 9.9973E-05 0.0513881 0.0624909 0.0298676 9.9973E-05
0.0285503 9.9955E-05 0.608635 9.9955E-05 9.9955E-05 0.00126259 9.9955E-05 0.266932 9.9955E-05 0.0941201
0.0584091 0.10874 0.544073 0.0413801 9.99901E-05 0.0379492 9.99901E-05 0.11775 0.00926617 0.0822327
9.99461E-05 0.00416152 0.182258 0.783107 9.99461E-05 9.99461E-05 9.99461E-05 9.99461E-05 0.0298736 9.99461E-05
0.0456194 0.0402475 0.283165 0.479272 9.9973E-05 0.0435295 0.015351 9.9973E-05 0.0925156 9.9973E-05
0.010529 0.0598984 0.313866 0.440098 9.9973E-05 0.123762 0.0102385 9.9973E-05 0.0413074 9.9973E-05
9.9955E-05 9.9955E-05 0.267343 9.9955E-05 9.9955E-05 0.0390339 9.9955E-05 0.41028 0.0676024 0.215241
0.0368128 0.100695 0.518561 0.0694098 0.0154747 0.0994642 0.00896958 0.0820384 0.00501853 0.0635561
9.9964E-05 9.9964E-05 0.138384 9.9964E-05 0.0675654 0.0910121 9.9964E-05 0.500772 0.0511508 0.150715
9.9964E-05 9.9964E-05 0.555029 9.9964E-05 0.102865 0.0355215 9.9964E-05 0.220645 0.0121766 0.0733632
9.9982E-05 9.9982E-05 0.34492 0.0100162 0.0462728 0.0570029 0.0775129 0.301325 0.0599169 0.102834
9.9955E-05 9.9955E-05 0.539508 9.9955E-05 0.0504143 9.9955E-05 0.0659934 0.297046 9.9955E-05 0.0465382
9.9964E-05 9.9964E-05 0.179526 9.9964E-05 0.00930911 0.183868 9.9964E-05 0.405636 0.130783 0.090478
9.9964E-05 9.9964E-05 0.415544 0.163861 9.9964E-05 0.233685 9.9964E-05 0.130644 0.0500523 0.00581358
9.9991E-05 0.071896 0.429751 0.0799825 0.0347139 0.10679 0.0380851 0.10029 0.0985656 0.0398261
9.9946E-05 9.9946E-05 9.9946E-05 0.983369 9.9946E-05 0.00888543 0.0029964 9.9946E-05 9.9946E-05 0.00414955
9.9946E-05 9.9946E-05 0.0415538 0.900241 9.9946E-05 9.9946E-05 0.0263409 9.9946E-05 9.9946E-05 0.0312644
9.9955E-05 9.9955E-05 0.210983 0.629946 9.9955E-05 9.9955E-05 0.0184041 0.0120434 0.128124 9.9955E-05
0.073927 9.9946E-05 0.268908 0.645057 9.9946E-05 9.9946E-05 9.9946E-05 9.9946E-05 9.9946E-05 0.0115084
9.9955E-05 0.0456806 0.0722428 0.807189 9.9955E-05 0.0210539 9.9955E-05 0.0533344 9.9955E-05 9.9955E-05
9.9928E-05 9.9928E-05 9.9928E-05 0.988893 0.010308 9.9928E-05 9.9928E-05 9.9928E-05 9.9928E-05 9.9928E-05
9.9937E-05 9.9937E-05 9.9937E-05 0.952863 9.9937E-05 9.9937E-05 0.028394 9.9937E-05 9.9937E-05 0.0180432
9.9928E-05 9.9928E-05 0.136646 0.862554 9.9928E-05 9.9928E-05 9.9928E-05 9.9928E-05 9.9928E-05 9.9928E-05
0.00318311 9.9946E-05 9.9946E-05 0.956084 9.9946E-05 0.0124283 9.9946E-05 9.9946E-05 0.0277047 9.9946E-05
9.9928E-05 9.9928E-05 9.9928E-05 0.993686 9.9928E-05 9.9928E-05 0.00551454 9.9928E-05 9.9928E-05 9.9928E-05
9.99201E-05 9.99201E-05 9.99201E-05 0.999101 9.99201E-05 9.99201E-05 9.99201E-05 9.99201E-05 9.99201E-05 9.99201E-05
9.9955E-05 0.02334 0.086521 0.787258 9.9955E-05 9.9955E-05 9.9955E-05 9.9955E-05 0.0254507 0.0769305
0.00760533 0.0131571 0.0709045 0.760498 0.0819227 9.9964E-05 0.0655128 9.9964E-05 9.9964E-05 9.9964E-05
9.9928E-05 9.9928E-05 9.9928E-05 0.979774 9.9928E-05 0.0194261 9.9928E-05 9.9928E-05 9.9928E-05 9.9928E-05
0.0141347 9.9991E-05 0.400717 0.340377 0.0694741 0.0264811 0.0526755 0.00981523 0.0430038 0.0432213
0.00752862 0.00987674 0.149401 0.658437 0.00259124 0.119171 9.9973E-05 9.9973E-05 0.0526943 9.9973E-05
0.0310294 9.9964E-05 0.0631438 0.812252 0.00496614 9.9964E-05 0.0452089 9.9964E-05 0.0429998 9.9964E-05
0.00554475 0.00129369 0.0112964 0.92109 9.9955E-05 9.9955E-05 9.9955E-05 9.9955E-05 0.0602757 9.9955E-05
9.9946E-05 9.9946E-05 9.9946E-05 0.955943 0.0272728 0.00780036 9.9946E-05 9.9946E-05 9.9946E-05 0.00838372
0.000226563 0.0184993 0.0440381 0.875883 0.0223767 9.9964E-05 0.038577 9.9964E-05 9.9964E-05 9.9964E-05
9.99201E-05 9.99201E-05 9.99201E-05 0.999101 9.99201E-05 9.99201E-05 9.99201E-05 9.99201E-05 9.99201E-05 9.99201E-05
0.0523873 0.0434561 0.151647 0.669641 9.9973E-05 0.0444416 0.0273458 0.010782 9.9973E-05 9.9973E-05
9.9973E-05 0.011463 9.9973E-05 0.871197 9.9973E-05 0.0197503 0.00346346 0.00594493 0.0120867 0.0757942
9.9964E-05 0.186532 9.9964E-05 9.9964E-05 0.25354 9.9964E-05 0.028447 0.48752 0.0163822 0.0271787
0.0691095 0.123542 0.384084 0.0348029 0.0753607 9.9982E-05 0.0174245 0.138784 0.156693 9.9982E-05
0.0725846 0.224577 0.345774 0.0647996 9.9982E-05 0.0593221 0.000953612 0.198915 0.0328747 9.9982E-05
0.0306038 0.147396 0.088429 0.126341 0.199009 0.0186617 9.9982E-05 0.357181 0.0321787 9.9982E-05
0.0434728 0.0206816 0.373557 0.147561 0.137935 0.0444284 0.025828 0.136577 0.0502549 0.0197056
9.9973E-05 0.188833 0.0944128 0.0716949 0.192918 0.0455286 9.9973E-05 0.369303 9.9973E-05 0.0370098
0.0459664 0.055509 0.353258 0.0864823 0.0666143 0.0674779 0.0903391 0.199484 0.0347687 9.9991E-05
9.9964E-05 0.0602546 0.281686 0.117379 0.158953 0.004779 9.9964E-05 0.376548 9.9964E-05 9.9964E-05
9.9973E-05 0.0870312 0.427424 0.108726 0.102876 0.0169106 9.9973E-05 0.229239 0.0274931 9.9973E-05
9.9955E-05 9.9955E-05 0.197219 0.217068 0.0783833 9.9955E-05 0.134834 0.371996 9.9955E-05 9.9955E-05
9.9982E-05 0.168934 0.468084 0.0078653 0.110233 0.00371242 0.0315037 0.108847 0.10062 9.9982E-05
0.0460808 0.753947 0.0426978 9.9964E-05 9.9964E-05 9.9964E-05 0.0710536 0.0404312 9.9964E-05 0.0453901
9.9955E-05 0.861638 9.9955E-05 0.0513775 0.0234783 9.9955E-05 0.0517772 9.9955E-05 9.9955E-05 0.0112293
0.0141072 0.918853 9.9946E-05 9.9946E-05 0.0663204 0.000119352 9.9946E-05 9.9946E-05 9.9946E-05 9.9946E-05
0.0137864 0.889333 0.0241632 9.9955E-05 0.0559037 9.9955E-05 0.0163136 9.9955E-05 9.9955E-05 9.9955E-05
9.9955E-05 0.879041 0.0461787 9.9955E-05 0.0284278 9.9955E-05 9.9955E-05 0.0249913 0.0208611 9.9955E-05
9.9955E-05 0.704443 9.9955E-05 0.0371534 0.071242 9.9955E-05 0.173246 9.9955E-05 9.9955E-05 0.0134161
9.9955E-05 0.720518 0.058147 0.0664646 0.0459466 9.9955E-05 0.108424 9.9955E-05 9.9955E-05 9.9955E-05
9.9982E-05 0.764393 0.0142211 9.9982E-05 0.0663418 0.00163507 0.103062 0.0106066 0.00143842 0.0381015
9.9955E-05 0.799445 0.063245 9.9955E-05 0.0729037 9.9955E-05 0.029255 9.9955E-05 9.9955E-05 0.0346511
9.9955E-05 0.683174 0.0479727 0.0370346 0.114992 9.9955E-05 0.116326 9.9955E-05 9.9955E-05 9.9955E-05
0.115021 0.605218 9.9964E-05 9.9964E-05 0.0292866 0.0351566 9.9964E-05 9.9964E-05 0.160466 0.0544519
0.21954 0.502257 9.9973E-05 9.9973E-05 0.111081 0.0279205 0.00975547 9.9973E-05 0.11652 0.0126255
0.0583119 0.391228 9.9964E-05 9.9964E-05 0.11654 9.9964E-05 0.141265 9.9964E-05 0.291488 0.000768051
0.116838 0.475468 9.9964E-05 9.9964E-05 9.9964E-05 9.9964E-05 0.0205599 0.0652717 0.300035 0.0214284
9.9946E-05 0.0619641 0.476604 9.9946E-05 9.9946E-05 0.288577 9.9946E-05 9.9946E-05 0.172254 9.9946E-05
0.0389415 9.9982E-05 0.360227 0.0528202 9.9982E-05 0.295664 0.0951729 0.118431 0.0197133 0.0188299
0.184549 9.9982E-05 0.529286 0.0524937 9.9982E-05 0.0420491 0.0300553 0.0159356 0.0824996 0.0629321
0.0811424 0.0576405 0.339239 9.9955E-05 9.9955E-05 0.260753 9.9955E-05 9.9955E-05 0.260726 9.9955E-05
0.245457 9.9964E-05 0.0803812 0.0106468 9.9964E-05 0.116321 9.9964E-05 0.0548546 0.491939 9.9964E-05
9.9964E-05 0.0476427 0.601881 9.9964E-05 9.9964E-05 0.206734 0.0533861 9.9964E-05 0.00339356 0.0865633
0.0174514 9.9973E-05 0.547472 9.9973E-05 0.0370266 0.308059 9.9973E-05 0.00582488 0.0758662 0.00799989
0.0704483 9.9991E-05 0.446013 0.0287416 0.000552168 0.346489 0.0130435 0.0209833 0.0400726 0.0335563
9.9946E-05 9.9946E-05 0.259795 0.097193 9.9946E-05 0.592062 9.9946E-05 0.0503501 9.9946E-05 9.9946E-05
0.15663 9.9964E-05 0.59649 9.9964E-05 9.9964E-05 0.100126 0.0241671 0.0696936 9.9964E-05 0.0524934
0.107766 9.9964E-05 0.368859 9.9964E-05 0.0134424 0.363396 0.0389723 9.9964E-05 0.107164 9.9964E-05
0.0871377 9.9937E-05 9.9937E-05 9.9937E-05 9.9937E-05 0.763144 9.9937E-05 9.9937E-05 9.9937E-05 0.149019
0.121467 9.9982E-05 0.430782 0.049007 9.9982E-05 0.135865 0.140766 0.0197669 0.0521345 0.050012
0.0183273 0.00172857 0.235929 9.9973E-05 0.0831568 0.538557 9.9973E-05 0.0644477 9.9973E-05 0.0575536
0.0153831 9.9955E-05 0.48611 0.00308363 9.9955E-05 0.477746 0.0171776 9.9955E-05 9.9955E-05 9.9955E-05
0.0402422 0.0612899 0.100746 9.9955E-05 9.9955E-05 0.590812 9.9955E-05 9.9955E-05 0.20641 9.9955E-05
0.781612 0.0461118 9.9937E-05 9.9937E-05 9.9937E-05 9.9937E-05 9.9937E-05 0.171576 9.9937E-05 9.9937E-05
0.729399 9.99447E-05 9.99447E-05 9.99447E-05 9.99447E-05 9.99447E-05 0.0378908 0.23201 9.99447E-05 9.99447E-05
0.871479 9.9928E-05 9.9928E-05 9.9928E-05 9.9928E-05 9.9928E-05 9.9928E-05 0.127721 9.9928E-05 9.9928E-05
0.826743 0.0311645 9.9955E-05 9.9955E-05 9.9955E-05 9.9955E-05 0.0419692 0.0842227 9.9955E-05 0.0154012
0.783617 9.9973E-05 0.00318499 0.0251104 9.9973E-05 9.9973E-05 0.0101109 0.165088 0.00943609 0.00315282
0.839083 9.9955E-05 0.0500103 0.0859177 9.9955E-05 9.9955E-05 0.0116909 0.012798 9.9955E-05 9.9955E-05
9.9955E-05 0.806776 0.0424545 0.0893028 0.0147771 9.9955E-05 0.0461895 9.9955E-05 9.9955E-05 9.9955E-05
0.0809785 0.798479 0.0894443 0.0254217 0.00114773 9.9964E-05 9.9964E-05 0.00412888 9.9964E-05 9.9964E-05
9.9955E-05 0.601068 0.0628535 0.159 9.9955E-05 9.9955E-05 0.139897 0.0366809 9.9955E-05 9.9955E-05
0.0121606 0.720522 0.0404209 0.108678 0.0176233 9.9973E-05 0.0387401 9.9973E-05 0.0615555 9.9973E-05
0.0610858 0.748868 0.0528077 0.114254 9.9955E-05 9.9955E-05 9.9955E-05 0.022485 9.9955E-05 9.9955E-05
0.394333 0.312346 9.9964E-05 9.9964E-05 0.0478889 9.9964E-05 0.0676349 0.0666278 0.110769 9.9964E-05
0.385678 0.462017 9.9964E-05 9.9964E-05 0.0114659 0.0678103 9.9964E-05 0.00293402 9.9964E-05 0.0696954
0.439844 0.421652 9.9955E-05 9.9955E-05 9.9955E-05 0.0675145 0.00227297 9.9955E-05 9.9955E-05 0.0682162
9.9946E-05 0.819378 0.10132 0.0353913 9.9946E-05 9.9946E-05 9.9946E-05 9.9946E-05 0.043311 9.9946E-05
0.486682 0.284729 9.9964E-05 9.9964E-05 0.0322492 0.0719679 0.0659015 9.9964E-05 9.9964E-05 0.0580706
9.9964E-05 0.0236045 0.272574 0.301424 0.322064 9.9964E-05 0.0687646 9.9964E-05 9.9964E-05 0.0111688
0.0230664 0.131554 0.585707 0.129565 0.0574911 9.9964E-05 0.0722171 9.9964E-05 9.9964E-05 9.9964E-05
0.00428797 0.148267 0.524688 0.224355 9.9964E-05 9.9964E-05 0.0835339 0.014468 9.9964E-05 9.9964E-05
9.9973E-05 0.117334 0.3751 0.158697 0.190982 9.9973E-05 0.0752048 0.0799157 0.00246654 9.9973E-05
0.0134508 0.0724268 0.420826 0.189569 0.0371196 9.9982E-05 0.0783436 0.049334 0.13873 9.9982E-05
9.9955E-05 0.281548 9.9955E-05 0.233752 0.328089 9.9955E-05 0.0729147 0.0831978 9.9955E-05 9.9955E-05
0.104376 9.9973E-05 0.355466 9.9973E-05 0.0118093 0.135288 9.9973E-05 0.0918416 0.251083 0.0498357
0.0444991 9.9964E-05 0.327888 9.9964E-05 0.11232 0.128609 9.9964E-05 9.9964E-05 0.156074 0.23021
0.0808047 0.0744453 0.193152 0.00420828 9.9982E-05 9.9982E-05 0.02563 0.0279651 0.551889 0.0417052
0.0802244 9.9964E-05 0.463243 9.9964E-05 0.0440199 0.110212 9.9964E-05 9.9964E-05 0.057713 0.244188
0.0761717 9.9955E-05 9.9955E-05 9.9955E-05 0.161581 0.164585 9.9955E-05 9.9955E-05 0.156279 0.440884
9.9964E-05 0.0499538 0.50737 9.9964E-05 9.9964E-05 0.0865495 0.0852324 9.9964E-05 0.236875 0.0336202
0.0392089 0.0411303 0.361813 9.9982E-05 0.0717215 0.0748247 9.9982E-05 0.0373464 0.27214 0.101615
0.0811678 0.0144534 0.255541 9.9982E-05 0.0339096 0.029463 0.0103174 9.9982E-05 0.544231 0.0307176
0.0101644 0.015292 0.525435 0.00273238 0.0815587 0.0579184 0.0366998 9.9991E-05 0.189157 0.0809419
9.9964E-05 9.9964E-05 0.00170661 9.9964E-05 0.137606 0.0777675 9.9964E-05 0.0869129 0.521614 0.173993
0.0802155 9.9982E-05 0.365541 0.0366668 0.04614 9.9982E-05 0.0168235 0.172774 0.083833 0.197806
0.155653 9.9973E-05 0.449055 0.0510224 0.0574414 0.0750563 9.9973E-05 9.9973E-05 0.100831 0.110642
0.048932 0.13588 0.38009 0.134561 0.0840909 0.194266 9.9973E-05 0.0218804 9.9973E-05 9.9973E-05
0.0875061 9.9973E-05 0.352026 9.9973E-05 0.0233249 0.0353179 9.9973E-05 0.0468359 0.282289 0.172399
0.135021 0.030083 0.464448 0.00105966 0.0410066 9.9982E-05 9.9982E-05 0.0059516 0.236925 0.0853055
9.9973E-05 9.9973E-05 0.444427 0.0587921 0.046471 0.133691 0.00605674 9.9973E-05 0.136731 0.173532
0.146532 0.0365593 0.435046 9.9991E-05 0.0326115 0.128564 0.00815615 0.0363775 0.0858318 0.0902217
0.039696 0.00520486 0.541849 0.0854151 0.0109217 0.00663252 9.9991E-05 0.0517682 0.12642 0.131992
0.0280636 0.0415964 0.496252 0.085947 0.0752831 0.0875759 9.9982E-05 9.9982E-05 0.180661 0.00442161
0.0500071 0.0602997 0.502097 9.9973E-05 0.056829 0.189533 9.9973E-05 0.0131506 0.127784 9.9973E-05
9.99201E-05 9.99201E-05 9.99201E-05 9.99201E-05 9.99201E-05 9.99201E-05 0.999101 9.99201E-05 9.99201E-05 9.99201E-05
9.99201E-05 9.99201E-05 9.99201E-05 9.99201E-05 9.99201E-05 9.99201E-05 0.999101 9.99201E-05 9.99201E-05 9.99201E-05
0.0165634 0.27335 0.0187595 9.9964E-05 0.0266876 9.9964E-05 0.606898 9.9964E-05 0.0573416 9.9964E-05
9.99201E-05 9.99201E-05 9.99201E-05 9.99201E-05 9.99201E-05 9.99201E-05 0.999101 9.99201E-05 9.99201E-05 9.99201E-05
9.9946E-05 0.12429 0.0489638 0.000632864 9.9946E-05 9.9946E-05 0.825514 9.9946E-05 9.9946E-05 9.9946E-05
0.126367 9.9955E-05 0.108192 0.00317985 0.0660293 9.9955E-05 9.9955E-05 9.9955E-05 0.695733 9.9955E-05
9.9982E-05 0.079511 0.433674 0.0374702 0.0282297 0.0726777 9.9982E-05 0.042433 0.201469 0.104335
0.010934 0.1326 0.453771 0.111181 0.118979 0.0195252 0.0494394 0.0742038 9.9991E-05 0.0292676
0.0803543 9.9955E-05 0.587551 0.0454987 0.125036 9.9955E-05 9.9955E-05 9.9955E-05 0.16106 9.9955E-05
0.0268249 9.9973E-05 0.510577 9.9973E-05 0.0607939 0.0748025 0.0405396 9.9973E-05 0.208417 0.0777457
0.102072 9.9973E-05 0.213819 0.0225109 0.107358 9.9973E-05 9.9973E-05 0.0378671 0.361054 0.155019
0.148515 9.9955E-05 9.9955E-05 9.9955E-05 0.0947858 0.0335304 0.171984 9.9955E-05 0.550685 9.9955E-05
0.154248 9.9973E-05 0.52209 9.9973E-05 9.9973E-05 0.000677996 0.0299535 0.0683188 0.22233 0.00208185
0.214424 0.0764225 0.081428 0.0295773 9.9973E-05 9.9973E-05 9.9973E-05 0.000777305 0.35848 0.238591
0.10125 0.00934691 0.351668 0.0549207 0.0172316 0.127122 0.0364638 0.145372 0.0951622 0.0614623
0.134165 0.0306726 0.0520795 9.9982E-05 0.0478564 0.00909102 0.134967 9.9982E-05 0.480554 0.110414
0.154381 0.0695246 0.616894 0.0168814 0.00639667 9.9991E-05 0.0251437 0.0203949 0.0777563 0.0125277
0.137089 9.9955E-05 0.13435 9.9955E-05 9.9955E-05 9.9955E-05 0.0995417 9.9955E-05 0.539659 0.0888601
0.0538216 0.0190662 0.266969 0.0929685 9.9982E-05 9.9982E-05 0.0115577 0.232544 0.280967 0.0419063
0.126591 9.9982E-05 0.467645 9.9982E-05 0.0840867 0.0302225 0.0532622 0.120972 0.114081 0.00293974
0.0446799 0.00939013 0.192349 0.00254338 0.00298011 9.9982E-05 9.9982E-05 0.571347 0.0221704 0.15434
9.9955E-05 9.9955E-05 0.422159 9.9955E-05 9.9955E-05 0.0235592 0.0714799 0.407315 0.0749866 9.9955E-05
9.9973E-05 9.9973E-05 0.490449 0.0490748 0.0670056 0.026032 0.0790906 0.222075 0.0659724 9.9973E-05
0.0182899 0.000941255 0.244627 9.9973E-05 9.9973E-05 0.0694682 9.9973E-05 0.562712 0.0405661 0.0630962
0.0417736 9.9973E-05 0.481128 0.0264748 0.0934056 9.9973E-05 9.9973E-05 0.132209 0.167254 0.0574545
0.0567739 0.018005 0.476629 9.9973E-05 9.9973E-05 0.167735 0.0270792 0.234321 9.9973E-05 0.0191571
9.9955E-05 9.9955E-05 9.9955E-05 9.9955E-05 0.0160813 0.143004 9.9955E-05 0.559159 0.0634051 0.217851
9.9964E-05 9.9964E-05 0.200789 9.9964E-05 0.111268 0.0817832 9.9964E-05 0.459517 0.0374903 0.108753
0.0555363 9.9964E-05 0.444422 9.9964E-05 0.0123125 9.9964E-05 0.0400374 0.318747 9.9964E-05 0.128544
0.00781511 0.00353637 0.0572505 9.9973E-05 9.9973E-05 0.158061 9.9973E-05 0.521954 0.15933 0.0917529
0.0263599 9.9964E-05 0.428738 9.9964E-05 0.115089 0.0241122 9.9964E-05 0.252987 0.152314 9.9964E-05
0.247405 9.9955E-05 0.0756886 9.9955E-05 0.121605 0.0298778 9.9955E-05 9.9955E-05 0.524924 9.9955E-05
0.124556 9.9964E-05 0.244388 9.9964E-05 0.0825102 0.103474 9.9964E-05 9.9964E-05 0.21039 0.234281
0.215374 9.9973E-05 0.282966 0.0809562 9.9973E-05 0.0605368 0.043866 9.9973E-05 0.276525 0.0394771
0.0935462 9.9973E-05 0.552813 0.0595035 0.0308744 9.9973E-05 0.0256056 0.0230768 0.214281 9.9973E-05
0.196448 9.9964E-05 0.18224 9.9964E-05 9.9964E-05 0.0784227 0.0360185 9.9964E-05 0.422442 0.0840288
0.0402282 0.0672142 0.423754 0.0747652 0.0641563 9.9991E-05 0.00557565 0.0588152 0.126269 0.139122
0.143662 0.0216245 0.549692 0.0912198 0.0769922 0.0151407 0.00823148 9.9982E-05 0.0932382 9.9982E-05
0.0600346 0.0399995 0.376315 0.054728 0.120329 0.119452 9.9973E-05 9.9973E-05 0.228843 9.9973E-05
0.117533 9.9973E-05 0.421936 0.116007 9.9973E-05 0.0809408 0.0225924 9.9973E-05 0.17114 0.0695507
0.230093 9.9964E-05 0.446543 0.0214149 9.9964E-05 0.110318 0.0571431 9.9964E-05 0.134089 9.9964E-05
0.182687 9.9973E-05 0.155583 0.10781 9.9973E-05 0.0758488 0.00800225 9.9973E-05 0.411514 0.0582539
0.168542 9.9973E-05 0.214921 0.126828 0.0318821 0.0715026 9.9973E-05 9.9973E-05 0.298623 0.0874017
0.118727 9.9964E-05 0.607411 9.9964E-05 0.0167543 9.9964E-05 9.9964E-05 0.0470162 0.191612 0.0180796
0.127829 9.9964E-05 0.502824 9.9964E-05 0.0985849 0.0489796 9.9964E-05 0.0227535 0.198629 9.9964E-05
0.198662 9.9964E-05 0.446956 9.9964E-05 0.189769 0.00281064 9.9964E-05 9.9964E-05 0.0553805 0.106022
0.108722 9.99641E-05 0.375117 0.146179 9.99641E-05 0.100278 9.99641E-05 9.99641E-05 0.144292 0.125013
0.142043 9.9964E-05 0.313078 0.0385784 0.0592333 9.9964E-05 0.129145 9.9964E-05 0.317522 9.9964E-05
0.13517 9.9964E-05 0.576064 9.9964E-05 9.9964E-05 0.0599698 0.0489608 9.9964E-05 0.174046 0.00539014
0.0785696 9.9955E-05 0.39556 0.0963423 9.9955E-05 9.9955E-05 9.9955E-05 0.0948139 0.334215 9.9955E-05
0.0565955 9.9973E-05 0.401793 0.113288 0.113634 0.126328 0.038841 9.9973E-05 0.14922 9.9973E-05
9.9973E-05 0.115318 0.368136 0.0907521 0.129824 9.9973E-05 0.151967 0.0750721 0.0686304 9.9973E-05
9.9982E-05 0.0336454 0.414948 0.214614 0.124438 0.0327977 0.0744238 9.9982E-05 0.061962 0.0429717
0.0313198 0.152974 0.445082 0.197627 0.000477017 0.092349 9.9973E-05 9.9973E-05 0.0798708 9.9973E-05
0.0676714 0.0473624 0.563538 0.0494249 0.179294 9.9964E-05 9.9964E-05 9.9964E-05 9.9964E-05 0.0923088
9.9982E-05 0.124269 0.46996 0.164445 0.057886 0.0905121 0.0294129 9.9982E-05 0.0504042 0.0129109
0.00361285 9.9982E-05 0.40859 0.0274525 0.0114686 0.00100412 9.9982E-05 0.102458 0.256669 0.188546
0.00251288 0.0607284 0.59788 0.0706326 0.0936115 0.0285464 0.100559 9.9982E-05 0.0453288 9.9982E-05
9.9982E-05 0.123772 9.9982E-05 0.084646 0.324468 0.199489 0.0296417 0.158028 0.0792445 0.000511337
0.0421193 9.9973E-05 0.489598 0.213942 0.107446 9.9973E-05 0.056275 0.0707145 9.9973E-05 0.0196057
0.0554391 0.0844873 0.452242 0.170822 0.0417094 0.0545341 9.9982E-05 0.117763 9.9982E-05 0.0228029
0.0251614 0.0373131 0.317797 0.270077 9.9991E-05 0.0489597 0.0129194 0.0683829 0.195199 0.0240908
9.9982E-05 0.0410385 0.184808 0.142337 0.266266 0.0539019 0.0257046 0.0728448 0.212899 9.9982E-05
9.9973E-05 0.102594 0.539175 0.0874052 0.104848 9.9973E-05 0.0916858 0.0634326 9.9973E-05 0.0105593
9.9982E-05 0.094686 0.50343 0.117037 0.0706369 9.9982E-05 0.0270436 0.0671263 0.0722257 0.047615
9.9955E-05 0.213407 9.9955E-05 0.120045 0.556334 9.9955E-05 0.0507931 9.9955E-05 9.9955E-05 0.0589218
9.9973E-05 0.112548 0.484146 0.176846 0.108137 0.00878711 0.0660504 9.9973E-05 9.9973E-05 0.0431859
0.00750356 0.0381062 0.479676 0.216065 0.15982 9.9982E-05 0.0221894 0.0579518 9.9982E-05 0.0184873
0.00351125 0.079361 0.493145 0.151776 9.9982E-05 0.0212526 9.9982E-05 0.152129 0.050538 0.0480871
9.9955E-05 0.140001 0.587939 0.0876033 0.168612 9.9955E-05 0.0153455 9.9955E-05 9.9955E-05 9.9955E-05
0.021063 0.091625 0.460246 0.111525 0.00246752 0.0435426 0.117958 0.0476808 9.9991E-05 0.103792
0.0399293 0.0334482 0.392071 0.103084 9.9982E-05 0.0254563 0.0115927 9.9982E-05 0.00933509 0.384883
9.9973E-05 0.128182 0.440368 0.0325113 9.9973E-05 9.9973E-05 0.0652512 0.0076085 0.0859354 0.239844
0.00131923 9.9964E-05 9.9964E-05 0.00335998 9.9964E-05 0.0581794 9.9964E-05 0.00641338 0.158525 0.771803
0.0775827 9.99369E-05 9.99369E-05 9.99369E-05 9.99369E-05 9.99369E-05 9.99369E-05 9.99369E-05 0.0473117 0.874406
9.9973E-05 0.038352 0.35426 0.136942 9.9973E-05 0.0134727 0.0350604 9.9973E-05 0.174877 0.246735
9.9982E-05 0.0439572 0.296319 0.331016 0.107714 9.9982E-05 0.0415463 0.0475047 0.0827621 0.0489808
9.9955E-05 0.0356196 0.311933 0.286824 0.167657 9.9955E-05 9.9955E-05 9.9955E-05 9.9955E-05 0.197466
9.9964E-05 0.119597 0.223974 0.196206 0.304712 9.9964E-05 9.9964E-05 9.9964E-05 0.0109739 0.144137
9.9964E-05 0.119014 0.310132 0.24149 0.165635 9.9964E-05 9.9964E-05 9.9964E-05 0.00720357 0.156126
9.9964E-05 9.9964E-05 0.0440107 0.0353889 0.189751 9.9964E-05 0.0426576 0.00738866 9.9964E-05 0.680403
9.9964E-05 0.0633741 0.145778 0.0475181 0.156914 9.9964E-05 0.0239673 9.9964E-05 9.9964E-05 0.562049
0.0172756 0.019073 0.459424 0.0930941 0.0266871 0.0990423 9.9973E-05 9.9973E-05 9.9973E-05 0.285104
9.9946E-05 0.0509261 0.383521 0.104549 9.9946E-05 9.9946E-05 9.9946E-05 9.9946E-05 9.9946E-05 0.460405
9.9955E-05 9.9955E-05 0.158683 0.109296 0.0608949 9.9955E-05 0.0526525 9.9955E-05 9.9955E-05 0.617974
9.9973E-05 0.00937122 0.471509 0.0966759 0.0677064 0.0332456 9.9973E-05 9.9973E-05 0.0595361 0.261656
9.9964E-05 9.9964E-05 0.500824 0.116285 0.0053602 9.9964E-05 0.0144884 0.0489331 9.9964E-05 0.313709
0.0450001 0.0672962 0.289999 0.241374 0.0173329 0.10415 0.0759159 9.9982E-05 9.9982E-05 0.158732
0.0279871 9.9964E-05 0.35066 9.9964E-05 9.9964E-05 0.0470485 0.0411992 0.0184637 9.9964E-05 0.514241
9.9964E-05 0.0101014 0.346432 0.0428007 9.9964E-05 0.0608588 9.9964E-05 9.9964E-05 0.173582 0.365825
9.9991E-05 0.0588719 0.516364 0.00278557 0.00853853 0.0843492 0.0384626 0.0205808 0.0295976 0.24035
0.121718 0.00656478 0.348736 0.0985119 9.9973E-05 9.9973E-05 0.0399472 0.0766753 9.9973E-05 0.307547
0.0360168 0.0684256 0.423447 0.0734611 0.023975 0.0332389 9.9991E-05 0.0220257 0.116846 0.202465
9.9955E-05 9.9955E-05 0.455837 9.9955E-05 0.0170996 9.9955E-05 9.9955E-05 0.0626483 0.0680811 0.395834
0.0334678 9.9964E-05 0.151608 0.00918988 9.9964E-05 9.9964E-05 9.9964E-05 0.0381967 0.0579556 0.709183
0.00988688 9.9964E-05 0.583924 0.0286904 0.032687 9.9964E-05 9.9964E-05 0.00945728 9.9964E-05 0.334954
0.0185775 9.9973E-05 0.210674 0.0125394 9.9973E-05 9.9973E-05 0.0269245 0.00510225 0.00562396 0.720258
0.0464627 0.029984 0.397571 0.0203277 0.0214336 0.00466409 9.9973E-05 9.9973E-05 9.9973E-05 0.479257
9.9964E-05 0.083954 0.567003 0.0190029 9.9964E-05 0.0243168 9.9964E-05 0.0488076 9.9964E-05 0.256515
0.0470481 0.0551134 0.421347 9.9973E-05 9.9973E-05 0.0491329 0.011906 9.9973E-05 0.0762681 0.338885
9.9982E-05 0.0940648 0.489785 0.110939 0.117991 0.00445989 0.0453284 9.9982E-05 0.106527 0.0307059
0.0579698 0.0896609 0.310126 0.153575 0.0307128 0.0163045 9.9991E-05 0.0203033 0.161508 0.15974
0.0126649 0.024059 0.175476 0.336547 0.104666 0.111531 0.0821577 0.101771 0.0482037 0.00292319
0.0234437 0.0876493 0.232873 0.191401 0.126352 9.9991E-05 0.0358318 0.0751085 0.139261 0.0879796
9.9973E-05 0.196331 0.33935 0.17809 9.9973E-05 0.0487073 9.9973E-05 0.0614854 0.171142 0.004594
0.0833033 0.0915974 0.453667 0.124025 0.0740214 0.032554 9.9982E-05 9.9982E-05 0.0224936 0.118138
0.0412662 0.0839275 9.9964E-05 0.0899974 0.121972 9.9964E-05 0.0477335 9.9964E-05 9.9964E-05 0.614704
0.0342104 0.0887854 0.575362 0.154443 9.9973E-05 9.9973E-05 0.0321175 0.000649602 9.9973E-05 0.114132
9.9955E-05 0.343032 9.9955E-05 0.0687754 0.143391 9.9955E-05 0.000805001 9.9955E-05 9.9955E-05 0.443497
9.9946E-05 0.049478 0.523126 0.144832 9.9946E-05 9.9946E-05 9.9946E-05 9.9946E-05 9.9946E-05 0.281964
9.9946E-05 9.9946E-05 0.0683179 9.9946E-05 9.9946E-05 0.164038 9.9946E-05 0.0146291 9.9946E-05 0.752415
9.9946E-05 0.00827355 9.9946E-05 9.9946E-05 9.9946E-05 0.0479596 9.9946E-05 9.9946E-05 0.0964054 0.846762
