9.9982E-05 0.0635222 0.190973 0.00949208 0.0164133 9.9982E-05 0.001346 0.028069 0.689984
9.9955E-05 0.000158681 0.190435 9.9955E-05 9.9955E-05 9.9955E-05 9.9955E-05 0.00367301 0.805234
9.9982E-05 0.067389 0.096875 0.0688277 0.0382793 9.9982E-05 0.00580443 0.0102831 0.712342
9.9973E-05 0.0489352 0.157142 0.00466629 0.0819082 9.9973E-05 9.9973E-05 0.0889882 0.618061
9.9964E-05 9.9964E-05 0.215046 0.0522405 0.0143921 0.00611862 9.9964E-05 9.9964E-05 0.711803
0.0281792 9.9964E-05 0.877794 0.0282259 0.0129706 9.9964E-05 0.05243 9.9964E-05 9.9964E-05
9.993E-05 9.993E-05 0.999201 9.993E-05 9.993E-05 9.993E-05 9.993E-05 9.993E-05 9.993E-05
9.9955E-05 0.000670298 0.962353 9.9955E-05 9.9955E-05 9.9955E-05 9.9955E-05 0.0257238 0.0107535
9.99639E-05 0.0257083 0.0837497 9.99639E-05 9.99639E-05 9.99639E-05 0.0319122 0.116119 0.742111
9.9946E-05 0.00250065 0.89902 0.0978792 9.9946E-05 9.9946E-05 9.9946E-05 9.9946E-05 9.9946E-05
0.00125488 9.9955E-05 0.827214 9.9955E-05 9.9955E-05 9.9955E-05 9.9955E-05 0.00104047 0.169991
0.034738 9.9973E-05 0.0716035 0.252197 0.0262277 9.9973E-05 0.216866 0.398068 9.9973E-05
0.0535226 0.0966897 9.9982E-05 0.474084 0.0467206 0.0115383 0.0354652 0.28178 9.9982E-05
0.00509962 0.0131409 0.0708047 0.243882 0.0892217 0.115027 0.0579273 0.404797 9.9991E-05
9.999E-05 0.0134904 0.0513072 0.290551 0.159041 0.0543925 0.111696 0.283336 0.0360855
0.0305423 0.0536989 0.14162 0.337093 0.114071 9.9991E-05 0.124289 0.186971 0.0116162
0.0195234 0.0759571 0.114063 0.565702 0.0525799 0.101731 0.0404394 0.0299039 9.9991E-05
0.0132862 0.086249 9.9973E-05 0.425418 0.075008 9.9973E-05 0.224444 0.175294 9.9973E-05
0.0103528 0.0200811 0.0102221 0.383253 0.0491177 0.0445009 0.0812116 0.26868 0.13258
0.161163 0.0189043 0.067754 0.021975 0.0328153 0.00286122 0.123971 0.570456 9.9991E-05
0.0750632 9.9982E-05 9.9982E-05 0.446359 0.0447808 0.130983 0.0733017 0.187408 0.0419047
0.162027 0.0286544 9.9991E-05 0.448539 0.0206253 0.0925549 0.0652317 0.167714 0.0145536
0.013763 0.000395117 0.00725547 0.552582 0.0139186 0.103452 0.0383306 0.179757 0.090546
0.15776 0.0324345 0.0387703 0.308529 0.0599925 9.9982E-05 0.125838 0.276476 9.9982E-05
0.052577 0.0739086 0.0270295 0.656158 0.0415793 9.9982E-05 9.9982E-05 0.14066 0.00788696
0.0448437 0.0510045 0.0306302 0.567125 0.0571928 9.9982E-05 0.106416 0.142587 9.9982E-05
0.0475904 0.0275678 0.0647539 0.160378 0.0576109 9.9982E-05 0.176081 0.465818 9.9982E-05
0.0518372 0.0378518 0.0318058 0.225659 0.170715 9.9982E-05 0.120036 0.361895 9.9982E-05
0.0692302 9.9973E-05 9.9973E-05 0.295847 9.9973E-05 0.0796736 0.0929338 0.427038 0.0349776
9.993E-05 0.999201 9.993E-05 9.993E-05 9.993E-05 9.993E-05 9.993E-05 9.993E-05 9.993E-05
9.993E-05 0.999201 9.993E-05 9.993E-05 9.993E-05 9.993E-05 9.993E-05 9.993E-05 9.993E-05
0.00758749 0.30384 9.9973E-05 0.0439865 0.0711126 9.9973E-05 0.0484225 9.9973E-05 0.524751
9.9973E-05 0.269404 0.140878 0.00767722 0.0991117 9.9973E-05 0.0961613 9.9973E-05 0.386468
0.0268337 0.0586321 0.00723836 0.558671 9.9991E-05 0.00963189 0.190903 0.0733847 0.0746052
0.022363 0.0388731 9.9982E-05 0.509772 0.0341689 9.9982E-05 0.294055 0.00844623 0.0921218
9.9964E-05 9.9964E-05 0.0489811 0.544904 9.9964E-05 0.0281824 0.349688 9.9964E-05 0.0278439
9.9982E-05 0.0321906 0.0496627 0.182257 0.00304043 9.9982E-05 0.148145 0.536937 0.0475681
0.0151158 0.029128 9.9964E-05 0.300598 9.9964E-05 0.0965355 0.558222 9.9964E-05 9.9964E-05
9.9973E-05 0.0126081 9.9973E-05 0.528597 9.9973E-05 0.0702733 0.178595 0.0926192 0.117008
0.0253595 0.0431716 9.9973E-05 0.660288 9.9973E-05 9.9973E-05 0.123403 0.037319 0.110159
0.0794655 0.00296825 0.0395284 0.54916 9.9982E-05 9.9982E-05 0.159765 0.0299465 0.138966
0.064671 0.0260646 0.0319639 0.584413 0.0299468 0.0159151 0.114736 0.0939467 0.0383427
0.0980126 0.0481559 9.9973E-05 0.107479 9.9973E-05 9.9973E-05 0.698318 0.0376692 0.0100652
0.187473 0.00924908 0.0455031 0.558003 0.0291551 9.9982E-05 0.121009 0.0494067 9.9982E-05
0.00333791 0.0443817 0.0535531 0.553057 0.0708825 0.0983767 0.153311 0.00554781 0.0175524
0.0671374 0.036146 9.9982E-05 0.492609 0.106365 0.0900889 0.10241 9.9982E-05 0.105044
9.9946E-05 9.9946E-05 9.9946E-05 0.323448 9.9946E-05 0.0532818 0.62267 9.9946E-05 9.9946E-05
0.0724329 0.0365778 9.9982E-05 0.584821 0.00462326 0.0348319 0.248294 9.9982E-05 0.0182195
0.0231373 0.0375318 9.9991E-05 0.535664 0.0549287 0.0414124 0.200939 0.0214693 0.0848171
0.299158 9.9946E-05 9.9946E-05 9.9946E-05 9.9946E-05 9.9946E-05 0.620079 9.9946E-05 0.0801634
0.0334714 9.9973E-05 0.00359197 0.179533 9.9973E-05 0.104929 0.294036 0.384139 9.9973E-05
0.29241 9.9973E-05 0.086643 0.0901599 9.9973E-05 0.0848978 0.195743 0.249847 9.9973E-05
0.0560152 9.9991E-05 0.00531443 0.497185 0.00836339 0.0686541 0.194804 0.0532035 0.11636
0.185645 9.9964E-05 0.0784026 0.639864 9.9964E-05 0.0331453 9.9964E-05 9.9964E-05 0.0625436
0.0578156 9.9991E-05 0.0486857 0.52752 0.0502966 0.093927 0.153258 0.00678594 0.0616107
0.134398 9.9973E-05 9.9973E-05 0.154336 9.9973E-05 0.0714323 0.260971 0.283253 0.0953098
0.0514837 9.99827E-05 0.0076776 0.442315 0.103339 0.0127038 0.100239 0.282042 9.99827E-05
0.0808999 9.9991E-05 0.0860897 0.611847 0.0512753 0.00734622 0.0139499 0.0908804 0.0576115
0.079703 0.0317524 0.0233913 0.361395 9.9991E-05 0.109016 0.0944355 0.197018 0.103188
0.104381 0.0321759 0.122769 0.100061 0.026063 0.00143932 0.194742 0.329343 0.0890252
0.193941 0.0518158 9.9991E-05 0.549187 0.0170892 0.0221679 0.124248 0.0130922 0.0283594
0.00507309 9.9991E-05 0.0478455 0.348988 0.0870701 0.12696 0.0654058 0.316448 0.00210907
0.179958 0.0806788 0.0104302 0.0427246 9.9973E-05 9.9973E-05 0.230637 0.455271 9.9973E-05
9.9973E-05 0.0673322 9.9973E-05 0.448079 0.031761 0.0947844 0.0790404 0.278703 9.9973E-05
0.00944084 9.9982E-05 0.0402133 0.719311 9.9982E-05 0.133031 0.0458725 0.0479332 0.00399833
0.11452 0.0799102 0.0460894 0.593146 9.9982E-05 0.0245099 9.9982E-05 0.121361 0.0202647
0.0231535 0.0443253 0.061826 0.293459 0.0609354 0.10608 0.177908 0.232213 9.9991E-05
0.140408 0.0432562 0.0131593 0.481993 0.0790959 9.9982E-05 0.116065 0.125822 9.9982E-05
0.0177444 0.0257212 0.0377788 0.512774 0.0538191 0.0885577 0.111281 0.0918032 0.0605206
0.186506 0.0572448 9.9973E-05 0.221373 9.9973E-05 0.0511216 0.112262 0.371194 9.9973E-05
9.9946E-05 0.0142863 9.9946E-05 0.573345 9.9946E-05 9.9946E-05 0.411769 9.9946E-05 9.9946E-05
9.9964E-05 0.0276607 0.000665015 0.199449 9.9964E-05 9.9964E-05 0.684179 0.0876462 9.9964E-05
0.0174339 9.9991E-05 0.0423641 0.496045 0.0759324 0.0663954 0.194562 0.048013 0.0591537
0.130308 9.9937E-05 9.9937E-05 9.9937E-05 9.9937E-05 9.9937E-05 0.868992 9.9937E-05 9.9937E-05
0.105712 9.9964E-05 0.00332925 9.9964E-05 9.9964E-05 0.0364968 0.841491 9.9964E-05 0.0125713
0.0105215 9.9955E-05 9.9955E-05 0.202706 9.9955E-05 0.0177436 0.768529 9.9955E-05 9.9955E-05
9.9955E-05 0.0163132 9.9955E-05 0.422301 9.9955E-05 9.9955E-05 0.49894 0.0619458 9.9955E-05
9.9964E-05 9.9964E-05 9.9964E-05 0.549121 9.9964E-05 0.017914 0.158184 0.131457 0.142924
9.9973E-05 0.0203796 0.0450464 0.405537 9.9973E-05 9.9973E-05 0.508739 0.00736047 0.0126372
9.9964E-05 9.9964E-05 0.0173572 0.0590123 0.0562299 9.9964E-05 0.695311 0.171689 9.9964E-05
9.9964E-05 9.9964E-05 0.0184838 0.228886 0.00577959 9.9964E-05 0.450128 0.296323 9.9964E-05
9.9982E-05 0.0189511 9.9982E-05 0.406492 0.103018 0.0376125 0.286646 0.103279 0.0438007
9.9964E-05 0.0257926 0.0879617 0.298461 9.9964E-05 9.9964E-05 0.579964 0.00742106 9.9964E-05
9.9982E-05 0.0330739 0.0745945 0.413593 0.00291909 0.00473793 0.43324 0.0376412 9.9982E-05
9.9955E-05 0.0271334 9.9955E-05 0.350531 9.9955E-05 0.0540607 0.567775 9.9955E-05 9.9955E-05
0.198085 9.9964E-05 9.9964E-05 9.9964E-05 0.0207524 0.0863145 0.669246 0.0252016 9.9964E-05
0.0919475 0.0260535 9.9982E-05 0.525658 0.0527374 0.0110444 0.276609 0.0157504 9.9982E-05
9.9973E-05 0.0346539 0.0990783 0.110938 0.0162733 9.9973E-05 9.9973E-05 0.0207078 0.718049
9.9955E-05 0.129538 0.0278777 0.0687328 9.9955E-05 9.9955E-05 9.9955E-05 9.9955E-05 0.773352
9.9955E-05 0.119415 9.9955E-05 0.0923537 0.0376493 9.9955E-05 9.9955E-05 9.9955E-05 0.750083
0.0324999 0.171108 0.0223972 0.00676013 0.0292198 9.9973E-05 9.9973E-05 9.9973E-05 0.737715
9.9955E-05 0.112428 0.0460378 0.0799767 9.9955E-05 9.9955E-05 9.9955E-05 9.9955E-05 0.761058
9.9982E-05 0.0728695 0.0357816 0.0179716 0.00595357 0.0507636 0.00865456 9.9982E-05 0.807806
9.9955E-05 0.0773251 0.145106 0.0506872 9.9955E-05 9.9955E-05 9.9955E-05 9.9955E-05 0.726382
0.0589747 0.032589 9.9982E-05 0.479327 0.107379 9.9982E-05 0.15772 0.0674294 0.0963805
9.9973E-05 0.0550568 9.9973E-05 0.518269 0.117878 9.9973E-05 0.217274 0.044805 0.0464172
9.9955E-05 9.9955E-05 9.9955E-05 9.9955E-05 9.9955E-05 0.112402 0.78521 0.0572079 0.0446801
0.101493 9.9982E-05 0.0374096 0.566608 0.0512075 9.9982E-05 0.139374 0.0490645 0.0546447
9.9955E-05 9.9955E-05 0.0395454 0.464653 9.9955E-05 9.9955E-05 0.391878 0.103424 9.9955E-05
9.9964E-05 9.9964E-05 0.0123719 0.597897 9.9964E-05 0.0199596 0.278842 9.9964E-05 0.0905295
0.0664485 0.0359102 0.0026159 0.518394 9.9991E-05 0.076012 0.251169 0.00377287 0.0455778
9.9964E-05 0.0321694 9.9964E-05 0.483395 0.0447107 0.04328 0.396045 9.9964E-05 9.9964E-05
0.0228488 9.9964E-05 0.0166865 9.9964E-05 9.9964E-05 9.9964E-05 0.760024 0.187626 0.0124143
9.9973E-05 9.9973E-05 0.0114033 0.480688 9.9973E-05 0.0849308 0.132272 0.148708 0.141699
9.9991E-05 0.0283996 0.012946 0.527423 0.0454317 0.0109559 0.258366 0.0536283 0.0627498
9.9973E-05 0.0439687 9.9973E-05 0.450229 0.128794 9.9973E-05 0.214905 0.119024 0.0427794
0.102987 0.0398413 9.9982E-05 0.215133 0.0227853 0.0441847 0.571538 9.9982E-05 0.00333087
9.9955E-05 9.9955E-05 0.0353208 0.454794 9.9955E-05 0.131259 0.378127 9.9955E-05 9.9955E-05
0.0171474 0.0271341 9.9973E-05 0.44463 9.9973E-05 9.9973E-05 0.40807 0.0905221 0.0121962
9.9964E-05 0.000545735 0.00961247 0.228407 0.0730491 9.9964E-05 0.687986 9.9964E-05 9.9964E-05
9.9973E-05 0.00508107 0.0388313 0.376629 9.9973E-05 9.9973E-05 0.419247 0.0946699 0.065241
9.9973E-05 0.00643725 9.9973E-05 0.55015 9.9973E-05 0.0236512 0.134496 0.164808 0.120158
0.095569 0.0426971 0.0289913 0.239192 9.9973E-05 0.263018 9.9973E-05 0.330233 9.9973E-05
0.0741355 0.0351518 9.9973E-05 0.439547 0.0579854 9.9973E-05 9.9973E-05 0.299398 0.0934827
9.9982E-05 9.9982E-05 0.0150219 0.55967 0.00356452 0.154815 0.039428 0.0682063 0.159094
0.00593601 0.00272095 9.9991E-05 0.505547 0.132502 0.121532 0.114581 0.0239089 0.0931726
9.9982E-05 0.0699951 0.00340414 0.485471 9.9982E-05 0.1052 0.0403409 0.271373 0.0240152
9.9973E-05 9.9973E-05 9.9973E-05 0.475111 0.0926539 0.033718 0.132989 0.224403 0.040825
9.9973E-05 9.9973E-05 9.9973E-05 0.405568 0.0287618 0.146945 0.0479612 0.340926 0.0295386
0.00321729 9.9982E-05 9.9982E-05 0.361065 0.107396 0.195753 0.123208 0.159102 0.0500581
0.0272384 9.9973E-05 0.0699148 0.601404 0.0726791 0.060704 9.9973E-05 0.16776 9.9973E-05
0.0897858 0.0428053 9.9973E-05 0.552468 9.9973E-05 0.0728162 9.9973E-05 0.19645 0.0453749
9.9964E-05 0.0114643 0.00235907 0.58468 9.9964E-05 9.9964E-05 0.0478671 0.35323 9.9964E-05
0.0707519 0.0120353 0.0173356 0.539231 0.093549 0.0650721 0.00919592 0.163545 0.029284
0.0734707 0.0203778 0.057553 0.458685 0.135159 0.142714 9.9991E-05 0.100628 0.0113119
9.9973E-05 0.00660931 9.9973E-05 0.5117 0.113167 0.0642096 0.0995549 0.204459 9.9973E-05
0.122708 0.00866745 9.9982E-05 0.57535 0.0971726 0.0231697 9.9982E-05 0.157747 0.0149856
9.9973E-05 0.0132949 9.9973E-05 0.566397 0.070288 0.0890265 0.013169 0.247524 9.9973E-05
0.0539008 0.0510973 9.9982E-05 0.40835 0.00490184 0.150299 9.9982E-05 0.239629 0.0916223
9.9973E-05 9.9973E-05 0.023205 0.590485 0.126075 0.0575288 9.9973E-05 0.153067 0.0493398
0.0892338 9.9964E-05 9.9964E-05 0.669216 0.0221306 0.0819263 9.9964E-05 0.137093 9.9964E-05
9.9982E-05 0.00135199 0.0365983 0.184992 0.0873692 0.0860641 0.227916 0.375508 9.9982E-05
0.194333 9.9973E-05 9.9973E-05 0.136835 0.0891514 0.218405 0.0989145 0.262061 9.9973E-05
0.0273061 0.0118459 0.012016 0.585732 0.0259476 9.9991E-05 0.029174 0.177403 0.130476
0.171909 9.9973E-05 9.9973E-05 0.0450371 0.075255 0.221244 0.150601 0.335653 9.9973E-05
0.00836468 0.0200464 0.0233866 0.265878 9.9991E-05 0.124408 0.10297 0.415128 0.0397177
0.0491652 9.9973E-05 9.9973E-05 0.443974 9.9973E-05 0.0405023 0.164789 0.274724 0.0265463
9.9973E-05 0.0371668 9.9973E-05 0.31561 9.9973E-05 0.0318315 0.262747 0.317319 0.0350253
0.0100726 9.9982E-05 9.9982E-05 0.2905 0.0188008 0.00544483 0.170421 0.498646 0.00591467
0.0230461 0.0247392 0.0384221 0.585159 0.0069525 0.018199 0.149358 0.108741 0.0453826
0.0548993 9.9982E-05 0.0706265 0.571626 0.061715 9.9982E-05 0.119377 0.10112 0.0204356
9.9982E-05 0.0276044 9.9982E-05 0.536237 0.000345348 0.0712846 0.0582337 0.217924 0.088171
0.211788 9.9973E-05 9.9973E-05 0.110384 0.069501 0.0582291 0.208728 0.34107 9.9973E-05
0.0399009 9.9982E-05 0.139799 0.428006 0.0897383 9.9982E-05 0.129839 0.054705 0.117812
0.135663 9.9982E-05 0.0320497 0.512073 9.9982E-05 0.123399 0.0389672 0.109075 0.0485737
0.449047 9.9973E-05 0.121889 9.9973E-05 9.9973E-05 0.0685661 0.177642 0.165271 0.0172846
0.104725 9.9964E-05 0.150197 0.633037 9.9964E-05 0.0863267 9.9964E-05 9.9964E-05 0.0253145
0.166508 9.9982E-05 9.9982E-05 0.41911 0.0147435 0.0957205 0.10002 0.1211 0.0825968
0.131253 0.00189147 9.9991E-05 0.396551 0.125502 0.0766892 0.0984293 0.0324078 0.137177
0.382346 0.048359 0.0382574 0.2687 9.9982E-05 0.00881779 0.0538173 0.199502 9.9982E-05
0.403174 0.010399 0.0112028 0.211743 9.9982E-05 0.133664 9.9982E-05 0.182816 0.0468009
0.231405 0.0103056 9.9973E-05 0.399073 9.9973E-05 0.113437 0.110236 0.135244 9.9973E-05
0.0211229 0.0248961 0.137554 0.516738 9.9991E-05 0.0459788 0.0645932 0.0946196 0.0943975
0.108677 0.00794444 0.0541042 0.348124 0.0992517 0.0716585 0.0733708 0.203033 0.0338363
0.373454 9.9973E-05 0.013289 9.9973E-05 0.189381 0.11319 0.187037 0.123348 9.9973E-05
0.0722499 9.9964E-05 0.152573 0.563779 9.9964E-05 0.0919833 0.119015 9.9964E-05 9.9964E-05
0.304459 9.9964E-05 9.9964E-05 0.348184 9.9964E-05 0.0334204 0.199369 0.114168 9.9964E-05
0.199621 0.00131242 9.9973E-05 0.4855 9.9973E-05 0.0314404 0.100723 0.181103 9.9973E-05
0.0624798 0.0356993 9.9991E-05 0.501586 0.0554275 0.110681 0.0681636 0.0316285 0.134234
0.273447 0.0745625 0.0181841 0.163895 0.22967 9.9973E-05 9.9973E-05 9.9973E-05 0.239941
0.380249 0.0189393 0.14984 9.9964E-05 0.132167 9.9964E-05 9.9964E-05 9.9964E-05 0.318404
0.47582 0.0586661 0.0147913 9.9964E-05 0.124963 9.9964E-05 9.9964E-05 9.9964E-05 0.325359
0.258558 0.0133352 0.0682402 0.069761 0.343684 9.9973E-05 9.9973E-05 9.9973E-05 0.246122
0.265399 9.9964E-05 9.9964E-05 0.611332 0.0216946 0.08995 0.011225 9.9964E-05 9.9964E-05
0.0376941 0.00142457 0.0762268 0.529274 0.0702043 0.0341816 0.148798 0.0724619 0.0297347
9.9946E-05 9.9946E-05 9.9946E-05 0.287723 0.695503 9.9946E-05 0.0161738 9.9946E-05 9.9946E-05
9.9973E-05 0.0219868 9.9973E-05 0.195038 0.458387 0.0458883 0.131477 0.146924 9.9973E-05
0.0789127 0.0488633 9.9973E-05 0.424161 0.358365 9.9973E-05 9.9973E-05 0.0689561 0.0204419
0.420959 0.00722395 0.00835674 0.309485 9.9973E-05 0.161287 0.0923883 9.9973E-05 9.9973E-05
0.0379042 0.0260919 9.9982E-05 0.503025 0.0361266 0.164074 0.120685 9.9982E-05 0.111893
0.483918 9.9955E-05 9.9955E-05 0.253227 9.9955E-05 0.180247 0.0821081 9.9955E-05 9.9955E-05
0.181885 9.9973E-05 0.108186 0.503383 0.00144253 0.0739536 0.13085 9.9973E-05 9.9973E-05
0.187366 0.000766148 9.9982E-05 0.449275 9.9982E-05 0.126649 0.127639 0.0701924 0.0379128
0.190478 9.9973E-05 0.054721 0.583186 0.0638969 0.0401373 0.0672813 9.9973E-05 9.9973E-05
0.462432 9.9964E-05 9.9964E-05 0.225016 9.9964E-05 0.0862441 0.136328 0.0895804 9.9964E-05
0.183275 9.9964E-05 9.9964E-05 0.567584 0.138564 9.9964E-05 0.107116 9.9964E-05 0.00306175
0.0941473 9.9991E-05 0.0632499 0.598635 0.00747311 0.0664359 0.0860546 0.0220804 0.0618238
9.9955E-05 9.9955E-05 9.9955E-05 0.02073 0.927026 0.0347153 0.0170289 9.9955E-05 9.9955E-05
9.99541E-05 9.99541E-05 9.99541E-05 0.0768357 0.877646 9.99541E-05 0.0449183 9.99541E-05 9.99541E-05
0.0468821 0.038039 0.0495841 0.284654 0.512762 9.9973E-05 0.0677782 9.9973E-05 9.9973E-05
9.9964E-05 0.00022264 9.9964E-05 0.296183 0.656431 0.00860328 9.9964E-05 9.9964E-05 0.0381604
9.9973E-05 0.0186963 0.00490368 0.149603 0.776227 9.9973E-05 9.9973E-05 0.0434698 0.00680074
9.9937E-05 0.0216231 9.9937E-05 9.9937E-05 0.977677 9.9937E-05 9.9937E-05 9.9937E-05 9.9937E-05
9.9946E-05 9.9946E-05 9.9946E-05 9.9946E-05 0.944756 9.9946E-05 0.0526318 0.00201277 9.9946E-05
9.9937E-05 9.9937E-05 9.9937E-05 0.169471 0.829829 9.9937E-05 9.9937E-05 9.9937E-05 9.9937E-05
9.9937E-05 9.9937E-05 9.9937E-05 9.9937E-05 0.956247 9.9937E-05 9.9937E-05 0.0430537 9.9937E-05
9.993E-05 9.993E-05 9.993E-05 9.993E-05 0.999201 9.993E-05 9.993E-05 9.993E-05 9.993E-05
9.9937E-05 0.032605 9.9937E-05 9.9937E-05 0.966695 9.9937E-05 9.9937E-05 9.9937E-05 9.9937E-05
9.9964E-05 0.050655 9.9964E-05 0.187033 0.701147 0.0274534 9.9964E-05 0.033312 9.9964E-05
9.9964E-05 0.0211448 9.9964E-05 0.121579 0.816419 9.9964E-05 9.9964E-05 0.0306905 0.00976636
9.9946E-05 9.9946E-05 9.9946E-05 9.9946E-05 0.964942 9.9946E-05 0.0334753 0.000983546 9.9946E-05
9.9973E-05 9.9973E-05 0.0851127 0.27534 0.405228 0.0358568 0.0669134 0.131249 9.9973E-05
9.9973E-05 9.9973E-05 9.9973E-05 0.130509 0.654439 0.0234506 0.0971883 0.0650345 0.0290782
0.0234047 0.0694132 0.0071906 0.187399 0.712193 9.9964E-05 9.9964E-05 9.9964E-05 9.9964E-05
9.9955E-05 0.0345672 9.9955E-05 0.0779316 0.840615 9.9955E-05 9.9955E-05 0.046386 9.9955E-05
9.9937E-05 9.9937E-05 9.9937E-05 9.9937E-05 0.995346 9.9937E-05 9.9937E-05 9.9937E-05 0.00395399
9.9955E-05 9.9955E-05 0.0420343 0.100809 0.85617 9.9955E-05 9.9955E-05 0.00048715 9.9955E-05
9.993E-05 9.993E-05 9.993E-05 9.993E-05 0.999201 9.993E-05 9.993E-05 9.993E-05 9.993E-05
9.9982E-05 9.9982E-05 0.0611354 0.244784 0.605938 0.008759 0.0276331 0.0377103 0.0138406
9.9964E-05 9.9964E-05 0.032245 0.0401451 0.895002 0.00299853 0.0292096 9.9964E-05 9.9964E-05
0.613201 9.9973E-05 0.0479579 9.9973E-05 0.0375301 0.0590794 0.00531128 9.9973E-05 0.23662
0.224678 0.0442345 9.9973E-05 0.424742 0.0485316 9.9973E-05 9.9973E-05 0.105498 0.152015
0.215726 0.0241721 0.0610466 0.452717 0.0796697 9.9982E-05 0.0124885 9.9982E-05 0.153981
0.462968 0.0196529 0.0525605 0.178808 0.103839 0.00392409 0.0369374 9.9991E-05 0.14121
0.119153 9.9982E-05 0.126482 0.368325 0.0993088 0.0544703 0.224058 9.9982E-05 0.00800375
0.383552 0.0557188 0.0842256 0.177012 0.105657 0.00810883 0.090709 9.9991E-05 0.0949167
0.067441 0.0368084 0.151154 0.388001 0.108663 0.152516 0.00955117 0.0154103 0.0704555
0.332841 9.9973E-05 0.147385 0.292578 0.16407 9.9973E-05 0.0459321 9.9973E-05 0.0168941
0.169472 0.113719 0.142942 0.394662 0.131245 9.9973E-05 0.0476598 9.9973E-05 9.9973E-05
0.383045 0.0509784 0.0323724 0.356807 0.150296 0.00704285 9.9982E-05 9.9982E-05 0.0192587
0.135988 9.9982E-05 0.0567391 0.469489 0.137725 0.0158135 9.9982E-05 0.0814667 0.102578
0.00369792 9.9973E-05 0.0152448 0.0472701 9.9973E-05 0.0367149 9.9973E-05 0.0753788 0.821394
9.9964E-05 0.0571194 0.0662169 9.9964E-05 0.0696268 9.9964E-05 9.9964E-05 0.0136069 0.79303
0.0120109 0.0589078 9.9955E-05 9.9955E-05 9.9955E-05 9.9955E-05 0.00569212 9.9955E-05 0.922889
9.9955E-05 0.0155261 9.9955E-05 0.0281362 9.9955E-05 9.9955E-05 9.9955E-05 0.0529588 0.902879
0.0431966 0.11772 0.0391756 0.0267857 0.0213327 9.9982E-05 9.9982E-05 0.0433383 0.708251
9.9964E-05 0.0998737 0.00353639 9.9964E-05 0.0900744 0.0128463 9.9964E-05 9.9964E-05 0.793269
9.9955E-05 0.0705145 0.158116 9.9955E-05 0.0984337 9.9955E-05 9.9955E-05 9.9955E-05 0.672436
0.0963059 0.0250412 0.0654756 0.0248392 9.9973E-05 0.0377862 9.9973E-05 9.9973E-05 0.750252
9.9973E-05 0.0154915 0.0017231 0.0173877 0.0230877 9.9973E-05 0.0715287 9.9973E-05 0.870481
0.0730818 0.0182133 9.9964E-05 0.0249147 0.0840474 9.9964E-05 9.9964E-05 9.9964E-05 0.799343
9.9973E-05 0.0707178 0.0129375 9.9973E-05 9.9973E-05 0.0121123 0.130024 0.21343 0.560478
9.9973E-05 0.0369177 0.0642452 9.9973E-05 9.9973E-05 0.0314312 0.0332098 0.313091 0.520806
0.0556873 0.0713034 0.0301849 9.9982E-05 9.9982E-05 0.0283145 0.0831665 0.24424 0.486903
9.9955E-05 9.9955E-05 0.147714 9.9955E-05 9.9955E-05 9.9955E-05 0.17339 0.244361 0.434035
9.9964E-05 0.0896795 9.9964E-05 0.440173 0.0154753 9.9964E-05 0.385918 0.0683545 9.9964E-05
9.9964E-05 9.9964E-05 9.9964E-05 0.437786 9.9964E-05 0.141569 0.310629 0.0666209 0.0429959
9.9973E-05 9.9973E-05 9.9973E-05 0.545901 0.014861 0.0630901 0.195077 0.0532744 0.127496
0.0736467 0.0218069 9.9982E-05 0.387663 9.9982E-05 0.0200581 0.264862 0.211756 0.0200083
0.0117888 9.9973E-05 0.00577589 0.206428 9.9973E-05 0.028943 0.156426 0.590339 9.9973E-05
9.9991E-05 0.0366932 0.0593236 0.560877 0.0302606 0.00170029 0.231532 0.0317636 0.0477493
0.0806762 0.00549618 9.9982E-05 0.502866 0.0341192 0.0375656 0.330624 0.00845215 9.9982E-05
0.0120606 9.99777E-05 0.00846705 0.529131 9.99777E-05 0.117342 0.218783 0.113917 9.99777E-05
0.0170328 9.9955E-05 9.9955E-05 0.32041 0.0631148 9.9955E-05 0.598943 9.9955E-05 9.9955E-05
9.9982E-05 0.0217143 0.0379691 0.590142 0.0580075 9.9982E-05 0.146687 0.0972364 0.0480439
9.9982E-05 0.00799871 0.027531 0.350718 0.00153686 0.0213574 0.450122 0.140536 9.9982E-05
0.0255459 9.9955E-05 9.9955E-05 9.9955E-05 9.9955E-05 0.23076 0.687399 0.055796 9.9955E-05
0.00748203 0.0186715 0.0531727 0.528664 0.026596 0.09669 0.0829121 0.159727 0.0260854
0.175331 0.00209427 9.9982E-05 0.204856 0.00660717 0.1057 0.503167 9.9982E-05 0.0020458
0.0301396 0.0124604 0.0270103 0.466311 0.0561924 0.0352806 0.367684 0.0048216 9.9991E-05
9.9955E-05 9.9955E-05 9.9955E-05 0.0576316 9.9955E-05 9.9955E-05 0.738071 0.138204 0.065593
0.00892496 0.00135051 0.20547 9.9964E-05 0.0158822 9.9964E-05 9.9964E-05 0.767972 9.9964E-05
0.0586025 9.9964E-05 0.168987 0.0475268 9.9964E-05 0.0381041 9.9964E-05 0.686379 9.9964E-05
0.00103824 0.00630756 0.151962 9.9964E-05 9.9964E-05 0.0150426 9.9964E-05 0.82525 9.9964E-05
0.0116369 9.9964E-05 0.0794498 9.9964E-05 9.9964E-05 0.0183914 9.9964E-05 0.774379 0.115743
0.00399382 9.9973E-05 0.0882662 9.9973E-05 0.0390645 0.0265486 0.041358 0.800469 9.9973E-05
0.00832553 9.9982E-05 0.0650788 0.0530832 0.072999 0.0121261 9.9982E-05 0.765869 0.022318
9.9964E-05 0.0748272 9.9964E-05 0.0531123 0.0349406 0.016277 9.9964E-05 9.9964E-05 0.820443
9.9973E-05 0.00378184 0.102022 0.0824502 0.0314432 9.9973E-05 9.9973E-05 0.0573458 0.722657
0.015561 0.0421725 9.9973E-05 0.0798695 0.1384 0.00741713 9.9973E-05 9.9973E-05 0.71628
9.9973E-05 0.0291415 9.9973E-05 0.0365275 0.117151 0.00975247 9.9973E-05 0.0683843 0.738744
9.9973E-05 0.0238014 0.0836501 0.0566599 0.0732104 9.9973E-05 9.9973E-05 0.0353493 0.727029
0.0514806 0.023896 0.0589405 9.9964E-05 9.9964E-05 9.9964E-05 9.9964E-05 0.538886 0.326397
0.0298709 9.9973E-05 0.16982 9.9973E-05 9.9973E-05 0.0319875 0.0468358 0.388641 0.332544
9.9982E-05 0.00790513 0.0557789 9.9982E-05 0.0177623 0.0549071 0.0354453 0.459359 0.368642
9.993E-05 0.999201 9.993E-05 9.993E-05 9.993E-05 9.993E-05 9.993E-05 9.993E-05 9.993E-05
0.0390477 0.0546788 0.0686891 9.9973E-05 9.9973E-05 9.9973E-05 0.0630002 0.473004 0.30128
0.133416 9.9955E-05 9.9955E-05 0.306221 0.331842 9.9955E-05 9.9955E-05 9.9955E-05 0.228022
0.0305675 0.0356834 0.0915634 0.530837 0.17566 9.9991E-05 0.0330385 0.0231098 0.0794399
9.9955E-05 0.0164092 9.9955E-05 0.54301 0.24437 9.9955E-05 9.9955E-05 9.9955E-05 0.195711
0.0471078 0.0132605 0.18268 0.350461 0.142734 0.0049462 0.0551071 9.9991E-05 0.203604
0.076451 0.0251001 0.121225 0.431917 0.152038 0.0718444 9.9982E-05 0.121224 9.9982E-05
0.295349 9.9955E-05 0.0306231 9.9955E-05 0.315719 9.9955E-05 9.9955E-05 9.9955E-05 0.35781
0.0111482 9.9973E-05 0.0241098 0.468807 9.9973E-05 0.0549836 0.113195 0.327457 9.9973E-05
0.152853 9.9982E-05 9.9982E-05 0.340224 0.000283292 0.194885 0.0688287 0.209006 0.0337199
9.9982E-05 0.074555 0.0680718 0.310512 9.9982E-05 0.00210915 0.000688739 0.541271 0.0025922
0.000117722 9.9964E-05 9.9964E-05 0.466216 0.000760545 0.3426 9.9964E-05 0.189906 9.9964E-05
0.323824 9.9955E-05 9.9955E-05 9.9955E-05 9.9955E-05 0.3035 0.178795 0.193381 9.9955E-05
0.0555954 0.0188349 9.9991E-05 0.584623 0.0220604 0.0352131 0.106074 0.0893671 0.0881325
0.0216946 0.0207736 9.9991E-05 0.460552 0.00340807 0.166066 0.0569074 0.181883 0.0886157
9.9982E-05 0.0128308 0.0187004 0.345024 9.9982E-05 0.0522448 0.143602 0.351596 0.0758021
0.000754613 0.0148456 0.0283838 0.542594 0.0477255 0.091549 0.0202468 0.182692 0.0712089
0.251918 9.9964E-05 9.9964E-05 0.108178 9.9964E-05 0.145945 0.235071 0.258488 9.9964E-05
0.179858 9.9973E-05 9.9973E-05 0.424407 0.0332935 0.169221 0.0919951 0.100926 9.9973E-05
0.0750306 0.0307676 0.0176301 0.570312 0.025589 0.00985553 0.0729813 0.197734 9.9991E-05
0.0888132 9.9982E-05 0.0862616 0.413815 0.168118 9.9982E-05 0.119177 0.0801686 0.043447
0.0657123 9.9964E-05 9.9964E-05 0.374878 0.0145893 0.211957 9.9964E-05 0.332464 9.9964E-05
9.9982E-05 0.00351141 0.00243314 0.45053 9.9982E-05 0.130409 0.0765171 0.269991 0.0664094
0.0239419 9.9982E-05 0.0183697 0.459079 0.119931 0.0944544 0.165308 0.118717 9.9982E-05
9.9964E-05 9.9964E-05 9.9964E-05 0.48998 9.9964E-05 0.161744 0.124407 0.174725 0.0487441
9.9982E-05 0.0386274 9.9982E-05 0.655126 0.0133287 0.074063 0.0965339 0.0863134 0.0358077
9.9973E-05 9.9973E-05 0.00488529 0.580383 9.9973E-05 0.123754 0.0956643 0.102659 0.0923553
9.9991E-05 0.0053552 0.0316329 0.498515 0.0268658 0.0928481 0.0706105 0.168204 0.105869
9.9946E-05 9.9946E-05 9.9946E-05 0.109457 0.0872403 9.9946E-05 9.9946E-05 9.9946E-05 0.802703
9.9973E-05 0.0018193 9.9973E-05 0.0116784 0.0677191 0.0323195 0.0500188 9.9973E-05 0.836145
9.9973E-05 9.9973E-05 0.0732075 0.0857248 9.9973E-05 0.010509 0.0468718 0.0587132 0.724674
9.9982E-05 0.0216268 9.9982E-05 0.00263632 0.0454061 0.0171196 0.0678989 0.0198843 0.825228
9.9973E-05 0.0686976 0.00976087 0.0952817 0.0504052 0.00429963 9.9973E-05 9.9973E-05 0.771255
0.0648234 0.0246324 9.9982E-05 0.185828 0.0365287 9.9982E-05 0.0856981 0.578166 0.0241237
0.0359854 9.9982E-05 0.0387913 0.530562 0.0193245 0.198058 9.9982E-05 0.102055 0.075024
0.0467678 0.0188728 0.105745 0.412104 0.148597 0.0835276 0.068329 0.0032704 0.112786
9.9964E-05 0.0732505 9.9964E-05 0.73073 9.9964E-05 0.0350225 9.9964E-05 0.11049 0.0501076
9.9973E-05 9.9973E-05 9.9973E-05 0.46479 0.045554 0.0253637 0.190358 0.178299 0.0953351
0.240051 0.00635507 9.9973E-05 0.316096 0.0216533 0.0961826 9.9973E-05 0.319362 9.9973E-05
0.176112 0.0537129 9.9964E-05 9.9964E-05 9.9964E-05 9.9964E-05 0.150255 0.55015 0.0693701
9.9982E-05 0.00386598 0.0142461 0.530796 0.01195 0.0967923 9.9982E-05 0.304505 0.0376447
9.9973E-05 9.9973E-05 9.9973E-05 0.221826 0.039708 0.140067 0.0168824 0.463617 0.117599
0.0355857 0.00162916 0.0280603 0.385923 0.0427311 0.0804801 0.168921 0.16985 0.0868205
0.00706917 0.00278244 9.9991E-05 0.151281 0.0107508 0.119119 0.102102 0.452654 0.154141
9.9973E-05 0.0352505 0.0251775 0.594792 0.0346595 9.9973E-05 9.9973E-05 0.192348 0.117473
0.117185 0.0263596 0.00364443 0.242185 9.9991E-05 0.0453493 0.0593324 0.489172 0.016673
0.129204 0.0399624 9.9982E-05 0.284304 0.0720286 0.151942 0.0416143 0.280745 9.9982E-05
0.0574614 9.9982E-05 0.0429127 0.489046 9.9982E-05 0.0546444 0.122063 0.173776 0.0598965
0.427439 9.9964E-05 9.9964E-05 0.306427 9.9964E-05 0.106882 0.0239378 0.134915 9.9964E-05
0.287652 9.9973E-05 0.0497028 0.574085 9.9973E-05 9.9973E-05 0.0167663 0.0654677 0.00602677
0.164462 0.0219759 9.9964E-05 0.537702 9.9964E-05 0.145747 9.9964E-05 9.9964E-05 0.129713
0.438921 9.9964E-05 9.9964E-05 0.368455 9.9964E-05 0.0371716 0.0306315 0.124421 9.9964E-05
0.176393 0.0369309 9.9982E-05 0.458822 0.0832146 0.0991346 0.0133076 0.131998 9.9982E-05
0.214378 0.0255376 9.9982E-05 0.558383 9.9982E-05 0.0551684 0.0366217 0.0617542 0.0479573
0.596943 9.9964E-05 9.9964E-05 0.124315 9.9964E-05 0.129501 0.075997 0.0728448 9.9964E-05
0.565585 9.9964E-05 9.9964E-05 0.265174 9.9964E-05 0.0815304 0.0778102 0.00950147 9.9964E-05
0.262812 9.9955E-05 9.9955E-05 0.542812 9.9955E-05 0.143819 9.9955E-05 0.0500571 9.9955E-05
0.400505 9.9973E-05 0.0284867 0.176064 9.9973E-05 0.0538261 0.235498 0.105321 9.9973E-05
0.300281 9.9955E-05 9.9955E-05 0.509585 9.9955E-05 9.9955E-05 0.0957464 0.0938872 9.9955E-05
9.9982E-05 0.0158994 9.9982E-05 0.0284253 0.14304 0.0209185 0.262142 0.527048 0.00232664
0.0587901 9.9973E-05 9.9973E-05 0.234961 0.0183146 0.25308 0.0906158 0.343938 9.9973E-05
9.9982E-05 0.030587 9.9982E-05 0.288383 0.12618 0.0749661 0.103697 0.355616 0.020371
0.0959607 0.0164556 9.9982E-05 0.55475 0.0573947 0.0475807 0.0522005 0.175458 9.9982E-05
0.0073812 0.0144827 9.9973E-05 0.227455 9.9973E-05 0.00472347 0.299975 0.445683 9.9973E-05
0.125528 9.9982E-05 9.9982E-05 0.412411 0.12989 0.0258683 0.128126 0.159327 0.01865
0.0333986 0.00615913 9.9982E-05 0.622092 0.0355329 0.0324505 9.9982E-05 0.208701 0.0614652
9.9982E-05 0.00306214 9.9982E-05 0.418303 0.132569 0.066308 0.104922 0.274222 0.000413195
9.9982E-05 9.9982E-05 0.0101577 0.512508 0.0599378 0.136131 0.0259913 0.227005 0.0280692
9.9964E-05 9.9964E-05 9.9964E-05 0.387046 0.0652312 9.9964E-05 0.170074 0.28957 0.0876789
9.9964E-05 0.0184834 9.9964E-05 0.21548 0.0848815 9.9964E-05 0.201112 0.479643 9.9964E-05
9.9964E-05 9.9964E-05 9.9964E-05 0.388259 0.0494857 0.0600591 0.0439489 0.457848 9.9964E-05
0.00194937 9.9982E-05 0.00570506 0.547594 0.0259905 0.133521 0.112716 0.172324 9.9982E-05
0.00431287 9.9982E-05 0.0456914 0.55852 0.0875272 0.0651787 9.9982E-05 0.23358 0.00499028
0.113502 0.0323735 9.9991E-05 0.442773 0.0272925 0.0365976 0.113246 0.208743 0.0253716
0.0100307 9.9982E-05 0.00982048 0.52516 0.070064 0.149803 0.0559327 0.17899 9.9982E-05
0.0250154 0.0110905 0.000297471 0.458246 9.9991E-05 0.00182597 0.0349159 0.377407 0.0911009
9.9964E-05 9.9964E-05 9.9964E-05 0.58518 0.0153019 9.9964E-05 0.158172 0.204437 0.0365084
0.00181809 0.00560217 0.0437941 0.514148 0.0728704 0.0631033 0.0426521 0.240531 0.0154817
0.0906764 0.0520847 9.9991E-05 0.491799 0.0541933 0.0854421 0.00693154 0.129945 0.088828
0.100619 0.0530453 0.0420456 0.402465 0.12463 9.9973E-05 9.9973E-05 9.9973E-05 0.276895
0.102263 0.0233454 9.9982E-05 0.466318 0.243035 0.0189023 0.0202392 9.9982E-05 0.125698
0.00421071 0.0667384 0.137883 0.487561 0.138499 0.157025 9.9982E-05 0.00788376 9.9982E-05
0.0136387 0.0691821 0.0223646 0.576171 0.124813 0.100022 0.0689937 0.0177672 0.00704794
9.9991E-05 0.0512498 0.0775645 0.391702 0.208906 0.0522118 0.0121626 0.00388843 0.202215
0.146226 9.9955E-05 9.9955E-05 0.493511 9.9955E-05 0.220533 9.9955E-05 0.13923 9.9955E-05
0.10785 0.000136626 0.0105287 0.500616 0.127738 0.00571351 0.0130169 0.0554837 0.178916
0.462121 9.9973E-05 9.9973E-05 0.0600391 0.127428 9.9973E-05 0.117547 0.0102661 0.222299
0.0898876 9.9973E-05 9.9973E-05 0.545827 0.10029 9.9973E-05 0.0778016 0.0446785 0.141216
9.9973E-05 0.0450724 9.9973E-05 0.53504 0.113894 0.145233 9.9973E-05 0.0396633 0.120798
9.9973E-05 9.9973E-05 0.070407 0.371398 0.266793 0.15569 0.04036 0.0950513 9.9973E-05
0.230178 0.0771185 0.0371747 0.280094 0.134246 9.9991E-05 0.0590018 0.0953583 0.0867289
0.117738 0.00249853 9.9982E-05 0.510196 0.122389 0.0319669 0.0329807 9.9982E-05 0.182031
0.133077 0.0297337 9.9973E-05 0.478052 0.214828 0.0728501 9.9973E-05 9.9973E-05 0.0711593
0.386996 0.0810438 9.9955E-05 9.9955E-05 0.164883 9.9955E-05 9.9955E-05 9.9955E-05 0.366577
0.0363392 0.0795104 0.00101137 0.566193 0.148801 0.00387259 9.9982E-05 9.9982E-05 0.164073
9.9982E-05 0.0229223 9.9982E-05 0.510582 0.227863 0.00591521 0.00715859 0.0181818 0.207177
0.0834109 0.0247679 9.9973E-05 0.715522 0.0292475 0.0189126 9.9973E-05 9.9973E-05 0.127839
0.0111839 0.0302328 0.0759861 0.552826 0.133594 9.9973E-05 9.9973E-05 9.9973E-05 0.195877
0.0829598 0.0711684 9.9991E-05 0.516283 0.0914564 0.00219618 0.071268 0.0230474 0.141521
9.9973E-05 0.0388676 9.9973E-05 0.43669 0.0331904 0.410761 9.9973E-05 0.0312388 0.0489523
9.9964E-05 9.9964E-05 0.0947934 0.585324 9.9964E-05 0.260348 0.0152303 9.9964E-05 0.043905
0.0324958 9.9955E-05 9.9955E-05 9.9955E-05 9.9955E-05 0.778702 0.0913602 0.0969424 9.9955E-05
9.99369E-05 9.99369E-05 9.99369E-05 9.99369E-05 9.99369E-05 0.934528 9.99369E-05 0.0647721 9.99369E-05
9.9964E-05 9.9964E-05 0.125112 0.469524 9.9964E-05 0.315002 0.0235032 0.0664584 9.9964E-05
0.158326 9.9964E-05 9.9964E-05 0.438171 0.273655 0.0248234 9.9964E-05 9.9964E-05 0.104625
0.0602271 0.0366839 0.0301971 0.268606 0.302861 0.227876 9.9982E-05 9.9982E-05 0.0733491
0.202084 0.0500089 0.0608318 0.174138 0.242926 0.109708 9.9982E-05 9.9982E-05 0.160102
0.0219733 0.0339971 9.9982E-05 0.303183 0.254456 0.160361 9.9982E-05 0.0401347 0.185695
0.0966829 9.9973E-05 0.0814369 0.0694127 0.0633185 0.636813 9.9973E-05 9.9973E-05 0.0520361
0.0543821 0.0581017 9.9973E-05 0.0922359 0.0597313 0.648654 9.9973E-05 9.9973E-05 0.0865951
9.9973E-05 0.00987914 0.032218 0.434266 0.151626 0.309446 0.0622648 9.9973E-05 9.9973E-05
9.9955E-05 9.9955E-05 0.142297 0.300237 0.134389 0.422578 9.9955E-05 9.9955E-05 9.9955E-05
9.9964E-05 0.129698 9.9964E-05 0.08087 0.106796 0.659694 9.9964E-05 9.9964E-05 0.0225426
9.9991E-05 0.0256364 0.0465723 0.453322 0.102133 0.276195 0.0561129 0.0125923 0.0273368
0.0178069 9.9982E-05 0.0408474 0.504341 0.0575189 0.328747 9.9982E-05 0.0223978 0.0281411
0.0213544 0.0233101 0.0520494 0.442788 0.0455502 0.187665 0.094708 0.0487127 0.0838622
9.9964E-05 0.0141693 0.00576572 0.304637 9.9964E-05 0.617883 9.9964E-05 0.0571455 9.9964E-05
9.9982E-05 0.0148707 0.0106611 0.281341 0.0352665 0.499172 0.101963 0.0565249 9.9982E-05
0.0164528 0.00524319 0.00331817 0.501967 0.0122147 0.299999 9.9991E-05 0.115778 0.0449271
0.00282114 9.9991E-05 0.0346521 0.35767 0.0654949 0.382969 0.0292612 0.110658 0.0163733
0.102836 9.9982E-05 9.9982E-05 0.406587 0.10964 0.154697 0.049239 0.104407 0.0723948
0.107579 0.0159786 9.9964E-05 0.414109 9.9964E-05 0.444365 0.0175691 9.9964E-05 9.9964E-05
9.9955E-05 9.9955E-05 0.0421978 0.193272 9.9955E-05 0.705821 9.9955E-05 0.05821 9.9955E-05
9.9964E-05 9.9964E-05 9.9964E-05 0.498953 0.10042 0.340431 0.021424 9.9964E-05 0.0383722
9.99549E-05 9.99549E-05 9.99549E-05 0.108496 9.99549E-05 0.757862 0.0520118 0.0811306 9.99549E-05
0.0147723 0.0417772 9.9973E-05 0.405308 0.0105928 0.513272 9.9973E-05 9.9973E-05 0.0139779
0.00806113 0.109662 0.000198451 0.477368 0.0402629 0.325029 0.0392186 9.9982E-05 9.9982E-05
9.9982E-05 0.0418207 9.9982E-05 0.362474 0.0355152 0.380174 0.0936054 0.0205112 0.065699
0.0833959 0.0381233 9.9982E-05 0.430764 0.223728 0.0541818 9.9982E-05 0.0650567 0.104551
0.0916447 9.9982E-05 0.00202257 0.376552 0.176326 0.0842555 9.9982E-05 0.167227 0.101772
0.222737 0.041361 9.9982E-05 0.378194 0.236933 0.0108069 9.9982E-05 0.0315166 0.0782509
0.0379136 0.0942588 0.150628 0.186557 0.283929 0.0907164 0.0136897 0.101906 0.0404015
0.0736602 9.9991E-05 0.165401 0.464009 0.124118 0.00980088 0.0281878 0.0992245 0.0354988
0.0584649 0.0556324 0.0517191 0.466692 0.111275 0.14877 9.9991E-05 0.00902997 0.0983174
0.135521 9.9964E-05 0.0857628 9.9964E-05 0.102575 0.571003 9.9964E-05 9.9964E-05 0.104739
9.9964E-05 0.0495866 0.0903311 0.477331 0.225935 0.156417 9.9964E-05 9.9964E-05 9.9964E-05
0.162676 9.9964E-05 0.126788 9.9964E-05 0.101814 0.352044 9.9964E-05 9.9964E-05 0.256278
9.9955E-05 9.9955E-05 9.9955E-05 0.447933 0.241578 0.288512 9.9955E-05 9.9955E-05 0.021478
0.0693716 9.9955E-05 9.9955E-05 0.00101661 9.9955E-05 0.859106 0.0700062 9.9955E-05 9.9955E-05
9.9955E-05 0.0131983 9.9955E-05 9.9955E-05 9.9955E-05 0.917775 0.0641632 9.9955E-05 0.00436356
9.9955E-05 0.0318073 9.9955E-05 0.405211 9.9955E-05 0.481568 0.0809137 9.9955E-05 9.9955E-05
9.9964E-05 0.000476604 0.0539335 0.562001 0.0213905 0.361798 9.9964E-05 9.9964E-05 9.9964E-05
9.9937E-05 9.9937E-05 9.9937E-05 0.340819 9.9937E-05 0.658482 9.9937E-05 9.9937E-05 9.9937E-05
9.9946E-05 9.9946E-05 9.9946E-05 0.439489 9.9946E-05 0.551319 0.0085921 9.9946E-05 9.9946E-05
9.9955E-05 9.9955E-05 0.013488 0.420823 0.0416885 0.523501 9.9955E-05 9.9955E-05 9.9955E-05
0.00481399 0.0670007 0.0700428 0.069174 0.0141056 0.0650266 9.9982E-05 9.9982E-05 0.709636
9.9973E-05 0.0411887 0.135134 9.9973E-05 0.103143 0.0173058 9.9973E-05 0.146898 0.55603
9.9964E-05 0.019703 0.0432498 9.9964E-05 0.0717615 9.9964E-05 9.9964E-05 0.017364 0.847522
9.9955E-05 0.162742 9.9955E-05 0.0039736 9.9955E-05 0.0341129 9.9955E-05 9.9955E-05 0.798672
9.9973E-05 0.080442 9.9973E-05 0.422435 0.0260302 0.00217202 0.423661 9.9973E-05 0.0449601
9.9982E-05 9.9982E-05 0.00801929 0.453344 0.00951689 0.0251292 0.369264 0.00839857 0.126128
9.9964E-05 0.0218872 9.9964E-05 0.483811 0.0196718 9.9964E-05 0.46308 0.01115 9.9964E-05
0.114524 0.00931964 0.0573311 0.601175 0.0155864 9.9991E-05 0.178215 0.00455773 0.0191908
0.0867927 0.00142612 0.0344677 0.505187 0.00164782 9.9991E-05 0.239424 0.0879832 0.0429715
9.9964E-05 9.9964E-05 9.9964E-05 0.236746 0.0214178 9.9964E-05 0.598681 0.140925 0.00183024
9.9955E-05 0.0152877 9.9955E-05 0.589277 0.0440858 9.9955E-05 0.35085 9.9955E-05 9.9955E-05
0.102531 9.9964E-05 9.9964E-05 0.280369 9.9964E-05 0.0995951 0.501712 9.9964E-05 0.0153932
9.9982E-05 0.0480351 0.0219091 0.444634 0.171536 0.0413969 0.0572487 9.9982E-05 0.21504
0.0886132 9.9973E-05 0.0400448 0.359097 0.107696 0.0529699 0.351279 9.9973E-05 9.9973E-05
0.00191229 0.0139995 9.9973E-05 0.306773 9.9973E-05 9.9973E-05 0.56524 0.10211 0.00966535
9.9964E-05 9.9964E-05 9.9964E-05 0.525329 9.9964E-05 0.117393 0.286232 0.0291248 0.0415213
9.9964E-05 9.9964E-05 9.9964E-05 0.381944 9.9964E-05 0.0915968 0.449196 0.0138627 0.0630001
9.9964E-05 9.9964E-05 9.9964E-05 0.569646 0.0179664 0.109086 0.27539 9.9964E-05 0.0275117
9.9964E-05 0.0179334 9.9964E-05 0.509082 9.9964E-05 0.0513459 0.374554 9.9964E-05 0.0466851
9.9946E-05 9.9946E-05 9.9946E-05 0.0271749 9.9946E-05 0.13779 0.834435 9.9946E-05 9.9946E-05
0.0937023 9.9964E-05 9.9964E-05 0.188615 0.0418006 0.0424291 0.633053 9.9964E-05 9.9964E-05
9.9991E-05 0.0112542 0.0332318 0.243734 0.0130992 0.0693537 0.60612 0.0141845 0.00892252
0.161822 9.9946E-05 9.9946E-05 9.9946E-05 9.9946E-05 0.0416957 0.795883 9.9946E-05 9.9946E-05
9.9973E-05 0.0200254 0.0204565 0.341924 0.0148859 9.9973E-05 0.472284 0.130125 9.9973E-05
0.258578 9.9955E-05 9.9955E-05 0.0475164 0.0244728 9.9955E-05 0.668933 9.9955E-05 9.9955E-05
0.186888 9.9955E-05 9.9955E-05 9.9955E-05 9.9955E-05 0.0865834 0.722994 9.9955E-05 0.00303438
9.9973E-05 0.0107544 9.9973E-05 0.534419 0.0458096 0.0470275 0.354111 9.9973E-05 0.00757883
9.9973E-05 0.00755093 0.0912418 0.185357 9.9973E-05 0.0125444 0.701149 0.00185662 9.9973E-05
0.033056 9.9964E-05 9.9964E-05 0.308448 0.106353 9.9964E-05 0.487986 0.0637571 9.9964E-05
0.0300292 0.0459536 0.149687 0.556063 0.0525157 9.9982E-05 0.165125 9.9982E-05 0.000426612
0.0420385 9.9964E-05 9.9964E-05 0.493985 0.0598694 9.9964E-05 0.361895 0.041812 9.9964E-05
0.139376 9.9973E-05 9.9973E-05 0.335589 0.0224684 0.109917 0.0808106 0.311539 9.9973E-05
9.9982E-05 0.0241967 0.012786 0.502259 0.0157274 0.0946535 0.342809 0.00736811 9.9982E-05
9.9964E-05 0.0431928 0.0293945 0.435473 9.9964E-05 9.9964E-05 0.419968 0.0715721 9.9964E-05
0.0299823 0.00703211 9.9955E-05 0.270482 9.9955E-05 9.9955E-05 0.692004 9.9955E-05 9.9955E-05
0.0249396 0.0949554 0.0260673 0.498556 0.0273552 0.0377496 0.246878 0.0196233 0.0238751
0.0298102 0.081845 0.0526207 9.9982E-05 0.0187396 9.9982E-05 0.0126768 0.270047 0.534061
0.0182663 0.0333959 9.9991E-05 0.0354341 0.0166716 0.00491544 0.0194436 0.176545 0.695228
0.0369806 0.130577 0.00211917 9.9964E-05 9.9964E-05 9.9964E-05 9.9964E-05 0.161922 0.668002
9.9964E-05 0.0861235 9.9964E-05 9.9964E-05 9.9964E-05 0.0591369 0.00803065 0.11272 0.733589
9.9964E-05 0.0470057 0.0665838 0.0334901 9.9964E-05 9.9964E-05 9.9964E-05 0.233547 0.618974
9.9973E-05 9.9973E-05 0.0842005 0.0723709 0.0203798 9.9973E-05 0.727705 0.0770013 0.0180423
9.9973E-05 0.0142825 0.0550806 0.0261727 9.9973E-05 9.9973E-05 0.756881 0.100765 0.0465183
