9.9973E-05 0.19809 0.00232262 0.0473383 0.70501 9.9973E-05 9.9973E-05 0.0233897 0.023549
0.00702685 0.300974 9.9964E-05 9.9964E-05 0.672445 0.0083114 9.9964E-05 0.0108429 9.9964E-05
9.9973E-05 0.237316 0.0373646 0.0605976 0.607335 9.9973E-05 0.0496007 9.9973E-05 0.00748604
9.9982E-05 0.0522323 9.9982E-05 0.0099192 0.73115 0.00150708 0.0594339 0.0419547 0.103603
9.9955E-05 0.329082 9.9955E-05 9.9955E-05 0.599583 0.0245799 9.9955E-05 9.9955E-05 0.0462559
0.291745 0.219673 0.0327643 9.9973E-05 0.412487 0.00135058 9.9973E-05 9.9973E-05 0.0416795
0.225245 9.9937E-05 9.9937E-05 9.9937E-05 0.774055 9.9937E-05 9.9937E-05 9.9937E-05 9.9937E-05
0.259276 0.075053 9.9955E-05 9.9955E-05 0.658701 9.9955E-05 9.9955E-05 0.00646952 9.9955E-05
9.99639E-05 0.18117 9.99639E-05 0.0504841 0.672901 0.0235654 9.99639E-05 0.07148 9.99639E-05
0.210727 9.9955E-05 9.9955E-05 9.9955E-05 0.676567 9.9955E-05 0.031346 9.9955E-05 0.0808604
0.259636 0.116252 9.9955E-05 9.9955E-05 0.617719 9.9955E-05 9.9955E-05 0.00589401 9.9955E-05
9.9973E-05 9.9973E-05 0.113474 0.0414947 0.0340362 9.9973E-05 0.28647 0.491433 0.0327924
9.9973E-05 0.0073209 0.0414838 0.114176 9.9973E-05 9.9973E-05 0.504092 0.292082 0.0405457
9.9973E-05 9.9973E-05 0.0410747 0.189857 0.0157007 0.0380434 0.30946 0.405565 9.9973E-05
9.9982E-05 9.9982E-05 0.0271823 0.117616 0.0352066 0.0484811 0.401407 0.331514 0.0383934
0.0738429 9.9991E-05 0.153759 0.00551194 0.0913862 0.0284591 0.336903 0.173406 0.136632
0.0755015 9.9982E-05 9.9982E-05 0.0797899 0.031094 0.0338215 0.520383 0.130831 0.12838
0.0466949 0.00737507 0.111396 0.102006 9.9991E-05 0.0532225 0.437625 0.17335 0.0682305
9.9964E-05 9.9964E-05 0.0627803 0.105781 0.104006 9.9964E-05 0.434016 0.293017 9.9964E-05
0.187408 9.9964E-05 0.0756489 9.9964E-05 0.0615982 9.9964E-05 9.9964E-05 0.578832 0.0961135
9.9982E-05 0.0227106 0.0614054 0.116674 9.9982E-05 0.0343318 0.436705 0.277836 0.0501372
0.122882 0.0686797 0.0325133 0.0565197 9.9991E-05 0.131068 0.465449 0.115301 0.00748672
0.0763092 0.0753642 0.0632556 9.9973E-05 9.9973E-05 0.0381428 0.560173 0.186455 9.9973E-05
0.0498049 9.9991E-05 0.125464 0.0677209 0.00206359 0.00704369 0.340948 0.344862 0.0619933
9.9973E-05 9.9973E-05 0.176047 9.9973E-05 0.0548262 0.00132627 0.496646 0.17883 0.0920244
9.9955E-05 9.9955E-05 9.9955E-05 0.119805 0.0371819 9.9955E-05 0.655539 0.186975 9.9955E-05
9.9973E-05 9.9973E-05 0.179587 0.042863 0.0764098 9.9973E-05 0.230883 0.430141 0.0398159
9.9964E-05 9.9964E-05 0.0857067 0.114485 9.9964E-05 9.9964E-05 0.18923 0.400425 0.209753
0.0118383 9.9982E-05 0.115895 0.0127392 0.0122243 0.113679 0.29777 0.435654 9.9982E-05
9.9946E-05 9.9946E-05 9.9946E-05 9.9946E-05 0.852461 9.9946E-05 0.106569 9.9946E-05 0.0403706
9.9937E-05 9.9937E-05 9.9937E-05 9.9937E-05 0.862434 9.9937E-05 0.136867 9.9937E-05 9.9937E-05
9.9964E-05 0.133092 0.0137155 9.9964E-05 0.684926 9.9964E-05 0.1356 9.9964E-05 0.0322661
9.9973E-05 0.013625 0.0290258 0.0666019 0.684449 9.9973E-05 0.135557 9.9973E-05 0.0704412
0.244634 0.00972278 0.160794 0.000664818 0.0715542 9.9982E-05 0.511133 0.00129747 9.9982E-05
0.000510196 9.9955E-05 0.403763 9.9955E-05 0.096668 9.9955E-05 0.498559 9.9955E-05 9.9955E-05
0.0624058 9.9964E-05 0.337292 9.9964E-05 0.052214 9.9964E-05 0.54469 9.9964E-05 0.00299807
9.9973E-05 9.9973E-05 0.111045 9.9973E-05 0.114976 0.0112275 0.115426 0.574723 0.0723032
0.0575701 9.9982E-05 0.596957 0.0306299 0.0155146 9.9982E-05 0.242068 0.00273322 0.0543267
9.9982E-05 0.0704658 0.0808183 0.00262182 0.0625275 0.020253 0.525133 0.237981 9.9982E-05
0.0822305 0.0451447 0.187488 0.0608428 9.9964E-05 9.9964E-05 0.623894 9.9964E-05 9.9964E-05
0.325571 0.00335217 0.00512259 9.9973E-05 0.0932095 9.9973E-05 0.528782 0.0436632 9.9973E-05
0.104614 0.00986606 0.123348 9.9982E-05 0.0687549 9.9982E-05 0.541834 0.113796 0.0375872
9.9973E-05 0.0179267 0.683786 0.0174114 0.0510099 9.9973E-05 0.0944225 0.135144 9.9973E-05
0.285312 9.9973E-05 0.0811518 0.0265235 0.0630793 9.9973E-05 0.530605 9.9973E-05 0.0130292
0.0841653 9.9973E-05 0.161951 0.0287356 0.0819903 9.9973E-05 0.547516 9.9973E-05 0.0953425
0.021217 0.0388125 0.151276 0.0995247 0.020611 0.0290253 0.45115 0.0828262 0.105558
9.9955E-05 9.9955E-05 0.616023 0.0767624 9.9955E-05 0.0529105 0.253804 9.9955E-05 9.9955E-05
9.9973E-05 0.119012 0.19006 0.00885063 0.0249709 0.0603202 0.596486 9.9973E-05 9.9973E-05
0.0813162 0.215304 0.185424 9.9973E-05 0.0185322 9.9973E-05 0.492953 0.00617082 9.9973E-05
9.9964E-05 9.9964E-05 0.667835 0.255855 0.0157481 0.0558334 9.9964E-05 0.00432809 9.9964E-05
0.0750153 9.9982E-05 0.222938 0.00594531 9.9982E-05 0.0981479 0.133736 0.424243 0.0397742
0.217594 9.9973E-05 0.265473 0.258055 9.9973E-05 0.0775732 0.039446 0.141559 9.9973E-05
0.0156473 9.9973E-05 9.9973E-05 0.0915296 0.0743769 0.0220441 0.587464 0.208638 9.9973E-05
0.0877883 0.109217 9.9982E-05 0.00105813 9.9982E-05 0.0772351 0.529489 0.0704774 0.124535
9.999E-05 0.0557107 0.143117 0.0602941 0.012426 0.0534995 0.45014 0.134168 0.0905443
9.9973E-05 9.9973E-05 0.260089 0.0525139 0.0842965 0.146523 0.110911 0.345366 9.9973E-05
0.0315913 0.0408692 0.0882598 0.0636114 9.9973E-05 9.9973E-05 0.545155 0.230213 9.9973E-05
0.15175 0.0416137 0.0393873 9.9991E-05 0.0279907 0.0492179 0.529588 0.0700201 0.0903327
0.123582 9.9982E-05 0.119732 0.0298258 0.153665 0.0595249 0.334084 0.179386 9.9982E-05
0.0334273 0.123114 0.175351 0.250075 0.00206702 0.0137084 0.077141 0.325016 9.9991E-05
9.9973E-05 9.9973E-05 0.119572 0.0986879 0.0671746 9.9973E-05 0.533965 0.128939 0.0513623
9.9982E-05 0.0248552 0.0388622 0.182577 0.0211056 0.0311483 0.436548 0.264704 9.9982E-05
0.0731093 9.9982E-05 0.170558 0.115434 0.011975 0.0177218 0.0433606 0.567641 9.9982E-05
9.9973E-05 9.9973E-05 0.0152427 0.0824091 0.0117021 0.104859 0.538748 0.24674 9.9973E-05
0.0690843 0.0655862 0.0357891 0.110033 9.9991E-05 0.0785647 0.597814 0.0142313 0.0287973
0.112041 9.9973E-05 9.9973E-05 9.9973E-05 0.110207 0.0745776 0.560626 0.0940741 0.0481745
0.0135134 9.9973E-05 0.155612 9.9973E-05 0.132333 0.0607389 0.285482 0.352021 9.9973E-05
9.9973E-05 9.9973E-05 0.072854 0.111043 0.000683267 0.091203 0.541887 0.18203 9.9973E-05
0.0184041 0.0255195 0.172301 0.0603048 0.0456065 0.0568211 0.525846 0.0950967 9.9991E-05
0.00486304 9.9973E-05 0.125418 0.162562 9.9973E-05 0.0755542 0.232099 0.399204 9.9973E-05
0.014923 9.9955E-05 0.406546 9.9955E-05 9.9955E-05 9.9955E-05 0.524361 0.0536695 9.9955E-05
9.9973E-05 0.0220093 0.683966 9.9973E-05 0.0065171 9.9973E-05 0.163116 0.118565 0.00552618
0.0229114 0.0590495 0.236591 0.0581991 0.0655855 0.0373705 0.486238 0.0339553 9.9991E-05
0.0456146 9.9946E-05 0.86653 0.0872553 9.9946E-05 9.9946E-05 9.9946E-05 9.9946E-05 9.9946E-05
0.0248842 0.00966308 0.783454 0.0366091 9.9973E-05 0.111957 9.9973E-05 0.0331332 9.9973E-05
9.9973E-05 0.00710275 0.701767 9.9973E-05 9.9973E-05 0.0318121 0.218881 0.024966 0.0151705
0.0631371 0.0214959 0.451791 9.9964E-05 9.9964E-05 9.9964E-05 0.390889 0.0722877 9.9964E-05
0.0418732 0.156411 0.152578 0.0189647 0.0609762 9.9991E-05 0.445134 0.0704318 0.0535316
9.9973E-05 0.0224097 0.421848 0.0662203 9.9973E-05 9.9973E-05 0.406138 0.0816053 0.00147827
9.9964E-05 9.9964E-05 0.618549 9.9964E-05 0.0508111 9.9964E-05 0.114367 0.187264 0.028609
9.9964E-05 0.0492774 0.509925 9.9964E-05 9.9964E-05 0.00932138 0.183894 0.247182 9.9964E-05
0.0766871 0.00154575 0.185108 9.9991E-05 0.14988 0.0454519 0.512965 0.013659 0.0146021
0.0808269 0.000436638 0.559939 9.9991E-05 0.020568 0.00823811 0.193191 0.0739076 0.0627931
9.9973E-05 0.054229 0.525977 9.9973E-05 0.0414851 9.9973E-05 0.336833 0.0152482 0.025928
0.00275699 9.9973E-05 0.562979 0.0119989 0.0379495 0.0823495 0.301666 9.9973E-05 9.9973E-05
0.0496044 9.9955E-05 0.733357 0.109436 9.9955E-05 0.107102 9.9955E-05 9.9955E-05 9.9955E-05
0.0562858 9.9973E-05 0.311102 0.0709209 0.032789 9.9973E-05 0.513526 9.9973E-05 0.015077
9.9964E-05 0.113572 9.9964E-05 9.9964E-05 0.714459 9.9964E-05 0.118304 0.044904 0.00836018
9.9946E-05 0.224494 9.9946E-05 9.9946E-05 0.714067 9.9946E-05 0.0608397 9.9946E-05 9.9946E-05
9.9955E-05 0.24745 9.9955E-05 0.0578842 0.619524 9.9955E-05 0.0746414 9.9955E-05 9.9955E-05
9.9955E-05 0.301109 9.9955E-05 0.113967 0.549258 9.9955E-05 0.0351661 9.9955E-05 9.9955E-05
9.9964E-05 0.0827519 9.9964E-05 0.0426796 0.773005 0.00594873 0.0952146 9.9964E-05 9.9964E-05
9.9964E-05 0.246476 9.9964E-05 0.0698545 0.650281 9.9964E-05 0.0196406 9.9964E-05 0.0133477
9.9955E-05 0.219466 9.9955E-05 0.0116112 0.721112 9.9955E-05 0.0473108 9.9955E-05 9.9955E-05
0.0694794 9.9973E-05 0.249604 9.9973E-05 0.162382 9.9973E-05 0.508937 0.00382227 0.00547598
0.00231875 9.9982E-05 0.240812 0.0471481 0.0754901 9.9982E-05 0.489312 0.0579379 0.0867813
9.9955E-05 9.9955E-05 0.836561 9.9955E-05 0.0509405 0.0540428 9.9955E-05 0.0579561 9.9955E-05
0.0837876 0.0909491 0.106619 9.9991E-05 0.0229822 0.0931798 0.530457 0.0397882 0.0321365
0.112566 9.9973E-05 0.415378 9.9973E-05 0.0459075 9.9973E-05 0.343999 0.0574746 0.0243749
9.9973E-05 9.9973E-05 0.318876 0.0377413 0.0280584 0.0206147 0.579238 9.9973E-05 0.015172
0.127659 9.9973E-05 0.203609 9.9973E-05 0.0659895 0.0755949 0.503031 9.9973E-05 0.0238169
9.9964E-05 9.9964E-05 0.373207 9.9964E-05 0.0812763 0.0675492 0.383905 9.9964E-05 0.0936625
9.9955E-05 0.0319089 0.729375 9.9955E-05 0.0234216 9.9955E-05 9.9955E-05 0.214795 9.9955E-05
0.0539115 9.9982E-05 0.0952044 0.0937353 0.067215 0.0682281 0.567632 0.0538737 9.9982E-05
9.9982E-05 9.9982E-05 0.129658 0.0411416 0.0860648 0.113997 0.587494 0.0195451 0.0219004
9.9991E-05 0.0119573 0.228106 0.021863 0.0486349 0.0240505 0.43333 0.136439 0.0955198
0.121399 9.9973E-05 0.521555 0.0510034 0.0234796 9.9973E-05 0.271511 9.9973E-05 0.0107523
0.115096 9.9964E-05 0.377722 9.9964E-05 9.9964E-05 0.0102904 0.463567 9.9964E-05 0.0329246
9.9964E-05 0.0601109 0.418005 9.9964E-05 9.9964E-05 0.00765744 0.439058 0.0747686 9.9964E-05
0.0319092 9.9964E-05 0.628426 9.9964E-05 9.9964E-05 0.00241453 0.217544 9.9964E-05 0.119307
9.9964E-05 0.05798 0.377061 9.9964E-05 0.0886068 9.9964E-05 0.410676 0.0652765 9.9964E-05
0.0203006 0.0456629 0.202318 0.0414231 0.0979273 0.0195597 0.53056 0.0421482 9.9991E-05
0.0326942 9.9973E-05 0.00203886 0.163935 9.9973E-05 0.223092 0.245577 0.332362 9.9973E-05
0.0378253 0.104444 0.0510921 0.0688999 9.9982E-05 9.9982E-05 0.367753 0.331667 0.0381183
9.9973E-05 0.0874892 0.10136 9.9973E-05 0.054166 0.0960687 0.534974 0.125642 9.9973E-05
9.9982E-05 0.0728498 0.196353 9.9982E-05 0.0308625 0.00943144 0.549157 0.101505 0.0396408
9.9982E-05 0.0453107 0.0209549 0.0501952 0.0124447 0.0574798 0.514297 0.299118 9.9982E-05
0.0527593 9.9964E-05 9.9964E-05 0.0628811 9.9964E-05 0.0192148 0.64325 0.221495 9.9964E-05
9.9973E-05 0.0205246 0.0159212 9.9973E-05 9.9973E-05 0.122182 0.459233 0.325723 0.0561163
0.0456506 9.9982E-05 0.0461207 0.0953384 0.0210974 0.042203 0.606885 0.142505 9.9982E-05
0.0643461 0.0723124 9.9982E-05 0.0788499 9.9982E-05 0.088228 0.614743 0.0786141 0.00270633
0.0574747 9.9973E-05 0.0319994 9.9973E-05 0.0263889 0.0339333 0.586776 0.263127 9.9973E-05
0.0296108 9.9964E-05 0.0513244 9.9964E-05 9.9964E-05 0.0810749 0.525126 0.312464 9.9964E-05
9.9964E-05 9.9964E-05 9.9964E-05 0.0714365 9.9964E-05 0.0817422 0.653525 0.136969 0.0559276
0.0779637 9.9982E-05 0.0325107 9.9982E-05 0.0621506 0.0928739 0.512084 0.175047 0.0471693
9.9964E-05 9.9964E-05 0.118935 9.9964E-05 9.9964E-05 0.0462322 0.540697 0.200867 0.0928699
0.165759 0.0569951 9.9982E-05 0.0560665 9.9982E-05 0.100584 0.483 0.101906 0.0354895
9.9991E-05 0.0192426 0.0513807 0.0488153 0.0222018 0.019914 0.553595 0.234759 0.0499914
0.0694409 0.145074 9.9973E-05 0.0844233 9.9973E-05 0.132367 0.354119 0.214276 9.9973E-05
0.0425819 0.0839433 9.9982E-05 0.0121423 9.9982E-05 0.0464879 0.683791 0.120521 0.010333
0.010003 0.0727437 9.9973E-05 0.00797763 9.9973E-05 0.0548215 0.666663 0.187491 9.9973E-05
9.9991E-05 0.0622539 0.158774 0.0710063 0.00346127 0.0977944 0.236337 0.337434 0.0328395
0.0718948 0.0815219 0.0484299 0.133428 9.9982E-05 0.203997 0.173414 0.287114 9.9982E-05
0.0330299 0.101439 0.0869511 0.0462779 9.9982E-05 0.00923918 0.533746 0.189117 9.9982E-05
0.0576389 9.9973E-05 0.132206 0.115897 9.9973E-05 0.322058 0.0674307 0.30447 9.9973E-05
9.9973E-05 0.059868 0.10947 0.0353335 9.9973E-05 0.130483 0.260191 0.404355 9.9973E-05
0.0172424 9.9973E-05 0.223437 9.9973E-05 0.0294008 0.0187496 0.39679 0.31408 9.9973E-05
0.0118102 9.9973E-05 0.195169 9.9973E-05 0.0121041 0.0364985 0.33289 0.411228 9.9973E-05
0.0397251 9.9973E-05 0.146599 9.9973E-05 0.0127111 0.0393109 0.320984 0.440369 9.9973E-05
0.116262 9.9964E-05 9.9964E-05 9.9964E-05 0.0428559 9.9964E-05 0.654156 0.179578 0.00674867
0.0349643 0.193067 0.108217 0.0779568 9.9982E-05 0.103989 0.459473 0.0221335 9.9982E-05
0.0643378 0.0678532 0.013846 0.0390327 0.00783135 0.0259487 0.575257 0.205794 9.9991E-05
0.0231416 9.9982E-05 0.184908 0.197567 9.9982E-05 0.118492 0.139824 0.322073 0.0137949
0.126114 0.0590475 0.149012 0.0697168 0.083418 0.0562041 0.400366 0.0449346 0.0111878
0.177458 9.9973E-05 0.0661491 0.159656 9.9973E-05 0.0350152 0.525389 0.0360329 9.9973E-05
0.28366 0.0927232 0.132271 0.246238 9.9973E-05 0.101211 9.9973E-05 0.143597 9.9973E-05
0.0684122 0.0103118 0.0741637 0.0258726 0.122381 0.0847111 0.613948 9.9982E-05 9.9982E-05
0.0859418 0.0453031 0.221022 0.135705 0.0353302 0.148293 0.326924 0.00137997 9.9991E-05
0.134999 0.131288 9.9982E-05 0.114556 9.9982E-05 0.0515648 0.467813 0.079748 0.0198307
0.257014 9.9982E-05 0.0234105 0.202364 0.0778114 0.0967766 0.244139 0.0982848 9.9982E-05
0.420974 0.00314566 0.0756616 0.0261138 0.0899961 0.129967 0.119568 0.134474 9.9991E-05
0.155848 9.9973E-05 0.053961 0.100558 9.9973E-05 0.183191 0.37869 0.127453 9.9973E-05
0.207836 0.0961751 0.0780155 0.00617561 0.0504569 0.102859 0.370289 0.051049 0.0371446
0.203215 0.0660978 0.0865621 0.0807064 0.120622 9.9991E-05 0.29344 0.0689948 0.0802622
0.230382 9.9982E-05 0.281744 0.207909 0.0414078 0.0638575 9.9982E-05 0.0522935 0.122206
0.0508977 9.9991E-05 0.0817635 0.10939 0.0450523 0.127758 0.551443 0.0279265 0.00566956
0.35546 9.9973E-05 0.18324 0.011901 9.9973E-05 0.00554531 0.279923 0.163631 9.9973E-05
0.128197 0.0177058 0.248467 0.101115 9.9982E-05 0.00297018 0.372046 0.1293 9.9982E-05
0.0674998 9.9973E-05 0.0404203 9.9973E-05 0.129587 0.155603 0.552408 0.0541817 9.9973E-05
0.244729 0.085106 9.9973E-05 0.0942288 0.226834 9.9973E-05 0.085244 9.9973E-05 0.263559
0.0987959 0.0737177 9.9964E-05 0.418575 0.330552 9.9964E-05 9.9964E-05 9.9964E-05 0.0779588
0.0529314 9.9964E-05 9.9964E-05 0.470324 0.27482 0.0812187 9.9964E-05 9.9964E-05 0.120306
0.0651056 0.0938219 9.9982E-05 0.237038 0.203776 9.9982E-05 0.112572 0.00978106 0.277706
0.294286 9.9973E-05 0.0298209 0.0254236 9.9973E-05 0.0623729 0.578186 9.9973E-05 0.00961038
0.139011 0.0442109 0.168044 9.9991E-05 0.0838475 0.00771046 0.485409 0.034291 0.0373762
9.9955E-05 9.9955E-05 0.00325011 9.9955E-05 9.9955E-05 9.9955E-05 0.282464 0.0194648 0.694321
9.9964E-05 0.0810591 9.9964E-05 9.9964E-05 9.9964E-05 0.0420631 0.360512 0.114724 0.401242
0.0651795 9.9982E-05 9.9982E-05 0.0383345 0.115482 0.0641662 0.28075 0.0829863 0.352901
0.472526 9.9964E-05 0.11216 0.0380063 9.9964E-05 0.15072 0.226187 9.9964E-05 9.9964E-05
0.185644 0.0810397 0.0487282 0.0253229 0.0416917 0.0633841 0.508989 0.0451001 9.9991E-05
0.486258 9.9964E-05 0.0139281 0.108432 9.9964E-05 0.236923 0.154059 9.9964E-05 9.9964E-05
0.277414 9.9964E-05 0.0651075 0.0722662 9.9964E-05 0.0448059 0.540007 9.9964E-05 9.9964E-05
0.2774 0.0395063 0.128249 9.9982E-05 0.0506292 0.110959 0.327497 0.0655593 9.9982E-05
0.36808 0.0845845 9.9955E-05 9.9955E-05 9.9955E-05 0.0757297 0.471106 9.9955E-05 9.9955E-05
0.469074 9.9964E-05 0.202821 0.0869875 9.9964E-05 0.0558581 0.18486 9.9964E-05 9.9964E-05
0.198221 0.0437732 0.0955279 9.9973E-05 9.9973E-05 9.9973E-05 0.529367 0.0265295 0.106281
0.06624 9.9982E-05 0.127261 0.066771 0.0775894 0.0903354 0.548472 9.9982E-05 0.0231316
9.9955E-05 0.00620218 9.9955E-05 0.0105917 9.9955E-05 0.0267556 9.9955E-05 9.9955E-05 0.955951
9.9946E-05 9.9946E-05 9.9946E-05 9.9946E-05 9.9946E-05 0.0235382 0.0584604 9.9946E-05 0.917402
9.9973E-05 0.0341117 0.058398 9.9973E-05 0.020868 9.9973E-05 0.221855 0.107674 0.556793
9.9955E-05 0.0421948 9.9955E-05 9.9955E-05 9.9955E-05 9.9955E-05 0.303152 0.00286613 0.651288
0.0311538 9.9955E-05 9.9955E-05 9.9955E-05 0.0335529 9.9955E-05 0.117302 9.9955E-05 0.817491
9.9937E-05 9.9937E-05 9.9937E-05 0.00384723 9.9937E-05 9.9937E-05 9.9937E-05 9.9937E-05 0.995453
9.9946E-05 0.00342521 9.9946E-05 0.0139137 9.9946E-05 9.9946E-05 9.9946E-05 9.9946E-05 0.982061
9.9937E-05 9.9937E-05 9.9937E-05 9.9937E-05 9.9937E-05 9.9937E-05 0.148912 9.9937E-05 0.850389
0.00233815 9.9955E-05 9.9955E-05 9.9955E-05 0.00107137 9.9955E-05 9.9955E-05 0.0162416 0.979849
9.993E-05 9.993E-05 9.993E-05 9.993E-05 9.993E-05 9.993E-05 9.993E-05 9.993E-05 0.999201
9.993E-05 9.993E-05 9.993E-05 9.993E-05 9.993E-05 9.993E-05 9.993E-05 9.993E-05 0.999201
0.0311013 9.9964E-05 9.9964E-05 9.9964E-05 0.017421 9.9964E-05 0.142798 0.0343319 0.773948
9.9946E-05 9.9946E-05 0.0206823 9.9946E-05 9.9946E-05 9.9946E-05 9.9946E-05 0.102914 0.875804
9.9937E-05 9.9937E-05 0.0206349 9.9937E-05 9.9937E-05 9.9937E-05 9.9937E-05 9.9937E-05 0.978666
9.9982E-05 9.9982E-05 0.135042 0.0693262 0.0523622 0.0836818 0.323994 0.0172769 0.318117
9.9964E-05 9.9964E-05 0.0610734 9.9964E-05 0.102317 9.9964E-05 0.190597 0.00741312 0.6382
0.0210481 9.9964E-05 9.9964E-05 9.9964E-05 0.0505706 9.9964E-05 0.140537 0.027625 0.75982
9.9964E-05 0.0141525 9.9964E-05 9.9964E-05 9.9964E-05 0.00554288 0.0680687 0.0134246 0.898412
0.019812 0.0118251 9.9946E-05 9.9946E-05 9.9946E-05 9.9946E-05 9.9946E-05 9.9946E-05 0.967763
9.9964E-05 0.00153923 9.9964E-05 0.0336833 0.044227 9.9964E-05 0.0800773 9.9964E-05 0.840073
9.9937E-05 9.9937E-05 9.9937E-05 9.9937E-05 0.0165786 9.9937E-05 9.9937E-05 9.9937E-05 0.982722
0.0170378 0.0618186 0.00219766 9.9991E-05 0.0101999 0.0274633 0.17714 0.0553892 0.648654
0.0382125 9.9964E-05 0.0144921 9.9964E-05 9.9964E-05 9.9964E-05 0.0351725 0.0593765 0.852347
0.394829 0.0663907 9.9964E-05 0.251932 0.20061 0.0858387 9.9964E-05 9.9964E-05 9.9964E-05
0.216266 0.104518 0.00191113 0.0639966 0.126839 9.9991E-05 0.397258 0.0825948 0.0065152
0.282808 9.9973E-05 0.0395927 9.9973E-05 0.229878 9.9973E-05 0.367943 0.040464 0.0390149
0.520392 9.9964E-05 9.9964E-05 0.105764 0.173674 9.9964E-05 0.0656281 9.9964E-05 0.134143
0.143159 0.0482336 0.0478338 0.113112 0.0828684 0.0829126 0.338338 0.0531427 0.0903999
0.21808 9.9982E-05 0.112061 0.222245 0.202205 0.0332382 0.119562 9.9982E-05 0.0924076
0.104287 0.137425 9.9982E-05 0.0239651 0.0969233 0.128962 0.48154 0.0266972 9.9982E-05
0.378923 9.9982E-05 0.0311966 0.0648644 0.0988865 0.0386095 0.242448 9.9982E-05 0.144872
0.193054 9.9973E-05 9.9973E-05 0.0251914 0.135791 0.131388 0.42799 9.9973E-05 0.0862864
0.274063 0.119404 9.9982E-05 0.19082 0.0412257 0.0056456 0.308048 9.9982E-05 0.0605943
0.165193 0.0417163 0.0477693 0.0462437 0.174923 9.9982E-05 0.4529 0.0710547 9.9982E-05
0.0853538 0.186057 0.0152195 9.9982E-05 0.645692 0.00552541 0.0285192 0.033433 9.9982E-05
9.9964E-05 0.115989 9.9964E-05 0.112624 0.743338 0.00454445 9.9964E-05 9.9964E-05 0.0231057
9.9955E-05 0.00765462 9.9955E-05 0.0818738 0.908303 9.9955E-05 0.00166914 9.9955E-05 9.9955E-05
9.9955E-05 0.0590902 9.9955E-05 0.0730277 0.844407 9.9955E-05 0.0229757 9.9955E-05 9.9955E-05
9.9955E-05 9.9955E-05 9.9955E-05 0.0979568 0.821166 9.9955E-05 0.0283251 0.0520525 9.9955E-05
9.9964E-05 0.189567 9.9964E-05 0.0369663 0.678979 0.0273985 9.9964E-05 9.9964E-05 0.0666891
9.9955E-05 0.184954 9.9955E-05 9.9955E-05 0.677582 9.9955E-05 9.9955E-05 0.01299 0.123975
9.9964E-05 0.0807671 9.9964E-05 0.0264793 0.793584 0.0913598 9.9964E-05 9.9964E-05 0.00740996
9.9973E-05 0.0972226 0.0192742 0.0433069 0.762956 9.9973E-05 0.0636884 0.0132518 9.9973E-05
9.9955E-05 0.239543 9.9955E-05 0.143731 0.577178 9.9955E-05 9.9955E-05 9.9955E-05 0.0390471
9.9964E-05 0.0509019 0.079496 9.9964E-05 0.578048 0.0599141 9.9964E-05 0.23124 9.9964E-05
9.9973E-05 0.0948308 0.0866385 0.0542586 0.495893 0.0183082 9.9973E-05 0.249771 9.9973E-05
0.0266656 0.194879 0.00355563 0.100464 0.391322 0.00754684 9.9982E-05 0.275367 9.9982E-05
0.0691095 0.0762484 0.0874866 9.9973E-05 0.442381 0.0320476 9.9973E-05 0.292427 9.9973E-05
0.025783 9.9973E-05 0.23915 9.9973E-05 0.126115 0.0082587 0.453877 0.146516 9.9973E-05
0.0635356 0.0240134 0.316516 9.9991E-05 0.00633086 0.0604316 0.41506 0.0695823 0.0444305
0.0313929 0.0441661 0.111887 9.9973E-05 9.9973E-05 0.0542632 0.535448 0.222543 9.9973E-05
9.9955E-05 9.9955E-05 0.292841 0.146178 9.9955E-05 9.9955E-05 0.356604 0.203878 9.9955E-05
0.0873259 9.9964E-05 0.12303 9.9964E-05 9.9964E-05 9.9964E-05 0.17076 0.613212 0.0052718
0.0328316 0.0397599 0.269966 9.9982E-05 0.0349807 0.0294741 0.567349 9.9982E-05 0.0254388
9.9964E-05 0.0551954 0.259765 0.0465738 9.9964E-05 9.9964E-05 0.530316 0.10775 9.9964E-05
0.0333495 9.9973E-05 0.33184 0.0695178 9.9973E-05 0.0254295 0.481591 0.0579726 9.9973E-05
0.0642816 9.9955E-05 0.596792 9.9955E-05 9.9955E-05 9.9955E-05 0.273356 9.9955E-05 0.06507
0.029405 0.0447059 0.212409 0.0153802 9.9973E-05 9.9973E-05 0.585258 0.112543 9.9973E-05
0.0161852 0.0167585 0.468031 9.9973E-05 9.9973E-05 0.0299607 0.360888 0.107877 9.9973E-05
0.0310618 9.9955E-05 0.637164 9.9955E-05 9.9955E-05 0.230762 9.9955E-05 0.100513 9.9955E-05
0.0790436 0.143593 0.213168 9.9973E-05 9.9973E-05 0.0414003 0.429917 0.0925781 9.9973E-05
0.0851886 0.0319612 0.595846 0.0637647 9.9973E-05 0.0403262 0.182614 9.9973E-05 9.9973E-05
9.9946E-05 0.0162323 0.478464 9.9946E-05 9.9946E-05 9.9946E-05 0.504704 9.9946E-05 9.9946E-05
9.9982E-05 0.0449714 0.646745 0.00334781 0.00268832 0.0378228 0.0701815 0.194043 9.9982E-05
0.199392 0.0341567 9.9955E-05 9.9955E-05 0.136823 9.9955E-05 9.9955E-05 0.629128 9.9955E-05
0.266853 0.166204 9.9946E-05 9.9946E-05 9.9946E-05 9.9946E-05 9.9946E-05 0.566343 9.9946E-05
0.241981 0.0553943 9.9955E-05 9.9955E-05 9.9955E-05 0.0047429 9.9955E-05 0.697382 9.9955E-05
0.212768 0.12011 9.9955E-05 9.9955E-05 9.9955E-05 0.00608764 9.9955E-05 0.660534 9.9955E-05
0.187283 0.0753364 9.99634E-05 9.99634E-05 9.99634E-05 9.99634E-05 9.99634E-05 0.707538 0.0293425
0.125386 0.144014 9.9964E-05 9.9964E-05 9.9964E-05 9.9964E-05 0.043134 0.642138 0.0449285
9.9973E-05 0.089409 9.9973E-05 0.027259 0.767442 0.028201 0.0716315 9.9973E-05 0.0157577
9.9955E-05 9.9955E-05 9.9955E-05 0.0987639 0.779049 9.9955E-05 0.103607 0.0180805 9.9955E-05
9.9964E-05 0.0766566 9.9964E-05 0.00504718 0.673375 9.9964E-05 0.111074 9.9964E-05 0.133448
9.9973E-05 0.0438503 9.9973E-05 0.0840572 0.722804 9.9973E-05 0.0619588 0.0214211 0.0656086
0.0108385 9.9973E-05 0.0114097 0.0318392 0.773083 9.9973E-05 0.154491 9.9973E-05 0.0180383
0.0800917 0.064944 9.9964E-05 0.0367276 0.317673 9.9964E-05 9.9964E-05 0.500164 9.9964E-05
0.104532 9.9955E-05 9.9955E-05 9.9955E-05 0.474627 0.0799296 9.9955E-05 0.340412 9.9955E-05
9.9973E-05 0.0150995 0.060295 9.9973E-05 0.460091 0.0638421 0.00197987 0.398393 9.9973E-05
9.9946E-05 9.9946E-05 9.9946E-05 9.9946E-05 0.85085 9.9946E-05 0.138236 9.9946E-05 0.0103142
0.0575396 0.115153 0.100824 9.9973E-05 0.307981 0.00496639 9.9973E-05 0.413236 9.9973E-05
9.9964E-05 0.151261 9.9964E-05 0.19124 0.0683804 9.9964E-05 0.306628 9.9964E-05 0.28209
0.0587685 0.114885 0.0155901 0.0550877 0.0577392 0.00658476 0.537595 0.0309935 0.122756
9.9964E-05 0.0677444 9.9964E-05 0.00867583 0.128559 9.9964E-05 0.58156 9.9964E-05 0.213061
0.0338639 0.148166 0.0658161 0.0943328 0.10145 9.9982E-05 0.312098 9.9982E-05 0.244073
0.0675309 0.0973556 0.02027 0.0481641 0.082148 9.9991E-05 0.426978 0.108197 0.149257
0.0320016 0.140842 9.9964E-05 0.357688 0.215381 9.9964E-05 9.9964E-05 9.9964E-05 0.253687
0.0759939 0.0195474 0.115185 9.9973E-05 9.9973E-05 0.0603888 0.421977 0.306608 9.9973E-05
0.0227227 9.9973E-05 0.110563 0.115685 9.9973E-05 0.168986 0.378918 0.202826 9.9973E-05
9.9973E-05 9.9973E-05 0.00811693 0.0111383 0.0979369 0.0657047 0.347336 0.469467 9.9973E-05
0.020553 0.0354549 0.0838389 0.0125668 9.9982E-05 0.306167 0.486341 0.0548786 9.9982E-05
9.9955E-05 9.9955E-05 0.190327 0.196607 9.9955E-05 0.433183 9.9955E-05 0.179383 9.9955E-05
9.9982E-05 0.0556733 0.0508336 0.15172 0.0816016 0.0219677 0.543844 0.0941599 9.9982E-05
0.0712775 9.9982E-05 0.0540245 0.0141468 0.0765364 0.190966 0.496152 0.0966975 9.9982E-05
9.9982E-05 0.0129191 0.129721 0.0221598 0.0673842 0.028652 0.359196 0.379768 9.9982E-05
0.114749 0.00887052 0.0474539 0.0971045 0.0560422 0.0692233 0.472839 0.133617 9.9991E-05
0.0541151 9.9973E-05 0.174916 0.214319 9.9973E-05 0.131083 0.14456 0.280708 9.9973E-05
0.105644 0.0165659 0.105076 0.0560365 9.9991E-05 0.0888083 0.308419 0.228116 0.0912331
9.9964E-05 9.9964E-05 0.113922 0.0570372 9.9964E-05 0.00462374 0.520818 0.3032 9.9964E-05
0.00573728 9.9982E-05 0.118986 0.0490754 0.16678 9.9982E-05 0.452036 0.126314 0.0808716
0.0940224 9.9973E-05 0.0306276 0.0201087 9.9973E-05 0.181565 0.443525 0.229851 9.9973E-05
0.0254753 9.9991E-05 0.0117237 0.06476 0.0349508 0.108968 0.478707 0.252834 0.022481
0.111998 9.9982E-05 0.127759 0.0166742 9.9982E-05 0.170362 0.401183 0.0606628 0.111161
0.0924613 9.9982E-05 0.106445 0.0159671 0.0250749 0.0720879 0.547465 0.140299 9.9982E-05
0.104067 0.0268115 0.0669711 0.000467358 9.9991E-05 0.0768077 0.469797 0.139346 0.115632
9.9973E-05 9.9973E-05 0.0803972 9.9973E-05 0.0640046 0.0902374 0.576996 0.158509 0.0295561
9.9991E-05 0.0351291 0.063696 0.100499 0.0263683 0.0142932 0.559612 0.177063 0.0232388
9.993E-05 0.999201 9.993E-05 9.993E-05 9.993E-05 9.993E-05 9.993E-05 9.993E-05 9.993E-05
9.993E-05 0.999201 9.993E-05 9.993E-05 9.993E-05 9.993E-05 9.993E-05 9.993E-05 9.993E-05
9.9964E-05 0.561725 0.062305 0.0395335 0.286376 9.9964E-05 9.9964E-05 0.0496606 9.9964E-05
9.9937E-05 0.993834 9.9937E-05 0.00546626 9.9937E-05 9.9937E-05 9.9937E-05 9.9937E-05 9.9937E-05
9.9946E-05 0.804592 9.9946E-05 9.9946E-05 0.150524 9.9946E-05 0.044284 9.9946E-05 9.9946E-05
9.9973E-05 9.9973E-05 0.106004 0.0622149 9.9973E-05 0.0415608 0.225511 0.542717 0.0216917
9.9973E-05 0.0388812 0.123748 0.159884 9.9973E-05 0.0814532 0.490014 0.105719 9.9973E-05
0.0709074 0.0677047 9.9991E-05 0.0324653 0.142229 0.0558778 0.493705 0.0505387 0.0864729
0.00160964 0.0370686 9.9982E-05 0.104823 9.9982E-05 0.0342681 0.648567 0.166683 0.0067817
9.9964E-05 9.9964E-05 0.137637 9.9964E-05 0.0557985 0.0715653 0.489912 0.244687 9.9964E-05
0.00670313 0.0123213 9.9982E-05 0.125475 9.9982E-05 0.149906 0.264097 0.344833 0.0964653
9.9964E-05 0.121093 0.0570655 0.163957 9.9964E-05 0.0092337 9.9964E-05 0.648251 9.9964E-05
0.0501512 0.0134688 0.0343936 9.9991E-05 0.0150999 0.0344106 0.493375 0.35738 0.00162061
9.9973E-05 9.9973E-05 0.0533979 9.9973E-05 0.097468 0.119272 0.157045 0.486983 0.0855337
0.0779133 9.9991E-05 0.11334 0.0849568 0.0220067 0.0707524 0.425948 0.181199 0.0237836
9.9982E-05 0.126389 0.0781513 0.091104 0.00258657 0.111094 0.116914 0.473561 9.9982E-05
0.00759385 0.114581 0.0315342 9.9973E-05 9.9973E-05 0.00654746 0.640938 0.198506 9.9973E-05
9.9973E-05 0.0728274 9.9973E-05 0.0176124 0.0328222 0.140915 0.242591 0.492931 9.9973E-05
0.102107 0.0401158 0.042177 0.0237575 9.9991E-05 0.115841 0.296311 0.28165 0.0979404
0.219503 9.9982E-05 0.0219042 0.0539775 9.9982E-05 0.11659 0.414877 0.0971081 0.0758398
0.605421 9.9973E-05 9.9973E-05 0.00881351 0.0207944 0.143194 0.207941 0.0135366 9.9973E-05
0.373914 0.136633 0.055701 0.00384384 9.9973E-05 9.9973E-05 0.416983 0.0126257 9.9973E-05
0.0932902 0.0536541 0.0429735 0.0328421 0.0406548 0.0604459 0.548591 0.103803 0.0237451
0.499339 0.00964103 9.9964E-05 9.9964E-05 9.9964E-05 0.0893351 0.258875 0.14241 9.9964E-05
0.15975 0.0242322 0.0909958 0.0827992 0.0273154 0.0590168 0.429083 0.0774328 0.0493755
0.220649 0.0486071 0.110611 0.0111011 0.0422585 0.0817624 0.479815 9.9991E-05 0.00509505
0.63361 9.9964E-05 0.151664 0.0379147 9.9964E-05 0.151331 0.0250805 9.9964E-05 9.9964E-05
0.504037 9.9964E-05 0.159408 0.0996934 9.9964E-05 0.0720264 0.164435 9.9964E-05 9.9964E-05
0.493778 0.00787187 9.9973E-05 9.9973E-05 0.00151556 0.0366108 0.426104 0.0338202 9.9973E-05
0.526104 9.9973E-05 0.172079 0.016805 9.9973E-05 0.132496 0.0773396 0.0748763 9.9973E-05
0.290627 0.000232344 0.097688 0.0980291 9.9973E-05 9.9973E-05 0.402788 0.110336 9.9973E-05
9.9964E-05 9.9964E-05 0.0986402 0.102131 9.9964E-05 0.0620298 0.18317 0.553628 9.9964E-05
9.9964E-05 9.9964E-05 0.0410802 0.0907397 9.9964E-05 0.244078 0.301419 0.322283 9.9964E-05
9.9982E-05 0.0541493 0.0468199 9.9982E-05 0.031876 0.114173 0.388582 0.326975 0.0372241
0.0435726 9.9982E-05 0.0168531 0.121002 0.00262685 9.9982E-05 0.618959 0.172609 0.024178
9.9964E-05 0.0132231 0.219113 9.9964E-05 9.9964E-05 0.016951 0.268153 0.482161 9.9964E-05
9.9973E-05 0.0337483 9.9973E-05 9.9973E-05 0.0602152 0.169464 0.405417 0.190714 0.140141
9.9982E-05 9.9982E-05 0.0784741 0.0190653 0.0462894 0.0225366 0.609606 0.182033 0.0417964
9.9973E-05 0.0064149 0.110667 0.0413598 9.9973E-05 0.101407 0.508052 0.2318 9.9973E-05
9.9973E-05 0.0305839 0.102384 9.9973E-05 9.9973E-05 0.0999627 0.482525 0.217657 0.0665874
0.0275896 0.0585064 0.0863646 9.9973E-05 9.9973E-05 9.9973E-05 0.464756 0.340113 0.0223701
9.9964E-05 9.9964E-05 0.15957 9.9964E-05 9.9964E-05 0.0435016 0.226576 0.464873 0.105079
0.0314166 0.00702878 0.159131 9.9982E-05 9.9982E-05 0.0181505 0.258287 0.365411 0.160374
0.0618076 0.0356846 9.9964E-05 9.9964E-05 9.9964E-05 0.105398 0.611246 0.185464 9.9964E-05
0.019663 0.0732651 9.9973E-05 0.0406162 0.0243076 9.9973E-05 0.649116 0.192732 9.9973E-05
9.9973E-05 0.0166119 0.0244402 0.179068 9.9973E-05 0.0636536 0.424601 0.291326 9.9973E-05
9.9982E-05 0.0244524 0.0125439 0.0480142 9.9982E-05 0.152094 0.523808 0.171623 0.0672653
0.0330885 0.0299949 9.9982E-05 0.0860966 9.9982E-05 0.00481982 0.410859 0.405743 0.0291979
0.00261006 0.020789 0.129926 0.0492552 9.9991E-05 0.0207435 0.597219 0.179254 0.00010331
9.9964E-05 0.0439077 9.9964E-05 9.9964E-05 9.9964E-05 0.0889589 0.495023 0.299909 0.0718014
0.00813997 0.0128957 9.9982E-05 0.0846674 9.9982E-05 0.0920018 0.4668 0.194163 0.141132
0.023447 0.120852 0.0276915 0.09387 0.198421 9.9991E-05 0.423576 0.00554287 0.106499
9.9982E-05 9.9982E-05 0.0570419 0.0850483 0.16343 0.082675 0.540061 0.000809251 0.0707341
0.0453079 0.0461961 0.0297027 0.119754 0.0793784 9.9991E-05 0.460959 0.0551759 0.163426
9.9982E-05 9.9982E-05 0.0387855 0.0762628 0.0475352 0.167417 0.551286 0.0055932 0.112921
9.9973E-05 0.129855 0.200997 0.0610471 0.0856509 9.9973E-05 0.342301 9.9973E-05 0.179849
0.165673 9.9973E-05 0.0077058 0.0454007 9.9973E-05 0.131895 0.423738 0.225287 9.9973E-05
0.0362121 0.0114441 0.0443339 0.101071 0.131477 9.9991E-05 0.542962 0.0586838 0.0737155
0.114693 0.0931557 0.145627 0.395313 0.0636991 0.0647275 0.0614996 9.9991E-05 0.0611854
0.0233237 0.0533595 9.9982E-05 0.0841634 9.9982E-05 0.0981049 0.515681 0.0688749 0.156292
0.0201531 0.0655593 0.06466 0.0198479 0.112077 0.103516 0.533544 9.9991E-05 0.0805431
9.9991E-05 0.0475251 0.0452982 0.0173886 0.0880578 0.145624 0.451202 0.0376088 0.167195
9.9991E-05 0.0467523 0.0363137 0.327282 0.038129 0.0112933 0.348855 0.136447 0.0548278
9.9973E-05 0.127451 0.128037 0.0789494 0.0693076 9.9973E-05 0.53629 9.9973E-05 0.0596652
0.0146146 0.0545505 9.9982E-05 0.0662115 0.161377 0.0990551 0.537296 9.9982E-05 0.066695
9.9964E-05 0.0497162 9.9964E-05 0.548908 0.221276 0.025969 9.9964E-05 9.9964E-05 0.153731
0.0460058 0.10011 0.0902971 9.9973E-05 0.113784 9.9973E-05 0.475602 9.9973E-05 0.173901
0.149642 0.00434749 9.9973E-05 0.113205 0.0377613 9.9973E-05 0.478891 9.9973E-05 0.215854
0.0668014 0.0634362 0.051357 0.0267066 0.0670435 0.0555031 0.548658 9.9991E-05 0.120394
0.0105276 0.060025 9.9973E-05 0.105967 0.0948324 9.9973E-05 0.646666 9.9973E-05 0.081682
0.085117 0.0422114 0.113866 0.0166136 0.121565 0.0474262 0.450475 0.0172803 0.105445
0.0103335 0.0740961 0.0999211 9.9991E-05 0.0129402 0.298267 0.414765 0.0500009 0.0395764
0.00585009 0.0273867 0.143644 0.0821636 0.0445572 0.282328 0.360542 9.9991E-05 0.0534285
0.00191996 9.9973E-05 0.093715 9.9973E-05 9.9973E-05 0.797859 0.00781027 0.0915809 0.00681499
9.99459E-05 0.0348947 9.99459E-05 9.99459E-05 9.99459E-05 0.888282 9.99459E-05 0.0762239 9.99459E-05
0.0540788 0.0416976 9.9982E-05 9.9982E-05 0.071594 0.311469 0.428859 0.0342462 0.0578548
0.00468267 0.0947819 9.9991E-05 0.155498 0.0072884 0.0492756 0.403794 0.0158944 0.268686
9.9964E-05 9.9964E-05 9.9964E-05 0.145827 0.0839745 0.15266 0.311072 9.9964E-05 0.306067
0.0585261 9.9982E-05 0.0109992 0.237454 0.115012 0.143939 0.198905 9.9982E-05 0.234965
9.9973E-05 0.0648593 9.9973E-05 0.164821 0.0885052 0.139068 0.406197 9.9973E-05 0.13625
9.9964E-05 0.0959106 9.9964E-05 0.150679 9.9964E-05 0.671231 0.0450799 9.9964E-05 0.0367
9.9973E-05 0.00626443 9.9973E-05 0.11372 0.0747129 0.611686 0.120735 9.9973E-05 0.072582
9.9973E-05 9.9973E-05 9.9973E-05 0.00428785 0.0225255 0.338069 0.522637 0.0286866 0.0834936
9.9955E-05 9.9955E-05 9.9955E-05 9.9955E-05 0.0561693 0.382536 0.429314 9.9955E-05 0.131481
9.9973E-05 0.0938746 9.9973E-05 0.0235792 0.0181399 0.666414 0.0915212 9.9973E-05 0.106171
9.9973E-05 9.9973E-05 9.9973E-05 0.10605 0.0322385 0.227385 0.5088 0.0837408 0.0414852
9.9964E-05 0.0236008 9.9964E-05 0.0465786 9.9964E-05 0.313583 0.554595 9.9964E-05 0.0612426
0.0515312 0.0812977 9.9982E-05 9.9982E-05 0.0641647 0.210146 0.340307 0.105423 0.146931
0.0645259 0.0165702 0.0203254 9.9982E-05 0.00999235 0.589019 0.272552 0.0268155 9.9982E-05
0.0474775 9.9982E-05 0.0896857 9.9982E-05 0.00309287 0.375614 0.347233 0.113666 0.0230321
0.00915834 0.0142953 0.0416467 9.9991E-05 0.0518887 0.309441 0.519667 0.00691105 0.046891
0.153259 0.0291675 9.9991E-05 0.0207214 0.00544354 0.337745 0.328374 0.079446 0.0457429
0.0389475 0.0834509 0.0639112 0.0758051 0.00175858 0.18163 0.382596 0.0545479 0.117352
0.0445052 9.9964E-05 9.9964E-05 0.0608639 9.9964E-05 0.414707 0.433312 0.0462125 9.9964E-05
0.0808691 9.9955E-05 9.9955E-05 9.9955E-05 9.9955E-05 0.658405 0.20333 0.0568965 9.9955E-05
9.9964E-05 9.9964E-05 0.0791003 0.0112489 0.035369 0.323807 0.550075 9.9964E-05 9.9964E-05
9.9955E-05 0.037223 0.0729027 9.9955E-05 9.9955E-05 0.713372 0.176002 9.9955E-05 9.9955E-05
0.0433594 9.9991E-05 0.00932014 0.0188304 0.00207911 0.497197 0.381582 0.00525963 0.0422722
0.0153334 0.0357539 9.9964E-05 9.9964E-05 0.0945064 0.290651 0.563356 9.9964E-05 9.9964E-05
0.050375 0.0199308 0.11769 9.9973E-05 9.9973E-05 0.327416 0.413518 0.0707704 9.9973E-05
0.0653008 0.193944 0.00184329 0.0136802 0.02719 0.117365 0.470012 0.00804337 0.102622
0.0250227 0.0539862 9.9991E-05 0.0963023 0.113337 0.136241 0.364081 0.0857157 0.125215
0.0844774 0.155083 0.047404 0.0929941 0.0162005 0.0581144 0.240305 0.0371997 0.268222
0.0448193 0.131716 9.9991E-05 0.0898094 0.106435 0.0615982 0.37998 0.0740724 0.11147
0.0723024 0.101849 9.9991E-05 0.0252484 0.0721293 0.0428989 0.441159 0.103131 0.141182
0.0247159 0.107272 0.0288883 0.111476 0.0474039 0.117921 0.391836 0.044641 0.125846
0.00298572 0.130762 9.9973E-05 0.0592296 0.0802101 0.624374 9.9973E-05 9.9973E-05 0.102139
0.0392284 0.0988806 9.9973E-05 9.9973E-05 0.0204363 0.146233 0.549323 9.9973E-05 0.145599
9.9964E-05 0.047206 9.9964E-05 0.173459 0.298736 0.417853 9.9964E-05 9.9964E-05 0.0623469
9.9973E-05 0.0442951 9.9973E-05 0.0368657 0.0146115 0.266132 0.434293 9.9973E-05 0.203502
9.9946E-05 9.9946E-05 0.154943 9.9946E-05 9.9946E-05 0.759533 0.0849249 9.9946E-05 9.9946E-05
9.9946E-05 9.9946E-05 0.0217528 9.9946E-05 0.023622 0.954026 9.9946E-05 9.9946E-05 9.9946E-05
0.0233174 0.00201725 0.0403227 0.0146353 9.9982E-05 0.480237 0.433107 0.00616396 9.9982E-05
9.9946E-05 9.9946E-05 9.9946E-05 9.9946E-05 0.0367376 0.344863 0.6178 9.9946E-05 9.9946E-05
0.0435795 9.9955E-05 0.0726892 9.9955E-05 9.9955E-05 0.56646 0.316771 9.9955E-05 9.9955E-05
9.9955E-05 0.0234514 0.133327 9.9955E-05 9.9955E-05 0.422311 0.420412 9.9955E-05 9.9955E-05
9.9937E-05 9.9937E-05 9.9937E-05 9.9937E-05 9.9937E-05 0.519317 0.479983 9.9937E-05 9.9937E-05
0.00172449 0.228563 9.9982E-05 9.9982E-05 0.564627 0.0246186 0.0561676 0.0641859 0.0599134
9.9964E-05 0.119965 9.9964E-05 9.9964E-05 0.604616 0.0238854 9.9964E-05 0.123514 0.12762
9.9955E-05 0.187642 9.9955E-05 9.9955E-05 0.731321 9.9955E-05 9.9955E-05 0.00915402 0.0713832
9.9962E-05 0.29009 9.9962E-05 0.0287147 0.664287 9.9962E-05 0.016409 9.9962E-05 9.9962E-05
9.9982E-05 9.9982E-05 0.367363 0.004249 0.0487365 0.0144978 0.475786 0.0561582 0.0330102
9.9973E-05 0.0694696 0.428439 9.9973E-05 0.0566257 9.9973E-05 0.421055 0.00286143 0.0212485
9.9946E-05 9.9946E-05 0.519955 9.9946E-05 0.0495018 9.9946E-05 0.429943 9.9946E-05 9.9946E-05
0.0621714 0.0272954 0.226455 9.9973E-05 0.0860347 9.9973E-05 0.563639 0.0341049 9.9973E-05
0.148414 0.0403247 0.134624 9.9982E-05 0.0675203 9.9982E-05 0.484129 0.0650306 0.0597573
0.00657255 9.9982E-05 0.561189 0.0429394 0.0103961 9.9982E-05 0.230337 0.121373 0.0269929
9.9955E-05 0.0597584 0.386946 9.9955E-05 9.9955E-05 9.9955E-05 0.534303 9.9955E-05 0.018492
0.172775 9.9955E-05 0.53754 9.9955E-05 9.9955E-05 0.0253197 0.263865 9.9955E-05 9.9955E-05
0.0572178 0.0497852 9.9982E-05 0.064613 0.197876 9.9982E-05 0.474772 0.0238074 0.131728
0.0590335 9.9973E-05 0.322718 0.110531 9.9973E-05 0.0946708 0.399956 9.9973E-05 0.0127907
9.9955E-05 0.0634284 0.538342 9.9955E-05 9.9955E-05 9.9955E-05 0.280435 0.117294 9.9955E-05
0.000908814 9.9964E-05 0.422721 9.9964E-05 0.0313023 0.0488475 0.49582 9.9964E-05 9.9964E-05
9.9964E-05 9.9964E-05 0.522915 9.9964E-05 0.0212321 0.0784337 0.33692 0.0400999 9.9964E-05
0.0495074 0.0261864 0.326112 0.0139976 9.9973E-05 0.0416686 0.542228 9.9973E-05 9.9973E-05
9.9964E-05 0.0386989 0.383156 9.9964E-05 0.104324 0.010817 0.462604 9.9964E-05 9.9964E-05
0.00169715 9.9955E-05 0.92401 9.9955E-05 9.9955E-05 0.0333082 0.0404846 9.9955E-05 9.9955E-05
0.0613789 9.9982E-05 0.696223 9.9982E-05 0.0596914 0.0159762 0.112973 0.0201095 0.033448
9.9973E-05 9.9973E-05 0.514296 9.9973E-05 0.0378438 0.103028 0.251921 0.0733759 0.0192354
9.9955E-05 0.0173973 0.877272 0.0804113 9.9955E-05 0.02442 9.9955E-05 9.9955E-05 9.9955E-05
9.9973E-05 0.0779835 0.371473 9.9973E-05 9.9973E-05 0.00765959 0.393981 0.129461 0.0191415
0.118919 9.9973E-05 0.624008 0.10503 9.9973E-05 0.132014 0.00691414 9.9973E-05 0.0128156
9.9946E-05 9.9946E-05 0.677005 0.185204 9.9946E-05 0.137192 9.9946E-05 9.9946E-05 9.9946E-05
9.9973E-05 0.0282073 0.3607 0.0640188 9.9973E-05 0.0166563 0.507493 9.9973E-05 0.022625
9.9973E-05 9.9973E-05 0.589043 9.9973E-05 0.121646 0.0209141 0.163468 0.10361 0.00101811
0.0541355 9.9964E-05 0.448265 9.9964E-05 9.9964E-05 9.9964E-05 0.281815 0.105555 0.109829
0.0427247 0.0482032 0.224703 0.0563704 9.9982E-05 9.9982E-05 0.552738 0.0322953 0.0427662
0.0940841 0.0258803 0.29093 9.9973E-05 0.0379097 9.9973E-05 0.485184 0.0657122 9.9973E-05
0.0520139 9.9982E-05 0.0221858 0.144832 9.9982E-05 0.144375 0.361425 0.267894 0.00707519
9.9982E-05 0.0581844 0.318582 9.9982E-05 0.00832953 0.0705345 0.46303 0.054796 0.0263436
0.0535458 9.9973E-05 0.350382 9.9973E-05 0.0665119 9.9973E-05 0.451153 0.0717705 0.0063365
0.0386598 0.0111552 0.683067 0.0335044 9.9964E-05 9.9964E-05 0.233214 9.9964E-05 9.9964E-05
0.0328576 9.9982E-05 0.193554 0.0399872 0.036345 9.9982E-05 0.543435 0.09293 0.0606915
0.0943919 0.106316 9.9964E-05 9.9964E-05 0.549102 9.9964E-05 9.9964E-05 0.237756 0.0120339
0.0119334 0.282107 0.15047 9.9964E-05 0.530183 9.9964E-05 0.024907 9.9964E-05 9.9964E-05
0.0541098 0.131981 0.0258225 0.00131305 0.709236 9.9973E-05 9.9973E-05 0.0772383 9.9973E-05
0.0114287 0.181432 0.0131562 0.0468639 0.619062 9.9973E-05 9.9973E-05 0.127757 9.9973E-05
0.094646 0.140968 0.017918 9.9973E-05 0.597909 9.9973E-05 0.0246024 0.123657 9.9973E-05
9.9964E-05 9.9964E-05 0.765625 9.9964E-05 0.0298685 9.9964E-05 0.00955636 0.132562 0.0619876
0.0575985 0.0412232 0.600767 9.9982E-05 0.0544789 0.0473913 0.0779329 0.120409 9.9982E-05
