9.9955E-05 0.0475328 9.9955E-05 9.9955E-05 9.9955E-05 0.114316 9.9955E-05 0.0700026 0.767649
9.9973E-05 0.0383392 9.9973E-05 0.00557762 0.0200652 0.0319304 9.9973E-05 0.0274452 0.876342
0.0597076 0.0267447 9.9973E-05 9.9973E-05 9.9973E-05 0.125879 0.0296253 0.062485 0.695258
9.9973E-05 0.0618888 0.0637109 9.9973E-05 9.9973E-05 0.1347 0.0168061 0.0401339 0.68246
0.00541618 0.0578926 9.9964E-05 9.9964E-05 9.9964E-05 0.106055 0.0217951 9.9964E-05 0.808442
0.106738 0.0947222 9.9982E-05 0.102307 0.0173501 0.0391206 0.0465956 9.9982E-05 0.592967
9.9964E-05 9.9964E-05 0.0623372 0.104699 9.9964E-05 9.9964E-05 0.024362 0.0447937 0.763408
9.9964E-05 0.123298 9.9964E-05 0.0942027 9.9964E-05 9.9964E-05 0.0640475 0.0495122 0.668539
9.99639E-05 0.0436898 9.99639E-05 0.0860973 0.0480977 9.99639E-05 9.99639E-05 0.0178 0.803915
0.145782 0.0753867 9.9973E-05 0.0401477 9.9973E-05 9.9973E-05 0.0614815 0.0406499 0.636252
0.0481044 0.137577 9.9973E-05 0.0258312 0.051736 9.9973E-05 9.9973E-05 0.0115577 0.724894
0.101154 9.9964E-05 0.804264 9.9964E-05 9.9964E-05 0.0454091 0.045304 9.9964E-05 0.00346902
0.433326 0.0554856 0.361461 0.0224046 9.9973E-05 0.0685904 9.9973E-05 0.0584327 9.9973E-05
0.0479202 9.9982E-05 0.800416 0.00854061 9.9982E-05 0.0974898 0.0225443 0.01209 0.010799
0.119927 9.9955E-05 0.638748 9.9955E-05 9.9955E-05 0.0573375 0.183487 9.9955E-05 9.9955E-05
0.245399 9.9973E-05 0.43917 9.9973E-05 9.9973E-05 0.12018 0.0957899 0.00851375 0.0906484
0.481437 9.9973E-05 0.320635 0.0115388 9.9973E-05 0.111606 0.0375875 0.036896 9.9973E-05
0.281423 0.0671412 0.355009 9.9973E-05 0.114254 9.9973E-05 0.132983 0.048889 9.9973E-05
0.148805 9.9964E-05 0.584869 9.9964E-05 9.9964E-05 0.132832 0.0268919 9.9964E-05 0.106201
9.9964E-05 0.00402955 0.874901 0.0367038 9.9964E-05 9.9964E-05 0.019254 9.9964E-05 0.0647123
0.257835 0.044034 0.36607 0.0216535 0.116824 0.10963 0.0817455 0.00210842 9.9991E-05
0.3818 9.9973E-05 0.329999 0.0982405 0.0496586 0.110995 9.9973E-05 9.9973E-05 0.029007
0.512767 0.0563942 0.273557 9.9973E-05 9.9973E-05 0.031259 0.0671595 9.9973E-05 0.0585629
0.178634 9.9946E-05 0.693039 9.9946E-05 9.9946E-05 9.9946E-05 0.127727 9.9946E-05 9.9946E-05
0.547969 9.9964E-05 0.122248 0.134316 9.9964E-05 0.0943296 9.9964E-05 0.100738 9.9964E-05
0.442222 9.9973E-05 0.446559 0.0101901 9.9973E-05 0.054202 0.0372539 0.00927285 9.9973E-05
0.0185992 9.9964E-05 0.86301 9.9964E-05 9.9964E-05 0.0403858 0.0660185 9.9964E-05 0.0115866
9.9946E-05 9.9946E-05 0.76057 9.9946E-05 9.9946E-05 9.9946E-05 0.225234 0.0135965 9.9946E-05
0.126441 9.9955E-05 0.787397 0.0674524 9.9955E-05 9.9955E-05 9.9955E-05 9.9955E-05 0.0182104
9.993E-05 9.993E-05 9.993E-05 9.993E-05 9.993E-05 9.993E-05 9.993E-05 0.999201 9.993E-05
9.993E-05 9.993E-05 9.993E-05 9.993E-05 9.993E-05 9.993E-05 9.993E-05 0.999201 9.993E-05
0.0942703 9.9964E-05 0.0134223 9.9964E-05 9.9964E-05 9.9964E-05 0.0332484 0.377222 0.481437
9.9964E-05 9.9964E-05 9.9964E-05 9.9964E-05 0.13544 0.070235 0.054345 0.287957 0.451623
0.534589 0.0090811 0.0897961 0.0414469 0.225587 0.0654461 9.9982E-05 0.0338544 9.9982E-05
0.342571 0.104592 0.0120461 9.9991E-05 0.241308 0.194296 0.0129511 0.00433532 0.0877994
0.456098 9.9955E-05 9.9955E-05 9.9955E-05 0.428685 9.9955E-05 0.0664266 9.9955E-05 0.0482909
0.0633326 0.171044 0.635098 0.0318752 9.9973E-05 9.9973E-05 0.00295235 9.9973E-05 0.0953979
0.241328 9.9973E-05 9.9973E-05 0.0103056 0.648099 9.9973E-05 0.0299994 0.0260995 0.0438686
0.499321 0.0404812 0.0219593 9.9973E-05 0.307251 9.9973E-05 0.0690169 9.9973E-05 0.0616713
0.635354 9.9973E-05 9.9973E-05 0.0379617 0.140878 9.9973E-05 0.0904302 0.0174411 0.0776351
0.672101 0.0555945 9.9973E-05 0.128739 0.0412858 9.9973E-05 0.0048106 9.9973E-05 0.0971693
0.602851 0.00621599 0.0532357 0.0476362 0.119416 0.0525151 0.0245689 0.00621088 0.0873501
9.9964E-05 9.9964E-05 0.19041 9.9964E-05 0.704949 0.0693298 9.9964E-05 0.0166428 0.0182688
0.488403 0.0787906 9.9973E-05 0.0943468 0.133878 0.179651 9.9973E-05 9.9973E-05 0.0246313
0.470481 0.000106231 0.053235 9.9982E-05 0.269391 0.0870865 0.0331079 9.9982E-05 0.086392
0.479816 0.0251161 0.0218566 0.0963802 0.0673096 0.0228913 0.172128 0.0417724 0.072729
0.282995 9.9955E-05 9.9955E-05 9.9955E-05 0.709611 9.9955E-05 9.9955E-05 0.00630077 0.000593659
0.626707 9.9973E-05 0.00100099 9.9973E-05 0.250374 0.0449326 9.9973E-05 0.0514614 0.0252237
0.395995 9.9982E-05 0.138303 9.9982E-05 0.17956 0.219859 0.0374023 0.0284456 0.000234779
9.9955E-05 9.9955E-05 9.9955E-05 0.257607 0.697354 9.9955E-05 9.9955E-05 0.00563828 0.0389014
0.150734 0.171377 0.446687 0.0689279 0.161874 9.9964E-05 9.9964E-05 9.9964E-05 9.9964E-05
9.9955E-05 9.9955E-05 0.397907 0.299555 0.174525 0.127513 9.9955E-05 9.9955E-05 9.9955E-05
0.439327 0.0206274 0.220383 0.0201604 0.0687052 9.9991E-05 0.133225 0.0693335 0.0281382
0.548445 0.0148745 0.10621 0.0457742 0.0481455 0.15755 0.0199017 0.0118195 0.0472806
0.572988 0.035536 0.042543 0.0490777 0.128347 0.141009 9.9982E-05 0.0302991 9.9982E-05
0.108252 0.200772 0.290508 0.0408783 0.239801 0.00465109 9.9982E-05 9.9982E-05 0.114939
0.518065 0.164594 0.219559 0.00741179 0.0412787 0.0186002 0.0257413 9.9991E-05 0.00464993
0.556791 0.0376764 0.155611 0.0726629 9.9973E-05 9.9973E-05 0.0903845 9.9973E-05 0.0865748
0.247365 9.9991E-05 0.39541 0.0441007 0.106652 0.0460265 0.0616491 0.080063 0.0186344
9.9982E-05 0.0516998 0.520393 0.113529 0.00410712 0.117261 9.9982E-05 0.0253248 0.167485
0.401605 9.9982E-05 0.129665 0.0293863 0.248934 0.169732 9.9982E-05 0.020182 0.000294235
0.219546 0.0675208 0.299758 9.9973E-05 0.123516 0.278918 9.9973E-05 0.010441 9.9973E-05
9.9973E-05 0.0386101 0.74962 0.0731275 0.0750747 9.9973E-05 9.9973E-05 0.0506564 0.0126114
0.291235 9.9964E-05 0.434903 9.9964E-05 0.09687 0.173581 9.9964E-05 0.00301085 9.9964E-05
0.542363 0.0239482 0.0838075 0.0569329 0.0270487 0.253554 9.9982E-05 0.0121464 9.9982E-05
0.47127 0.0123503 0.212071 0.0011264 0.073214 0.111168 9.9982E-05 0.1186 9.9982E-05
0.225321 0.0498401 0.473604 0.150862 0.0420059 9.9973E-05 0.0580664 9.9973E-05 9.9973E-05
0.315602 9.9982E-05 0.393758 0.0975127 0.0664603 0.0929046 0.0158252 0.0177363 9.9982E-05
0.618365 0.113584 0.140163 9.9982E-05 0.0133356 9.9982E-05 0.0104612 0.0913455 0.0125449
0.153098 0.0614648 0.481385 0.1862 0.0843001 9.9973E-05 9.9973E-05 0.0332512 9.9973E-05
0.529668 0.0526766 0.0811247 9.9955E-05 0.336031 9.9955E-05 9.9955E-05 9.9955E-05 9.9955E-05
0.12465 9.9964E-05 0.185443 9.9964E-05 0.637698 9.9964E-05 0.00801916 0.0437895 9.9964E-05
0.429091 0.0371068 0.0729701 9.9982E-05 0.239655 9.9982E-05 0.100818 0.0236193 0.0965397
9.9937E-05 9.9937E-05 9.9937E-05 0.175314 0.823986 9.9937E-05 9.9937E-05 9.9937E-05 9.9937E-05
9.9946E-05 9.9946E-05 0.0419699 0.173746 0.783684 9.9946E-05 9.9946E-05 9.9946E-05 9.9946E-05
0.240485 9.9964E-05 0.0587604 0.00105799 0.640981 0.0583164 9.9964E-05 9.9964E-05 9.9964E-05
0.337664 0.0183929 0.114902 9.9982E-05 0.456673 0.0444558 9.9982E-05 0.00183561 0.0258767
0.515299 0.0283593 0.118379 0.0265267 0.0384925 0.0252293 0.0348858 0.00457953 0.208249
0.267845 0.00686084 0.0926905 9.9973E-05 0.475148 0.114184 0.0429731 9.9973E-05 9.9973E-05
0.0449019 0.13119 0.0543656 9.9973E-05 0.677563 0.0823414 9.9973E-05 9.9973E-05 0.00933769
0.192343 0.145759 0.0226802 9.9973E-05 0.561207 9.9973E-05 9.9973E-05 0.0145734 0.0631372
0.430515 0.101889 9.9973E-05 9.9973E-05 0.278441 9.9973E-05 0.121315 0.0547423 0.0127984
0.214771 9.9964E-05 0.143525 9.9964E-05 0.52899 9.9964E-05 0.105227 9.9964E-05 0.00708677
0.310388 9.9964E-05 9.9964E-05 9.9964E-05 0.510565 9.9964E-05 0.0651946 0.0632017 0.0502506
0.333971 9.9964E-05 9.9964E-05 0.0422044 0.533917 0.0656393 9.9964E-05 0.0238681 9.9964E-05
9.9955E-05 9.9955E-05 9.9955E-05 0.260173 0.699276 0.014219 9.9955E-05 9.9955E-05 0.025832
0.569544 9.9973E-05 0.0459855 0.0622622 0.243184 0.0204638 9.9973E-05 9.9973E-05 0.0582613
0.0905406 0.00750845 0.0614052 9.9982E-05 9.9982E-05 0.0130726 0.0135768 0.0723743 0.741322
0.102748 9.9955E-05 0.00239462 9.9955E-05 9.9955E-05 9.9955E-05 9.9955E-05 0.13608 0.758277
9.9955E-05 0.00872611 9.9955E-05 9.9955E-05 9.9955E-05 0.181047 9.9955E-05 0.113537 0.69619
9.9955E-05 9.9955E-05 9.9955E-05 9.9955E-05 0.00460879 0.118092 9.9955E-05 0.10353 0.773269
0.0613771 9.9964E-05 9.9964E-05 9.9964E-05 0.0335126 0.068896 9.9964E-05 0.099153 0.736662
0.0597174 9.9964E-05 9.9964E-05 0.0289442 9.9964E-05 9.9964E-05 0.0350205 0.0588017 0.817116
0.0800789 9.9955E-05 9.9955E-05 9.9955E-05 9.9955E-05 9.9955E-05 0.0120202 0.046488 0.860913
0.507273 0.0602307 9.9982E-05 9.9982E-05 0.233255 0.0532278 0.0326434 0.0192987 0.0938714
0.418514 0.021067 0.0318825 0.0501487 0.239014 0.106026 0.0489826 9.9991E-05 0.0842643
9.9946E-05 9.9946E-05 0.155118 9.9946E-05 0.800798 9.9946E-05 9.9946E-05 9.9946E-05 0.0434847
0.477946 0.0231307 0.0325568 0.0463248 0.141964 0.0561845 0.164016 9.9991E-05 0.0577765
0.408224 0.0158021 0.116811 9.9973E-05 0.378394 9.9973E-05 0.0135171 9.9973E-05 0.0669525
0.538059 9.9982E-05 0.0421147 9.9982E-05 0.309983 0.00471341 0.040445 0.036157 0.028328
0.498684 9.9982E-05 0.0983791 0.0331454 0.265832 9.9982E-05 0.0613341 0.0180712 0.0243546
0.339968 9.9964E-05 9.9964E-05 9.9964E-05 0.484065 0.0223579 0.142772 0.010437 9.9964E-05
9.9955E-05 0.0686331 0.198407 9.9955E-05 0.690206 9.9955E-05 9.9955E-05 9.9955E-05 0.0422535
0.426489 0.0534273 0.186465 9.9991E-05 0.0796022 0.113881 0.0509062 0.00563984 0.0834898
0.556009 9.9964E-05 0.0750231 9.9964E-05 0.206808 9.9964E-05 0.103798 9.9964E-05 0.057961
0.51699 0.0797999 0.020764 9.9991E-05 0.157314 0.00452176 0.088561 0.0386914 0.0932584
0.26184 9.9964E-05 0.0208688 0.113171 0.496714 0.107007 9.9964E-05 9.9964E-05 9.9964E-05
0.407937 0.0213329 9.9973E-05 0.011043 0.465528 0.0566428 0.0372153 9.9973E-05 9.9973E-05
0.446481 0.0502324 0.0412942 9.9973E-05 0.40433 0.0049765 9.9973E-05 0.052386 9.9973E-05
0.238461 9.9955E-05 0.00805143 9.9955E-05 0.631316 9.9955E-05 0.121673 9.9955E-05 9.9955E-05
0.390436 0.0530438 0.04633 9.9973E-05 0.39526 0.0686951 9.9973E-05 9.9973E-05 0.0459357
0.531551 0.138803 9.9982E-05 0.126363 0.0381226 0.0130902 0.0037643 9.9982E-05 0.148106
9.9973E-05 0.127101 0.363624 0.0968367 0.17051 0.229828 9.9973E-05 9.9973E-05 0.0118
0.386538 0.160694 0.200578 9.9991E-05 0.0169698 0.0539715 0.00257182 0.0168938 0.161683
0.566954 0.0924068 0.0582882 0.0783717 0.0519239 9.9991E-05 0.0134693 0.0269005 0.111586
0.438028 0.0508603 0.0244961 9.9982E-05 0.131499 0.1114 0.081277 9.9982E-05 0.162239
0.484954 0.115807 0.293518 9.9964E-05 9.9964E-05 9.9964E-05 9.9964E-05 0.0338083 0.0715128
0.582924 0.135334 0.157623 0.0184658 0.0219509 9.9973E-05 0.0834012 9.9973E-05 9.9973E-05
0.396781 0.112393 0.337788 9.9973E-05 0.0711399 0.0205606 9.9973E-05 9.9973E-05 0.0610376
0.495053 0.107504 0.0521475 0.141597 0.132582 9.9973E-05 9.9973E-05 9.9973E-05 0.0708159
0.537269 0.152295 9.9982E-05 9.9982E-05 0.0817929 0.10161 0.00401904 0.0253129 0.0975003
0.517662 0.00373078 0.281579 0.0530821 0.0502249 9.9982E-05 9.9982E-05 0.0474461 0.0460754
0.487625 0.196532 0.198898 0.0192198 0.0449742 0.0233719 9.9982E-05 0.0291789 9.9982E-05
0.542169 0.174109 0.0863169 0.0161075 0.0516399 0.0925858 0.0306907 9.9991E-05 0.00628131
0.549207 0.113649 0.00624956 0.0678445 0.0433326 9.9982E-05 0.118311 9.9982E-05 0.101206
0.453793 0.0979871 0.167466 9.9973E-05 0.136429 9.9973E-05 0.142596 0.00142962 9.9973E-05
0.491146 0.0351697 0.09404 0.166558 9.9991E-05 0.068681 0.100528 0.00227807 0.0414986
0.487258 0.0749177 0.134821 0.0660374 0.0629916 9.9982E-05 0.122981 9.9982E-05 0.0507934
0.358015 0.0500599 0.302728 0.146885 9.9982E-05 0.0316145 9.9982E-05 0.0473464 0.063152
0.567247 0.0863981 0.198317 9.9973E-05 0.00359878 0.12786 9.9973E-05 9.9973E-05 0.0162801
0.611929 0.0827284 0.129269 0.0533827 9.9982E-05 0.088537 0.0121302 9.9982E-05 0.0218232
0.0873083 0.176894 0.37531 0.078542 0.132669 0.0480914 0.100986 9.9982E-05 9.9982E-05
0.111159 0.129912 0.343122 0.238763 0.0523682 0.0570128 0.0595416 0.0080214 9.9991E-05
0.549823 0.145202 0.101128 0.01858 0.0491597 0.0915862 0.00399437 9.9991E-05 0.0404256
0.0830761 0.14843 0.213708 0.236273 0.238971 9.9973E-05 0.0792422 9.9973E-05 9.9973E-05
0.222576 0.15759 0.470811 9.9973E-05 0.102509 0.0112856 9.9973E-05 9.9973E-05 0.0349281
0.412326 0.0994358 0.297714 9.9973E-05 0.184467 9.9973E-05 0.000393435 9.9973E-05 0.00536467
0.238373 0.164566 0.461148 9.9964E-05 0.131694 9.9964E-05 9.9964E-05 0.0038196 9.9964E-05
0.235887 0.151794 0.521684 0.00319427 0.058604 9.9973E-05 0.0285369 9.9973E-05 9.9973E-05
0.615032 0.0168933 0.218245 0.0205687 9.9973E-05 9.9973E-05 9.9973E-05 0.0537498 0.0752115
0.541804 0.0946911 9.9982E-05 0.0513519 0.0636648 9.9982E-05 0.142433 0.0341162 0.0717392
0.506045 0.0361791 0.19444 9.9991E-05 0.0670911 0.0418975 0.00518111 0.0420812 0.106985
0.0887426 0.0961683 0.403064 0.265867 0.0800098 9.9982E-05 0.0600159 0.00593217 9.9982E-05
0.420333 9.9982E-05 0.161231 0.0138144 0.150493 0.0331326 0.064226 9.9982E-05 0.15657
0.469913 0.0177788 0.123894 0.197449 0.0568121 9.9991E-05 0.0985458 0.00469056 0.0308165
0.0229209 0.101282 0.16028 0.425909 0.131883 9.9982E-05 9.9982E-05 0.0124758 0.14505
0.59389 9.9991E-05 0.072326 0.0628891 0.0564727 0.00271797 0.0352006 0.0305071 0.145896
0.369108 9.9973E-05 0.0712818 0.279705 0.144236 9.9973E-05 0.0383295 9.9973E-05 0.0970394
0.442328 0.0309297 0.170298 0.069817 0.0340956 0.163702 9.9991E-05 0.0292921 0.0594375
0.342289 0.0104359 0.127893 0.419963 9.9973E-05 9.9973E-05 9.9973E-05 0.0400096 0.0591095
0.25442 0.0227068 0.225912 0.396175 0.0224097 9.9982E-05 9.9982E-05 0.0286649 0.0495104
0.448894 0.0327481 0.114396 0.195298 0.167822 9.9991E-05 0.012478 0.00261671 0.0256468
0.476408 0.0969696 0.0227119 0.109448 0.0453858 0.0149815 0.0642921 9.9991E-05 0.169704
0.304527 9.9982E-05 0.195148 0.101396 0.123594 9.9982E-05 0.155035 0.0202608 0.0998393
9.9982E-05 9.9982E-05 0.209943 0.343382 0.221915 0.0221889 0.14383 0.0102334 0.0483068
0.54587 0.0127165 0.0616884 0.128964 0.0884402 0.0331507 0.039688 0.0174867 0.0719962
0.419415 0.0322885 0.148253 0.316576 0.0830667 9.9964E-05 9.9964E-05 9.9964E-05 9.9964E-05
0.507407 0.076013 0.0732941 0.203981 0.0968839 9.9991E-05 0.0153219 0.0120784 0.014921
0.489393 0.0959469 0.0187139 0.119042 0.0905451 0.0677583 0.07621 0.0207036 0.0216877
0.140508 0.000750138 0.0442077 0.237566 9.9991E-05 0.128461 0.164585 0.0399302 0.243892
9.9964E-05 9.9964E-05 9.9964E-05 0.344984 9.9964E-05 0.132228 0.029935 0.0188961 0.473557
9.9964E-05 9.9964E-05 9.9964E-05 0.423862 9.9964E-05 0.055497 0.108046 0.0214104 0.390785
0.0082005 0.0402321 9.9973E-05 0.189273 9.9973E-05 0.327538 0.146509 9.9973E-05 0.287947
0.67226 9.9955E-05 0.0364288 0.253463 9.9955E-05 9.9955E-05 0.037348 9.9955E-05 9.9955E-05
0.518605 0.00285819 0.122322 0.0454108 0.163785 0.0730603 0.00169105 9.9991E-05 0.0721679
0.226972 9.9955E-05 0.0494409 9.9955E-05 9.9955E-05 0.0602077 0.66288 9.9955E-05 9.9955E-05
0.332931 0.0429516 0.0747897 9.9982E-05 0.0907928 0.0111343 0.445809 9.9982E-05 0.00139148
0.363572 0.042241 0.0275213 0.0484531 9.9991E-05 0.0249082 0.40825 0.0457911 0.0391629
0.425449 9.9955E-05 9.9955E-05 0.459738 0.109542 9.9955E-05 9.9955E-05 0.00477156 9.9955E-05
0.563856 0.0562671 0.0619776 0.164146 0.0613237 0.0472165 9.9991E-05 0.0444009 0.000712077
0.284354 9.9946E-05 0.0794491 0.635597 9.9946E-05 9.9946E-05 9.9946E-05 9.9946E-05 9.9946E-05
0.644038 9.9964E-05 0.0412247 0.179947 0.0890172 0.0453737 9.9964E-05 9.9964E-05 9.9964E-05
0.540226 0.0141501 0.132275 0.205426 0.0701597 9.9973E-05 9.9973E-05 9.9973E-05 0.037463
0.61447 0.0436612 0.00617819 0.264707 9.9973E-05 9.9973E-05 0.0482734 0.0224109 9.9973E-05
0.296272 9.9955E-05 0.115181 0.533926 0.0541214 9.9955E-05 9.9955E-05 9.9955E-05 9.9955E-05
0.615282 0.0442805 0.0830946 0.157248 9.9964E-05 9.9964E-05 0.0996955 9.9964E-05 9.9964E-05
0.522597 9.9964E-05 9.9964E-05 0.249339 0.105351 0.106157 0.0161558 9.9964E-05 9.9964E-05
9.9946E-05 9.9946E-05 9.9946E-05 9.9946E-05 0.00134023 9.9946E-05 0.967311 9.9946E-05 0.0307487
0.136273 9.9946E-05 9.9946E-05 9.9946E-05 0.0121487 9.9946E-05 0.850978 9.9946E-05 9.9946E-05
0.210276 9.9973E-05 0.0241964 9.9973E-05 0.0763504 0.135503 0.490654 0.0627203 9.9973E-05
0.236709 0.0432092 9.9964E-05 9.9964E-05 9.9964E-05 0.116003 0.59257 0.0111091 9.9964E-05
0.171659 9.9964E-05 9.9964E-05 0.0053929 0.0278818 0.0224651 0.772201 9.9964E-05 9.9964E-05
9.993E-05 9.993E-05 9.993E-05 9.993E-05 9.993E-05 9.993E-05 0.999201 9.993E-05 9.993E-05
9.9964E-05 0.0213527 9.9964E-05 9.9964E-05 9.9964E-05 0.0128289 0.932752 0.00730757 0.0253592
0.15046 9.9946E-05 9.9946E-05 9.9946E-05 9.9946E-05 0.182197 0.666743 9.9946E-05 9.9946E-05
0.0687064 0.0164066 9.9946E-05 9.9946E-05 9.9946E-05 9.9946E-05 0.914287 9.9946E-05 9.9946E-05
9.9937E-05 9.9937E-05 9.9937E-05 9.9937E-05 9.9937E-05 9.9937E-05 0.989459 0.00984193 9.9937E-05
9.9937E-05 9.9937E-05 9.9937E-05 9.9937E-05 9.9937E-05 9.9937E-05 0.986135 0.0131651 9.9937E-05
0.119411 0.012765 0.0235441 9.9964E-05 9.9964E-05 9.9964E-05 0.779173 0.0647071 9.9964E-05
0.0733844 0.0435921 9.9964E-05 9.9964E-05 9.9964E-05 0.186375 0.670951 9.9964E-05 0.0252979
9.9946E-05 9.9946E-05 9.9946E-05 9.9946E-05 0.0165367 9.9946E-05 0.96906 9.9946E-05 0.0138033
0.178609 0.0497083 0.116924 9.9991E-05 0.0683907 0.127855 0.39269 0.00796978 0.0577537
0.148592 0.00145195 0.0492825 0.0152157 0.0357621 0.0369969 0.636186 0.0764128 9.9991E-05
0.143086 0.0276174 9.9982E-05 0.00400074 0.00385844 0.178884 0.630272 0.0120813 9.9982E-05
0.0575963 9.9964E-05 0.0592141 9.9964E-05 9.9964E-05 0.00749527 0.858391 0.0169038 9.9964E-05
9.9937E-05 9.9937E-05 9.9937E-05 9.9937E-05 9.9937E-05 0.121615 0.877685 9.9937E-05 9.9937E-05
0.0639547 9.9955E-05 9.9955E-05 9.9955E-05 9.9955E-05 0.0491662 0.816378 9.9955E-05 0.0700015
9.9946E-05 9.9946E-05 9.9946E-05 0.0164371 9.9946E-05 9.9946E-05 0.96909 0.013873 9.9946E-05
0.193063 0.0474024 9.9964E-05 9.9964E-05 0.0273032 0.222214 0.509617 9.9964E-05 9.9964E-05
0.00112694 9.9955E-05 0.0724561 9.9955E-05 9.9955E-05 9.9955E-05 0.879367 9.9955E-05 0.0465506
9.9973E-05 9.9973E-05 0.000963992 0.596678 0.0227345 0.0253809 0.051214 9.9973E-05 0.302728
0.46096 0.0685487 9.9991E-05 0.176972 0.0361202 0.0342924 0.0367832 0.0236952 0.162528
0.43052 0.0698034 0.0250619 0.167565 9.9973E-05 9.9973E-05 0.0834184 9.9973E-05 0.223332
0.234361 0.0144814 9.9991E-05 0.435261 0.00157083 0.0133813 0.0893224 0.0538908 0.157631
0.3341 0.0223603 0.00189984 0.144518 0.140145 0.205992 0.00449208 0.000786528 0.145707
0.182388 9.9982E-05 9.9982E-05 0.396579 0.0404036 0.141674 0.0493331 0.01938 0.170043
0.333816 0.0997428 0.0530143 0.0724789 0.0881515 0.17064 0.0155956 0.0346702 0.131891
0.358303 9.9964E-05 9.9964E-05 0.332268 9.9964E-05 9.9964E-05 0.184672 0.0201954 0.104162
0.460706 9.9973E-05 0.0649317 0.171412 9.9973E-05 0.167912 0.0257339 0.109004 9.9973E-05
0.331213 9.9973E-05 9.9973E-05 0.29756 9.9973E-05 0.184749 0.0957313 0.0453292 0.0451164
0.384153 0.0113254 9.9991E-05 0.191464 0.0307741 0.149818 0.0405038 0.0626005 0.129261
0.0585471 0.0466505 9.9964E-05 0.0700376 9.9964E-05 0.0277517 9.9964E-05 9.9964E-05 0.796613
9.9964E-05 9.9964E-05 9.9964E-05 0.0179367 9.9964E-05 0.0335849 0.048241 0.0752753 0.824562
0.0276082 0.00179673 9.9955E-05 9.9955E-05 9.9955E-05 9.9955E-05 9.9955E-05 0.0787662 0.891329
0.068118 9.9946E-05 9.9946E-05 9.9946E-05 9.9946E-05 9.9946E-05 9.9946E-05 0.0482789 0.883003
9.9973E-05 0.0406287 0.0555309 0.00596634 9.9973E-05 0.0353326 9.9973E-05 0.129759 0.732482
9.9964E-05 9.9964E-05 0.0248203 0.0191066 9.9964E-05 9.9964E-05 0.0899457 0.0685808 0.797147
0.0404963 9.9955E-05 9.9955E-05 9.9955E-05 9.9955E-05 9.9955E-05 0.0838503 0.0723769 0.802777
0.0502107 9.9955E-05 9.9955E-05 0.0701787 9.9955E-05 9.9955E-05 9.9955E-05 0.0317566 0.847354
9.9964E-05 9.9964E-05 0.0220038 9.9964E-05 0.00355906 0.124409 9.9964E-05 0.0130267 0.836602
9.9964E-05 9.9964E-05 0.0374518 0.00179245 9.9964E-05 0.211634 9.9964E-05 0.0398201 0.708902
9.9964E-05 0.0565074 0.274281 9.9964E-05 0.0745502 9.9964E-05 9.9964E-05 0.023858 0.570404
9.9973E-05 0.170386 0.189929 9.9973E-05 0.0357754 0.0209614 9.9973E-05 0.0266798 0.555968
9.9964E-05 0.0111384 0.315626 0.1195 9.9964E-05 9.9964E-05 9.9964E-05 0.0467903 0.506546
9.9955E-05 0.0725633 0.37828 0.0599877 9.9955E-05 9.9955E-05 9.9955E-05 9.9955E-05 0.488669
0.435124 9.9964E-05 0.25722 9.9964E-05 0.243572 9.9964E-05 9.9964E-05 0.0159146 0.0477696
0.408845 9.9973E-05 0.081557 9.9973E-05 0.385081 0.0862251 0.0118253 9.9973E-05 0.0261668
0.566693 0.0910585 0.168066 9.9973E-05 0.128783 9.9973E-05 0.0334633 9.9973E-05 0.0116359
0.310543 0.105903 0.180541 0.04869 0.255175 9.9982E-05 9.9982E-05 0.0574283 0.0415205
0.156871 0.285677 0.478023 9.9973E-05 0.0511614 9.9973E-05 0.00823401 0.0197338 9.9973E-05
0.479427 0.0527238 9.9964E-05 9.9964E-05 0.296687 9.9964E-05 0.0859629 9.9964E-05 0.0848
0.532561 0.00115394 0.112754 0.00275744 0.290704 0.0146726 0.00709101 9.9991E-05 0.0382054
0.48059 0.0880893 0.0833035 0.088244 0.227637 0.00867057 9.9991E-05 0.0115854 0.0117801
0.347409 0.0535427 9.9973E-05 0.0781127 0.452592 0.00276569 0.065278 9.9973E-05 9.9973E-05
0.669993 0.0509573 9.9964E-05 9.9964E-05 0.162456 9.9964E-05 9.9964E-05 0.0877114 0.0284828
0.37812 0.0620744 0.130522 9.9964E-05 0.388052 9.9964E-05 9.9964E-05 0.0408321 9.9964E-05
9.9964E-05 0.0117393 0.0469171 0.14865 0.786585 9.9964E-05 9.9964E-05 0.00570878 9.9964E-05
0.566238 0.045951 0.146133 0.000618637 0.117985 9.9973E-05 9.9973E-05 9.9973E-05 0.122773
0.276184 9.9973E-05 9.9973E-05 0.138082 0.538911 9.9973E-05 0.0386768 0.00188299 0.00596343
0.536117 0.00904064 9.9973E-05 0.0174132 0.379012 0.0297262 9.9973E-05 0.0283904 9.9973E-05
0.0175567 0.0825398 0.181663 9.9964E-05 0.685843 9.9964E-05 9.9964E-05 9.9964E-05 0.0319976
9.9973E-05 0.766946 9.9973E-05 0.14166 9.9973E-05 0.0112912 0.00925059 0.00341169 0.0671405
0.0762399 0.774961 9.9955E-05 0.0918903 9.9955E-05 9.9955E-05 9.9955E-05 9.9955E-05 0.0564092
0.00749594 0.91114 9.9955E-05 0.0739011 9.9955E-05 9.9955E-05 9.9955E-05 0.00696304 9.9955E-05
9.9955E-05 0.800224 9.9955E-05 0.0265821 0.0869637 9.9955E-05 9.9955E-05 9.9955E-05 0.0857304
0.0274454 0.832686 0.0421206 0.0546807 9.9982E-05 0.0121023 0.0100026 0.0207619 9.9982E-05
9.9955E-05 0.845505 9.9955E-05 0.0185318 9.9955E-05 0.0787017 0.0567621 9.9955E-05 9.9955E-05
0.0742764 9.9955E-05 9.9955E-05 9.9955E-05 9.9955E-05 0.0853111 9.9955E-05 0.0621491 0.777764
9.9964E-05 0.0502276 0.0456092 9.9964E-05 9.9964E-05 0.173484 9.9964E-05 0.00955209 0.720727
0.0701232 9.9973E-05 0.017574 9.9973E-05 9.9973E-05 0.171969 0.0399007 0.0529355 0.647198
0.0444784 0.0114533 0.033093 9.9982E-05 9.9982E-05 0.11653 0.0591812 0.035508 0.699556
0.105664 9.9964E-05 9.9964E-05 9.9964E-05 9.9964E-05 0.011119 0.0856811 0.0220247 0.775112
9.9964E-05 0.530044 9.9964E-05 0.0646917 0.00719995 9.9964E-05 9.9964E-05 0.0437795 0.353885
9.9964E-05 0.387693 9.9964E-05 0.131851 0.0519494 9.9964E-05 9.9964E-05 0.0291544 0.398952
9.9955E-05 0.447313 9.9955E-05 9.9955E-05 0.126607 9.9955E-05 9.9955E-05 0.0660079 0.359572
9.993E-05 9.993E-05 9.993E-05 9.993E-05 9.993E-05 9.993E-05 9.993E-05 0.999201 9.993E-05
9.9964E-05 0.490454 9.9964E-05 0.0799818 0.0459296 9.9964E-05 9.9964E-05 0.0294807 0.353754
0.143873 0.00719394 9.9973E-05 0.119634 9.9973E-05 0.413273 0.190646 9.9973E-05 0.12508
0.365277 0.0639624 0.0190244 9.9982E-05 0.0161896 0.395757 0.0721017 9.9982E-05 0.0674877
0.435537 9.9964E-05 9.9964E-05 9.9964E-05 9.9964E-05 0.242481 0.11059 0.0576082 0.153383
0.231747 0.0843636 9.9991E-05 0.141018 0.0134345 0.140574 0.192681 0.0182868 0.177796
0.476959 9.9982E-05 0.0740335 0.0312164 9.9982E-05 0.0572216 0.161114 0.0291323 0.170123
9.9955E-05 9.9955E-05 9.9955E-05 0.198515 9.9955E-05 0.242567 0.164665 9.9955E-05 0.393753
0.399169 0.138325 0.281252 0.0493186 0.0906283 9.9973E-05 9.9973E-05 9.9973E-05 0.0410071
0.346738 0.167204 0.0985192 0.228344 0.0855262 0.0733687 9.9973E-05 9.9973E-05 9.9973E-05
0.133014 0.158693 0.533133 9.9964E-05 9.9964E-05 0.109024 9.9964E-05 0.0657359 9.9964E-05
0.470235 0.0363093 0.185438 0.138526 0.0936918 0.0755004 9.9973E-05 9.9973E-05 9.9973E-05
9.9955E-05 0.00675354 0.285614 0.476315 0.230818 9.9955E-05 9.9955E-05 9.9955E-05 9.9955E-05
0.441513 0.0225159 0.217574 0.147972 9.9991E-05 0.00040521 0.106591 0.00938708 0.0539424
0.436764 0.0568818 0.21403 0.0570319 0.158988 0.0259132 0.00155501 0.0487368 9.9991E-05
0.243001 0.0502042 0.575105 0.0169789 9.9973E-05 9.9973E-05 9.9973E-05 0.0426667 0.071744
0.486329 0.09074 0.192591 9.9973E-05 0.0225134 0.119277 9.9973E-05 9.9973E-05 0.0882498
0.12624 0.0280928 0.44699 0.276626 0.121651 9.9964E-05 9.9964E-05 9.9964E-05 9.9964E-05
0.55215 0.0592559 0.0795033 0.206157 0.0632826 0.0190362 9.9982E-05 0.0204158 9.9982E-05
0.416814 0.148946 0.286202 9.9982E-05 0.0567953 0.0401091 0.0160338 0.0348995 9.9982E-05
0.217639 0.0232711 0.112756 0.0374401 0.138404 0.30499 0.0990556 0.0124277 0.0540165
0.366138 0.0448666 0.325383 0.157233 0.10598 9.9964E-05 9.9964E-05 9.9964E-05 9.9964E-05
0.302656 0.110206 0.268205 0.0540479 0.0754424 0.156239 0.00524778 9.9991E-05 0.0278565
0.389995 0.0519391 0.162776 0.147532 0.155092 0.0231127 0.0693532 9.9982E-05 9.9982E-05
0.439075 0.0993322 0.1621 0.00357382 0.179982 0.115638 9.9973E-05 9.9973E-05 9.9973E-05
0.572351 0.0982224 0.0780784 0.0388443 0.0430619 0.136199 9.9982E-05 0.033043 9.9982E-05
0.544237 0.0724 0.160508 9.9973E-05 0.0530459 0.0265111 9.9973E-05 9.9973E-05 0.142998
0.471628 0.0697082 0.193087 0.00756642 9.9973E-05 0.181892 9.9973E-05 9.9973E-05 0.0758177
0.14132 9.9946E-05 9.9946E-05 9.9946E-05 9.9946E-05 9.9946E-05 0.0699661 9.9946E-05 0.788114
0.115061 9.9955E-05 9.9955E-05 9.9955E-05 0.0122835 9.9955E-05 0.0329397 9.9955E-05 0.839216
0.0779292 0.0629726 9.9955E-05 0.0522281 9.9955E-05 9.9955E-05 9.9955E-05 9.9955E-05 0.80637
9.9964E-05 0.0614337 9.9964E-05 9.9964E-05 0.0628654 0.129741 9.9964E-05 0.0034985 0.742061
0.139709 9.9964E-05 9.9964E-05 9.9964E-05 9.9964E-05 0.0233742 0.0199692 0.0412333 0.775315
0.0727048 0.195861 0.655904 9.9964E-05 9.9964E-05 0.0474108 0.0277192 9.9964E-05 9.9964E-05
0.514918 9.9982E-05 0.312706 0.0723313 0.0113211 9.9982E-05 0.0287479 0.0319481 0.0278283
0.34726 0.0848203 9.9982E-05 0.10721 9.9982E-05 0.124128 0.117322 0.0209885 0.198071
0.654119 0.0172917 0.230129 0.000866896 9.9973E-05 9.9973E-05 0.0457255 0.0515678 9.9973E-05
0.516828 0.0849581 0.244839 0.00251479 0.0823186 0.0118694 0.0099107 9.9991E-05 0.0466618
0.16952 0.161073 0.40046 0.158948 9.9973E-05 0.103559 9.9973E-05 0.00613935 9.9973E-05
9.9964E-05 0.184931 0.615671 0.0481362 9.9964E-05 9.9964E-05 9.9964E-05 0.0537444 0.0971184
0.380748 0.168191 0.219375 9.9982E-05 0.0597241 0.0915672 0.0797284 0.000466016 9.9982E-05
0.07599 0.254894 0.417404 0.0770198 0.0257097 9.9991E-05 0.08541 0.027727 0.0357453
0.284186 0.146985 0.0541193 0.058046 0.280782 0.162773 9.9982E-05 9.9982E-05 0.0129092
0.0202935 0.19008 0.553613 0.027374 0.0157995 0.0539401 9.9982E-05 9.9982E-05 0.1387
0.560035 0.104397 0.126085 9.9982E-05 9.9982E-05 0.0227268 0.119879 0.0335191 0.0331576
0.149144 0.108651 0.57691 0.0614784 9.9982E-05 9.9982E-05 0.0375806 0.00817762 0.0578594
0.176576 0.138039 0.298087 0.0994927 0.107626 0.179881 9.9973E-05 9.9973E-05 9.9973E-05
0.452879 0.00083349 0.176126 0.24124 9.9982E-05 9.9982E-05 0.079959 0.0310665 0.0176963
0.382935 0.124595 9.9946E-05 0.49187 9.9946E-05 9.9946E-05 9.9946E-05 9.9946E-05 9.9946E-05
0.526263 0.0379708 0.090019 0.215926 9.9973E-05 9.9973E-05 0.0706331 9.9973E-05 0.0588884
0.514715 9.9973E-05 0.0859521 0.203988 0.0720284 0.0996432 9.9973E-05 0.0233735 9.9973E-05
0.423871 0.0461902 0.0401099 0.460834 0.0285948 9.9964E-05 9.9964E-05 9.9964E-05 9.9964E-05
0.536399 9.9982E-05 0.0755424 0.180479 0.03205 9.9982E-05 0.0521459 0.0240512 0.0991333
0.64928 9.9964E-05 9.9964E-05 0.304894 0.0215166 9.9964E-05 9.9964E-05 0.0191715 0.00473802
0.222122 0.0833579 0.0107259 0.652904 0.0304899 9.9964E-05 9.9964E-05 9.9964E-05 9.9964E-05
0.353102 9.9946E-05 9.9946E-05 0.595547 0.0507515 9.9946E-05 9.9946E-05 9.9946E-05 9.9946E-05
0.604252 0.0560559 9.9955E-05 0.338015 0.00117674 9.9955E-05 9.9955E-05 9.9955E-05 9.9955E-05
0.1895 0.0718168 0.107325 0.485068 0.142221 9.9973E-05 9.9973E-05 9.9973E-05 0.00377028
0.474615 0.0487936 0.140857 0.292865 0.0214683 0.0211011 9.9973E-05 9.9973E-05 9.9973E-05
9.9973E-05 0.272472 0.466042 9.9973E-05 0.157241 0.0594034 9.9973E-05 0.0233314 0.0212103
0.225738 0.108182 0.298895 0.18589 0.162475 9.9973E-05 0.0185184 9.9973E-05 9.9973E-05
0.176398 0.18022 0.324491 9.9973E-05 0.17381 0.101954 0.0428264 9.9973E-05 9.9973E-05
0.416376 0.148654 0.13428 9.9973E-05 9.9973E-05 0.21611 0.0432786 0.0410012 9.9973E-05
0.102976 0.204024 0.482959 9.9964E-05 0.142596 0.0670456 9.9964E-05 9.9964E-05 9.9964E-05
0.473864 0.103539 0.011628 0.0616131 0.138961 0.149725 9.9991E-05 0.00846496 0.0521055
0.518547 0.124079 0.0855007 0.0517023 9.9973E-05 9.9973E-05 0.159255 0.0606154 9.9973E-05
0.4084 0.119655 0.251225 0.0101914 0.0824392 0.0492411 0.0786475 9.9982E-05 9.9982E-05
0.415642 0.134109 0.179665 9.9991E-05 0.0805729 0.15679 0.0108257 0.0199678 0.00232782
0.418283 0.298915 0.0839748 9.9973E-05 0.124929 0.00750986 0.0660877 9.9973E-05 9.9973E-05
0.0261488 0.197864 0.468063 9.9964E-05 0.12756 9.9964E-05 0.179965 9.9964E-05 9.9964E-05
0.232968 0.324563 0.141584 0.042339 0.0484591 0.108298 0.101588 9.9982E-05 9.9982E-05
0.624994 0.0637514 0.195222 0.0110776 9.9964E-05 0.104556 9.9964E-05 9.9964E-05 9.9964E-05
0.534091 0.0182843 0.297737 0.00797421 0.0492339 9.9991E-05 0.0760822 0.00199083 0.0145063
0.320552 0.124897 0.213842 0.0789227 0.116481 0.110413 9.9982E-05 0.0346917 9.9982E-05
0.402011 0.215007 0.138473 9.9973E-05 0.0764422 0.0719835 0.095783 9.9973E-05 9.9973E-05
0.359631 0.24916 0.254408 9.9982E-05 0.0403042 9.9982E-05 0.0138506 0.0297584 0.052688
0.598921 0.124089 0.212566 9.9973E-05 9.9973E-05 0.00744722 0.0148772 0.0417996 9.9973E-05
0.410541 0.10273 0.17987 0.0366076 0.0984769 9.9982E-05 0.0977512 0.0738236 9.9982E-05
0.571835 0.0476161 0.0778494 0.0565064 0.0766063 9.9982E-05 0.00724095 9.9982E-05 0.162146
0.302919 9.9991E-05 0.0709884 0.0426801 0.0702751 0.140506 0.106219 0.0579202 0.208392
0.357707 9.9982E-05 0.0700571 0.0516186 9.9982E-05 0.325702 0.14308 0.0333202 0.0183154
0.531139 9.9982E-05 0.0832398 0.0882621 0.0409528 0.110453 9.9982E-05 0.0383282 0.107425
0.5792 9.9982E-05 0.0305793 0.0913218 0.0567061 0.0681668 0.037209 0.136617 9.9982E-05
0.254791 9.9982E-05 0.0756075 9.9982E-05 0.0975152 0.341917 0.0263618 0.0305559 0.173052
0.481173 9.9955E-05 0.309136 0.17829 9.9955E-05 9.9955E-05 0.0309022 9.9955E-05 9.9955E-05
0.342997 9.9973E-05 0.169769 9.9973E-05 0.0169616 0.368544 0.0205051 0.0809237 9.9973E-05
9.9964E-05 9.9964E-05 0.0753406 0.378087 0.0826113 0.303763 9.9964E-05 9.9964E-05 0.159798
0.454304 0.0378784 0.115421 9.9973E-05 9.9973E-05 0.298156 9.9973E-05 0.0208055 0.0731347
0.51223 0.026137 0.0416148 0.0211543 0.0510046 0.0774662 0.195625 0.0221964 0.0525717
0.419827 0.0433159 0.0757451 0.0243701 0.0679839 0.138664 0.160089 0.0223784 0.047627
0.159192 0.00351198 0.205211 0.205194 0.0435383 0.186356 0.0751397 0.0262051 0.0956523
0.518285 9.9973E-05 0.0205403 0.0352162 9.9973E-05 0.132916 0.0980699 9.9973E-05 0.194672
0.448123 0.0272363 0.0330372 0.0461517 9.9991E-05 0.322006 0.00131952 0.0453548 0.0766717
9.9964E-05 9.9964E-05 9.9964E-05 0.372258 9.9964E-05 0.137133 0.0624613 0.0384184 0.389329
0.409005 0.0340576 9.9991E-05 0.01477 0.0488141 0.279115 0.0387419 0.0612897 0.114107
0.451668 9.9964E-05 9.9964E-05 0.0691421 9.9964E-05 0.365762 9.9964E-05 0.0444815 0.0685456
0.476019 9.9973E-05 9.9973E-05 0.0564411 0.141491 0.158786 0.061516 9.9973E-05 0.105447
0.425433 9.9973E-05 0.0190813 0.0218478 9.9973E-05 0.316244 0.108636 9.9973E-05 0.108457
0.485859 0.0658418 0.0794368 9.9982E-05 0.0110241 9.9982E-05 0.16459 0.0177763 0.175272
0.369448 0.0960442 9.9982E-05 0.184681 0.18511 0.0611687 0.0825963 0.0207518 9.9982E-05
0.502481 0.101663 9.9973E-05 0.160946 0.0995508 0.104537 9.9973E-05 9.9973E-05 0.0305219
0.0574112 0.00972549 0.141889 0.402009 0.388566 9.9964E-05 9.9964E-05 9.9964E-05 9.9964E-05
0.043279 0.0548814 0.0474797 0.513488 0.340472 9.9964E-05 9.9964E-05 9.9964E-05 9.9964E-05
0.459996 9.9982E-05 0.0829444 0.211836 0.0805723 0.0328059 0.0719694 0.0596761 9.9982E-05
0.321723 9.9964E-05 0.0981374 0.143307 9.9964E-05 0.357836 0.0785961 9.9964E-05 9.9964E-05
0.1357 9.9982E-05 9.9982E-05 0.121229 0.0881921 0.436471 0.131577 0.021381 0.0652502
0.0841338 9.9982E-05 0.154931 0.224698 0.0126521 0.200604 0.167078 9.9982E-05 0.155703
0.187784 9.9982E-05 0.135773 0.0695466 0.0127905 0.496953 9.9982E-05 0.0358014 0.0611508
0.0624588 9.9973E-05 0.0986083 0.550629 0.0980595 0.182859 9.9973E-05 0.00708528 9.9973E-05
0.0721589 9.9973E-05 0.00628447 0.455533 0.0974863 0.350701 9.9973E-05 0.0175369 9.9973E-05
0.419929 9.9973E-05 0.062496 0.108387 0.123021 0.203988 0.0818803 9.9973E-05 9.9973E-05
0.383082 9.9973E-05 0.0931337 0.036128 0.206765 0.2418 9.9973E-05 9.9973E-05 0.0387905
0.100687 9.9973E-05 0.0130605 0.293592 0.27146 0.299344 9.9973E-05 0.0215574 9.9973E-05
0.436988 9.9973E-05 0.197131 0.0615061 9.9973E-05 0.290449 0.00527675 0.00834837 9.9973E-05
0.4353 0.0705549 9.9964E-05 0.180862 0.0749114 0.237972 9.9964E-05 9.9964E-05 9.9964E-05
0.281479 0.0521766 0.144309 0.125916 0.103201 0.169832 0.117426 0.00556004 9.9991E-05
0.301129 0.0157529 0.110783 0.274176 0.264073 9.9982E-05 9.9982E-05 0.00987855 0.0240071
0.391313 0.0271607 0.126067 0.220336 0.203224 9.9973E-05 9.9973E-05 0.0315999 9.9973E-05
0.488991 0.0148726 0.105886 0.164797 0.0743102 9.9991E-05 0.09972 0.0248535 0.0264699
0.274104 0.111014 9.9982E-05 0.18481 0.224817 0.140291 9.9982E-05 0.0330598 0.0317037
0.31108 0.155165 0.0619351 0.197265 0.0525456 0.197843 0.0239658 9.9982E-05 9.9982E-05
0.532809 9.9973E-05 0.117798 0.319516 0.00876823 0.0111681 9.9973E-05 0.00964035 9.9973E-05
0.299168 0.113051 9.9955E-05 0.395588 0.191693 9.9955E-05 9.9955E-05 9.9955E-05 9.9955E-05
0.523245 9.9973E-05 0.010072 0.147416 0.224423 0.0497645 0.0447793 9.9973E-05 9.9973E-05
0.17151 0.0300005 0.0269487 0.34418 0.395113 9.9973E-05 0.0319467 9.9973E-05 9.9973E-05
0.481498 0.0629446 9.9973E-05 0.298804 0.111489 0.0355647 9.9973E-05 0.0094004 9.9973E-05
0.51848 0.0664342 0.056507 9.9973E-05 0.152057 0.118571 9.9973E-05 0.0876514 9.9973E-05
0.525959 0.063343 0.00609112 0.217554 0.103463 0.0476483 0.0326182 0.00322333 9.9991E-05
0.541149 9.9964E-05 9.9964E-05 0.11721 9.9964E-05 0.0355297 0.0717005 9.9964E-05 0.234011
0.477142 0.0639694 0.0577828 0.177935 9.9982E-05 9.9982E-05 0.0918048 0.0173091 0.113856
0.215986 0.0858968 0.0181357 0.0637264 0.0888692 0.193724 0.188866 9.9991E-05 0.144695
0.291247 0.0148187 0.139561 0.104977 9.9991E-05 0.0930419 0.175443 0.0824082 0.098403
0.371069 0.0670505 0.0204248 0.000669858 0.130766 0.144544 0.0895525 0.0459817 0.129942
0.206512 0.0680683 9.9982E-05 0.119863 0.135613 0.331859 0.0745435 0.0633408 9.9982E-05
9.9982E-05 0.0606127 9.9982E-05 0.517944 0.101694 0.115729 0.11536 0.0117129 0.0767463
0.483732 0.0079602 9.9982E-05 0.109265 9.9982E-05 0.199884 0.134332 0.018056 0.0465712
9.9973E-05 9.9973E-05 0.0119059 0.488149 9.9973E-05 0.0495811 0.109002 0.00969287 0.331369
0.495662 9.9964E-05 9.9964E-05 0.116426 0.0545901 0.29369 9.9964E-05 9.9964E-05 0.0392311
0.139826 9.9946E-05 9.9946E-05 0.402738 0.456836 9.9946E-05 9.9946E-05 9.9946E-05 9.9946E-05
9.9946E-05 9.9946E-05 0.151543 0.421188 0.42667 9.9946E-05 9.9946E-05 9.9946E-05 9.9946E-05
0.450779 9.9973E-05 0.0827598 0.174592 0.245332 9.9973E-05 0.0308198 0.0154172 9.9973E-05
0.540588 9.9982E-05 0.110287 0.0345548 0.200957 0.0895724 9.9982E-05 0.00827485 0.015566
0.387871 9.9955E-05 0.112207 0.264343 0.235079 9.9955E-05 9.9955E-05 9.9955E-05 9.9955E-05
0.489924 0.0462488 9.9982E-05 0.145334 0.25669 9.9982E-05 0.0414434 0.0140051 0.00615443
0.539386 9.9964E-05 0.0579329 0.264761 0.135692 0.00182817 9.9964E-05 9.9964E-05 9.9964E-05
0.0516386 9.9991E-05 0.0485049 0.0130693 0.0272811 0.00131847 0.0584017 0.0807563 0.71893
9.9973E-05 0.139693 0.0249756 9.9973E-05 9.9973E-05 0.0650825 0.0866929 0.0593573 0.623899
0.00689945 0.0315813 0.020332 9.9973E-05 9.9973E-05 9.9973E-05 0.0934827 0.0250639 0.822341
0.0534265 9.9955E-05 9.9955E-05 9.9955E-05 9.9955E-05 0.00187104 9.9955E-05 0.167484 0.776719
0.433356 0.0176999 0.0314278 9.9982E-05 0.390736 0.0834815 9.9982E-05 0.0309628 0.0121352
0.422377 9.9973E-05 0.110674 9.9973E-05 0.319141 9.9973E-05 0.0797892 0.012045 0.0556735
0.332917 9.9964E-05 0.0163723 9.9964E-05 0.499246 0.138949 9.9964E-05 0.0121156 9.9964E-05
0.56644 9.9964E-05 9.9964E-05 9.9964E-05 0.272967 9.9964E-05 0.061708 0.0353923 0.063093
0.467499 0.113462 0.00125931 0.0740598 0.189367 0.12826 0.0258939 9.9982E-05 9.9982E-05
0.176348 0.0816952 0.0549344 0.0512256 0.571501 9.9982E-05 0.0182184 9.9982E-05 0.0458775
0.581692 9.9955E-05 0.0996811 9.9955E-05 0.257095 0.0610319 9.9955E-05 9.9955E-05 9.9955E-05
0.327951 9.9955E-05 9.9955E-05 0.168475 0.491829 9.9955E-05 9.9955E-05 0.0112451 9.9955E-05
0.399154 0.0221668 0.0857264 0.0772616 9.9991E-05 0.218905 0.015289 0.0166882 0.164708
0.367472 9.9973E-05 0.0894587 0.0637948 0.37567 0.0637614 0.0395431 9.9973E-05 9.9973E-05
0.225846 0.0452968 0.0974788 9.9973E-05 0.551144 0.0611827 9.9973E-05 0.018752 9.9973E-05
0.435307 0.0433489 0.0706976 9.9964E-05 0.365348 0.0848981 9.9964E-05 9.9964E-05 9.9964E-05
0.368609 0.0308004 0.09455 9.9973E-05 0.46809 9.9973E-05 0.0286161 9.9973E-05 0.00903504
0.48372 0.00735973 9.9964E-05 9.9964E-05 0.407969 0.0648136 0.0357376 9.9964E-05 9.9964E-05
0.504552 0.0302901 9.9973E-05 9.9973E-05 0.323199 9.9973E-05 0.0794546 0.0242198 0.0379843
0.0682114 9.9946E-05 9.9946E-05 0.0665174 0.864672 9.9946E-05 9.9946E-05 9.9946E-05 9.9946E-05
0.187594 9.9973E-05 0.0369911 0.140897 0.556585 9.9973E-05 0.0638086 0.0138235 9.9973E-05
0.166042 0.0654221 9.9991E-05 0.0443452 0.591716 0.0744498 0.0360836 0.0102163 0.0116253
9.9937E-05 9.9937E-05 9.9937E-05 0.186335 0.812966 9.9937E-05 9.9937E-05 9.9937E-05 9.9937E-05
0.39753 0.188946 9.9973E-05 9.9973E-05 0.394301 0.00146034 0.00592309 9.9973E-05 0.0115402
0.0934516 0.0380445 9.9964E-05 0.2791 0.575095 9.9964E-05 9.9964E-05 0.0139086 9.9964E-05
9.9946E-05 0.0118465 9.9946E-05 0.298005 0.689548 9.9946E-05 9.9946E-05 9.9946E-05 9.9946E-05
0.546517 0.0222603 0.00635037 9.9982E-05 0.312575 9.9982E-05 0.099041 0.00536397 0.00769249
0.146665 0.0187212 0.170985 9.9964E-05 0.614457 9.9964E-05 9.9964E-05 9.9964E-05 0.0487716
0.301073 0.0903577 0.111435 9.9991E-05 0.349956 0.0451102 0.0904679 0.00809424 0.00340531
0.524241 0.0144461 9.9991E-05 0.0530714 0.182221 0.038677 0.0302358 0.0544931 0.102515
0.38466 0.0587967 0.0716514 9.9964E-05 0.359324 0.125167 9.9964E-05 9.9964E-05 9.9964E-05
0.371113 0.101746 0.223798 0.265072 0.00582591 9.9973E-05 0.0321459 9.9973E-05 9.9973E-05
0.553249 0.0404849 9.9982E-05 9.9982E-05 0.326413 0.0253352 0.0391946 0.00492299 0.0102006
0.410682 0.0745538 0.131098 9.9991E-05 0.309566 0.0092451 0.0300324 0.00178954 0.0329334
0.255705 9.9973E-05 0.00254716 0.0441452 0.677204 9.9973E-05 0.00921335 0.0108859 9.9973E-05
0.374176 0.0913376 0.00693526 0.0413575 0.291453 0.120602 0.0228118 0.00552506 0.0458024
9.9973E-05 0.203672 0.0631579 0.0714852 9.9973E-05 9.9973E-05 0.0375622 0.0684447 0.555378
0.0556562 0.0385807 0.0910777 0.00235409 0.0289096 0.00565565 0.0237611 0.0827496 0.671255
9.9955E-05 0.134912 9.9955E-05 0.0708194 9.9955E-05 9.9955E-05 9.9955E-05 0.13301 0.66076
9.9964E-05 0.126002 0.0518474 9.9964E-05 0.00952737 9.9964E-05 9.9964E-05 0.111596 0.700627
0.0843112 0.151325 0.0230699 0.0463208 9.9973E-05 9.9973E-05 9.9973E-05 0.0191761 0.675497
0.0273568 0.0981867 0.0890189 9.9973E-05 0.684863 0.0617879 9.9973E-05 9.9973E-05 0.0384866
0.083662 0.0451528 0.0880379 9.9973E-05 0.713226 9.9973E-05 9.9973E-05 0.0236516 0.0459693
0.0695295 9.9955E-05 9.9955E-05 0.0858917 0.822718 9.9955E-05 0.0213609 9.9955E-05 9.9955E-05
