0.793218 9.9964E-05 0.092778 0.0576023 9.9964E-05 0.0170616 0.0389401 9.9964E-05 9.9964E-05
0.879672 0.0385597 0.0287117 9.9955E-05 9.9955E-05 9.9955E-05 9.9955E-05 9.9955E-05 0.0525573
0.724034 9.9991E-05 0.0758346 0.0240649 0.00782856 0.0572324 0.00436161 0.0537985 0.0527451
0.728774 9.9973E-05 0.052489 0.0121163 9.9973E-05 0.0780762 9.9973E-05 0.038017 0.0902277
0.850768 0.0384592 9.9964E-05 0.0225193 9.9964E-05 0.0144666 9.9964E-05 0.0733873 9.9964E-05
0.559122 9.9973E-05 0.0392636 0.0961786 9.9973E-05 0.0480023 0.179234 0.0778995 9.9973E-05
0.739963 9.9955E-05 0.0565804 9.9955E-05 9.9955E-05 9.9955E-05 0.11501 9.9955E-05 0.0879471
0.650602 0.00585371 0.0702151 0.112728 9.9973E-05 0.0355002 0.124801 9.9973E-05 9.9973E-05
0.813684 9.99639E-05 0.0062973 0.0822896 0.0670728 9.99639E-05 0.030256 9.99639E-05 9.99639E-05
0.599209 0.0283719 0.0783519 0.0349903 9.9982E-05 0.0780623 0.108433 0.0723817 9.9982E-05
0.705166 9.9964E-05 0.0126605 0.0746595 9.9964E-05 9.9964E-05 0.168366 0.0387479 9.9964E-05
0.0639674 9.9946E-05 9.9946E-05 9.9946E-05 9.9946E-05 9.9946E-05 9.9946E-05 0.214441 0.720992
9.9964E-05 9.9964E-05 0.0482584 0.00923537 9.9964E-05 0.0306571 9.9964E-05 0.432248 0.479201
9.9973E-05 0.0287424 0.0233441 0.0544502 9.9973E-05 0.149083 9.9973E-05 0.0773926 0.666687
0.0220338 9.9964E-05 0.00874223 9.9964E-05 9.9964E-05 0.160425 9.9964E-05 0.137873 0.670526
0.0930323 9.9973E-05 0.00509387 9.9973E-05 9.9973E-05 0.102004 0.0701545 0.303521 0.425894
0.071773 9.9964E-05 0.0365927 9.9964E-05 9.9964E-05 0.114812 9.9964E-05 0.444779 0.331643
9.9982E-05 9.9982E-05 0.0124925 0.0376029 0.0726726 0.11061 0.0923291 0.399168 0.274925
0.0914683 9.9973E-05 0.0143035 9.9973E-05 0.00781809 0.0734675 9.9973E-05 0.225139 0.587504
0.0125477 9.9964E-05 0.0299556 0.0765965 9.9964E-05 9.9964E-05 0.0615232 9.9964E-05 0.818977
9.9973E-05 0.00924643 0.0265988 9.9973E-05 0.208597 0.0655593 9.9973E-05 0.358565 0.331133
9.999E-05 0.00974648 0.019627 0.0246868 0.104236 0.047691 0.156912 0.404303 0.232697
0.026718 0.0847894 9.9982E-05 0.0477345 0.0513527 0.0473378 9.9982E-05 0.498317 0.243551
9.9973E-05 9.9973E-05 0.0153258 9.9973E-05 0.0691222 0.0944011 0.023659 0.148612 0.64858
0.0465301 9.9982E-05 0.0184 0.0372793 9.9982E-05 0.120264 0.010998 0.59561 0.170719
9.9964E-05 9.9964E-05 0.0359964 9.9964E-05 0.0027558 0.102246 9.9964E-05 0.417635 0.440967
9.9955E-05 9.9955E-05 0.034353 9.9955E-05 9.9955E-05 0.066178 9.9955E-05 0.0210892 0.87788
0.0226908 9.9946E-05 9.9946E-05 9.9946E-05 9.9946E-05 0.216893 9.9946E-05 9.9946E-05 0.759816
0.0274415 0.101708 9.9964E-05 9.9964E-05 9.9964E-05 0.0266806 9.9964E-05 0.134487 0.709283
9.993E-05 9.993E-05 0.999201 9.993E-05 9.993E-05 9.993E-05 9.993E-05 9.993E-05 9.993E-05
9.993E-05 9.993E-05 0.999201 9.993E-05 9.993E-05 9.993E-05 9.993E-05 9.993E-05 9.993E-05
0.475661 9.9973E-05 0.352224 0.0236911 0.0540206 0.0593677 9.9973E-05 0.0347354 9.9973E-05
0.478161 9.9964E-05 0.309012 9.9964E-05 0.0972428 0.108172 0.00701242 9.9964E-05 9.9964E-05
0.0670845 0.0206968 0.00826652 0.070163 0.194774 9.9982E-05 9.9982E-05 0.558025 0.0807893
0.0884233 0.0387412 0.0499468 0.028341 0.305373 9.9991E-05 0.015897 0.450563 0.0226144
0.037051 0.0158586 9.9964E-05 9.9964E-05 0.422363 9.9964E-05 0.00977807 0.514549 9.9964E-05
0.0997041 9.9973E-05 0.00345445 0.192361 0.0295306 9.9973E-05 9.9973E-05 0.0515945 0.623055
9.9973E-05 0.0385548 0.0070129 9.9973E-05 0.581706 0.0413884 0.0432568 0.287781 9.9973E-05
0.0997498 0.0608766 9.9982E-05 0.0118803 0.202319 0.0181059 9.9982E-05 0.443529 0.163339
0.0287719 0.0646571 0.00894187 9.9973E-05 0.243965 0.0281427 9.9973E-05 0.625222 9.9973E-05
0.0634823 0.0374391 0.0487942 0.0146858 0.0517832 9.9982E-05 0.150664 0.632951 9.9982E-05
0.061578 0.00193875 0.0559713 0.0735502 0.100982 9.9991E-05 0.0270776 0.625988 0.0528137
0.0172927 9.9973E-05 0.0172058 9.9973E-05 0.686125 0.0251346 9.9973E-05 0.0948328 0.159109
0.0464443 0.0065117 0.0265673 0.0618622 0.10224 9.9991E-05 0.13961 0.616448 0.000217019
9.9973E-05 9.9973E-05 0.050617 0.0922734 0.194103 0.0337322 0.0483335 0.580641 9.9973E-05
0.117989 9.9982E-05 0.0421518 0.0181954 0.21181 0.0257045 9.9982E-05 0.565472 0.018476
9.9964E-05 0.0402022 9.9964E-05 0.0221574 0.589301 9.9964E-05 0.0135491 0.334391 9.9964E-05
0.0470053 9.9964E-05 0.0397451 9.9964E-05 0.379907 9.9964E-05 0.0132077 0.519735 9.9964E-05
0.0749603 0.0571362 0.0167251 9.9982E-05 0.213304 0.105239 9.9982E-05 0.469384 0.0630519
0.0618469 0.00361624 9.9973E-05 0.00544706 0.68141 9.9973E-05 0.243493 9.9973E-05 0.0038861
9.9991E-05 0.0913194 0.00326369 0.167151 0.137463 0.000923245 0.119869 0.143743 0.336168
0.0534352 0.124645 9.9982E-05 0.0281461 0.149339 9.9982E-05 0.280263 0.0307125 0.333259
0.0289096 0.0691474 0.0159416 0.125803 0.0326859 0.116672 9.9991E-05 0.479843 0.130897
0.170041 0.0964196 0.0177142 9.9991E-05 0.0237861 0.0708209 0.0225855 0.508743 0.0897907
0.0492833 9.9991E-05 0.0217652 0.0437366 0.0548888 0.0701027 0.074633 0.648453 0.0370372
0.0636739 0.0171408 0.0345235 0.175529 0.260023 9.9991E-05 0.0694828 0.134712 0.244815
9.9973E-05 9.9973E-05 0.03399 0.202675 0.0611284 9.9973E-05 0.0229018 0.533299 0.145706
9.9982E-05 9.9982E-05 0.0642617 0.0374971 0.0519552 0.106712 0.0597496 0.499323 0.180301
0.0608262 0.0161799 0.0208303 0.0638471 0.154998 0.00673582 0.111339 0.305026 0.260218
0.155427 9.9982E-05 0.0457393 9.9982E-05 0.0861865 0.0409253 0.169544 0.00613908 0.49584
9.9991E-05 0.11766 0.0138676 0.0626085 0.104683 0.110353 0.0134668 0.423508 0.153753
0.0453877 0.133223 0.0233362 0.0981448 9.9991E-05 0.0765726 0.0169919 0.313428 0.292816
9.9973E-05 0.013274 0.0845758 0.137458 0.0814915 9.9973E-05 0.13834 9.9973E-05 0.54456
9.9973E-05 0.110674 0.0171656 9.9973E-05 0.00822789 9.9973E-05 0.0978473 0.45317 0.312615
0.0207499 0.147537 9.9982E-05 9.9982E-05 0.00492097 0.0525893 0.0425822 0.601965 0.129456
0.0772701 0.0252518 0.100055 0.0940322 0.0934162 0.00635139 0.0281836 0.465302 0.110138
0.0396242 0.0328398 0.0201977 0.0144956 0.231971 0.068225 9.9991E-05 0.204127 0.388419
9.999E-05 0.0484262 0.0384578 0.00679126 0.101498 0.0283099 0.0582482 0.412982 0.305187
0.0126726 0.0515306 0.122375 0.157876 0.100473 0.0393989 0.0205813 0.494992 9.9991E-05
9.9982E-05 0.134845 0.0742393 0.0812329 0.0685545 9.9982E-05 0.0619546 0.117367 0.461607
9.9973E-05 9.9973E-05 0.0168198 0.00469626 0.375415 9.9973E-05 0.00527138 0.505663 0.0918355
9.9955E-05 9.9955E-05 0.0414359 9.9955E-05 0.666886 9.9955E-05 9.9955E-05 0.194757 0.0964214
0.0978958 0.0284134 0.0146362 9.9982E-05 0.0761217 9.9982E-05 0.159508 0.458117 0.165108
9.9955E-05 0.0144931 0.0255131 9.9955E-05 0.838053 9.9955E-05 0.121441 9.9955E-05 9.9955E-05
9.9955E-05 0.042633 9.9955E-05 9.9955E-05 0.862914 9.9955E-05 0.0209057 9.9955E-05 0.0730479
9.9946E-05 9.9946E-05 9.9946E-05 9.9946E-05 0.707533 9.9946E-05 0.0179942 0.273873 9.9946E-05
0.00478224 9.9973E-05 0.0557536 0.0223907 0.433847 9.9973E-05 9.9973E-05 0.456617 0.02631
0.0688503 0.0354725 0.0229327 0.00491965 0.235186 0.0830317 9.9991E-05 0.535095 0.0144118
0.00856413 9.9982E-05 0.0241279 0.0439511 0.431142 0.0542106 0.00611438 0.43169 9.9982E-05
0.0312282 9.9982E-05 0.00639522 0.124416 0.602688 0.0854756 9.9982E-05 0.0984171 0.0511801
0.0343861 9.9973E-05 0.0184788 0.195458 0.442695 9.9973E-05 9.9973E-05 0.246888 0.0617954
0.0541802 0.0135257 0.0601884 0.0504138 0.276466 0.0871792 9.9982E-05 0.457846 9.9982E-05
9.9973E-05 0.0262809 0.044567 9.9973E-05 0.499671 0.0597917 9.9973E-05 0.270292 0.0990977
0.0100618 9.9973E-05 0.0194146 0.0182189 0.533853 0.0268597 9.9973E-05 0.391292 9.9973E-05
9.9955E-05 0.0318279 0.0237374 9.9955E-05 0.557677 9.9955E-05 9.9955E-05 0.386258 9.9955E-05
9.9964E-05 0.134667 9.9964E-05 9.9964E-05 0.667579 0.0160018 0.126176 9.9964E-05 0.0551764
9.9964E-05 9.9964E-05 9.9964E-05 9.9964E-05 0.188319 0.115444 0.0588935 0.591067 0.0458778
0.783978 9.9973E-05 0.0416728 9.9973E-05 0.0147896 0.0303776 9.9973E-05 0.0464208 0.0824613
0.826158 9.9946E-05 0.0938963 9.9946E-05 9.9946E-05 9.9946E-05 9.9946E-05 0.0793457 9.9946E-05
0.748873 9.9964E-05 0.118163 0.0122526 9.9964E-05 0.0645105 9.9964E-05 0.0558007 9.9964E-05
0.781876 9.9964E-05 0.132147 9.9964E-05 9.9964E-05 0.0126104 0.0283254 0.0446414 9.9964E-05
0.791658 0.00451974 0.117263 9.9964E-05 9.9964E-05 9.9964E-05 9.9964E-05 0.0826341 0.00352495
0.809743 0.0142943 0.059786 9.9973E-05 0.054508 9.9973E-05 0.0146493 0.0467196 9.9973E-05
0.865639 9.9955E-05 0.0610175 0.00676322 9.9955E-05 9.9955E-05 9.9955E-05 0.0660803 9.9955E-05
0.0767201 9.9991E-05 0.0300715 0.0636257 0.187299 0.0378222 0.0106579 0.492329 0.101374
0.0426216 9.9991E-05 0.00200512 0.0386013 0.147008 0.0595383 0.0225601 0.470945 0.21662
0.0789231 9.9955E-05 9.9955E-05 9.9955E-05 0.761578 9.9955E-05 9.9955E-05 0.0129875 0.146012
0.0940511 0.0411342 0.0752123 9.9973E-05 0.262812 0.0796787 9.9973E-05 0.446812 9.9973E-05
0.0413871 9.9964E-05 9.9964E-05 0.0328481 0.421584 9.9964E-05 9.9964E-05 0.428939 0.0748415
0.0441329 0.0681044 0.0462507 9.9982E-05 0.244539 0.0123402 0.0131215 0.571311 9.9982E-05
0.0537483 0.129073 0.0048401 0.0241407 0.158549 9.9991E-05 0.0540054 0.543988 0.0315553
9.9973E-05 0.00612654 0.0147483 9.9973E-05 0.403724 0.0842139 0.03515 0.455737 9.9973E-05
0.0364561 9.9955E-05 9.9955E-05 0.0766067 0.685942 9.9955E-05 9.9955E-05 9.9955E-05 0.200495
0.0640647 0.0436398 0.0162532 0.0814445 0.227611 0.081214 9.9982E-05 0.485573 9.9982E-05
0.0168476 0.0238196 9.9982E-05 0.0157802 0.14301 0.0725017 9.9982E-05 0.638632 0.0892088
0.0527475 0.0267609 0.078289 9.9973E-05 0.244128 0.0950964 9.9973E-05 0.502679 9.9973E-05
0.049246 0.0523246 0.0144441 9.9973E-05 0.515627 9.9973E-05 0.102426 0.265633 9.9973E-05
0.0320351 0.0586162 0.0220052 0.00399772 0.410925 9.9973E-05 9.9973E-05 0.472121 9.9973E-05
9.9973E-05 9.9973E-05 0.0429266 0.0168926 0.379349 0.00109611 9.9973E-05 0.42612 0.133316
9.9955E-05 9.9955E-05 0.0180617 9.9955E-05 0.605681 0.0603677 9.9955E-05 0.31539 9.9955E-05
0.113262 0.00117334 0.0103121 0.0672669 0.38575 9.9982E-05 9.9982E-05 0.39352 0.0285153
0.0837434 9.9982E-05 9.9982E-05 0.0475122 0.186802 0.0582117 0.0199493 0.48106 0.122521
0.0782236 0.195424 9.9982E-05 0.0636803 0.074295 9.9982E-05 0.00541227 0.148935 0.43383
0.0468701 9.9982E-05 0.0489438 0.109141 9.9982E-05 0.144854 0.0517601 0.342731 0.255499
0.0745354 0.138915 0.0242277 0.0710698 9.9991E-05 0.0172553 0.00243579 0.507509 0.163952
0.115094 9.9973E-05 0.0138206 9.9973E-05 0.172095 0.0388019 9.9973E-05 0.470549 0.18934
0.0304138 0.0247722 0.0690554 0.0188388 9.9982E-05 9.9982E-05 0.00368392 0.437847 0.415189
0.0704838 0.046072 9.9964E-05 0.0955999 9.9964E-05 9.9964E-05 9.9964E-05 0.564001 0.223444
0.0326015 0.0548297 9.9964E-05 0.128603 9.9964E-05 9.9964E-05 9.9964E-05 0.493661 0.289905
0.0540513 0.05937 0.0269454 0.215867 0.112377 0.00802505 0.00584622 0.482928 0.0345905
0.0828063 9.9982E-05 9.9982E-05 0.0958525 0.0838159 0.0255283 0.0838881 0.548283 0.0796257
0.0340276 0.0894976 0.031835 0.0511126 9.9982E-05 0.0180039 9.9982E-05 0.543549 0.231774
9.9964E-05 0.0448891 0.000244951 0.0912825 9.9964E-05 9.9964E-05 9.9964E-05 0.502933 0.360251
9.9973E-05 9.9973E-05 0.0269518 0.128739 0.126502 0.0312203 0.0858722 0.600415 9.9973E-05
0.0777612 0.0541098 0.00215665 0.076093 9.9991E-05 0.09291 0.075165 0.532661 0.0890429
0.0215281 0.0651753 9.9982E-05 0.101685 0.0411855 0.0428659 9.9982E-05 0.519074 0.208286
0.085038 0.13057 0.0310662 0.0384695 0.0402016 0.0237249 0.00518285 0.527037 0.11871
0.00229158 0.0145315 0.00375699 0.0498401 0.200436 0.1194 9.9991E-05 0.436861 0.172782
0.101636 0.101049 9.9964E-05 9.9964E-05 9.9964E-05 9.9964E-05 0.102259 0.326997 0.367659
0.00945339 0.0038482 0.00641141 0.00290913 9.9991E-05 0.0744046 0.100348 0.588999 0.213526
0.0428239 0.117461 9.99877E-05 0.12114 9.99877E-05 0.000949925 0.000654024 0.629182 0.0875897
9.9982E-05 0.0360238 0.0100885 0.220548 0.225752 0.117932 9.9982E-05 0.127277 0.262179
9.9982E-05 0.209292 0.0175814 0.0284758 9.9982E-05 0.0172418 0.184328 0.122831 0.42005
9.9973E-05 0.00790947 9.9973E-05 0.181705 9.9973E-05 0.0564655 0.0369719 0.446801 0.269846
9.9991E-05 0.263413 0.0016772 0.197101 0.166812 0.0468978 0.105531 0.0555715 0.162897
0.0253989 0.0924813 0.0302853 0.112403 9.9982E-05 9.9982E-05 0.00524392 0.177511 0.556476
9.9973E-05 0.0409002 9.9973E-05 0.108549 0.0847328 9.9973E-05 0.024165 0.394523 0.346831
0.0230503 9.9973E-05 0.00807297 0.112293 0.0363358 9.9973E-05 9.9973E-05 0.293487 0.526461
9.9973E-05 0.0179057 9.9973E-05 0.195266 0.0498211 0.0149298 9.9973E-05 0.272148 0.44963
0.0328205 9.9991E-05 0.0445605 0.0414345 0.0175802 0.0425819 0.0965074 0.56461 0.159805
0.0997486 0.020244 0.00136778 0.0880469 0.0558854 0.147782 0.0342543 0.492926 0.0597453
0.0335097 0.0795335 0.0196265 0.0315301 0.076011 0.00311043 9.9991E-05 0.526137 0.230442
9.9982E-05 0.0082296 9.9982E-05 0.0584741 0.0933155 0.0570396 0.286533 0.127622 0.368586
0.181521 0.012474 0.0153439 0.0558508 0.0595678 0.0449175 0.111379 0.431545 0.0874011
0.00321634 0.0552214 9.9982E-05 9.9982E-05 0.123278 0.0665665 0.210822 0.462521 0.0781747
0.116846 0.185425 0.0119305 0.0501732 0.0728502 9.9982E-05 0.380577 9.9982E-05 0.181999
0.0731346 0.120286 9.9982E-05 9.9982E-05 0.118924 0.108882 0.0600738 0.467587 0.050913
0.0598295 0.0375329 9.9982E-05 0.00455482 0.179515 0.0847063 0.252117 0.381545 9.9982E-05
0.0560622 0.149527 0.00324071 0.0651079 0.0410253 0.0762128 0.114213 0.494511 9.9991E-05
0.0538359 0.0376819 0.0327885 0.0995737 0.0951021 9.9982E-05 0.43148 0.249338 9.9982E-05
0.0647634 0.133378 0.0180091 0.0626617 0.0406565 9.9991E-05 0.35601 0.201673 0.122748
0.0189639 0.167221 0.0330657 0.101112 0.0522219 9.9991E-05 0.138551 0.459355 0.0294093
0.119987 0.0181691 9.9982E-05 0.00578845 9.9982E-05 0.0978243 0.119915 0.431658 0.206459
0.162042 0.0202601 0.0417107 0.0209461 0.127144 0.0527626 0.113279 0.369053 0.0928017
0.00251788 0.0619448 9.9982E-05 0.0916752 0.201904 0.187333 0.337862 9.9982E-05 0.116563
0.0241757 0.0926164 9.9991E-05 0.00307137 0.102755 0.0422483 0.134781 0.509512 0.0907405
9.9955E-05 9.9955E-05 9.9955E-05 9.9955E-05 0.0969846 9.9955E-05 0.361024 0.353638 0.187855
9.9973E-05 0.0505747 9.9973E-05 0.00274543 0.0868554 9.9973E-05 0.227962 0.472449 0.159113
0.125806 9.9982E-05 0.0171441 9.9982E-05 0.123078 0.0907618 0.0838688 0.486755 0.0723863
0.268122 0.0476021 0.0531317 9.9982E-05 9.9982E-05 0.26389 0.235899 0.130169 0.000986449
0.436386 9.9955E-05 0.0287043 9.9955E-05 9.9955E-05 0.137593 0.396817 9.9955E-05 9.9955E-05
0.360695 9.9955E-05 0.0108286 9.9955E-05 9.9955E-05 0.17476 0.453217 9.9955E-05 9.9955E-05
0.314416 9.9964E-05 9.9964E-05 9.9964E-05 9.9964E-05 0.360523 0.213202 0.0558693 0.0555901
9.9964E-05 0.0217954 0.00746816 9.9964E-05 0.0683638 9.9964E-05 0.188811 0.713162 9.9964E-05
0.0449858 0.114772 0.00771049 0.0870273 0.100042 0.0547651 0.0377314 0.523623 0.0293429
9.9964E-05 9.9964E-05 0.00140596 0.00254166 0.0230584 0.721853 9.9964E-05 0.250741 9.9964E-05
0.0736477 0.0426395 0.00298768 0.0543543 0.0198288 0.510926 9.9991E-05 0.262707 0.032809
0.0642929 9.9982E-05 9.9982E-05 0.148397 0.0493757 0.421291 0.0220761 0.265288 0.0290798
9.9973E-05 0.169523 0.0305385 9.9973E-05 0.0729234 9.9973E-05 0.396189 0.305276 0.0252506
0.0557426 0.0438987 0.0147697 0.0283848 0.17889 0.0309833 0.0561331 0.591098 9.9991E-05
9.9964E-05 0.186333 9.9964E-05 9.9964E-05 0.064739 9.9964E-05 0.465586 0.208656 0.0742857
9.9973E-05 0.061944 9.9973E-05 0.00520558 0.0489732 9.9973E-05 0.220405 0.63883 0.0243425
0.00879698 0.131703 9.9982E-05 0.0516815 9.9982E-05 0.0095563 0.218682 0.478277 0.101104
9.9982E-05 0.0269371 9.9982E-05 0.041528 0.0276642 0.0914055 0.219103 0.579059 0.0141025
9.9964E-05 0.0978516 9.9964E-05 9.9964E-05 0.11538 9.9964E-05 0.471928 0.180053 0.134388
9.9973E-05 9.9973E-05 0.0470482 0.0186872 0.064788 0.066688 0.125442 0.677047 9.9973E-05
0.0136679 0.0260172 0.0342047 0.0916434 0.0366255 0.00578596 0.176136 0.61582 9.9991E-05
9.9946E-05 9.9946E-05 9.9946E-05 9.9946E-05 0.0264025 0.963972 9.9946E-05 0.00902618 9.9946E-05
9.9946E-05 9.9946E-05 9.9946E-05 0.022497 9.9946E-05 0.889613 9.9946E-05 0.0872905 9.9946E-05
9.9964E-05 9.9964E-05 0.0625531 9.9964E-05 0.052387 0.556777 9.9964E-05 0.244141 0.0837419
0.0227618 9.9964E-05 0.0166695 0.0141171 9.9964E-05 0.587205 9.9964E-05 0.358847 9.9964E-05
0.0219727 9.9964E-05 9.9964E-05 0.0500418 0.0528123 0.774743 9.9964E-05 0.10003 9.9964E-05
9.9937E-05 9.9937E-05 0.0105378 9.9937E-05 9.9937E-05 0.988763 9.9937E-05 9.9937E-05 9.9937E-05
9.9946E-05 9.9946E-05 9.9946E-05 0.00875537 9.9946E-05 0.960199 9.9946E-05 9.9946E-05 0.0304462
9.9937E-05 9.9937E-05 9.9937E-05 9.9937E-05 9.9937E-05 0.886957 9.9937E-05 0.112344 9.9937E-05
9.9937E-05 9.9937E-05 9.9937E-05 9.9937E-05 9.9937E-05 0.951723 9.9937E-05 9.9937E-05 0.0475773
9.993E-05 9.993E-05 9.993E-05 9.993E-05 9.993E-05 0.999201 9.993E-05 9.993E-05 9.993E-05
9.9937E-05 9.9937E-05 0.0196347 9.9937E-05 9.9937E-05 0.979666 9.9937E-05 9.9937E-05 9.9937E-05
0.0366264 9.9973E-05 0.0530188 0.0251548 9.9973E-05 0.740384 9.9973E-05 0.12792 0.0165965
0.0452929 9.9964E-05 0.0159128 0.0495334 9.9964E-05 0.782679 9.9964E-05 0.106182 9.9964E-05
9.9937E-05 9.9937E-05 9.9937E-05 9.9937E-05 0.0505603 0.94874 9.9937E-05 9.9937E-05 9.9937E-05
0.0135654 9.9973E-05 0.0454904 0.0924618 9.9973E-05 0.423608 9.9973E-05 0.342796 0.0817791
0.0829944 9.9964E-05 0.00494352 9.9964E-05 0.0118521 0.68453 9.9964E-05 0.21528 9.9964E-05
9.9955E-05 9.9955E-05 0.0799384 0.0365695 9.9955E-05 0.749009 9.9955E-05 0.133984 9.9955E-05
0.00924543 0.0199781 0.024722 9.9973E-05 9.9973E-05 0.874993 9.9973E-05 0.0125453 0.0582165
9.99367E-05 9.99367E-05 9.99367E-05 9.99367E-05 9.99367E-05 0.999201 9.99367E-05 9.99367E-05 9.99367E-05
0.00511721 0.00594306 9.9973E-05 0.0647381 9.9973E-05 0.865163 0.0224949 0.0362442 9.9973E-05
9.9955E-05 9.9955E-05 0.0226736 9.9955E-05 9.9955E-05 0.964228 0.00949834 0.00310041 9.9955E-05
0.0316488 0.0106223 9.9973E-05 0.107558 0.0769789 0.615491 9.9973E-05 0.157402 9.9973E-05
9.9955E-05 9.9955E-05 9.9955E-05 9.9955E-05 0.0660079 0.896217 0.00135226 9.9955E-05 0.0359233
0.294788 0.0424878 9.9964E-05 9.9964E-05 0.00772405 0.014093 0.640507 9.9964E-05 9.9964E-05
0.149059 9.9991E-05 0.00664811 0.0988323 0.0303121 0.113762 0.185968 0.360851 0.054468
0.225767 9.9973E-05 9.9973E-05 9.9973E-05 0.101491 0.0296579 0.190538 0.436269 0.0159774
0.125991 9.9991E-05 0.0830593 0.00264343 0.049479 0.139968 0.454078 0.128628 0.0160531
0.15289 0.11628 9.9991E-05 0.0140371 0.114882 0.104292 0.0762949 0.322856 0.0983684
0.171142 0.0209427 0.0584664 9.9991E-05 0.102832 0.0869306 0.35441 0.164684 0.0404937
0.129347 0.091426 0.0454024 0.0566866 0.0118955 0.0583278 0.122822 0.357246 0.126847
0.0687483 0.0195492 9.9964E-05 9.9964E-05 9.9964E-05 0.16666 0.4566 0.288043 9.9964E-05
9.9964E-05 9.9964E-05 0.0853216 0.0185684 9.9964E-05 0.132026 0.391871 0.371813 9.9964E-05
0.0531421 9.9964E-05 0.0532556 9.9964E-05 9.9964E-05 0.158708 0.326499 0.407995 9.9964E-05
0.141832 0.0342499 0.0289592 9.9991E-05 0.0826205 0.114688 0.141915 0.407559 0.0480762
0.82668 9.9955E-05 9.9955E-05 0.0544898 9.9955E-05 9.9955E-05 0.0817753 0.0365548 9.9955E-05
0.843328 0.00500851 0.0666968 0.0167034 9.9973E-05 0.0664566 0.00150648 9.9973E-05 9.9973E-05
0.857159 9.9964E-05 0.0446007 0.0836907 0.00319895 9.9964E-05 9.9964E-05 0.0109508 9.9964E-05
0.878518 9.9955E-05 0.0572844 0.0591458 9.9955E-05 9.9955E-05 9.9955E-05 9.9955E-05 0.00455237
0.745443 9.9973E-05 0.12928 0.0438068 9.9973E-05 0.029643 0.039955 0.0115727 9.9973E-05
0.824925 0.0349382 0.0725507 9.9955E-05 9.9955E-05 0.0670865 9.9955E-05 9.9955E-05 9.9955E-05
0.813969 9.9973E-05 0.0599581 0.0186902 9.9973E-05 0.0838334 9.9973E-05 0.00336905 0.0198807
0.820309 0.000768526 0.0367597 0.000246522 0.0256883 9.9982E-05 0.068528 0.0475 9.9982E-05
0.89765 9.9955E-05 0.0384419 9.9955E-05 0.0525942 9.9955E-05 9.9955E-05 0.0108143 9.9955E-05
0.827754 9.9964E-05 0.00136315 9.9964E-05 9.9964E-05 0.089294 0.0551626 9.9964E-05 0.0260261
0.566242 0.0555851 0.0559682 0.0527114 0.00172644 9.9973E-05 9.9973E-05 9.9973E-05 0.267467
0.550324 9.9964E-05 0.0342754 0.216011 0.0569642 9.9964E-05 9.9964E-05 9.9964E-05 0.142025
0.475387 9.9973E-05 0.0610944 0.0646727 0.0100746 9.9973E-05 0.152459 9.9973E-05 0.236012
0.491408 9.9964E-05 9.9964E-05 0.0866155 0.052002 9.9964E-05 0.0217273 9.9964E-05 0.347847
0.0142772 0.00964779 0.0147923 0.0707391 0.163825 0.0396309 0.0231247 0.468018 0.195945
0.0426274 0.122318 0.00836744 0.123246 0.138251 9.9982E-05 9.9982E-05 0.471791 0.093199
9.9964E-05 0.0986284 9.9964E-05 0.0980086 0.172463 9.9964E-05 9.9964E-05 0.517643 0.112857
0.0410492 9.9982E-05 0.0154258 0.119655 0.174612 9.9982E-05 0.0401732 0.419919 0.188966
9.9973E-05 0.0452054 9.9973E-05 0.292308 0.0323126 0.0269459 9.9973E-05 0.109775 0.493153
0.0418552 0.146138 0.0567641 0.0161888 0.097864 9.9982E-05 9.9982E-05 0.596056 0.0449343
9.9982E-05 0.0445009 9.9982E-05 0.038932 0.19744 0.00593572 0.0144236 0.61687 0.0816983
9.9982E-05 0.0265848 0.00328672 0.0536404 0.205398 9.9982E-05 0.0846074 0.550851 0.0754312
9.9973E-05 0.0914543 9.9973E-05 0.0436888 0.455974 9.9973E-05 0.00354293 0.388542 0.0164985
0.0571519 0.00908836 0.00801542 0.175508 0.0966082 9.9982E-05 0.0270535 0.626375 9.9982E-05
0.00238853 0.105864 9.9973E-05 0.120454 0.272151 9.9973E-05 9.9973E-05 0.43369 0.0651524
9.9955E-05 0.179198 9.9955E-05 0.00264248 0.675218 9.9955E-05 9.9955E-05 9.9955E-05 0.142441
0.0838967 0.101412 9.9991E-05 0.0278973 0.199893 0.0445659 0.0285676 0.348653 0.165015
9.9973E-05 0.15515 0.0160523 9.9973E-05 0.451371 9.9973E-05 0.0868828 0.250771 0.0394725
9.9973E-05 0.0732556 0.0387446 0.0816805 0.311433 0.0191712 9.9973E-05 0.475415 9.9973E-05
0.00512805 9.9964E-05 9.9964E-05 0.055067 0.64562 9.9964E-05 9.9964E-05 0.115698 0.178087
0.0584126 9.9955E-05 9.9955E-05 0.735891 9.9955E-05 9.9955E-05 0.167623 0.0375741 9.9955E-05
0.0651295 0.0662838 9.9973E-05 0.680566 9.9973E-05 0.0186747 0.12275 0.0462956 9.9973E-05
9.9955E-05 0.0257704 9.9955E-05 0.895628 9.9955E-05 9.9955E-05 0.0438099 0.0342922 9.9955E-05
0.0462312 0.096458 9.9964E-05 0.808727 0.00162205 9.9964E-05 0.0465617 9.9964E-05 9.9964E-05
9.9964E-05 9.9964E-05 0.000794768 0.768642 9.9964E-05 0.0403395 0.154782 0.0350425 9.9964E-05
0.00495611 0.0760983 9.9973E-05 0.789691 9.9973E-05 0.0629316 0.00960375 0.0564189 9.9973E-05
0.799919 0.00929051 0.0660784 9.9964E-05 9.9964E-05 0.0324188 9.9964E-05 0.0918937 9.9964E-05
0.787909 9.9964E-05 9.9964E-05 0.0480253 9.9964E-05 0.0395464 9.9964E-05 0.108332 0.0157876
0.702911 9.9955E-05 0.0783924 9.9955E-05 9.9955E-05 0.0883321 9.9955E-05 0.129865 9.9955E-05
0.678338 9.9973E-05 0.0171406 0.0105383 9.9973E-05 0.125099 9.9973E-05 0.0428672 0.125716
0.757619 9.9964E-05 0.0636324 9.9964E-05 9.9964E-05 0.0194495 9.9964E-05 0.137641 0.0212584
0.316794 9.9964E-05 0.00342626 0.470148 9.9964E-05 9.9964E-05 0.109031 9.9964E-05 0.100201
0.445046 0.115991 0.00179302 0.337676 0.0509381 9.9982E-05 0.0349877 9.9982E-05 0.0133682
0.405266 0.0985261 0.016805 0.368069 0.0476832 9.9973E-05 9.9973E-05 9.9973E-05 0.0633511
9.993E-05 9.993E-05 0.999201 9.993E-05 9.993E-05 9.993E-05 9.993E-05 9.993E-05 9.993E-05
0.338648 0.0156661 0.0530343 0.487083 0.0689583 9.9973E-05 0.0363103 9.9973E-05 9.9973E-05
0.206979 9.9964E-05 9.9964E-05 9.9964E-05 0.019415 0.365559 0.147882 0.259764 9.9964E-05
0.154239 9.9964E-05 0.00715471 9.9964E-05 9.9964E-05 0.217965 9.9964E-05 0.534262 0.0859798
0.165685 9.9955E-05 0.0225711 9.9955E-05 9.9955E-05 0.30236 9.9955E-05 0.508884 9.9955E-05
0.236684 0.0673623 9.9982E-05 0.0096094 0.0879233 0.271265 0.0434416 0.283515 9.9982E-05
0.0897291 0.0131823 0.0722232 0.0375824 9.9991E-05 0.172767 0.0910597 0.521764 0.00159213
0.466961 0.0122132 9.9955E-05 9.9955E-05 9.9955E-05 0.313658 0.206667 9.9955E-05 9.9955E-05
9.9973E-05 0.0958045 9.9973E-05 0.107053 0.0294186 9.9973E-05 0.0178284 0.395991 0.353605
9.9973E-05 0.0707629 9.9973E-05 0.0829665 0.0374585 9.9973E-05 0.138858 0.352642 0.317012
0.0267394 9.9964E-05 0.0632275 0.091233 9.9964E-05 9.9964E-05 9.9964E-05 0.165165 0.653235
9.9973E-05 0.175591 9.9973E-05 0.0171596 0.0476494 9.9973E-05 0.0668607 0.506792 0.185647
9.9964E-05 0.282052 9.9964E-05 0.0241188 0.119584 9.9964E-05 0.277016 9.9964E-05 0.29683
0.0316365 0.0860743 0.0187295 0.0677827 0.00743745 0.041081 0.0761339 0.476509 0.194615
0.0139127 0.158082 0.0209741 0.0922217 0.0806259 9.9991E-05 0.0719122 0.413789 0.148383
0.0353339 0.0225307 9.9982E-05 0.105214 0.0603048 9.9982E-05 0.0446428 0.322516 0.409257
0.0816512 0.075318 9.9991E-05 0.0697021 0.02985 0.054888 0.0264691 0.478428 0.183593
9.9964E-05 0.106566 9.9964E-05 9.9964E-05 0.0872115 9.9964E-05 0.238565 0.0943404 0.472918
9.9982E-05 0.121755 9.9982E-05 0.139241 0.0264037 0.0106762 0.0912325 0.506823 0.103669
9.9982E-05 0.0501876 0.0155675 0.2314 0.0665946 9.9982E-05 0.0328387 0.531963 0.0712486
0.129597 9.9973E-05 9.9973E-05 0.0425182 0.169804 0.187205 0.118739 0.351836 9.9973E-05
9.9973E-05 0.171156 9.9973E-05 0.0520306 0.0135297 9.9973E-05 0.0979718 0.300035 0.364977
9.9982E-05 0.104989 0.0316017 0.0211245 0.0493162 0.0362696 9.9982E-05 0.374253 0.382247
9.9973E-05 0.206632 9.9973E-05 9.9973E-05 0.00702256 0.0927368 0.143757 0.395843 0.153708
9.9973E-05 0.060701 9.9973E-05 0.0818883 0.21171 9.9973E-05 0.0261795 0.489159 0.130062
0.0150397 0.0623056 0.0327388 0.0883362 0.045498 0.0849858 0.0252935 0.645702 9.9991E-05
0.0556649 9.9982E-05 0.0140669 0.0236324 0.0703325 0.0735629 9.9982E-05 0.45917 0.303371
0.105296 0.0434997 0.00713904 0.0727105 9.9991E-05 0.0947037 0.0861479 0.460809 0.129594
0.797066 0.00103992 9.9955E-05 9.9955E-05 9.9955E-05 0.0433016 9.9955E-05 0.158093 9.9955E-05
0.864663 0.0617042 9.9946E-05 9.9946E-05 9.9946E-05 9.9946E-05 9.9946E-05 0.0730328 9.9946E-05
0.768202 0.0103475 9.9973E-05 0.0656082 0.0583106 9.9973E-05 0.0153657 0.081866 9.9973E-05
0.779261 0.0298048 0.0368822 0.00566638 0.082326 0.0430573 9.9982E-05 0.0228025 9.9982E-05
0.789943 9.9946E-05 0.0621084 9.9946E-05 9.9946E-05 9.9946E-05 9.9946E-05 0.147348 9.9946E-05
9.9973E-05 0.00661407 9.9973E-05 0.143055 9.9973E-05 0.0409212 0.0546552 0.0864364 0.668018
0.0975119 0.0654533 9.9991E-05 0.0166202 0.0875579 0.0812289 0.0345043 0.369362 0.247662
0.183904 0.0214866 0.00672801 9.9982E-05 0.0451637 0.157689 0.18335 0.401479 9.9982E-05
9.9982E-05 0.0279035 0.0447515 0.0412128 9.9982E-05 0.0315802 0.0187573 0.620821 0.214774
0.0530023 0.0308611 0.0101885 0.0553651 0.0497267 9.9982E-05 9.9982E-05 0.471838 0.328818
9.9982E-05 0.105692 0.0206296 0.0770394 9.9982E-05 0.00804056 0.172659 0.233366 0.382374
0.0627359 9.9964E-05 0.0707794 0.11163 9.9964E-05 9.9964E-05 0.0737817 9.9964E-05 0.680673
0.0252125 0.00193579 0.00834679 0.156252 9.9973E-05 9.9973E-05 9.9973E-05 0.505333 0.30262
0.0493081 0.181793 9.9991E-05 0.268971 0.0465249 0.0272219 0.00331687 0.14258 0.280184
0.0414625 0.149568 9.9982E-05 9.9982E-05 0.0196348 0.0338796 0.105156 0.318906 0.331194
0.102766 0.169483 0.0303062 0.184155 9.9973E-05 9.9973E-05 9.9973E-05 0.0252542 0.487736
0.085531 9.9973E-05 0.0281214 0.0724748 9.9973E-05 0.00629275 9.9973E-05 0.636274 0.171006
0.0473516 0.0807245 0.0234609 0.180846 9.9973E-05 9.9973E-05 9.9973E-05 0.131005 0.536312
0.0132402 0.00577852 0.0417721 0.0727305 0.0332156 0.0344654 0.0868064 0.309525 0.402466
0.0189666 0.066974 0.015496 0.00247711 9.9991E-05 0.0453583 0.22591 0.441927 0.18279
9.9964E-05 0.108801 9.9964E-05 0.118586 9.9964E-05 9.9964E-05 0.443875 0.327533 0.000804234
9.9973E-05 0.0982352 0.0399845 0.0508206 9.9973E-05 9.9973E-05 0.215041 0.539556 0.0560625
0.117296 9.9982E-05 0.0312524 0.0708939 0.0166191 9.9982E-05 0.148195 0.596973 0.0185701
9.9973E-05 0.131225 9.9973E-05 0.0835239 0.0517649 9.9973E-05 0.349584 0.358986 0.0246162
0.0656862 0.0164332 0.0078591 0.00818374 0.0677691 0.0803711 0.0945686 0.459864 0.199265
0.0175116 0.134863 0.040277 0.0379162 9.9973E-05 9.9973E-05 0.225063 0.544069 9.9973E-05
9.9964E-05 0.139924 9.9964E-05 0.105078 0.188001 9.9964E-05 0.477197 0.0893999 9.9964E-05
9.9964E-05 0.0588271 9.9964E-05 0.0260468 0.0669405 9.9964E-05 0.547925 0.299861 9.9964E-05
9.9973E-05 0.092977 0.0166313 0.0862205 0.0385757 9.9973E-05 0.288101 0.477195 9.9973E-05
9.9973E-05 0.138875 9.9973E-05 0.0676761 0.0969704 9.9973E-05 0.4366 0.198029 0.0615488
9.9955E-05 9.9955E-05 9.9955E-05 9.9955E-05 0.0563398 9.9955E-05 0.326082 0.475075 0.142003
0.0161357 0.0295155 0.0328715 0.156505 0.099668 9.9991E-05 0.0081986 0.0387619 0.618243
9.9973E-05 0.305276 9.9973E-05 0.0350288 0.0145004 9.9973E-05 0.0476958 0.188898 0.408302
9.9982E-05 0.0908451 0.0477714 0.0374858 0.0514543 0.0638551 9.9982E-05 0.236522 0.471866
9.9991E-05 0.0587031 0.0138823 0.150656 0.0111215 0.0601015 0.0691598 0.585391 0.0508846
9.9964E-05 0.0762589 9.9964E-05 0.172865 0.0803118 9.9964E-05 9.9964E-05 0.193331 0.476834
0.0558016 0.137248 0.0909517 0.127791 0.0011136 0.0699802 0.0499639 0.403729 0.0634206
0.0329832 0.00645554 0.0598561 0.105878 9.9982E-05 0.0346903 9.9982E-05 0.596902 0.163036
0.0830743 9.9955E-05 9.9955E-05 0.0742334 9.9955E-05 9.9955E-05 9.9955E-05 0.452645 0.389548
9.9991E-05 0.129006 0.048853 0.143688 0.0686606 0.0980938 0.0035226 0.337738 0.170337
9.9973E-05 9.9973E-05 0.00338722 0.18355 0.0934963 0.0699109 9.9973E-05 0.3835 0.265856
9.9982E-05 0.0165441 0.011384 0.185153 0.0861763 0.0239626 9.9982E-05 0.184328 0.492253
0.00152205 0.0428563 9.9982E-05 0.212228 0.0408673 0.101597 9.9982E-05 0.235684 0.365044
9.9973E-05 0.0773692 0.00523826 0.0523968 9.9973E-05 0.0363347 9.9973E-05 0.61351 0.214851
0.0162706 0.0276096 0.0174056 9.9991E-05 0.0517462 0.0916407 0.0872647 0.471678 0.236284
0.0324651 0.138278 0.0196821 0.118744 0.0113388 0.0252833 0.0396056 0.389557 0.225046
9.9964E-05 0.182658 9.9964E-05 0.0505325 9.9964E-05 0.112971 9.9964E-05 0.418069 0.235369
9.9982E-05 0.0202147 0.0721593 0.153602 9.9982E-05 0.0375667 0.0536143 0.331747 0.330897
9.9964E-05 9.9964E-05 9.9964E-05 0.142718 0.0565745 0.0710555 9.9964E-05 0.550049 0.179203
0.0711375 0.0603077 9.9973E-05 0.0662491 9.9973E-05 0.0262086 9.9973E-05 0.479891 0.295906
0.111342 0.0711152 0.00829075 0.0873448 9.9982E-05 0.091706 9.9982E-05 0.4622 0.167801
0.333974 9.9982E-05 0.00383811 9.9982E-05 0.0112243 0.107657 0.0871504 0.418265 0.0376903
0.103566 0.0713338 0.06879 9.9973E-05 0.148611 0.283528 9.9973E-05 0.323871 9.9973E-05
0.0830497 9.9973E-05 0.0747454 0.0715266 9.9973E-05 0.120647 0.176486 0.473245 9.9973E-05
0.00904566 0.0256895 0.0822024 9.9991E-05 0.0849134 0.14923 0.0498848 0.495492 0.103442
0.182307 0.0869468 9.9973E-05 9.9973E-05 0.062328 0.271298 9.9973E-05 0.252807 0.144013
9.9964E-05 0.120823 9.9964E-05 0.0194905 9.9964E-05 9.9964E-05 0.161507 0.428064 0.269716
0.19585 0.0193929 0.0529129 9.9991E-05 0.0752808 0.070963 0.0281809 0.399423 0.157897
0.207635 9.9973E-05 9.9973E-05 9.9973E-05 0.0762032 0.120946 0.451642 0.0634455 0.0798288
0.0407974 0.113971 0.0614536 9.9982E-05 9.9982E-05 0.200753 0.0378529 0.392444 0.152528
0.146587 0.0916786 0.036434 9.9982E-05 0.0471636 0.13469 9.9982E-05 0.497743 0.0455046
0.0646193 0.0203747 9.9982E-05 9.9982E-05 0.022857 0.254136 0.0642257 0.381715 0.191872
0.143148 0.047543 0.0457172 9.9991E-05 0.0558719 0.0948771 0.155944 0.352212 0.104587
0.118462 9.9982E-05 0.0531958 0.0362609 9.9982E-05 0.0877829 0.072383 0.488431 0.143285
0.130898 9.9973E-05 0.053051 9.9973E-05 9.9973E-05 0.152597 0.0670754 0.470958 0.125121
0.374284 0.0343823 0.062514 9.9973E-05 0.0111025 0.188004 0.329413 9.9973E-05 9.9973E-05
0.0957119 9.9982E-05 0.0627309 9.9982E-05 0.0111042 0.224128 0.0926815 0.387664 0.125779
0.128392 9.9964E-05 9.9964E-05 9.9964E-05 0.0608709 0.13226 0.0930669 0.58501 9.9964E-05
0.109983 0.000250531 0.0125004 9.9991E-05 0.0756884 0.0657394 0.117504 0.562608 0.0556274
0.189981 9.9955E-05 9.9955E-05 9.9955E-05 9.9955E-05 0.132685 0.08028 0.596554 9.9955E-05
0.12476 9.9982E-05 0.0239534 0.0677962 9.9982E-05 0.1363 0.0500227 0.476377 0.120591
0.0273766 0.378883 0.0415826 0.0186025 0.0559137 0.00662627 0.00839475 0.462521 9.9991E-05
0.0804995 0.329893 9.9973E-05 9.9973E-05 0.000643581 0.0900738 9.9973E-05 0.436139 0.0624508
9.9955E-05 0.760384 9.9955E-05 0.00753483 0.127613 9.9955E-05 9.9955E-05 9.9955E-05 0.103968
0.00776078 0.94407 9.9955E-05 0.0266182 0.0210512 9.9955E-05 9.9955E-05 9.9955E-05 9.9955E-05
9.9982E-05 0.358544 0.036525 9.9982E-05 0.00378513 0.0668914 0.0479141 0.455433 0.0307071
0.0740977 0.140955 9.9973E-05 9.9973E-05 9.9973E-05 0.290891 0.112442 0.362307 0.0190069
0.0689796 0.240158 0.0266014 9.9973E-05 9.9973E-05 0.341534 0.0798334 0.242594 9.9973E-05
0.186791 0.145797 0.00464049 9.9982E-05 9.9982E-05 0.286287 0.179287 0.178503 0.0184947
0.107036 0.182554 0.0282953 9.9982E-05 9.9982E-05 0.292483 0.0420278 0.304109 0.0432942
0.0671122 0.683309 9.9964E-05 9.9964E-05 9.9964E-05 0.070259 0.120957 0.0579627 9.9964E-05
0.0446634 0.640692 0.0338051 9.9973E-05 9.9973E-05 0.114976 0.0529894 0.112574 9.9973E-05
0.0226566 0.292834 0.00496196 9.9982E-05 0.0929196 0.103463 9.9982E-05 0.480121 0.00284416
0.0430665 0.454495 9.9964E-05 9.9964E-05 0.014728 0.0810766 9.9964E-05 0.406234 9.9964E-05
0.0716155 0.716352 0.0163748 9.9964E-05 9.9964E-05 0.140582 9.9964E-05 0.0546758 9.9964E-05
0.0521099 0.292842 9.9982E-05 0.0213652 0.00875944 0.111658 9.9982E-05 0.391459 0.121607
0.0819809 0.274622 9.9964E-05 0.0458045 9.9964E-05 0.101805 9.9964E-05 0.495388 9.9964E-05
0.134877 0.247562 0.03933 0.0460444 0.0770884 0.126215 9.9982E-05 0.328684 9.9982E-05
9.9955E-05 0.603601 9.9955E-05 0.0280005 9.9955E-05 9.9955E-05 9.9955E-05 0.277153 0.0907465
9.9973E-05 0.500154 0.0567646 9.9973E-05 0.00238826 0.0188313 9.9973E-05 0.336908 0.0846535
0.0473699 0.227575 0.0459494 0.0360832 0.0259567 9.9991E-05 0.111991 0.484751 0.0202231
0.0189761 0.341844 0.0217742 0.0858911 0.0414033 0.0377832 0.0891041 0.363124 9.9991E-05
0.0645817 0.178233 0.00492008 0.0507312 0.0938118 0.0398013 0.0640002 0.389823 0.114098
9.9955E-05 0.434654 9.9955E-05 9.9955E-05 9.9955E-05 9.9955E-05 0.075013 0.414727 0.0751067
9.9964E-05 0.729947 9.9964E-05 0.073468 0.0377596 9.9964E-05 0.00283825 0.155588 9.9964E-05
0.00240652 0.350254 0.0383991 9.9964E-05 0.0699983 9.9964E-05 9.9964E-05 0.538542 9.9964E-05
9.9955E-05 0.688195 9.9955E-05 9.9955E-05 0.034582 9.9955E-05 9.9955E-05 0.235273 0.0414498
9.9955E-05 0.547088 0.0223394 9.9955E-05 0.0137644 9.9955E-05 9.9955E-05 0.416308 9.9955E-05
0.0262216 0.265815 0.0218227 0.0396774 0.0352235 0.0302047 9.9982E-05 0.580835 9.9982E-05
9.9946E-05 0.400518 9.9946E-05 9.9946E-05 9.9946E-05 9.9946E-05 0.068491 0.530391 9.9946E-05
0.129679 0.113639 9.9982E-05 0.0666035 0.0541737 0.122442 0.0535003 0.459763 9.9982E-05
0.0779507 0.16832 0.0156038 0.0704345 9.9982E-05 0.142482 0.127974 0.397036 9.9982E-05
0.0524689 0.0331936 0.00872987 0.059114 9.9982E-05 0.266695 0.250944 0.328654 9.9982E-05
0.100906 0.171274 0.0241088 0.0935546 0.00809107 0.273674 0.0985514 0.19491 0.0349297
0.16352 0.109764 0.00478069 0.0346295 0.0375232 0.150502 9.9991E-05 0.389932 0.109248
0.0394237 0.188714 0.0354226 0.130615 9.9982E-05 0.223264 0.0327675 0.349593 9.9982E-05
0.152533 0.656425 0.00516383 0.00693103 9.9973E-05 0.112258 0.0663896 9.9973E-05 9.9973E-05
0.057433 0.124773 0.0123709 0.0429782 9.9973E-05 0.236029 9.9973E-05 0.526116 9.9973E-05
0.368991 0.431216 9.9955E-05 9.9955E-05 9.9955E-05 0.064303 0.134991 9.9955E-05 9.9955E-05
0.0737373 0.29526 9.9955E-05 9.9955E-05 9.9955E-05 0.203758 9.9955E-05 0.426746 9.9955E-05
9.9946E-05 0.766676 9.9946E-05 9.9946E-05 0.17584 9.9946E-05 9.9946E-05 0.0568847 9.9946E-05
9.9955E-05 0.887606 0.0108455 9.9955E-05 0.0166697 9.9955E-05 9.9955E-05 9.9955E-05 0.0843788
9.9973E-05 0.396464 0.0263727 0.0185554 0.104691 9.9973E-05 9.9973E-05 0.43655 0.0170668
9.9946E-05 0.392707 0.0852975 9.9946E-05 9.9946E-05 9.9946E-05 9.9946E-05 0.521396 9.9946E-05
9.9946E-05 0.594419 9.9946E-05 9.9946E-05 0.0701364 9.9946E-05 9.9946E-05 0.334845 9.9946E-05
0.00171651 0.454233 9.9964E-05 9.9964E-05 0.0307011 9.9964E-05 9.9964E-05 0.473964 0.0389858
9.9973E-05 0.48726 0.00525905 0.00920635 9.9973E-05 9.9973E-05 0.00657572 0.483069 0.00832924
0.721447 0.12284 0.0341909 9.9964E-05 9.9964E-05 0.0945254 9.9964E-05 0.0265973 9.9964E-05
0.67228 0.0374205 0.00428939 0.120419 0.0203624 0.124596 0.00213622 9.9991E-05 0.0183962
0.825716 9.9964E-05 0.0469017 0.0156966 9.9964E-05 0.0412208 9.9964E-05 9.9964E-05 0.0700646
0.813714 0.00564598 0.158088 9.9955E-05 9.9955E-05 9.9955E-05 9.9955E-05 0.0220532 9.9955E-05
0.00942694 9.9991E-05 0.060604 0.0421016 0.25947 0.0652458 0.0346109 0.475119 0.0533214
0.134538 9.9964E-05 0.0168368 9.9964E-05 0.370725 9.9964E-05 9.9964E-05 0.473485 0.00401545
9.9973E-05 0.0400831 0.0160326 0.0803982 0.398359 0.0151729 9.9973E-05 0.449654 9.9973E-05
0.0978324 0.0947856 0.064586 9.9973E-05 0.236599 9.9973E-05 9.9973E-05 0.50134 0.004557
0.105102 0.0513375 0.00790194 0.0502299 0.0740089 9.9991E-05 0.054879 0.581366 0.0750753
0.0377305 0.00398774 9.9982E-05 0.0700856 0.585274 9.9982E-05 0.0649011 0.194892 0.0429282
0.0131689 0.0335126 0.0138324 9.9982E-05 0.294487 0.05131 9.9982E-05 0.537836 0.0556528
9.9964E-05 0.0281202 0.0268176 9.9964E-05 0.532081 9.9964E-05 0.0671753 0.345407 9.9964E-05
0.228745 9.9973E-05 9.9973E-05 0.0365286 9.9973E-05 0.187498 0.0801198 0.415549 0.0512603
9.9973E-05 0.0996901 9.9973E-05 0.0594315 0.368708 0.0601914 9.9973E-05 0.364147 0.0475326
9.9955E-05 9.9955E-05 0.0504265 9.9955E-05 0.504048 9.9955E-05 9.9955E-05 0.301554 0.143472
0.0359404 0.0466471 9.9973E-05 0.0587741 0.23471 9.9973E-05 9.9973E-05 0.550936 0.0726924
0.0279817 0.0186684 0.00268326 0.0388322 0.487227 9.9973E-05 9.9973E-05 0.424308 9.9973E-05
9.9964E-05 0.101354 9.9964E-05 0.00179263 0.378036 0.051578 9.9964E-05 0.466839 9.9964E-05
0.0845639 0.131901 9.9964E-05 0.0155494 0.189799 9.9964E-05 9.9964E-05 0.577786 9.9964E-05
9.9955E-05 0.0310825 9.9955E-05 9.9955E-05 0.908483 9.9955E-05 9.9955E-05 0.0542225 0.00571201
0.00650934 0.103433 9.9991E-05 0.00322742 0.436732 0.0342559 0.0595366 0.227656 0.12855
9.9973E-05 9.9973E-05 0.00153699 0.123834 0.578701 9.9973E-05 0.00410591 0.280199 0.0113241
9.9946E-05 0.0174176 9.9946E-05 9.9946E-05 0.834576 9.9946E-05 0.147407 9.9946E-05 9.9946E-05
0.0263479 0.0733318 9.9973E-05 0.0951503 0.342344 9.9973E-05 9.9973E-05 0.429404 0.0331223
9.9955E-05 9.9955E-05 9.9955E-05 0.0358816 0.58242 9.9955E-05 0.245578 0.13562 9.9955E-05
9.9946E-05 9.9946E-05 9.9946E-05 0.0134316 0.803135 9.9946E-05 0.182834 9.9946E-05 9.9946E-05
9.9964E-05 0.0401023 0.0762571 9.9964E-05 0.302664 0.0137616 9.9964E-05 0.566815 9.9964E-05
0.05147 0.015968 0.0125777 0.0479297 0.552024 9.9991E-05 0.0109148 0.221804 0.0872118
9.9982E-05 9.9982E-05 0.0216096 0.0334161 0.505212 0.0346111 0.0106794 0.341847 0.0524249
0.0563438 0.128227 0.0652396 0.0341484 0.184823 0.0960611 9.9982E-05 0.434958 9.9982E-05
0.0366564 9.9973E-05 9.9973E-05 0.0737122 0.311936 0.0119659 9.9973E-05 0.525636 0.0397935
9.9973E-05 0.0481605 9.9973E-05 0.0588459 9.9973E-05 0.0271166 0.107538 0.313282 0.444757
9.9982E-05 0.0601498 0.0213892 0.0353761 0.269265 0.0470178 9.9982E-05 0.542891 0.0237115
0.0012502 9.9973E-05 0.0383961 9.9973E-05 0.299765 0.0140854 9.9973E-05 0.45938 0.186824
9.9955E-05 9.9955E-05 0.0280865 9.9955E-05 0.627576 9.9955E-05 0.0522983 0.291539 9.9955E-05
0.0709447 0.0942388 0.0425827 0.0603423 0.192526 0.0307607 0.0106053 0.492544 0.00545584
0.570055 9.9973E-05 0.0618683 0.156418 0.0041796 9.9973E-05 0.103708 9.9973E-05 0.10347
0.723484 0.0106579 0.0333071 0.0892799 0.0336692 9.9991E-05 0.0476626 0.0445152 0.0173242
0.705336 9.9964E-05 0.115431 0.0967448 0.0401369 9.9964E-05 0.0419514 9.9964E-05 9.9964E-05
0.693073 0.00347334 0.0943627 0.0938828 0.0196024 9.9982E-05 0.0479816 9.9982E-05 0.0474238
0.706586 9.9973E-05 0.0133324 0.117498 9.9973E-05 9.9973E-05 0.0585317 0.0325552 0.0711972
0.0255515 9.9964E-05 9.9964E-05 9.9964E-05 0.623626 0.0351423 9.9964E-05 0.100508 0.214772
0.0563361 0.0752639 0.0145404 0.0538031 0.553072 9.9982E-05 9.9982E-05 0.106576 0.140209
