0.0238259 0.000416119 9.9955E-05 0.0685592 9.9955E-05 0.0776946 9.9955E-05 0.829004 9.9955E-05 9.9955E-05
9.9946E-05 0.0359837 9.9946E-05 0.0400754 9.9946E-05 9.9946E-05 9.9946E-05 0.887617 0.0357245 9.9946E-05
0.0382877 9.9955E-05 0.112747 0.0887542 9.9955E-05 0.0515375 9.9955E-05 0.708174 9.9955E-05 9.9955E-05
0.0476487 9.9964E-05 0.0971625 0.0458504 0.0210096 0.0739669 9.9964E-05 0.713962 9.9964E-05 9.9964E-05
0.0304264 9.9946E-05 0.0827732 9.9946E-05 9.9946E-05 0.0482232 9.9946E-05 0.837977 9.9946E-05 9.9946E-05
0.0262036 0.0915777 0.0856747 0.0218515 9.9973E-05 0.0793268 0.157495 0.537571 9.9973E-05 9.9973E-05
9.9955E-05 0.122637 9.9955E-05 0.0621684 9.9955E-05 0.0081447 0.07077 0.73578 9.9955E-05 9.9955E-05
0.0257943 0.0134948 9.9964E-05 0.0583095 9.9964E-05 0.162004 0.10619 0.633807 9.9964E-05 9.9964E-05
9.99549E-05 9.99549E-05 9.99549E-05 0.0176199 9.99549E-05 0.0550163 0.00510433 0.818537 0.103222 9.99549E-05
0.0864557 0.0296913 0.0724378 0.042392 9.9982E-05 0.0719332 0.0612602 0.582538 9.9982E-05 0.0530921
9.9964E-05 0.114349 0.0103021 0.00620807 9.9964E-05 0.11298 0.0685709 0.687191 9.9964E-05 9.9964E-05
0.00389766 0.875589 0.0453305 9.9955E-05 9.9955E-05 0.0132235 9.9955E-05 9.9955E-05 0.0614597 9.9955E-05
9.9964E-05 0.278227 0.403678 0.0444424 0.139542 0.0920757 0.0416352 9.9964E-05 9.9964E-05 9.9964E-05
0.0381423 0.729059 0.0311373 0.0305342 0.135261 9.9973E-05 9.9973E-05 0.00380524 9.9973E-05 0.031761
0.109036 0.743252 0.129913 9.9946E-05 9.9946E-05 9.9946E-05 9.9946E-05 9.9946E-05 9.9946E-05 0.0171994
0.0806119 0.533162 0.283737 9.9955E-05 9.9955E-05 9.9955E-05 0.0179979 0.0839921 9.9955E-05 9.9955E-05
0.11214 0.397335 0.430546 9.9955E-05 0.0123337 9.9955E-05 9.9955E-05 9.9955E-05 9.9955E-05 0.0471453
0.0117915 0.507649 0.297973 0.0350245 0.0122811 0.0237553 9.9973E-05 9.9973E-05 0.111226 9.9973E-05
0.0589134 0.655765 0.201598 9.9946E-05 9.9946E-05 9.9946E-05 9.9946E-05 0.0831243 9.9946E-05 9.9946E-05
9.9937E-05 0.849775 9.9937E-05 9.9937E-05 9.9937E-05 0.106177 0.0433484 9.9937E-05 9.9937E-05 9.9937E-05
0.0720427 0.320527 0.288271 9.9973E-05 0.0847388 0.0705234 9.9973E-05 9.9973E-05 0.100248 0.0633483
9.9964E-05 0.382231 0.374268 0.0112704 9.9964E-05 0.00561661 0.0952746 9.9964E-05 9.9964E-05 0.13094
0.0544136 0.195175 0.400534 9.9982E-05 0.110263 0.0160897 9.9982E-05 0.0353619 0.0774215 0.110541
9.9928E-05 0.839476 0.159724 9.9928E-05 9.9928E-05 9.9928E-05 9.9928E-05 9.9928E-05 9.9928E-05 9.9928E-05
0.0412043 0.224149 0.573659 0.010712 9.9982E-05 9.9982E-05 0.036053 0.0456357 0.0464212 0.0219667
0.0911372 0.457848 0.36852 0.0182386 9.9964E-05 9.9964E-05 0.0396296 9.9964E-05 0.024226 9.9964E-05
0.0110944 0.922941 9.9955E-05 0.000388712 0.0269957 9.9955E-05 9.9955E-05 0.0380807 9.9955E-05 9.9955E-05
0.117575 0.842607 9.9946E-05 0.000290726 9.9946E-05 9.9946E-05 9.9946E-05 9.9946E-05 0.0389278 9.9946E-05
9.9946E-05 0.820599 9.9946E-05 9.9946E-05 0.0818078 9.9946E-05 0.0244618 9.9946E-05 9.9946E-05 0.0725313
9.99201E-05 9.99201E-05 9.99201E-05 0.999101 9.99201E-05 9.99201E-05 9.99201E-05 9.99201E-05 9.99201E-05 9.99201E-05
9.99201E-05 9.99201E-05 9.99201E-05 0.999101 9.99201E-05 9.99201E-05 9.99201E-05 9.99201E-05 9.99201E-05 9.99201E-05
0.00387018 0.0315558 0.102911 0.357688 9.9973E-05 0.00139865 9.9973E-05 0.484319 0.0179581 9.9973E-05
0.0721239 9.9964E-05 0.0564901 0.267603 9.9964E-05 9.9964E-05 0.0181472 0.493055 0.0921807 9.9964E-05
0.0403601 0.172989 0.466755 0.0109464 9.9973E-05 0.049989 9.9973E-05 0.0162075 0.242452 9.9973E-05
9.9955E-05 0.0460732 0.531091 9.9955E-05 9.9955E-05 0.0899337 9.9955E-05 0.0952334 0.237169 9.9955E-05
9.9955E-05 0.0719692 0.58148 9.9955E-05 9.9955E-05 9.9955E-05 0.0228806 0.0167105 0.30646 9.9955E-05
9.9955E-05 0.230299 9.9955E-05 9.9955E-05 0.578007 0.0864692 9.9955E-05 0.103267 0.00145829 9.9955E-05
0.0514539 9.9982E-05 0.233198 0.0213447 0.0824678 0.0109299 9.9982E-05 0.00801146 0.589865 0.00252921
0.101929 0.00949106 0.356538 0.0413439 0.291239 9.9973E-05 9.9973E-05 9.9973E-05 0.150194 0.0489647
0.0616248 9.9964E-05 0.641703 0.00898743 0.0447499 0.0256406 9.9964E-05 9.9964E-05 0.216895 9.9964E-05
9.9964E-05 9.9964E-05 0.574191 9.9964E-05 9.9964E-05 0.097548 0.0885145 0.0883323 0.098763 0.0522512
0.01052 0.0821764 0.628203 0.0426364 0.0185124 0.0437301 0.0685295 0.011817 0.0937752 9.9991E-05
9.9973E-05 0.226162 0.0770031 0.0208329 0.047486 9.9973E-05 0.00247752 0.00663883 0.6191 9.9973E-05
0.0644857 0.102578 0.54185 9.9973E-05 9.9973E-05 0.0423785 0.181749 9.9973E-05 0.0363291 0.0303303
0.11354 0.00784799 0.423068 0.0037584 0.00613331 9.9982E-05 0.0564494 9.9982E-05 0.301569 0.0874344
0.093201 9.9973E-05 0.417682 9.9973E-05 0.175741 9.9973E-05 0.0541709 0.0697888 0.185604 0.00351217
9.9946E-05 9.9946E-05 0.287331 0.0332189 0.0255124 9.9946E-05 9.9946E-05 9.9946E-05 0.653338 9.9946E-05
0.0186958 9.9973E-05 0.548767 0.0415412 0.0688438 0.0101547 9.9973E-05 0.0469596 0.264738 9.9973E-05
0.101353 0.00259233 0.464954 9.9973E-05 0.00453473 9.9973E-05 9.9973E-05 0.153637 0.242641 0.0299889
9.9964E-05 9.9964E-05 9.9964E-05 0.0105192 0.0853369 9.9964E-05 0.170583 0.0617997 0.670076 0.00128593
9.9973E-05 0.181513 0.0883887 0.00724539 0.337277 0.117027 0.0441223 9.9973E-05 0.224126 9.9973E-05
9.9964E-05 0.288554 9.9964E-05 0.0178874 0.165749 9.9964E-05 0.283325 9.9964E-05 0.195628 0.0484572
0.130293 0.0684535 0.365861 0.0323846 0.354958 9.9973E-05 9.9973E-05 0.0214665 9.9973E-05 0.0262836
0.00416479 0.0905823 0.58121 0.0378056 0.0583908 0.0394926 0.0352811 0.105392 9.9991E-05 0.0475804
0.0829501 9.9982E-05 0.514711 9.9982E-05 0.125492 0.0769809 0.0391237 0.0279162 0.100566 0.0320602
9.9973E-05 0.0651042 0.0825692 9.9973E-05 0.223011 0.196444 9.9973E-05 0.0936761 0.263877 0.075019
9.9964E-05 0.207818 0.448568 9.9964E-05 0.184571 0.0520748 9.9964E-05 0.0180956 0.0884731 9.9964E-05
0.0266621 0.160055 0.527555 9.9973E-05 0.150568 9.9973E-05 9.9973E-05 0.0921773 0.039688 0.0029935
9.999E-05 0.250339 0.261678 0.0104009 0.124782 0.0355568 0.0637752 0.0894158 0.119727 0.0442248
0.0275402 0.283991 9.9982E-05 9.9982E-05 0.278201 0.0285622 0.113896 0.177629 0.0848746 0.00510636
9.9982E-05 0.0458283 0.510093 0.046435 0.0693475 0.0425365 9.9982E-05 0.0499605 0.202929 0.03267
0.0861568 0.178554 0.332412 0.0257236 0.189529 0.0512638 9.9991E-05 0.00416119 0.0188143 0.113285
9.9973E-05 0.487465 9.9973E-05 0.00655913 0.176154 0.131539 0.0393996 0.0377317 0.120851 9.9973E-05
0.029162 0.359161 0.316595 0.0399996 0.154729 9.9982E-05 0.000118408 9.9982E-05 0.0643577 0.0356765
9.9973E-05 9.9973E-05 0.586416 0.0182409 0.159614 0.0208681 0.0341127 9.9973E-05 0.0162503 0.164199
0.0370632 0.116144 0.448042 0.0642638 0.128197 0.104528 0.0033423 0.00437055 0.0939489 9.9991E-05
0.0541439 0.295238 0.149037 0.0160198 0.252498 9.9991E-05 0.0548958 0.0223101 0.0926106 0.0631469
0.0179096 0.219678 0.38994 0.0503004 0.137917 9.9982E-05 0.0748 9.9982E-05 0.0996397 0.00961513
0.0232189 0.0329356 0.45911 0.0790626 9.9973E-05 0.146125 9.9973E-05 9.9973E-05 0.152262 0.106986
9.9982E-05 0.344724 0.0433718 0.0480812 0.218563 0.0271913 0.0165496 9.9982E-05 0.132479 0.16884
9.9955E-05 0.0232717 0.511872 9.9955E-05 0.0428309 0.0275851 9.9955E-05 9.9955E-05 0.39394 9.9955E-05
9.9973E-05 0.151315 0.174855 0.0407323 0.00651409 0.0125265 0.011227 9.9973E-05 0.60253 9.9973E-05
0.0649011 9.9964E-05 0.455951 9.9964E-05 0.261308 9.9964E-05 0.0206985 0.10796 0.0887811 9.9964E-05
9.9946E-05 0.0202628 9.9946E-05 9.9946E-05 9.9946E-05 9.9946E-05 0.112522 9.9946E-05 0.846003 0.0206124
9.9955E-05 0.10114 9.9955E-05 9.9955E-05 9.9955E-05 0.0095465 0.1069 9.9955E-05 0.754203 0.0277104
9.9937E-05 9.9937E-05 0.288992 9.9937E-05 0.00916909 9.9937E-05 9.9937E-05 9.9937E-05 0.70114 9.9937E-05
9.9955E-05 0.0253591 0.477034 0.0164135 9.9955E-05 0.0387357 9.9955E-05 9.9955E-05 0.441958 9.9955E-05
0.0344389 0.115551 0.423667 0.0163572 0.0103938 0.0181789 0.000179702 0.057545 0.264699 0.0589893
0.018469 0.123435 0.434607 9.9955E-05 9.9955E-05 0.0199818 9.9955E-05 9.9955E-05 0.403008 9.9955E-05
0.0165949 0.0928382 0.147631 9.9964E-05 9.9964E-05 0.127004 9.9964E-05 0.0251982 0.590334 9.9964E-05
9.9955E-05 0.0223298 0.272778 9.9955E-05 9.9955E-05 0.18889 9.9955E-05 0.00237558 0.513127 9.9955E-05
0.100141 9.9964E-05 0.448662 0.092767 9.9964E-05 0.0586005 9.9964E-05 9.9964E-05 0.168884 0.130546
0.050362 0.0986857 0.246739 0.0154167 9.9973E-05 9.9973E-05 9.9973E-05 0.00151087 0.555648 0.0313383
0.00439339 0.0685655 0.37272 0.0250965 9.9973E-05 0.0720236 9.9973E-05 0.037653 0.419249 9.9973E-05
9.9964E-05 9.9964E-05 0.382067 0.0217851 9.9964E-05 0.0347117 0.0631551 9.9964E-05 0.463515 0.0343667
9.9964E-05 9.9964E-05 9.9964E-05 9.9964E-05 0.00347048 0.0128223 0.19048 0.0180924 0.744473 0.0302621
0.0365684 0.00717155 0.564111 0.00779517 0.087974 0.0392376 0.0817951 0.0208937 0.154353 9.9991E-05
0.0409859 0.107711 0.0473933 0.0407934 0.00577961 0.0132174 9.9973E-05 0.74382 9.9973E-05 9.9973E-05
9.9946E-05 0.00135776 0.115821 0.106668 9.9946E-05 9.9946E-05 9.9946E-05 0.775553 9.9946E-05 9.9946E-05
0.0059313 9.9946E-05 0.106388 0.104479 9.9946E-05 9.9946E-05 9.9946E-05 0.782602 9.9946E-05 9.9946E-05
9.9946E-05 9.9946E-05 0.071999 0.0946869 9.9946E-05 9.9946E-05 0.0287425 0.803972 9.9946E-05 9.9946E-05
0.0537431 9.9955E-05 0.039643 0.10293 9.9955E-05 9.9955E-05 9.9955E-05 0.753508 0.0496764 9.9955E-05
9.9964E-05 0.00531697 0.0518679 0.0447262 9.9964E-05 0.0123761 0.0357981 0.849515 9.9964E-05 9.9964E-05
0.00546182 9.9964E-05 0.0698931 0.0535746 0.00199213 9.9964E-05 9.9964E-05 0.849415 0.0192639 9.9964E-05
9.9973E-05 0.00779991 0.51667 9.9973E-05 0.0541859 0.0709334 0.0165145 0.0467456 0.286851 9.9973E-05
0.055385 0.038175 0.509214 0.0222132 0.0580505 9.9982E-05 9.9982E-05 0.0674397 0.185058 0.064265
9.9964E-05 0.0198073 0.0167546 9.9964E-05 0.205961 9.9964E-05 9.9964E-05 0.0191278 0.718411 0.0195388
0.119687 9.9982E-05 0.439445 0.0517627 9.9982E-05 0.0461296 0.0447031 0.0301474 0.227777 0.0401484
9.9955E-05 0.158175 0.357452 9.9955E-05 9.9955E-05 0.0332192 9.9955E-05 0.0125 0.438154 9.9955E-05
0.0149175 0.0705442 0.536967 0.0124033 9.9982E-05 0.00897545 9.9982E-05 0.0172736 0.287872 0.0508468
0.00747517 0.0534161 0.505485 0.0360184 9.9973E-05 9.9973E-05 0.0416507 9.9973E-05 0.290463 0.0651916
0.105321 9.9955E-05 0.419125 0.0523672 9.9955E-05 0.0214784 9.9955E-05 9.9955E-05 0.401208 9.9955E-05
9.9946E-05 0.10191 9.9946E-05 9.9946E-05 9.9946E-05 0.107494 9.9946E-05 0.0498022 0.740194 9.9946E-05
0.0146593 9.9991E-05 0.511159 0.0209358 0.0930496 0.062612 0.0415775 0.0398481 0.164652 0.0514066
0.047062 0.056168 0.589078 0.0399765 0.0785242 9.9982E-05 9.9982E-05 0.0145366 0.100805 0.0736503
0.0205351 0.0443944 0.515446 0.0325725 0.0206181 0.0796661 9.9991E-05 0.0976835 0.16442 0.0245641
0.0185507 0.00816872 0.270252 0.0152639 9.9973E-05 9.9973E-05 0.138745 9.9973E-05 0.541528 0.007192
0.00341803 9.9964E-05 0.490451 0.0298048 0.0822048 9.9964E-05 0.054471 9.9964E-05 0.33925 9.9964E-05
9.9973E-05 0.158118 0.322497 0.0565738 0.041647 0.0434418 9.9973E-05 0.00381205 0.373611 9.9973E-05
0.0513065 0.00911663 0.306417 0.00175652 9.9955E-05 9.9955E-05 9.9955E-05 9.9955E-05 0.630904 9.9955E-05
9.9964E-05 0.0117281 0.436598 9.9964E-05 0.0605715 0.0486073 9.9964E-05 0.0313288 0.410766 9.9964E-05
9.9973E-05 0.0336467 0.589793 0.00377774 0.10953 9.9973E-05 9.9973E-05 0.124462 0.0471994 0.0912913
9.9973E-05 0.0741402 0.0882612 0.0312471 0.51624 9.9973E-05 0.0578796 0.0368496 9.9973E-05 0.195082
0.0525759 0.0219389 0.341235 0.00808194 0.253255 0.137149 0.00278983 0.138712 0.044163 9.9991E-05
0.104529 0.0603021 0.469668 0.0390286 0.236543 9.9982E-05 9.9982E-05 0.0374424 0.041865 0.0104214
0.013847 9.9991E-05 0.516646 0.00115725 0.10288 0.0771594 0.011604 0.0956725 0.0677937 0.11314
9.9955E-05 0.0830462 0.409209 0.0496988 0.428968 0.0285782 9.9955E-05 9.9955E-05 9.9955E-05 9.9955E-05
9.9964E-05 0.020725 0.506783 9.9964E-05 0.296338 0.097954 0.011018 9.9964E-05 9.9964E-05 0.066782
9.9973E-05 0.0260987 0.398664 0.00955174 0.421488 0.102311 9.9973E-05 0.016079 9.9973E-05 0.0255079
9.9982E-05 9.9982E-05 0.441272 0.017594 0.366405 0.0156362 0.00566501 0.0476846 0.0822344 0.0233084
0.0324507 9.9973E-05 0.447719 0.0217732 0.170043 0.17229 0.0667032 9.9973E-05 0.0887215 9.9973E-05
9.9964E-05 9.9964E-05 0.470947 0.0283723 0.331403 9.9964E-05 9.9964E-05 0.0720757 0.0334261 0.0633757
9.9955E-05 0.0884382 0.417004 0.0367068 0.380793 0.0765574 9.9955E-05 9.9955E-05 9.9955E-05 9.9955E-05
9.9964E-05 9.9964E-05 0.571362 9.9964E-05 0.216268 0.0977361 0.0811663 9.9964E-05 0.0268154 0.00625275
0.109317 9.9982E-05 0.524016 0.0377071 0.0657205 0.0145342 0.0295325 9.9982E-05 0.112874 0.106098
0.00727537 0.124756 0.519863 9.9973E-05 0.247347 9.9973E-05 9.9973E-05 0.0166175 0.0281383 0.0557035
9.9973E-05 9.9973E-05 0.575181 0.0304062 0.178823 0.0120695 0.0207143 0.0798432 9.9973E-05 0.102663
9.9973E-05 0.00770644 0.551353 0.0170267 0.337462 0.0686846 0.00573372 0.0117329 9.9973E-05 9.9973E-05
9.9964E-05 0.128722 0.268707 9.9964E-05 0.416482 9.9964E-05 0.022108 0.128068 9.9964E-05 0.0355134
0.0237426 0.0773872 0.54854 9.9973E-05 0.270495 9.9973E-05 0.0302985 0.024987 9.9973E-05 0.0242501
0.0635269 9.9955E-05 0.512535 9.9955E-05 0.359063 9.9955E-05 0.0372775 0.0270978 9.9955E-05 9.9955E-05
0.0613235 0.297536 0.107522 0.0161382 0.317957 0.0831337 9.9982E-05 9.9982E-05 0.103567 0.0126232
0.0189629 0.0142042 0.133436 9.9991E-05 0.428067 0.0392433 0.142352 0.0254844 0.0633873 0.134764
9.9982E-05 0.0330009 0.578225 0.017758 0.130913 0.137828 0.0384199 0.0363122 0.027343 9.9982E-05
0.0347005 9.9973E-05 9.9973E-05 0.0066192 0.575121 0.0111689 0.0978483 9.9973E-05 0.133873 0.140369
9.9973E-05 0.213802 0.113471 9.9973E-05 0.392601 0.0749546 9.9973E-05 0.0579759 0.0521313 0.0947643
9.9973E-05 0.140301 0.370156 9.9973E-05 0.271867 0.0494584 9.9973E-05 0.0116866 0.129843 0.0263878
9.9982E-05 0.195897 0.193889 0.00782507 0.310421 0.107467 9.9982E-05 0.0272779 0.140257 0.0167667
9.9955E-05 0.255105 0.160085 9.9955E-05 0.446559 0.0700187 9.9955E-05 9.9955E-05 0.0677334 9.9955E-05
0.0576483 0.0866393 0.485204 0.0273244 0.282785 9.9982E-05 0.0340396 0.00393445 0.0222245 9.9982E-05
0.0414121 9.9982E-05 0.552331 0.0189689 0.111067 0.121182 9.9982E-05 0.104674 0.0172458 0.0329192
0.0794108 0.0839753 0.358084 0.0292255 0.277939 9.9991E-05 0.0313455 0.0599793 0.0413934 0.0385473
0.0735605 0.0513007 9.9955E-05 9.9955E-05 0.674717 9.9955E-05 0.141611 9.9955E-05 0.0583114 9.9955E-05
0.0380656 0.0153056 0.52546 9.9973E-05 9.9973E-05 0.146007 0.060696 0.15636 9.9973E-05 0.057806
0.0882905 0.102238 0.402986 9.9973E-05 9.9973E-05 9.9973E-05 0.162473 0.0203473 0.10197 0.121395
9.9982E-05 0.115954 9.9982E-05 0.00727237 0.120101 0.063399 0.351407 0.10047 0.112767 0.12843
0.0594019 0.062621 0.538508 0.00699949 9.9973E-05 9.9973E-05 9.9973E-05 0.121285 0.16414 0.0467447
0.024428 9.9982E-05 0.317056 9.9982E-05 0.073976 0.0431087 0.192681 0.0636036 0.110012 0.174935
9.9973E-05 0.0270503 0.556617 9.9973E-05 0.125653 0.0477803 0.0690652 0.132265 0.0412695 9.9973E-05
9.9982E-05 0.056087 0.241704 0.0294144 0.140339 0.0391905 0.402151 0.0321456 0.0587689 9.9982E-05
9.9991E-05 0.223576 0.150791 0.00759463 0.0336016 0.0901594 0.291961 0.0471886 0.0531453 0.101883
9.9982E-05 0.0659072 0.402013 9.9982E-05 0.0450929 0.110643 0.104854 0.0115913 0.128668 0.131031
0.100186 0.00602157 0.443714 9.9982E-05 0.155558 0.0732501 0.12801 0.0694208 9.9982E-05 0.0236403
0.0514804 0.217127 0.313895 9.9973E-05 0.12561 9.9973E-05 0.147462 0.0568205 0.0873056 9.9973E-05
0.128312 0.175026 9.9991E-05 0.0130961 0.0275142 0.0149709 0.318226 0.0375507 0.246052 0.0391522
0.107269 0.0887068 0.373102 0.00989378 0.00972426 0.0571589 0.0685873 0.0531228 0.0870436 0.145392
9.9955E-05 0.0570063 0.334177 9.9955E-05 0.182228 9.9955E-05 0.308988 9.9955E-05 0.117101 9.9955E-05
9.9973E-05 0.0649174 0.425206 9.9973E-05 0.115698 0.0268173 0.126306 9.9973E-05 0.165811 0.0749434
9.9973E-05 9.9973E-05 0.500761 0.0853973 0.112828 0.0323526 0.136372 0.119694 9.9973E-05 0.0122956
0.238471 0.0145295 0.162998 0.0386696 0.0568272 9.9982E-05 0.236254 0.246425 0.00562501 9.9982E-05
0.12683 9.9955E-05 9.9955E-05 0.0453243 9.9955E-05 9.9955E-05 0.349062 0.463098 9.9955E-05 0.0151857
0.140021 9.9955E-05 9.9955E-05 0.0267174 9.9955E-05 9.9955E-05 0.432003 0.391933 9.9955E-05 0.00882493
0.310851 9.9955E-05 0.0281388 9.9955E-05 0.120862 9.9955E-05 0.166803 0.372845 9.9955E-05 9.9955E-05
9.9955E-05 9.9955E-05 0.627897 9.9955E-05 0.0824622 9.9955E-05 0.21983 9.9955E-05 0.0613163 0.00799523
9.9982E-05 9.9982E-05 0.583153 0.0310707 0.0184253 0.000382305 0.100252 0.0939331 0.0275264 0.145058
0.728303 0.00323387 0.224271 9.9946E-05 0.0435926 9.9946E-05 9.9946E-05 9.9946E-05 9.9946E-05 9.9946E-05
0.379689 0.0101174 0.337397 0.0727635 0.0772746 0.120913 9.9973E-05 0.0015455 9.9973E-05 9.9973E-05
0.471345 9.9955E-05 0.34354 9.9955E-05 9.9955E-05 0.0432892 9.9955E-05 0.0658193 0.075507 9.9955E-05
9.9964E-05 9.9964E-05 0.26758 0.00782508 0.125885 9.9964E-05 0.342595 9.9964E-05 0.131357 0.124358
9.9946E-05 9.9946E-05 0.557038 9.9946E-05 9.9946E-05 0.135684 0.210852 9.9946E-05 0.0958261 9.9946E-05
9.9955E-05 9.9955E-05 0.176235 9.9955E-05 0.183618 9.9955E-05 0.498654 9.9955E-05 0.00302938 0.137964
9.9964E-05 0.0522996 0.55048 9.9964E-05 0.116445 0.0258808 0.192654 9.9964E-05 0.0618414 9.9964E-05
9.9964E-05 0.148482 0.364041 9.9964E-05 0.117623 9.9964E-05 0.222873 9.9964E-05 0.0318787 0.114703
0.0321199 0.111165 0.488638 9.9973E-05 0.019145 0.104034 0.224309 9.9973E-05 9.9973E-05 0.0202894
9.9955E-05 0.0493913 0.185696 9.9955E-05 0.15269 9.9955E-05 0.479695 9.9955E-05 0.132028 9.9955E-05
0.0923546 0.0206419 0.55242 0.0144686 0.106502 0.0574564 0.0997755 0.0147538 0.0415274 9.9991E-05
0.0203131 0.0222437 0.471908 9.9982E-05 0.121494 9.9982E-05 0.077319 0.0777645 0.198382 0.010376
0.93158 9.9946E-05 9.9946E-05 9.9946E-05 9.9946E-05 9.9946E-05 0.0214702 9.9946E-05 0.0320809 0.0142692
0.917362 0.0650562 0.0168826 9.9937E-05 9.9937E-05 9.9937E-05 9.9937E-05 9.9937E-05 9.9937E-05 9.9937E-05
0.584804 0.0795562 0.274655 0.00729052 9.9973E-05 9.9973E-05 9.9973E-05 0.0327382 0.00539877 0.0152568
0.699306 9.9955E-05 0.22108 9.9955E-05 0.012988 0.0426673 9.9955E-05 9.9955E-05 9.9955E-05 0.023459
0.80996 9.9946E-05 0.095503 9.9946E-05 9.9946E-05 0.0763235 9.9946E-05 0.0176141 9.9946E-05 9.9946E-05
0.996449 9.9928E-05 9.9928E-05 0.00275176 9.9928E-05 9.9928E-05 9.9928E-05 9.9928E-05 9.9928E-05 9.9928E-05
0.922555 9.9937E-05 9.9937E-05 0.0236235 9.9937E-05 0.0531216 9.9937E-05 9.9937E-05 9.9937E-05 9.9937E-05
0.856158 9.9937E-05 0.138264 9.9937E-05 9.9937E-05 9.9937E-05 9.9937E-05 9.9937E-05 9.9937E-05 0.00487854
0.972689 0.0217137 9.9937E-05 0.00489799 9.9937E-05 9.9937E-05 9.9937E-05 9.9937E-05 9.9937E-05 9.9937E-05
0.986386 9.9937E-05 9.9937E-05 9.9937E-05 9.9937E-05 9.9937E-05 0.0103805 9.9937E-05 0.0025337 9.9937E-05
0.993323 9.9928E-05 9.9928E-05 0.00587788 9.9928E-05 9.9928E-05 9.9928E-05 9.9928E-05 9.9928E-05 9.9928E-05
0.7726 9.9955E-05 0.109651 0.0515179 0.0315906 0.0341411 9.9955E-05 9.9955E-05 9.9955E-05 9.9955E-05
0.823024 0.0562008 0.0551599 9.9955E-05 9.9955E-05 0.017077 9.9955E-05 0.0480391 9.9955E-05 9.9955E-05
0.965325 9.9928E-05 9.9928E-05 9.9928E-05 9.9928E-05 9.9928E-05 9.9928E-05 9.9928E-05 0.0338759 9.9928E-05
0.364574 0.110645 0.303405 0.0368651 0.021149 0.0396362 0.00569522 9.9982E-05 0.11783 9.9982E-05
0.66045 9.9973E-05 0.118866 0.00895534 0.110112 0.0112592 9.9973E-05 0.0545068 0.0355503 9.9973E-05
0.759825 9.9946E-05 0.17517 9.9946E-05 9.9946E-05 0.0365702 0.0278355 9.9946E-05 9.9946E-05 9.9946E-05
0.877499 0.0751223 0.028191 0.0185881 9.9946E-05 9.9946E-05 9.9946E-05 9.9946E-05 9.9946E-05 9.9946E-05
0.998608 9.9928E-05 9.9928E-05 9.9928E-05 9.9928E-05 9.9928E-05 9.9928E-05 0.000592286 9.9928E-05 9.9928E-05
0.819244 9.9946E-05 0.0906087 9.9946E-05 9.9946E-05 9.9946E-05 9.9946E-05 0.0647807 9.9946E-05 0.0247665
0.976341 0.0207757 9.9937E-05 0.00218375 9.9937E-05 9.9937E-05 9.9937E-05 9.9937E-05 9.9937E-05 9.9937E-05
0.607233 0.0719122 0.232187 9.9973E-05 9.9973E-05 0.035385 9.9973E-05 0.0451096 0.00764248 0.000231222
0.8771 0.0418749 9.9955E-05 9.9955E-05 0.00548841 9.9955E-05 9.9955E-05 0.0188164 0.0562205 9.9955E-05
0.0451733 0.00314477 9.9964E-05 9.9964E-05 0.0238766 9.9964E-05 0.568326 0.296049 9.9964E-05 0.0630302
0.0652527 0.0512223 0.352387 0.0701206 0.0771906 0.102348 0.189314 0.0610236 9.9991E-05 0.0310411
0.0473014 9.9964E-05 0.451645 9.9964E-05 9.9964E-05 0.0093669 0.154138 0.250231 9.9964E-05 0.0869173
0.0768765 0.10042 0.145936 0.0754061 0.00511577 9.9982E-05 0.408588 0.132426 0.0550313 9.9982E-05
0.0431085 0.0969948 0.454276 0.0491528 9.9982E-05 0.0339498 0.18302 0.0799115 9.9982E-05 0.0593865
0.116664 0.0637793 0.123876 0.0538645 0.0383342 9.9991E-05 0.350187 0.133592 0.051233 0.0683699
0.132265 0.10544 0.409667 0.000317746 9.9982E-05 0.109456 0.0939629 0.104327 9.9982E-05 0.044364
0.144442 9.9991E-05 0.293936 0.0260509 0.0103384 0.00548298 0.393986 0.0588766 0.0312014 0.0355857
0.0910981 9.9982E-05 0.479222 0.0390316 9.9982E-05 0.0486486 0.248969 0.0726763 0.0136188 0.0065353
0.149524 9.9946E-05 0.426078 0.0695172 9.9946E-05 9.9946E-05 0.354282 9.9946E-05 9.9946E-05 9.9946E-05
0.0533803 0.0132735 0.473003 0.0518227 0.013943 0.00732848 0.194372 0.127785 9.9991E-05 0.064992
9.9955E-05 9.9955E-05 0.0366494 9.9955E-05 9.9955E-05 0.0883572 0.0350563 0.804871 9.9955E-05 0.0345665
0.0712014 9.9946E-05 9.9946E-05 0.0562712 9.9946E-05 9.9946E-05 9.9946E-05 0.848655 9.9946E-05 0.0232724
9.9973E-05 0.00878002 0.00321848 0.0575617 9.9973E-05 0.0207348 0.0100352 0.892044 0.00732552 9.9973E-05
9.9955E-05 9.9955E-05 0.0229386 0.0350986 9.9955E-05 0.0478617 0.00366994 0.889931 9.9955E-05 9.9955E-05
9.9964E-05 0.01857 9.9964E-05 0.152748 0.0446574 0.0120903 0.0132597 0.758275 9.9964E-05 9.9964E-05
0.0716062 9.9955E-05 9.9955E-05 0.0856563 0.0133993 9.9955E-05 9.9955E-05 0.824832 9.9955E-05 0.00400691
0.0548005 9.9955E-05 0.055197 0.0594045 9.9955E-05 0.00962968 9.9955E-05 0.820468 9.9955E-05 9.9955E-05
0.0282615 9.9964E-05 0.000470015 9.9964E-05 0.0478674 9.9964E-05 0.0358225 0.840935 9.9964E-05 0.0462442
9.9955E-05 9.9955E-05 0.0475109 0.00741802 9.9955E-05 9.9955E-05 9.9955E-05 0.891526 0.0289561 0.0240888
0.102081 0.00847568 0.00910273 0.0464035 0.0204583 0.00335205 0.0311502 0.778776 9.9982E-05 9.9982E-05
9.9973E-05 0.161858 9.9973E-05 0.0207423 0.0323764 0.116397 9.9973E-05 0.561987 0.033084 0.0732551
9.9973E-05 0.0941116 9.9973E-05 0.0372941 0.00165115 0.217156 9.9973E-05 0.544146 0.100379 0.00496178
9.9982E-05 0.198805 9.9982E-05 0.0452725 0.00520544 0.129925 0.0548991 0.4999 0.0157187 0.0500745
9.9973E-05 0.168968 9.9973E-05 9.9973E-05 0.152851 0.121872 0.0237917 0.464974 0.0648299 0.00241386
0.0144114 0.0786402 0.431176 0.0271924 0.13114 0.0497242 9.9982E-05 0.0264048 0.241111 9.9982E-05
0.0398102 0.114677 0.441367 9.9982E-05 0.0278967 0.0200259 9.9982E-05 0.00212098 0.316102 0.0378008
0.0170951 0.110114 0.528711 9.9982E-05 0.0432362 0.136292 0.0496201 9.9982E-05 0.0781163 0.0366152
0.00152375 9.9973E-05 0.239648 0.0278165 0.398605 0.0177929 0.0257296 9.9973E-05 0.288585 9.9973E-05
9.9955E-05 0.296164 0.0807939 9.9955E-05 0.386366 0.197352 9.9955E-05 9.9955E-05 0.0388241 9.9955E-05
9.9955E-05 0.0208044 0.636249 9.9955E-05 9.9955E-05 9.9955E-05 9.9955E-05 0.111141 0.152434 0.0788721
0.0299441 9.9955E-05 0.52968 9.9955E-05 0.220641 0.0132237 9.9955E-05 9.9955E-05 0.206012 9.9955E-05
9.9973E-05 0.081462 0.430746 0.00136991 0.121115 0.0859198 0.0532141 9.9973E-05 0.225873 9.9973E-05
0.0579322 9.9955E-05 0.287019 9.9955E-05 0.0913468 9.9955E-05 0.0335557 9.9955E-05 0.529647 9.9955E-05
0.0534908 9.9973E-05 0.545206 9.9973E-05 0.122892 0.0806249 9.9973E-05 0.0398813 0.110475 0.0471305
9.9982E-05 0.0868063 0.381348 0.00553411 0.0203341 0.0626227 9.9982E-05 0.0160415 0.334704 0.0924093
9.99461E-05 9.99461E-05 9.99461E-05 9.99461E-05 0.086898 0.024205 9.99461E-05 9.99461E-05 0.82067 0.0676277
0.00737229 0.0443524 0.601711 9.9973E-05 0.189568 0.0370679 0.00608119 9.9973E-05 0.113547 9.9973E-05
9.9964E-05 9.9964E-05 0.201518 9.9964E-05 0.112427 9.9964E-05 0.128735 0.010764 0.506298 0.0398582
9.9955E-05 9.9955E-05 0.471745 0.0231599 0.124531 9.9955E-05 9.9955E-05 9.9955E-05 0.330045 0.0500191
9.9964E-05 0.0630451 0.0663622 9.9964E-05 0.0171887 0.125678 9.9964E-05 0.059227 0.6681 9.9964E-05
9.9964E-05 9.9964E-05 0.0344075 0.00110246 9.9964E-05 0.785831 0.111774 0.056388 0.0100976 9.9964E-05
0.00462633 9.9964E-05 0.0646166 0.0029751 9.9964E-05 0.824999 0.0686747 0.0337081 9.9964E-05 9.9964E-05
9.9928E-05 9.9928E-05 9.9928E-05 9.9928E-05 9.9928E-05 0.950445 9.9928E-05 9.9928E-05 9.9928E-05 0.0487553
9.9946E-05 9.9946E-05 9.9946E-05 9.9946E-05 9.9946E-05 0.844293 9.9946E-05 0.0436109 0.038557 0.072939
0.0494394 9.9955E-05 0.0274086 9.9955E-05 9.9955E-05 0.899523 0.0106457 9.9955E-05 0.0124839 9.9955E-05
0.0868981 9.9937E-05 0.0302195 9.9937E-05 9.9937E-05 0.882183 9.9937E-05 9.9937E-05 9.9937E-05 9.9937E-05
0.0575084 9.9955E-05 0.0167889 0.0525911 9.9955E-05 9.9955E-05 9.9955E-05 0.803616 9.9955E-05 0.068996
0.0769433 0.037065 0.0142492 0.0155977 0.0580846 0.0477778 9.9973E-05 0.749982 9.9973E-05 9.9973E-05
0.1164 0.127137 0.0719459 0.0614947 9.9955E-05 9.9955E-05 9.9955E-05 0.622523 9.9955E-05 9.9955E-05
0.128499 0.14338 9.9955E-05 0.0516937 0.00879753 9.9955E-05 9.9955E-05 0.66713 9.9955E-05 9.9955E-05
0.10932 0.0391638 0.0326468 0.00801928 0.00209171 0.0386145 0.0069305 0.748702 0.0144117 9.9991E-05
9.9964E-05 9.9964E-05 9.9964E-05 0.000721924 0.0631229 0.500392 0.0447706 0.374583 0.0160101 9.9964E-05
9.9964E-05 0.0195667 9.9964E-05 9.9964E-05 9.9964E-05 0.411341 0.0886388 0.404718 0.00591439 0.069422
9.9964E-05 0.0192414 9.9964E-05 0.00478732 9.9964E-05 0.422558 9.9964E-05 0.412298 0.0154837 0.125232
9.99279E-05 9.99279E-05 9.99279E-05 0.998452 0.000749042 9.99279E-05 9.99279E-05 9.99279E-05 9.99279E-05 9.99279E-05
9.9955E-05 9.9955E-05 9.9955E-05 9.9955E-05 9.9955E-05 0.459561 0.0212867 0.361297 0.124855 0.0325004
0.352957 9.9955E-05 0.262297 9.9955E-05 9.9955E-05 9.9955E-05 0.12625 0.209799 9.9955E-05 0.0481975
0.202882 9.9973E-05 0.549715 0.0363736 0.0495148 0.0354268 0.0520949 0.0736936 9.9973E-05 9.9973E-05
0.333619 0.0189805 0.484731 9.9946E-05 9.9946E-05 9.9946E-05 9.9946E-05 0.16207 9.9946E-05 9.9946E-05
0.272544 9.9964E-05 0.230756 9.9964E-05 0.0734059 9.9964E-05 0.0735117 0.209559 0.139824 9.9964E-05
0.150821 0.0705592 0.481184 9.9964E-05 0.0821784 9.9964E-05 0.0314733 0.183384 9.9964E-05 9.9964E-05
0.308499 9.9955E-05 9.9955E-05 9.9955E-05 0.0028159 9.9955E-05 0.221533 0.447773 9.9955E-05 0.0188796
9.9982E-05 0.0748935 0.397142 9.9982E-05 0.272661 0.154431 0.0105863 0.00318526 0.0748862 0.0120151
9.9964E-05 9.9964E-05 0.318499 9.9964E-05 0.341934 0.0564401 0.121712 9.9964E-05 0.0297738 0.131242
9.9964E-05 0.35578 0.139172 0.0416561 0.270998 0.148075 9.9964E-05 0.0439186 9.9964E-05 9.9964E-05
0.00167341 0.100751 0.394876 9.9982E-05 0.199427 0.00956118 0.0207797 9.9982E-05 0.0804159 0.192315
9.9946E-05 9.9946E-05 9.9946E-05 9.9946E-05 0.358965 9.9946E-05 0.230294 9.9946E-05 0.132509 0.277633
9.9982E-05 0.0611094 0.491283 0.0236219 0.234212 0.00228181 0.00891636 0.0949059 9.9982E-05 0.083469
9.9964E-05 0.189459 0.366892 0.0803199 0.136898 0.055907 9.9964E-05 9.9964E-05 9.9964E-05 0.170123
9.9964E-05 0.345686 0.162907 9.9964E-05 0.335481 0.0838879 9.9964E-05 0.0299182 9.9964E-05 0.0417202
0.0496576 0.130798 0.437162 9.9991E-05 0.162316 0.0215496 0.00190411 0.0951719 0.0606115 0.0407288
9.9964E-05 0.170744 0.0260203 9.9964E-05 0.364397 9.9964E-05 0.27058 9.9964E-05 0.160834 0.00702513
0.0620581 0.0554018 0.342192 9.9982E-05 0.277592 0.043168 0.0384122 9.9982E-05 0.0669951 0.113981
0.00633252 0.0589741 0.440054 0.0497345 0.0904347 0.203803 9.9973E-05 9.9973E-05 0.150368 9.9973E-05
0.207551 0.164018 0.269338 0.00899561 0.0228945 0.0218153 0.0900728 0.112497 0.102717 9.9991E-05
9.9964E-05 0.116016 0.31628 9.9964E-05 0.343304 9.9964E-05 0.0504032 9.9964E-05 0.0382696 0.135328
9.9982E-05 0.0999959 0.358332 0.00168132 0.270911 0.079964 9.9982E-05 0.0367791 0.0223152 0.129821
0.0491641 0.132401 0.432352 0.00541572 0.127375 0.0437244 0.0492693 9.9991E-05 0.0899763 0.0702217
0.037971 0.0381955 0.444195 9.9973E-05 0.246569 0.0371894 9.9973E-05 9.9973E-05 0.117268 0.0783113
0.168204 9.9982E-05 0.503284 0.0295797 0.0795584 0.138048 0.0160325 9.9982E-05 0.0165517 0.0485414
0.101852 9.9982E-05 0.439828 9.9982E-05 0.152626 0.0189148 0.0248983 0.0572444 0.117241 0.0871959
0.036933 9.9964E-05 0.52565 9.9964E-05 0.218322 9.9964E-05 0.038688 0.089473 9.9964E-05 0.0905345
0.0372417 9.9937E-05 0.171005 9.9937E-05 9.9937E-05 9.9937E-05 9.9937E-05 0.791053 9.9937E-05 9.9937E-05
0.00871354 9.9964E-05 0.116429 0.00178506 9.9964E-05 9.9964E-05 0.00549482 0.851219 0.0159581 9.9964E-05
9.9964E-05 9.9964E-05 0.0562834 9.9964E-05 0.015113 0.0997852 0.0485012 0.762315 0.0176024 9.9964E-05
9.9964E-05 9.9964E-05 0.0620711 0.00925385 9.9964E-05 0.0591992 9.9964E-05 0.76141 0.0740355 0.0336307
9.9955E-05 9.9955E-05 0.163947 0.0436846 0.0139382 0.0155177 9.9955E-05 0.762413 9.9955E-05 9.9955E-05
0.0314347 0.184246 0.00590173 9.9973E-05 0.667685 0.0952103 9.9973E-05 0.00488255 0.0103401 9.9973E-05
0.0466562 0.0477923 0.435028 9.9991E-05 0.226574 0.0461707 0.0348251 0.0321702 0.0554995 0.0751841
0.221277 0.0381064 0.274108 0.0116757 9.9991E-05 0.062544 0.022189 0.126248 0.0589626 0.184789
0.0360156 0.0634845 0.548426 0.0377949 0.310534 9.9964E-05 9.9964E-05 9.9964E-05 9.9964E-05 0.00334491
0.0246171 0.115034 0.397295 0.029777 0.239002 0.0264607 9.9991E-05 0.0382465 0.0981217 0.0313463
0.02664 9.9973E-05 0.184557 0.0322761 0.590532 0.00377158 0.11939 9.9973E-05 9.9973E-05 0.0425339
9.9955E-05 9.9955E-05 9.9955E-05 0.0454162 0.818688 0.00292803 0.0298021 0.102666 9.9955E-05 9.9955E-05
0.0277739 0.000260791 0.453988 0.0173607 0.312689 0.0795874 9.9991E-05 0.00670691 0.0737623 0.0277715
0.0454962 0.239213 0.0117608 9.9982E-05 0.300046 0.238735 9.9982E-05 0.0245734 0.0187033 0.121271
0.0240662 9.9991E-05 0.399109 0.0117376 0.23101 0.0185122 0.0596916 0.0818696 0.100626 0.0732781
9.9955E-05 9.9955E-05 0.0174121 9.9955E-05 0.713025 0.0411394 9.9955E-05 0.133496 9.9955E-05 0.0944272
0.0192359 9.9964E-05 0.538371 0.020093 0.27655 9.9964E-05 9.9964E-05 0.144818 9.9964E-05 0.000532455
9.9973E-05 0.227101 0.0606522 0.0307468 0.592898 0.0309477 9.9973E-05 0.0553389 0.00201545 9.9973E-05
0.0199103 0.0740501 0.239738 0.0420915 0.444483 0.0424719 0.115402 9.9991E-05 0.00452743 0.0172254
0.0404462 0.136388 0.436901 9.9973E-05 9.9973E-05 0.0463385 0.245191 0.0156525 9.9973E-05 0.0787834
9.9955E-05 0.152087 0.261256 9.9955E-05 0.0346431 0.120474 0.43104 9.9955E-05 9.9955E-05 9.9955E-05
9.9973E-05 0.0672315 0.553808 9.9973E-05 0.0550344 0.113533 0.189403 0.020033 0.000657363 9.9973E-05
9.9964E-05 9.9964E-05 0.51735 9.9964E-05 0.0540716 9.9964E-05 0.16095 0.129638 0.0519961 0.0855946
9.9973E-05 0.0319745 0.30721 9.9973E-05 0.024404 0.117486 0.420695 9.9973E-05 0.0900686 0.00786259
0.0566397 0.148976 0.489011 0.0144746 9.9973E-05 9.9973E-05 0.178915 0.0730044 9.9973E-05 0.0386794
9.9964E-05 9.9964E-05 0.590822 0.00901692 9.9964E-05 0.0490892 0.214692 0.00486154 9.9964E-05 0.131118
9.9964E-05 0.0974335 0.0744804 9.9964E-05 9.9964E-05 0.0781332 0.51592 9.9964E-05 0.0901555 0.143477
9.9964E-05 0.0529203 0.21086 9.9964E-05 9.9964E-05 0.0558484 0.539633 9.9964E-05 0.114638 0.0257006
9.9964E-05 0.0583906 0.451056 9.9964E-05 9.9964E-05 0.105766 0.306293 9.9964E-05 0.0162961 0.0617983
9.9973E-05 0.0443182 0.0975451 9.9973E-05 0.0520851 0.100516 0.456929 9.9973E-05 0.21272 0.0355863
9.9955E-05 0.137797 0.424068 9.9955E-05 0.0848964 0.0384617 0.314277 9.9955E-05 9.9955E-05 9.9955E-05
9.9964E-05 0.153445 9.9964E-05 0.00210561 0.587278 0.113051 9.9964E-05 0.0423049 0.101416 9.9964E-05
0.0102431 0.0250345 0.148971 9.9973E-05 0.63075 9.9973E-05 0.0138323 9.9973E-05 0.0557454 0.115124
0.0077671 0.0313277 0.336385 0.0166601 0.43667 0.0360877 9.9991E-05 0.0425183 0.0545451 0.0379391
0.112261 0.111922 0.486527 9.9973E-05 0.172173 0.0625358 9.9973E-05 9.9973E-05 0.0504332 0.00384669
0.012712 0.11574 0.129232 0.00725405 0.478445 0.144562 9.9973E-05 9.9973E-05 0.111755 9.9973E-05
0.0660346 9.9991E-05 0.395348 0.0362119 0.264308 0.0168025 0.0151721 0.0569925 0.0730753 0.0759553
0.126538 9.9973E-05 0.483521 0.0738279 0.274739 0.037111 0.000540014 9.9973E-05 9.9973E-05 0.00342397
0.0908661 9.9973E-05 0.409403 9.9973E-05 0.28257 0.0595269 9.9973E-05 0.0323944 0.0831548 0.0417846
0.0844097 0.113095 0.445909 0.00852927 0.272111 9.9982E-05 9.9982E-05 0.0105661 0.0302731 0.0349074
0.0278388 0.0159696 0.292495 0.0256511 0.368814 0.164201 9.9973E-05 9.9973E-05 0.104731 9.9973E-05
0.107993 0.177331 0.0926224 9.9964E-05 0.421294 0.139376 9.9964E-05 9.9964E-05 0.0609842 9.9964E-05
0.0621007 0.0684246 0.269587 0.00106785 0.29094 0.182193 9.9991E-05 0.00636835 0.100566 0.0186527
0.0484511 0.0191811 0.524789 0.00723575 0.305169 9.9982E-05 9.9982E-05 0.00338007 0.0011817 0.0904127
9.9955E-05 9.9955E-05 0.584339 9.9955E-05 0.316637 9.9955E-05 0.0439905 0.0498101 0.00472424 9.9955E-05
9.9982E-05 9.9982E-05 0.367284 0.0474324 0.334109 0.0439316 0.0333989 0.0291862 0.00111313 0.143344
0.0257733 9.9955E-05 0.468039 9.9955E-05 0.34894 0.0612388 9.9955E-05 9.9955E-05 9.9955E-05 0.0955089
9.9964E-05 9.9964E-05 0.324815 0.0558195 0.449097 0.131673 0.00606664 0.0321289 9.9964E-05 9.9964E-05
0.0533515 0.122743 0.544613 0.00749178 0.163205 0.108197 9.9964E-05 9.9964E-05 9.9964E-05 9.9964E-05
9.9964E-05 0.0774433 0.494328 9.9964E-05 0.242943 0.0498076 9.9964E-05 0.0925643 0.0425141 9.9964E-05
0.0500449 0.0575655 0.433181 0.0324338 0.215687 0.0136957 0.00807972 0.0531614 0.00248412 0.133668
0.115273 0.111592 0.401062 0.0337998 0.00167791 9.9982E-05 0.032506 0.287263 0.0166262 9.9982E-05
0.259858 9.9982E-05 0.385472 0.0119456 0.0824953 9.9982E-05 0.0754514 0.0932819 0.0418258 0.0494704
0.158487 0.061337 0.431804 0.0107387 0.0374863 9.9982E-05 0.12662 0.0880788 0.0852478 9.9982E-05
0.0694012 0.19753 0.531963 0.0563213 9.9982E-05 9.9982E-05 0.0216838 0.0297136 0.0227644 0.0704224
0.188432 0.0214327 0.397103 0.0242229 0.00163392 9.9982E-05 9.9982E-05 0.212128 0.136611 0.018237
9.9973E-05 0.0150293 0.313534 0.00205749 0.392758 9.9973E-05 0.152211 9.9973E-05 0.0076126 0.116498
0.116062 9.9982E-05 0.422745 9.9982E-05 0.0118422 0.0973382 0.128162 0.112742 0.0284815 0.0824273
0.14368 0.0288365 9.9964E-05 9.9964E-05 0.0441058 9.9964E-05 0.387175 0.211094 0.184708 9.9964E-05
0.197269 0.0617678 0.427347 9.9973E-05 0.0772008 9.9973E-05 0.102832 0.0550972 0.0781866 9.9973E-05
0.121693 9.9982E-05 0.523181 0.0112033 0.088871 0.0253952 9.9982E-05 0.0833403 0.0935945 0.052522
0.204761 0.135952 0.396505 0.07477 0.0248605 0.0262576 0.0109479 0.00342122 9.9991E-05 0.122425
0.203401 0.072839 0.201377 0.0569747 0.0794365 9.9991E-05 0.106467 0.128196 0.0633893 0.0878196
0.125058 9.9955E-05 0.483398 9.9955E-05 9.9955E-05 9.9955E-05 0.116437 0.204045 0.0705625 9.9955E-05
0.126005 0.0414837 0.584634 0.0379162 9.9973E-05 9.9973E-05 0.0411092 0.107357 9.9973E-05 0.0611942
0.160907 9.9964E-05 9.9964E-05 0.0220524 0.0368901 9.9964E-05 0.297964 0.465436 9.9964E-05 0.0163506
0.194741 9.9964E-05 0.415174 0.0704438 0.0845267 9.9964E-05 9.9964E-05 0.204116 9.9964E-05 0.0306
0.157291 0.0734328 0.558192 0.0316805 9.9964E-05 9.9964E-05 0.0350382 0.143966 9.9964E-05 9.9964E-05
0.072296 0.0316679 0.625814 0.0195541 0.0149067 9.9982E-05 0.0913425 0.103218 9.9982E-05 0.0410006
0.187893 9.9964E-05 0.513356 0.0247929 0.0618769 9.9964E-05 0.0786334 0.133049 9.9964E-05 9.9964E-05
0.208097 0.103435 0.393317 0.00904772 0.00290503 9.9982E-05 9.9982E-05 0.142454 0.107567 0.0329777
0.0359926 9.9973E-05 0.449289 0.00390538 0.0151137 0.0935661 9.9973E-05 0.0181392 9.9973E-05 0.383694
0.0844875 0.0301166 0.443925 0.00583266 0.0657274 0.014715 0.024972 0.0243248 0.0637991 0.2421
9.9955E-05 0.0360773 9.9955E-05 9.9955E-05 0.11491 9.9955E-05 0.0473982 9.9955E-05 0.068418 0.732697
9.9946E-05 9.9946E-05 9.9946E-05 9.9946E-05 9.9946E-05 0.0598136 9.9946E-05 0.00139612 0.0655313 0.872659
0.146463 0.0614833 0.319283 0.0503565 0.0741129 0.0721967 9.9973E-05 9.9973E-05 9.9973E-05 0.275805
0.269852 0.0389727 0.410444 9.9964E-05 9.9964E-05 9.9964E-05 0.0616113 0.112884 9.9964E-05 0.105835
0.359394 9.9964E-05 0.231245 9.9964E-05 0.00361893 9.9964E-05 0.090352 0.07274 9.9964E-05 0.24225
0.284746 0.0541154 0.0710324 9.9973E-05 9.9973E-05 9.9973E-05 0.138291 0.162557 0.0258643 0.263095
0.202574 0.0217369 0.341307 0.0753701 9.9964E-05 9.9964E-05 9.9964E-05 0.157509 9.9964E-05 0.201104
0.0545382 9.9955E-05 0.0587778 9.9955E-05 9.9955E-05 9.9955E-05 0.206654 0.0650654 9.9955E-05 0.614465
0.071049 9.9964E-05 0.121073 0.0325146 9.9964E-05 9.9964E-05 0.0183121 0.0360258 9.9964E-05 0.720626
0.14671 0.0458886 0.411344 0.0194904 9.9955E-05 9.9955E-05 9.9955E-05 9.9955E-05 9.9955E-05 0.376067
0.0677303 0.0325183 0.433042 9.9955E-05 9.9955E-05 9.9955E-05 9.9955E-05 0.035445 9.9955E-05 0.430764
0.107402 9.9955E-05 0.10486 0.0285363 9.9955E-05 9.9955E-05 9.9955E-05 0.026937 9.9955E-05 0.731766
0.130488 0.0330856 0.367667 0.0233883 0.0629069 0.0289959 9.9982E-05 0.00221546 9.9982E-05 0.351053
0.151753 9.9955E-05 0.424503 9.9955E-05 9.9955E-05 0.0292577 0.0413468 9.9955E-05 9.9955E-05 0.352639
0.115318 0.0731704 0.415348 0.0361875 9.9982E-05 0.0276755 0.0225196 0.0154528 9.9982E-05 0.294128
9.9973E-05 0.154311 0.219025 0.00620701 9.9973E-05 0.0235849 9.9973E-05 0.00397609 0.0439999 0.548596
9.9973E-05 0.0405891 0.31754 0.0524389 9.9973E-05 0.0468593 0.0239087 9.9973E-05 0.00766848 0.510695
9.9955E-05 9.9955E-05 0.53317 9.9955E-05 9.9955E-05 9.9955E-05 0.0200028 0.0588945 0.018349 0.369084
0.0702178 9.9964E-05 0.317806 0.035387 9.9964E-05 0.0955489 9.9964E-05 9.9964E-05 0.0739786 0.406662
0.0361015 0.0586414 0.366238 9.9982E-05 0.102032 0.016966 0.177594 0.120355 9.9982E-05 0.121873
9.9946E-05 9.9946E-05 0.393418 9.9946E-05 0.0609718 9.9946E-05 0.0437626 9.9946E-05 9.9946E-05 0.501248
9.9955E-05 0.0142526 0.153442 9.9955E-05 9.9955E-05 0.134605 0.056998 9.9955E-05 9.9955E-05 0.640202
9.9937E-05 9.9937E-05 0.635521 9.9937E-05 9.9937E-05 9.9937E-05 9.9937E-05 9.9937E-05 0.0476505 0.316129
9.99459E-05 9.99459E-05 0.156709 9.99459E-05 0.0221613 9.99459E-05 9.99459E-05 9.99459E-05 0.141767 0.678763
0.000641578 9.9964E-05 0.371465 0.0380448 9.9964E-05 0.016365 9.9964E-05 0.00187894 9.9964E-05 0.571205
0.0922507 9.9982E-05 0.455942 0.0592645 0.0171526 0.0413985 9.9982E-05 0.038391 0.107583 0.187818
9.9973E-05 9.9973E-05 0.499852 0.0167505 0.0297101 0.0137031 9.9973E-05 0.0559084 0.0865707 0.297205
0.114381 0.119981 0.475855 0.0248192 9.9973E-05 9.9973E-05 0.0821263 0.125055 9.9973E-05 0.0574829
0.100595 0.0626535 0.287835 0.0556785 9.9982E-05 0.193356 9.9982E-05 0.0945666 0.0126566 0.192458
0.315757 0.0512736 0.270154 9.9982E-05 0.0653891 0.0106768 0.134921 0.102256 9.9982E-05 0.0493718
0.149506 0.0952504 0.357943 0.0328892 0.0351391 0.0557189 0.0592355 0.167019 9.9991E-05 0.0471984
0.156809 0.000641547 0.439217 9.9991E-05 0.0168638 0.0855075 0.0720871 0.121463 0.0460063 0.0613052
0.171529 0.0527626 0.379247 0.00762342 9.9982E-05 0.064688 0.0496431 0.0456782 9.9982E-05 0.228629
0.100406 9.9964E-05 9.9964E-05 0.00960262 9.9964E-05 9.9964E-05 0.101501 0.189673 0.00581277 0.592605
0.220961 9.9973E-05 0.498872 0.00708699 9.9973E-05 0.0282572 0.0234732 0.0754302 9.9973E-05 0.145619
0.0676353 9.9955E-05 9.9955E-05 0.0121377 9.9955E-05 9.9955E-05 0.177945 0.351388 9.9955E-05 0.390395
0.116664 9.9955E-05 0.509636 9.9955E-05 0.0126741 9.9955E-05 9.9955E-05 0.0545583 9.9955E-05 0.305968
9.9946E-05 9.9946E-05 0.055831 9.9946E-05 9.9946E-05 9.9946E-05 0.00876926 9.9946E-05 0.172 0.7628
9.9928E-05 9.9928E-05 9.9928E-05 9.9928E-05 9.9928E-05 9.9928E-05 9.9928E-05 9.9928E-05 0.097286 0.901915
9.9955E-05 0.134173 0.395913 0.0167982 9.9955E-05 9.9955E-05 9.9955E-05 9.9955E-05 0.0202178 0.432398
