9.9937E-05 9.9937E-05 9.9937E-05 0.790177 9.9937E-05 9.9937E-05 9.9937E-05 0.0148823 9.9937E-05 0.194241
0.0135277 9.9955E-05 0.0247431 0.854913 0.0073529 9.9955E-05 9.9955E-05 9.9955E-05 9.9955E-05 0.0989638
0.0196893 9.9973E-05 9.9973E-05 0.756251 9.9973E-05 0.108433 0.0205687 0.00800472 0.0450909 0.0416621
9.9964E-05 9.9964E-05 9.9964E-05 0.71403 9.9964E-05 0.0616985 0.00469443 0.0874941 0.0243491 0.107334
9.9946E-05 9.9946E-05 0.0347528 0.805131 9.9946E-05 9.9946E-05 9.9946E-05 0.0289708 9.9946E-05 0.130546
9.9955E-05 0.0578922 9.9955E-05 0.574047 0.267402 9.9955E-05 0.0167773 9.9955E-05 9.9955E-05 0.0833821
9.9937E-05 0.0440984 9.9937E-05 0.795814 0.159388 9.9937E-05 9.9937E-05 9.9937E-05 9.9937E-05 9.9937E-05
9.9955E-05 9.9955E-05 9.9955E-05 0.657301 0.20125 9.9955E-05 0.0373701 0.0969273 9.9955E-05 0.00665192
0.0684853 0.0267383 9.99549E-05 0.795494 9.99549E-05 9.99549E-05 9.99549E-05 0.0565357 0.0522465 9.99549E-05
9.9955E-05 9.9955E-05 9.9955E-05 0.637669 0.174983 0.0107631 0.0602609 9.9955E-05 9.9955E-05 0.115825
9.9946E-05 0.027729 9.9946E-05 0.683838 0.277665 9.9946E-05 9.9946E-05 0.0101682 9.9946E-05 9.9946E-05
9.9946E-05 0.765974 9.9946E-05 9.9946E-05 0.0144502 0.175629 0.0433475 9.9946E-05 9.9946E-05 9.9946E-05
0.0255879 0.329201 0.00114548 0.012685 0.00517706 0.452705 9.9982E-05 0.0762197 9.9982E-05 0.0970794
9.9973E-05 0.647637 0.0281949 0.00439913 9.9973E-05 0.170136 0.0718612 0.044097 0.0333749 9.9973E-05
9.9955E-05 0.622585 9.9955E-05 0.0471055 9.9955E-05 0.172884 0.129907 9.9955E-05 9.9955E-05 0.027018
0.0264893 0.441771 9.9964E-05 0.0968031 0.0248804 0.187458 0.222198 9.9964E-05 9.9964E-05 9.9964E-05
9.9964E-05 0.234424 9.9964E-05 0.0696428 0.00518724 0.538424 9.9964E-05 9.9964E-05 0.0751778 0.0767438
0.0219004 0.307759 0.0187271 0.00633043 0.116493 0.428092 0.0451825 0.0413716 0.0140448 9.9991E-05
9.9955E-05 0.599921 9.9955E-05 0.040487 9.9955E-05 0.151424 9.9955E-05 9.9955E-05 0.06496 0.142708
9.9946E-05 0.783321 9.9946E-05 0.0447818 0.168376 9.9946E-05 0.00292167 9.9946E-05 9.9946E-05 9.9946E-05
0.0721668 0.489248 9.9955E-05 9.9955E-05 9.9955E-05 0.333639 0.0910138 9.9955E-05 0.0134323 9.9955E-05
0.0754852 0.262137 0.0499761 0.033732 0.0554591 0.403589 0.0557305 0.0384512 0.0253397 9.9991E-05
0.0112202 0.341874 0.019932 0.000185746 0.0775116 0.462284 9.9973E-05 9.9973E-05 9.9973E-05 0.0866929
9.9955E-05 0.734173 9.9955E-05 9.9955E-05 0.0380534 0.100127 0.080909 9.9955E-05 9.9955E-05 0.0462375
0.0108781 0.200464 9.9955E-05 9.9955E-05 9.9955E-05 0.57389 9.9955E-05 9.9955E-05 0.0747055 0.139563
9.9946E-05 0.426205 9.9946E-05 9.9946E-05 9.9946E-05 0.462313 0.0433437 9.9946E-05 0.0675392 9.9946E-05
9.9937E-05 0.888634 9.9937E-05 9.9937E-05 9.9937E-05 9.9937E-05 0.104637 9.9937E-05 9.9937E-05 0.00603003
9.9937E-05 0.757915 9.9937E-05 9.9937E-05 9.9937E-05 0.0418203 0.199565 9.9937E-05 9.9937E-05 9.9937E-05
9.9964E-05 0.717618 0.0586009 0.000241282 0.0663093 0.0969302 0.0599004 9.9964E-05 9.9964E-05 9.9964E-05
9.9937E-05 9.9937E-05 9.9937E-05 0.816292 9.9937E-05 0.126511 0.056498 9.9937E-05 9.9937E-05 9.9937E-05
9.9928E-05 9.9928E-05 9.9928E-05 0.805958 9.9928E-05 0.193243 9.9928E-05 9.9928E-05 9.9928E-05 9.9928E-05
9.9955E-05 9.9955E-05 9.9955E-05 0.766623 9.9955E-05 0.155398 0.0730872 0.00176234 9.9955E-05 0.00262964
9.99634E-05 9.99634E-05 9.99634E-05 0.66145 9.99634E-05 0.0887721 0.0118858 9.99634E-05 0.103113 0.134279
0.144219 0.160484 0.163551 9.9946E-05 9.9946E-05 0.531145 9.9946E-05 9.9946E-05 9.9946E-05 9.9946E-05
0.296336 0.0657941 9.9973E-05 0.101016 9.9973E-05 0.468339 0.0400011 0.0139213 9.9973E-05 0.0142924
0.443699 9.9946E-05 9.9946E-05 9.9946E-05 9.9946E-05 0.437187 0.059728 9.9946E-05 9.9946E-05 0.0587859
0.0754303 0.590416 0.00105758 0.0743502 0.0138936 0.0877181 9.9982E-05 0.156372 9.9982E-05 0.000562063
0.564452 0.00916257 0.0147728 9.9982E-05 0.0177416 0.246613 0.0846147 0.00951922 0.0529237 9.9982E-05
0.136873 0.219854 0.0703104 0.0119216 9.9982E-05 0.390884 9.9982E-05 0.00788648 0.0266028 0.135468
0.202078 9.9946E-05 9.9946E-05 9.9946E-05 0.104492 0.550488 9.9946E-05 9.9946E-05 9.9946E-05 0.142342
9.9946E-05 9.9946E-05 9.9946E-05 0.0975105 0.321568 0.54916 0.031162 9.9946E-05 9.9946E-05 9.9946E-05
0.0362097 9.9964E-05 9.9964E-05 0.0906331 0.194201 0.609041 0.0372974 0.0322181 9.9964E-05 9.9964E-05
0.63996 0.186217 9.9946E-05 9.9946E-05 9.9946E-05 0.116266 9.9946E-05 9.9946E-05 0.0569567 9.9946E-05
9.9964E-05 0.0141824 9.9964E-05 9.9964E-05 0.277174 0.491069 0.0285889 0.0841878 9.9964E-05 0.104398
0.154985 0.0361336 0.0692616 0.00900145 0.0332313 0.467427 0.145111 9.9991E-05 0.0306559 0.0540941
0.145861 9.9955E-05 9.9955E-05 0.0480474 9.9955E-05 0.581674 0.0645035 9.9955E-05 0.159414 9.9955E-05
0.561253 9.9955E-05 0.0213269 9.9955E-05 9.9955E-05 0.359578 9.9955E-05 0.0257909 0.0315514 9.9955E-05
0.185436 9.9964E-05 9.9964E-05 0.0326452 0.111913 0.548056 0.0692231 9.9964E-05 0.0523265 9.9964E-05
0.139679 0.0595118 0.0996346 0.122037 0.0126896 0.508756 0.0510047 9.9982E-05 0.00648723 9.9982E-05
0.692142 9.9955E-05 0.0277149 0.0200613 0.095615 9.9955E-05 9.9955E-05 9.9955E-05 0.163967 9.9955E-05
0.178392 0.328409 0.108061 9.9973E-05 0.0492291 0.112522 9.9973E-05 0.152894 0.0701929 9.9973E-05
0.156961 0.348939 0.121009 9.9973E-05 0.155438 0.00378246 9.9973E-05 9.9973E-05 0.173211 0.0403583
9.9982E-05 0.1166 0.0715183 0.0956509 9.9982E-05 0.592108 0.0452217 0.0416996 0.00305279 0.0339493
9.9973E-05 0.129689 0.0507517 9.9973E-05 0.139823 0.47172 0.0383339 9.9973E-05 0.0274845 0.141898
0.0284142 0.0919297 0.0954341 0.0240243 0.106146 0.459165 0.0018314 9.9982E-05 9.9982E-05 0.192855
0.247778 0.331128 0.0256872 0.0588651 0.00111687 0.127242 9.9982E-05 0.153881 0.054102 9.9982E-05
0.0552515 0.210864 0.00730479 9.9982E-05 9.9982E-05 0.497557 0.00366441 0.0946458 0.11222 0.018293
9.9973E-05 0.227569 9.9973E-05 0.000711578 0.0738166 0.489322 0.0473145 9.9973E-05 0.0555154 0.10545
0.0901853 0.30375 0.0706461 0.100138 0.121706 0.224573 0.0532285 0.0154607 0.0202121 9.9991E-05
0.0872685 0.403485 9.9982E-05 0.148223 0.0391453 0.0549301 9.9982E-05 0.084363 0.171758 0.0106269
0.075834 0.157396 9.99911E-05 0.0753162 0.00688517 0.474519 0.00538901 0.030026 0.0743363 0.100198
0.00641228 0.375507 0.0317118 9.9973E-05 9.9973E-05 0.354602 9.9973E-05 0.0551918 0.15896 0.0173145
0.107701 0.62186 0.0143368 9.9964E-05 0.0398701 9.9964E-05 9.9964E-05 0.0902953 0.125537 9.9964E-05
0.014528 0.343909 0.0871713 9.9964E-05 9.9964E-05 0.459652 9.9964E-05 0.0100575 0.0842817 9.9964E-05
9.9955E-05 0.127639 0.191229 9.9955E-05 9.9955E-05 0.449938 0.00349303 9.9955E-05 9.9955E-05 0.227201
0.0842543 0.0291693 0.0146105 9.9982E-05 0.00740753 0.519926 9.9982E-05 0.10387 0.0686683 0.171894
0.0896676 0.481345 0.0197746 0.0180366 0.00621381 0.208291 0.0857414 9.9982E-05 0.0907305 9.9982E-05
0.0744918 0.270041 0.0968854 9.9964E-05 9.9964E-05 0.411932 0.0787313 9.9964E-05 0.0675184 9.9964E-05
0.178236 9.9955E-05 9.9955E-05 9.9955E-05 9.9955E-05 0.52415 9.9955E-05 0.156618 0.0678037 0.0726922
0.0531549 0.58089 0.0975199 9.9973E-05 0.0117264 0.124603 9.9973E-05 0.0474012 0.0844053 9.9973E-05
0.311855 0.0560157 0.0124272 9.9964E-05 0.00815621 0.524194 9.9964E-05 0.0869521 9.9964E-05 9.9964E-05
0.602907 0.184762 9.9946E-05 9.9946E-05 9.9946E-05 0.191547 0.0201852 9.9946E-05 9.9946E-05 9.9946E-05
0.113203 9.9982E-05 0.130832 0.0713299 0.101879 0.468448 0.0432415 0.009535 0.0613304 9.9982E-05
0.884538 9.9946E-05 0.00316773 9.9946E-05 0.0335978 9.9946E-05 9.9946E-05 9.9946E-05 0.0780971 9.9946E-05
0.836756 0.0778026 0.0709679 9.9946E-05 9.9946E-05 9.9946E-05 9.9946E-05 9.9946E-05 0.0138735 9.9946E-05
0.724336 9.9946E-05 9.9946E-05 9.9946E-05 9.9946E-05 0.233852 9.9946E-05 0.0172059 9.9946E-05 0.0240071
0.433881 0.0536596 9.9964E-05 9.9964E-05 0.0406403 0.407166 0.0557303 0.00852297 9.9964E-05 9.9964E-05
0.0494113 0.12858 0.0451698 0.129274 0.0661268 0.532622 0.00307224 9.9982E-05 0.045543 9.9982E-05
0.385252 9.9955E-05 9.9955E-05 9.9955E-05 9.9955E-05 0.458386 0.0235463 0.0768575 0.0554589 9.9955E-05
0.627576 0.118061 9.9973E-05 0.029576 9.9973E-05 0.0853561 0.0459992 0.0793553 9.9973E-05 0.0137768
0.443625 0.0749615 9.9955E-05 0.0522429 9.9955E-05 0.23626 9.9955E-05 0.192411 9.9955E-05 9.9955E-05
0.209006 9.9982E-05 9.9982E-05 0.0437328 0.0135019 0.410063 0.0932381 0.117874 0.0194947 0.0928892
0.534769 0.123041 9.9955E-05 0.00526358 9.9955E-05 0.284413 0.0520137 9.9955E-05 9.9955E-05 9.9955E-05
0.410938 0.121563 9.9964E-05 0.0275029 0.038108 0.385352 9.9964E-05 9.9964E-05 9.9964E-05 0.0161362
0.546059 9.9937E-05 0.00101882 9.9937E-05 9.9937E-05 0.452223 9.9937E-05 9.9937E-05 9.9937E-05 9.9937E-05
0.706246 0.0640509 0.0598612 9.9955E-05 0.0610062 9.9955E-05 9.9955E-05 9.9955E-05 0.108336 9.9955E-05
0.196436 9.9955E-05 9.9955E-05 9.9955E-05 9.9955E-05 0.601398 9.9955E-05 0.122456 0.00849807 0.070713
9.9955E-05 0.0992851 9.9955E-05 0.751984 9.9955E-05 0.0415828 0.0209044 9.9955E-05 9.9955E-05 0.0857439
9.99281E-05 9.99281E-05 9.99281E-05 0.888738 9.99281E-05 0.110462 9.99281E-05 9.99281E-05 9.99281E-05 9.99281E-05
9.9937E-05 9.9937E-05 9.9937E-05 0.783107 9.9937E-05 0.0257081 9.9937E-05 9.9937E-05 9.9937E-05 0.190485
9.9946E-05 9.9946E-05 9.9946E-05 0.84031 9.9946E-05 0.0633626 0.00896285 9.9946E-05 0.0867647 9.9946E-05
0.0155292 9.9955E-05 9.9955E-05 0.839074 9.9955E-05 0.0617283 9.9955E-05 9.9955E-05 0.015405 0.067764
0.0631366 9.9955E-05 0.0119167 0.844929 9.9955E-05 9.9955E-05 0.0572208 9.9955E-05 0.0222973 9.9955E-05
9.9964E-05 9.9964E-05 9.9964E-05 0.874691 0.00845617 0.0420873 9.9964E-05 0.0229388 0.013619 0.0378078
0.239978 9.9973E-05 9.9973E-05 0.107183 0.0584842 0.459817 0.0735782 0.0395814 0.0210788 9.9973E-05
0.140828 9.9964E-05 0.104612 0.0671964 9.9964E-05 0.61924 0.018269 9.9964E-05 0.0494546 9.9964E-05
0.812694 0.13814 9.9946E-05 0.0470863 9.9946E-05 9.9946E-05 9.9946E-05 9.9946E-05 9.9946E-05 0.00147986
0.183356 0.0264623 0.0536706 0.153564 9.9982E-05 0.420901 0.0736072 0.0346816 9.9982E-05 0.0535569
0.474627 0.0314751 9.9964E-05 0.0509869 0.0322898 0.341712 9.9964E-05 9.9964E-05 9.9964E-05 0.0685099
0.226895 9.9955E-05 0.105744 9.9955E-05 9.9955E-05 0.41998 9.9955E-05 0.00271398 9.9955E-05 0.244167
0.250616 0.00275437 0.0806181 0.0327656 0.0808945 0.47057 0.0724317 9.9982E-05 9.9982E-05 0.00915004
0.435052 9.9955E-05 0.0133194 9.9955E-05 0.0141113 0.403003 0.134015 9.9955E-05 9.9955E-05 9.9955E-05
0.628895 0.313938 9.9937E-05 0.0564676 9.9937E-05 9.9937E-05 9.9937E-05 9.9937E-05 9.9937E-05 9.9937E-05
0.112666 0.0540246 0.115939 0.158384 9.9973E-05 0.458155 0.0743485 9.9973E-05 0.0261819 9.9973E-05
0.10675 0.0592002 0.00373661 9.9991E-05 0.0958732 0.587927 0.0587684 0.0358141 0.0306559 0.0211737
0.195994 9.9964E-05 9.9964E-05 0.149464 9.9964E-05 0.580637 0.00282085 0.0123954 9.9964E-05 0.058289
0.478217 9.9955E-05 0.0564826 9.9955E-05 0.022579 0.32444 9.9955E-05 9.9955E-05 0.117782 9.9955E-05
0.440161 9.9955E-05 0.0507611 9.9955E-05 9.9955E-05 0.439287 0.0501922 9.9955E-05 0.0190985 9.9955E-05
0.316428 0.134198 0.0432975 9.9982E-05 0.0293478 0.419352 0.0125031 0.0139959 9.9982E-05 0.0306772
0.584538 9.9955E-05 0.01242 9.9955E-05 9.9955E-05 0.263219 0.103219 9.9955E-05 9.9955E-05 0.0361037
0.406043 0.0750397 9.9964E-05 0.0738285 9.9964E-05 0.426241 9.9964E-05 0.0170691 9.9964E-05 0.00137803
0.0610052 0.165504 9.9982E-05 0.129522 9.9982E-05 0.565056 0.00760346 0.0262265 0.00194303 0.0429398
9.9964E-05 0.308379 0.170744 9.9964E-05 0.0101571 0.224763 9.9964E-05 0.111875 0.173683 9.9964E-05
9.9982E-05 0.333188 9.9982E-05 0.024747 0.0443621 0.300871 0.0408901 0.126391 0.0473044 0.0820461
9.9973E-05 0.15943 0.0766724 0.0737227 9.9973E-05 0.590879 9.9973E-05 0.0446112 0.0372565 0.0171285
0.0759606 0.0933823 0.12549 0.0761869 9.9982E-05 0.447137 0.00390787 0.0534691 9.9982E-05 0.124267
0.00511194 0.341608 0.0686429 0.0503471 9.9973E-05 0.393776 9.9973E-05 0.0918222 9.9973E-05 0.0483917
9.9973E-05 0.133698 0.0935788 0.0152054 9.9973E-05 0.538778 0.0584177 0.107916 0.0521064 9.9973E-05
9.9955E-05 0.20956 0.0825794 9.9955E-05 0.00212094 0.497607 9.9955E-05 0.207634 9.9955E-05 9.9955E-05
0.0902407 0.092424 0.000920595 0.103888 0.0700877 0.568083 9.9973E-05 9.9973E-05 0.0740559 9.9973E-05
0.0991611 0.0812289 0.0676406 9.9982E-05 0.0330047 0.483243 0.115994 0.0709333 0.0485949 9.9982E-05
0.0773619 0.137015 0.0269116 0.055301 0.0218924 0.622818 9.9973E-05 9.9973E-05 0.0584008 9.9973E-05
9.9964E-05 0.246666 0.0378312 9.9964E-05 9.9964E-05 0.528608 9.9964E-05 0.138049 0.0399502 0.00849598
9.9982E-05 0.0104277 0.0405706 9.9982E-05 0.0817996 0.571939 0.0468755 0.153385 0.0741363 0.0206664
0.0599206 9.9991E-05 0.0512513 0.0391802 0.108861 0.519842 0.0421104 0.0813495 0.0368882 0.0604969
0.0427151 0.0970852 0.0683586 0.00635552 9.9982E-05 0.53087 0.0594653 0.184887 0.0100633 9.9982E-05
9.9973E-05 9.9973E-05 0.118631 0.032831 0.0273414 0.512548 9.9973E-05 0.0867149 0.0363528 0.185281
0.0544103 0.0251713 9.9964E-05 9.9964E-05 9.9964E-05 0.623899 0.027835 0.199565 0.0687192 9.9964E-05
9.9973E-05 0.360724 0.0727533 9.9973E-05 0.0405598 0.264477 9.9973E-05 0.0873823 0.0665281 0.107276
9.9973E-05 0.197893 9.9973E-05 0.024801 0.00805419 0.638987 0.0470125 0.0586033 0.0243494 9.9973E-05
9.9955E-05 0.0102964 0.0349216 9.9955E-05 9.9955E-05 0.691444 9.9955E-05 0.081952 0.180887 9.9955E-05
0.0677721 0.328697 0.12417 9.9991E-05 0.00822795 0.127093 0.0452834 0.181614 0.0195051 0.097538
0.0117618 0.259594 0.203314 0.0165911 0.080917 0.125384 9.9982E-05 0.149808 0.152431 9.9982E-05
0.0142234 0.193753 9.9973E-05 9.9973E-05 0.0589883 0.406338 9.9973E-05 0.169113 0.0248817 0.132403
0.139213 0.135944 0.271961 9.9973E-05 9.9973E-05 0.0910896 0.0529283 0.18611 0.122454 9.9973E-05
0.0441274 0.479441 0.0645627 0.00964101 0.0411748 0.217312 9.9982E-05 0.134094 9.9982E-05 0.00944685
0.148679 0.267993 0.0544838 9.9955E-05 9.9955E-05 0.391743 9.9955E-05 0.1366 9.9955E-05 9.9955E-05
0.0627841 0.392091 0.049125 0.0440086 9.9964E-05 0.300964 9.9964E-05 0.150627 9.9964E-05 9.9964E-05
0.0278463 0.498873 0.0449953 9.9964E-05 0.000136979 0.250549 9.9964E-05 0.1772 9.9964E-05 9.9964E-05
0.164419 0.0933816 0.0134977 9.9973E-05 0.0589346 0.554666 0.0626616 9.9973E-05 9.9973E-05 0.0521398
9.9973E-05 0.0614487 0.10525 0.0449185 9.9973E-05 0.534353 0.0159122 0.107267 0.130551 9.9973E-05
0.00687693 0.15668 0.0311973 0.0879429 0.0504264 0.486533 9.9982E-05 0.113043 0.0671003 9.9982E-05
0.100584 0.233322 0.0730108 9.9973E-05 0.087469 0.130043 9.9973E-05 0.192403 0.182867 9.9973E-05
0.142555 0.139478 9.9973E-05 0.106244 0.0890104 0.424871 9.9973E-05 0.0810673 0.0164734 9.9973E-05
0.136196 9.9991E-05 0.0741188 0.0361161 0.108605 0.510087 0.039914 0.0282183 0.0587125 0.00793204
0.0726769 0.020093 0.165219 0.0434171 0.312661 9.9973E-05 9.9973E-05 0.134765 0.250867 9.9973E-05
0.00173973 0.0153649 0.14548 0.0642737 0.0895627 0.600946 0.0598765 9.9982E-05 0.0225566 9.9982E-05
0.0986426 9.9973E-05 0.0875271 0.0587132 0.0969293 0.397366 9.9973E-05 0.0491675 0.211355 9.9973E-05
0.188587 9.9982E-05 0.0149579 0.00674941 0.0345938 0.410342 9.9982E-05 0.070286 0.115592 0.158692
0.101148 0.0145269 0.0628522 9.9982E-05 0.205799 0.191007 9.9982E-05 0.128101 0.246989 0.0493776
0.0252595 0.0638883 0.188587 0.0482568 0.344403 0.151168 9.9982E-05 0.120215 0.0580233 9.9982E-05
0.0334717 0.0392189 0.0752344 0.0165531 0.108281 0.489447 9.9982E-05 0.156767 0.0808264 9.9982E-05
9.9991E-05 0.0783963 0.0932373 0.0172756 0.0698021 0.472949 0.0235392 0.0150625 0.138663 0.0909756
0.110356 0.100293 9.9991E-05 0.0996596 0.16275 0.225042 0.0866703 0.0459822 0.0725385 0.0966081
0.199454 0.141794 0.0887719 9.9982E-05 0.136481 9.9982E-05 0.100423 0.063925 0.237178 0.0317733
0.155319 0.0270938 0.134058 0.0357945 0.0832835 0.421316 0.0310417 0.0297786 0.0822155 9.9991E-05
0.152142 0.138019 0.083488 9.9973E-05 0.241353 0.290966 9.9973E-05 0.0448717 0.0488603 9.9973E-05
0.119757 0.077513 0.101485 9.9982E-05 0.123111 0.387347 0.00965891 0.0412873 0.13964 9.9982E-05
0.17016 9.9973E-05 0.0309449 0.118146 0.117669 0.436329 0.103321 0.0231299 9.9973E-05 9.9973E-05
9.9973E-05 0.0316639 9.9973E-05 0.23773 0.139648 0.0807709 0.146326 9.9973E-05 0.192451 0.17111
9.9955E-05 9.9955E-05 9.9955E-05 0.368263 0.103219 9.9955E-05 0.0750014 9.9955E-05 0.424815 0.0282021
9.9955E-05 9.9955E-05 0.0132155 0.247421 0.135037 9.9955E-05 0.0859636 9.9955E-05 0.517863 9.9955E-05
9.9973E-05 0.0578443 9.9973E-05 0.217519 0.0024051 0.0290284 0.154778 9.9973E-05 0.307562 0.230564
9.9946E-05 9.9946E-05 0.0480768 9.9946E-05 0.288965 0.621289 0.0410692 9.9946E-05 9.9946E-05 9.9946E-05
9.9964E-05 9.9964E-05 0.0503847 0.0632175 0.170636 0.600184 0.00708169 0.108097 9.9964E-05 9.9964E-05
0.0457553 9.9937E-05 9.9937E-05 9.9937E-05 9.9937E-05 0.257008 0.696537 9.9937E-05 9.9937E-05 9.9937E-05
0.113287 0.13807 9.9982E-05 0.00541979 0.00435676 0.215459 0.438124 0.00666344 9.9982E-05 0.0784203
0.041682 9.9982E-05 0.0345846 9.9982E-05 0.0128501 0.216446 0.216828 0.0948047 0.062194 0.32041
0.0381014 9.9955E-05 0.20717 9.9955E-05 0.439761 0.268093 9.9955E-05 9.9955E-05 0.0463745 9.9955E-05
0.0810984 9.9982E-05 0.0427377 0.0130056 0.142152 0.489556 9.9982E-05 0.0997006 0.0896273 0.0419225
0.0774787 0.0524963 0.24746 9.9964E-05 0.45405 0.109042 9.9964E-05 9.9964E-05 0.0590731 9.9964E-05
0.0544265 0.000320665 0.0700615 9.9973E-05 0.234278 0.537732 9.9973E-05 9.9973E-05 0.0798522 0.0230299
0.0581913 0.0503788 0.114403 0.0740456 0.273192 0.37919 0.0502992 9.9973E-05 9.9973E-05 9.9973E-05
9.9982E-05 0.0362693 0.0260175 9.9982E-05 0.322793 0.439023 0.0286447 0.0194032 0.0529149 0.0747345
0.129561 0.126318 0.080217 9.9964E-05 0.423303 0.10456 9.9964E-05 9.9964E-05 0.135641 9.9964E-05
0.013122 0.0382522 9.9982E-05 0.032226 0.158406 0.613387 0.0784582 0.0383701 0.0275792 9.9982E-05
0.0145704 0.0158671 0.0139345 0.0341211 0.220341 0.572887 0.0169363 0.0565896 0.0546537 9.9991E-05
0.00995083 9.9937E-05 9.9937E-05 9.9937E-05 9.9937E-05 9.9937E-05 0.897631 9.9937E-05 9.9937E-05 0.0917185
9.9946E-05 0.0119301 0.0203705 9.9946E-05 9.9946E-05 0.0255524 0.941547 9.9946E-05 9.9946E-05 9.9946E-05
0.0213062 0.0614956 9.9964E-05 9.9964E-05 0.0323489 0.160354 0.48069 9.9964E-05 9.9964E-05 0.243405
9.9955E-05 9.9955E-05 0.0310143 0.00132465 9.9955E-05 0.313007 0.558043 9.9955E-05 9.9955E-05 0.0961112
0.0153559 9.9964E-05 9.9964E-05 9.9964E-05 0.0167282 0.086521 0.770119 0.0418155 9.9964E-05 0.0690607
9.9928E-05 9.9928E-05 9.9928E-05 9.9928E-05 9.9928E-05 9.9928E-05 0.960611 9.9928E-05 0.0385892 9.9928E-05
9.9964E-05 0.0137492 9.9964E-05 0.00800855 9.9964E-05 9.9964E-05 0.924187 0.0078718 0.00431152 0.0414721
9.9937E-05 9.9937E-05 9.9937E-05 9.9937E-05 9.9937E-05 0.0923658 0.805394 9.9937E-05 9.9937E-05 0.10154
9.9937E-05 0.00685082 9.9937E-05 9.9937E-05 9.9937E-05 9.9937E-05 0.977619 0.0148306 9.9937E-05 9.9937E-05
9.9928E-05 9.9928E-05 9.9928E-05 9.9928E-05 9.9928E-05 9.9928E-05 0.994309 9.9928E-05 0.00489156 9.9928E-05
9.9928E-05 9.9928E-05 9.9928E-05 9.9928E-05 9.9928E-05 9.9928E-05 0.941781 9.9928E-05 0.05742 9.9928E-05
9.9964E-05 0.00139974 0.0441197 0.0387453 9.9964E-05 0.117958 0.686496 9.9964E-05 9.9964E-05 0.110881
9.9955E-05 9.9955E-05 9.9955E-05 9.9955E-05 9.9955E-05 0.125461 0.654888 0.00392143 0.0599354 0.155294
0.0223464 9.9937E-05 9.9937E-05 9.9937E-05 9.9937E-05 9.9937E-05 0.971473 9.9937E-05 0.0054809 9.9937E-05
0.0911653 0.213111 9.9973E-05 0.057641 0.0411487 0.188835 0.401308 9.9973E-05 9.9973E-05 0.00649125
0.00912417 9.9982E-05 0.0701601 0.0805036 0.00296019 0.111493 0.565032 0.00518115 9.9982E-05 0.155345
9.9964E-05 9.9964E-05 9.9964E-05 0.00550958 9.9964E-05 0.11053 0.561587 0.0371096 0.0183589 0.266505
9.9946E-05 0.00960513 9.9946E-05 0.018782 9.9946E-05 0.0857862 0.885227 9.9946E-05 9.9946E-05 9.9946E-05
9.9928E-05 9.9928E-05 9.9928E-05 9.9928E-05 9.9928E-05 9.9928E-05 0.821337 9.9928E-05 9.9928E-05 0.177863
0.0470458 9.9964E-05 0.00711575 0.0134007 9.9964E-05 0.110971 0.765161 9.9964E-05 9.9964E-05 0.0559057
9.9946E-05 9.9946E-05 9.9946E-05 0.0155037 0.0183229 9.9946E-05 0.891521 9.9946E-05 9.9946E-05 0.0740523
0.0224612 0.0897608 0.0229263 9.9973E-05 9.9973E-05 0.0558467 0.581277 0.0676575 9.9973E-05 0.159771
9.9955E-05 0.0326704 0.0663446 0.0198707 9.9955E-05 9.9955E-05 0.875355 9.9955E-05 0.0052597 9.9955E-05
9.9946E-05 9.9946E-05 0.100496 0.223785 0.482958 9.9946E-05 9.9946E-05 9.9946E-05 0.19216 9.9946E-05
0.0143378 0.0635636 9.9991E-05 0.110496 0.0666119 0.443106 0.00258936 0.139461 0.149855 0.00987951
0.0280165 9.9982E-05 0.0689669 0.202366 0.272617 0.259742 0.0644905 0.0305538 9.9982E-05 0.0730484
0.025452 9.9991E-05 0.0421326 0.0628357 0.286102 0.0626905 0.0132325 0.0603383 0.315215 0.131901
0.0256844 0.0182014 0.119204 0.103961 0.169951 0.283809 0.0506934 0.0315278 9.9991E-05 0.196869
0.00493696 0.0167594 0.0846456 0.150977 0.302611 0.094453 0.0349022 9.9991E-05 0.143071 0.167545
0.00637226 0.0461855 0.0356619 0.0901845 0.214096 0.382561 9.9991E-05 0.0491276 0.0431618 0.132549
0.0106182 9.9973E-05 0.0713481 0.0603206 0.305337 0.198773 0.174328 9.9973E-05 0.178976 9.9973E-05
0.0363777 9.9991E-05 0.0724011 0.136949 0.167798 0.410142 0.0680367 0.011069 0.0365005 0.0606259
9.9973E-05 9.9973E-05 0.0401295 0.0555285 0.330747 0.17877 0.097382 9.9973E-05 0.0727921 0.224351
0.0218507 0.122218 9.9991E-05 0.123956 0.123438 0.359495 0.0510135 0.0112039 0.0586915 0.128033
0.00506093 9.9964E-05 0.0184946 0.778302 0.044386 9.9964E-05 9.9964E-05 0.0712403 9.9964E-05 0.082116
9.9955E-05 9.9955E-05 0.0292258 0.820197 9.9955E-05 9.9955E-05 9.9955E-05 0.000563792 0.0385887 0.110925
0.0454721 9.9955E-05 9.9955E-05 0.870817 9.9955E-05 9.9955E-05 9.9955E-05 0.0273951 0.0542378 0.00157834
0.0405576 9.9955E-05 9.9955E-05 0.902343 9.9955E-05 9.9955E-05 0.00880177 0.0110258 0.0367717 9.9955E-05
9.9955E-05 0.0234005 9.9955E-05 0.781713 9.9955E-05 9.9955E-05 9.9955E-05 0.00343069 0.0927815 0.098175
9.9964E-05 0.0406009 0.0155097 0.818896 9.9964E-05 9.9964E-05 0.0324613 9.9964E-05 0.032454 0.0596784
9.9946E-05 0.0122953 9.9946E-05 0.865305 9.9946E-05 0.0263985 0.0954018 9.9946E-05 9.9946E-05 9.9946E-05
9.9964E-05 9.9964E-05 9.9964E-05 0.807263 0.0412814 0.00219975 9.9964E-05 0.00171278 0.091982 0.0551607
9.9946E-05 9.9946E-05 9.9946E-05 0.860184 9.9946E-05 0.0270336 9.9946E-05 9.9946E-05 0.0632212 0.0489617
9.9946E-05 0.00218273 9.9946E-05 0.682337 9.9946E-05 9.9946E-05 9.9946E-05 9.9946E-05 0.109558 0.205323
0.0684935 0.205954 0.0596815 0.599156 9.9955E-05 9.9955E-05 9.9955E-05 0.0662153 9.9955E-05 9.9955E-05
0.0215916 0.211142 0.0117131 0.564659 9.9964E-05 9.9964E-05 9.9964E-05 0.186992 0.00350242 9.9964E-05
0.0402944 0.157983 0.0235719 0.493753 0.0683467 9.9973E-05 9.9973E-05 0.125413 0.0903383 9.9973E-05
0.0794971 0.38186 0.00168112 0.457629 0.0440826 9.9964E-05 9.9964E-05 0.0348505 9.9964E-05 9.9964E-05
0.23372 0.133634 0.0183107 0.0302077 9.9982E-05 0.460942 0.0293125 0.0112495 0.082424 9.9982E-05
0.248823 0.155571 0.0217571 0.0171073 9.9973E-05 0.453434 0.0928398 0.0101673 9.9973E-05 9.9973E-05
0.250026 0.0840364 9.9973E-05 9.9973E-05 0.0179755 0.484304 0.0440266 0.11717 9.9973E-05 0.00216134
0.1977 0.173462 0.0243273 0.0343135 9.9982E-05 0.368583 9.9982E-05 0.162021 0.03177 0.00762285
0.0789125 0.528583 0.0178449 0.00837103 9.9982E-05 0.0825545 0.00126234 0.259525 9.9982E-05 0.0227465
0.17469 0.0249421 0.0347993 0.124701 9.9964E-05 0.629575 9.9964E-05 9.9964E-05 9.9964E-05 0.0108925
0.211782 0.0412227 0.0106726 9.9964E-05 9.9964E-05 0.673439 0.0104364 0.0520469 9.9964E-05 9.9964E-05
0.230217 0.0734226 0.0637293 9.9982E-05 0.0107481 0.552899 9.9982E-05 0.0327997 0.016173 0.0198113
0.498305 9.9964E-05 0.0190612 9.9964E-05 0.037166 0.360769 0.0574187 0.0268801 9.9964E-05 9.9964E-05
0.125517 9.9964E-05 0.0527881 0.0440039 0.0149793 0.673143 9.9964E-05 0.0891687 9.9964E-05 9.9964E-05
0.258192 0.0627995 0.0675239 0.0091676 0.0357777 0.459407 9.9973E-05 0.106833 9.9973E-05 9.9973E-05
0.719821 0.0621199 0.187306 9.9946E-05 9.9946E-05 9.9946E-05 9.9946E-05 0.0301538 9.9946E-05 9.9946E-05
0.00292794 0.224069 0.0372477 0.00249892 0.0883659 0.548987 0.0302704 0.0388478 0.0266852 9.9991E-05
0.399736 9.9955E-05 0.124171 9.9955E-05 0.103918 0.270187 9.9955E-05 9.9955E-05 0.101488 9.9955E-05
0.359538 9.9955E-05 0.0729735 9.9955E-05 0.0149692 0.53258 9.9955E-05 9.9955E-05 0.0194393 9.9955E-05
0.631385 0.208761 9.9955E-05 0.0581837 9.9955E-05 0.0721772 9.9955E-05 0.0289933 9.9955E-05 9.9955E-05
9.9955E-05 9.9955E-05 9.9955E-05 0.0325664 0.181408 9.9955E-05 0.0110103 0.728362 0.0461543 9.9955E-05
9.9946E-05 9.9946E-05 0.0306289 0.0744083 0.177647 9.9946E-05 9.9946E-05 0.716716 9.9946E-05 9.9946E-05
9.9937E-05 9.9937E-05 9.9937E-05 0.0154085 0.12806 9.9937E-05 9.9937E-05 0.855832 9.9937E-05 9.9937E-05
9.9937E-05 9.9937E-05 9.9937E-05 0.0667094 0.135752 9.9937E-05 9.9937E-05 0.796839 9.9937E-05 9.9937E-05
9.9955E-05 0.00238233 9.9955E-05 9.9955E-05 0.128331 0.0396093 0.0188687 0.810309 9.9955E-05 9.9955E-05
9.9964E-05 9.9964E-05 9.9964E-05 0.00647817 0.0436261 0.0856614 0.0350126 0.811079 9.9964E-05 0.0177427
9.9964E-05 9.9964E-05 0.0232857 0.816787 9.9964E-05 0.0538613 0.0146879 0.0122376 9.9964E-05 0.0787408
9.9955E-05 0.0722489 9.9955E-05 0.727528 9.9955E-05 9.9955E-05 9.9955E-05 0.0522544 0.00265369 0.144815
9.9955E-05 0.00924042 9.9955E-05 0.673418 0.01397 9.9955E-05 9.9955E-05 9.9955E-05 0.00738607 0.295486
9.9964E-05 0.120368 9.9964E-05 0.651991 9.9964E-05 0.0155466 0.0172444 9.9964E-05 0.00263716 0.191813
9.9973E-05 9.9973E-05 9.9973E-05 0.733418 0.0133626 0.0984357 0.03731 0.04202 0.00579612 0.0693577
9.9946E-05 0.196989 9.9946E-05 0.354499 0.0697792 9.9946E-05 9.9946E-05 0.378133 9.9946E-05 9.9946E-05
0.085036 0.130011 0.00341937 0.451702 0.0716714 9.9973E-05 9.9973E-05 0.256789 0.00107099 9.9973E-05
0.0370789 0.0950429 0.0729022 0.425707 9.9964E-05 9.9964E-05 9.9964E-05 0.347829 9.9964E-05 0.0210406
9.9955E-05 0.0267432 9.9955E-05 0.775774 9.9955E-05 0.14947 0.0340246 9.9955E-05 0.0134887 9.9955E-05
0.0775705 0.086865 0.0409921 0.397101 0.00113394 9.9964E-05 9.9964E-05 0.395938 9.9964E-05 9.9964E-05
9.9982E-05 9.9982E-05 0.0368493 0.0638695 0.0213466 0.136507 0.0565655 0.0216285 0.146288 0.516746
0.0658748 9.9964E-05 9.9964E-05 0.0373836 9.9964E-05 0.469168 0.0783439 0.0902068 9.9964E-05 0.258623
9.9955E-05 9.9955E-05 9.9955E-05 0.181979 0.0433337 0.438063 0.192471 9.9955E-05 9.9955E-05 0.143654
0.00381701 0.0283907 9.9991E-05 0.168526 0.190035 0.221527 0.0284404 0.0189969 0.0610536 0.279112
9.9982E-05 0.0730965 0.0261049 0.149302 0.0528657 0.4151 0.183459 0.0689134 9.9982E-05 0.0309589
9.9964E-05 9.9964E-05 0.0031423 0.336608 0.0670531 9.9964E-05 0.157567 9.9964E-05 0.299622 0.135607
0.000603096 0.242869 0.118612 9.9964E-05 0.0461795 0.421124 9.9964E-05 0.170212 9.9964E-05 9.9964E-05
0.0860498 0.193322 0.186732 9.9964E-05 9.9964E-05 0.344071 9.9964E-05 0.0907612 0.0986638 9.9964E-05
0.0161496 0.696577 0.000649054 0.0277077 9.9973E-05 0.0566997 9.9973E-05 0.0754821 9.9973E-05 0.126435
0.0360579 0.14256 0.203373 0.00875946 9.9982E-05 0.42689 0.0350758 0.0865914 0.0604921 9.9982E-05
0.222855 0.107319 0.38895 9.9964E-05 0.0278625 9.9964E-05 9.9964E-05 0.0612246 0.191389 9.9964E-05
9.9964E-05 0.179209 0.100501 0.0652478 0.119958 0.489985 0.0446987 9.9964E-05 9.9964E-05 9.9964E-05
0.0301305 0.144305 0.226996 9.9973E-05 0.0301899 0.452507 9.9973E-05 0.0749375 9.9973E-05 0.0406347
0.00786735 0.444538 0.0547151 0.0233661 0.0678208 0.30351 9.9973E-05 0.0978825 9.9973E-05 9.9973E-05
0.0416657 0.142868 0.0718973 0.0788767 0.0407473 0.553528 9.9982E-05 0.0264028 9.9982E-05 0.0438147
0.151645 0.446621 0.0993027 9.9964E-05 0.0952045 0.0563698 9.9964E-05 9.9964E-05 0.150457 9.9964E-05
0.13912 0.176585 0.118316 9.9973E-05 0.0406932 0.332726 0.0940965 0.0981639 9.9973E-05 9.9973E-05
0.0727517 0.176816 0.038626 9.9982E-05 0.029083 0.507093 0.0158982 0.139076 0.0204565 9.9982E-05
0.0796492 0.108297 9.9991E-05 0.0277042 0.0161786 0.199653 0.0287967 0.018584 0.128836 0.392201
9.9955E-05 0.376664 0.144827 9.9955E-05 0.123336 0.30442 9.9955E-05 9.9955E-05 0.0502544 9.9955E-05
0.0740214 0.237137 0.0331427 9.9973E-05 9.9973E-05 0.460527 0.00875505 0.0987664 0.0873511 9.9973E-05
0.0129335 0.127685 0.218135 9.9982E-05 0.0593828 0.470705 0.0712282 0.0189768 0.0207533 9.9982E-05
0.105148 0.110262 0.020493 9.9973E-05 0.107225 0.522061 9.9973E-05 0.0834187 0.0510917 9.9973E-05
0.0703967 0.11749 0.0618748 9.9982E-05 9.9982E-05 0.536439 0.0609008 0.0850116 0.0147055 0.0529822
0.166771 0.128303 0.0186164 0.0766777 9.9991E-05 0.430204 0.0847018 0.0398028 0.0116082 0.0432137
0.0184783 0.175942 9.9973E-05 0.0505341 9.9973E-05 0.393324 9.9973E-05 0.0487698 0.0753383 0.237314
9.9937E-05 9.9937E-05 9.9937E-05 0.747878 9.9937E-05 0.136534 0.114889 9.9937E-05 9.9937E-05 9.9937E-05
0.0122681 9.9973E-05 0.0594236 0.820712 0.000648195 0.0510461 0.0493637 9.9973E-05 9.9973E-05 0.0062389
0.0205544 0.0483858 0.00250978 0.726537 0.0592358 0.057527 0.0210437 0.0252047 9.9991E-05 0.0389018
9.9955E-05 9.9955E-05 0.0864444 0.805828 9.9955E-05 0.062047 0.0197381 0.0254424 9.9955E-05 9.9955E-05
9.9937E-05 9.9937E-05 9.9937E-05 0.804165 9.9937E-05 0.147002 0.0481337 9.9937E-05 9.9937E-05 9.9937E-05
9.9955E-05 0.511234 9.9955E-05 9.9955E-05 9.9955E-05 0.138277 0.000655499 0.235179 0.114155 9.9955E-05
0.118239 0.0185281 0.10571 0.0649205 9.9982E-05 0.451952 0.0759412 0.0834165 0.0810934 9.9982E-05
0.0277455 0.0879076 0.0278453 0.191306 0.0680681 0.358434 0.0243611 9.9991E-05 0.0099806 0.204251
0.00289952 0.028675 0.032173 0.0562723 0.00414423 0.629238 0.0793304 0.0970801 0.0700874 9.9991E-05
0.146481 0.0959665 0.0220427 0.0185992 9.9973E-05 0.538929 9.9973E-05 0.112877 0.0648041 9.9973E-05
9.9955E-05 0.130694 0.125638 9.9955E-05 9.9955E-05 0.311062 9.9955E-05 0.23114 0.200966 9.9955E-05
0.0420552 0.409881 0.0181789 0.0786211 9.9964E-05 9.9964E-05 9.9964E-05 0.301199 0.149665 9.9964E-05
0.0206616 0.0614776 0.067047 0.0856364 9.9964E-05 0.521477 9.9964E-05 0.2433 9.9964E-05 9.9964E-05
0.0542264 0.275811 0.207986 0.0575412 9.9973E-05 0.087556 0.0608676 0.255711 9.9973E-05 9.9973E-05
0.153696 0.00940619 0.0730411 9.9982E-05 0.0801385 0.330622 9.9982E-05 0.198258 0.0606584 0.0939795
0.0532715 0.366198 0.132887 0.108661 9.9973E-05 0.0871792 9.9973E-05 0.21568 0.0358237 9.9973E-05
9.9982E-05 0.0219009 0.0240402 0.0105314 9.9982E-05 0.558331 0.010476 0.203077 0.111674 0.0597686
0.0519669 0.403811 0.0582585 0.0549204 9.9982E-05 0.164073 0.0167274 0.213955 0.0360886 9.9982E-05
0.0997966 0.189434 0.0678429 0.00286875 0.0700788 0.309524 9.9991E-05 0.11727 0.0378644 0.10522
0.0674989 0.0522389 0.0441417 0.0336088 0.228873 0.368739 0.0389866 0.0634154 0.00285815 0.0996396
0.0192368 0.0740906 0.067964 9.9964E-05 0.626351 0.163026 0.0489318 9.9964E-05 9.9964E-05 9.9964E-05
0.0127262 0.0474603 0.0111786 0.0352272 0.345269 0.539942 9.9982E-05 0.00125659 0.0067397 9.9982E-05
9.9982E-05 0.0850043 0.0116661 0.0898465 0.201168 0.546338 0.0289737 9.9982E-05 0.0212266 0.0155765
0.0308509 0.0028268 0.130864 9.9973E-05 0.493164 0.242795 9.9973E-05 0.0784535 0.0207457 9.9973E-05
0.09347 0.111261 0.0819055 0.121146 0.124608 0.362053 0.0472852 0.0106242 9.9991E-05 0.0475468
0.00460875 9.9964E-05 0.079608 9.9964E-05 0.230919 0.573631 9.9964E-05 0.0752194 0.035614 9.9964E-05
0.138159 9.9964E-05 0.224616 9.9964E-05 0.538773 0.0100442 9.9964E-05 0.0536138 0.0343942 9.9964E-05
0.0771754 9.9955E-05 0.0682074 9.9955E-05 0.625439 0.172378 9.9955E-05 9.9955E-05 0.0563008 9.9955E-05
0.0589457 9.9964E-05 0.119258 0.0238117 0.265423 0.457746 9.9964E-05 0.0744154 9.9964E-05 9.9964E-05
0.139812 9.99639E-05 0.125939 9.99639E-05 0.614662 0.0466554 9.99639E-05 0.0250914 0.0474393 9.99639E-05
0.0892973 0.14588 9.9946E-05 9.9946E-05 0.371497 0.392727 9.9946E-05 9.9946E-05 9.9946E-05 9.9946E-05
0.170264 0.451081 0.00408587 9.9964E-05 9.9964E-05 9.9964E-05 9.9964E-05 0.267257 0.0200014 0.0869108
0.0108116 0.223841 0.27567 9.9964E-05 9.9964E-05 0.249483 9.9964E-05 0.165412 0.0743825 9.9964E-05
0.1437 0.212506 9.9964E-05 9.9964E-05 9.9964E-05 0.327145 0.0216554 0.212463 0.0821296 9.9964E-05
0.013863 0.0459412 9.9973E-05 9.9973E-05 9.9973E-05 0.595236 0.0150377 0.15355 0.0864316 0.0896399
0.163042 0.399753 0.0571037 9.9955E-05 9.9955E-05 0.209198 9.9955E-05 0.170404 9.9955E-05 9.9955E-05
9.9973E-05 0.121841 0.0650121 0.0506474 9.9973E-05 0.468443 9.9973E-05 0.0699964 0.163182 0.060578
0.0553629 0.0823581 9.9973E-05 0.00486311 9.9973E-05 0.469818 9.9973E-05 0.126574 0.103729 0.156996
9.9964E-05 0.269098 9.9964E-05 0.0233142 9.9964E-05 0.520345 0.0269051 0.0703514 0.0895864 9.9964E-05
9.9973E-05 0.131322 0.119349 0.0261256 9.9973E-05 0.444902 0.102092 0.116948 0.0589614 9.9973E-05
0.0808828 0.185454 9.9973E-05 0.00387134 0.095049 0.377543 9.9973E-05 0.163899 9.9973E-05 0.0930013
0.179627 0.342561 9.9955E-05 9.9955E-05 9.9955E-05 0.156582 0.0966331 0.224097 9.9955E-05 9.9955E-05
0.117665 0.236035 0.10653 9.9973E-05 9.9973E-05 0.209804 0.041374 0.202556 9.9973E-05 0.0857364
0.0131226 0.153685 0.0821102 9.9982E-05 9.9982E-05 0.578997 0.0245606 0.0754582 0.0639094 0.00795702
0.0161179 0.164517 0.0182256 9.9973E-05 9.9973E-05 0.483173 0.00503079 0.133456 0.17918 9.9973E-05
0.0677259 0.072853 0.13328 9.9973E-05 9.9973E-05 0.429299 9.9973E-05 0.162571 0.0932251 0.0407458
0.023584 0.131415 0.102418 9.9973E-05 9.9973E-05 0.418226 0.105062 0.165064 0.0539314 9.9973E-05
9.9973E-05 0.275456 9.9973E-05 0.00773776 0.0297679 0.343209 9.9973E-05 0.193945 0.104775 0.044809
9.9946E-05 0.21665 9.9946E-05 9.9946E-05 9.9946E-05 0.537229 9.9946E-05 0.102784 9.9946E-05 0.142737
9.9982E-05 0.153181 0.0309654 0.0125962 0.0516473 0.448272 9.9982E-05 0.122084 0.0357723 0.145282
0.0879398 0.0804896 0.0580023 0.0410333 9.9991E-05 0.49821 0.0271452 0.0540418 0.0815695 0.0714685
9.9973E-05 0.0628162 9.9973E-05 0.299358 0.0202201 0.359627 0.0269878 9.9973E-05 0.0716973 0.158994
0.0526471 0.0654183 9.9982E-05 0.0316587 0.0217666 0.36311 0.0373528 9.9982E-05 0.113049 0.314798
0.0365181 0.0293102 0.0408552 0.0799066 0.0890183 0.341241 0.00922612 9.9991E-05 0.109296 0.264529
9.9982E-05 0.0827558 0.0522427 0.0781901 9.9982E-05 0.550653 0.13689 0.043264 0.0542933 0.00151103
0.0948341 0.0828534 9.9973E-05 0.0502825 9.9973E-05 0.334187 0.0122895 9.9973E-05 0.0314444 0.393809
9.9973E-05 0.123461 0.186915 9.9973E-05 0.104949 0.438184 0.053042 0.0689771 0.0241726 9.9973E-05
0.0830693 0.0121462 0.0122627 0.127965 9.9982E-05 0.481661 0.134631 9.9982E-05 0.112617 0.0354476
0.21465 0.0348845 0.0124261 0.145658 0.12124 9.9973E-05 9.9973E-05 9.9973E-05 0.311148 0.159693
9.9964E-05 0.137507 0.00556883 0.025152 9.9964E-05 0.466014 0.160876 9.9964E-05 0.204482 9.9964E-05
9.9964E-05 0.109574 0.110354 0.0552345 9.9964E-05 0.507961 0.0368259 9.9964E-05 9.9964E-05 0.179652
9.9982E-05 0.198778 0.00537251 0.0129075 9.9982E-05 0.459942 0.12374 0.0171037 0.0996793 0.0822783
0.0562282 0.168616 0.0637617 0.0867562 0.010934 0.269543 0.0505998 0.00659109 0.19713 0.08984
9.9973E-05 0.0999746 9.9973E-05 0.0566647 9.9973E-05 0.441716 0.0358424 0.0457573 0.145309 0.174435
9.9973E-05 9.9973E-05 0.0774691 0.104216 0.0126316 0.502414 0.106716 9.9973E-05 0.0699577 0.126297
0.0263659 9.9955E-05 0.0527689 0.319429 9.9955E-05 9.9955E-05 0.148563 9.9955E-05 0.452374 9.9955E-05
0.0111192 0.0380404 0.0281196 0.164571 9.9973E-05 0.543671 0.181418 9.9973E-05 0.0327606 9.9973E-05
9.9973E-05 0.0729475 0.00233288 0.00816153 9.9973E-05 0.387397 9.9973E-05 0.00597693 0.159367 0.363517
0.0489242 0.0618928 0.0124171 0.0939135 0.0459022 0.537074 9.9991E-05 0.00768036 0.0268152 0.165281
9.9964E-05 9.9964E-05 0.00952057 0.1493 9.9964E-05 0.535177 0.104778 9.9964E-05 0.0756334 0.125192
9.9982E-05 9.9982E-05 0.0974074 0.128787 0.0247486 0.536823 0.0834681 0.0484499 0.0384335 0.0416824
0.00941834 9.9964E-05 0.347274 0.0891862 9.9964E-05 0.415968 0.0741212 0.063633 9.9964E-05 9.9964E-05
9.9964E-05 9.9964E-05 0.276471 0.0793418 0.00867457 0.440627 9.9964E-05 9.9964E-05 0.0306505 0.163836
0.130267 0.091324 0.777709 9.9937E-05 9.9937E-05 9.9937E-05 9.9937E-05 9.9937E-05 9.9937E-05 9.9937E-05
9.99369E-05 9.99369E-05 0.960018 0.0077879 9.99369E-05 9.99369E-05 9.99369E-05 0.0314948 9.99369E-05 9.99369E-05
9.9964E-05 0.116131 0.309045 9.9964E-05 9.9964E-05 0.384492 0.0280556 0.0143795 9.9964E-05 0.147497
9.9973E-05 0.0374927 0.00996909 9.9973E-05 9.9973E-05 0.348383 0.103813 0.0203944 0.197472 0.282176
9.9964E-05 9.9964E-05 0.182502 0.02032 9.9964E-05 0.173674 0.0869182 9.9964E-05 0.0793693 0.456816
9.9973E-05 0.0991732 0.150775 0.0812272 0.0542647 9.9973E-05 0.186806 9.9973E-05 0.185434 0.242021
9.9973E-05 0.0581917 0.132198 0.0834019 9.9973E-05 0.233027 0.0592256 9.9973E-05 0.101661 0.331996
9.9955E-05 9.9955E-05 0.688205 0.0172961 9.9955E-05 0.068695 0.0463872 9.9955E-05 0.178917 9.9955E-05
9.9946E-05 9.9946E-05 0.627993 9.9946E-05 9.9946E-05 0.0315769 9.9946E-05 9.9946E-05 0.135626 0.204204
9.9982E-05 0.011025 0.320455 0.00314995 9.9982E-05 0.528472 0.0281321 0.00645936 0.0119963 0.0901102
9.9937E-05 9.9937E-05 0.458827 9.9937E-05 9.9937E-05 0.320501 9.9937E-05 9.9937E-05 9.9937E-05 0.219972
9.9964E-05 9.9964E-05 0.61375 0.0201377 9.9964E-05 0.149647 0.00875403 9.9964E-05 0.0553385 0.151972
9.9955E-05 0.109066 0.291754 9.9955E-05 0.00771006 0.288471 9.9955E-05 9.9955E-05 9.9955E-05 0.302499
9.9955E-05 9.9955E-05 0.297215 0.00369957 0.00117559 0.433312 9.9955E-05 9.9955E-05 9.9955E-05 0.264099
0.0356869 0.130801 0.209684 0.0473853 0.0224038 0.314634 0.0537004 0.0423462 9.9991E-05 0.143259
0.0574835 0.0831288 0.550141 9.9964E-05 0.025963 0.278641 9.9964E-05 0.00424369 9.9964E-05 9.9964E-05
0.0357116 0.0718495 0.5161 9.9964E-05 9.9964E-05 0.295887 0.0585498 0.0215023 9.9964E-05 9.9964E-05
0.0384627 9.9973E-05 0.247053 0.0766908 0.0441473 0.515068 0.0450684 0.0332093 9.9973E-05 9.9973E-05
0.0495458 9.9991E-05 0.400968 0.00804815 0.000335208 0.24543 0.00376915 0.0759397 0.0327867 0.183078
0.0485275 9.9973E-05 0.228758 0.0223678 0.106378 0.345898 9.9973E-05 0.0638963 9.9973E-05 0.183875
9.9964E-05 0.00223654 0.416912 9.9964E-05 0.00265701 0.470416 9.9964E-05 0.0488569 0.058522 9.9964E-05
9.9946E-05 9.9946E-05 0.759217 9.9946E-05 0.0171078 0.166083 9.9946E-05 0.0569927 9.9946E-05 9.9946E-05
0.0787059 9.9955E-05 0.323359 9.9955E-05 9.9955E-05 0.407489 9.9955E-05 9.9955E-05 0.0117509 0.178195
9.9946E-05 0.0583994 0.718563 9.9946E-05 9.9946E-05 0.159813 0.0626252 9.9946E-05 9.9946E-05 9.9946E-05
9.9955E-05 9.9955E-05 0.566171 9.9955E-05 0.0377381 0.299848 0.0439244 9.9955E-05 9.9955E-05 0.0518191
0.129954 9.9964E-05 0.229263 0.0639896 9.9964E-05 0.480038 0.0542017 9.9964E-05 9.9964E-05 0.0421542
0.140766 0.0399156 0.25197 0.0191152 0.00527998 0.48141 0.0443082 9.9982E-05 9.9982E-05 0.0170348
0.0249343 0.000115261 0.068107 0.135782 0.0780791 0.480045 0.0706438 9.9991E-05 0.0606866 0.0815072
0.0429994 0.0760865 0.160521 0.135834 9.9982E-05 0.486033 0.0251118 0.0272982 0.0459156 9.9982E-05
9.9982E-05 9.9982E-05 0.0284851 0.101792 0.2003 0.277055 0.107064 0.0413618 0.0734102 0.170332
9.9991E-05 0.156817 0.0993024 0.0571791 0.119661 0.220367 0.119683 0.0701549 0.0237299 0.133006
0.0445022 0.0774039 9.9991E-05 0.0839775 0.0864562 0.323578 0.101178 0.106677 0.0215034 0.154623
9.9973E-05 9.9973E-05 0.135795 0.0673758 9.9973E-05 0.367274 0.031515 0.0696712 0.0659447 0.262125
9.9973E-05 9.9973E-05 0.587094 0.14262 0.014942 9.9973E-05 0.10254 0.0181058 0.121046 0.0133521
9.9991E-05 0.00319795 0.110443 0.0762988 0.0270793 0.508709 0.154677 0.0439421 0.00373388 0.0718185
9.9946E-05 9.9946E-05 0.37389 0.30794 9.9946E-05 9.9946E-05 0.0530438 9.9946E-05 0.264526 9.9946E-05
9.9955E-05 0.0291185 0.262414 9.9955E-05 9.9955E-05 0.378193 0.0745988 9.9955E-05 9.9955E-05 0.255176
0.113723 9.9937E-05 0.792663 9.9937E-05 9.9937E-05 0.0929149 9.9937E-05 9.9937E-05 9.9937E-05 9.9937E-05
9.9928E-05 0.0720512 0.927149 9.9928E-05 9.9928E-05 9.9928E-05 9.9928E-05 9.9928E-05 9.9928E-05 9.9928E-05
0.00310725 0.13235 0.430342 9.9955E-05 9.9955E-05 0.403345 9.9955E-05 9.9955E-05 9.9955E-05 0.0303561
