0.935223 0.0451269 0.0195503 9.9991E-05
0.974373 9.9982E-05 9.9982E-05 0.0254273
0.871237 0.0643847 0.0642782 9.9991E-05
0.836611 0.107099 0.0561906 9.9991E-05
0.915087 0.0562832 0.0285299 9.9991E-05
0.701784 0.0867872 0.0445385 0.16689
0.901267 0.00700243 9.9991E-05 0.0916302
0.748366 0.0398435 0.0304116 0.181378
0.843127 0.156673 9.9982E-05 9.9982E-05
0.757058 9.9991E-05 0.0939122 0.14893
0.745711 0.136514 0.00481782 0.112957
9.999E-05 0.474252 0.197497 0.328151
0.0380061 0.445083 0.197724 0.319187
0.124464 0.398151 0.19911 0.278275
0.0436214 0.558489 0.0680409 0.329849
9.9991E-05 0.342428 0.241517 0.415955
9.9991E-05 0.45414 0.205403 0.340356
0.0117758 0.503451 0.28372 0.201052
0.048393 0.43545 0.100255 0.415902
0.839892 9.9982E-05 0.159908 9.9982E-05
0.804139 0.0381263 0.157634 9.9991E-05
0.800013 0.0545001 0.119815 0.0256723
0.793169 0.029857 0.0816672 0.0953067
0.0820972 0.640145 0.0957595 0.181999
0.0587726 0.200001 0.0235647 0.717662
9.9991E-05 0.0606729 0.121003 0.818224
0.0899034 9.9982E-05 9.9982E-05 0.909897
9.9991E-05 0.508761 0.0554841 0.435654
0.057009 0.180621 0.073409 0.688961
0.149767 0.353051 0.00463613 0.492546
0.191769 0.349703 0.10938 0.349147
0.0742691 0.566455 9.9991E-05 0.359176
9.9991E-05 0.369189 0.19781 0.4329
0.0287797 0.458199 0.0703447 0.442677
9.9991E-05 0.28249 0.0935637 0.623847
9.9982E-05 0.0482792 9.9982E-05 0.951521
9.9982E-05 0.0415498 9.9982E-05 0.95825
9.9991E-05 0.0840342 0.120457 0.795409
9.9991E-05 0.352743 0.13269 0.514466
0.0393227 0.38032 0.0750586 0.505299
0.0273888 0.0967642 9.9991E-05 0.875747
0.836788 0.102148 0.0609635 9.9991E-05
0.989062 9.9982E-05 0.0107385 9.9982E-05
0.937236 9.9982E-05 0.0625637 9.9982E-05
0.953991 9.9982E-05 0.0458092 9.9982E-05
0.891529 9.9991E-05 0.030706 0.0776654
0.907182 9.9991E-05 0.0756929 0.0170254
0.9997 9.998E-05 9.998E-05 9.998E-05
9.9982E-05 0.167191 9.9982E-05 0.832609
9.9982E-05 0.307239 9.9982E-05 0.692561
9.9991E-05 0.0370653 0.203784 0.759051
0.0895739 0.336251 0.0924078 0.481768
0.0125597 0.360681 0.177111 0.449648
0.139198 0.247112 0.0533993 0.560291
9.9991E-05 0.3776 0.0505001 0.5718
0.014444 0.45914 0.13119 0.395226
9.9991E-05 0.554403 0.141883 0.303614
0.0224758 0.347727 0.12119 0.508608
0.2328 0.174033 9.9991E-05 0.593067
0.161252 0.161296 0.0846858 0.592766
0.136171 0.130523 9.9991E-05 0.733205
0.0357245 0.234205 0.105937 0.624134
0.204637 0.00991957 0.118651 0.666793
9.9991E-05 0.238459 0.12932 0.63212
0.347521 9.9991E-05 0.322533 0.329846
0.715365 9.9991E-05 0.117204 0.167331
0.528683 9.9991E-05 0.210487 0.260731
0.442145 9.9991E-05 0.34062 0.217136
0.059978 0.0108328 0.119644 0.809545
0.0759297 0.0337161 0.0825655 0.807789
0.0943465 0.0541117 0.0335969 0.817945
9.99827E-05 9.99827E-05 0.957337 0.0424626
9.9991E-05 0.00980927 0.936695 0.0533958
9.998E-05 9.998E-05 0.9997 9.998E-05
9.9982E-05 0.0405955 0.959205 9.9982E-05
9.9982E-05 0.0548258 0.944974 9.9982E-05
9.998E-05 9.998E-05 0.9997 9.998E-05
9.998E-05 9.998E-05 0.9997 9.998E-05
9.998E-05 9.998E-05 0.9997 9.998E-05
0.03406 9.9991E-05 0.953085 0.0127555
0.075661 9.9991E-05 0.886707 0.0375316
0.0476551 9.9991E-05 0.94517 0.00707482
0.0695721 0.0186269 0.865786 0.0460146
0.407518 9.9991E-05 0.0213231 0.571059
0.331644 9.9991E-05 0.166966 0.50129
0.320162 9.9991E-05 0.161282 0.518456
0.844003 0.135317 9.9991E-05 0.0205794
0.943675 9.9982E-05 0.0561251 9.9982E-05
0.983098 0.0167022 9.9982E-05 9.9982E-05
0.936131 0.0636688 9.9982E-05 9.9982E-05
0.947421 0.0143781 0.0381014 9.9991E-05
0.94016 9.9982E-05 0.0596395 9.9982E-05
0.898893 0.0103154 0.0906913 9.9991E-05
0.904572 9.9991E-05 0.00690503 0.0884234
0.952903 9.9991E-05 0.00914338 0.0378535
0.868567 0.0524643 0.0788692 9.9991E-05
0.596897 0.299478 9.9991E-05 0.103525
0.568474 0.422153 9.9991E-05 0.0092729
0.557028 0.33694 9.9991E-05 0.105932
0.450467 0.441885 9.9991E-05 0.107547
9.9991E-05 0.683412 0.0592676 0.257221
9.9991E-05 0.121426 0.20396 0.674514
9.9982E-05 0.0815069 9.9982E-05 0.918293
0.0370285 0.0515558 0.0946582 0.816757
0.042219 0.332677 0.0194193 0.605685
0.0765112 0.923289 9.9982E-05 9.9982E-05
0.0460526 0.902282 9.9991E-05 0.0515655
9.998E-05 0.9997 9.998E-05 9.998E-05
0.0351506 0.964649 9.9982E-05 9.9982E-05
9.9982E-05 0.965633 0.0341673 9.9982E-05
0.000360914 0.94973 0.0498087 9.9991E-05
0.891624 0.0225742 0.0699198 0.0158821
0.858821 0.101129 0.0399499 9.9991E-05
0.797291 0.00994821 0.155473 0.0372877
0.762975 0.115288 0.121638 9.9991E-05
0.852592 9.9991E-05 0.10196 0.045348
0.396453 0.603347 9.9982E-05 9.9982E-05
0.460093 0.468076 9.9991E-05 0.0717303
0.411848 0.565497 0.022555 9.9991E-05
0.819327 0.0585244 0.122049 9.9991E-05
0.388702 0.569982 9.9991E-05 0.0412162
0.282405 0.000955199 0.483242 0.233397
0.478983 9.9991E-05 0.315592 0.205326
0.0447744 0.231064 0.136687 0.587475
0.0854598 0.592435 0.120315 0.20179
0.0271198 0.225028 0.204181 0.543671
9.9982E-05 0.150318 9.9982E-05 0.849482
9.9991E-05 0.498368 0.12244 0.379092
9.9991E-05 0.27242 0.0013897 0.72609
9.9991E-05 0.326351 0.179613 0.493935
9.9991E-05 0.339679 0.147941 0.51228
0.813899 9.9991E-05 0.118041 0.0679598
0.88944 9.9991E-05 0.0295178 0.0809425
0.830329 0.0328666 0.0349876 0.101817
0.824399 0.054444 0.0429013 0.0782554
0.845316 0.0403914 0.0766318 0.0376604
9.9991E-05 0.614813 0.133972 0.251115
0.125191 0.300591 0.0576011 0.516616
0.119075 0.627367 9.9991E-05 0.253458
0.0413553 0.659908 0.104152 0.194585
0.13979 0.516983 0.0534176 0.28981
0.0375336 0.612717 0.0914086 0.258341
0.0612608 0.333808 0.220042 0.384889
0.0534639 0.135764 0.0670319 0.74374
0.0255762 0.140711 9.9991E-05 0.833613
0.022262 0.0955769 0.0400881 0.842073
0.0861695 0.0388293 0.00178651 0.873215
9.9991E-05 0.62326 0.115095 0.261545
9.9991E-05 0.283277 0.125972 0.590651
9.9991E-05 0.510752 0.0941591 0.394989
9.9991E-05 0.480435 0.175396 0.344069
0.265016 9.9991E-05 0.134954 0.59993
0.524929 9.9991E-05 0.186609 0.288362
9.9982E-05 0.116192 9.9982E-05 0.883608
0.0350705 0.0664749 9.9991E-05 0.898355
0.132946 9.9991E-05 0.439721 0.427233
0.190487 0.0355915 0.430911 0.34301
0.198164 9.9991E-05 0.117092 0.684644
0.167715 9.9991E-05 0.0942261 0.737959
0.0713134 0.0822492 0.375678 0.470759
0.116665 9.9991E-05 0.172131 0.711104
9.9991E-05 0.215577 0.0719473 0.712376
9.9991E-05 0.167666 0.0895982 0.742636
0.268921 0.0261324 0.140258 0.564689
0.484215 9.9991E-05 0.116669 0.399016
9.998E-05 9.998E-05 9.998E-05 0.9997
0.00855328 0.0468772 9.9991E-05 0.94447
0.00611803 0.0887145 0.173064 0.732103
9.9991E-05 0.0273723 0.0967175 0.87581
0.798647 9.9991E-05 0.0991338 0.102119
0.75625 0.151109 0.0925403 9.9991E-05
0.891791 0.0387506 0.0693585 9.9991E-05
0.9997 9.998E-05 9.998E-05 9.998E-05
0.0327123 0.32428 0.1204 0.522608
9.9982E-05 0.0472138 9.9982E-05 0.952586
0.0153105 0.0244932 0.111134 0.849062
9.998E-05 9.998E-05 9.998E-05 0.9997
0.0151163 0.0902847 0.00883077 0.885768
0.00351767 9.9982E-05 9.9982E-05 0.996282
0.0233917 0.251641 0.0851035 0.639864
9.9991E-05 0.1123 0.0953233 0.792276
0.696959 0.302841 9.9982E-05 9.9982E-05
0.74576 0.146392 0.0408062 0.0670419
0.810496 0.189304 9.9982E-05 9.9982E-05
0.836713 0.16237 9.9991E-05 0.000817395
0.738941 0.260859 9.9982E-05 9.9982E-05
0.0377856 0.305928 0.0921019 0.564184
0.0879116 0.293419 9.9991E-05 0.618569
9.9982E-05 9.9982E-05 0.0772686 0.922531
9.9991E-05 0.263154 0.0809326 0.655813
0.00560886 0.206623 0.108425 0.679343
0.384373 9.9991E-05 0.552184 0.0633431
0.217139 0.337203 0.0602761 0.385382
0.249295 9.9991E-05 0.0873123 0.663293
0.392956 9.9991E-05 0.162739 0.444205
0.446431 9.9991E-05 0.0933645 0.460105
0.442575 9.9991E-05 0.162862 0.394464
0.518963 9.9991E-05 0.226336 0.254601
0.390896 9.9991E-05 0.231229 0.377775
0.416544 9.9991E-05 0.133992 0.449364
0.287974 0.0592946 0.187328 0.465403
0.590602 9.9991E-05 0.0330555 0.376243
0.440449 9.9991E-05 0.302445 0.257006
0.394145 9.9991E-05 0.335908 0.269848
0.834396 0.137159 9.9991E-05 0.0283445
9.998E-05 0.9997 9.998E-05 9.998E-05
9.998E-05 0.9997 9.998E-05 9.998E-05
9.9982E-05 0.989396 0.0104039 9.9982E-05
9.9982E-05 0.944767 0.0550327 9.9982E-05
9.9991E-05 0.965584 0.00781748 0.0264982
0.0132964 0.978924 0.00767974 9.9991E-05
0.20925 0.79055 9.9982E-05 9.9982E-05
0.932323 0.048456 0.0191209 9.9991E-05
0.820232 0.172856 0.00681145 9.9991E-05
0.937411 0.0102392 0.0522502 9.9991E-05
0.851505 0.133066 9.9991E-05 0.0153293
0.989361 9.9991E-05 0.00383574 0.00670294
0.868118 0.109038 0.0185444 0.00429967
0.896644 9.9991E-05 0.0817818 0.0214739
0.921145 9.9991E-05 0.0455063 0.0332482
0.992373 0.00742745 9.9982E-05 9.9982E-05
0.883713 0.00333594 0.0453945 0.0675565
0.950461 0.0382246 0.0112144 9.9991E-05
0.915646 0.06062 0.0236341 9.9991E-05
0.915485 0.0252848 0.0591305 9.9991E-05
0.873207 9.9982E-05 0.126593 9.9982E-05
0.781035 0.011418 0.207447 9.9991E-05
0.802273 0.0211104 0.176516 9.9991E-05
0.862408 9.9982E-05 0.137392 9.9982E-05
0.153884 0.0881245 0.140879 0.617113
0.162532 0.0757553 0.037731 0.723982
0.266714 9.9991E-05 0.0023307 0.730855
9.9991E-05 0.348437 0.10996 0.541503
0.125404 0.118627 9.9991E-05 0.755869
0.22609 0.0319852 9.9991E-05 0.741825
0.109662 0.0220644 0.217097 0.651176
0.477955 0.0989497 0.177273 0.245822
0.448695 9.9991E-05 0.220191 0.331013
0.367085 0.131267 0.285568 0.216081
0.499127 0.0340569 0.255054 0.211761
