0.00948072 0.928081 0.0200996 0.0423391
0.0818801 0.91792 9.9982E-05 9.9982E-05
0.00403545 0.811826 0.148747 0.0353914
9.9991E-05 0.853574 0.0670431 0.0792827
9.9982E-05 0.892473 0.107327 9.9982E-05
0.168833 0.652606 0.0940077 0.0845531
0.0627509 0.864093 0.0134241 0.0597321
0.221243 0.730102 9.9991E-05 0.0485542
0.117011 0.882789 9.9982E-05 9.9982E-05
0.124982 0.656993 0.0320548 0.18597
0.121404 0.759727 0.11877 9.9991E-05
0.492612 0.098022 0.343254 0.0661121
0.223453 0.102818 0.613407 0.0603221
0.452677 0.15139 0.332893 0.0630394
0.31243 0.135761 0.404024 0.147786
0.224564 0.180778 0.485363 0.109295
0.226465 0.0705844 0.504573 0.198378
0.340349 0.0519076 0.459619 0.148125
0.294565 0.190804 0.439117 0.0755146
0.626294 0.192893 0.143665 0.0371478
0.37314 0.0341815 0.47387 0.118808
0.381256 0.0410726 0.422129 0.155542
0.274068 0.0112443 0.65336 0.061328
0.425927 0.0847695 0.358717 0.130586
0.0955483 0.122789 0.737718 0.0439437
0.257276 9.9991E-05 0.584236 0.158388
0.442793 0.124473 0.385149 0.0475852
0.442718 0.0942635 0.296298 0.16672
0.547339 0.117477 0.313473 0.0217119
9.9991E-05 0.798003 0.0115409 0.190356
9.9991E-05 0.78798 0.098802 0.113118
9.9991E-05 0.771182 0.128084 0.100634
0.00145688 0.722675 0.0985759 0.177292
0.215547 0.0539259 0.681111 0.0494163
0.168969 0.0868905 0.646969 0.0971715
0.227101 0.00505886 0.76774 9.9991E-05
0.484235 0.181039 0.334626 9.9991E-05
0.453748 0.0116281 0.520645 0.0139792
0.262491 0.137245 0.600164 9.9991E-05
0.144621 0.0312372 0.7827 0.0414415
0.101486 0.140023 0.758391 9.9991E-05
0.169591 0.136689 0.647256 0.0464642
0.516714 0.0438085 0.439377 9.9991E-05
0.184242 0.0779471 0.669984 0.067827
0.183248 0.0347749 0.691335 0.0906426
0.062379 0.154537 0.651033 0.132052
0.473224 9.9982E-05 0.526576 9.9982E-05
0.21211 0.0533197 0.687509 0.0470616
0.174691 0.119011 0.591979 0.11432
0.910047 0.0744366 9.9991E-05 0.0154166
0.630938 0.0804282 0.288534 9.9991E-05
0.716676 9.9991E-05 0.129856 0.153368
0.143065 0.109506 0.566881 0.180548
0.187535 0.0402082 0.663034 0.109222
0.158231 0.0999428 0.643459 0.0983678
0.533595 0.147807 0.318498 9.9991E-05
0.233845 0.0919699 0.674085 9.9991E-05
0.188317 0.114455 0.563543 0.133686
0.281455 0.171118 0.530218 0.0172086
0.535962 0.28143 0.0804278 0.10218
0.17955 0.143281 0.612327 0.0648416
0.297233 0.122635 0.560283 0.019849
0.665741 0.189127 0.145033 9.9991E-05
0.324338 0.0133383 0.64693 0.0153941
0.15823 0.0148936 0.732694 0.0941829
0.203271 0.0764333 0.593414 0.126881
0.421613 0.0783275 0.345008 0.155051
0.304771 0.00343094 0.539702 0.152096
0.192299 0.0868503 0.705908 0.0149429
0.536159 0.086557 0.377184 9.9991E-05
0.267264 9.9982E-05 0.732536 9.9982E-05
0.555208 9.9982E-05 0.444592 9.9982E-05
0.144419 0.0516337 0.72317 0.0807773
0.226391 0.111151 0.534405 0.128053
0.786434 9.9982E-05 0.213366 9.9982E-05
0.747819 9.9982E-05 0.251981 9.9982E-05
0.481605 9.9982E-05 0.518195 9.9982E-05
0.32698 0.0120851 0.651904 0.00903065
0.232882 0.148307 0.564153 0.0546578
0.357332 0.0851607 0.527505 0.0300026
0.57203 0.0192534 0.402052 0.0066645
0.517267 0.0424865 0.440146 9.9991E-05
0.234023 0.0760345 0.583715 0.106227
0.422657 0.0526688 0.486799 0.0378756
0.295843 0.0528837 0.646929 0.00434392
0.354261 0.00609963 0.63954 9.9991E-05
0.782895 9.9991E-05 0.170106 0.0468994
0.168255 0.0625569 0.721829 0.0473585
0.0123972 0.863495 0.124008 9.9991E-05
9.9982E-05 0.907357 0.0924434 9.9982E-05
9.9982E-05 0.86722 9.9982E-05 0.13258
9.9991E-05 0.939469 0.0353518 0.0250788
9.9991E-05 0.867243 0.0730882 0.0595686
9.9991E-05 0.927114 0.0200999 0.0526861
9.9991E-05 0.91714 0.0247584 0.0580018
0.120109 0.087375 0.734945 0.0575715
0.197809 0.0324147 0.603206 0.16657
0.720949 0.0117136 0.267237 9.9991E-05
0.152099 0.0847911 0.726522 0.0365875
0.261165 0.0645719 0.674163 9.9991E-05
0.14869 0.0783028 0.769771 0.00323627
0.213493 0.0415506 0.730484 0.0144731
0.225122 0.0246202 0.73637 0.0138877
0.756127 0.0498247 0.193948 9.9991E-05
0.206188 0.113104 0.571065 0.109644
0.19872 0.0560716 0.709101 0.0361076
0.118858 0.0839231 0.737204 0.0600143
0.463697 9.9991E-05 0.50977 0.0264323
0.233162 0.0937762 0.672961 9.9991E-05
0.348661 0.0355336 0.615706 9.9991E-05
0.388386 9.9991E-05 0.55619 0.0553238
0.288488 0.0855931 0.625819 9.9991E-05
0.159046 0.16459 0.654449 0.0219152
0.573119 0.0826451 0.278521 0.0657145
0.184244 0.143546 0.52312 0.14909
0.335558 0.137005 0.50356 0.0238772
0.201313 0.188198 0.592486 0.0180031
0.0626248 0.188398 0.748878 9.9991E-05
0.359106 0.079429 0.544023 0.017442
0.270251 0.0164436 0.665425 0.0478802
0.341341 0.0648815 0.561781 0.031996
0.254687 0.0720381 0.633196 0.0400791
0.187081 0.0966488 0.693733 0.022537
0.213254 0.105366 0.681281 9.9991E-05
0.293788 0.0500456 0.656066 9.9991E-05
0.223188 0.0768152 0.656842 0.0431553
0.22798 0.161703 0.488233 0.122085
0.189663 9.9991E-05 0.759615 0.0506218
0.193527 0.10099 0.652612 0.0528715
0.328011 9.9991E-05 0.571968 0.0999208
0.379387 0.103384 0.428308 0.0889213
0.182329 0.0131404 0.710545 0.0939855
0.0697909 0.0989949 0.762183 0.0690309
0.49984 0.100849 0.35594 0.0433715
0.672987 0.0409609 0.18406 0.101992
0.279241 0.0964023 0.58528 0.0390767
0.743037 9.9991E-05 0.120059 0.136804
0.467173 0.0907338 0.441993 9.9991E-05
0.314516 0.0879598 0.597425 9.9991E-05
0.422559 0.0636076 0.513734 9.9991E-05
0.495761 0.0710479 0.429209 0.00398185
0.195325 0.093798 0.555769 0.155109
0.1719 0.10984 0.686164 0.0320958
0.133203 0.132061 0.652637 0.0820999
0.656656 0.0577659 0.203436 0.082142
0.154359 0.233088 0.558152 0.0544007
0.272195 0.0370723 0.513392 0.177341
0.710838 0.218961 9.9991E-05 0.0701007
0.153834 0.0961339 0.657286 0.0927466
0.41516 0.100489 0.366346 0.118005
0.263299 0.123571 0.45313 0.159999
0.511757 0.129412 0.31969 0.0391418
0.540101 0.143262 0.316538 9.9991E-05
0.196879 0.198294 0.563091 0.0417368
0.352168 0.0700777 0.577655 9.9991E-05
0.258181 0.0987731 0.474835 0.168211
0.27446 0.169059 0.546379 0.0101019
0.13853 0.17767 0.611105 0.0726945
0.201483 0.130338 0.514873 0.153307
0.628242 0.116067 0.0432233 0.212468
0.239956 0.0907835 0.559218 0.110043
0.24104 0.0701563 0.589819 0.0989849
0.456115 9.9982E-05 0.543685 9.9982E-05
0.407219 9.9991E-05 0.50105 0.0916311
0.151778 0.15028 0.605529 0.0924123
0.195805 0.125023 0.528639 0.150534
0.0260465 0.150445 0.575776 0.247732
0.219811 0.327188 0.126713 0.326288
0.216087 0.562225 9.9991E-05 0.221588
0.306406 0.452222 9.9991E-05 0.241272
0.181967 0.38715 0.00967993 0.421203
0.209516 9.9991E-05 0.729483 0.0609012
0.111102 0.0908975 0.667363 0.130637
9.9982E-05 9.9982E-05 0.343793 0.656007
0.118673 0.0563988 0.397467 0.427462
0.123665 0.062481 0.392736 0.421118
0.539658 9.9991E-05 0.348433 0.111809
0.251211 0.0708105 0.537731 0.140247
0.66637 0.0104627 0.175633 0.147534
0.256672 9.9991E-05 0.703431 0.0397964
0.312978 0.0810333 0.564523 0.0414652
0.257887 0.0476458 0.583477 0.110989
0.668244 0.0257231 0.254882 0.0511509
0.212953 0.0202182 0.620015 0.146813
0.204737 0.0766665 0.642167 0.0764298
0.154918 0.160921 0.558986 0.125174
0.0954398 0.10809 0.536992 0.259478
9.998E-05 9.998E-05 9.998E-05 0.9997
9.9982E-05 9.9982E-05 0.158251 0.841549
0.00904451 0.0685522 0.411189 0.511214
9.9991E-05 0.0227713 0.242445 0.734684
0.0833 9.9991E-05 0.0902486 0.826351
9.998E-05 9.998E-05 9.998E-05 0.9997
0.00380882 0.0103477 0.0026835 0.98316
9.9982E-05 9.9982E-05 0.213513 0.786287
9.9982E-05 9.9982E-05 0.0191271 0.980673
9.998E-05 9.998E-05 9.998E-05 0.9997
9.998E-05 9.998E-05 9.998E-05 0.9997
9.9991E-05 0.0324499 0.216326 0.751124
0.0234112 9.9991E-05 0.153463 0.823026
9.998E-05 9.998E-05 9.998E-05 0.9997
0.148893 0.0742317 0.29415 0.482726
9.9991E-05 0.046517 0.277874 0.675509
9.9991E-05 0.0644223 0.229218 0.706259
9.9982E-05 9.9982E-05 0.0964688 0.903331
9.998E-05 9.998E-05 9.998E-05 0.9997
0.00655021 0.0307677 0.0801306 0.882551
9.998E-05 9.998E-05 9.998E-05 0.9997
0.0314591 0.109539 0.247182 0.61182
0.0484731 9.9991E-05 0.0438994 0.907528
0.461156 0.362407 9.9991E-05 0.176337
0.256987 0.200229 0.470926 0.0718587
0.258872 0.141742 0.406944 0.192442
0.380339 0.255055 0.167664 0.196942
0.222244 0.138992 0.462399 0.176366
0.367515 0.294617 0.100061 0.237808
0.206796 0.101826 0.496736 0.194642
0.185426 0.218352 0.547187 0.0490354
0.252788 0.158825 0.33465 0.253737
0.188904 0.188011 0.383836 0.23925
0.109586 0.227845 0.395041 0.267528
0.132526 0.187421 0.518905 0.161147
0.205407 0.205273 0.490878 0.0984409
0.0483834 0.875213 0.0763039 9.9991E-05
9.9982E-05 0.902302 9.9982E-05 0.097498
0.0270005 0.9728 9.9982E-05 9.9982E-05
9.9991E-05 0.968046 0.0219991 0.00985442
9.9991E-05 0.921925 0.0597751 0.0182003
9.9982E-05 0.881294 9.9982E-05 0.118506
9.9991E-05 0.890933 0.0429965 0.06597
0.0784128 0.891626 9.9991E-05 0.0298607
9.9982E-05 0.915075 0.0847248 9.9982E-05
0.00546835 0.878937 0.00681388 0.108781
0.325609 0.621223 9.9991E-05 0.0530676
0.298343 0.669276 0.0322816 9.9991E-05
0.39528 0.60452 9.9982E-05 9.9982E-05
0.402433 0.550537 0.0469293 9.9991E-05
0.216214 0.0577601 0.672237 0.0537889
0.288957 0.0164572 0.680008 0.0145775
0.260931 0.0127078 0.660503 0.0658582
0.234708 0.092045 0.506001 0.167245
0.360682 0.12703 0.512188 9.9991E-05
0.569049 0.0898669 0.340984 9.9991E-05
0.0794382 0.0668774 0.814973 0.0387118
0.270697 9.9982E-05 0.729103 9.9982E-05
0.308464 0.0317977 0.659639 9.9991E-05
0.430577 9.9991E-05 0.535761 0.0335616
0.196739 0.0535533 0.685876 0.0638317
0.336735 0.0533733 0.609791 9.9991E-05
0.958805 9.9982E-05 0.0409948 9.9982E-05
0.29378 0.0669033 0.639216 9.9991E-05
0.543701 9.9991E-05 0.417692 0.0385068
0.277578 0.0328436 0.689479 9.9991E-05
0.586312 0.0471176 0.36647 9.9991E-05
0.662984 0.295208 0.0417078 9.9991E-05
0.593084 0.259834 0.146983 9.9991E-05
0.683205 0.226659 0.0900357 9.9991E-05
0.701699 0.246212 0.0519887 9.9991E-05
0.738464 0.182521 0.0789144 9.9991E-05
0.530118 0.25948 0.210302 9.9991E-05
9.9991E-05 0.879658 0.0852516 0.0349907
9.9982E-05 0.826091 0.17371 9.9982E-05
9.9991E-05 0.7835 0.10464 0.111759
9.9991E-05 0.780008 0.0994345 0.120457
9.9991E-05 0.793512 0.128952 0.0774367
0.474515 0.525285 9.9982E-05 9.9982E-05
0.449991 0.528924 0.0209854 9.9991E-05
0.415576 0.556037 0.0282874 9.9991E-05
0.00219666 0.80751 0.0541813 0.136112
0.469623 0.495408 0.0348692 9.9991E-05
0.143606 0.149587 0.23038 0.476428
0.0708552 0.14179 0.57139 0.215965
9.9991E-05 0.184475 0.531754 0.283671
0.1062 0.226263 0.401997 0.265539
0.103563 0.122348 0.543064 0.231025
0.163812 0.435567 9.9991E-05 0.400522
0.364052 0.024238 0.61161 9.9991E-05
0.511432 0.0151369 0.429578 0.0438532
0.371014 0.185291 0.443594 9.9991E-05
0.438704 9.9991E-05 0.517296 0.0438999
0.9997 9.998E-05 9.998E-05 9.998E-05
0.202148 0.158228 0.547486 0.0921376
0.293944 0.0744395 0.591938 0.039678
0.407665 0.10292 0.489315 9.9991E-05
0.233566 0.142738 0.513384 0.110312
0.752799 0.00153891 0.185131 0.060531
0.347675 9.9991E-05 0.527989 0.124235
0.250615 0.058538 0.633966 0.0568812
0.18523 0.11867 0.513609 0.182491
0.496127 9.9991E-05 0.446106 0.0576666
0.374095 0.0436581 0.532456 0.0497905
0.316498 0.0219044 0.586787 0.0748107
0.29605 0.0605483 0.643302 9.9991E-05
0.175463 0.0212099 0.711799 0.0915279
0.212753 0.137476 0.610981 0.0387896
0.201436 0.141114 0.65735 9.9991E-05
9.9991E-05 0.795581 0.118932 0.085387
9.9991E-05 0.842273 0.0958173 0.0618093
0.121499 0.808856 0.0525232 0.0171219
0.0952382 0.808616 0.0316328 0.0645129
9.9991E-05 0.836462 0.13292 0.030518
0.595156 0.0831763 0.283579 0.0380884
0.259135 0.0185947 0.5594 0.16287
0.147618 0.15572 0.490312 0.20635
0.103048 0.053466 0.731803 0.111682
0.265621 0.124765 0.583132 0.0264822
0.576755 0.020164 0.26285 0.140231
0.707882 0.236022 0.0559957 9.9991E-05
0.255716 0.113592 0.595904 0.0347883
0.527049 0.172208 0.300643 9.9991E-05
0.316944 0.11678 0.503164 0.063112
0.631555 0.174824 0.165593 0.0280278
0.179531 0.110207 0.622203 0.0880589
0.506753 0.205674 0.287473 9.9991E-05
0.160117 0.110863 0.601753 0.127267
0.464231 0.0599632 0.360437 0.11537
0.301896 0.0655537 0.478106 0.154444
0.57149 0.0720178 0.240182 0.116309
0.232342 0.13049 0.619779 0.0173882
0.153227 0.10646 0.682713 0.0576
0.522214 0.00635113 0.471334 9.9991E-05
0.162195 0.20462 0.611458 0.0217268
0.215809 0.130776 0.560674 0.0927414
0.226045 0.132625 0.64123 9.9991E-05
0.820288 9.9991E-05 0.114088 0.0655237
0.652421 9.9991E-05 0.308612 0.0388672
0.39831 0.016746 0.559651 0.0252938
0.28839 0.103379 0.437428 0.170804
0.770094 0.0293021 0.174956 0.0256479
0.346059 0.0282978 0.619783 0.00585999
0.60528 0.120022 0.257826 0.0168716
0.603247 9.9991E-05 0.375423 0.0212305
0.332729 0.059705 0.589928 0.0176383
0.176728 0.0736424 0.672978 0.0766516
0.580954 0.00924674 0.398671 0.0111287
0.292779 0.0425777 0.485821 0.178822
0.128439 0.058846 0.703378 0.109338
0.289686 0.029332 0.640345 0.0406366
0.265845 0.116306 0.532343 0.0855057
0.334975 0.0552615 0.579397 0.030366
0.540014 9.9991E-05 0.317169 0.142717
0.421755 0.0538485 0.410834 0.113562
0.22389 0.0180904 0.704252 0.0537675
0.214294 0.0960507 0.670423 0.0192326
0.380258 0.073103 0.520006 0.0266336
0.25544 0.0972467 0.570222 0.0770909
0.349549 0.110967 0.500528 0.0389562
0.208423 0.0438926 0.730502 0.017182
0.302104 0.054416 0.570795 0.0726851
0.168754 0.135735 0.685731 0.00977962
0.0489901 0.344539 0.393397 0.213073
0.115342 0.129021 0.513988 0.241649
0.0658469 0.24414 0.481465 0.208548
0.196071 9.9991E-05 0.635651 0.168179
0.10121 0.187344 0.503544 0.207902
0.388021 9.9991E-05 0.536658 0.0752214
0.0470955 0.155261 0.660699 0.136945
0.489137 0.223999 9.9991E-05 0.286763
0.172744 0.102033 0.484719 0.240504
0.0777426 0.152593 0.595487 0.174177
0.141015 0.101875 0.499337 0.257773
0.325796 0.17421 0.243575 0.256419
0.121014 0.181557 0.475978 0.221451
9.9991E-05 0.19228 0.585986 0.221634
0.26713 0.461797 9.9991E-05 0.270973
0.0996831 0.14089 0.436709 0.322718
0.0487628 0.161591 0.569993 0.219653
0.134478 0.0800147 0.63429 0.151218
0.017147 0.180282 0.574128 0.228443
0.136384 0.166751 0.567238 0.129627
0.255662 0.0405037 0.633272 0.0705627
0.210266 0.094458 0.570267 0.125009
0.826035 9.9991E-05 0.134007 0.0398574
0.237429 0.0633982 0.530963 0.168209
0.0894716 0.0776278 0.72312 0.109781
0.798713 0.0279178 0.15934 0.0140294
0.189075 0.0938827 0.652899 0.0641425
0.275924 0.0889394 0.508545 0.126591
0.0888914 0.1462 0.483858 0.28105
0.141929 0.106549 0.306068 0.445454
0.229488 0.215532 0.189885 0.365094
0.0894984 0.274672 0.35505 0.280779
0.0492709 0.156443 0.567012 0.227274
0.602747 0.042114 0.127128 0.228011
0.435438 0.139795 0.24675 0.178016
0.185504 0.0279404 0.631474 0.155082
0.211727 0.0508293 0.588344 0.1491
0.467471 0.0492577 0.278793 0.204478
0.204403 0.0714213 0.592054 0.132122
0.185088 0.0887452 0.594027 0.13214
0.236978 0.111304 0.498679 0.153039
0.462287 0.0316763 0.505937 9.9991E-05
0.397045 0.0290825 0.475437 0.0984354
0.222169 0.12336 0.500864 0.153607
0.266142 0.0416947 0.660521 0.0316421
0.375465 0.0262636 0.511952 0.08632
0.239095 0.114178 0.586495 0.0602322
0.257472 0.144023 0.438547 0.159958
0.38501 9.9991E-05 0.559908 0.0549823
0.603256 9.9982E-05 0.396544 9.9982E-05
0.234279 0.0498193 0.631368 0.0845336
0.17356 0.183542 0.618966 0.023932
0.572806 9.9991E-05 0.325355 0.101739
0.378809 0.0221658 0.587344 0.0116805
0.174647 0.0821935 0.74306 9.9991E-05
0.348898 0.0218853 0.502554 0.126663
0.0188782 0.162594 0.599261 0.219266
0.15715 0.135467 0.52969 0.177693
0.0902362 0.159844 0.445506 0.304413
0.116678 0.203984 0.527592 0.151746
0.25843 0.20714 0.255672 0.278757
0.216298 0.140219 0.448607 0.194876
0.161799 0.16787 0.500242 0.170088
0.164116 0.146221 0.525419 0.164244
0.55612 0.203963 9.9991E-05 0.239817
0.0342603 0.120914 0.634791 0.210034
0.342213 0.389804 9.9991E-05 0.267884
0.141151 0.0256835 0.548704 0.284462
0.190368 0.194746 0.470461 0.144424
0.751255 9.9982E-05 0.248545 9.9982E-05
0.865345 9.9982E-05 0.134455 9.9982E-05
0.376623 9.9982E-05 0.623177 9.9982E-05
0.185032 9.9991E-05 0.754746 0.0601224
0.401594 9.9982E-05 0.598206 9.9982E-05
0.306028 9.9991E-05 0.675231 0.0186406
0.251975 9.9991E-05 0.708716 0.0392085
9.9991E-05 0.830689 0.12113 0.0480809
0.108443 0.733371 9.9991E-05 0.158086
9.9982E-05 0.898165 9.9982E-05 0.101635
9.9982E-05 0.96926 0.0305399 9.9982E-05
0.217546 0.0525093 0.729845 9.9991E-05
0.24751 0.0592926 0.693097 9.9991E-05
0.293416 0.0206883 0.685796 9.9991E-05
0.131191 0.146385 0.722324 9.9991E-05
0.170006 0.130958 0.661789 0.0372472
0.481788 0.0655565 0.438105 0.0145506
0.191408 9.9991E-05 0.783088 0.0254043
0.510664 0.0184671 0.470769 9.9991E-05
0.00722327 0.231313 0.564248 0.197215
0.376014 9.9991E-05 0.587358 0.0365283
0.429453 9.9982E-05 0.570347 9.9982E-05
0.190306 0.128348 0.524536 0.15681
0.270754 9.9982E-05 0.729046 9.9982E-05
0.321536 0.0263093 0.652054 9.9991E-05
0.19098 0.0131457 0.744312 0.0515629
0.138842 0.0855312 0.745426 0.0302004
0.65621 9.9982E-05 0.34359 9.9982E-05
0.476114 0.0328437 0.480448 0.0105941
0.443848 9.9982E-05 0.555952 9.9982E-05
0.867852 9.9982E-05 0.131948 9.9982E-05
0.0955596 0.231442 0.527462 0.145536
0.339745 0.0596837 0.588266 0.0123054
0.684311 9.9991E-05 0.284376 0.0312133
0.889494 9.9991E-05 0.079445 0.0309608
0.254825 0.00567256 0.684862 0.0546407
0.481054 0.0382984 0.480547 9.9991E-05
0.302447 0.037644 0.595026 0.0648826
0.0273437 0.173242 0.713347 0.0860675
0.246916 0.00995012 0.708758 0.0343763
0.458291 9.9991E-05 0.447666 0.0939437
0.252323 9.9991E-05 0.713891 0.0336852
0.253714 0.113886 0.6323 9.9991E-05
0.46657 9.9982E-05 0.53323 9.9982E-05
0.226624 0.0877208 0.662467 0.0231888
0.226939 0.748087 0.0248736 9.9991E-05
0.142815 0.788025 0.06906 9.9991E-05
0.135118 0.864682 9.9982E-05 9.9982E-05
0.139589 0.860211 9.9982E-05 9.9982E-05
0.147431 0.753709 0.0987598 9.9991E-05
0.537364 0.0594732 0.403063 9.9991E-05
0.580143 0.0831004 0.336656 9.9991E-05
0.558522 9.9982E-05 0.441278 9.9982E-05
0.146741 0.173459 0.679699 9.9991E-05
0.152667 0.112796 0.701887 0.0326493
0.485028 0.00175332 0.418794 0.094424
0.235895 9.9991E-05 0.607038 0.156966
0.299958 0.00621458 0.622649 0.0711782
0.320311 0.0757996 0.524074 0.0798152
0.18513 0.0342148 0.780555 9.9991E-05
0.128348 0.0686036 0.802949 9.9991E-05
0.552197 9.9982E-05 0.447603 9.9982E-05
0.361939 9.9982E-05 0.637861 9.9982E-05
0.459356 9.9982E-05 0.540444 9.9982E-05
0.19038 0.144313 0.665207 9.9991E-05
0.344755 0.0477611 0.607384 9.9991E-05
0.324962 9.9991E-05 0.653639 0.0212988
0.0212159 0.0970539 0.466981 0.414749
0.0186494 0.149321 0.391114 0.440915
9.9991E-05 0.0892785 0.408424 0.502198
0.0382874 0.154798 0.284587 0.522328
0.00243496 0.129595 0.491224 0.376746
0.305907 0.0276496 0.558507 0.107936
9.9991E-05 0.203724 0.099028 0.697148
9.9991E-05 0.180553 0.347954 0.471393
0.185173 0.168739 0.431087 0.215001
0.194785 0.150677 0.654438 9.9991E-05
0.204199 0.187238 0.490846 0.117716
0.175578 0.120221 0.657457 0.0467442
0.180723 0.13329 0.659006 0.0269811
9.9991E-05 0.141324 0.246694 0.611882
9.9991E-05 0.114379 0.477732 0.407789
9.9991E-05 0.0505253 0.412521 0.536854
0.0876962 0.125904 0.520052 0.266349
9.9991E-05 0.088149 0.274095 0.637656
0.0455 0.160348 0.520353 0.273799
9.9991E-05 0.0674011 0.340223 0.592276
0.0080332 0.0894395 0.482678 0.41985
0.169542 0.142713 0.623471 0.0642739
0.0523425 0.167997 0.432619 0.347041
9.9991E-05 0.190198 0.206184 0.603518
0.137153 0.185731 0.421331 0.255785
0.0910299 0.163457 0.412695 0.332819
0.179425 0.118029 0.34655 0.355996
0.52651 0.235435 0.237956 9.9991E-05
0.233856 0.0218382 0.587894 0.156411
9.9991E-05 0.205765 0.522345 0.27179
0.180172 0.174401 0.442917 0.20251
0.187498 0.145666 0.641522 0.0253144
0.272018 0.162036 0.529655 0.0362912
0.128588 0.206369 0.428679 0.236364
0.0754565 0.215633 0.265021 0.443889
0.203749 0.0802225 0.604891 0.111138
0.037456 0.163506 0.594433 0.204604
0.183222 0.215505 0.383662 0.217611
0.0157631 0.17497 0.461817 0.347451
9.9991E-05 0.106111 0.41848 0.475309
9.9991E-05 0.222678 0.184222 0.592999
0.15355 0.0903043 0.681578 0.0745671
0.246833 0.143228 0.609839 9.9991E-05
0.578757 0.118052 0.122853 0.180337
0.112476 0.0835003 0.687225 0.116798
0.334609 0.16931 0.458443 0.0376378
0.0554968 0.213924 0.54255 0.18803
0.215174 0.1259 0.570542 0.088384
0.425264 0.312004 9.9991E-05 0.262632
0.418123 0.361154 9.9991E-05 0.220623
0.306535 0.158628 0.311386 0.223451
0.3528 0.407456 9.9991E-05 0.239644
0.259333 0.406481 9.9991E-05 0.334086
0.240093 0.135708 0.416039 0.20816
0.201031 0.231892 0.356705 0.210371
0.313439 0.279754 0.134226 0.27258
0.391389 0.359354 0.0243417 0.224915
0.232203 0.0974571 0.450093 0.220247
0.364099 0.256352 0.175247 0.204303
0.155494 0.144433 0.546249 0.153824
0.333318 0.50692 9.9991E-05 0.159661
0.11671 0.138699 0.54203 0.202561
0.124032 0.193267 0.436824 0.245877
9.9991E-05 0.329722 0.565571 0.104608
9.9991E-05 0.140848 0.523964 0.335088
0.15613 0.188591 0.532865 0.122415
0.0157468 0.184324 0.638074 0.161855
0.125288 0.138194 0.459154 0.277365
0.00777155 0.380867 0.317546 0.293815
0.0439242 0.25074 0.562152 0.143184
9.9991E-05 0.288956 0.438281 0.272664
0.125322 0.251232 0.395428 0.228018
0.257732 0.215336 0.391073 0.135858
0.123758 0.171319 0.557796 0.147127
0.141577 0.193966 0.459452 0.205005
0.126673 0.109198 0.562167 0.201962
9.9991E-05 0.345639 0.406161 0.2481
0.0103018 0.234858 0.643432 0.111408
0.157578 0.364077 0.139785 0.33856
9.9991E-05 0.235457 0.524203 0.24024
0.109532 0.260475 0.283169 0.346824
0.125902 0.854684 0.0193141 9.9991E-05
0.591946 0.21217 0.195784 9.9991E-05
0.730097 0.225956 0.0438467 9.9991E-05
0.7299 0.195346 0.0746544 9.9991E-05
0.693636 0.173742 0.132522 9.9991E-05
0.611088 0.217768 0.171044 9.9991E-05
0.623553 0.151136 0.225211 9.9991E-05
0.760936 0.238864 9.9982E-05 9.9982E-05
0.504513 0.410708 0.0846798 9.9991E-05
9.9991E-05 0.923914 0.0647058 0.0112799
9.9991E-05 0.85733 0.119998 0.0225718
9.9991E-05 0.916773 0.0491465 0.0339806
0.0487379 0.860073 0.0910893 9.9991E-05
9.9991E-05 0.905339 0.082036 0.012525
0.0296986 0.910939 0.0592626 9.9991E-05
0.0686457 0.712205 0.0667229 0.152427
9.9991E-05 0.85595 0.0709971 0.0729534
0.120903 0.725141 0.04586 0.108096
0.012072 0.897564 9.9991E-05 0.0902638
0.0292068 0.970593 9.9982E-05 9.9982E-05
0.0623006 0.851745 0.0397488 0.0462055
9.9982E-05 0.974515 9.9982E-05 0.0252853
9.9991E-05 0.924397 0.0261712 0.0493315
9.9991E-05 0.851075 0.0508509 0.0979739
9.9991E-05 0.823589 0.102297 0.0740134
9.9991E-05 0.772395 0.0684843 0.159021
9.9991E-05 0.798524 0.0828527 0.118523
9.9991E-05 0.779096 0.104004 0.116799
0.284758 0.218436 0.496706 9.9991E-05
0.0999129 0.0962485 0.803739 9.9991E-05
0.106581 0.133444 0.67253 0.0874447
0.593497 0.109324 0.223874 0.0733053
0.186976 0.206221 0.606702 9.9991E-05
0.583201 0.160517 0.123791 0.132491
0.14234 0.0911959 0.697222 0.0692425
0.376349 0.134434 0.489116 9.9991E-05
0.234713 0.130123 0.635063 9.9991E-05
0.274433 0.057916 0.667551 9.9991E-05
0.317433 0.121999 0.560468 9.9991E-05
0.101325 0.0893839 0.803237 0.00605354
0.153282 0.164982 0.663306 0.0184304
0.780053 9.9991E-05 0.114569 0.105278
0.858559 0.0825468 0.0052049 0.0536892
0.633723 0.142063 0.138723 0.0854911
0.163808 0.10085 0.60478 0.130563
0.282165 0.0699509 0.504941 0.142943
0.273292 0.100734 0.583282 0.0426922
0.0985127 0.127599 0.695134 0.0787541
0.0865816 0.223052 0.513664 0.176703
9.9991E-05 0.213628 0.661177 0.125095
0.203544 0.482876 0.19428 0.1193
0.124766 0.160113 0.702865 0.0122567
0.148203 0.233226 0.483976 0.134596
0.339104 0.388341 9.9991E-05 0.272455
0.0870219 0.329034 0.365635 0.218309
0.182677 0.327845 0.296811 0.192667
0.0865378 0.334831 0.513606 0.0650251
0.192483 0.114625 0.462258 0.230634
9.9991E-05 0.23617 0.588115 0.175615
0.0753641 0.111854 0.616746 0.196036
0.142195 0.215578 0.429642 0.212585
0.0169142 0.438962 0.354927 0.189197
