0.0921145 9.9973E-05 9.9973E-05 9.9973E-05 0.859478 0.0481075
9.9964E-05 9.9964E-05 0.0371984 9.9964E-05 0.962402 9.9964E-05
0.0307396 0.0703057 0.0192324 9.9991E-05 0.813095 0.0665274
0.0907815 9.9973E-05 9.9973E-05 9.9973E-05 0.836999 0.0719194
0.0230187 9.9982E-05 0.0472558 9.9982E-05 0.898885 0.0306408
0.00277508 0.11042 0.12356 0.0336197 0.685147 0.0444773
9.9982E-05 0.0441947 9.9982E-05 0.0929323 0.855654 0.0070192
0.0472445 9.9991E-05 0.136352 0.057593 0.744769 0.0139414
0.111179 9.99729E-05 9.99729E-05 0.078798 0.809723 9.99729E-05
0.0211862 9.9991E-05 0.136748 0.0921256 0.682491 0.0673493
0.0786135 0.00150221 0.108312 0.0416343 0.769838 9.9991E-05
0.267731 0.565255 9.9982E-05 9.9982E-05 0.0139904 0.152824
0.374611 0.308462 0.077599 0.0606406 0.0104592 0.168229
0.216323 0.384553 0.0369696 9.9991E-05 0.164755 0.197299
0.399942 0.437944 0.0131912 0.0611463 0.0323515 0.0554252
0.208507 0.541134 0.00984077 9.9991E-05 0.0619731 0.178445
0.22253 0.542211 9.9982E-05 9.9982E-05 0.081858 0.1532
0.178479 0.486065 9.9991E-05 0.029864 0.0581695 0.247322
0.276333 0.506809 9.9991E-05 0.0369234 0.0370024 0.142832
0.0214799 9.9982E-05 9.9982E-05 0.00347559 0.829815 0.14503
0.0314659 0.015611 9.9982E-05 9.9982E-05 0.815476 0.137247
0.00422373 0.0517459 0.011831 0.036248 0.791535 0.104416
9.9982E-05 0.0453191 9.9982E-05 0.0519269 0.752709 0.149845
0.472158 0.309435 0.0043234 0.0525993 0.0441701 0.117314
0.0854781 0.792997 9.9982E-05 0.0158052 0.10552 9.9982E-05
9.9982E-05 0.731436 0.148243 0.0390104 9.9982E-05 0.08111
9.9973E-05 0.700993 0.0379932 0.260713 9.9973E-05 9.9973E-05
0.320848 0.462354 0.140618 0.0759801 9.9982E-05 9.9982E-05
0.126763 0.446491 0.13861 0.265571 9.9991E-05 0.0224648
0.224167 0.465122 0.108826 0.00642359 0.157788 0.0376744
0.231651 0.402676 0.00457989 0.140621 0.178479 0.0419934
0.407843 0.448912 0.00828389 0.0956717 0.0391892 9.9991E-05
0.191239 0.523589 9.9991E-05 0.018482 0.0942066 0.172383
0.254946 0.441936 0.116813 0.111246 0.0420566 0.0330023
0.0394055 0.895742 9.9982E-05 9.9982E-05 0.0020615 0.0625906
9.9964E-05 0.964254 9.9964E-05 0.0353463 9.9964E-05 9.9964E-05
9.9964E-05 0.988664 9.9964E-05 0.0109359 9.9964E-05 9.9964E-05
0.00465059 0.899159 0.014573 0.0136612 9.9991E-05 0.067856
0.121926 0.743406 9.9973E-05 9.9973E-05 9.9973E-05 0.134367
0.231865 0.621984 0.0273611 9.9991E-05 0.0325314 0.086159
9.9973E-05 0.760276 0.110246 0.129178 9.9973E-05 9.9973E-05
0.0692683 0.0186653 9.9982E-05 9.9982E-05 0.825859 0.0860073
9.9982E-05 9.9982E-05 0.0138974 0.0344036 0.93858 0.0129192
0.0447131 0.0138326 9.9982E-05 9.9982E-05 0.904632 0.0366224
9.9973E-05 9.9973E-05 9.9973E-05 0.0668192 0.919326 0.0135544
9.9982E-05 0.0023993 9.9982E-05 0.0942115 0.845512 0.0576768
9.9973E-05 9.9973E-05 9.9973E-05 0.0281978 0.907094 0.0644087
9.9982E-05 0.0113966 0.0135925 9.9982E-05 0.954909 0.0199019
9.9973E-05 0.919016 0.00730167 9.9973E-05 0.0733821 9.9973E-05
0.112882 0.851291 9.9973E-05 9.9973E-05 0.0355267 9.9973E-05
0.00435942 0.777905 0.0377198 9.9982E-05 9.9982E-05 0.179816
0.0667207 0.391342 0.264622 0.122447 0.11166 0.0432087
0.255062 0.393848 0.153648 9.9991E-05 0.0595827 0.137759
0.206075 0.209486 0.320076 0.189379 0.0220454 0.0529382
0.232292 0.241936 0.339162 0.143273 9.9991E-05 0.0432378
0.289146 0.394534 0.162339 9.9991E-05 0.0769486 0.0769316
0.346216 0.316032 0.172868 9.9991E-05 0.0140763 0.150707
0.288089 0.306543 0.135904 0.193141 9.9991E-05 0.0762229
0.110067 0.242296 0.289424 0.222479 0.135634 9.9991E-05
0.210133 0.229043 0.15051 0.377966 9.9991E-05 0.0322485
0.170008 0.251043 0.285399 0.250498 0.0429525 9.9991E-05
0.127286 0.375469 0.285673 0.0491449 0.0557459 0.10668
9.9991E-05 0.447383 0.0915031 0.34918 0.0268371 0.0849969
0.0419408 0.529609 0.189249 0.16332 9.9991E-05 0.0757813
0.0456833 0.0807686 0.0541444 0.357987 0.220901 0.240515
9.9973E-05 9.9973E-05 9.9973E-05 0.559888 0.416047 0.0237641
9.9973E-05 9.9973E-05 9.9973E-05 0.702393 0.207881 0.0894263
0.0223989 0.0281728 0.00307966 0.305873 0.320959 0.319517
9.9991E-05 0.38089 0.381268 0.0765403 0.0817073 0.079494
9.9982E-05 0.174937 0.510598 0.254962 9.9982E-05 0.0593028
0.0270012 0.352976 0.314954 0.258894 9.9991E-05 0.0460742
9.9973E-05 0.0518663 0.0558282 9.9973E-05 9.9973E-05 0.892006
0.005229 9.9982E-05 0.0528434 9.9982E-05 0.0272107 0.914517
9.9964E-05 9.9964E-05 9.9964E-05 0.00349753 9.9964E-05 0.996103
0.0410306 9.9973E-05 9.9973E-05 0.0349962 9.9973E-05 0.923673
0.0557675 9.9964E-05 9.9964E-05 9.9964E-05 9.9964E-05 0.943833
9.996E-05 9.996E-05 9.996E-05 9.996E-05 9.996E-05 0.9995
9.996E-05 9.996E-05 9.996E-05 9.996E-05 9.996E-05 0.9995
0.000953044 9.9964E-05 9.9964E-05 9.9964E-05 9.9964E-05 0.998647
9.9973E-05 9.9973E-05 0.019731 9.9973E-05 0.0389203 0.941049
0.0289527 9.9982E-05 9.9982E-05 0.0867177 0.0418785 0.842251
9.9973E-05 9.9973E-05 9.9973E-05 0.0114801 0.0402452 0.947975
0.0258091 0.0593396 0.0170677 0.0152096 0.00734554 0.875229
9.9991E-05 0.0996779 0.18098 0.496152 0.221234 0.0018557
0.0905788 0.112564 0.0811775 0.411623 0.183026 0.121031
9.9991E-05 0.271696 0.0867077 0.273256 0.246781 0.12146
0.0286329 0.0247336 9.9982E-05 0.134694 0.811739 9.9982E-05
9.9973E-05 9.9973E-05 9.9973E-05 0.0509616 0.862462 0.086277
0.00675107 9.9973E-05 9.9973E-05 0.0889269 0.904022 9.9973E-05
0.0564908 9.9982E-05 9.9982E-05 0.0540203 0.874199 0.01509
0.0394783 9.9982E-05 9.9982E-05 0.111794 0.824223 0.0243039
9.9982E-05 9.9982E-05 0.0263113 0.0225758 0.921887 0.0290264
0.00613457 9.9982E-05 9.9982E-05 0.00330906 0.915079 0.0752771
9.9973E-05 9.9973E-05 0.0138591 0.121161 0.86468 9.9973E-05
9.9991E-05 0.0279548 0.000993306 0.00135435 0.943343 0.0262543
9.9973E-05 9.9973E-05 9.9973E-05 0.0769251 0.842815 0.0799602
0.215675 0.135125 0.0160313 9.9982E-05 0.632968 9.9982E-05
0.273313 0.120874 9.9973E-05 9.9973E-05 0.605513 9.9973E-05
0.168564 0.163403 0.050669 0.085983 0.531282 9.9991E-05
0.221567 0.271311 0.00927331 9.9982E-05 0.497648 9.9982E-05
0.452278 0.442347 9.9982E-05 9.9982E-05 0.0327305 0.0724445
9.9973E-05 0.664394 0.145398 9.9973E-05 9.9973E-05 0.189909
9.9973E-05 0.799096 0.173924 0.0266798 9.9973E-05 9.9973E-05
9.9991E-05 0.612595 0.190908 0.126822 0.00698474 0.0625906
0.0831528 0.810359 9.9973E-05 9.9973E-05 0.106188 9.9973E-05
0.822293 9.9982E-05 0.0416889 0.117306 0.0185119 9.9982E-05
0.90651 9.9982E-05 0.0187074 9.9982E-05 0.0311642 0.0434185
0.970083 9.9964E-05 0.0295176 9.9964E-05 9.9964E-05 9.9964E-05
0.959135 9.9964E-05 9.9964E-05 9.9964E-05 0.0404651 9.9964E-05
0.83949 0.0280726 0.0558818 9.9991E-05 0.0295552 0.0469
0.9196 9.9964E-05 9.9964E-05 9.9964E-05 9.9964E-05 0.0800006
9.9973E-05 9.9973E-05 0.0315342 9.9973E-05 0.889119 0.0790473
0.0924413 9.9991E-05 0.00738402 0.0563838 0.797749 0.0459419
9.9973E-05 9.9973E-05 0.087948 9.9973E-05 0.783671 0.128081
0.0873325 9.9991E-05 0.0195384 0.0283987 0.754024 0.110607
9.9982E-05 0.0705772 9.9982E-05 0.00715177 0.808665 0.113406
0.512291 0.117981 9.9982E-05 0.00183856 0.367689 9.9982E-05
0.385043 0.0830001 0.0456175 0.0282037 0.458035 9.9991E-05
0.400424 9.9991E-05 0.142335 0.00481414 0.441598 0.0107295
0.0796531 9.9973E-05 9.9973E-05 9.9973E-05 0.77666 0.143387
0.508371 0.102962 9.9982E-05 0.0584756 0.329991 9.9982E-05
0.0542397 0.048715 0.107141 0.235497 0.135316 0.419091
9.9973E-05 9.9973E-05 9.9973E-05 0.461106 0.301274 0.23732
0.109742 0.370133 0.301499 0.00150143 0.108873 0.10825
0.377793 0.309711 0.0896633 9.9991E-05 0.103889 0.118843
0.0353136 0.457494 0.327323 9.9991E-05 0.0731343 0.106635
0.125181 0.392368 0.321536 0.160715 9.9982E-05 9.9982E-05
0.228542 0.379239 0.207142 9.9991E-05 0.137554 0.0474221
0.145995 0.435101 0.23467 0.184033 9.9982E-05 9.9982E-05
0.220252 0.315282 0.312833 0.00788302 9.9991E-05 0.14365
0.188886 0.349028 0.28668 9.9991E-05 0.0250885 0.150217
9.9973E-05 9.9973E-05 0.0640937 9.9973E-05 0.798109 0.137497
9.9982E-05 0.006518 0.0771096 9.9982E-05 0.88072 0.0354524
0.0132178 0.0577454 0.0700665 0.0118513 0.811434 0.0356849
9.9982E-05 0.0437322 0.0706788 9.9982E-05 0.83026 0.055129
9.9982E-05 0.00662412 0.0613611 9.9982E-05 0.856249 0.0755661
0.418171 0.395361 0.00370868 0.0530173 0.00869469 0.121047
0.305203 0.00921514 0.317033 0.211479 9.9991E-05 0.15697
0.446497 0.356219 9.9982E-05 0.104579 0.0925057 9.9982E-05
0.377539 0.0731861 0.344031 9.9991E-05 0.127441 0.0777029
0.302737 0.349708 0.119157 0.0488897 0.146804 0.0327037
0.307198 0.416483 0.125107 9.9991E-05 0.126035 0.0250783
0.250618 0.30708 0.154793 0.0450557 0.0820064 0.160447
0.0923217 0.271703 0.402844 0.170359 9.9991E-05 0.0626723
0.104089 0.30974 0.347148 0.238823 9.9982E-05 9.9982E-05
0.0181396 0.311793 0.330265 0.339603 9.9982E-05 9.9982E-05
0.0737689 0.251747 0.485262 0.186701 0.00242138 9.9991E-05
0.32526 0.508665 9.9991E-05 0.0945053 0.0481128 0.0233568
0.25254 0.28788 0.344775 9.9982E-05 9.9982E-05 0.114606
0.350376 0.458059 0.0862958 0.0118176 0.00717711 0.0862748
0.321686 0.457871 0.0597162 0.0202787 9.9991E-05 0.140348
9.9982E-05 0.32276 9.9982E-05 0.586439 0.0337371 0.0568641
9.9982E-05 0.0233267 9.9982E-05 0.521965 0.342368 0.112141
9.996E-05 9.996E-05 0.9995 9.996E-05 9.996E-05 9.996E-05
0.000821739 9.9973E-05 0.990408 9.9973E-05 0.0084707 9.9973E-05
9.9991E-05 0.0540411 0.286877 0.111256 0.146969 0.400758
9.9991E-05 0.0772123 0.262288 0.0516963 0.200173 0.40853
9.9982E-05 9.9982E-05 0.713958 0.158283 0.031627 0.095932
9.9982E-05 9.9982E-05 0.668474 0.11735 0.139433 0.0745438
0.0199115 0.0499297 0.524495 9.9991E-05 0.107281 0.298283
9.9973E-05 9.9973E-05 0.729292 9.9973E-05 0.128848 0.141559
0.0769777 9.9973E-05 0.914294 9.9973E-05 9.9973E-05 0.00842863
0.0393236 0.0569325 0.800476 9.9991E-05 0.0653561 0.0378119
9.9982E-05 9.9982E-05 0.692412 0.00155798 0.243621 0.0622089
9.9982E-05 9.9982E-05 0.367788 0.259452 0.289823 0.0827372
9.9964E-05 0.0222479 0.977352 9.9964E-05 9.9964E-05 9.9964E-05
9.9973E-05 0.0260653 0.949469 9.9973E-05 0.0241655 9.9973E-05
9.9973E-05 0.0892258 0.735146 9.9973E-05 9.9973E-05 0.175328
9.9982E-05 0.110208 0.792691 9.9982E-05 0.0262889 0.0706123
9.9982E-05 9.9982E-05 0.129916 0.00782346 0.805465 0.0565957
0.105362 9.9991E-05 0.0613357 0.0216241 0.748128 0.0634498
0.0419563 9.9973E-05 9.9973E-05 9.9973E-05 0.872928 0.0848161
9.9964E-05 9.9964E-05 0.0452884 9.9964E-05 0.954312 9.9964E-05
0.0857301 0.750017 9.9982E-05 9.9982E-05 0.0596551 0.104398
9.9964E-05 0.968421 0.0311788 9.9964E-05 9.9964E-05 9.9964E-05
9.9982E-05 0.60948 0.265422 9.9982E-05 0.0624643 0.0624339
9.9964E-05 0.901486 9.9964E-05 0.0981146 9.9964E-05 9.9964E-05
0.0223749 0.648263 0.111744 0.217418 9.9982E-05 9.9982E-05
9.9973E-05 0.823773 0.0119807 0.163947 9.9973E-05 9.9973E-05
0.0807439 0.744094 0.0420144 9.9991E-05 0.0505213 0.0825268
9.9973E-05 0.838209 0.0458116 9.9973E-05 9.9973E-05 0.11568
0.232032 0.063806 9.9982E-05 0.0144547 0.689507 9.9982E-05
0.067982 0.117031 9.9982E-05 0.05098 0.763807 9.9982E-05
0.141928 9.9973E-05 9.9973E-05 0.019591 0.838181 9.9973E-05
0.0933322 9.9973E-05 9.9973E-05 0.0843227 0.822045 9.9973E-05
0.210103 0.0380734 9.9982E-05 0.0168221 0.734802 9.9982E-05
0.0959383 0.789962 9.9982E-05 9.9982E-05 0.098469 0.0154305
0.0511173 0.790219 0.0234376 9.9982E-05 0.135026 9.9982E-05
9.9973E-05 0.840846 0.121173 9.9973E-05 9.9973E-05 0.0376811
0.0197756 0.716269 0.125246 9.9991E-05 0.0475193 0.0910902
0.0691419 0.793402 9.9982E-05 9.9982E-05 0.0340897 0.103167
9.9982E-05 0.039003 9.9982E-05 0.0694099 0.292041 0.599346
0.174064 0.276838 0.200308 0.111257 0.197311 0.0402221
0.0217506 0.277892 0.25365 0.343012 0.056765 0.0469305
0.0221585 9.9973E-05 9.9973E-05 0.914111 9.9973E-05 0.0634304
9.996E-05 9.996E-05 9.996E-05 0.9995 9.996E-05 9.996E-05
9.9991E-05 0.0561035 0.0143954 0.719733 0.129423 0.0802444
9.9973E-05 9.9973E-05 9.9973E-05 0.747695 0.14084 0.111166
0.045161 0.152171 9.9991E-05 0.393277 0.229969 0.179323
0.0206612 0.0633419 9.9991E-05 0.827994 0.0372776 0.050625
0.0129659 0.169788 0.0153811 0.682748 0.0380991 0.0810181
9.9964E-05 9.9964E-05 9.9964E-05 0.936165 0.0634349 9.9964E-05
9.9991E-05 0.119887 0.0496165 0.332997 0.246898 0.250501
9.9982E-05 0.184678 9.9982E-05 0.216723 0.263672 0.334727
0.108465 0.0711611 0.00378095 9.9982E-05 0.816393 9.9982E-05
0.928478 0.0711224 9.9964E-05 9.9964E-05 9.9964E-05 9.9964E-05
0.9995 9.996E-05 9.996E-05 9.996E-05 9.996E-05 9.996E-05
0.932969 9.9973E-05 0.0610545 0.00567667 9.9973E-05 9.9973E-05
0.922511 9.9973E-05 9.9973E-05 0.0109048 9.9973E-05 0.0662843
0.919888 9.9982E-05 0.0615831 0.0143728 9.9982E-05 0.00395642
0.941498 0.0581025 9.9964E-05 9.9964E-05 9.9964E-05 9.9964E-05
0.734277 9.9982E-05 0.019799 9.9982E-05 0.206619 0.0391045
9.9973E-05 0.0615668 9.9973E-05 0.0461525 0.891981 9.9973E-05
0.115617 9.9982E-05 0.0312512 9.9982E-05 0.827731 0.0252013
9.9973E-05 0.0306042 9.9973E-05 9.9973E-05 0.913407 0.0556893
0.131916 9.9982E-05 0.0514829 0.0369612 0.77944 9.9982E-05
9.9982E-05 0.0361946 9.9982E-05 0.00984927 0.906902 0.0468544
0.089723 0.00861624 9.9982E-05 0.0306804 0.87078 9.9982E-05
0.00132973 0.0191001 0.0335808 9.9991E-05 0.861275 0.0846148
9.9982E-05 0.0480606 0.0414864 9.9982E-05 0.868175 0.0420779
0.00020457 9.9973E-05 0.0304517 9.9973E-05 0.969044 9.9973E-05
9.9991E-05 0.00113356 0.0729083 0.0277538 0.843714 0.0543899
0.00527143 9.9964E-05 9.9964E-05 9.9964E-05 0.994329 9.9964E-05
9.9973E-05 9.9973E-05 9.9973E-05 0.0779115 0.905803 0.0159857
9.9973E-05 0.0299306 9.9973E-05 9.9973E-05 0.876071 0.0936983
9.9973E-05 9.9973E-05 0.0136403 9.9973E-05 0.838634 0.147426
9.9973E-05 9.9973E-05 9.9973E-05 0.00285711 0.772919 0.223924
9.9973E-05 0.0232915 9.9973E-05 9.9973E-05 0.812256 0.164152
9.9973E-05 0.0165326 9.9973E-05 9.9973E-05 0.845702 0.137466
0.0472034 0.374237 0.253273 0.110412 0.134452 0.0804222
0.0492346 0.184356 0.335531 0.430679 9.9982E-05 9.9982E-05
9.9982E-05 0.204645 0.262591 0.464945 0.0676185 9.9982E-05
0.278835 0.387947 0.164851 0.117411 9.9991E-05 0.0508566
0.0661137 0.162056 0.474263 0.297368 9.9982E-05 9.9982E-05
0.0995911 0.19234 0.270464 0.437404 9.9982E-05 9.9982E-05
0.00233221 0.307551 0.262074 0.0688913 0.130379 0.228772
0.170724 0.156524 0.0423527 0.0616126 0.452076 0.11671
0.061561 9.9991E-05 0.0212545 0.556753 0.206709 0.153622
0.043977 0.207378 0.0594186 0.0200233 0.396555 0.272648
9.9982E-05 0.231325 9.9982E-05 0.0968739 0.415426 0.256175
