0.0275381 0.0206937 0.0398139 0.895512 9.9991E-05 0.0163422
9.9973E-05 9.9973E-05 9.9973E-05 0.918062 0.0380741 0.0435635
0.148314 0.0176488 9.9982E-05 0.798325 9.9982E-05 0.0355116
0.0718445 0.0137212 0.0969569 0.817277 9.9982E-05 9.9982E-05
0.111273 0.0262137 9.9973E-05 0.862214 9.9973E-05 9.9973E-05
0.032053 0.095383 0.0563701 0.600238 0.0937 0.122256
9.9982E-05 0.0395365 0.0316399 0.839282 0.0893412 9.9982E-05
9.9982E-05 0.0169104 0.0932079 0.701785 0.187896 9.9982E-05
9.9973E-05 9.9973E-05 0.116921 0.836341 0.0464381 9.9973E-05
0.0984936 0.107022 0.0085393 0.649435 0.13641 9.9991E-05
0.0402285 9.9991E-05 0.0917391 0.676248 0.175119 0.0165655
0.237443 0.0618997 0.466388 0.00318107 0.00309255 0.227996
0.469674 0.0866147 0.304982 0.0108932 0.00978585 0.11805
0.233894 0.0971479 0.363769 0.0548691 0.118518 0.131802
0.261561 0.218411 0.327452 0.014869 0.13717 0.0405369
0.385445 0.107694 0.206774 0.14968 0.0133603 0.137046
0.506231 0.131491 0.128529 0.0214817 0.0861169 0.126149
0.386826 0.131917 0.223107 9.9991E-05 0.0952183 0.162832
0.314747 0.110126 0.360727 0.0938155 9.9991E-05 0.120485
9.9982E-05 0.139499 0.609284 9.9982E-05 0.209734 0.0412832
0.374739 0.11098 0.216927 0.0655724 0.0311724 0.200609
0.588567 0.0180632 0.112319 0.0658002 0.188328 0.026923
0.52533 0.0652912 0.286677 9.9991E-05 0.0258762 0.0967258
0.221412 0.160323 0.345778 9.9991E-05 0.115796 0.156591
0.703314 0.0290662 0.0417302 0.0643919 0.111255 0.0502432
0.553562 0.135752 0.239315 0.0010364 0.0617526 0.0085813
0.165065 0.166692 0.477823 0.02144 0.0297973 0.139183
0.250228 0.181056 0.40194 0.0217977 0.0321594 0.112819
0.319967 9.9991E-05 0.390622 0.0216932 0.172215 0.0954026
0.101669 0.0637612 9.9973E-05 0.83427 9.9973E-05 9.9973E-05
0.173986 0.010773 9.9973E-05 0.814941 9.9973E-05 9.9973E-05
0.155003 0.0251631 9.9982E-05 0.795446 9.9982E-05 0.0241881
0.11375 0.0979835 0.0101962 0.719237 9.9991E-05 0.0587333
0.561358 9.9991E-05 0.190063 0.0187381 0.01764 0.212101
0.501244 9.9982E-05 0.0603024 0.125402 9.9982E-05 0.312851
0.462264 0.12014 9.9982E-05 9.9982E-05 0.0658864 0.35151
0.204171 9.9991E-05 0.534871 0.0986536 0.0557596 0.106445
0.308183 0.048076 9.9982E-05 9.9982E-05 0.158179 0.485362
0.479433 0.0411426 0.164523 0.0248678 9.9991E-05 0.289934
0.582723 0.0145181 0.00954671 0.0305291 0.0746914 0.287991
0.59768 9.9991E-05 0.0635301 0.117331 0.169763 0.0515959
0.51313 0.0354074 9.9991E-05 0.0865 0.128503 0.23636
0.0694631 0.0194359 0.11034 0.0528685 9.9991E-05 0.747792
0.699527 0.00642198 9.9991E-05 0.0726105 0.138525 0.0828162
0.420008 0.198301 9.9991E-05 0.0188025 0.0765278 0.286261
0.529941 0.102776 0.107516 0.0512166 0.0384659 0.170085
0.276332 0.00633539 9.9982E-05 9.9982E-05 0.0757832 0.64135
0.576374 0.0664195 0.0404334 0.036967 9.9991E-05 0.279706
0.461838 0.110799 0.0357557 0.0758412 0.0248247 0.290941
9.9973E-05 9.9973E-05 9.9973E-05 0.0582421 0.489598 0.45186
0.102722 9.9982E-05 0.485378 9.9982E-05 0.142853 0.268848
0.151149 0.000296256 0.154027 0.0374789 0.496575 0.160473
0.363614 0.147647 0.136735 0.121808 0.0161094 0.214088
0.628347 0.0470382 0.0913664 0.0972932 0.00455712 0.131398
0.606372 0.055342 0.0640661 0.0795416 0.11544 0.0792383
0.171676 0.0469248 0.457547 0.0708829 0.0971543 0.155815
0.645454 9.9982E-05 0.168691 0.0552356 0.130419 9.9982E-05
0.61723 0.0371303 0.122137 0.0658154 0.11622 0.0414668
0.380255 9.9991E-05 0.176915 0.122399 0.0500097 0.270322
0.0604232 0.0964216 0.383952 0.156062 0.207235 0.0959054
0.568977 9.9991E-05 0.16211 0.0356863 0.0569044 0.176222
0.378727 0.0420498 0.278482 0.0565634 0.0880682 0.15611
0.0613598 9.9991E-05 0.546989 0.0771308 0.212509 0.101911
0.477827 0.0184137 0.260336 9.9991E-05 0.134421 0.108902
0.604803 0.0658636 0.0759518 0.029587 0.146141 0.0776534
0.538768 0.0538841 0.15849 0.0171284 0.19718 0.0345493
0.319758 0.0355082 0.300868 0.0631701 0.160036 0.120659
0.406632 0.0708632 0.161149 0.0358839 0.0736871 0.251784
0.498226 0.0470336 0.169303 0.0874515 0.145659 0.0523266
0.284294 9.9991E-05 0.39188 0.0409692 0.193571 0.0891848
0.430548 9.9982E-05 0.026737 0.00448226 9.9982E-05 0.538032
0.102469 0.019337 0.102516 9.9982E-05 9.9982E-05 0.775479
0.557491 0.0353778 0.0574573 0.113026 0.0385545 0.198093
0.467375 0.0809011 9.9991E-05 0.178281 0.0561629 0.217181
9.9964E-05 9.9964E-05 9.9964E-05 9.9964E-05 0.0797731 0.919827
9.9964E-05 9.9964E-05 9.9964E-05 9.9964E-05 0.195601 0.803999
0.138225 0.0145282 9.9973E-05 9.9973E-05 9.9973E-05 0.846947
0.355913 0.0227924 0.065516 9.9982E-05 9.9982E-05 0.555579
0.518938 0.0194009 0.113032 0.061945 0.0507846 0.2359
0.404647 0.0314847 9.9991E-05 0.0459551 0.0915478 0.426265
0.0735388 0.00405472 0.187136 0.02675 9.9991E-05 0.70842
0.154304 9.9982E-05 0.260639 0.0497619 9.9982E-05 0.535096
0.4598 0.121134 0.0403072 0.0740506 0.0392323 0.265476
0.23768 0.0286131 0.0942374 0.0524403 9.9991E-05 0.586929
0.390799 9.9991E-05 0.117605 0.0157403 0.0255022 0.450253
0.329323 9.9973E-05 9.9973E-05 9.9973E-05 0.0266563 0.643721
9.9973E-05 9.9973E-05 9.9973E-05 0.0246904 0.308055 0.666955
0.556103 0.0107301 0.113618 0.0569059 0.0044122 0.258231
0.0933723 0.00985201 0.0610719 0.835504 9.9982E-05 9.9982E-05
0.0978769 9.9964E-05 9.9964E-05 0.901723 9.9964E-05 9.9964E-05
0.0803851 0.0364384 9.9973E-05 0.882877 9.9973E-05 9.9973E-05
0.0305748 0.0190702 9.9982E-05 0.923342 9.9982E-05 0.0268131
0.0333346 0.0552462 9.9982E-05 0.861813 9.9982E-05 0.0494064
0.00894451 0.0730559 9.9982E-05 0.88317 9.9982E-05 0.0346294
0.0411326 0.00883023 9.9982E-05 0.944449 9.9982E-05 0.00538803
0.415303 0.0898388 0.00330926 0.147935 0.0422093 0.301405
0.518127 0.118592 0.122792 0.0332996 9.9991E-05 0.20709
9.9982E-05 9.9982E-05 0.0989204 0.0262795 0.00942709 0.865173
0.550857 0.0666404 0.0528532 0.0809795 0.146129 0.102541
0.368075 9.9982E-05 0.0809562 0.0385538 9.9982E-05 0.512215
0.665974 9.9973E-05 9.9973E-05 0.0778633 9.9973E-05 0.255862
0.48429 0.0736555 0.0156345 9.9991E-05 0.145082 0.281238
0.406438 0.0523015 9.9982E-05 0.0475969 9.9982E-05 0.493463
9.9973E-05 9.9973E-05 0.209701 0.0164357 9.9973E-05 0.773564
0.445667 0.120302 0.0978092 0.0984447 9.9991E-05 0.237676
0.581454 0.0454789 9.9991E-05 0.0647098 0.0302959 0.277961
0.627323 0.0807003 0.0660743 0.108616 0.0432577 0.0740296
0.321272 0.00657251 9.9982E-05 9.9982E-05 0.183777 0.488179
0.466346 9.9982E-05 9.9982E-05 0.012579 0.0959528 0.424922
0.35724 0.0363561 0.185172 9.9982E-05 9.9982E-05 0.421032
0.228885 0.10653 0.0545537 9.9991E-05 0.0195517 0.590379
0.397304 9.99849E-05 0.112296 0.0374834 9.99849E-05 0.452717
0.513751 0.030281 0.0724999 0.104387 0.0276887 0.251392
0.276482 0.0259986 0.324523 0.0124077 0.235655 0.124934
0.497584 0.114064 0.0861791 0.130806 0.113297 0.0580708
0.292663 0.160706 0.267915 0.0631389 0.0409233 0.174654
0.549193 0.10211 0.197235 0.0853477 0.029353 0.036762
0.565467 0.0262492 0.049103 0.0846759 0.12188 0.152624
0.483596 9.9982E-05 0.344083 0.017398 0.154723 9.9982E-05
0.623325 0.0234454 0.17951 0.0311787 0.0873937 0.0551475
0.570199 0.0118473 0.377935 9.9982E-05 9.9982E-05 0.0398186
0.656672 0.00214741 0.108573 0.0606399 0.132084 0.0398841
0.501905 0.11307 0.202726 0.0554058 0.00722539 0.119668
0.583753 9.9991E-05 0.180438 0.0337232 0.110207 0.0917794
0.57974 9.9982E-05 0.345433 9.9982E-05 0.016391 0.0582365
0.600821 0.0880251 0.0802953 0.0436171 0.12961 0.0576314
0.547279 0.0812384 0.120556 0.162158 0.0886691 9.9991E-05
0.583432 0.031959 0.241305 9.9991E-05 0.00276802 0.140436
0.674078 0.0302243 0.091041 0.0861167 0.11844 9.9991E-05
0.525715 0.0530964 0.159457 9.9991E-05 0.101869 0.159763
0.332802 0.0608939 0.231364 0.0903661 0.284474 9.9991E-05
0.68454 0.0112211 0.212842 9.9991E-05 0.0416142 0.0496829
0.719249 0.0149598 0.0429771 0.0648206 0.157894 9.9991E-05
0.255001 0.0826173 0.431667 9.9991E-05 0.0381449 0.19247
0.250739 0.0462238 0.29156 9.9982E-05 0.411277 9.9982E-05
0.518365 0.0540302 0.322392 9.9982E-05 9.9982E-05 0.105013
0.0704803 0.048199 0.353984 9.9991E-05 0.328721 0.198515
0.344497 9.9991E-05 0.337179 0.0311953 0.133059 0.15397
0.436554 9.9982E-05 0.345297 9.9982E-05 0.0717891 0.14616
0.377477 9.9982E-05 0.427832 9.9982E-05 0.0684859 0.126005
0.364482 0.0201655 0.47326 9.99828E-05 9.99828E-05 0.141893
0.587967 0.0316995 0.165902 0.0173602 0.0941808 0.102891
0.511585 0.0751177 0.0703703 0.1201 0.0653462 0.15748
0.573001 0.00452255 0.139411 0.0476041 0.140125 0.0953362
0.252635 0.0410036 0.315946 9.9991E-05 0.377996 0.0123194
0.41825 0.034838 0.0235876 0.229229 0.116497 0.177599
0.620977 9.9982E-05 9.9982E-05 0.0767683 0.222243 0.0798117
0.0841887 9.9982E-05 0.187068 0.151099 0.577444 9.9982E-05
0.7328 0.019837 9.9982E-05 0.0359919 0.211172 9.9982E-05
0.33277 0.0748527 0.0991437 0.0452248 0.38885 0.0591583
0.498711 0.0895519 0.0835685 0.115537 0.179172 0.0334596
0.274241 9.9991E-05 0.0570724 0.117208 0.497252 0.0541269
0.2355 9.9991E-05 0.152107 0.0359637 0.547495 0.0288339
0.591484 9.9991E-05 0.0984543 0.190748 0.0788338 0.0403801
0.487105 9.9991E-05 0.0896818 0.0706765 0.281481 0.0709549
0.55062 0.0152764 0.122521 0.0688717 0.211162 0.0315485
0.545002 0.00825949 0.062341 0.08122 0.264151 0.0390258
0.429428 0.0908083 0.111508 0.160315 0.000544953 0.207396
0.602462 0.150072 0.0628288 0.103839 9.9991E-05 0.0806977
9.9991E-05 0.160363 0.0426401 0.116593 0.425624 0.25468
0.561835 0.0751839 0.00222225 0.114272 0.11437 0.132117
0.442161 0.140477 0.0675976 0.119971 0.16182 0.0679728
0.363438 9.9982E-05 0.0880714 9.9982E-05 0.34711 0.201181
0.453127 0.0297813 0.0988232 9.9991E-05 0.304964 0.113205
0.626242 0.00595423 0.0534433 0.0488604 0.135675 0.129825
0.354124 0.167243 0.175028 0.0852799 0.0811611 0.137164
0.388013 0.210432 0.0383463 0.11073 0.198731 0.0537473
0.111311 0.267142 0.01635 0.306338 0.291093 0.00776562
9.9973E-05 0.13056 9.9973E-05 0.548963 0.320177 9.9973E-05
9.9973E-05 0.143306 9.9973E-05 0.380569 0.475825 9.9973E-05
0.110205 0.311024 9.9982E-05 0.368278 0.210293 9.9982E-05
0.735758 0.00237686 0.000884603 9.9991E-05 0.220875 0.0400051
0.608816 0.0068266 0.0128314 0.0475688 0.161863 0.162094
0.341383 0.648429 9.9973E-05 9.9973E-05 9.9973E-05 0.00988792
0.380323 0.410287 0.0267395 0.0323246 9.9991E-05 0.150227
0.371222 0.348466 0.0599301 0.0907165 0.0302924 0.0993726
0.397334 9.9982E-05 9.9982E-05 0.00844196 0.589742 0.00428153
0.440447 0.110325 0.0505166 0.0577046 0.165381 0.175625
0.272495 0.00621736 0.00331135 9.9982E-05 0.717776 9.9982E-05
0.643471 9.9973E-05 9.9973E-05 9.9973E-05 0.264757 0.0914715
0.478093 0.0426563 0.0155637 0.00172565 0.257694 0.204268
0.574104 0.0770295 9.9973E-05 9.9973E-05 0.348567 9.9973E-05
0.31668 9.9982E-05 0.0269187 9.9982E-05 0.55777 0.0984321
0.591087 0.0648889 0.00715876 0.0489723 0.0781675 0.209725
0.602822 0.0049715 9.9991E-05 0.0728136 0.231933 0.0873602
0.519045 0.0558185 0.0551936 0.0907617 0.231483 0.0476985
0.362122 0.26925 0.144521 0.0818979 9.9991E-05 0.142108
9.9973E-05 0.978633 9.9973E-05 9.9973E-05 0.0113578 0.00970949
0.0750878 0.886294 9.9973E-05 9.9973E-05 9.9973E-05 0.0383187
0.262525 0.59344 0.071829 0.0515202 9.9991E-05 0.0205862
0.288367 0.66931 0.0185863 9.9982E-05 9.9982E-05 0.0235367
0.111923 0.811205 9.9982E-05 9.9982E-05 0.0244409 0.0522305
9.996E-05 0.9995 9.996E-05 9.996E-05 9.996E-05 9.996E-05
9.9973E-05 0.921617 0.0532367 9.9973E-05 0.024846 9.9973E-05
0.154653 0.844947 9.9964E-05 9.9964E-05 9.9964E-05 9.9964E-05
0.0150927 0.975092 0.00951511 9.9973E-05 9.9973E-05 9.9973E-05
9.996E-05 0.9995 9.996E-05 9.996E-05 9.996E-05 9.996E-05
9.996E-05 0.9995 9.996E-05 9.996E-05 9.996E-05 9.996E-05
0.225022 0.729453 0.0143764 0.0224545 9.9991E-05 0.00859402
0.0856957 0.794875 0.0203831 0.0486936 9.9991E-05 0.0502527
9.9964E-05 0.973931 9.9964E-05 9.9964E-05 9.9964E-05 0.0256695
0.333784 0.375879 0.102177 0.0767156 9.9991E-05 0.111344
0.317755 0.589794 0.0241672 0.0342111 9.9991E-05 0.033973
0.174854 0.742057 0.00899742 0.0660658 0.00361105 0.00441506
0.0320197 0.894314 0.00442041 0.00570765 0.0208082 0.0427297
9.996E-05 0.9995 9.996E-05 9.996E-05 9.996E-05 9.996E-05
0.0833539 0.882735 9.9973E-05 0.0336109 9.9973E-05 9.9973E-05
9.996E-05 0.9995 9.996E-05 9.996E-05 9.996E-05 9.996E-05
0.204935 0.580551 0.0506177 0.116225 0.0119052 0.0357652
9.9973E-05 0.935169 0.0113658 9.9973E-05 9.9973E-05 0.0531653
9.9973E-05 0.0572712 9.9973E-05 0.344337 0.598091 9.9973E-05
0.44069 0.0787496 0.151859 0.0954118 0.175493 0.0577961
0.420916 0.0887853 9.9982E-05 0.229312 0.260787 9.9982E-05
0.207163 0.103504 9.9982E-05 0.238139 0.450994 9.9982E-05
0.441041 0.143952 0.102668 0.133848 0.178391 9.9991E-05
0.212658 0.110702 9.9991E-05 0.219648 0.393448 0.0634442
0.36762 0.182279 0.0994642 0.129702 0.0997592 0.121175
0.488879 0.0612493 0.0880322 0.226352 0.0621579 0.0733296
0.492027 0.0786895 9.9982E-05 0.16183 0.267253 9.9982E-05
0.440893 0.200374 9.9991E-05 0.16519 0.123583 0.0698594
0.321168 0.28007 9.9991E-05 0.103447 0.28838 0.00683574
0.6016 0.0212525 9.9991E-05 0.13067 0.105744 0.140634
0.444638 0.075979 0.0940072 0.208473 0.052132 0.124771
0.0432966 9.9991E-05 0.0449362 0.829156 0.0539419 0.0285697
9.9973E-05 0.094533 9.9973E-05 0.89449 0.0106773 9.9973E-05
9.9973E-05 9.9973E-05 0.0439207 0.942938 9.9973E-05 0.0128415
0.0189771 9.9991E-05 0.0482279 0.917543 0.00800448 0.0071472
0.042973 0.0212836 0.0435677 0.891976 9.9982E-05 9.9982E-05
9.9973E-05 0.0949318 9.9973E-05 0.896213 0.00855564 9.9973E-05
0.0266697 0.0843677 9.9982E-05 0.87802 9.9982E-05 0.0107427
0.00847236 9.9982E-05 0.0224612 0.860779 0.108087 9.9982E-05
0.045261 9.9982E-05 0.0184067 0.902727 9.9982E-05 0.0334056
9.9982E-05 0.108435 0.00775247 0.855821 0.0277914 9.9982E-05
9.9982E-05 9.9982E-05 0.286087 0.565736 0.0386736 0.109304
9.9982E-05 0.0223279 0.346559 0.590204 9.9982E-05 0.0407091
9.9982E-05 9.9982E-05 0.29797 0.533718 0.149849 0.0182628
9.9982E-05 9.9982E-05 0.379063 0.467273 0.105869 0.0475955
0.477805 0.0268343 0.203006 0.000207053 9.9991E-05 0.292048
0.457883 0.0462706 0.107236 0.00778831 0.0942484 0.286574
0.434932 0.0306756 0.116141 0.0342541 0.0854171 0.298581
0.503896 0.0603409 0.1566 0.100289 0.0835741 0.0952998
0.420563 9.9991E-05 0.287862 0.0151555 0.0577418 0.218579
0.169945 9.9982E-05 0.608269 9.9982E-05 0.0888146 0.132771
0.617172 0.0130427 0.0821392 0.0514588 0.0623336 0.173853
0.553744 0.0140211 0.100737 9.9982E-05 9.9982E-05 0.331299
0.516306 9.9982E-05 0.0476677 9.9982E-05 0.0590731 0.376754
0.293429 0.0520934 0.0193293 9.9991E-05 0.0162382 0.61881
0.526317 0.043744 0.0148357 0.0520695 0.139702 0.223331
0.413536 9.9982E-05 0.168006 0.022138 9.9982E-05 0.396119
9.9973E-05 9.9973E-05 0.0599046 9.9973E-05 0.357822 0.581973
0.511269 0.0503749 0.100922 9.9991E-05 0.134828 0.202506
0.23776 9.9973E-05 9.9973E-05 9.9973E-05 0.326844 0.435096
0.488611 9.9991E-05 0.0108227 0.0523915 0.0313911 0.416684
0.0759726 9.9982E-05 0.225607 0.00378631 9.9982E-05 0.694434
9.9973E-05 9.9973E-05 0.813678 0.118177 0.0678449 9.9973E-05
0.0741659 9.9973E-05 0.835836 0.0896978 9.9973E-05 9.9973E-05
9.9973E-05 9.9973E-05 0.977165 0.0176836 0.00485145 9.9973E-05
9.9964E-05 9.9964E-05 0.897973 0.101628 9.9964E-05 9.9964E-05
0.0539998 9.9982E-05 0.898896 0.02511 0.0217942 9.9982E-05
0.126754 0.0316145 0.841331 9.9973E-05 9.9973E-05 9.9973E-05
0.0911899 9.9973E-05 9.9973E-05 0.866892 9.9973E-05 0.0416184
0.109569 9.9973E-05 0.0988779 0.791254 9.9973E-05 9.9973E-05
0.146168 0.0780525 0.021811 0.753769 9.9982E-05 9.9982E-05
0.153182 0.0222289 0.0600467 0.764342 9.9982E-05 9.9982E-05
0.136622 0.0655201 9.9982E-05 0.779098 0.01856 9.9982E-05
9.9982E-05 9.9982E-05 0.543937 0.399177 0.0174629 0.039223
9.9982E-05 9.9982E-05 0.425758 0.425996 0.140217 0.00782942
9.9973E-05 9.9973E-05 0.526256 0.47123 9.9973E-05 0.00221347
0.118555 0.0247012 0.0697514 0.786793 9.9982E-05 9.9982E-05
9.9991E-05 0.0189504 0.5277 0.353537 0.0654132 0.0342996
0.239918 0.400424 9.9982E-05 0.183514 0.175944 9.9982E-05
0.410438 0.375394 0.0212593 0.0710429 9.9991E-05 0.121766
0.568742 0.241587 9.9973E-05 0.189371 9.9973E-05 9.9973E-05
0.376848 0.225133 0.0177112 0.224981 0.0847845 0.0705425
0.337148 0.22167 9.9991E-05 0.137193 0.0446122 0.259276
9.9973E-05 0.332935 9.9973E-05 0.352937 0.313829 9.9973E-05
0.450037 0.0249482 0.324396 9.9991E-05 0.104926 0.0955924
0.413165 9.9991E-05 0.227065 0.0136551 0.263581 0.082434
0.249835 0.0686616 0.55475 0.0563566 0.0419306 0.0284661
0.44202 0.0335804 0.0997677 9.9991E-05 0.269049 0.155483
9.9973E-05 9.9973E-05 0.200538 9.9973E-05 0.685438 0.113725
0.539991 0.055613 0.168965 0.0782183 0.106683 0.05053
0.533433 0.0593852 0.134744 0.0100606 0.156993 0.105384
0.344723 0.000475575 0.455847 9.9991E-05 0.104288 0.0945664
0.40631 0.0810132 0.337472 0.057639 0.0220528 0.0955125
0.193737 9.9982E-05 0.215331 9.9982E-05 0.502946 0.0877851
0.421022 0.109543 0.195893 0.00607822 0.145843 0.12162
0.490563 0.0375598 0.236274 9.9991E-05 0.0315046 0.203998
0.36986 0.201911 0.119089 0.152925 9.9991E-05 0.156115
0.432121 9.9973E-05 0.283905 9.9973E-05 0.283674 9.9973E-05
0.486961 9.9982E-05 0.196281 9.9982E-05 0.232039 0.0845183
0.498264 0.110268 0.113256 9.9991E-05 0.158088 0.120023
0.538588 9.9982E-05 0.126268 9.9982E-05 0.184684 0.15026
0.530369 0.170559 0.0892082 0.0110998 0.0900425 0.108722
0.423613 0.102858 0.111286 0.125918 9.9991E-05 0.236225
0.522304 0.00183946 0.121744 0.118722 0.0737953 0.161596
0.173966 0.0304703 9.9973E-05 0.795263 9.9973E-05 9.9973E-05
0.0856668 9.9982E-05 9.9982E-05 0.876268 0.00344523 0.0344198
0.0929238 0.018992 9.9991E-05 0.806189 0.0473394 0.0344558
0.0948876 0.00272933 9.9982E-05 0.820222 9.9982E-05 0.0819614
0.172664 9.9964E-05 9.9964E-05 0.826936 9.9964E-05 9.9964E-05
0.242251 9.9991E-05 0.508549 0.0583373 0.109376 0.0813865
0.623426 9.9991E-05 0.140091 0.0668074 0.147542 0.0220338
0.435063 0.153622 0.0537963 0.172965 0.138972 0.0455819
0.725886 0.0221847 0.165117 9.9982E-05 0.0866126 9.9982E-05
0.50944 9.9991E-05 0.305595 0.0335035 0.0267886 0.124572
0.343634 0.0352894 0.284152 9.9982E-05 0.336725 9.9982E-05
0.0176452 9.9991E-05 0.652051 0.0950471 0.131615 0.103541
0.496864 0.00769199 0.25516 0.0926455 0.0732323 0.0744059
0.243529 9.9991E-05 0.559679 0.0420768 0.11596 0.0386548
0.398029 0.0205836 0.254516 0.0160647 0.225321 0.0854854
0.20085 9.9991E-05 0.54842 0.112604 0.0859551 0.0520712
0.596692 0.0441525 0.172202 0.0807501 0.106104 9.9991E-05
0.305106 0.0653857 0.521823 0.00245043 0.105135 9.9991E-05
0.535517 0.113631 0.124451 0.0858759 0.0311082 0.109417
0.346472 0.081591 0.246936 0.0213655 0.303536 9.9991E-05
0.453018 0.111653 0.0511293 0.0353657 0.255892 0.0929424
0.39119 9.9991E-05 0.0363891 0.0195605 0.543091 0.00966893
0.620362 9.9982E-05 9.9982E-05 0.0246026 0.287458 0.0673776
0.641293 9.9991E-05 0.106048 0.0492487 0.138153 0.0651578
0.366063 9.9982E-05 0.0878414 9.9982E-05 0.541885 0.00401075
0.518259 0.0284361 0.0211381 0.115233 0.209186 0.107748
0.585905 9.9991E-05 0.0504787 0.0933124 0.182706 0.0874979
0.610204 9.9982E-05 0.0177911 9.9982E-05 0.347809 0.0239961
0.158211 9.9982E-05 0.13304 9.9982E-05 0.651577 0.0569716
0.279369 9.9982E-05 0.0073754 9.9982E-05 0.638786 0.0742692
0.531051 9.9982E-05 0.139479 9.9982E-05 0.313619 0.0156511
0.379783 0.0912286 0.129695 0.166199 0.0978894 0.135205
0.233345 9.9982E-05 0.0893833 9.9982E-05 0.600293 0.0767781
0.425627 9.9982E-05 0.148423 9.9982E-05 0.350408 0.0753416
0.0824822 0.0165059 0.559623 0.0173435 0.0693836 0.254662
0.26654 0.00550097 0.231881 9.9991E-05 0.280495 0.215483
0.334892 0.0924894 0.347896 9.9991E-05 0.0373707 0.187253
0.594087 0.0409896 0.183309 0.00369932 0.0589528 0.118962
0.271633 9.9982E-05 0.453545 9.9982E-05 0.0933834 0.181239
0.491855 9.9991E-05 0.168297 0.0851719 0.200776 0.0537999
0.661103 0.044585 0.180194 0.0662629 0.0112936 0.0365608
0.569093 0.0589739 0.228394 0.0379344 0.105504 9.9991E-05
0.533644 0.0887712 0.224696 0.00771166 0.0199524 0.125224
0.479206 9.9991E-05 0.197356 0.0914774 0.0537587 0.178102
0.144956 0.113173 0.470281 9.9982E-05 9.9982E-05 0.27139
0.160489 0.187322 0.41995 9.9991E-05 0.0273687 0.20477
0.618843 9.9982E-05 0.177936 9.9982E-05 0.0327677 0.170253
0.593085 0.0749001 0.0704516 0.058974 0.0169912 0.185599
0.460585 0.0523952 0.185696 0.0426636 0.226546 0.0321139
0.518982 0.0707049 0.169858 9.9991E-05 0.217138 0.0232165
0.390228 9.9982E-05 0.403147 0.105721 0.100705 9.9982E-05
0.652923 9.9991E-05 0.276434 0.0628172 0.000430937 0.00729519
0.463042 0.0513205 0.261586 9.9982E-05 9.9982E-05 0.223851
0.376311 0.153264 0.111414 0.120192 0.0448886 0.193929
0.265076 0.202204 0.0320844 0.306559 0.0426691 0.151408
0.465956 0.230171 0.128023 0.0995255 0.0762248 9.9991E-05
0.541176 0.200841 0.039534 0.0516564 0.145932 0.02086
0.691119 0.0675806 0.0158574 0.0745884 0.150755 9.9991E-05
0.460151 0.198922 9.9991E-05 0.16598 0.107419 0.0674276
0.490691 0.0268238 0.222222 9.9982E-05 0.260063 9.9982E-05
0.41231 0.253224 0.0812229 0.142883 0.0492868 0.0610735
9.9982E-05 0.210439 9.9982E-05 0.202509 0.451058 0.135795
0.481032 0.180019 0.195381 0.0191367 0.113544 0.0108866
0.57576 0.108517 0.0411709 0.127651 0.0285763 0.118325
0.490228 0.255628 0.149126 0.00854433 0.0950832 0.00139063
0.262985 0.165872 0.123335 0.188632 0.190825 0.068351
0.55194 0.120575 9.9991E-05 0.255538 0.0348725 0.0369751
0.57333 0.200617 0.0218843 0.0913755 0.112693 9.9991E-05
9.9973E-05 0.165754 9.9973E-05 0.474597 0.359349 9.9973E-05
0.536668 0.165502 9.9991E-05 0.258828 0.00936301 0.0295386
0.621603 0.156306 9.9982E-05 0.194256 0.0276347 9.9982E-05
0.51083 0.0949016 0.0610795 0.100779 0.149023 0.0833875
0.504153 0.251195 9.9982E-05 0.202982 0.0414697 9.9982E-05
0.501421 0.180451 0.127985 0.106226 0.0838173 9.9991E-05
0.481754 0.0685455 0.0484176 0.0409705 0.191394 0.168919
0.584064 0.0565225 0.0810761 9.9982E-05 0.278137 9.9982E-05
0.0943715 9.9982E-05 0.0433288 9.9982E-05 0.644839 0.21726
0.352882 0.15038 0.0721368 0.117466 0.121888 0.185247
0.474195 0.0891162 0.234739 0.0931607 0.0611526 0.0476365
0.0845303 9.9982E-05 0.115222 9.9982E-05 0.705596 0.0944512
0.574926 0.147412 9.9982E-05 9.9982E-05 0.183269 0.0941925
0.502775 0.0946293 0.107243 0.0982451 0.174743 0.0223651
0.406535 0.324578 0.00626708 0.0630061 0.156842 0.0427711
0.248708 0.407627 9.9991E-05 0.0703846 0.205962 0.0672184
0.139208 0.357923 9.9982E-05 0.193596 0.309074 9.9982E-05
0.424001 0.233958 9.9982E-05 0.161433 0.180407 9.9982E-05
0.486392 0.251254 9.9991E-05 0.0590936 0.145443 0.0577183
0.1822 0.124658 9.9973E-05 9.9973E-05 0.692841 9.9973E-05
0.296749 0.0523717 9.9982E-05 0.102689 0.54799 9.9982E-05
0.576332 0.163243 9.9982E-05 9.9982E-05 0.165548 0.0946768
0.525134 0.10979 9.9991E-05 0.0277252 0.330766 0.00648499
0.266791 0.138015 0.0191173 0.0155994 0.509673 0.0508049
0.506371 0.128172 0.0155539 0.0330032 0.197065 0.119835
0.61801 0.0764107 9.9982E-05 0.0250296 0.280349 9.9982E-05
0.500038 0.16198 0.0741637 0.0714903 0.171586 0.0207428
0.428442 9.9982E-05 0.113666 9.9982E-05 0.373646 0.0840469
0.406648 0.00244845 0.0901499 0.0110567 0.285938 0.203758
0.494087 0.063626 0.0200388 0.17543 0.103145 0.143673
0.637183 9.9991E-05 0.143326 0.0240215 0.164667 0.0307026
0.353156 0.0784841 0.143193 0.0279108 0.282382 0.114873
0.490603 0.0935213 0.0527949 0.0701993 0.140891 0.15199
0.497267 0.0910527 0.094468 0.0465102 0.221386 0.0493155
0.524469 9.9973E-05 9.9973E-05 9.9973E-05 0.397615 0.0776163
0.398747 9.9982E-05 0.0835346 9.9982E-05 0.483473 0.0340452
0.647816 9.9973E-05 9.9973E-05 9.9973E-05 0.189591 0.162293
0.437666 0.116983 9.9991E-05 0.121561 0.147183 0.176506
0.364975 9.9982E-05 0.0787405 9.9982E-05 0.432664 0.12342
0.460006 9.9982E-05 0.0829062 9.9982E-05 0.322239 0.134649
0.606423 0.0140869 0.0953443 9.9991E-05 0.0665058 0.21754
0.458474 0.0425286 0.0978206 0.00070276 0.211953 0.188521
0.493762 0.150571 9.9991E-05 0.161663 0.190383 0.00352112
0.475579 0.0961085 0.065329 0.138188 0.170641 0.0541552
0.367175 0.24782 0.0377478 0.203832 0.143324 9.9991E-05
0.398139 0.236011 0.0978894 0.0789208 0.0968275 0.0922127
0.355097 0.227931 0.152724 0.126406 0.137742 9.9991E-05
0.428092 0.141053 0.122755 0.203204 9.9991E-05 0.104796
0.380758 0.212392 0.110495 0.145021 0.0063097 0.145024
0.502776 0.135838 0.0752558 0.095077 0.18656 0.00449407
0.0490424 0.206801 0.0345366 0.132221 0.570501 0.00689743
0.652759 0.170051 9.9982E-05 0.0673819 0.109607 9.9982E-05
9.9973E-05 0.140364 9.9973E-05 0.32287 0.536466 9.9973E-05
0.471407 0.271401 9.9982E-05 0.0100593 0.246932 9.9982E-05
0.483007 0.176271 0.121453 0.105 0.0635904 0.0506791
0.153472 9.9973E-05 9.9973E-05 9.9973E-05 0.616611 0.229617
0.0315135 9.9973E-05 9.9973E-05 9.9973E-05 0.710676 0.257511
0.508018 9.9982E-05 0.0904865 9.9982E-05 0.284936 0.116359
0.707677 0.00773363 9.9991E-05 0.0256429 0.201805 0.0570417
0.497539 9.9982E-05 0.0211005 9.9982E-05 0.39175 0.0894106
0.592582 9.9973E-05 9.9973E-05 9.9973E-05 0.114281 0.292837
0.663104 0.0119934 9.9982E-05 9.9982E-05 0.305429 0.0192737
0.0823753 0.0343815 9.9991E-05 0.775933 0.0844111 0.0227991
9.9982E-05 0.108925 0.145033 0.709302 9.9982E-05 0.0365398
9.9973E-05 0.0600259 0.0670303 0.872644 9.9973E-05 9.9973E-05
0.0678224 9.9964E-05 9.9964E-05 0.931778 9.9964E-05 9.9964E-05
0.417235 0.0535578 0.0256094 9.9991E-05 0.119899 0.383599
0.402621 0.048632 0.042359 0.0727914 9.9991E-05 0.433496
0.430312 9.9973E-05 0.0107218 9.9973E-05 9.9973E-05 0.558666
0.664966 0.0204777 0.0199458 0.124187 9.9991E-05 0.170324
0.495599 0.0563041 0.0580233 0.0763581 0.0895859 0.22413
0.174782 0.0128992 0.110984 0.0407913 0.0585349 0.602008
0.576975 0.0113771 9.9991E-05 0.0173565 0.000206099 0.393985
0.296648 9.9973E-05 9.9973E-05 9.9973E-05 0.230579 0.472473
0.543586 0.0920823 0.0387394 0.249872 0.0756198 9.9991E-05
0.391514 0.0586574 0.0249611 9.9991E-05 0.166159 0.358608
0.345201 9.9982E-05 0.19607 0.000376749 9.9982E-05 0.458153
0.558331 9.9991E-05 0.025974 0.146218 0.163945 0.105433
0.544773 0.00765364 0.101305 9.9982E-05 9.9982E-05 0.346068
0.370563 9.9982E-05 0.0786879 0.0374316 9.9982E-05 0.513118
0.543197 9.9973E-05 9.9973E-05 9.9973E-05 0.0131372 0.443366
0.545796 0.0274903 0.0413463 0.0632409 9.9991E-05 0.322027
0.00221126 9.9973E-05 9.9973E-05 9.9973E-05 0.107577 0.889912
0.139468 0.00590311 0.0660353 0.00362873 0.103325 0.681639
0.276868 0.0401974 0.0555354 0.0282715 0.0402372 0.558891
9.9964E-05 9.9964E-05 9.9964E-05 9.9964E-05 0.303655 0.695945
0.301802 0.293931 0.116055 0.121949 0.0298103 0.136452
0.393342 0.013693 0.0698874 0.0405166 9.9991E-05 0.482461
0.0642629 9.9973E-05 9.9973E-05 9.9973E-05 0.44394 0.491497
9.9964E-05 9.9964E-05 9.9964E-05 9.9964E-05 0.402506 0.597095
0.442299 0.0602081 9.9991E-05 0.0291732 0.00200565 0.466214
0.140183 0.00582069 0.10541 0.044247 0.0143882 0.689951
0.370162 0.0635316 0.10341 0.0389311 9.9991E-05 0.423865
0.551644 0.0615177 0.0360889 0.0703084 0.0379707 0.24247
0.511335 9.9982E-05 0.0961526 0.0182673 9.9982E-05 0.374045
0.291625 0.113057 0.274754 9.9991E-05 0.249658 0.070805
0.48486 0.0478925 0.0639745 9.9982E-05 9.9982E-05 0.403073
0.473571 9.9991E-05 0.0983976 0.0573142 0.00777783 0.362839
0.312867 0.00566458 0.0096382 0.00520505 0.0442708 0.622355
0.361418 0.126972 0.0160378 0.0368089 0.130705 0.328058
0.00798432 9.9982E-05 0.286907 0.686015 0.0188936 9.9982E-05
0.000454262 0.0192933 0.126126 0.758831 0.0158073 0.079488
9.9973E-05 9.9973E-05 0.116364 0.827822 0.0555142 9.9973E-05
9.9973E-05 9.9973E-05 0.138785 0.811638 0.0492778 9.9973E-05
0.0521444 9.9982E-05 0.22719 0.698666 0.0218005 9.9982E-05
0.000585293 0.0265477 0.135127 0.0553746 9.9991E-05 0.782266
0.0548101 9.9991E-05 0.179663 0.0722168 0.0215663 0.671644
0.0581288 0.026156 9.9982E-05 9.9982E-05 0.095 0.820515
0.580081 0.0313738 9.9982E-05 0.138718 9.9982E-05 0.249627
0.575506 0.00403864 0.0419244 0.10369 0.0438171 0.231025
0.26725 9.9982E-05 9.9982E-05 0.036836 0.16112 0.534595
0.609093 0.0290656 9.9982E-05 9.9982E-05 0.0688511 0.29279
0.363008 0.0367559 9.9982E-05 0.0912985 9.9982E-05 0.508738
0.419879 0.0818289 0.129219 0.0589683 0.0571751 0.25293
0.551182 9.9982E-05 9.9982E-05 0.0612933 0.0407329 0.346592
0.612616 0.075281 0.0544595 0.0219437 9.9991E-05 0.235599
0.212814 0.0119021 0.130587 9.9991E-05 0.0434931 0.601104
0.316863 0.00903603 0.111609 9.9982E-05 9.9982E-05 0.562292
0.351839 9.9973E-05 0.14845 9.9973E-05 9.9973E-05 0.499411
0.574546 0.0630663 0.126178 0.108665 0.125978 0.00156677
0.387875 9.9991E-05 0.044552 0.0112974 0.0197938 0.536382
0.430129 0.0177245 0.0843896 0.0323261 0.0464383 0.388993
0.363706 0.47186 0.0179294 0.0374651 9.9991E-05 0.108939
0.340869 0.464319 0.0119586 0.0418039 0.0183253 0.122724
0.377001 0.412193 9.9991E-05 0.120119 0.0520709 0.0385158
0.325058 0.480663 9.9991E-05 0.144295 0.0474627 0.00242041
0.457307 0.316384 9.9991E-05 0.129393 0.0180431 0.078773
0.498031 0.0223152 9.9991E-05 0.0807702 0.184807 0.213977
0.0894594 0.633879 9.9982E-05 0.229522 0.04694 9.9982E-05
0.209337 0.606385 0.0801101 0.103968 9.9982E-05 9.9982E-05
0.457053 0.150186 0.0342647 0.10561 0.168846 0.08404
0.603551 0.00453952 0.0233003 0.143209 0.225301 9.9991E-05
0.432508 0.0430505 0.087549 0.134028 0.201353 0.101511
0.588487 0.0680722 0.126723 0.061517 0.0663035 0.0888968
0.543684 0.00931618 0.0223919 0.114397 0.146479 0.163733
0.329588 0.500527 9.9982E-05 0.164681 0.00500407 9.9982E-05
0.357136 0.33189 0.114635 0.130279 0.00493834 0.0611223
0.417915 0.531314 9.9982E-05 0.0431124 0.00745867 9.9982E-05
0.393495 0.27412 0.0569328 0.108964 0.0752513 0.0912374
0.295364 0.590212 9.9982E-05 0.0802288 9.9982E-05 0.0339947
0.381217 0.343182 0.0108841 0.0954179 0.073509 0.0957905
0.191133 0.582472 9.9991E-05 0.106409 0.00599814 0.113888
0.371812 0.372882 0.163597 0.0797876 0.0118213 9.9991E-05
0.608811 0.00596919 9.9991E-05 0.0966056 0.268812 0.0197021
0.346342 0.349237 0.0351014 0.220108 0.0157128 0.0334987
0.142195 0.66925 0.058867 0.129487 9.9982E-05 9.9982E-05
0.310813 0.343794 0.206365 0.0935524 0.0129266 0.0325488
0.432032 0.1793 9.9982E-05 0.208389 9.9982E-05 0.180079
0.384483 0.341771 0.00515898 0.16186 0.0190882 0.0876393
0.256351 9.9982E-05 0.258542 0.143369 0.341537 9.9982E-05
0.545903 0.0739167 0.125097 0.00830061 0.246683 9.9991E-05
0.226875 0.344781 0.00572371 0.152234 0.0748949 0.195492
0.358314 0.212332 0.0149198 0.0979889 0.237473 0.078973
0.567385 0.0821698 0.184642 0.0872702 0.0698322 0.00870032
0.473038 9.9991E-05 0.0741374 0.216939 0.0752954 0.16049
0.394356 0.19559 0.0266094 0.199103 0.0721249 0.112217
0.33912 0.272477 0.00540401 0.190628 0.113896 0.0784757
0.487508 0.100044 0.13539 0.0827133 0.0816392 0.112705
0.28297 0.288445 0.0653272 0.170074 9.9991E-05 0.193085
0.348543 0.252762 0.067079 0.169498 0.0130359 0.149081
0.31167 0.392526 9.9982E-05 0.146676 9.9982E-05 0.148927
0.439757 0.418268 9.9973E-05 0.141676 9.9973E-05 9.9973E-05
0.127433 0.649775 9.9982E-05 0.212042 0.0105498 9.9982E-05
0.503475 0.123168 0.115466 0.119081 0.0430154 0.0957942
0.5133 9.9991E-05 0.0692438 0.166385 0.147865 0.103106
0.262839 0.00200446 0.0159117 0.119666 0.599479 9.9991E-05
0.571656 0.0593843 9.9991E-05 0.143066 0.139633 0.0861605
0.454023 0.0414117 0.107427 0.13356 0.127016 0.136562
0.559474 0.0786455 9.9991E-05 0.240889 0.114099 0.00679297
0.562694 0.0556249 0.0733415 0.14705 0.0988222 0.0624673
9.9973E-05 0.226542 9.9973E-05 0.315026 0.458132 9.9973E-05
9.9973E-05 0.121101 9.9973E-05 0.291641 0.586957 9.9973E-05
0.333677 0.110022 0.0651096 0.141071 0.35002 9.9991E-05
0.0494975 0.170443 9.9982E-05 0.294771 0.485088 9.9982E-05
9.9973E-05 0.276834 9.9973E-05 0.370177 0.352689 9.9973E-05
0.348628 0.144344 0.0130894 0.115069 0.302031 0.076838
0.41532 0.158036 9.9991E-05 0.22535 0.196516 0.00467861
0.304192 0.0959517 9.9991E-05 0.309886 0.269335 0.0205347
0.0968182 0.180656 9.9982E-05 0.253756 0.468569 9.9982E-05
0.552725 0.105402 9.9991E-05 0.0969867 0.192124 0.052662
0.118157 0.187009 9.9991E-05 0.171298 0.450289 0.073147
0.466935 0.141265 0.131475 0.145722 9.9991E-05 0.114502
9.9973E-05 0.0859872 9.9973E-05 0.424085 0.489628 9.9973E-05
0.587151 0.0966609 0.0705953 0.115856 0.128517 0.00121905
0.34924 0.311464 0.06968 0.132527 0.136989 9.9991E-05
0.391645 0.182635 0.0429074 0.279439 9.9991E-05 0.103274
0.598982 0.171754 9.9982E-05 0.138135 0.0909295 9.9982E-05
0.455006 0.177223 0.0919689 0.170908 0.102914 0.0019799
0.477066 0.249008 0.0604301 0.111855 9.9991E-05 0.101541
0.436836 0.289286 9.9991E-05 0.167882 0.0395613 0.0663348
0.4154 0.182997 9.9982E-05 0.344861 0.0565418 9.9982E-05
0.467882 0.13765 0.0808233 0.21775 9.9991E-05 0.0957958
0.46623 0.254516 9.9982E-05 0.243045 0.0360083 9.9982E-05
0.339316 0.285843 0.0310243 0.236607 0.107111 9.9991E-05
0.199587 0.21989 0.140125 0.113367 0.0498322 0.277199
0.577739 0.0685132 0.0856439 0.154312 0.0287 0.0850917
0.572522 0.143802 0.13958 0.121397 9.9991E-05 0.0225994
0.551824 0.120452 9.9991E-05 0.0643639 0.0843509 0.178909
0.45397 0.234176 9.9973E-05 0.311554 9.9973E-05 9.9973E-05
0.514388 0.114576 0.0435601 0.182755 0.0299951 0.114726
0.116456 0.234523 9.9991E-05 0.359418 0.233517 0.0559862
0.565795 0.166196 9.9982E-05 0.205201 0.0626077 9.9982E-05
0.222377 0.330824 9.9991E-05 0.2858 0.118769 0.0421307
9.9973E-05 9.9973E-05 0.15902 0.796987 9.9973E-05 0.0436929
0.110489 0.00267428 0.771957 0.0659734 0.029373 0.019533
9.9973E-05 9.9973E-05 0.962811 0.00190778 9.9973E-05 0.0349811
9.996E-05 9.996E-05 0.9995 9.996E-05 9.996E-05 9.996E-05
0.0207997 0.022008 0.956892 9.9973E-05 9.9973E-05 9.9973E-05
0.0721642 0.00246753 0.892263 0.0329056 9.9982E-05 9.9982E-05
0.0979885 9.9973E-05 0.888379 9.9973E-05 0.0133327 9.9973E-05
9.9973E-05 9.9973E-05 0.930234 0.063772 9.9973E-05 0.00569411
9.9964E-05 9.9964E-05 0.761065 0.238535 9.9964E-05 9.9964E-05
0.0339846 0.047352 0.061898 0.856565 9.9982E-05 9.9982E-05
0.0724346 0.0122019 0.141199 0.765133 9.9991E-05 0.00893119
0.0161497 0.0477449 9.9991E-05 0.870874 0.0298866 0.0352452
0.0663393 9.9982E-05 0.0885453 0.823474 0.0214419 9.9982E-05
0.035054 0.0200199 0.0187624 0.914902 9.9991E-05 0.0111613
9.9982E-05 0.0162095 0.100691 0.854373 9.9982E-05 0.0285263
0.00537939 0.164886 0.0692179 0.702874 0.0575428 9.9991E-05
9.9982E-05 0.114419 0.00871259 0.827174 9.9982E-05 0.0494939
9.9982E-05 0.0888792 0.117285 0.713526 9.9982E-05 0.0801092
0.011831 0.0802648 9.9982E-05 0.88807 9.9982E-05 0.0196344
9.9973E-05 9.9973E-05 0.03389 0.957517 0.00829269 9.9973E-05
0.0959117 9.9973E-05 0.0449931 0.858795 9.9973E-05 9.9973E-05
9.9973E-05 0.0130889 0.029551 0.95706 9.9973E-05 9.9973E-05
0.0250038 0.0307541 9.9973E-05 0.943942 9.9973E-05 9.9973E-05
0.111504 0.0105814 0.00774673 0.869968 9.9982E-05 9.9982E-05
0.154606 0.03183 9.9973E-05 0.813264 9.9973E-05 9.9973E-05
0.168271 0.0751524 9.9973E-05 0.756276 9.9973E-05 9.9973E-05
0.166116 0.0373441 9.9973E-05 0.79624 9.9973E-05 9.9973E-05
0.143724 0.0299141 9.9973E-05 0.826062 9.9973E-05 9.9973E-05
0.424909 9.9991E-05 0.0937165 0.138038 0.238742 0.104495
0.696754 9.9991E-05 0.0863597 0.0455806 0.128976 0.0422301
0.534228 0.0409186 9.9991E-05 0.124216 0.140271 0.160266
0.206149 9.9991E-05 0.0286763 0.0383221 0.607513 0.119239
0.564381 9.9982E-05 0.141183 0.100677 0.19356 9.9982E-05
0.19636 9.9973E-05 9.9973E-05 0.149906 0.653434 9.9973E-05
0.593487 0.0340133 0.0204697 0.109871 0.137991 0.104169
0.427501 9.9991E-05 0.150013 0.0977725 0.164404 0.16021
0.602156 9.9991E-05 0.087422 0.107426 0.160552 0.0423445
0.482444 0.0467534 0.0431066 0.00328345 0.116097 0.308316
0.513201 9.9991E-05 0.211765 0.0569075 0.184303 0.0337235
0.621105 0.00822019 9.9991E-05 0.0175219 0.296952 0.0561006
0.583677 9.9991E-05 0.138364 0.103524 0.103196 0.0711385
0.0776717 0.0625988 0.387984 9.9991E-05 0.304549 0.167096
0.0261016 9.9982E-05 0.126233 0.0429372 0.804528 9.9982E-05
0.220069 9.9982E-05 0.0579333 0.071975 0.649823 9.9982E-05
0.651419 0.0196086 0.0473778 0.0885079 0.192987 9.9991E-05
0.559448 9.9982E-05 0.039824 0.133196 0.267332 9.9982E-05
0.579801 0.00406663 0.00122378 0.0857299 0.257312 0.0718657
0.650546 0.0184087 0.000609398 0.123931 0.131498 0.075007
0.510776 0.122332 9.9982E-05 0.252434 0.114257 9.9982E-05
0.503316 0.141074 0.0586882 0.19327 9.9991E-05 0.103552
0.049756 0.208833 0.167158 0.389578 0.0621112 0.122564
0.628901 0.0623324 0.175646 0.0888514 9.9991E-05 0.0441689
0.433376 0.138294 0.029799 0.243637 0.144345 0.0105494
9.9973E-05 0.21736 9.9973E-05 0.359739 0.4226 9.9973E-05
0.465819 0.138736 9.9982E-05 0.267741 0.127504 9.9982E-05
0.204691 0.20587 0.118604 0.321614 9.9991E-05 0.149121
0.5231 0.0227031 0.0788282 0.338936 9.9991E-05 0.0363328
0.484758 0.22598 0.0768036 0.0806 0.061977 0.0698815
0.471517 0.20907 0.0836779 0.160849 9.9991E-05 0.0747857
0.564775 0.173958 0.0462977 0.117588 0.0972812 9.9991E-05
0.364302 0.258673 0.0167656 0.0996964 0.17733 0.0832327
0.298735 0.132184 9.9982E-05 0.450486 9.9982E-05 0.118396
