0.938166 9.9991E-05 0.0617344
0.96229 0.0149415 0.0227684
0.834624 9.9991E-05 0.165276
0.841091 0.0048132 0.154095
0.882726 9.9991E-05 0.117174
0.688514 0.225056 0.0864299
0.890151 0.0823438 0.0275049
0.838328 0.117513 0.0441593
0.91884 0.0810604 9.9991E-05
0.746958 0.0931618 0.15988
0.80174 0.164733 0.0335267
0.0897606 0.748768 0.161472
9.9991E-05 0.571509 0.428391
0.155929 0.644802 0.199269
0.111954 0.639042 0.249005
0.160219 0.485472 0.35431
0.111158 0.468727 0.420115
0.00399538 0.62234 0.373665
0.185579 0.553761 0.26066
0.256167 0.743733 9.9991E-05
0.0396677 0.587797 0.372536
0.0367836 0.6281 0.335117
0.0645126 0.565093 0.370395
0.109925 0.646858 0.243217
0.0820995 0.449904 0.467996
0.0592509 0.507821 0.432928
0.125719 0.698043 0.176238
0.126116 0.638205 0.235679
0.116506 0.79022 0.0932731
0.82328 9.9991E-05 0.17662
0.827039 9.9991E-05 0.172861
0.795915 0.0162523 0.187833
0.732457 0.0164589 0.251084
0.0173837 0.636217 0.346399
0.0648491 0.555379 0.379772
9.9991E-05 0.621427 0.378473
0.196152 0.76097 0.042878
9.9991E-05 0.720897 0.279003
0.02374 0.626002 0.350258
9.9991E-05 0.530044 0.469856
0.0559304 0.533369 0.4107
0.0252348 0.513655 0.461111
0.0407868 0.826821 0.132392
0.0121891 0.546294 0.441517
9.9991E-05 0.519242 0.480658
0.0432163 0.44603 0.510753
9.9991E-05 0.793201 0.206699
9.9991E-05 0.532567 0.467333
9.9991E-05 0.509896 0.490004
0.154431 0.845469 9.9991E-05
0.0619611 0.870661 0.0673782
0.127054 0.811238 0.0617085
0.0717705 0.528369 0.399861
0.0352416 0.448938 0.515821
0.0284308 0.497802 0.473768
0.177729 0.740513 0.0817577
9.9991E-05 0.636558 0.363342
9.9991E-05 0.500476 0.499424
0.159033 0.568077 0.27289
0.326048 0.619744 0.0542079
0.0892881 0.604581 0.306131
0.0907343 0.642235 0.267031
0.193689 0.806211 9.9991E-05
9.9991E-05 0.679443 0.320457
9.9991E-05 0.534675 0.465225
0.0540301 0.543453 0.402517
0.102632 0.673319 0.224048
9.9991E-05 0.604365 0.395535
0.0160513 0.60251 0.381439
0.125584 0.829237 0.0451789
9.9991E-05 0.698274 0.301626
9.9991E-05 0.872387 0.127513
0.0343352 0.514481 0.451184
0.0210361 0.978864 9.9991E-05
0.0117554 0.988145 9.9991E-05
9.9991E-05 0.824832 0.175068
0.0143586 0.731842 0.2538
0.169808 0.469175 0.361017
0.0224708 0.644071 0.333458
0.0340709 0.818342 0.147587
0.0566399 0.783197 0.160163
0.047664 0.56568 0.386656
0.00465505 0.792783 0.202562
0.0252028 0.708648 0.266149
9.9991E-05 0.766829 0.233071
0.0934906 0.906409 9.9991E-05
9.9991E-05 0.578401 0.421499
0.857752 0.011015 0.131233
0.891247 9.9991E-05 0.108653
0.876639 9.9991E-05 0.123261
0.934508 9.9991E-05 0.0653916
0.889461 9.9991E-05 0.110439
0.880736 0.00818987 0.111074
0.912543 9.9991E-05 0.0873566
0.0536092 0.499925 0.446465
9.9991E-05 0.54757 0.45233
0.0404997 0.936137 0.0233628
0.0673336 0.488717 0.44395
0.00562924 0.691982 0.302389
0.0553065 0.541378 0.403316
9.9991E-05 0.573786 0.426114
9.9991E-05 0.605362 0.394538
0.102374 0.897526 9.9991E-05
0.0708526 0.506288 0.422859
9.9991E-05 0.514608 0.485292
0.0281629 0.524801 0.447036
9.9991E-05 0.786309 0.213591
9.9991E-05 0.707693 0.292207
9.9991E-05 0.741713 0.258187
9.9991E-05 0.732935 0.266965
0.0737066 0.65641 0.269884
0.00837464 0.565454 0.426171
0.137854 0.779501 0.0826445
0.149282 0.535779 0.314939
0.0774288 0.503936 0.418635
0.015892 0.534637 0.449471
0.0788414 0.630563 0.290596
0.00249829 0.579312 0.418189
0.0341865 0.677578 0.288236
0.0664728 0.601066 0.332461
9.9991E-05 0.535455 0.464445
0.0226511 0.649242 0.328107
0.024264 0.688446 0.28729
9.9991E-05 0.549555 0.450345
9.9991E-05 0.525183 0.474717
9.9991E-05 0.577545 0.422355
0.0272778 0.509124 0.463598
0.00520843 0.505337 0.489455
0.125641 0.617025 0.257334
9.9991E-05 0.541168 0.458732
0.0283568 0.520236 0.451408
0.05734 0.757929 0.184731
0.11133 0.78117 0.1075
0.0369262 0.569299 0.393775
0.0315762 0.879554 0.0888698
0.0960287 0.766761 0.13721
9.9991E-05 0.746842 0.253058
0.102681 0.714188 0.183131
0.0949123 0.780718 0.12437
0.043678 0.529566 0.426756
0.133663 0.458485 0.407852
0.000515406 0.638411 0.361073
0.123879 0.78434 0.0917805
0.152799 0.474337 0.372865
0.0281297 0.581973 0.389898
0.27042 0.72948 9.9991E-05
0.0933457 0.523636 0.383019
0.111872 0.63866 0.249468
0.149751 0.505654 0.344595
0.170531 0.671948 0.157521
0.181072 0.754667 0.0642602
0.0423891 0.685142 0.272469
0.0472339 0.503802 0.448964
0.13389 0.493241 0.37287
0.195517 0.688396 0.116087
0.00757025 0.531559 0.460871
9.9991E-05 0.777761 0.222139
9.9991E-05 0.692898 0.307002
0.0487464 0.52698 0.424273
0.411239 0.219115 0.369646
0.772012 0.0972936 0.130695
0.687924 0.192729 0.119347
0.473974 0.113128 0.412898
9.9991E-05 0.556322 0.443578
0.0640588 0.490997 0.444945
9.9991E-05 0.0808181 0.919082
0.0901781 0.2486 0.661222
0.15621 0.252648 0.591142
0.0231728 0.738526 0.238302
9.9991E-05 0.555477 0.444423
0.106147 0.791736 0.102118
0.0172436 0.595326 0.38743
0.00956971 0.628496 0.361934
0.000602072 0.521957 0.477441
0.0813812 0.815044 0.103575
0.00557681 0.474728 0.519695
0.0443937 0.555051 0.400555
0.0955737 9.9991E-05 0.904326
0.0502166 9.9991E-05 0.949683
0.104929 0.131894 0.763178
0.0889189 0.00234595 0.908735
0.0407131 9.9991E-05 0.959187
0.0939567 9.9991E-05 0.905943
0.119779 9.9991E-05 0.880121
0.0391621 9.9991E-05 0.960738
0.0543318 9.9991E-05 0.945568
0.0503453 9.9991E-05 0.949555
0.100176 9.9991E-05 0.899724
0.140585 9.9991E-05 0.859315
0.127603 9.9991E-05 0.872297
0.101602 9.9991E-05 0.898298
0.11487 0.262127 0.623003
0.128956 0.0674404 0.803603
0.143214 9.9991E-05 0.856686
0.0950526 9.9991E-05 0.904847
0.057717 9.9991E-05 0.942183
0.124073 9.9991E-05 0.875827
0.080019 9.9991E-05 0.919881
0.123567 0.0473116 0.829121
0.110445 9.9991E-05 0.889455
0.546727 0.430422 0.0228509
0.20927 0.466437 0.324293
0.203484 0.443852 0.352664
0.343901 0.460941 0.195158
0.210576 0.392804 0.396619
0.362601 0.402866 0.234534
0.145535 0.479762 0.374702
0.183287 0.426728 0.389984
0.118302 0.451922 0.429776
0.202277 0.321035 0.476688
0.218344 0.405446 0.37621
0.873732 0.0841349 0.0421331
0.933119 9.9991E-05 0.0667806
0.986928 9.9991E-05 0.0129716
0.938318 9.9991E-05 0.0615816
0.942997 9.9991E-05 0.0569027
0.925751 9.9991E-05 0.074149
0.884875 9.9991E-05 0.115026
0.926921 0.0238997 0.0491791
0.933516 9.9991E-05 0.0663836
0.907774 9.9991E-05 0.0921263
0.7026 0.2973 9.9991E-05
0.716411 0.283489 9.9991E-05
0.688645 0.311255 9.9991E-05
0.584121 0.415779 9.9991E-05
0.00178573 0.632591 0.365623
9.9991E-05 0.647021 0.352879
0.0182988 0.652826 0.328875
0.0892069 0.694537 0.216256
0.117659 0.819351 0.0629903
9.9991E-05 0.530863 0.469037
9.9991E-05 0.628417 0.371483
9.9991E-05 0.648117 0.351783
9.9991E-05 0.703077 0.296823
9.9991E-05 0.542664 0.457236
9.9991E-05 0.754617 0.245283
0.0352995 0.9646 9.9991E-05
0.0637608 0.612395 0.323845
0.0288041 0.823051 0.148145
9.9991E-05 0.686498 0.313402
0.0825749 0.883394 0.0340307
0.313545 0.686355 9.9991E-05
0.303748 0.696152 9.9991E-05
0.232839 0.767061 9.9991E-05
0.301597 0.698303 9.9991E-05
0.241004 0.758896 9.9991E-05
0.26855 0.73135 9.9991E-05
0.889973 9.9991E-05 0.109927
0.856918 0.00431767 0.138764
0.74459 9.9991E-05 0.25531
0.809961 9.9991E-05 0.189939
0.842469 9.9991E-05 0.157431
0.552833 0.447067 9.9991E-05
0.580063 0.419837 9.9991E-05
0.589423 0.410477 9.9991E-05
0.808681 9.9991E-05 0.191219
0.538103 0.461797 9.9991E-05
0.266258 0.180691 0.553051
0.0302649 0.356939 0.612796
0.174212 0.133339 0.692449
0.23937 0.289404 0.471226
0.121939 0.344931 0.53313
0.615272 0.0645629 0.320165
0.0148092 0.742329 0.242862
0.0988688 0.714464 0.186667
0.225048 0.631055 0.143896
9.9991E-05 0.691434 0.308466
0.0920012 0.907899 9.9991E-05
0.0805913 0.5064 0.413009
0.0237549 0.687042 0.289203
0.0840409 0.780725 0.135234
0.0452009 0.582777 0.372023
0.0950463 0.885475 0.0194788
9.9991E-05 0.632414 0.367486
9.9991E-05 0.654638 0.345262
0.158277 0.403029 0.438694
9.9991E-05 0.767688 0.232212
0.02825 0.647028 0.324722
9.9991E-05 0.615398 0.384502
9.9991E-05 0.660711 0.339189
9.9991E-05 0.557525 0.442375
0.0131036 0.545256 0.44164
0.0282857 0.557925 0.41379
0.761478 9.9991E-05 0.238422
0.84638 0.0328306 0.12079
0.80898 0.12156 0.0694605
0.851137 0.0195303 0.129333
0.826755 9.9991E-05 0.173145
0.0980557 0.789292 0.112653
0.0428111 0.633265 0.323923
0.174497 0.30139 0.524113
0.0113617 0.554612 0.434026
0.0431888 0.595911 0.3609
0.109558 0.707756 0.182687
0.262796 0.737104 9.9991E-05
0.0300691 0.644617 0.325314
0.19322 0.705298 0.101482
0.129959 0.594197 0.275844
0.299715 0.696934 0.00335129
0.107371 0.51111 0.381519
0.204447 0.765586 0.0299665
0.0753026 0.632615 0.292083
0.0483901 0.61475 0.33686
0.114618 0.721234 0.164148
0.0175874 0.679078 0.303334
0.162746 0.417811 0.419443
0.043171 0.727662 0.229167
0.0717968 0.592944 0.335259
0.0478559 0.608124 0.34402
0.0809742 0.918926 9.9991E-05
0.0498201 0.815562 0.134618
9.9991E-05 0.678743 0.321157
0.104489 0.881638 0.0138726
0.0124639 0.761701 0.225835
0.157589 0.833211 0.00920051
9.9991E-05 0.844152 0.155748
0.114951 0.636835 0.248214
9.9991E-05 0.516366 0.483534
0.012251 0.861888 0.125861
0.13036 0.527601 0.34204
0.0874825 0.515567 0.396951
0.0539331 0.539482 0.406585
0.0633499 0.541846 0.394804
0.0416581 0.634217 0.324125
0.066543 0.761387 0.17207
0.12433 0.651296 0.224373
9.9991E-05 0.544381 0.455519
0.0176645 0.514428 0.467908
0.0509195 0.683479 0.265601
9.9991E-05 0.562348 0.437552
0.124942 0.59331 0.281748
9.9991E-05 0.601793 0.398107
0.0468357 0.529891 0.423273
0.103544 0.502754 0.393702
0.324597 0.268732 0.406672
0.122153 0.327711 0.550136
0.0975756 0.426588 0.475837
0.0225705 0.470015 0.507414
0.128576 0.244924 0.6265
9.9991E-05 0.675372 0.324528
0.0995805 0.384532 0.515888
0.367884 0.520633 0.111482
0.130091 0.336494 0.533415
0.0759453 0.321824 0.602231
0.0416222 0.392837 0.565541
0.230552 0.418171 0.351277
0.149059 0.308096 0.542845
0.103438 0.335168 0.561394
0.674174 0.16006 0.165767
0.174668 0.263248 0.562084
0.13772 0.298311 0.563969
0.0409993 0.422396 0.536604
0.154776 0.244161 0.601063
0.128503 0.435288 0.436209
0.0112707 0.684112 0.304617
0.0454923 0.529504 0.425004
0.0210305 0.978869 9.9991E-05
0.0625021 0.937398 9.9991E-05
0.0275664 0.590651 0.381782
0.0736248 0.337227 0.589149
0.131448 0.288024 0.580528
0.254461 0.306653 0.438886
0.224863 0.242721 0.532416
0.230566 0.646143 0.12329
0.205314 0.570757 0.223929
9.9991E-05 0.519597 0.480303
0.0286253 0.537467 0.433908
0.158198 0.584434 0.257368
0.0204603 0.540113 0.439427
9.9991E-05 0.550142 0.449758
0.117458 0.479688 0.402854
9.9991E-05 0.800076 0.199824
0.0246108 0.721842 0.253547
0.0115615 0.616376 0.372063
0.0712845 0.700662 0.228053
0.0681991 0.527044 0.404757
9.9991E-05 0.707454 0.292446
0.0342105 0.848752 0.117038
9.9991E-05 0.555022 0.444878
9.9991E-05 0.832269 0.167631
9.9991E-05 0.709469 0.290431
0.0180809 0.522743 0.459176
0.0196798 0.590109 0.390212
0.156981 0.322494 0.520524
0.132078 0.383284 0.484638
0.203169 0.327576 0.469255
0.202511 0.362881 0.434608
0.15867 0.418678 0.422652
0.14181 0.391289 0.466901
0.332635 0.525333 0.142032
0.0242043 0.353359 0.622436
0.571733 0.307473 0.120795
0.0192601 0.381668 0.599072
0.00497015 0.915766 0.0792641
0.078456 0.921444 9.9991E-05
9.9991E-05 0.659615 0.340285
0.0226002 0.5462 0.4312
9.9991E-05 0.753526 0.246374
9.9991E-05 0.635654 0.364246
9.9991E-05 0.656608 0.343292
0.810676 0.0468073 0.142517
0.803559 0.0898486 0.106592
0.923442 9.9991E-05 0.0764576
0.942152 9.9991E-05 0.0577482
9.9991E-05 0.602191 0.397709
9.9991E-05 0.643728 0.356172
9.9991E-05 0.696463 0.303437
0.00858194 0.58998 0.401438
9.9991E-05 0.488265 0.511635
0.0393437 0.859177 0.101479
9.9991E-05 0.593739 0.406161
9.9991E-05 0.777687 0.222213
0.271812 0.224068 0.50412
9.9991E-05 0.633971 0.365929
9.9991E-05 0.785865 0.214035
9.9991E-05 0.621921 0.37798
9.9991E-05 0.768262 0.231638
9.9991E-05 0.610567 0.389333
9.9991E-05 0.631698 0.368202
9.9991E-05 0.956154 0.0437464
9.9991E-05 0.796101 0.203799
9.9991E-05 0.781041 0.218859
9.999E-05 0.9998 9.999E-05
0.00537341 0.684442 0.310185
9.9991E-05 0.9134 0.0865
0.0647011 0.935199 9.9991E-05
9.9991E-05 0.625223 0.374677
0.0512122 0.813493 0.135294
0.0299203 0.655491 0.314589
9.99962E-05 0.516734 0.483166
9.9991E-05 0.650217 0.349683
9.9991E-05 0.696462 0.303438
9.9991E-05 0.5954 0.4045
9.9991E-05 0.665387 0.334513
9.9991E-05 0.848283 0.151617
0.0500489 0.620341 0.32961
0.744981 0.254919 9.9991E-05
0.806674 0.128459 0.0648667
0.908414 0.0914859 9.9991E-05
0.885211 0.114689 9.9991E-05
0.845403 0.154497 9.9991E-05
0.0766367 0.830661 0.0927027
0.0700566 0.884623 0.0453201
9.9991E-05 0.884556 0.115344
0.00992114 0.492607 0.497472
0.0742051 0.541568 0.384227
9.9991E-05 0.784033 0.215867
9.9991E-05 0.55442 0.44548
9.9991E-05 0.695173 0.304727
9.9991E-05 0.619968 0.379932
0.0153836 0.573043 0.411573
0.00191181 0.81239 0.185698
9.9991E-05 0.761274 0.238626
9.9991E-05 0.835924 0.163976
0.0596851 0.514587 0.425728
9.9991E-05 0.757569 0.242331
9.9991E-05 0.677974 0.321926
0.0967412 0.198908 0.704351
0.160205 0.193235 0.646559
0.0781524 0.202653 0.719195
0.218966 0.116953 0.664081
0.150419 0.198176 0.651405
9.9991E-05 0.620414 0.379486
0.33512 9.9991E-05 0.66478
0.129202 0.132362 0.738437
0.20086 0.355325 0.443815
0.130617 0.467243 0.40214
0.128543 0.576634 0.294823
0.124835 0.482176 0.392989
0.0671669 0.465874 0.466959
0.238825 0.0386263 0.722548
0.175849 0.138411 0.68574
0.0739912 0.08099 0.845019
0.115096 0.314709 0.570195
0.180498 0.115793 0.703709
0.148219 0.192239 0.659542
0.242728 0.0369893 0.720282
0.0562408 0.235794 0.707965
0.045898 0.576755 0.377348
0.213104 0.170099 0.616798
0.222941 9.9991E-05 0.776959
0.166135 0.285198 0.548667
0.278575 0.635214 0.0862112
9.9991E-05 0.513922 0.485978
0.203999 0.231314 0.564687
0.0324163 0.534579 0.433005
0.169716 0.526404 0.30388
0.181628 0.327706 0.490666
0.187574 0.236497 0.575929
0.0784703 0.443971 0.477559
0.188028 0.184527 0.627445
0.0864464 0.146264 0.76729
0.278083 9.9991E-05 0.721817
0.0603195 0.48815 0.451531
0.104682 0.583156 0.312162
0.223562 0.640692 0.135746
0.113852 0.439369 0.44678
0.153223 0.562838 0.283939
0.166747 0.389289 0.443964
0.143927 0.354871 0.501201
0.500061 0.320597 0.179342
0.548881 0.320411 0.130708
0.229623 0.465629 0.304747
0.499518 0.269456 0.231026
0.611042 0.12154 0.267418
0.174009 0.43146 0.394531
0.264398 0.331386 0.404216
0.3613 0.362755 0.275945
0.469201 0.348972 0.181827
0.140021 0.408078 0.451901
0.308559 0.463053 0.228387
0.673211 0.293189 0.0335994
0.0577965 0.400094 0.54211
0.197251 0.315282 0.487467
0.246394 0.251663 0.501943
0.100631 0.247377 0.651992
0.169254 0.335667 0.495079
0.128276 0.311314 0.56041
0.377689 0.147934 0.474377
0.166276 0.236466 0.597258
0.225654 0.183533 0.590813
0.2639 0.263068 0.473032
0.186082 0.506311 0.307607
0.167417 0.321821 0.510763
0.156272 0.344517 0.49921
0.0473247 0.455119 0.497557
0.350061 0.108915 0.541024
0.20581 0.251533 0.542657
0.441719 0.204216 0.354066
0.085031 0.365206 0.549763
0.3415 0.212172 0.446328
0.866385 0.131336 0.00227898
0.257965 0.696306 0.0457292
0.256891 0.743009 9.9991E-05
0.275803 0.724097 9.9991E-05
0.220583 0.779317 9.9991E-05
0.244466 0.755434 9.9991E-05
0.184374 0.815526 9.9991E-05
0.253217 0.746683 9.9991E-05
0.430048 0.569852 9.9991E-05
0.920054 9.9991E-05 0.079846
0.864255 0.0756453 0.0600997
0.90893 9.9991E-05 0.0909704
0.859301 0.0924011 0.0482978
0.91053 0.0039391 0.0855304
0.951828 0.00685074 0.0413209
0.776616 0.0150812 0.208303
0.879356 9.9991E-05 0.120544
0.756286 0.107314 0.1364
0.91613 9.9991E-05 0.08377
0.979784 9.9991E-05 0.0201157
0.879981 0.0453504 0.0746686
0.956263 9.9991E-05 0.0436375
0.892854 9.9991E-05 0.107046
0.848506 9.9991E-05 0.151394
0.837207 9.9991E-05 0.162693
0.789272 9.9991E-05 0.210628
0.783083 9.9991E-05 0.216817
0.823558 9.9991E-05 0.176342
0.186374 0.532483 0.281143
9.9991E-05 0.581268 0.418632
0.122456 0.491756 0.385788
0.17473 0.758565 0.0667043
0.109929 0.521148 0.368923
0.277197 0.66162 0.0611823
9.9991E-05 0.540624 0.459276
0.0999663 0.663234 0.2368
0.0687674 0.603992 0.32724
9.9991E-05 0.650692 0.349208
0.107712 0.625275 0.267014
0.0297278 0.587925 0.382347
0.0769717 0.57821 0.344818
0.125598 0.846564 0.0278376
0.182462 0.817438 9.9991E-05
0.205098 0.707278 0.0876236
0.03366 0.504148 0.462192
0.064006 0.580043 0.355951
0.150515 0.511379 0.338105
0.048043 0.457724 0.494233
0.138653 0.326425 0.534922
0.151878 0.270057 0.578065
0.482284 0.268567 0.249149
0.0565995 0.502969 0.440431
0.214411 0.356653 0.428936
0.611799 0.256929 0.131272
0.279973 0.282856 0.437171
0.384222 0.254911 0.360867
0.322291 0.301506 0.376202
0.159293 0.333657 0.507049
0.112553 0.357805 0.529642
0.114102 0.339826 0.546072
0.188465 0.429088 0.382447
0.439176 0.151086 0.409738
