0.924135 0.0757646 9.9991E-05
0.966396 0.0188225 0.014782
0.827745 0.172155 9.9991E-05
0.843736 0.156164 9.9991E-05
0.856369 0.143531 9.9991E-05
0.676875 0.14067 0.182455
0.866556 0.0703165 0.0631272
0.763343 0.0706979 0.165959
0.906554 9.9991E-05 0.0933465
0.725275 0.169808 0.104917
0.803058 0.00717387 0.189768
0.0765429 0.110587 0.81287
0.0328819 0.326425 0.640693
0.142816 0.158033 0.699151
0.133071 0.229198 0.637731
0.151704 0.296798 0.551498
0.0516075 0.437778 0.510614
0.00455579 0.332037 0.663408
0.159173 0.222005 0.618822
0.24961 9.9991E-05 0.75029
0.0754643 0.268387 0.656149
0.0861549 0.292142 0.621703
9.9991E-05 0.332038 0.667862
0.10592 0.21432 0.67976
0.0674051 0.401227 0.531368
0.0787146 0.284483 0.636803
0.152687 0.10164 0.745673
0.155605 0.236333 0.608062
0.155037 0.0753958 0.769567
0.789284 0.210616 9.9991E-05
0.798324 0.199999 0.0016774
0.742533 0.222786 0.0346809
0.743509 0.224239 0.0322523
0.0208974 0.328688 0.650415
0.0657616 0.341709 0.59253
9.9991E-05 0.264325 0.735575
0.279916 0.000202101 0.719882
0.00177256 0.219337 0.77889
0.00784675 0.377021 0.615132
9.9991E-05 0.413243 0.586657
0.0239973 0.301522 0.67448
0.0477681 0.408064 0.544168
0.0959095 0.0159214 0.888169
0.0207187 0.410421 0.56886
9.9991E-05 0.435902 0.563998
0.0494909 0.447877 0.502633
9.9991E-05 0.187254 0.812646
0.000852151 0.419671 0.579477
0.115342 0.364606 0.520052
0.211408 9.9991E-05 0.788492
0.0943533 0.0129785 0.892668
0.155468 9.9991E-05 0.844432
0.0174454 0.339474 0.643081
0.105581 0.433809 0.46061
0.03752 0.478393 0.484087
0.214994 9.9991E-05 0.784906
0.0310137 0.237907 0.731079
0.0367287 0.373568 0.589704
0.124963 0.221444 0.653593
0.337813 0.0852055 0.576981
0.0454623 0.325245 0.629293
0.0475237 0.25838 0.694096
0.181298 9.9991E-05 0.818602
9.9991E-05 0.288903 0.710997
9.9991E-05 0.461759 0.538141
0.0474877 0.363513 0.589
0.106011 0.208103 0.685886
0.0256373 0.346187 0.628176
0.0547133 0.423291 0.521996
0.135599 0.0119434 0.852458
9.9991E-05 0.220897 0.779003
9.9991E-05 0.113607 0.886293
0.00154771 0.319102 0.67935
0.048935 9.9991E-05 0.950965
0.0396545 9.9991E-05 0.960246
9.9991E-05 0.139146 0.860754
0.0126711 0.225841 0.761488
0.131416 0.381057 0.487526
9.9991E-05 0.230205 0.769696
0.0923668 0.0797661 0.827867
0.0630529 0.105249 0.831698
0.0385458 0.315361 0.646093
0.0239213 0.204807 0.771272
0.0110532 0.207839 0.781108
9.9991E-05 0.189469 0.810431
0.075924 9.9991E-05 0.923976
9.9991E-05 0.420908 0.578992
0.81151 0.173054 0.0154358
0.878245 0.121655 9.9991E-05
0.838824 0.161076 9.9991E-05
0.890239 0.109661 9.9991E-05
0.840909 0.158991 9.9991E-05
0.879044 0.120856 9.9991E-05
0.919598 0.0803019 9.9991E-05
0.0587945 0.387719 0.553486
0.0128191 0.472889 0.514292
0.0385273 9.9991E-05 0.961373
0.0689123 0.34578 0.585308
0.00323353 0.248555 0.748211
9.9991E-05 0.383342 0.616558
0.0053699 0.287057 0.707573
9.9991E-05 0.335498 0.664402
0.133607 9.9991E-05 0.866293
0.117096 0.325787 0.557117
9.9991E-05 0.34529 0.65461
0.0178858 0.422462 0.559652
0.0357409 0.154513 0.809747
9.9991E-05 0.275545 0.724355
9.9991E-05 0.281027 0.718873
9.9991E-05 0.258674 0.741226
0.0231764 0.231516 0.745308
0.160258 0.270606 0.569136
0.149129 0.11016 0.740711
0.101973 0.28228 0.615748
0.0825173 0.385232 0.532251
9.9991E-05 0.406209 0.593691
0.0549941 0.233758 0.711248
0.0436919 0.378126 0.578182
0.0806597 0.204186 0.715154
0.0702554 0.275632 0.654112
0.0369972 0.360876 0.602127
0.0253556 0.265216 0.709429
0.0215464 0.243656 0.734797
0.0360084 0.475856 0.488136
9.9991E-05 0.433778 0.566122
9.9991E-05 0.395702 0.604198
0.0222925 0.4341 0.543608
9.9991E-05 0.451568 0.548332
0.149403 0.181977 0.668619
9.9991E-05 0.377908 0.621992
9.9991E-05 0.354048 0.645852
0.13039 0.113102 0.756508
0.192894 0.0613451 0.745761
0.0333055 0.337478 0.629216
0.0986216 9.9991E-05 0.901278
0.108012 0.0715409 0.820448
0.0223991 0.219373 0.758228
0.108598 0.0931694 0.798233
0.0570799 0.129435 0.813485
0.0399306 0.425438 0.534631
0.0263789 0.428736 0.544886
0.100342 0.352337 0.547322
0.127201 0.0503327 0.822466
0.118654 0.286539 0.594807
0.0211211 0.358554 0.620324
0.316125 9.9991E-05 0.683775
0.0337941 0.396324 0.569882
0.0920586 0.203741 0.7042
0.0763657 0.33049 0.593144
0.194494 0.125293 0.680213
0.176664 0.0316621 0.791674
0.0453044 0.248003 0.706693
0.041769 0.395023 0.563208
0.141917 0.274844 0.583239
0.200331 0.129914 0.669756
0.0626849 0.370847 0.566468
9.9991E-05 0.0951865 0.904713
0.0206324 0.225244 0.754124
0.0795283 0.312832 0.60764
0.404196 0.37505 0.220754
0.753271 0.153291 0.0934382
0.702604 0.169401 0.127996
0.439146 0.436475 0.12438
9.9991E-05 0.383817 0.616083
0.043615 0.35723 0.599155
9.9991E-05 0.908719 0.0911805
0.0131534 0.6636 0.323246
0.0780233 0.601584 0.320393
0.038711 0.22813 0.733159
0.0559533 0.387164 0.556882
0.117899 0.0552737 0.826828
9.9991E-05 0.349466 0.650434
0.0468167 0.266377 0.686806
9.9991E-05 0.35732 0.64258
0.0768098 0.0978596 0.825331
9.9991E-05 0.413695 0.586205
0.0677558 0.418547 0.513697
0.0296918 0.970208 9.9991E-05
0.00476627 0.989762 0.0054722
0.0505384 0.754295 0.195167
0.00607085 0.893087 0.100842
0.121495 0.878405 9.9991E-05
0.0226825 0.977217 9.9991E-05
0.0748238 0.925076 9.9991E-05
9.999E-05 0.9998 9.999E-05
0.00343336 0.996467 9.9991E-05
0.0292111 0.970689 9.9991E-05
0.0577463 0.942154 9.9991E-05
0.0423248 0.932303 0.0253723
0.0957487 0.881432 0.0228191
0.0298198 0.97008 9.9991E-05
0.0806731 0.628813 0.290514
0.069523 0.80964 0.120837
0.0611692 0.938731 9.9991E-05
0.0429197 0.95698 9.9991E-05
0.0199759 0.979924 9.9991E-05
0.0607252 0.939175 9.9991E-05
0.0106285 0.989271 9.9991E-05
0.0874895 0.785478 0.127032
0.0771368 0.922763 9.9991E-05
0.501851 0.0420819 0.456067
0.167951 0.357144 0.474905
0.23445 0.348116 0.417434
0.362868 0.191692 0.44544
0.160737 0.360843 0.478421
0.373033 0.22615 0.400817
0.201428 0.363057 0.435516
0.165735 0.40214 0.432125
0.214314 0.446624 0.339062
0.203833 0.458742 0.337424
0.151254 0.39834 0.450406
0.879664 0.0523134 0.0680221
0.900886 0.0990141 9.9991E-05
0.948798 0.0511024 9.9991E-05
0.92584 0.0740597 9.9991E-05
0.905811 0.0940893 9.9991E-05
0.894279 0.105621 9.9991E-05
0.852768 0.147132 9.9991E-05
0.894459 0.0671481 0.0383928
0.907468 0.0924321 9.9991E-05
0.869149 0.130751 9.9991E-05
0.70127 9.9991E-05 0.29863
0.699089 0.00978453 0.291126
0.667559 9.9991E-05 0.332341
0.604777 9.9991E-05 0.395123
0.0749524 0.245258 0.67979
9.9991E-05 0.294562 0.705338
0.0122094 0.358893 0.628898
0.0768018 0.197785 0.725414
0.108181 0.0276939 0.864125
9.9991E-05 0.444884 0.555016
9.9991E-05 0.303598 0.696302
9.9991E-05 0.25526 0.74464
9.9991E-05 0.193612 0.806288
0.019306 0.379736 0.600958
0.0214343 0.187675 0.790891
0.0646882 9.9991E-05 0.935212
0.0122604 0.345268 0.642472
0.024086 0.149985 0.825929
9.9991E-05 0.251422 0.748478
0.101587 9.9991E-05 0.898313
0.323687 9.9991E-05 0.676213
0.289142 9.9991E-05 0.710758
0.261147 9.9991E-05 0.738753
0.318058 9.9991E-05 0.681842
0.234465 9.9991E-05 0.765435
0.295434 0.00207781 0.702489
0.825524 0.174376 9.9991E-05
0.832081 0.155625 0.0122936
0.75874 0.24116 9.9991E-05
0.790337 0.209563 9.9991E-05
0.807787 0.191027 0.00118574
0.56311 9.9991E-05 0.43679
0.606207 9.9991E-05 0.393693
0.599026 9.9991E-05 0.400874
0.797137 0.202763 9.9991E-05
0.566913 9.9991E-05 0.432987
0.25799 0.549212 0.192799
0.0739063 0.540872 0.385222
0.151692 0.636017 0.21229
0.28238 0.465919 0.2517
0.146609 0.45581 0.397581
0.634768 0.343388 0.0218442
0.016171 0.185559 0.79827
0.0471641 0.160069 0.792767
0.215542 0.115992 0.668466
9.9991E-05 0.211935 0.787965
0.110526 9.9991E-05 0.889374
0.0450204 0.329804 0.625175
0.00728695 0.252799 0.739915
0.117451 0.0841231 0.798426
0.0548848 0.32824 0.616875
0.0993029 9.9991E-05 0.900597
9.9991E-05 0.283198 0.716702
9.9991E-05 0.280117 0.719783
0.119779 0.426267 0.453955
9.9991E-05 0.208492 0.791408
0.0394979 0.264165 0.696337
0.054785 0.341116 0.604099
9.9991E-05 0.266563 0.733337
9.9991E-05 0.478914 0.520986
0.0538869 0.367372 0.578741
0.0911385 0.337505 0.571357
0.765967 0.233933 9.9991E-05
0.84475 0.15071 0.00454026
0.791613 0.0961872 0.1122
0.824092 0.143086 0.0328218
0.813038 0.158052 0.0289094
0.137527 0.0592946 0.803179
0.00550112 0.336415 0.658083
0.175182 0.423837 0.400981
9.9991E-05 0.438826 0.561074
0.00980796 0.308484 0.681708
0.0881938 0.173278 0.738528
0.316817 9.9991E-05 0.683083
0.0616005 0.28103 0.65737
0.18337 0.0837254 0.732904
0.0309299 0.319475 0.649595
0.277778 9.9991E-05 0.722122
0.0363756 0.389218 0.574406
0.219518 0.0542857 0.726196
0.127026 0.196411 0.676563
0.0992672 0.262125 0.638608
0.127989 0.114537 0.757475
0.0236297 0.273664 0.702706
0.0796276 0.354646 0.565726
0.0725529 0.141503 0.785944
0.0472621 0.398472 0.554266
0.0952088 0.296982 0.60781
0.0808674 9.9991E-05 0.919033
0.047662 0.113104 0.839234
0.0507519 0.248017 0.701231
0.109451 9.9991E-05 0.890449
0.0485331 0.175523 0.775944
0.17033 0.00269818 0.826972
9.9991E-05 0.116917 0.882983
0.109015 0.195246 0.695739
9.9991E-05 0.433767 0.566133
0.0263407 0.0652217 0.908438
0.073 0.36119 0.56581
0.0241572 0.409134 0.566709
0.0307988 0.321419 0.647782
9.9991E-05 0.384979 0.614921
0.119178 0.233443 0.647379
0.0491986 0.151635 0.799166
0.00738155 0.253475 0.739143
9.9991E-05 0.293908 0.705992
0.025696 0.378097 0.596207
0.0490912 0.285142 0.665767
9.9991E-05 0.335029 0.664871
0.140658 0.238538 0.620804
9.9991E-05 0.307655 0.692245
0.0744262 0.274939 0.650635
0.0513828 0.340297 0.60832
0.282261 0.401144 0.316595
0.0804198 0.590781 0.328799
0.144196 0.450313 0.40549
0.0451485 0.478425 0.476427
0.148299 0.50252 0.349181
9.9991E-05 0.299525 0.700375
0.0919852 0.472316 0.435698
0.403784 0.166384 0.429832
0.0956383 0.439527 0.464835
0.0795099 0.506449 0.414041
0.0315537 0.58629 0.382156
0.226438 0.305518 0.468043
0.119206 0.47837 0.402423
0.0700856 0.572475 0.35744
0.643103 0.24208 0.114817
0.211274 0.494913 0.293814
0.101956 0.567175 0.330869
0.0485949 0.46629 0.485115
0.140672 0.581531 0.277797
0.161246 0.412935 0.42582
9.9991E-05 0.352964 0.646936
0.110239 0.287482 0.602279
0.0491462 9.9991E-05 0.950754
0.0893186 9.9991E-05 0.910581
0.0180703 0.399722 0.582208
0.10415 0.535679 0.360171
0.121803 0.613104 0.265093
0.239829 0.4285 0.33167
0.212491 0.487038 0.300471
0.217965 0.16469 0.617345
0.179627 0.214735 0.605638
0.0575763 0.436017 0.506406
0.0549277 0.393788 0.551284
0.139073 0.255324 0.605603
0.0342096 0.384793 0.580997
0.00579659 0.391507 0.602697
0.114463 0.413783 0.471754
0.0570118 0.109415 0.833573
0.024166 0.224926 0.750908
0.000953349 0.351958 0.647089
0.0502227 0.291277 0.6585
0.116856 0.296589 0.586555
9.9991E-05 0.24334 0.75656
0.0319754 0.109354 0.858671
9.9991E-05 0.360757 0.639143
0.00935384 0.113385 0.877261
9.9991E-05 0.244981 0.754919
0.0310889 0.377225 0.591686
0.00994328 0.328776 0.661281
0.0923856 0.529613 0.378001
0.124504 0.494244 0.381252
0.159323 0.444293 0.396384
0.209548 0.420246 0.370206
0.198333 0.435136 0.366531
0.133456 0.427181 0.439363
0.320358 0.166353 0.513289
9.9991E-05 0.601937 0.397963
0.577198 0.125769 0.297033
0.0673421 0.530763 0.401895
0.0255309 0.00831418 0.966155
0.0998089 9.9991E-05 0.900091
9.9991E-05 0.253614 0.746286
9.9991E-05 0.405084 0.594816
9.9991E-05 0.171447 0.828453
9.9991E-05 0.302503 0.697397
9.9991E-05 0.334723 0.665177
0.781008 0.180497 0.0384956
0.803427 0.169205 0.0273682
0.887323 0.112577 9.9991E-05
0.909848 0.0900524 9.9991E-05
0.0189898 0.256569 0.724441
0.012891 0.344072 0.643037
9.9991E-05 0.230434 0.769466
9.9991E-05 0.362435 0.637465
0.0836701 0.342874 0.573456
0.0301102 0.12736 0.84253
9.9991E-05 0.318014 0.681886
9.9991E-05 0.143487 0.856413
0.1812 0.441228 0.377572
9.9991E-05 0.316639 0.683261
9.9991E-05 0.142004 0.857896
9.9991E-05 0.28104 0.71886
9.9991E-05 0.194521 0.805379
9.9991E-05 0.334601 0.665299
0.00260221 0.369923 0.627475
9.999E-05 9.999E-05 0.9998
0.035007 0.140066 0.824927
9.9991E-05 0.212096 0.787804
9.999E-05 9.999E-05 0.9998
0.00590816 0.304076 0.690016
0.0323132 0.035524 0.932163
0.0848978 9.9991E-05 0.915002
9.9991E-05 0.376548 0.623352
0.0610576 0.0859065 0.853036
9.9991E-05 0.253997 0.745903
9.9991E-05 0.443023 0.556877
9.9991E-05 0.262615 0.737285
9.9991E-05 0.204665 0.795235
9.9991E-05 0.276169 0.723731
9.9991E-05 0.293697 0.706203
9.9991E-05 0.105458 0.894442
0.0488857 0.377519 0.573595
0.73839 9.9991E-05 0.26151
0.779082 0.0907008 0.130217
0.912564 9.9991E-05 0.0873361
0.900713 9.9991E-05 0.0991871
0.805739 9.9991E-05 0.194161
0.0706318 0.0397623 0.889606
0.108474 9.9991E-05 0.891426
9.9991E-05 0.118102 0.881798
0.0344838 0.367369 0.598147
0.00618444 0.405948 0.587867
9.9991E-05 0.193615 0.806285
9.9991E-05 0.386647 0.613253
0.0407639 0.268995 0.690241
9.9991E-05 0.302377 0.697523
9.9991E-05 0.380527 0.619373
9.9991E-05 0.101157 0.898743
9.9991E-05 0.119513 0.880387
9.9991E-05 0.195579 0.804321
0.051005 0.315722 0.633274
9.9991E-05 0.167784 0.832116
0.00199739 0.26126 0.736742
0.0590158 0.673488 0.267496
0.123174 0.723087 0.153739
0.10092 0.745213 0.153866
0.14723 0.738531 0.11424
0.135403 0.661939 0.202658
9.9991E-05 0.3753 0.6246
0.330851 0.66905 9.9991E-05
0.150855 0.668158 0.180987
0.12839 0.417169 0.454441
0.138165 0.370755 0.49108
0.129942 0.272812 0.597245
0.0796616 0.376471 0.543867
0.0577363 0.436706 0.505557
0.257504 0.742396 9.9991E-05
0.0967625 0.599097 0.30414
0.110599 0.767312 0.122089
0.0814362 0.609338 0.309226
0.0947443 0.773942 0.131314
0.149668 0.521303 0.32903
0.152852 0.797445 0.049703
0.0278538 0.749624 0.222522
0.0522779 0.345757 0.601965
0.166997 0.583431 0.249572
0.196104 0.783599 0.0202969
0.113233 0.594153 0.292614
0.296586 0.0197898 0.683624
9.9991E-05 0.418228 0.581672
0.187062 0.522181 0.290757
0.0588289 0.402206 0.538965
0.158751 0.289424 0.551826
0.111265 0.54452 0.344215
0.190608 0.490956 0.318436
0.00393555 0.490426 0.505638
0.115862 0.632387 0.251751
0.112888 0.740278 0.146834
0.237711 0.756643 0.00564515
0.103203 0.367605 0.529192
0.0980304 0.1894 0.71257
0.22619 0.10393 0.66988
0.0800901 0.439054 0.480856
0.073635 0.269794 0.656571
0.174695 0.47654 0.348765
0.153893 0.365683 0.480424
0.499436 0.194015 0.306549
0.527312 0.137442 0.335246
0.215726 0.233745 0.550529
0.468013 0.205235 0.326752
0.578098 0.285572 0.13633
0.137665 0.357712 0.504623
0.229401 0.369439 0.40116
0.364459 0.308698 0.326843
0.420922 0.230922 0.348155
0.139116 0.455929 0.404955
0.27629 0.217388 0.506322
0.664843 0.0897021 0.245455
0.116811 0.52512 0.358069
0.221532 0.444687 0.333781
0.270037 0.453724 0.27624
0.160077 0.645266 0.194657
0.091733 0.547779 0.360488
0.131291 0.583274 0.285435
0.365064 0.444098 0.190839
0.150179 0.52509 0.324731
0.228221 0.536872 0.234906
0.223435 0.423986 0.35258
0.143278 0.325224 0.531497
0.115035 0.397559 0.487406
0.199921 0.433419 0.366659
0.117079 0.424559 0.458362
0.230531 0.511768 0.257701
0.161851 0.507074 0.331075
0.431736 0.378808 0.189457
0.125748 0.601986 0.272266
0.300475 0.472984 0.226541
0.821023 0.0562671 0.12271
0.290466 9.9991E-05 0.709434
0.250624 9.9991E-05 0.749276
0.262742 9.9991E-05 0.737158
0.235726 9.9991E-05 0.764174
0.258552 9.9991E-05 0.741348
0.204033 9.9991E-05 0.795867
0.288583 9.9991E-05 0.711317
0.424914 9.9991E-05 0.574986
0.87488 0.12502 9.9991E-05
0.869813 0.109905 0.0202818
0.845948 0.153952 9.9991E-05
0.824837 0.0687117 0.106451
0.900421 0.0994787 9.9991E-05
0.911301 0.0885994 9.9991E-05
0.75634 0.202459 0.0412007
0.836017 0.163883 9.9991E-05
0.770278 0.137672 0.0920499
0.859574 0.140326 9.9991E-05
0.956243 0.0436573 9.9991E-05
0.869504 0.121227 0.00926896
0.931849 0.068051 9.9991E-05
0.867996 0.131904 9.9991E-05
0.8616 0.1383 9.9991E-05
0.783473 0.216427 9.9991E-05
0.721809 0.278091 9.9991E-05
0.767285 0.232615 9.9991E-05
0.756675 0.243225 9.9991E-05
0.131498 0.263669 0.604833
0.0124453 0.390977 0.596578
0.0754965 0.463145 0.461359
0.204672 0.0433635 0.751964
0.138794 0.258269 0.602937
0.32813 0.0389607 0.63291
0.0240072 0.489838 0.486154
0.117677 0.135118 0.747205
0.0745264 0.294588 0.630885
0.00861512 0.305499 0.685886
0.146848 0.207408 0.645744
0.091421 0.365064 0.543515
0.0627763 0.307961 0.629263
0.136082 9.9991E-05 0.863818
0.219897 9.9991E-05 0.780003
0.198233 0.0782136 0.723553
0.00534427 0.427687 0.566969
0.0760681 0.30414 0.619792
0.0791428 0.285163 0.635694
9.9991E-05 0.430054 0.569846
0.208051 0.504942 0.287007
0.127789 0.518642 0.353568
0.450974 0.247245 0.30178
0.0607443 0.423451 0.515805
0.152319 0.449544 0.398137
0.591935 0.174395 0.23367
0.238995 0.484406 0.276599
0.341118 0.378732 0.28015
0.349368 0.347336 0.303295
0.195675 0.388717 0.415608
0.133927 0.478947 0.387126
0.135321 0.516222 0.348457
0.214452 0.415049 0.370498
0.466342 0.360628 0.17303
