0.0631421 0.839295 9.9973E-05 9.9973E-05 9.9973E-05 0.0504154 0.046848
9.9964E-05 0.931372 9.9964E-05 0.060584 0.00764437 9.9964E-05 9.9964E-05
0.0892966 0.782021 0.0827897 9.9982E-05 0.0296345 9.9982E-05 0.0160585
9.9982E-05 0.781392 0.0011744 0.0696038 9.9982E-05 0.0564629 0.0911674
9.9964E-05 0.881158 0.0570598 0.0613821 9.9964E-05 9.9964E-05 9.9964E-05
0.143757 0.569844 0.0512565 0.0251857 0.137428 0.0135371 0.0589921
0.0426936 0.755161 9.9964E-05 9.9964E-05 0.201746 9.9964E-05 9.9964E-05
9.9991E-05 0.652694 0.0148064 0.0615076 0.104337 0.10932 0.0572348
9.99729E-05 0.819367 9.99729E-05 0.0278716 0.0538758 0.0985857 9.99729E-05
9.999E-05 0.622075 0.0480635 0.0148919 0.151291 0.056382 0.107196
0.00423459 0.676314 0.0175472 0.00031409 0.123861 0.160439 0.0172899
0.481808 9.9982E-05 0.0161756 9.9982E-05 0.0938736 0.342362 0.065581
0.30136 9.9982E-05 0.388316 9.9982E-05 0.098836 0.141851 0.0694374
0.19222 0.00990852 0.179442 0.0529354 0.113233 0.361508 0.090753
0.312094 0.0076723 0.124939 9.9991E-05 0.112446 0.219249 0.223499
0.261223 0.117746 0.334725 9.9991E-05 0.124308 0.100398 0.0615004
0.334094 9.9982E-05 0.27757 9.9982E-05 0.114272 0.177946 0.0959179
0.41762 0.0724263 0.0783402 9.9991E-05 0.173047 0.209464 0.0490021
0.25378 0.0296066 0.0121523 0.0861215 0.0470327 0.51167 0.0596367
0.275803 9.9991E-05 0.340185 0.0553613 0.0627628 0.173125 0.0926622
0.271894 9.9982E-05 0.358489 9.9982E-05 0.219315 0.109663 0.0404388
0.312184 0.102265 0.456304 9.9973E-05 9.9973E-05 0.128947 9.9973E-05
0.304725 0.0284561 0.18695 9.9991E-05 0.153165 0.245104 0.0815004
0.299894 0.0257313 0.409723 9.9991E-05 0.0937527 0.139514 0.0312862
0.403313 0.00993799 9.9982E-05 9.9982E-05 0.137364 0.350855 0.0983302
0.325037 9.9982E-05 0.111796 9.9982E-05 0.112109 0.319606 0.131253
0.406484 0.0127778 0.0352255 9.9991E-05 0.105465 0.380957 0.0589913
9.9964E-05 0.796221 0.159371 9.9964E-05 9.9964E-05 9.9964E-05 0.0440087
9.9964E-05 0.787021 0.189575 9.9964E-05 9.9964E-05 9.9964E-05 0.0230034
0.0327694 0.786793 0.12273 9.9973E-05 9.9973E-05 9.9973E-05 0.0574077
0.177499 0.69704 9.9973E-05 9.9973E-05 0.0534702 9.9973E-05 0.07169
0.363099 0.0953998 0.41629 0.00948659 9.9991E-05 0.104255 0.0113701
0.333229 0.0321465 0.365906 0.152835 9.9982E-05 9.9982E-05 0.115683
0.140802 0.088477 0.214866 0.0486806 0.0449016 0.462173 9.9991E-05
0.522283 0.048657 0.146353 0.229784 0.0255241 9.9991E-05 0.0272991
0.380148 0.0481837 0.49063 0.0234357 9.9982E-05 9.9982E-05 0.0574032
0.275248 0.0767602 0.448347 9.9991E-05 0.121678 0.0692883 0.0085789
0.225045 0.121966 0.443814 9.9982E-05 0.0659145 0.14306 9.9982E-05
0.673981 0.0181004 9.9973E-05 0.104707 9.9973E-05 0.202911 9.9973E-05
0.229654 0.0283586 0.542308 9.9982E-05 0.186372 0.0131071 9.9982E-05
0.590602 9.9973E-05 0.154526 0.223705 0.0308667 9.9973E-05 9.9973E-05
0.265595 0.0499377 9.9973E-05 0.540458 0.14371 9.9973E-05 9.9973E-05
0.29242 9.9982E-05 0.0692314 0.118862 0.0412526 0.478035 9.9982E-05
0.172057 9.9991E-05 0.0949417 0.24124 0.276319 0.185978 0.0293638
0.181611 0.118605 0.225318 0.157485 0.0464375 0.270445 9.9991E-05
0.169315 0.0128908 0.44837 0.0939329 9.9991E-05 0.226167 0.0492247
0.338779 0.107571 0.309854 0.0170884 0.0712924 0.155316 9.9991E-05
0.174079 0.170259 0.0561739 0.0804319 0.170003 0.302439 0.0466149
0.172954 0.044768 0.370621 9.9991E-05 0.0568585 0.277456 0.0772432
0.241351 0.0224605 9.9982E-05 0.0958471 0.146402 0.493739 9.9982E-05
0.32703 9.9982E-05 0.427587 9.9982E-05 0.0162868 0.214274 0.0146217
0.0175408 0.0145226 0.671613 0.132133 9.9991E-05 0.0741959 0.0898947
0.182575 0.0387885 0.196938 0.29132 9.9991E-05 0.16845 0.121829
0.234799 9.9991E-05 0.357339 0.0118438 0.184369 0.144487 0.0670626
0.243508 9.9982E-05 0.165651 0.0345228 0.175884 0.380234 9.9982E-05
0.609372 9.9973E-05 0.334042 0.024597 9.9973E-05 0.0316893 9.9973E-05
0.836386 0.00468034 9.9973E-05 0.0646696 9.9973E-05 0.0939642 9.9973E-05
0.601223 9.9964E-05 9.9964E-05 0.355069 0.0433079 9.9964E-05 9.9964E-05
0.593175 9.9964E-05 9.9964E-05 0.400828 0.00559781 9.9964E-05 9.9964E-05
0.773484 9.9964E-05 0.0575267 0.168589 9.9964E-05 9.9964E-05 9.9964E-05
0.661904 9.9982E-05 0.138011 9.9982E-05 0.0299042 0.0689689 0.101011
0.662093 9.9982E-05 0.154013 0.0283801 0.0648675 9.9982E-05 0.0904459
0.7357 0.0653083 9.9973E-05 0.0772534 9.9973E-05 0.121438 9.9973E-05
0.727855 0.00605268 9.9982E-05 0.045477 9.9982E-05 0.201575 0.0188408
0.835871 0.0310367 0.0245198 0.0554327 0.00879149 0.0319691 0.0123787
0.602334 0.0330285 0.216722 0.0516815 0.0449012 0.0512328 9.9991E-05
0.61955 0.0248501 0.189299 0.166001 9.9973E-05 9.9973E-05 9.9973E-05
0.427847 9.9964E-05 9.9964E-05 0.435761 0.135992 9.9964E-05 9.9964E-05
0.0636902 0.809511 0.0269611 9.9982E-05 9.9982E-05 0.0642557 0.0353823
9.9955E-05 0.923342 0.0761585 9.9955E-05 9.9955E-05 9.9955E-05 9.9955E-05
0.0502926 0.864947 0.0530673 9.9982E-05 0.00911529 9.9982E-05 0.0223775
9.9973E-05 0.897042 0.0401739 9.9973E-05 0.0371017 9.9973E-05 0.025383
0.0599369 0.853585 9.9982E-05 0.0098532 0.0259166 9.9982E-05 0.0505084
0.0349746 0.826042 9.9973E-05 9.9973E-05 0.0561069 9.9973E-05 0.0825771
9.9964E-05 0.938337 0.0520914 9.9964E-05 0.00917194 9.9964E-05 9.9964E-05
0.574371 9.9964E-05 9.9964E-05 0.367289 9.9964E-05 0.0579404 9.9964E-05
0.633409 0.0835676 0.180767 0.0566544 9.9991E-05 0.0331289 0.0123726
0.445208 0.0384579 0.452521 0.051389 9.9982E-05 9.9982E-05 0.0122246
0.358054 0.0482444 0.494391 0.0625826 0.0140836 0.0171508 0.00549317
0.525368 9.9973E-05 0.155817 0.157602 9.9973E-05 9.9973E-05 0.160914
0.523823 9.9964E-05 9.9964E-05 0.271271 9.9964E-05 0.204506 9.9964E-05
0.531466 9.9982E-05 0.145885 0.127844 0.189911 0.00469373 9.9982E-05
0.368086 0.02307 0.398006 0.153205 9.9982E-05 9.9982E-05 0.0574316
0.530748 0.00961936 0.341637 0.025924 0.0787969 0.0131752 9.9991E-05
0.578462 9.9973E-05 0.119085 0.194253 9.9973E-05 9.9973E-05 0.1079
0.63409 0.106289 0.207922 0.0513987 9.9973E-05 9.9973E-05 9.9973E-05
0.0929412 9.9982E-05 0.312041 0.18913 0.0840499 0.321638 9.9982E-05
9.9991E-05 0.150426 0.407244 0.0136645 0.0688137 0.310731 0.0490204
0.0814985 0.0774417 0.496669 0.0841194 0.0131394 0.247032 9.9991E-05
0.0306819 0.0353295 0.625137 9.9982E-05 0.101131 0.207521 9.9982E-05
0.118354 0.0590803 0.487973 0.0454543 9.9991E-05 0.278177 0.0108606
0.179071 0.0150386 0.531198 9.9991E-05 0.100789 0.140726 0.0330772
0.189723 9.9964E-05 0.471859 9.9964E-05 9.9964E-05 0.338018 9.9964E-05
0.202028 9.9982E-05 0.44661 0.0383299 9.9982E-05 0.2073 0.105533
9.9973E-05 9.9973E-05 0.594743 0.140389 9.9973E-05 0.183106 0.0814622
0.0332193 0.0897379 0.446381 0.0579437 0.133446 0.239172 9.9991E-05
0.0225772 0.0398015 0.678497 0.0374659 0.000144578 0.151885 0.0696291
9.9982E-05 0.0223188 0.829382 0.0658168 0.025837 0.0564456 9.9982E-05
0.210836 0.0342092 0.218674 0.164958 9.9991E-05 0.303459 0.0677643
9.9982E-05 9.9982E-05 0.209301 0.234263 0.239544 0.241337 0.0753546
0.0579741 9.9991E-05 0.129776 0.359724 0.105287 0.289699 0.0574386
0.147456 0.0201145 0.30005 0.113049 9.9991E-05 0.40362 0.015609
0.181217 0.0217736 0.445981 0.0427485 0.0319676 0.276212 9.9991E-05
0.339415 0.000158897 0.268179 9.9973E-05 9.9973E-05 0.391947 9.9973E-05
0.247851 9.9982E-05 0.229436 0.0657159 9.9982E-05 0.433782 0.0230143
0.257683 0.10298 0.598262 9.9982E-05 0.00219618 0.0386792 9.9982E-05
0.153866 9.9982E-05 0.231623 0.137687 0.18151 0.295114 9.9982E-05
0.195254 0.0518046 0.405524 0.0511197 0.169403 0.0802154 0.0466784
0.00157095 0.101005 0.0942635 0.278747 0.357584 0.166731 9.9991E-05
0.17851 0.0474721 0.246389 0.104251 0.188382 0.173952 0.0610434
0.0938148 0.132658 0.393659 0.0943843 0.115813 0.0887134 0.0809573
0.21129 9.9982E-05 0.234279 0.0890002 0.375027 0.0902035 9.9982E-05
9.9982E-05 0.00471782 0.303327 0.167573 0.32015 0.204032 9.9982E-05
0.134128 0.0200242 0.477408 0.0997532 0.138533 0.125278 0.00487594
0.17301 0.0347087 0.00254089 0.234871 0.321213 0.0930058 0.140651
0.272059 9.9982E-05 0.315191 0.135383 0.147333 0.129835 9.9982E-05
0.2845 9.9982E-05 0.381542 0.148042 0.134593 0.0511229 9.9982E-05
0.0633241 0.228914 0.121702 9.9991E-05 0.32417 0.037945 0.223846
9.9973E-05 0.438366 9.9973E-05 0.0117004 0.44551 9.9973E-05 0.104123
9.9973E-05 0.278321 9.9973E-05 0.0557789 0.567131 9.9973E-05 0.0984691
9.9973E-05 0.292127 0.0959238 9.9973E-05 0.275674 9.9973E-05 0.335976
0.0100662 9.9982E-05 0.774465 0.0423399 0.1606 0.0123281 9.9982E-05
0.0629921 9.9973E-05 0.20415 9.9973E-05 9.9973E-05 0.0210575 0.7115
0.0242429 9.9973E-05 0.360677 0.333812 0.280968 9.9973E-05 9.9973E-05
9.9973E-05 9.9973E-05 0.273842 0.407125 0.308858 0.00987437 9.9973E-05
0.315338 9.9991E-05 0.389986 0.0922266 0.180964 0.00586344 0.0155214
0.0896186 9.9973E-05 0.534752 0.152898 0.222431 9.9973E-05 9.9973E-05
0.121746 9.9982E-05 0.578432 9.9982E-05 0.253558 0.0354067 0.0106562
0.0698935 9.9982E-05 0.270288 0.267619 0.324825 0.0671756 9.9982E-05
0.00871261 9.9964E-05 9.9964E-05 0.0322506 9.9964E-05 9.9964E-05 0.958637
9.9955E-05 9.9955E-05 0.10883 9.9955E-05 9.9955E-05 9.9955E-05 0.89067
0.00846351 9.9973E-05 0.315302 0.00581724 9.9973E-05 9.9973E-05 0.670117
0.169909 0.0515579 0.0206009 9.9982E-05 9.9982E-05 0.00456262 0.753169
9.995E-05 9.995E-05 9.995E-05 9.995E-05 9.995E-05 9.995E-05 0.9994
9.9964E-05 9.9964E-05 9.9964E-05 0.0465939 9.9964E-05 0.0558369 0.897169
9.9955E-05 9.9955E-05 0.212174 9.9955E-05 9.9955E-05 9.9955E-05 0.787326
0.0216926 9.9973E-05 0.0137011 9.9973E-05 9.9973E-05 0.0403933 0.923913
9.995E-05 9.995E-05 9.995E-05 9.995E-05 9.995E-05 9.995E-05 0.9994
9.995E-05 9.995E-05 9.995E-05 9.995E-05 9.995E-05 9.995E-05 0.9994
9.9973E-05 0.005095 0.217076 9.9973E-05 0.054113 9.9973E-05 0.723416
0.0275002 0.0826245 0.130622 9.9973E-05 9.9973E-05 9.9973E-05 0.758953
0.0322896 0.000700874 9.9973E-05 9.9973E-05 9.9973E-05 0.00409711 0.962613
0.00759407 0.14546 0.196701 9.9982E-05 0.0106046 9.9982E-05 0.63944
0.0208912 9.9982E-05 0.114457 9.9982E-05 0.0111104 0.021865 0.831476
9.9964E-05 0.021637 9.9964E-05 0.0228381 9.9964E-05 9.9964E-05 0.955125
0.0477663 0.00238998 9.9982E-05 0.0542973 9.9982E-05 0.0289904 0.866356
9.9955E-05 0.0147252 9.9955E-05 9.9955E-05 9.9955E-05 9.9955E-05 0.984775
0.0626567 0.0602427 0.205882 0.0174523 9.9991E-05 0.0703572 0.583309
0.0497054 0.0747809 9.9973E-05 0.0196997 9.9973E-05 9.9973E-05 0.855514
0.00152193 0.242137 9.9982E-05 0.139618 0.596683 9.9982E-05 0.0198396
0.217185 0.167514 0.333059 9.9982E-05 0.176016 0.106026 9.9982E-05
0.0541801 0.178772 0.507276 0.0356256 0.17006 0.0245581 0.0295283
0.0380482 0.162405 0.202459 0.101846 0.369913 0.0321612 0.0931677
0.133541 0.18052 0.098668 0.0984407 0.358717 9.9991E-05 0.130012
0.0374584 0.0542551 0.412322 9.9982E-05 0.394962 9.9982E-05 0.100803
0.153308 0.138332 0.372455 9.9982E-05 0.195839 9.9982E-05 0.139865
9.9982E-05 0.130044 0.3735 0.0246293 0.344552 9.9982E-05 0.127075
9.9973E-05 0.779035 0.0364604 9.9973E-05 0.111353 0.0728524 9.9973E-05
9.9973E-05 0.896964 0.0369493 0.017037 9.9973E-05 9.9973E-05 0.0487498
9.9964E-05 0.912511 9.9964E-05 9.9964E-05 0.0538006 0.0332887 9.9964E-05
9.9964E-05 0.889437 0.0205678 9.9964E-05 9.9964E-05 0.0895958 9.9964E-05
9.9982E-05 0.838615 0.0495688 9.9982E-05 0.0788402 0.0113917 0.0213848
9.9973E-05 0.858556 9.9973E-05 0.0178947 0.0449507 9.9973E-05 0.078299
0.0174671 0.844228 9.9973E-05 9.9973E-05 9.9973E-05 0.0324308 0.105574
9.9982E-05 0.864689 0.0255722 0.0566948 0.0384506 0.0143935 9.9982E-05
0.0782401 0.902997 9.9964E-05 0.018363 9.9964E-05 9.9964E-05 9.9964E-05
9.9964E-05 0.79102 9.9964E-05 9.9964E-05 0.110504 9.9964E-05 0.0980756
9.9973E-05 0.609698 9.9973E-05 0.14829 9.9973E-05 0.219265 0.0224471
0.00562302 0.577383 9.9982E-05 0.0901871 9.9982E-05 0.322981 0.00362574
9.9973E-05 0.512181 9.9973E-05 0.159766 0.0736598 0.254093 9.9973E-05
9.9964E-05 0.487631 9.9964E-05 0.160017 9.9964E-05 0.351952 9.9964E-05
0.38959 0.0236028 0.382858 0.0771633 9.9991E-05 0.0698357 0.0568501
0.414779 0.0493664 0.328483 9.9991E-05 0.0476668 0.120264 0.0393403
0.183421 9.9982E-05 0.412653 0.0708978 0.0913413 0.241486 9.9982E-05
0.273735 0.0170817 0.137634 0.0162185 9.9991E-05 0.539006 0.0162246
0.280581 0.0729574 0.635539 0.000810394 9.9982E-05 9.9982E-05 0.00991195
0.303183 0.0159127 0.548627 0.123866 9.9982E-05 0.00821158 9.9982E-05
0.437683 0.0096064 0.342909 0.0711523 0.0852139 0.0533357 9.9991E-05
0.560505 9.9982E-05 0.171598 0.212816 0.00926869 9.9982E-05 0.0456123
0.486253 0.0512214 0.233692 0.106246 0.0191343 0.0362163 0.0672365
0.312049 9.9964E-05 9.9964E-05 0.636305 9.9964E-05 0.0512456 9.9964E-05
0.495446 9.9973E-05 0.0923563 0.298226 0.113672 9.9973E-05 9.9973E-05
0.41054 9.9991E-05 0.331663 0.135241 0.019283 0.00815118 0.0950222
0.639578 0.0262047 9.9973E-05 0.192965 9.9973E-05 0.140952 9.9973E-05
9.9964E-05 0.0836321 9.9964E-05 9.9964E-05 0.0767593 0.839209 9.9964E-05
9.9991E-05 0.070405 0.0443653 0.00724236 0.0144095 0.829054 0.034424
9.9955E-05 0.0488904 9.9955E-05 9.9955E-05 9.9955E-05 0.95061 9.9955E-05
9.9964E-05 0.0973391 9.9964E-05 0.0572542 9.9964E-05 0.845007 9.9964E-05
0.0639978 9.9973E-05 9.9973E-05 9.9973E-05 0.0321428 0.882564 0.0209953
9.9964E-05 0.0347237 9.9964E-05 9.9964E-05 9.9964E-05 0.837878 0.126998
9.9955E-05 0.878095 0.121405 9.9955E-05 9.9955E-05 9.9955E-05 9.9955E-05
9.9973E-05 0.791235 0.109907 9.9973E-05 0.00662434 0.091934 9.9973E-05
9.9982E-05 0.747453 0.0991964 0.0109647 9.9982E-05 0.0145354 0.12765
9.9973E-05 0.761023 0.136297 9.9973E-05 9.9973E-05 0.0409084 0.0614723
9.9973E-05 0.746363 0.174311 9.9973E-05 0.0543171 9.9973E-05 0.0247095
0.0178683 0.361815 9.9982E-05 0.0755583 0.00550165 0.539056 9.9982E-05
0.0113112 0.445471 9.9982E-05 0.130224 0.0290044 0.38379 9.9982E-05
0.0207406 0.42473 9.9982E-05 0.118008 9.9982E-05 0.431807 0.00451433
9.9973E-05 0.789348 0.134965 9.9973E-05 9.9973E-05 0.00224331 0.0731435
0.0750032 0.355601 9.9991E-05 0.0587179 0.0264548 0.482055 0.00206836
9.9982E-05 0.157857 0.324599 9.9982E-05 0.193629 0.0272633 0.296451
0.0454614 0.203693 0.489116 9.9982E-05 0.0128618 9.9982E-05 0.248668
0.0124499 0.188659 0.379577 0.0227145 0.144587 0.0534361 0.198576
9.9973E-05 0.336136 9.9973E-05 0.0294908 0.329704 9.9973E-05 0.304369
0.217104 0.0310641 0.448548 0.0342657 9.9991E-05 0.263424 0.00549486
0.0306802 9.9982E-05 0.453879 0.138312 0.158968 0.217961 9.9982E-05
0.11779 0.0799799 0.31485 9.9973E-05 9.9973E-05 0.487079 9.9973E-05
0.156137 9.9973E-05 0.569217 0.149524 9.9973E-05 0.124822 9.9973E-05
9.9964E-05 9.9964E-05 9.9964E-05 0.563433 0.161615 0.274552 9.9964E-05
0.194285 0.00836385 0.556466 0.0244078 0.0234721 0.192906 9.9991E-05
0.176998 0.0159094 0.315022 0.0250484 0.120459 0.346464 9.9991E-05
0.160635 9.9982E-05 0.100841 0.249215 0.302341 0.186768 9.9982E-05
9.9982E-05 9.9982E-05 0.548198 0.181978 0.142217 0.0762003 0.0512063
0.185356 9.9991E-05 0.508265 0.0012288 0.0215027 0.28098 0.00256757
0.25669 0.131492 0.283344 9.9991E-05 0.111646 0.0477703 0.168958
0.0285542 9.9991E-05 0.486362 0.160373 0.0268747 0.290393 0.00734335
0.127841 0.0711047 0.526003 0.119891 9.9982E-05 0.154961 9.9982E-05
0.103944 9.9991E-05 0.491201 0.124905 0.0235622 0.118328 0.13796
0.192244 9.9973E-05 0.545385 9.9973E-05 0.119975 0.142096 9.9973E-05
0.102442 0.0429464 0.651098 0.0541234 0.0691534 0.0801362 9.9991E-05
9.9964E-05 0.800136 0.161626 9.9964E-05 9.9964E-05 9.9964E-05 0.037838
0.0391713 0.866346 0.0570385 0.0371446 9.9973E-05 9.9973E-05 9.9973E-05
9.9973E-05 0.760828 0.127055 0.0640864 9.9973E-05 0.0477305 9.9973E-05
0.0854002 0.793671 0.015936 0.073131 9.9991E-05 0.0285896 0.00317248
9.9964E-05 0.839889 0.155481 9.9964E-05 9.9964E-05 0.00422995 9.9964E-05
0.222408 0.0127531 0.207221 9.9982E-05 0.104252 0.453166 9.9982E-05
0.227522 0.0281215 0.584263 9.9982E-05 9.9982E-05 0.0931076 0.0667866
0.236853 0.0736496 0.469456 9.9982E-05 9.9982E-05 0.19931 0.0205307
9.9982E-05 9.9982E-05 0.333539 0.147146 0.186945 0.310428 0.0217413
0.0942659 0.136095 0.0220664 0.0611979 0.117333 0.568941 9.9991E-05
0.203545 0.0296174 0.428331 0.0281671 9.9991E-05 0.246877 0.0633627
0.11682 0.0542104 0.188112 0.0644495 9.9991E-05 0.522062 0.0542458
0.182348 0.0560443 0.456585 0.0998555 0.0680495 0.137018 9.9991E-05
0.0166486 0.159247 0.249928 0.146843 9.9991E-05 0.403173 0.0240606
0.113535 9.9991E-05 0.139895 0.0861495 0.116749 0.515628 0.0279426
0.0467065 0.0229821 0.367688 0.167039 0.0698473 0.270073 0.0556647
0.0759882 9.9982E-05 0.352553 0.0941363 0.389464 0.0876584 9.9982E-05
0.0793364 0.06018 0.605387 0.0104652 0.106041 0.138491 9.9991E-05
0.137844 9.9982E-05 0.297705 0.139386 0.344539 0.0803261 9.9982E-05
0.0994449 0.0730648 0.550015 0.142394 0.0642283 0.0707538 9.9991E-05
0.135883 9.9982E-05 0.0760104 0.309448 0.367849 0.11061 9.9982E-05
0.12455 9.9982E-05 0.28003 0.141517 0.404069 0.0496337 9.9982E-05
0.0630206 0.040724 0.492701 0.120219 0.180845 0.10239 9.9991E-05
0.239897 9.9982E-05 0.0880123 0.263665 0.353083 0.0551435 9.9982E-05
0.19237 9.9982E-05 0.442541 0.00639043 0.194319 0.164179 9.9982E-05
0.155513 9.9991E-05 0.119838 0.0836944 0.0166339 0.595654 0.028567
9.9982E-05 9.9982E-05 0.27494 0.239963 0.0338491 0.409116 0.0419323
0.174005 0.00153003 0.264893 0.00760343 9.9991E-05 0.400905 0.150963
0.269514 9.9982E-05 0.51004 9.9982E-05 0.0577013 0.14443 0.0181148
0.266914 9.9982E-05 0.225378 0.0630901 0.0493045 0.395113 9.9982E-05
0.108403 0.0442938 0.409396 0.0665816 9.9991E-05 0.256154 0.115072
0.177318 0.042793 0.437397 0.0306451 9.9991E-05 0.277111 0.0346354
0.322315 9.9973E-05 0.181929 9.9973E-05 9.9973E-05 0.401315 0.0941403
0.137201 9.9982E-05 0.26689 0.0672888 9.9982E-05 0.400788 0.127632
0.157604 9.9982E-05 0.556855 0.00934054 9.9982E-05 0.198426 0.0775742
0.0260384 0.029449 0.457175 0.103949 0.154816 0.202573 0.0260001
0.0733145 9.9991E-05 0.594924 0.0644015 0.0318333 0.194461 0.0409662
0.0823156 0.059249 0.43187 0.0150136 0.00390131 0.372771 0.0348788
0.252353 0.0339819 0.463213 9.9982E-05 9.9982E-05 0.145203 0.10505
0.103505 0.269935 0.412031 9.9982E-05 0.154045 9.9982E-05 0.0602843
0.0498498 0.114487 0.470284 0.0501155 0.0845739 9.9991E-05 0.23059
0.120586 0.0940148 0.593865 0.0139923 0.0424198 9.9991E-05 0.135022
0.0103835 0.209508 0.440561 0.0743794 0.0940248 9.9991E-05 0.171044
0.0242915 9.9982E-05 0.594539 0.146951 0.0849332 0.149086 9.9982E-05
0.0379184 0.101458 0.0902202 0.15217 0.505954 0.027767 0.0845124
9.9982E-05 0.0399475 0.542796 9.9982E-05 0.189355 0.0695688 0.158133
0.109048 0.047134 0.356782 0.058709 0.0909478 0.100737 0.236642
0.161906 0.155541 0.222573 0.0280199 0.233704 0.089623 0.108634
0.0231999 0.177772 0.597866 9.9991E-05 0.0241163 0.049211 0.127735
9.9973E-05 0.375181 9.9973E-05 0.102698 0.350244 9.9973E-05 0.171577
0.0635006 0.168787 0.47466 9.9982E-05 0.143879 9.9982E-05 0.148974
0.177941 0.200458 0.391527 9.9991E-05 0.0792841 0.0400599 0.11063
0.0899263 0.060995 0.477102 0.336562 9.9991E-05 0.00483082 0.030484
9.9973E-05 9.9973E-05 0.148151 0.796255 9.9973E-05 0.0394761 0.0158178
9.9973E-05 0.012972 0.153973 0.818558 9.9973E-05 0.014197 9.9973E-05
9.9991E-05 0.120815 0.422415 0.0751026 0.0543751 0.0311805 0.296012
9.9982E-05 0.0305475 0.326836 0.194762 0.0230751 9.9982E-05 0.42458
0.0671207 0.229584 0.234877 0.0912182 0.164869 9.9991E-05 0.212231
0.0399299 0.173026 0.349926 0.0700222 0.115565 9.9991E-05 0.251431
9.9982E-05 0.0248195 0.20753 0.489507 0.184718 9.9982E-05 0.0932256
9.9982E-05 0.0914506 0.313125 0.460584 0.101084 9.9982E-05 0.0335563
9.9982E-05 0.00605686 0.589689 0.246722 9.9982E-05 0.0156277 0.141705
9.9973E-05 0.0278763 0.573868 0.292049 9.9973E-05 9.9973E-05 0.105906
9.9973E-05 0.0667578 0.322006 0.520097 9.9973E-05 9.9973E-05 0.0908391
0.0770664 0.096652 0.611651 0.133627 9.9982E-05 9.9982E-05 0.080804
9.9973E-05 0.0462022 0.620355 0.265995 9.9973E-05 9.9973E-05 0.0671481
9.9973E-05 0.00721305 0.506802 0.394402 9.9973E-05 0.091283 9.9973E-05
0.0331796 0.0368735 0.543936 0.367517 9.9982E-05 0.0182933 9.9982E-05
9.9973E-05 0.0913604 0.48301 0.270144 9.9973E-05 0.155186 9.9973E-05
0.0572555 9.9982E-05 0.580422 0.265685 0.0753448 0.0210928 9.9982E-05
9.9955E-05 9.9955E-05 0.390366 0.609135 9.9955E-05 9.9955E-05 9.9955E-05
0.106539 0.0310859 0.635422 0.163216 9.9982E-05 9.9982E-05 0.0635376
9.9982E-05 0.0100414 0.358128 0.572785 9.9982E-05 0.0507819 0.00806373
9.9973E-05 0.0107034 0.543294 0.400738 9.9973E-05 0.0449654 9.9973E-05
0.135926 0.137329 0.301341 9.9982E-05 0.221749 9.9982E-05 0.203455
0.117114 0.14331 0.317157 0.0995527 0.0752019 0.0536318 0.194032
9.9982E-05 0.226048 0.0452759 0.562604 0.0157477 9.9982E-05 0.150125
0.0730819 0.106644 0.654912 0.0250796 0.0114817 9.9991E-05 0.128701
9.9973E-05 0.322875 9.9973E-05 0.321296 0.201106 9.9973E-05 0.154423
9.9973E-05 0.0687019 0.522511 0.216989 9.9973E-05 9.9973E-05 0.191498
9.9955E-05 9.9955E-05 0.229489 0.770011 9.9955E-05 9.9955E-05 9.9955E-05
9.9973E-05 9.9973E-05 0.124058 0.863702 9.9973E-05 0.0115704 0.000369684
0.0508082 0.00487008 0.620197 0.323825 9.9973E-05 9.9973E-05 9.9973E-05
0.0367277 9.9964E-05 0.717844 0.245029 9.9964E-05 9.9964E-05 9.9964E-05
9.9955E-05 9.9955E-05 0.5336 0.465901 9.9955E-05 9.9955E-05 9.9955E-05
0.101896 0.0350161 0.55137 0.311418 9.9973E-05 9.9973E-05 9.9973E-05
9.9955E-05 9.9955E-05 0.633896 0.365604 9.9955E-05 9.9955E-05 9.9955E-05
0.017499 0.773023 0.133355 0.0298621 0.00419594 0.0165736 0.025492
9.9973E-05 0.70681 9.9973E-05 9.9973E-05 0.0525288 0.145125 0.095236
9.9964E-05 0.884822 9.9964E-05 9.9964E-05 9.9964E-05 0.0418616 0.0729162
9.9955E-05 0.928165 0.0713356 9.9955E-05 9.9955E-05 9.9955E-05 9.9955E-05
0.355804 0.0857941 0.379949 0.131608 0.011474 0.0179672 0.0174029
0.619118 0.0538262 0.205477 0.0832527 9.9982E-05 0.0381266 9.9982E-05
0.634204 0.0331959 0.038365 0.108891 0.0139499 0.167168 0.00422664
0.484448 9.9982E-05 0.354986 0.0196609 9.9982E-05 0.0220383 0.118667
0.371518 9.9973E-05 0.289952 0.24318 0.0950495 9.9973E-05 9.9973E-05
9.9982E-05 0.239691 0.474552 0.0668544 0.0438728 9.9982E-05 0.174829
0.530998 9.9991E-05 0.217311 0.0927403 0.109478 0.0295424 0.0198312
0.546023 9.9991E-05 0.157454 0.0629575 0.019462 0.17805 0.0359544
0.403283 9.9982E-05 0.380937 0.113448 9.9982E-05 0.0313743 0.0707584
0.548893 0.0296723 0.255666 0.0819565 0.0250089 0.058704 9.9991E-05
0.367768 9.9964E-05 0.505196 0.126637 9.9964E-05 9.9964E-05 9.9964E-05
0.635191 9.9955E-05 9.9955E-05 0.364309 9.9955E-05 9.9955E-05 9.9955E-05
0.497222 9.9973E-05 0.170968 0.234805 0.096705 9.9973E-05 9.9973E-05
0.494184 9.9973E-05 0.182386 0.254731 9.9973E-05 9.9973E-05 0.0683996
0.435922 9.9964E-05 9.9964E-05 0.548141 0.015537 9.9964E-05 9.9964E-05
0.628262 0.0243497 0.234791 9.9982E-05 0.050627 0.0617698 9.9982E-05
0.431273 9.9964E-05 9.9964E-05 0.320165 0.248162 9.9964E-05 9.9964E-05
0.373038 9.9964E-05 9.9964E-05 0.527811 0.0987515 9.9964E-05 9.9964E-05
0.52437 0.0252109 0.304532 9.9982E-05 0.0542792 9.9982E-05 0.0914078
0.701825 0.00912421 0.049197 0.193809 9.9991E-05 0.0434441 0.00250088
0.558416 0.0185305 0.226562 0.0351996 0.0137904 0.066716 0.0807853
0.60171 0.0273002 0.200984 0.0182964 9.9991E-05 0.0832406 0.0683688
9.9982E-05 9.9982E-05 0.469995 0.109951 0.160614 0.243557 0.0156826
0.578922 0.0218004 0.343225 0.0382956 9.9982E-05 0.0175575 9.9982E-05
0.405998 0.0405983 0.33956 0.0856333 9.9991E-05 0.0741264 0.0539837
0.609812 9.9964E-05 0.133666 0.256122 9.9964E-05 9.9964E-05 9.9964E-05
0.0159398 0.70912 9.9982E-05 0.014576 0.0188602 0.241304 9.9982E-05
0.0918407 0.716833 9.9991E-05 0.0689577 0.0241228 0.0908683 0.00727793
9.9964E-05 0.797717 9.9964E-05 0.0825223 9.9964E-05 0.11936 9.9964E-05
9.9982E-05 0.802548 9.9982E-05 0.0333577 0.0103851 0.145813 0.0076964
0.0443427 0.697058 9.9973E-05 9.9973E-05 0.088001 0.170299 9.9973E-05
0.829539 0.041232 9.9973E-05 0.0717592 9.9973E-05 0.0571699 9.9973E-05
0.727605 0.0770564 9.9973E-05 0.123017 9.9973E-05 0.0720218 9.9973E-05
0.697948 9.9955E-05 9.9955E-05 0.301552 9.9955E-05 9.9955E-05 9.9955E-05
0.667028 9.9982E-05 0.0366396 0.191218 0.052242 9.9982E-05 0.0526722
0.450937 0.000309344 0.40845 0.0403915 0.0148959 0.0243293 0.0606867
0.47881 0.0910383 0.189092 0.151337 0.0568612 9.9991E-05 0.0327614
0.553094 9.9991E-05 0.337526 0.0110936 0.0392436 0.052641 0.00630124
0.769093 9.9973E-05 0.041503 0.121991 9.9973E-05 0.0671127 9.9973E-05
0.874436 9.9973E-05 0.0583702 0.014528 9.9973E-05 0.0523657 9.9973E-05
0.832012 0.016855 0.0826506 0.00676503 9.9982E-05 0.0615173 9.9982E-05
0.16596 0.078843 0.58022 0.0182891 0.149682 0.00528977 0.0017153
0.665195 0.0104549 0.226202 0.0761561 9.9982E-05 0.0217917 9.9982E-05
0.572792 0.0795858 0.251571 0.0380022 0.0127721 0.0451769 9.9991E-05
0.0109521 0.0206621 0.42957 9.9991E-05 0.0888361 0.00762387 0.442256
0.0281281 0.100816 0.345748 9.9982E-05 0.0823211 9.9982E-05 0.442786
0.456931 0.0476284 0.245896 0.061417 0.134875 0.0130186 0.0402344
9.9973E-05 0.244868 0.14511 9.9973E-05 0.0413654 9.9973E-05 0.568357
0.0303234 0.242733 0.264468 9.9973E-05 9.9973E-05 9.9973E-05 0.462176
0.117678 0.084025 0.450039 9.9982E-05 0.268393 9.9982E-05 0.0796645
0.122666 0.0713113 0.522059 9.9982E-05 0.265347 0.0184174 9.9982E-05
0.213515 0.0923405 0.415501 9.9991E-05 0.204291 0.055747 0.0185052
0.028043 0.176946 0.32625 9.9982E-05 0.008323 9.9982E-05 0.460239
9.9973E-05 0.0897068 0.462462 9.9973E-05 0.0310794 9.9973E-05 0.416452
0.0335909 0.136158 0.317627 9.9991E-05 0.0226885 0.0202177 0.469618
9.9982E-05 0.130256 0.368582 0.0350987 0.0547632 9.9982E-05 0.4111
0.144697 0.0884508 0.479985 0.0162341 0.232828 0.037706 9.9991E-05
0.0195451 0.192461 0.180507 9.9982E-05 0.0376695 9.9982E-05 0.569617
0.416521 0.127129 0.0707108 9.9982E-05 0.225636 0.159804 9.9982E-05
0.124811 9.9973E-05 0.667052 9.9973E-05 0.178025 9.9973E-05 0.0298131
0.188003 0.0819099 0.513347 9.9991E-05 0.123719 0.0681175 0.0248034
0.258969 0.118402 0.383399 0.0100018 0.229029 9.9982E-05 9.9982E-05
0.205224 0.26907 0.275696 0.0197921 9.9991E-05 0.0202086 0.209909
0.0273118 0.232036 0.380784 0.0201589 0.112573 9.9991E-05 0.227036
9.9973E-05 0.214673 0.235532 9.9973E-05 0.0419637 9.9973E-05 0.507532
0.190507 0.0781343 0.476335 9.9982E-05 0.168668 0.086156 9.9982E-05
9.9973E-05 0.0858214 0.303246 0.174551 0.436082 9.9973E-05 9.9973E-05
0.139071 0.118691 0.386541 0.0497044 0.102837 0.169641 0.0335156
0.132032 0.214313 0.447883 9.9991E-05 0.131745 0.000534128 0.0733926
0.013269 0.130274 9.9982E-05 9.9982E-05 0.726968 0.0163733 0.112915
9.9964E-05 0.127257 9.9964E-05 9.9964E-05 0.829695 9.9964E-05 0.0426478
9.9991E-05 0.0939865 0.337808 0.082151 0.347979 0.0425726 0.0954028
0.0715887 0.176636 0.033957 9.9982E-05 0.587594 9.9982E-05 0.130025
9.9964E-05 0.227047 9.9964E-05 9.9964E-05 0.651755 9.9964E-05 0.120798
0.0495504 0.0491271 0.364797 0.00313402 0.276328 0.0978405 0.159224
0.116539 0.168264 0.332763 0.0500091 0.186197 0.0314993 0.114729
0.0999905 0.187033 0.184499 9.9991E-05 0.399705 0.00828786 0.120384
0.0725854 0.119794 9.9973E-05 9.9973E-05 0.682244 9.9973E-05 0.125077
0.153583 0.0417426 0.397645 9.9991E-05 0.260422 0.012957 0.13355
0.256315 0.0722024 9.9973E-05 9.9973E-05 0.541155 9.9973E-05 0.130028
9.9955E-05 0.152728 9.9955E-05 9.9955E-05 0.846772 9.9955E-05 9.9955E-05
0.0574122 0.0566812 0.278056 9.9991E-05 0.325988 0.05158 0.230183
0.121065 0.2249 0.354289 9.9991E-05 0.0846083 0.0230812 0.191957
0.0718951 0.130966 0.486149 9.9982E-05 0.00665236 9.9982E-05 0.304137
0.146774 0.130011 0.393926 9.9982E-05 0.106412 9.9982E-05 0.222677
0.139482 0.359802 0.252152 9.9991E-05 0.036753 0.0458551 0.165856
0.06565 0.191413 0.57281 9.9991E-05 0.00506605 0.0235137 0.141447
0.213668 0.231456 0.238888 9.9982E-05 0.0164951 9.9982E-05 0.299293
0.0101173 0.25197 0.396461 0.0248958 0.0259721 0.0333201 0.257264
0.248004 0.178434 0.181268 0.0850133 0.0221636 0.117873 0.167244
0.0701894 0.192022 0.353139 9.9991E-05 0.162369 0.00282798 0.219353
0.0434088 0.32849 0.13116 0.0827335 0.207444 9.9991E-05 0.206664
9.9991E-05 0.231309 0.276948 0.0118713 0.168158 0.00689458 0.304718
0.0345164 0.77974 9.9982E-05 0.000272693 0.0471624 0.138109 9.9982E-05
0.0267339 9.9991E-05 0.0654734 0.0325238 0.0541647 0.78312 0.0378845
9.9964E-05 0.0210015 9.9964E-05 0.00379241 9.9964E-05 0.974806 9.9964E-05
9.9955E-05 0.0215061 9.9955E-05 9.9955E-05 9.9955E-05 0.977994 9.9955E-05
9.9955E-05 9.9955E-05 9.9955E-05 9.9955E-05 9.9955E-05 0.959044 0.040456
9.9964E-05 9.9964E-05 0.0356902 9.9964E-05 9.9964E-05 0.917411 0.0464992
0.0148435 9.9964E-05 0.0851045 9.9964E-05 9.9964E-05 0.899652 9.9964E-05
0.0252298 0.0322948 9.9964E-05 9.9964E-05 9.9964E-05 0.942076 9.9964E-05
9.9964E-05 0.205284 9.9964E-05 9.9964E-05 9.9964E-05 0.75426 0.0400567
0.0161032 0.871486 0.0453826 9.9982E-05 0.0436496 9.9982E-05 0.0231785
0.0527225 0.801583 0.0588567 9.9973E-05 9.9973E-05 0.0865375 9.9973E-05
0.0533924 0.884563 9.9973E-05 0.0237911 9.9973E-05 9.9973E-05 0.0379538
9.9973E-05 0.75115 9.9973E-05 9.9973E-05 0.0714658 0.164874 0.0122108
0.0175337 0.869394 9.9982E-05 9.9982E-05 0.040475 0.0325769 0.03982
9.9973E-05 0.882141 9.9973E-05 0.00202158 9.9973E-05 0.0885727 0.0269652
0.0727179 0.701557 9.9982E-05 9.9982E-05 0.0337978 0.0434745 0.148253
0.06986 0.829093 9.9982E-05 9.9982E-05 0.0064622 0.0219849 0.0724002
0.0579541 0.649361 0.02965 0.0268107 0.0249548 0.104167 0.107103
9.9964E-05 0.883079 9.9964E-05 0.0530421 9.9964E-05 9.9964E-05 0.0634792
9.9955E-05 0.948907 9.9955E-05 0.0505934 9.9955E-05 9.9955E-05 9.9955E-05
0.0225237 0.845526 0.0601144 9.9982E-05 9.9982E-05 0.0203875 0.0512489
9.9964E-05 0.92727 9.9964E-05 9.9964E-05 0.0493057 9.9964E-05 0.0230244
9.9982E-05 0.874543 0.0300656 9.9982E-05 0.0575275 0.0168145 0.0208491
0.0774795 0.864064 9.9964E-05 9.9964E-05 9.9964E-05 9.9964E-05 0.0580568
0.0102253 0.817736 0.0666462 9.9982E-05 0.004967 9.9982E-05 0.100226
9.9973E-05 0.728985 0.0444538 9.9973E-05 0.0564499 9.9973E-05 0.169812
0.0866957 0.793521 0.0101495 9.9973E-05 9.9973E-05 9.9973E-05 0.109334
0.0256079 0.810675 0.0343697 0.019917 9.9982E-05 9.9982E-05 0.10923
0.167345 0.042776 0.371828 9.9982E-05 0.331807 0.0860441 9.9982E-05
0.10532 9.9973E-05 0.669695 9.9973E-05 0.197412 0.0272736 9.9973E-05
0.170063 9.9973E-05 0.120736 0.226459 0.482442 9.9973E-05 9.9973E-05
0.168125 0.0716699 0.447737 9.9991E-05 0.179219 0.0846722 0.0484775
9.9973E-05 9.9973E-05 0.210663 0.109818 0.637917 0.0413019 9.9973E-05
0.0957497 0.0671281 0.544048 9.9991E-05 0.223584 0.0325655 0.0368244
0.276673 0.0176435 0.37575 9.9982E-05 0.166346 0.163388 9.9982E-05
0.286031 0.0977608 0.322239 9.9982E-05 0.155507 0.138262 9.9982E-05
0.397288 0.0483244 0.392194 0.0677661 0.0227637 0.0715634 9.9991E-05
0.163622 0.0203477 0.45737 9.9982E-05 0.137297 0.221163 9.9982E-05
0.256119 0.108338 0.449596 9.9982E-05 0.146502 0.0392448 9.9982E-05
0.0220545 9.9991E-05 0.0487881 0.354555 0.0238003 0.420399 0.130303
0.00966772 9.9982E-05 0.0422673 0.351604 0.449376 0.146885 9.9982E-05
0.0414454 9.9982E-05 0.227753 0.119521 0.523538 0.0875433 9.9982E-05
0.134455 0.0280486 0.518595 9.9991E-05 0.275272 0.0216189 0.0219099
0.173563 0.0929919 0.46796 0.00735604 0.25793 9.9982E-05 9.9982E-05
0.133314 0.208284 0.362357 9.9982E-05 0.101158 9.9982E-05 0.194687
0.0501429 0.163645 0.506949 9.9991E-05 0.100455 0.0146577 0.16405
0.127503 0.408091 0.0554517 0.0603646 0.0902868 0.128347 0.129956
0.222977 0.211066 0.253615 9.9991E-05 0.00111743 0.131924 0.1792
9.9982E-05 0.270833 9.9982E-05 0.123624 0.43539 0.0156825 0.15427
0.0544538 0.220547 0.273729 0.0258553 0.175518 9.9991E-05 0.249796
0.252399 0.29432 0.166578 9.9982E-05 0.0974228 9.9982E-05 0.189079
0.116679 0.33381 0.360951 9.9982E-05 9.9982E-05 0.0950188 0.0933413
0.117488 0.158933 0.490458 9.9991E-05 0.0912245 0.00710826 0.134688
0.0326765 0.203415 0.405877 0.0468281 0.149304 0.0286177 0.133283
0.201512 0.436144 0.169133 9.9982E-05 0.0718 9.9982E-05 0.121211
