9.9964E-05 0.05687 9.9964E-05 9.9964E-05 9.9964E-05 0.877973 0.0647571
0.0525346 9.9973E-05 0.00491431 9.9973E-05 9.9973E-05 0.92408 0.0181709
9.9982E-05 0.167261 0.0222718 0.00461233 0.00392895 0.801725 9.9982E-05
0.00500762 0.0527488 9.9982E-05 0.0677266 9.9982E-05 0.807382 0.0669345
0.031807 0.086807 9.9964E-05 9.9964E-05 9.9964E-05 0.880986 9.9964E-05
9.9982E-05 0.192048 0.0111153 9.9982E-05 0.118883 0.587088 0.0906658
9.9973E-05 0.0155986 9.9973E-05 9.9973E-05 0.166667 0.812549 0.00488575
0.0747878 0.00109958 9.9991E-05 0.0459645 0.111535 0.690723 0.0757897
9.99729E-05 9.99729E-05 0.0667987 9.99729E-05 0.0126587 0.823166 0.0970772
0.0840385 0.0487079 9.9982E-05 0.0824494 0.105731 0.678873 9.9982E-05
9.9973E-05 0.0302935 9.9973E-05 9.9973E-05 0.214237 0.65282 0.10235
9.9982E-05 0.305465 0.139179 0.0678363 0.0639599 9.9982E-05 0.42336
9.9982E-05 0.579975 9.9982E-05 0.0860613 0.0628471 0.0226363 0.248281
0.157933 0.330578 9.9991E-05 0.00674409 0.0909267 0.0554942 0.358225
0.0627906 0.384165 0.000708009 0.120862 9.9991E-05 0.0904175 0.340957
0.0628036 0.374015 0.047549 0.129962 9.9991E-05 0.159533 0.226038
0.00716615 0.446392 0.0886701 0.146027 0.107102 9.9991E-05 0.204543
9.9982E-05 0.370878 0.0978455 0.0771715 9.9982E-05 0.128202 0.325703
9.9982E-05 0.164039 0.0254243 9.9982E-05 0.190383 0.00693046 0.613023
0.12036 0.422534 0.0924872 0.0579101 9.9991E-05 0.0873726 0.219236
0.0150307 0.412022 0.111221 0.0538179 0.196905 0.0502849 0.160718
0.0412439 0.540347 0.146954 0.0239254 9.9991E-05 0.0445187 0.202912
0.0332184 0.313129 0.162202 0.111371 0.0650105 0.0257825 0.289287
0.0140595 0.54736 0.00806328 0.134913 0.08291 0.00659364 0.2061
9.9991E-05 0.277477 0.11308 0.0870105 0.0606182 0.0428306 0.418884
9.999E-05 0.299449 0.127094 0.170435 0.0287235 0.0328266 0.341372
0.0431756 0.314331 0.049681 0.00536383 0.140543 0.0122284 0.434678
9.9964E-05 0.135559 9.9964E-05 0.0458263 9.9964E-05 0.818215 9.9964E-05
9.9964E-05 0.158268 9.9964E-05 0.0331981 9.9964E-05 0.808134 9.9964E-05
9.999E-05 0.158118 0.0119004 0.0337274 0.000516294 0.780091 0.0155468
9.9973E-05 0.161818 0.0178309 0.0674652 9.9973E-05 0.752586 9.9973E-05
0.0960436 0.6484 0.122687 9.9982E-05 9.9982E-05 0.00185192 0.130818
0.00794033 0.546345 0.367515 0.0237364 9.9991E-05 0.0515866 0.00277643
0.00595034 0.204119 0.127323 0.0469076 0.0324558 0.093022 0.490223
0.0254391 0.31942 0.554074 0.0949664 0.00590054 9.9982E-05 9.9982E-05
9.9973E-05 0.622235 0.23711 0.106115 9.9973E-05 0.0342398 9.9973E-05
0.0503891 0.62527 0.0583429 9.9991E-05 0.0998498 0.118911 0.047137
9.9991E-05 0.602648 0.0875514 0.0342009 0.0923386 0.119433 0.0637274
9.9982E-05 0.224538 0.606853 9.9982E-05 0.0292573 0.0728785 0.066273
9.9982E-05 0.600677 0.138673 0.0401171 0.153281 0.0670519 9.9982E-05
0.0272218 0.341075 0.625805 9.9973E-05 9.9973E-05 9.9973E-05 0.00559862
9.9964E-05 9.9964E-05 0.707619 9.9964E-05 0.290072 0.00190872 9.9964E-05
0.0664272 0.167347 0.276057 9.9982E-05 0.0476219 9.9982E-05 0.442347
0.0921277 0.16337 0.203247 9.9982E-05 0.338603 9.9982E-05 0.202453
0.0891966 0.240936 0.151109 9.9991E-05 0.0869948 0.0766208 0.355042
0.0417591 0.567991 0.0621673 0.0137444 9.9991E-05 0.00697718 0.307261
0.159594 0.386348 0.0229863 0.0074431 0.0851572 0.111525 0.226947
0.0158979 0.100716 0.0807264 0.076266 0.176347 0.16321 0.386837
9.9991E-05 0.375274 0.124229 0.132929 0.0652691 0.0257975 0.276402
0.00459881 0.152778 0.108076 9.9991E-05 0.142632 0.0272526 0.564562
0.0861938 0.510597 0.0929361 0.0127773 0.0711627 9.9991E-05 0.226234
0.0490059 0.565397 0.0960503 0.139412 0.0777866 0.0322688 0.0400789
0.15976 0.273799 0.0937666 0.0807276 0.167777 0.0698712 0.154298
9.9991E-05 0.519853 0.0960044 0.0485379 0.198243 0.0134447 0.123817
0.0699389 0.288206 0.139121 9.9982E-05 0.139731 9.9982E-05 0.362803
9.9964E-05 0.57565 0.406873 9.9964E-05 9.9964E-05 9.9964E-05 0.0170762
9.9973E-05 0.202556 0.68602 0.0341272 9.9973E-05 9.9973E-05 0.0769973
9.9964E-05 9.9964E-05 0.875408 0.0415273 0.0826648 9.9964E-05 9.9964E-05
0.0396135 9.9964E-05 0.9502 9.9964E-05 9.9964E-05 0.0097867 9.9964E-05
9.9955E-05 0.253693 0.745807 9.9955E-05 9.9955E-05 9.9955E-05 9.9955E-05
9.9973E-05 0.440948 0.445234 0.0550586 9.9973E-05 0.0584595 9.9973E-05
9.9982E-05 0.430021 0.477488 0.0437053 9.9982E-05 0.0022912 0.0462944
9.9982E-05 0.198658 0.555169 0.00160722 9.9982E-05 0.0464957 0.19787
9.9973E-05 0.302192 0.48764 9.9973E-05 9.9973E-05 0.0334532 0.176415
9.9982E-05 0.343673 0.526585 0.02486 9.9982E-05 0.0380928 0.0665893
9.9982E-05 0.449251 0.388156 0.0210825 0.0835659 0.0577446 9.9982E-05
0.0128754 0.404915 0.567047 9.9973E-05 0.0148636 9.9973E-05 9.9973E-05
0.0122466 9.9973E-05 0.821694 0.021898 0.143862 9.9973E-05 9.9973E-05
9.9964E-05 0.105386 9.9964E-05 9.9964E-05 9.9964E-05 0.848133 0.0460808
9.9955E-05 0.0837371 9.9955E-05 9.9955E-05 9.9955E-05 0.915763 9.9955E-05
9.9964E-05 0.0837956 9.9964E-05 0.0581916 9.9964E-05 0.857613 9.9964E-05
9.9964E-05 0.0703232 9.9964E-05 9.9964E-05 0.0336943 0.895583 9.9964E-05
0.012077 0.0186528 0.013481 0.0996128 0.0242316 0.831845 9.9991E-05
9.9982E-05 0.00718709 0.0473113 0.0321239 0.0431243 0.870053 9.9982E-05
0.0606421 0.0119558 9.9973E-05 0.0075707 9.9973E-05 0.919531 9.9973E-05
9.9973E-05 0.129825 0.746389 9.9973E-05 9.9973E-05 0.0250601 0.0984262
0.0215188 0.49316 0.424538 9.9982E-05 9.9982E-05 0.0315043 0.0290791
0.0977889 0.554746 0.232759 0.0319217 9.9982E-05 0.082584 9.9982E-05
0.076127 0.580962 0.270998 9.9982E-05 0.0109351 0.0607781 9.9982E-05
9.9982E-05 0.421118 0.43587 0.0843906 0.00968966 0.0487315 9.9982E-05
0.00133328 0.00865975 0.731579 9.9982E-05 9.9982E-05 0.070782 0.187446
9.9964E-05 0.336393 0.436025 9.9964E-05 0.227183 9.9964E-05 9.9964E-05
0.0360475 0.553513 0.3168 9.9982E-05 0.0470333 0.0464061 9.9982E-05
9.9973E-05 0.56555 0.280735 9.9973E-05 9.9973E-05 0.0287282 0.124687
0.0452522 0.268948 0.562381 0.110865 9.9982E-05 9.9982E-05 0.0123539
9.9973E-05 0.472358 0.406458 9.9973E-05 9.9973E-05 0.0629148 0.0579694
0.181363 0.253137 0.150885 9.9991E-05 0.134869 0.023333 0.256314
9.9991E-05 0.422993 0.0178424 0.0710114 0.155058 0.101802 0.231192
9.9973E-05 0.613501 9.9973E-05 9.9973E-05 0.0189758 0.0544196 0.312804
0.0254544 0.583906 0.0844763 0.0839411 0.0385314 0.00392603 0.179765
0.185243 0.49787 0.0261847 9.9982E-05 9.9982E-05 0.0254116 0.265091
0.000842473 0.627469 0.103815 0.0161638 0.0236213 0.0726339 0.155454
0.0715669 0.510789 0.0315949 9.9982E-05 9.9982E-05 0.03392 0.351929
0.115456 0.546235 0.0216872 0.101422 9.9982E-05 9.9982E-05 0.215
0.0498908 0.654981 9.9982E-05 0.0259189 0.0830843 9.9982E-05 0.185925
0.0974973 0.40708 9.9982E-05 9.9982E-05 0.182687 0.0997598 0.212775
0.116995 0.664068 9.9982E-05 0.0122963 9.9982E-05 0.0727384 0.133703
0.0903506 0.638485 9.9982E-05 9.9982E-05 0.049536 0.101579 0.119849
0.0535914 0.272337 0.132526 0.0902973 0.00595924 9.9991E-05 0.445189
0.158955 0.230493 0.0214094 0.00448152 0.310597 9.9991E-05 0.273965
0.206916 0.0755212 0.207782 0.0442884 0.151428 9.9991E-05 0.313964
0.0915815 0.339304 0.111259 9.9991E-05 0.0414323 0.0351485 0.381175
0.0795161 0.472637 0.0610313 9.9991E-05 0.0700792 0.0295908 0.287045
0.110391 0.287009 0.185512 9.9982E-05 9.9982E-05 0.0572108 0.359677
0.0590482 0.431456 0.0979509 0.0258095 9.9982E-05 9.9982E-05 0.385536
0.0596934 0.639638 9.9991E-05 0.0208587 0.0671673 0.087195 0.125348
0.108287 0.251935 0.0784714 0.0697022 0.197238 9.9991E-05 0.294266
0.0316666 0.441623 0.237928 0.0881908 0.0801304 0.0571782 0.063283
0.0939599 0.0119285 0.134614 9.9991E-05 0.398472 0.130015 0.23091
0.0680783 0.299899 0.168816 0.0664938 0.254569 0.0685387 0.0736045
0.0953327 0.539788 9.9991E-05 0.0387644 0.204024 0.0173935 0.104597
9.9973E-05 0.345751 0.0636687 9.9973E-05 0.433697 9.9973E-05 0.156584
0.166874 0.231053 0.0809803 9.9991E-05 0.345745 0.0157124 0.159535
0.162805 0.436537 0.194653 9.9991E-05 0.0457059 0.0750954 0.0851037
0.0443288 0.0488721 0.284575 0.152645 0.331052 0.0709742 0.067554
0.00414312 0.47405 0.166981 9.9982E-05 0.312417 9.9982E-05 0.0422088
0.0437074 0.538742 0.0935441 0.00884103 0.196125 9.9991E-05 0.118941
9.9973E-05 0.171142 9.9973E-05 0.20214 0.316264 0.310154 9.9973E-05
9.9964E-05 9.9964E-05 9.9964E-05 0.0946986 0.430444 0.474458 9.9964E-05
9.9964E-05 9.9964E-05 9.9964E-05 0.124646 0.543881 0.331074 9.9964E-05
9.9973E-05 0.0448999 9.9973E-05 0.297198 0.30417 0.353432 9.9973E-05
9.9955E-05 0.723065 9.9955E-05 9.9955E-05 0.276435 9.9955E-05 9.9955E-05
9.9973E-05 0.232744 0.0142605 0.711096 9.9973E-05 9.9973E-05 0.0415994
0.0818844 0.397539 0.0755874 9.9973E-05 0.444689 9.9973E-05 9.9973E-05
0.201189 0.259718 0.0413168 9.9973E-05 0.497477 9.9973E-05 9.9973E-05
0.0720113 0.567705 0.0699912 9.9982E-05 0.249052 9.9982E-05 0.0410402
0.147638 0.425032 0.152691 0.00604143 0.234734 9.9991E-05 0.0337638
0.0887629 0.581529 9.9973E-05 0.0250357 0.304373 9.9973E-05 9.9973E-05
0.116216 0.278999 0.147623 9.9982E-05 0.408168 9.9982E-05 0.0487942
0.0174186 9.9973E-05 0.00713181 0.969703 0.00544653 9.9973E-05 9.9973E-05
9.9973E-05 0.145206 9.9973E-05 0.84842 0.00187761 9.9973E-05 0.00419622
0.0392427 0.271721 9.9973E-05 0.673682 9.9973E-05 0.0150552 9.9973E-05
0.000715623 0.147907 0.0887668 0.729688 0.00724833 0.0255737 9.9991E-05
9.995E-05 9.995E-05 9.995E-05 0.9994 9.995E-05 9.995E-05 9.995E-05
9.9964E-05 9.9964E-05 9.9964E-05 0.946348 0.0338885 9.9964E-05 0.0193636
0.0136959 0.123531 0.00608712 0.856386 9.9973E-05 9.9973E-05 9.9973E-05
9.9964E-05 0.0104387 9.9964E-05 0.978973 9.9964E-05 9.9964E-05 0.0101886
9.995E-05 9.995E-05 9.995E-05 0.9994 9.995E-05 9.995E-05 9.995E-05
9.995E-05 9.995E-05 9.995E-05 0.9994 9.995E-05 9.995E-05 9.995E-05
0.0436254 0.12097 9.9982E-05 0.785957 9.9982E-05 0.0276847 0.0215637
0.0350773 0.0790219 0.0669011 0.776849 9.9982E-05 9.9982E-05 0.0419508
9.9955E-05 9.9955E-05 9.9955E-05 0.986201 9.9955E-05 9.9955E-05 0.0132995
9.9973E-05 0.131241 0.0316127 0.811596 9.9973E-05 0.0252508 9.9973E-05
9.9982E-05 0.0496869 0.0114705 0.877758 0.00653385 9.9982E-05 0.0543511
9.9964E-05 0.00703529 9.9964E-05 0.966469 9.9964E-05 0.0260954 9.9964E-05
0.0568949 0.0080889 9.9973E-05 0.911169 9.9973E-05 0.0235476 9.9973E-05
0.00888042 0.000332104 9.9973E-05 0.987912 9.9973E-05 9.9973E-05 0.00257595
9.9982E-05 0.282184 0.0126117 0.567861 9.9982E-05 0.0749356 0.062208
9.9973E-05 0.0387887 0.0584247 0.880932 9.9973E-05 9.9973E-05 0.0215551
0.0186421 9.9982E-05 0.00974673 0.0934369 0.635098 0.242876 9.9982E-05
9.9982E-05 0.465513 9.9982E-05 0.0540617 0.18927 0.151542 0.139414
0.102044 0.37972 9.9991E-05 0.104962 0.198815 0.206083 0.0082762
0.0565007 0.243555 0.0222078 0.07536 0.428496 0.162704 0.0111762
0.00632073 0.2046 0.09907 0.0999946 0.410841 0.179074 9.9991E-05
9.9973E-05 0.423842 9.9973E-05 0.1099 0.349412 0.116547 9.9973E-05
0.0635807 0.480943 9.9982E-05 0.126999 0.221179 0.107098 9.9982E-05
9.9973E-05 0.364311 9.9973E-05 0.165109 0.325592 0.144688 9.9973E-05
0.00538667 0.0522328 9.9982E-05 9.9982E-05 0.0543478 0.834561 0.0532713
0.0466629 9.9964E-05 9.9964E-05 0.0420672 9.9964E-05 0.91087 9.9964E-05
9.9964E-05 9.9964E-05 0.028725 9.9964E-05 0.0575571 0.913318 9.9964E-05
9.9964E-05 0.0124131 9.9964E-05 9.9964E-05 9.9964E-05 0.9463 0.0408873
9.9973E-05 0.0369917 9.9973E-05 9.9973E-05 0.0892682 0.836384 0.0370559
0.0533163 9.9964E-05 9.9964E-05 0.0730663 9.9964E-05 0.873218 9.9964E-05
0.0111331 9.9973E-05 9.9973E-05 0.0742733 9.9973E-05 0.877411 0.0368824
0.0742314 9.9973E-05 9.9973E-05 9.9973E-05 0.0251954 0.870125 0.0301488
0.0833775 9.9973E-05 0.0293549 0.0164566 9.9973E-05 0.870511 9.9973E-05
0.0239804 9.9973E-05 9.9973E-05 0.0841806 0.0504737 0.841065 9.9973E-05
0.167109 9.9973E-05 9.9973E-05 0.00197897 9.9973E-05 0.586591 0.244021
9.9964E-05 9.9964E-05 0.0998796 9.9964E-05 9.9964E-05 0.596136 0.303585
0.10397 9.9973E-05 9.9973E-05 9.9973E-05 0.0968269 0.49331 0.305593
0.100274 9.9973E-05 0.0467452 9.9973E-05 9.9973E-05 0.495816 0.356865
0.040136 0.512006 0.350374 0.0519268 9.9991E-05 0.0201278 0.0253297
0.0109637 0.540065 0.213759 0.10762 0.0164753 9.9991E-05 0.111017
9.9982E-05 0.489868 0.199454 9.9982E-05 0.0591401 0.0708024 0.180535
0.0562195 0.264644 0.127747 9.9973E-05 9.9973E-05 9.9973E-05 0.55109
0.0355806 0.593628 0.211124 0.0105876 9.9991E-05 0.0932486 0.0557308
9.9973E-05 0.601772 0.319481 0.0478856 9.9973E-05 9.9973E-05 0.0305612
0.102322 0.493933 0.245534 0.0598403 0.0281581 9.9991E-05 0.0701123
0.00349733 0.282225 0.586957 0.127021 9.9973E-05 9.9973E-05 9.9973E-05
0.0374415 0.445462 0.295355 0.0505072 0.024467 0.00340098 0.143367
0.185133 9.9973E-05 0.698459 9.9973E-05 0.0932869 9.9973E-05 0.0228217
0.0744805 0.263114 0.508406 9.9973E-05 0.153699 9.9973E-05 9.9973E-05
0.120705 0.481479 0.245905 0.0739083 9.9982E-05 0.0778025 9.9982E-05
9.9973E-05 0.159009 0.653909 9.9973E-05 9.9973E-05 0.0277822 0.159
9.9982E-05 0.0517341 0.0349751 9.9982E-05 0.0300533 0.104967 0.77807
0.0721284 0.0369548 9.9982E-05 9.9982E-05 0.048193 0.0510953 0.791428
0.0604061 9.9973E-05 9.9973E-05 9.9973E-05 0.0259526 0.0301809 0.883161
0.0699079 9.9964E-05 9.9964E-05 9.9964E-05 9.9964E-05 0.10411 0.825582
9.9964E-05 0.11487 9.9964E-05 9.9964E-05 0.0642783 9.9964E-05 0.820452
0.0162276 0.0665259 9.9982E-05 0.0732302 9.9982E-05 0.0643074 0.779509
0.00227027 0.119167 0.0210274 9.9973E-05 9.9973E-05 0.857236 9.9973E-05
9.99641E-05 0.13673 9.99641E-05 9.99641E-05 9.99641E-05 0.842113 0.020757
9.9973E-05 0.0914216 9.9973E-05 0.144294 9.9973E-05 0.755925 0.00806033
9.9973E-05 0.18603 9.9973E-05 0.0392011 9.9973E-05 0.744139 0.0303309
9.9982E-05 0.132249 9.9982E-05 0.0443548 0.0109346 0.758941 0.0533206
9.9973E-05 9.9973E-05 0.0355131 9.9973E-05 0.0549287 0.353251 0.556007
0.0735223 9.9982E-05 0.0743155 9.9982E-05 0.0422631 0.428352 0.381348
0.117167 9.9982E-05 0.074055 0.00265688 9.9982E-05 0.411197 0.394724
9.9964E-05 0.14277 9.9964E-05 0.041251 9.9964E-05 0.815579 9.9964E-05
9.9973E-05 9.9973E-05 0.0824021 9.9973E-05 0.0796916 0.342607 0.495
0.0158405 0.274067 9.9991E-05 0.38476 0.20272 0.113304 0.00920907
9.9964E-05 0.535929 9.9964E-05 0.273116 9.9964E-05 0.190555 9.9964E-05
9.9991E-05 0.344251 0.0161735 0.275297 0.13528 0.197167 0.0317307
9.9964E-05 9.9964E-05 9.9964E-05 0.349537 0.313187 0.336877 9.9964E-05
0.0925029 0.463956 0.0716469 9.9982E-05 0.0404304 9.9982E-05 0.331264
0.204983 0.425248 0.12189 9.9982E-05 0.0505106 9.9982E-05 0.197169
9.9982E-05 0.418166 0.00924339 9.9982E-05 0.00418306 0.0896799 0.478527
0.20401 0.464602 0.196784 9.9991E-05 0.0604066 0.0162911 0.0578065
0.181276 9.9973E-05 0.263459 9.9973E-05 0.366792 9.9973E-05 0.188174
0.174597 0.431005 9.9991E-05 0.0809272 0.0215942 0.00417767 0.287599
0.00952577 0.448059 0.0726055 9.9991E-05 0.0481657 0.0497714 0.371772
0.0629887 0.172086 0.232039 9.9982E-05 0.312461 9.9982E-05 0.220225
0.21735 0.370983 0.0343607 0.0980219 0.180091 9.9991E-05 0.0990927
9.9982E-05 0.501122 0.102643 0.060659 0.00170376 9.9982E-05 0.333673
0.0537622 0.385419 0.0960038 0.158311 0.053721 0.142291 0.110492
0.163312 0.39614 0.0557652 0.0512477 0.0890263 9.9991E-05 0.24441
0.198161 0.456791 0.0996775 0.00966418 9.9991E-05 0.0482702 0.187337
0.106283 0.481549 0.107908 0.0918491 0.0729431 0.0303461 0.109122
0.0749876 0.572987 0.102857 0.0557971 0.0207721 0.0220701 0.150529
0.0642877 0.466408 0.0784864 0.114599 9.9991E-05 0.0347525 0.241366
9.9973E-05 0.135106 0.0130093 0.0738645 9.9973E-05 0.77772 9.9973E-05
0.00334266 0.0881324 0.0259799 0.0369105 9.9982E-05 0.845435 9.9982E-05
0.0220454 9.9991E-05 0.129807 0.028803 0.0248074 0.789598 0.00483983
9.9982E-05 0.0375772 0.11133 0.0438009 9.9982E-05 0.745523 0.0615688
9.9964E-05 0.175372 0.00972213 9.9964E-05 9.9964E-05 0.814506 9.9964E-05
0.0333204 0.310915 0.0573241 9.9991E-05 0.095057 0.0187135 0.48457
0.0626511 0.622127 0.0174098 0.111775 0.00853244 0.04161 0.135895
0.0248254 0.514301 0.186116 9.9982E-05 9.9982E-05 0.0911871 0.18337
0.132025 0.370349 9.9982E-05 0.0178942 0.221211 9.9982E-05 0.258321
9.9982E-05 0.0722313 0.119404 9.9982E-05 0.130416 0.0770544 0.600693
0.0836224 0.505299 0.0573218 0.067491 9.9982E-05 9.9982E-05 0.286066
0.0806062 0.204498 0.0464594 0.0521174 0.0372903 0.0490923 0.529936
0.041201 0.39011 0.172775 9.9991E-05 0.147345 0.0673165 0.181152
0.15713 0.200152 0.0485543 9.9982E-05 9.9982E-05 0.122927 0.471036
0.0309271 0.291074 0.02002 0.00428515 0.0283064 0.0770723 0.548315
0.204933 0.294856 0.0457049 0.0517518 0.0684563 0.0111737 0.323125
0.205595 0.280509 9.9973E-05 9.9973E-05 0.417843 9.9973E-05 0.0957525
0.0804574 0.621476 0.0306778 9.9991E-05 0.220286 0.0300444 0.0169587
9.9973E-05 0.422641 0.0908642 9.9973E-05 0.427938 9.9973E-05 0.0582571
0.0770395 0.562361 0.0320981 9.9991E-05 0.1584 0.0431649 0.126836
9.9973E-05 0.135137 0.154681 9.9973E-05 0.595075 9.9973E-05 0.114806
0.0384014 0.291224 0.105981 9.9982E-05 0.553807 9.9982E-05 0.0103867
0.220488 0.498918 9.9973E-05 9.9973E-05 0.187303 9.9973E-05 0.092991
0.119808 0.214171 0.180363 9.9982E-05 0.423578 9.9982E-05 0.0618803
9.9973E-05 0.500631 0.0167101 9.9973E-05 0.321544 9.9973E-05 0.160815
0.0739595 0.058542 0.160592 0.0754161 0.0924993 9.9991E-05 0.538891
0.273016 0.184372 0.159736 0.0464493 0.0434113 9.9991E-05 0.292915
0.0445118 0.278876 0.156223 0.143695 9.9991E-05 0.0369581 0.339637
0.0650372 0.643867 0.00797703 0.0474663 9.9991E-05 0.040042 0.195511
9.9973E-05 0.334104 0.22382 9.9973E-05 0.014034 9.9973E-05 0.427743
0.181426 0.352166 0.0888518 0.173753 9.9982E-05 9.9982E-05 0.203603
9.9991E-05 0.436942 0.236829 0.0825983 0.00323119 0.0256771 0.214622
0.0500308 0.202038 0.158155 0.125338 9.9982E-05 9.9982E-05 0.464239
0.00655302 0.36396 0.0705242 0.11598 0.0551463 9.9991E-05 0.387737
0.0820146 0.663238 0.0387882 9.9982E-05 0.0124924 9.9982E-05 0.203267
0.121316 0.398508 0.132 0.0267076 0.0608291 0.0406641 0.219975
0.0212267 0.526011 0.120976 0.0978641 0.00767014 9.9991E-05 0.226152
0.0562395 0.347024 9.9991E-05 0.121465 0.0778043 0.0266739 0.370693
0.143155 0.444835 0.0510534 0.0729477 9.9991E-05 0.0865815 0.201327
9.9982E-05 0.408789 0.0132681 0.0981309 0.141342 0.338271 9.9982E-05
0.0104134 0.457672 0.103589 0.179994 0.0192275 0.229005 9.9991E-05
0.045545 0.62135 0.0774536 0.107516 0.070264 0.077772 9.9991E-05
0.0847772 0.291985 0.0746057 0.317164 0.0310814 0.196471 0.00391442
0.129353 0.553376 9.9973E-05 9.9973E-05 0.14933 9.9973E-05 0.167641
0.0126222 0.0680798 0.135114 0.13271 0.46175 0.189623 9.9991E-05
0.0407384 0.454449 0.0496676 0.228935 0.0276073 0.111963 0.0866392
9.9991E-05 0.458429 0.0531468 0.285899 0.0775731 0.0406071 0.0842448
0.0338499 0.169642 0.0864295 0.213738 0.152857 0.181918 0.161566
0.0758612 0.580234 9.9982E-05 0.185529 0.00322927 0.154947 9.9982E-05
9.9973E-05 9.9973E-05 0.0372695 0.197424 0.37578 0.389227 9.9973E-05
9.9973E-05 0.484936 9.9973E-05 0.260173 0.0755967 0.178995 9.9973E-05
0.0337069 0.488865 0.0807734 0.150018 0.0127647 0.181798 0.0520737
0.46636 0.317546 9.9982E-05 0.118547 9.9982E-05 0.0393966 0.0579501
0.731722 9.9973E-05 0.131484 9.9973E-05 0.0690699 9.9973E-05 0.0674247
0.802253 9.9973E-05 0.0499379 9.9973E-05 0.0495602 9.9973E-05 0.0979494
0.180094 0.328065 9.9991E-05 0.298565 0.0185185 0.100786 0.0738718
0.266345 0.174333 0.0323565 0.41326 0.0341857 0.0794193 9.9991E-05
0.222996 0.0730361 9.9982E-05 0.281302 0.220382 0.202083 9.9982E-05
0.213872 0.240434 9.9982E-05 0.290809 0.0908374 0.163847 9.9982E-05
0.728909 9.9973E-05 9.9973E-05 0.0882726 0.134318 0.0482008 9.9973E-05
0.601083 0.128816 9.9982E-05 0.0526875 0.123359 0.0938547 9.9982E-05
0.383126 0.419458 0.022409 0.174706 9.9973E-05 9.9973E-05 9.9973E-05
0.441032 0.404231 9.9973E-05 0.132763 9.9973E-05 0.0216738 9.9973E-05
0.81656 9.9964E-05 9.9964E-05 0.16347 9.9964E-05 0.0195707 9.9964E-05
0.205884 0.489288 9.9982E-05 0.141527 0.0696544 0.0934463 9.9982E-05
0.405072 0.431976 9.9973E-05 0.153747 9.9973E-05 0.00890565 9.9973E-05
0.57076 0.297222 9.9973E-05 9.9973E-05 9.9973E-05 0.0122387 0.119479
0.540093 0.373219 0.0152191 0.0104602 0.0294731 0.000611015 0.0309241
0.421459 0.337652 9.9991E-05 0.0334184 0.0896972 0.0429675 0.0747059
0.438124 0.431358 0.0326914 0.0173614 0.0771125 0.00267819 0.000674284
0.670293 0.177091 0.0510663 9.9973E-05 9.9973E-05 9.9973E-05 0.10125
0.353194 0.530155 0.0649421 0.0456874 9.9982E-05 0.00582165 9.9982E-05
0.746711 0.147165 0.0154646 0.00500381 9.9982E-05 9.9982E-05 0.0854559
0.527101 0.286289 0.0761499 0.0456138 0.00898963 0.055757 9.9991E-05
0.0209907 0.417132 0.00891931 0.211073 0.21511 0.126675 9.9991E-05
0.0379901 0.417733 9.9991E-05 0.118151 0.110624 0.22773 0.0876709
0.610079 9.9973E-05 9.9973E-05 0.0955004 0.104466 0.189655 9.9973E-05
0.108515 0.55222 9.9982E-05 0.230983 9.9982E-05 0.090108 0.0179747
0.297826 9.9973E-05 9.9973E-05 0.0961617 0.294037 0.311676 9.9973E-05
0.269523 0.424202 9.9973E-05 0.262153 9.9973E-05 0.0438224 9.9973E-05
0.863813 0.00508653 0.04843 9.9973E-05 0.0823702 9.9973E-05 9.9973E-05
0.867218 9.9964E-05 0.0183941 9.9964E-05 0.113988 9.9964E-05 9.9964E-05
0.523707 0.441261 0.0209247 0.00278236 9.9982E-05 9.9982E-05 0.011125
0.310224 0.5892 9.9973E-05 0.073814 9.9973E-05 0.0264616 9.9973E-05
0.635908 0.363593 9.9955E-05 9.9955E-05 9.9955E-05 9.9955E-05 9.9955E-05
0.415417 0.444309 0.139874 9.9964E-05 9.9964E-05 9.9964E-05 9.9964E-05
0.529458 0.42815 9.9964E-05 0.0419927 9.9964E-05 9.9964E-05 9.9964E-05
0.12042 0.0254667 0.0103376 0.0736607 9.9991E-05 0.769452 0.00056292
0.0378318 9.9973E-05 9.9973E-05 0.111911 9.9973E-05 0.709082 0.140876
9.9964E-05 9.9964E-05 9.9964E-05 0.089661 9.9964E-05 0.879788 0.0301507
0.0207756 0.0548494 9.9973E-05 9.9973E-05 0.00841383 0.915661 9.9973E-05
0.173284 0.477693 0.284174 0.0108209 0.0252894 0.0286396 9.9991E-05
0.00214977 0.517386 0.459144 9.9973E-05 9.9973E-05 9.9973E-05 0.0210201
0.00310177 0.248724 0.477595 0.0386049 0.0477836 0.00338883 0.180802
9.9973E-05 0.581545 0.311955 0.0689796 9.9973E-05 0.0372204 9.9973E-05
0.115308 0.396804 0.399172 9.9973E-05 0.0884158 9.9973E-05 9.9973E-05
0.00833005 0.491318 0.0509975 0.141677 9.9991E-05 0.287953 0.0196247
0.0420783 0.445614 0.278936 0.0290137 0.160855 9.9991E-05 0.043403
9.9964E-05 0.477469 0.447915 9.9964E-05 9.9964E-05 9.9964E-05 0.0742159
0.100173 0.54722 0.32964 0.0226677 9.9973E-05 9.9973E-05 9.9973E-05
0.0374826 0.375992 0.51096 0.038471 9.9982E-05 0.0368946 9.9982E-05
0.119794 0.518874 0.351526 0.00432892 0.00527708 9.9982E-05 9.9982E-05
9.9964E-05 0.101447 0.885609 9.9964E-05 0.0125439 9.9964E-05 9.9964E-05
0.0503837 0.238477 0.582619 0.0624645 0.032565 0.00512222 0.0283681
9.9982E-05 0.2858 0.616579 0.0131286 0.0131452 0.0711478 9.9982E-05
9.9955E-05 9.9955E-05 0.87781 9.9955E-05 0.12169 9.9955E-05 9.9955E-05
0.0476194 0.453362 0.293845 0.0478955 9.9982E-05 9.9982E-05 0.157078
9.9964E-05 0.154219 0.579415 9.9964E-05 0.265966 9.9964E-05 9.9964E-05
0.0254056 9.9964E-05 0.795547 9.9964E-05 0.178647 9.9964E-05 9.9964E-05
0.0328721 0.524013 0.254391 0.0610033 9.9991E-05 0.0656479 0.0619725
0.0564301 0.31508 0.48376 9.9982E-05 9.9982E-05 0.0773234 0.0672062
9.9982E-05 0.514662 0.307286 0.0501295 0.00131213 9.9982E-05 0.12641
9.9982E-05 0.380321 0.428149 0.108422 0.0741172 9.9982E-05 0.00879074
0.121726 0.427336 0.0582288 9.9982E-05 0.136005 9.9982E-05 0.256504
0.111727 0.535674 0.253048 0.0599645 9.9982E-05 9.9982E-05 0.0393866
0.0295489 0.475239 0.329236 0.022121 9.9991E-05 0.0563007 0.0874543
0.00538412 0.324674 0.642205 9.9973E-05 0.0274364 9.9973E-05 9.9973E-05
9.9964E-05 9.9964E-05 0.0495341 9.9964E-05 9.9964E-05 0.673736 0.27633
0.0410032 0.053457 0.0575484 9.9982E-05 9.9982E-05 0.729993 0.117798
0.00636303 9.9973E-05 0.0261711 9.9973E-05 9.9973E-05 0.777953 0.189213
0.00868075 9.9982E-05 0.0139718 9.9982E-05 0.0263785 0.819307 0.131462
9.9964E-05 0.0903764 9.9964E-05 9.9964E-05 9.9964E-05 0.68841 0.220814
9.9982E-05 0.165351 0.629835 0.0210472 9.9982E-05 0.0242913 0.159275
9.9973E-05 0.293569 0.543999 9.9973E-05 9.9973E-05 0.0963948 0.065738
0.0253434 0.141812 0.809627 0.0229175 9.9973E-05 9.9973E-05 9.9973E-05
9.9982E-05 0.327587 0.516888 0.0547304 0.04314 9.9982E-05 0.0574545
0.101759 0.589302 0.265016 0.0436238 9.9973E-05 9.9973E-05 9.9973E-05
0.0206245 0.322057 0.454064 0.0436644 0.0415473 0.0993654 0.0186771
0.0416809 0.580474 0.343894 9.9982E-05 0.0164194 0.0173326 9.9982E-05
9.9982E-05 0.331222 0.456419 0.00733528 0.0171082 9.9982E-05 0.187715
9.9973E-05 0.442474 0.44534 9.9973E-05 9.9973E-05 0.0011672 0.110719
9.9964E-05 0.405059 0.466671 9.9964E-05 9.9964E-05 9.9964E-05 0.12787
0.00795201 0.678723 9.9982E-05 9.9982E-05 0.20297 0.0801392 0.0300158
0.00114479 0.423019 0.473583 9.9982E-05 9.9982E-05 0.0399561 0.0620969
9.9982E-05 0.462022 0.355909 0.0397152 9.9982E-05 0.0529506 0.0892037
9.9982E-05 0.376962 9.9982E-05 0.4838 0.00991241 0.0483806 0.0807449
0.00370911 0.289812 9.9982E-05 0.48129 0.0930913 0.131898 9.9982E-05
0.00525006 0.406686 0.258609 0.0979152 0.231339 9.9982E-05 9.9982E-05
0.0473544 0.0396085 0.00193471 0.646836 0.0469489 0.217217 9.9991E-05
0.0435244 0.121011 0.0487491 0.581334 9.9991E-05 0.13163 0.0736522
0.0116087 0.378302 0.117172 0.163072 0.191603 0.138143 9.9991E-05
9.9973E-05 0.622233 9.9973E-05 9.9973E-05 0.249503 0.0805689 0.0473955
9.9991E-05 0.480114 0.0747837 0.0341585 0.207645 0.108855 0.0943441
9.9973E-05 0.270616 9.9973E-05 0.507556 0.0536695 0.167859 9.9973E-05
9.9982E-05 0.385457 9.9982E-05 0.453072 0.0607044 0.0927854 0.00778125
0.0249244 0.173913 0.144976 0.530819 9.9982E-05 0.125167 9.9982E-05
0.0739731 0.171382 9.9982E-05 0.588817 0.0942872 0.0713407 9.9982E-05
9.9982E-05 0.603396 0.0720915 0.0214614 0.290495 9.9982E-05 0.0123559
9.9973E-05 0.163267 9.9973E-05 0.631533 0.030198 0.174703 9.9973E-05
9.9982E-05 0.309636 0.0447972 9.9982E-05 0.31014 0.114495 0.220731
0.0196902 0.580334 9.9982E-05 0.0922781 0.221868 9.9982E-05 0.0856299
0.00368086 0.656733 9.9973E-05 9.9973E-05 0.18187 0.157416 9.9973E-05
9.9982E-05 0.547706 0.0419931 9.9982E-05 0.220439 0.159772 0.0298902
9.9991E-05 0.335755 0.141223 0.306588 0.0763598 0.128897 0.0110776
0.177616 0.336381 0.0230802 0.264676 9.9982E-05 0.198047 9.9982E-05
9.9973E-05 0.138655 9.9973E-05 0.572907 0.142968 0.14517 9.9973E-05
9.9973E-05 0.564468 0.0732288 9.9973E-05 0.266814 0.0951892 9.9973E-05
0.0648419 0.229479 0.00677402 0.0379001 0.605881 0.00315032 0.0519731
0.176263 0.406151 9.9982E-05 9.9982E-05 0.169196 0.130709 0.117481
9.9973E-05 0.463063 9.9973E-05 0.113437 0.204424 0.218776 9.9973E-05
9.9973E-05 9.9973E-05 9.9973E-05 0.184791 0.634861 0.175752 0.00429701
9.9964E-05 9.9964E-05 9.9964E-05 0.129153 0.735215 0.135232 9.9964E-05
9.9991E-05 0.359098 0.0192839 0.118527 0.303962 0.098636 0.100392
0.0212662 9.9991E-05 0.0187863 0.232918 0.46955 0.235294 0.022085
9.9964E-05 9.9964E-05 9.9964E-05 0.200565 0.475025 0.324011 9.9964E-05
0.0494509 0.342625 0.0259289 0.15409 0.316451 0.0870736 0.024381
0.0439675 0.295289 0.000329284 0.182491 0.251643 0.211008 0.0152719
9.9973E-05 0.235382 9.9973E-05 0.144042 0.374117 0.246159 9.9973E-05
9.9973E-05 0.148356 9.9973E-05 0.0596548 0.568362 0.223327 9.9973E-05
9.9982E-05 0.445527 0.125863 0.100577 0.182568 0.145265 9.9982E-05
9.9991E-05 0.128544 0.0711955 0.167331 0.483747 0.118246 0.0308361
9.9964E-05 9.9964E-05 9.9964E-05 0.0347328 0.616699 0.348168 9.9964E-05
9.9991E-05 0.359929 0.0167452 0.198608 0.245119 0.16068 0.018819
9.9991E-05 0.387375 0.0710762 0.185294 0.0630903 0.288716 0.00434931
9.9973E-05 0.567391 9.9973E-05 0.223912 0.0487671 0.15963 9.9973E-05
9.9991E-05 0.490362 0.0868986 0.223389 0.0487707 0.124299 0.0261815
9.9982E-05 0.308009 9.9982E-05 0.229685 0.106724 0.345185 0.0101978
0.0590744 0.503642 0.0386522 0.159532 9.9991E-05 0.196096 0.0429029
9.9982E-05 0.413086 0.00316571 0.304556 0.0514224 0.22757 9.9982E-05
0.0170385 0.257812 0.104835 0.248256 0.0745684 0.221622 0.0758689
0.00560799 0.256428 0.122978 0.179432 0.0217357 0.220845 0.192973
9.9973E-05 0.38737 9.9973E-05 0.249494 0.0866583 0.276177 9.9973E-05
9.9982E-05 0.22648 0.0104106 0.186316 0.242926 0.333668 9.9982E-05
9.9982E-05 0.159945 0.0772703 0.429794 0.0912427 0.241549 9.9982E-05
9.9973E-05 9.9973E-05 0.0666505 9.9973E-05 0.039342 0.76239 0.131317
0.0441616 0.118752 9.9982E-05 9.9982E-05 0.0599001 0.0729489 0.704037
9.9955E-05 9.9955E-05 0.0463237 9.9955E-05 9.9955E-05 9.9955E-05 0.953176
9.995E-05 9.995E-05 9.995E-05 9.995E-05 9.995E-05 9.995E-05 0.9994
9.9964E-05 0.00118213 9.9964E-05 0.0152386 9.9964E-05 9.9964E-05 0.983179
9.9973E-05 0.000515911 9.9973E-05 0.0401157 9.9973E-05 0.0128367 0.946232
9.9964E-05 0.087786 9.9964E-05 0.000556648 9.9964E-05 9.9964E-05 0.911257
9.9964E-05 9.9964E-05 0.00117271 0.0305819 9.9964E-05 9.9964E-05 0.967846
9.9955E-05 9.9955E-05 9.9955E-05 9.9955E-05 9.9955E-05 0.19926 0.800241
9.9982E-05 0.0608826 9.9982E-05 0.0168131 0.0302947 0.881238 0.0105712
9.9964E-05 0.0745357 9.9964E-05 9.9964E-05 9.9964E-05 0.784459 0.140606
9.9982E-05 0.0163227 0.0102319 0.0723622 9.9982E-05 0.89627 0.00461304
9.9982E-05 0.0268417 9.9982E-05 0.0110971 0.0307946 0.804467 0.126599
9.9973E-05 0.0100488 9.9973E-05 0.0404663 0.0542143 0.894971 9.9973E-05
0.0428455 9.9973E-05 9.9973E-05 0.0479463 9.9973E-05 0.821514 0.0873938
0.0209847 9.9991E-05 0.012887 0.158988 0.0214723 0.697703 0.0878647
0.0172471 0.013885 0.0259862 0.0787557 0.0195563 0.84447 9.9991E-05
0.048021 0.129132 0.00534232 0.0117358 0.0119945 0.745135 0.0486385
0.0248607 9.9973E-05 0.0837865 0.0586068 9.9973E-05 0.832446 9.9973E-05
0.044697 9.9955E-05 9.9955E-05 9.9955E-05 9.9955E-05 0.954803 9.9955E-05
0.0616102 0.0221405 9.9973E-05 0.0308118 9.9973E-05 0.885138 9.9973E-05
9.9955E-05 9.9955E-05 9.9955E-05 9.9955E-05 0.0522435 0.947257 9.9955E-05
9.9973E-05 0.062732 9.9973E-05 0.0148389 0.0424019 0.879727 9.9973E-05
9.9982E-05 0.0247358 0.007099 0.0750095 9.9982E-05 0.859609 0.0333466
9.9964E-05 0.0675386 9.9964E-05 0.103145 9.9964E-05 0.828917 9.9964E-05
9.9964E-05 0.123297 9.9964E-05 0.10461 9.9964E-05 0.771693 9.9964E-05
9.9964E-05 0.141796 9.9964E-05 0.0731756 9.9964E-05 0.784629 9.9964E-05
9.9973E-05 0.0527261 0.0737034 0.109045 9.9973E-05 0.764226 9.9973E-05
9.9982E-05 0.416581 0.148976 9.9982E-05 0.300861 0.0988463 0.0345359
9.9973E-05 0.756611 9.9973E-05 9.9973E-05 0.175346 0.0526947 0.0150493
0.0731959 0.212555 0.11552 9.9982E-05 0.597818 9.9982E-05 0.000710557
9.9982E-05 0.617273 0.0107195 9.9982E-05 0.162453 0.112418 0.0969361
9.9955E-05 0.231483 9.9955E-05 9.9955E-05 0.768017 9.9955E-05 9.9955E-05
9.9964E-05 0.65815 9.9964E-05 9.9964E-05 0.245234 0.0962159 9.9964E-05
9.9982E-05 0.455244 0.0911756 9.9982E-05 0.21353 0.0702423 0.169608
9.9982E-05 0.581797 0.0123623 9.9982E-05 0.262275 0.082615 0.0607503
0.0337372 0.56005 0.31402 0.0093191 9.9982E-05 0.0826742 9.9982E-05
9.9964E-05 0.496667 9.9964E-05 9.9964E-05 0.370844 9.9964E-05 0.132089
0.110722 0.612486 9.9982E-05 9.9982E-05 0.143635 0.07865 0.0543072
0.253599 9.9982E-05 0.241297 0.0510205 0.0523765 9.9982E-05 0.401508
0.152261 0.0149829 0.0460253 9.9982E-05 0.66794 9.9982E-05 0.118591
0.00245338 0.276454 0.00473201 9.9982E-05 0.678359 9.9982E-05 0.0378015
9.9973E-05 0.582116 0.0464545 9.9973E-05 0.282614 0.0885158 9.9973E-05
9.9982E-05 0.63223 0.00195262 9.9982E-05 0.253713 0.0982451 0.01366
0.0187024 0.510186 0.0105927 0.139541 0.11296 0.207918 9.9991E-05
0.0816754 0.581469 9.9982E-05 0.152555 9.9982E-05 0.158019 0.0260816
0.170497 0.106953 9.9991E-05 0.142563 0.0483246 0.423597 0.107965
0.0393452 0.461958 0.0182553 0.149613 0.023796 0.239145 0.0678869
9.9973E-05 9.9973E-05 0.0411859 0.188178 0.460334 0.310002 9.9973E-05
0.0674801 0.329127 9.9982E-05 0.211301 0.19266 0.199232 9.9982E-05
9.9991E-05 0.266203 0.0560843 0.203917 0.101073 0.300811 0.0718116
9.9982E-05 0.462635 9.9982E-05 0.0824228 0.0665598 0.277721 0.110461
9.9982E-05 0.502011 0.068524 0.123724 0.068378 0.237164 9.9982E-05
9.9991E-05 0.429814 0.041185 0.155154 0.232072 0.0972795 0.0443948
9.9982E-05 0.263745 0.051788 0.163676 0.0495266 0.471064 9.9982E-05
