9.9973E-05 9.9973E-05 0.877993 0.000819197 9.9973E-05 0.052079 0.0688085
9.9964E-05 0.0411992 0.923864 9.9964E-05 0.0345372 9.9964E-05 9.9964E-05
9.9973E-05 0.00536196 0.820832 9.9973E-05 9.9973E-05 0.0324669 0.141039
9.9982E-05 9.9982E-05 0.795028 0.0386393 0.0259382 0.0803653 0.0598289
9.9973E-05 9.9973E-05 0.885002 0.0205155 0.0568523 9.9973E-05 0.0373298
0.161764 0.0954934 0.56154 0.106624 9.9982E-05 0.0743791 9.9982E-05
0.165272 9.9973E-05 0.760714 0.0124693 9.9973E-05 0.0612448 9.9973E-05
0.15265 9.9982E-05 0.66172 9.9982E-05 0.014606 0.119445 0.0513798
0.0678791 0.0230356 0.815794 9.99729E-05 9.99729E-05 0.0929911 9.99729E-05
0.158655 9.9991E-05 0.622814 0.108103 0.00585502 0.0390372 0.0654351
0.198093 9.9973E-05 0.615269 9.9973E-05 9.9973E-05 0.140403 0.0459352
0.0189467 0.114416 0.0194081 0.0580999 9.9991E-05 0.474712 0.314318
0.0817348 0.0236614 0.0495797 0.035695 9.9991E-05 0.253287 0.555942
0.0862126 0.036336 0.0275183 0.12175 0.103521 0.41463 0.210033
0.0579616 0.0299441 9.9991E-05 0.168993 0.0377036 0.380055 0.325243
0.0733327 0.0816647 0.148851 0.0828926 9.9991E-05 0.199888 0.413271
0.163014 0.0978765 9.9982E-05 0.0561068 9.9982E-05 0.19838 0.484422
0.0108282 0.107968 0.121332 0.0743852 9.9991E-05 0.320953 0.364433
0.181511 0.072272 9.9982E-05 0.0689212 9.9982E-05 0.635621 0.0414752
0.185216 0.0689947 9.9982E-05 0.055253 9.9982E-05 0.19305 0.497286
0.182174 0.0195067 0.0289745 0.0308181 0.0714156 0.0957 0.571411
0.0848818 9.9991E-05 0.0621945 0.000432668 0.065176 0.156139 0.631076
0.110531 0.133374 9.9982E-05 0.12958 9.9982E-05 0.365151 0.261164
0.00722809 0.0435321 0.118845 0.0541948 9.9991E-05 0.168458 0.607642
0.0971799 0.0419739 9.9991E-05 0.104612 0.0275627 0.463028 0.265543
0.143868 0.0496804 9.9982E-05 0.171323 9.9982E-05 0.378909 0.25602
0.225332 9.9973E-05 9.9973E-05 9.9973E-05 0.0687181 0.400309 0.305341
9.9964E-05 9.9964E-05 0.833133 0.0129847 9.9964E-05 9.9964E-05 0.153483
9.9955E-05 9.9955E-05 0.789537 9.9955E-05 9.9955E-05 9.9955E-05 0.209963
9.9964E-05 9.9964E-05 0.749066 0.06931 9.9964E-05 9.9964E-05 0.181224
9.9973E-05 0.045437 0.742441 0.116443 9.9973E-05 9.9973E-05 0.0953788
0.00762456 0.158577 0.06635 9.9991E-05 0.0452792 0.0638504 0.658218
9.9982E-05 0.347178 0.032567 0.0462319 0.0130612 9.9982E-05 0.560762
0.0121482 0.0353559 0.087409 9.9991E-05 0.0316394 0.558885 0.274463
0.0813386 0.466911 0.0179093 9.9991E-05 0.0578633 0.0331527 0.342725
0.0833621 0.155772 9.9982E-05 0.0933349 9.9982E-05 0.0953921 0.571939
0.207559 9.9973E-05 0.0519775 9.9973E-05 9.9973E-05 0.084107 0.656056
0.139922 0.15268 0.0706096 9.9982E-05 9.9982E-05 0.0949418 0.541647
9.9973E-05 0.607602 0.0312661 9.9973E-05 9.9973E-05 0.158245 0.202587
0.211328 0.0729652 0.0101166 0.0444477 9.9991E-05 0.0361067 0.624936
0.0502638 0.538038 9.9973E-05 9.9973E-05 0.0392464 9.9973E-05 0.372152
0.267182 0.706466 0.0123012 9.9973E-05 0.0137505 9.9973E-05 9.9973E-05
0.0490783 0.262553 9.9982E-05 9.9982E-05 0.0664793 0.484786 0.136904
0.308695 0.174563 0.00151783 9.99926E-05 0.170019 0.205971 0.139134
0.0988078 0.242157 0.0960832 9.9982E-05 9.9982E-05 0.27908 0.283672
0.0706642 9.9982E-05 0.0103054 9.9982E-05 0.068842 0.235878 0.614111
0.0324628 0.111039 0.137815 0.0460146 0.151594 0.176573 0.344501
0.192309 0.175433 0.143564 0.0767783 9.9991E-05 0.332953 0.0788629
0.0418775 0.0615637 0.00742411 0.0780599 0.133234 0.31565 0.36219
0.18033 0.15327 0.0170838 9.9982E-05 9.9982E-05 0.534975 0.114141
0.0662959 0.0259598 0.00619176 0.0145594 0.103051 0.231794 0.552149
0.128214 0.00092237 9.9991E-05 0.0695841 0.135068 0.0610142 0.605097
0.0478988 0.134648 0.054559 0.0451706 0.13906 0.294102 0.284562
0.183513 0.00748147 9.9991E-05 0.0168522 0.128624 0.231061 0.432367
0.161419 0.0990699 0.0276592 9.9991E-05 0.0684909 0.341056 0.302205
0.00561805 0.272773 9.9982E-05 9.9982E-05 0.00100352 0.0751584 0.645247
9.9973E-05 0.620686 0.000977863 9.9973E-05 9.9973E-05 0.113559 0.264477
0.0504806 0.94902 9.9955E-05 9.9955E-05 9.9955E-05 9.9955E-05 9.9955E-05
0.0409812 0.90434 9.9982E-05 9.9982E-05 0.0430851 0.00700419 0.00438957
9.9964E-05 0.748706 9.9964E-05 0.0185818 9.9964E-05 9.9964E-05 0.232313
9.9982E-05 0.356574 0.0178584 0.0258302 9.9982E-05 0.106947 0.492591
0.00561276 0.402281 0.0573879 0.0221103 9.9982E-05 9.9982E-05 0.512408
9.9982E-05 0.595077 0.0160116 0.0691755 9.9982E-05 0.182813 0.136723
9.9982E-05 0.482407 0.02599 0.00375965 9.9982E-05 0.201867 0.285776
0.00607589 0.495098 9.9982E-05 0.0144998 9.9982E-05 0.0849451 0.399181
0.0751196 0.343781 0.0937954 9.9991E-05 0.0210898 0.0444822 0.421633
0.0254996 0.531091 9.9964E-05 9.9964E-05 9.9964E-05 9.9964E-05 0.443009
0.131911 0.761858 0.00301833 9.9982E-05 0.0475642 0.0554488 9.9982E-05
9.9982E-05 9.9982E-05 0.806173 0.0501004 0.0213521 0.076052 0.0461225
9.9955E-05 9.9955E-05 0.932439 9.9955E-05 9.9955E-05 9.9955E-05 0.067061
9.9964E-05 9.9964E-05 0.902359 0.027147 9.9964E-05 9.9964E-05 0.0700942
0.0382922 0.0421404 0.902475 0.0148468 9.9982E-05 9.9982E-05 0.00204519
0.0180348 0.0158255 0.845051 0.0647508 9.9982E-05 9.9982E-05 0.056138
0.0193106 0.00697417 0.868033 0.0744486 9.9982E-05 9.9982E-05 0.0310333
9.9973E-05 9.9973E-05 0.898947 0.0540309 0.0341495 9.9973E-05 0.0125728
9.9991E-05 0.746791 0.000832978 0.000920309 0.00386382 0.123869 0.123623
9.9982E-05 0.372185 0.040392 0.0299296 9.9982E-05 0.0745232 0.48277
0.0266921 0.23251 0.0349439 0.0499937 0.0335548 9.9991E-05 0.622206
9.9973E-05 0.183731 0.0653652 9.9973E-05 0.138789 9.9973E-05 0.611815
9.9982E-05 0.368396 0.0198856 0.108504 0.0479021 9.9982E-05 0.455112
9.9973E-05 0.732839 0.0698329 9.9973E-05 0.0223775 0.174651 9.9973E-05
0.137667 0.539201 9.9991E-05 0.029242 0.0011824 0.0112672 0.28134
9.9982E-05 0.346006 0.00634489 0.00542272 0.089979 9.9982E-05 0.552047
9.9982E-05 0.290498 0.0839527 9.9982E-05 0.0873008 0.0162093 0.52184
9.9973E-05 0.531951 9.9973E-05 0.145925 9.9973E-05 0.0407144 0.28111
0.0150945 0.380091 0.0945974 0.0140784 9.9991E-05 0.0800808 0.415958
0.0125086 0.0988022 0.0245372 0.0615015 0.251697 0.356979 0.193974
0.0951466 9.9982E-05 0.0849447 0.078973 9.9982E-05 0.348193 0.392542
0.0156998 0.0181268 0.123047 9.9991E-05 0.0651868 0.272226 0.505614
0.0394487 0.0358189 9.9982E-05 0.105682 9.9982E-05 0.28775 0.531101
9.9982E-05 9.9982E-05 0.0107526 0.0606646 0.137414 0.336094 0.454875
0.0718125 0.0115834 0.0737456 9.9991E-05 0.0660542 0.131025 0.645679
9.9982E-05 0.0341803 0.0561172 9.9982E-05 0.138053 0.245709 0.52574
9.9982E-05 0.047131 9.9982E-05 0.106508 0.138058 0.277623 0.430479
0.0342715 0.000681901 0.0589237 0.0374649 0.139307 0.117482 0.611869
0.179533 0.0226417 0.0555022 0.0130214 0.0686198 0.255858 0.404824
0.0548887 9.9991E-05 0.109176 0.0205366 0.0844122 0.108305 0.622581
0.00943686 9.9991E-05 0.0217843 0.0610543 0.0892873 0.153511 0.664826
9.9991E-05 0.165286 0.0757761 0.0233009 0.0945603 0.333867 0.307109
0.189327 0.0689271 0.0240279 9.9991E-05 0.192926 0.326591 0.198101
0.111859 0.115971 9.9991E-05 0.0420131 0.351097 0.301534 0.0774256
0.0200328 0.068521 0.0318568 9.9991E-05 0.128306 0.387985 0.363198
0.00532121 0.181655 0.00537095 9.9991E-05 0.10103 0.219634 0.486888
9.9982E-05 0.0461551 0.0278518 9.9982E-05 0.0367817 0.420866 0.468145
0.0292019 0.0556718 9.9991E-05 0.00259432 0.0443411 0.490755 0.377336
9.9991E-05 0.0420496 0.0967838 0.0172879 0.0970771 0.100615 0.646087
0.170099 0.172416 9.9991E-05 0.050739 0.086999 0.311433 0.208214
0.228329 0.121019 0.0616209 0.084246 0.0714344 0.0135729 0.419778
0.449645 0.145271 0.124002 9.9991E-05 0.110819 0.156807 0.0133551
0.170247 0.177669 0.0693213 0.0599242 0.0995782 0.105034 0.318227
0.180305 0.110331 0.0844189 0.0933525 0.0539003 0.0301326 0.447559
0.448652 0.117523 0.00764842 9.9991E-05 0.0752761 0.0561624 0.294639
0.400401 0.0729123 0.0469723 9.9991E-05 0.140745 0.140656 0.198213
0.176372 0.0212957 0.0586706 9.9991E-05 0.226177 0.110569 0.406815
0.25805 0.225519 0.0810444 0.118043 0.135682 0.148792 0.0328694
0.249884 0.171898 9.9982E-05 9.9982E-05 0.131276 0.0817662 0.364975
0.148885 0.231534 9.9991E-05 0.0674822 0.106058 0.135731 0.31021
0.334747 9.9973E-05 0.277789 0.228542 9.9973E-05 9.9973E-05 0.158622
0.394442 9.9964E-05 0.503379 0.101779 9.9964E-05 9.9964E-05 9.9964E-05
0.512063 9.9964E-05 0.347505 0.140032 9.9964E-05 9.9964E-05 9.9964E-05
0.269543 9.9973E-05 0.369766 0.318316 9.9973E-05 9.9973E-05 0.0420749
0.19898 9.9964E-05 9.9964E-05 9.9964E-05 0.105883 9.9964E-05 0.694737
9.9964E-05 9.9964E-05 9.9964E-05 0.658946 9.9964E-05 0.0179345 0.32272
0.386081 0.126227 9.9973E-05 9.9973E-05 0.182444 9.9973E-05 0.304948
0.518162 9.9964E-05 9.9964E-05 9.9964E-05 0.281704 9.9964E-05 0.199734
0.15412 0.124837 9.9973E-05 9.9973E-05 0.132767 9.9973E-05 0.587976
0.224019 9.9991E-05 0.02618 0.00703565 0.129855 0.0236569 0.589154
0.254742 9.9982E-05 9.9982E-05 0.0374463 0.11333 0.0123861 0.581895
0.437142 0.0711989 9.9982E-05 9.9982E-05 0.227805 0.0491223 0.214531
9.9955E-05 9.9955E-05 9.9955E-05 0.972815 0.0266848 9.9955E-05 9.9955E-05
0.0028045 9.9973E-05 9.9973E-05 0.889793 0.0414145 9.9973E-05 0.0656877
9.9955E-05 9.9955E-05 9.9955E-05 0.699296 9.9955E-05 9.9955E-05 0.300204
0.00772319 9.9982E-05 0.031332 0.779093 9.9982E-05 0.0492689 0.132383
9.995E-05 9.995E-05 9.995E-05 0.9994 9.995E-05 9.995E-05 9.995E-05
0.0019001 9.9973E-05 9.9973E-05 0.938931 0.00302729 0.0558414 9.9973E-05
9.9955E-05 9.9955E-05 9.9955E-05 0.874025 9.9955E-05 9.9955E-05 0.125475
9.9964E-05 9.9964E-05 9.9964E-05 0.949296 9.9964E-05 0.0407252 0.00957914
9.995E-05 9.995E-05 9.995E-05 0.9994 9.995E-05 9.995E-05 9.995E-05
9.9955E-05 9.9955E-05 0.00468496 0.994815 9.9955E-05 9.9955E-05 9.9955E-05
9.9982E-05 9.9982E-05 0.0102509 0.751703 0.00500141 0.00432764 0.228517
9.9982E-05 0.0244798 0.0751705 0.771973 0.00485149 9.9982E-05 0.123325
9.9955E-05 0.0326116 9.9955E-05 0.966889 9.9955E-05 9.9955E-05 9.9955E-05
9.9973E-05 0.0673059 0.0510541 0.758114 9.9973E-05 9.9973E-05 0.123226
9.9973E-05 9.9973E-05 0.0305208 0.846398 9.9973E-05 0.0793331 0.0434482
9.9973E-05 0.0170898 0.0100751 0.950636 9.9973E-05 9.9973E-05 0.0218994
9.9982E-05 0.0101807 0.0303446 0.903615 0.0166331 0.0390263 9.9982E-05
9.995E-05 9.995E-05 9.995E-05 0.9994 9.995E-05 9.995E-05 9.995E-05
0.0251719 9.9991E-05 0.0400761 0.599206 0.0665572 0.0479054 0.220984
9.9973E-05 9.9973E-05 9.9973E-05 0.881299 0.0633495 0.0441432 0.0109084
0.726911 0.0234946 0.19935 0.0499442 9.9973E-05 9.9973E-05 9.9973E-05
0.231851 9.9982E-05 0.187994 0.0516915 9.9982E-05 0.0795118 0.448752
0.275993 0.0311882 0.195778 0.0848615 0.0226729 9.9991E-05 0.389406
0.373739 9.9991E-05 0.20006 0.112268 0.0783564 0.0757856 0.159692
0.337304 0.0905997 0.189157 0.167785 0.0186923 9.9991E-05 0.196361
0.332988 0.0507236 0.0871474 0.1768 9.9982E-05 9.9982E-05 0.35214
0.298308 9.9973E-05 0.107517 0.191592 9.9973E-05 9.9973E-05 0.402282
0.354982 9.9973E-05 0.136542 0.210458 9.9973E-05 9.9973E-05 0.297718
0.0254095 0.041966 0.831475 9.9991E-05 0.0572848 0.0398931 0.00387183
9.9964E-05 9.9964E-05 0.898562 0.054701 0.0463367 9.9964E-05 9.9964E-05
0.0481563 9.9964E-05 0.92066 9.9964E-05 9.9964E-05 0.0307839 9.9964E-05
9.9964E-05 9.9964E-05 0.905735 9.9964E-05 9.9964E-05 0.0767664 0.0170991
9.9964E-05 9.9964E-05 0.886516 9.9964E-05 9.9964E-05 0.0304775 0.0826062
0.00380073 0.00620615 0.866687 0.103488 0.0196182 9.9982E-05 9.9982E-05
9.9973E-05 9.9973E-05 0.833423 0.115522 9.9973E-05 0.0267216 0.0240338
0.0452442 9.99787E-05 0.86597 9.99787E-05 0.0288625 0.0596234 9.99787E-05
9.9964E-05 9.9964E-05 0.892225 0.0335788 0.073796 9.9964E-05 9.9964E-05
0.0990132 9.9973E-05 0.789272 0.0896418 9.9973E-05 0.0217735 9.9973E-05
9.9982E-05 0.0598409 0.569038 0.00892314 0.0664532 0.295545 9.9982E-05
0.00274249 0.0654305 0.561642 9.9973E-05 9.9973E-05 0.369885 9.9973E-05
0.134222 0.0448363 0.491643 9.9982E-05 0.036623 0.292475 9.9982E-05
9.9973E-05 0.0772157 0.461976 9.9973E-05 0.0643595 0.396149 9.9973E-05
9.9991E-05 0.211619 0.0337385 0.0126334 0.0501675 0.121229 0.570513
9.9991E-05 0.0839853 0.0467988 0.0601239 0.0807065 0.151614 0.576671
0.0202389 0.169173 0.0458261 9.9991E-05 0.0528904 0.262564 0.449207
0.00744368 0.0613285 9.9991E-05 0.0129846 0.153838 0.587406 0.176899
0.026223 0.167072 0.0456521 0.0267378 0.0773993 9.9991E-05 0.656816
0.0302542 0.22088 0.00465662 9.9991E-05 0.0316518 0.0338995 0.678558
0.0656766 0.369337 0.0446538 0.00771067 9.9991E-05 0.014056 0.498466
9.9982E-05 0.499974 9.9982E-05 0.0337842 0.0824065 0.0207193 0.362916
9.9982E-05 0.308475 0.0335962 9.9982E-05 0.0286404 0.142305 0.486784
0.0296373 0.768084 9.9964E-05 9.9964E-05 0.201879 9.9964E-05 9.9964E-05
0.11442 0.517421 9.9973E-05 9.9973E-05 0.106469 9.9973E-05 0.261391
0.041638 0.355114 9.9991E-05 0.00293493 0.0221267 0.0640997 0.513986
9.9973E-05 0.626838 0.020914 9.9973E-05 9.9973E-05 0.210452 0.141496
0.12539 9.9973E-05 0.0872171 9.9973E-05 9.9973E-05 0.785697 0.00139631
0.0831545 9.9982E-05 0.0737269 9.9982E-05 0.0222788 0.782101 0.0385394
0.0178916 9.9964E-05 9.9964E-05 9.9964E-05 0.0117115 0.969997 9.9964E-05
0.0073445 9.9973E-05 0.0925376 9.9973E-05 0.0522929 0.847525 9.9973E-05
0.0276809 9.9982E-05 9.9982E-05 0.055599 0.0230932 0.878884 0.0145432
0.0166004 9.9991E-05 0.0600444 0.0942591 0.0167298 0.804279 0.00798697
9.9973E-05 0.023541 0.816199 0.016496 9.9973E-05 9.9973E-05 0.143464
0.0200812 9.9973E-05 0.814946 9.9973E-05 0.0561362 9.9973E-05 0.108537
0.046922 9.9973E-05 0.747517 0.0955453 9.9973E-05 9.9973E-05 0.109716
9.9973E-05 9.9973E-05 0.741652 0.0922066 9.9973E-05 0.0500561 0.115785
9.9982E-05 0.0304427 0.744472 0.116474 9.9982E-05 0.0295677 0.0788437
0.0654686 0.0252 0.367654 9.9973E-05 9.9973E-05 0.541377 9.9973E-05
0.100295 0.0321122 0.367096 9.9982E-05 0.0903977 0.409899 9.9982E-05
9.9973E-05 0.0409665 0.451861 9.9973E-05 0.0399401 0.466932 9.9973E-05
9.9964E-05 9.9964E-05 0.796728 0.0162057 9.9964E-05 9.9964E-05 0.186667
9.9964E-05 0.136938 0.35901 9.9964E-05 9.9964E-05 0.503652 9.9964E-05
0.227179 9.9973E-05 0.107662 0.372245 9.9973E-05 9.9973E-05 0.292614
9.9964E-05 9.9964E-05 0.237377 0.246606 9.9964E-05 9.9964E-05 0.515616
0.179449 0.00669403 0.179768 0.259789 9.9991E-05 0.0486314 0.325568
0.344531 9.9964E-05 0.30791 0.347159 9.9964E-05 9.9964E-05 9.9964E-05
0.029305 0.000465356 0.0266191 9.9991E-05 0.0865258 0.344809 0.512176
0.0795208 0.0317701 9.9991E-05 0.0133661 0.249889 0.257079 0.368275
9.9982E-05 0.0383578 0.0824671 9.9982E-05 0.0021863 0.518112 0.358677
9.9982E-05 0.150903 9.9982E-05 0.022201 0.257884 0.0886422 0.48017
0.32108 0.248263 9.9973E-05 9.9973E-05 0.275827 0.15453 9.9973E-05
0.0565205 9.9991E-05 0.0957142 0.00806009 0.158998 0.202019 0.478588
0.109308 0.0267669 0.0282132 9.9991E-05 0.0668015 0.369326 0.399484
0.247941 0.17623 9.9982E-05 9.9982E-05 0.127044 0.295444 0.153141
0.064507 0.135909 9.9991E-05 0.140693 0.241224 0.0648854 0.352682
0.0394552 0.027856 9.9991E-05 0.0798246 0.0585599 0.309539 0.484665
0.0575672 0.101047 0.178481 0.124724 9.9991E-05 0.0704196 0.46766
0.0539772 0.027174 9.9991E-05 0.0256575 0.241316 0.208167 0.443608
0.0740037 0.0708682 0.0649619 0.0138902 0.1607 0.195306 0.42027
0.107041 9.9982E-05 9.9982E-05 0.0818943 0.236075 0.0862592 0.48853
0.0430706 0.136642 0.0418749 9.9991E-05 0.101674 0.139778 0.53686
0.0522497 0.101657 0.106695 0.00463458 0.0202272 0.0268012 0.687735
9.9964E-05 9.9964E-05 0.772838 0.0504145 9.9964E-05 9.9964E-05 0.176348
9.9964E-05 9.9964E-05 0.852276 9.9964E-05 0.0433342 9.9964E-05 0.10399
0.0420438 0.0244931 0.791621 0.000101601 0.0824592 0.0227487 0.0365322
9.9982E-05 0.0958393 0.795852 0.0318586 9.9982E-05 0.0135209 0.0627291
9.9955E-05 9.9955E-05 0.83423 9.9955E-05 9.9955E-05 9.9955E-05 0.16527
0.011653 0.044345 0.00278923 0.0243255 0.0377157 0.604657 0.274514
0.00608632 0.0404183 9.9991E-05 0.113811 0.0617134 0.0905957 0.687275
9.9991E-05 0.138407 0.098581 0.0126196 0.0200503 0.248907 0.481336
0.184441 9.9991E-05 0.0232805 0.064888 0.18177 0.302547 0.242973
0.101677 0.163052 0.095506 9.9991E-05 0.00182819 0.580397 0.0574395
9.9982E-05 0.0943574 9.9982E-05 0.0524725 0.0198713 0.249645 0.583454
9.9982E-05 9.9982E-05 0.0903311 0.00242314 0.123994 0.487098 0.295953
0.0957592 0.145325 0.0384726 0.0439705 0.0569949 0.16484 0.454637
0.0270236 0.0975079 0.0749915 0.0612422 0.0803484 0.511078 0.147809
0.0678197 0.0400678 0.0310253 0.0598176 0.0912046 0.554295 0.15577
0.0692305 0.0482176 0.0228678 0.116041 0.160174 0.295062 0.288407
0.442895 9.9973E-05 9.9973E-05 9.9973E-05 0.172117 0.114282 0.270405
0.354072 9.9982E-05 0.0298687 9.9982E-05 0.0505371 0.00972887 0.555593
0.484653 0.049743 9.9973E-05 9.9973E-05 0.113718 9.9973E-05 0.351586
0.215821 9.9982E-05 0.0320987 9.9982E-05 0.0825343 0.112871 0.556475
0.527589 0.112917 9.9982E-05 9.9982E-05 0.164335 0.0501899 0.144769
0.57169 0.0655867 9.9973E-05 9.9973E-05 0.0948486 9.9973E-05 0.267575
0.272331 9.9973E-05 9.9973E-05 9.9973E-05 0.172959 0.0874798 0.46693
0.425124 0.111609 9.9982E-05 9.9982E-05 0.158705 0.080129 0.224232
0.234651 0.14172 9.9973E-05 9.9973E-05 9.9973E-05 0.0736834 0.549645
9.9982E-05 0.146892 0.0298582 9.9982E-05 0.0855748 0.64223 0.0952452
0.103546 0.0426727 9.9991E-05 0.0273591 0.220827 0.38882 0.216675
0.0240205 0.0625021 0.0229722 0.0561804 0.154158 0.283866 0.396301
0.0144858 0.0294542 0.0499285 0.0758193 0.0493795 0.130938 0.649995
0.0233613 0.179858 9.9973E-05 9.9973E-05 9.9973E-05 0.453994 0.342486
9.9991E-05 0.094957 0.0447354 0.0699273 0.104266 0.249024 0.43699
9.9982E-05 0.182183 0.0690732 0.0670983 9.9982E-05 0.256907 0.424539
9.9973E-05 0.137465 9.9973E-05 0.0980932 9.9973E-05 0.438062 0.32608
0.110042 0.0300504 9.9991E-05 0.0936823 0.0398857 0.378577 0.347662
0.0669954 0.0155971 9.9991E-05 0.0985462 0.109671 0.184647 0.524443
0.183181 9.9991E-05 0.00411357 0.0484436 0.152941 0.250122 0.361099
0.0663325 0.0494006 9.9991E-05 0.103439 0.127941 0.133616 0.519171
0.172172 9.9991E-05 0.0127324 0.0965155 0.0230796 0.40335 0.292051
9.9991E-05 0.00182715 0.0420991 0.107478 0.102856 0.229364 0.516277
0.13192 0.00228702 0.313602 0.153913 9.9982E-05 9.9982E-05 0.398078
0.061273 0.0664678 0.132618 0.156377 0.0681474 9.9991E-05 0.515017
0.112499 0.0348282 0.115228 0.120509 9.9991E-05 0.056987 0.559848
0.0144866 0.053263 0.146012 0.244315 0.0661058 9.9991E-05 0.475718
0.0528377 9.9982E-05 9.9982E-05 0.00777648 0.153004 0.262043 0.524138
0.484664 0.151415 0.131439 0.162076 9.9991E-05 0.0564429 0.013864
0.125779 9.9991E-05 0.0632477 0.117879 0.0326014 0.0462703 0.614122
0.0343183 9.9991E-05 0.077373 0.241474 0.0406745 0.0943574 0.511703
0.245529 0.108886 0.145393 0.125577 9.9991E-05 0.0327435 0.341772
0.162956 9.9973E-05 0.208995 0.0820986 9.9973E-05 9.9973E-05 0.54565
0.345399 0.020799 0.442067 0.172529 0.0190066 9.9982E-05 9.9982E-05
0.167146 0.0164724 0.123332 0.262448 9.9991E-05 0.025772 0.404729
0.0600809 0.033383 0.151651 0.119296 0.0136847 0.101188 0.520717
9.9982E-05 0.0173489 0.0538674 0.0623644 0.387636 9.9982E-05 0.478584
9.9964E-05 0.0769916 9.9964E-05 9.9964E-05 0.835493 0.0871159 9.9964E-05
9.9973E-05 0.0276983 0.0368582 9.9973E-05 0.861304 0.0738397 9.9973E-05
0.130274 9.9982E-05 0.115991 0.314982 0.0975954 9.9982E-05 0.340957
0.056827 0.0437663 0.0879669 0.397157 0.210597 9.9991E-05 0.203586
0.234066 9.9991E-05 0.129693 0.304968 0.136403 0.0122026 0.182567
0.0446816 9.9982E-05 0.172494 0.243696 0.212297 9.9982E-05 0.326632
0.114867 9.9982E-05 0.124189 0.0712192 0.670273 9.9982E-05 0.0192531
0.0772205 9.9982E-05 0.158173 0.103683 0.596951 9.9982E-05 0.0637727
9.9973E-05 9.9973E-05 0.0062952 0.167434 0.408128 9.9973E-05 0.417843
9.9973E-05 9.9973E-05 0.0184819 0.176754 0.438569 9.9973E-05 0.365895
9.9973E-05 9.9973E-05 0.073169 0.178065 0.681453 9.9973E-05 0.0670132
9.9991E-05 0.00514794 0.0831671 0.118653 0.213892 0.0630217 0.516019
9.9982E-05 9.9982E-05 0.0252524 0.161235 0.389186 0.0264563 0.39767
9.9973E-05 9.9973E-05 0.0211914 9.9973E-05 0.568489 0.100585 0.309434
0.00730221 0.00180491 0.0291627 0.0806434 0.522376 0.0423998 0.316311
9.9982E-05 0.0467002 0.0964392 9.9982E-05 0.377139 0.102277 0.377245
0.0483115 0.0125924 9.9982E-05 0.0630101 0.487849 9.9982E-05 0.388037
9.9973E-05 9.9973E-05 0.000854208 9.9973E-05 0.753694 0.071386 0.173766
9.9982E-05 0.0168845 0.0393579 0.0108268 0.36826 9.9982E-05 0.564471
9.9973E-05 9.9973E-05 0.0106542 9.9973E-05 0.664064 0.0502555 0.274726
0.0173298 0.004049 0.0439024 0.0308344 0.477581 0.0234034 0.4029
0.089237 9.9991E-05 0.241531 0.202757 0.0297773 0.0101894 0.426408
0.106174 0.0926159 0.168738 0.137742 0.0372371 0.11182 0.345673
0.0559044 9.9982E-05 0.210054 0.121753 0.605371 0.00671809 9.9982E-05
0.0371338 9.9982E-05 0.0920045 0.214211 0.106696 9.9982E-05 0.549755
0.254403 9.9973E-05 0.319723 0.0973537 0.32822 9.9973E-05 9.9973E-05
9.9973E-05 9.9973E-05 0.100999 0.236359 0.289414 9.9973E-05 0.372928
9.9955E-05 0.0415748 9.9955E-05 9.9955E-05 0.957925 9.9955E-05 9.9955E-05
9.9955E-05 0.0431784 9.9955E-05 9.9955E-05 0.956322 9.9955E-05 9.9955E-05
9.9955E-05 9.9955E-05 9.9955E-05 9.9955E-05 0.544603 9.9955E-05 0.454898
9.9964E-05 9.9964E-05 0.0611872 9.9964E-05 0.404203 9.9964E-05 0.534209
9.9964E-05 9.9964E-05 9.9964E-05 9.9964E-05 0.64193 0.00406915 0.353601
9.9982E-05 0.0409129 0.0169264 9.9982E-05 0.43495 0.00180607 0.505205
9.9964E-05 9.9964E-05 9.9964E-05 0.0335755 0.49256 9.9964E-05 0.473465
9.9973E-05 9.9973E-05 0.777763 0.0468497 0.108755 9.9973E-05 0.066332
9.9973E-05 0.0813883 0.659263 0.109627 9.9973E-05 0.149422 9.9973E-05
9.9964E-05 9.9964E-05 0.85331 0.0865912 9.9964E-05 0.0596987 9.9964E-05
9.9964E-05 9.9964E-05 0.906932 9.9964E-05 0.0292111 9.9964E-05 0.0634573
0.0207092 0.291832 0.0874444 9.9982E-05 0.108019 9.9982E-05 0.491795
9.9982E-05 0.35904 0.0155261 9.9982E-05 0.0112902 0.0685878 0.545356
9.9991E-05 0.426688 0.00301414 0.0481479 0.071315 0.163908 0.286827
9.9964E-05 0.309898 9.9964E-05 0.0180138 9.9964E-05 9.9964E-05 0.671688
0.0917936 0.422935 9.9973E-05 9.9973E-05 0.091833 9.9973E-05 0.393139
0.087305 0.0345261 0.271035 0.17768 9.9991E-05 0.00709424 0.422259
0.0722842 0.351553 9.9982E-05 0.0234663 9.9982E-05 0.0408084 0.511688
9.9973E-05 0.406794 9.9973E-05 0.00488109 9.9973E-05 0.166903 0.421123
0.00999851 0.313487 9.9982E-05 0.0149425 0.0764374 9.9982E-05 0.584934
9.9982E-05 0.34328 0.0267476 9.9982E-05 0.0187113 0.118338 0.492723
9.9982E-05 0.354619 0.017669 0.0461909 0.108835 9.9982E-05 0.472486
9.9964E-05 0.89653 9.9964E-05 9.9964E-05 0.00523541 9.9964E-05 0.0978345
0.0291842 0.574058 9.9982E-05 9.9982E-05 0.0618099 0.0012201 0.333528
9.9982E-05 0.559158 0.0123115 9.9982E-05 0.00244633 0.0252764 0.400608
0.117317 0.882183 9.9955E-05 9.9955E-05 9.9955E-05 9.9955E-05 9.9955E-05
0.000451137 0.331507 0.0862842 9.9991E-05 0.00019422 0.0844518 0.497011
0.244654 0.534081 9.9973E-05 9.9973E-05 0.0614975 9.9973E-05 0.159467
0.132434 0.822575 9.9964E-05 9.9964E-05 0.0445906 9.9964E-05 9.9964E-05
0.115941 0.203818 9.9973E-05 0.0444062 9.9973E-05 9.9973E-05 0.635536
9.9991E-05 0.573248 0.0501368 0.00955448 0.0282022 0.0856107 0.253148
0.0845883 0.355568 0.0145477 0.0937481 9.9991E-05 0.0436417 0.407806
0.0127591 0.305362 0.00520764 0.039443 9.9991E-05 0.0685271 0.568601
0.107986 0.0721905 9.9991E-05 0.119697 0.192489 0.279355 0.228182
9.9982E-05 0.305422 0.085256 9.9982E-05 0.00701455 0.0123185 0.58979
9.9991E-05 0.273053 0.0417533 0.0378756 0.041955 0.0639504 0.541313
0.00455277 0.62892 9.9964E-05 9.9964E-05 9.9964E-05 9.9964E-05 0.366127
0.0167439 0.0240163 0.657022 9.9982E-05 0.00317251 0.298846 9.9982E-05
0.0956272 0.0646967 0.7024 0.0385708 9.9982E-05 0.0985056 9.9982E-05
0.0333735 9.9964E-05 0.783368 9.9964E-05 9.9964E-05 0.182859 9.9964E-05
0.0711337 9.9964E-05 0.779783 9.9964E-05 9.9964E-05 0.148683 9.9964E-05
0.0446622 9.9973E-05 0.710888 9.9973E-05 9.9973E-05 0.201319 0.0428308
9.9982E-05 0.669261 0.0115539 0.0948743 9.9982E-05 0.114586 0.109525
9.9973E-05 0.54745 0.103582 9.9973E-05 9.9973E-05 0.163693 0.184975
0.0252566 0.752799 9.9982E-05 0.0164345 0.0337977 9.9982E-05 0.171512
0.0446503 0.460084 0.0460626 9.9991E-05 0.0425176 0.000392507 0.406193
0.0654061 0.23809 0.00131479 0.0811943 9.9982E-05 9.9982E-05 0.613795
0.0103207 0.452258 0.0638267 0.0977135 0.0368383 9.9991E-05 0.338943
0.0623554 0.236601 0.00768636 9.9991E-05 0.0223802 0.10104 0.569837
9.9973E-05 0.597396 9.9973E-05 0.0610331 9.9973E-05 0.133642 0.207629
9.9973E-05 0.517074 0.0247926 9.9973E-05 9.9973E-05 0.0557433 0.40209
9.9964E-05 0.446297 9.9964E-05 9.9964E-05 9.9964E-05 0.122531 0.430772
0.174933 0.00769994 0.102031 9.9982E-05 9.9982E-05 0.101364 0.613771
9.9973E-05 0.410337 0.0223136 9.9973E-05 9.9973E-05 0.0959759 0.471073
0.0328559 0.348399 9.9991E-05 0.0433396 0.00298367 0.0754592 0.496863
0.0369758 0.0138961 0.0482248 0.493563 0.0272011 9.9991E-05 0.380039
0.145556 9.9973E-05 0.114668 0.492191 9.9973E-05 9.9973E-05 0.247285
0.134424 0.244673 0.0149645 0.0642532 0.0395523 9.9991E-05 0.502032
0.12371 9.9973E-05 0.203058 0.629149 9.9973E-05 9.9973E-05 0.0437836
0.0351086 0.0590025 0.0915536 0.50405 0.0417962 9.9991E-05 0.268389
0.248988 0.0874067 0.095447 0.239199 9.9982E-05 9.9982E-05 0.328759
0.26428 9.9982E-05 0.121713 9.9982E-05 0.0223835 0.000668505 0.590755
0.301073 9.9973E-05 0.102344 9.9973E-05 9.9973E-05 0.128259 0.468024
9.99796E-05 0.0543836 0.125662 0.524295 9.99796E-05 9.99796E-05 0.295359
0.0459702 9.9973E-05 0.0708894 0.417008 9.9973E-05 9.9973E-05 0.465832
0.00663881 0.0523408 0.10804 0.523607 0.0546301 0.00803908 0.246704
0.0430822 0.0110885 0.105014 0.558534 0.0507344 0.0148241 0.216722
0.307827 0.0168368 0.053972 0.00969079 9.9991E-05 0.0174611 0.594112
0.0822937 9.9973E-05 0.135194 0.682991 9.9973E-05 9.9973E-05 0.0992213
0.388668 9.9973E-05 0.0394955 9.9973E-05 9.9973E-05 0.338682 0.232855
0.201121 9.9973E-05 9.9973E-05 0.0687508 9.9973E-05 0.0841698 0.645659
0.143556 9.9991E-05 0.0780738 0.00340632 0.0120369 0.129633 0.633194
0.272165 0.0829237 0.12975 9.9973E-05 9.9973E-05 9.9973E-05 0.514862
0.0728824 0.1838 0.233074 0.171143 9.9991E-05 0.00601884 0.332982
0.0336973 0.0795716 0.200169 0.333093 0.102989 9.9991E-05 0.25038
0.0761195 9.9973E-05 0.192859 0.598691 9.9973E-05 9.9973E-05 0.13203
0.279223 9.9973E-05 0.0819808 9.9973E-05 9.9973E-05 0.0925773 0.545919
0.554388 0.0589699 0.0171434 0.0535178 9.9991E-05 0.097183 0.218698
0.148818 0.0609569 0.121795 0.0174979 0.0522504 0.133684 0.464998
0.23534 9.9973E-05 0.171822 0.132155 9.9973E-05 9.9973E-05 0.460383
0.61233 0.00444419 0.233879 0.149047 9.9973E-05 9.9973E-05 9.9973E-05
0.696484 9.9964E-05 0.214013 0.0891034 9.9964E-05 9.9964E-05 9.9964E-05
0.373987 0.0408146 0.075481 0.157633 0.0250654 0.0953157 0.231703
0.570126 9.9973E-05 0.217151 0.165623 9.9973E-05 9.9973E-05 0.0468004
0.491953 9.9964E-05 0.27673 0.230917 9.9964E-05 9.9964E-05 9.9964E-05
0.294829 0.0192629 0.167639 0.0985847 0.037634 0.0328158 0.349234
0.11271 0.0762794 0.216436 0.145367 0.0749228 0.0391628 0.335122
0.318797 0.0843507 0.289535 0.176316 9.9982E-05 9.9982E-05 0.130801
0.547278 9.9973E-05 0.210771 0.0933084 9.9973E-05 9.9973E-05 0.148342
0.232802 0.0555036 0.056872 0.166341 0.0423335 9.9991E-05 0.446048
0.48023 0.0766892 0.170761 0.138117 9.9982E-05 9.9982E-05 0.134003
0.688068 9.9964E-05 0.295515 0.0160169 9.9964E-05 9.9964E-05 9.9964E-05
0.242569 9.9991E-05 0.144147 0.232205 0.0347983 0.0391464 0.307035
0.0145026 0.0877 0.302668 0.154762 9.9991E-05 0.074614 0.365654
0.0102061 9.9982E-05 0.175476 0.211449 0.00503159 9.9982E-05 0.597637
0.0975775 0.00955755 0.210164 0.261671 0.077552 9.9991E-05 0.343378
0.0643082 9.9982E-05 0.372973 0.243562 9.9982E-05 0.028323 0.290634
9.9991E-05 0.0300197 0.211385 0.179823 0.00952512 0.091592 0.477555
0.0656597 0.0174188 0.279156 0.233961 9.9991E-05 0.0236738 0.380031
0.0518916 9.9982E-05 0.233192 0.258901 0.0655332 9.9982E-05 0.390283
0.0779378 0.139403 0.123221 0.209672 0.0486205 0.166278 0.234868
0.111857 9.9982E-05 0.258037 0.283439 0.00440297 9.9982E-05 0.342064
0.271365 0.0469755 0.291747 0.269348 9.9982E-05 9.9982E-05 0.120364
0.124949 9.9982E-05 0.208803 0.388204 0.124354 9.9982E-05 0.153491
0.0249803 0.0422802 0.787572 9.9973E-05 9.9973E-05 0.144867 9.9973E-05
0.011286 0.0193555 0.0182681 0.0645905 0.0191855 0.797281 0.0700337
9.9964E-05 9.9964E-05 9.9964E-05 0.00124028 0.0734504 0.924909 9.9964E-05
9.9955E-05 9.9955E-05 0.00682962 9.9955E-05 9.9955E-05 0.992671 9.9955E-05
0.00585079 9.9982E-05 9.9982E-05 0.0323285 0.00813752 0.917828 0.035655
9.9964E-05 9.9964E-05 9.9964E-05 0.0689322 9.9964E-05 0.903677 0.0269909
0.00942772 9.9964E-05 9.9964E-05 9.9964E-05 9.9964E-05 0.839343 0.15083
9.9964E-05 0.065573 0.00699706 9.9964E-05 9.9964E-05 0.92703 9.9964E-05
9.9964E-05 9.9964E-05 0.166752 0.036753 9.9964E-05 0.796096 9.9964E-05
9.9964E-05 9.9964E-05 0.87126 9.9964E-05 0.0101634 9.9964E-05 0.118177
9.9991E-05 0.0300197 0.737817 0.0311066 0.0238592 0.110767 0.0663307
0.0298304 0.0476392 0.847752 0.0576515 9.9991E-05 0.00566601 0.0113606
0.0296397 9.9982E-05 0.772763 9.9982E-05 0.00516649 0.143683 0.048548
0.0288646 0.0434388 0.845146 0.0536815 9.9982E-05 0.028669 9.9982E-05
0.00958387 9.9982E-05 0.842979 0.0306112 0.0464504 0.0701756 9.9982E-05
9.9964E-05 9.9964E-05 0.62097 0.260498 9.9964E-05 0.118132 9.9964E-05
9.9973E-05 0.0482018 0.797896 0.0927467 9.9973E-05 0.060856 9.9973E-05
0.0288122 9.9982E-05 0.707403 0.0957555 0.00888463 0.158945 9.9982E-05
0.00612484 0.04461 0.877825 0.07114 9.9973E-05 9.9973E-05 9.9973E-05
9.9964E-05 9.9964E-05 0.929064 9.9964E-05 0.0415194 0.0290167 9.9964E-05
0.00892977 9.9991E-05 0.848674 0.0718827 0.0244072 0.033633 0.0123734
0.00723496 9.9973E-05 0.956362 0.0157856 9.9973E-05 0.0203174 9.9973E-05
0.0442956 9.9973E-05 0.892058 0.0182654 9.9973E-05 9.9973E-05 0.0450806
9.9973E-05 0.0113683 0.833666 0.00782839 9.9973E-05 9.9973E-05 0.146837
9.9964E-05 9.9964E-05 0.84991 0.0427816 9.9964E-05 9.9964E-05 0.106908
9.9964E-05 9.9964E-05 0.764069 0.133808 9.9964E-05 9.9964E-05 0.101723
9.9964E-05 9.9964E-05 0.767616 0.0343515 9.9964E-05 9.9964E-05 0.197632
9.9964E-05 9.9964E-05 0.817903 0.0809841 9.9964E-05 9.9964E-05 0.100713
0.304869 0.135851 0.112513 9.9982E-05 9.9982E-05 0.0623413 0.384226
0.18047 0.0727275 0.0182248 9.9973E-05 9.9973E-05 9.9973E-05 0.728278
0.627879 0.103858 9.9973E-05 9.9973E-05 0.0586935 9.9973E-05 0.209269
0.226555 0.0196946 0.0787247 0.0183893 9.9991E-05 0.11322 0.543316
0.77288 9.9955E-05 9.9955E-05 9.9955E-05 9.9955E-05 9.9955E-05 0.22662
0.275745 9.9973E-05 0.0515059 0.0464536 9.9973E-05 9.9973E-05 0.625995
0.343966 0.0188985 9.9973E-05 9.9973E-05 9.9973E-05 0.165737 0.471098
0.208112 9.9973E-05 0.0462834 9.9973E-05 9.9973E-05 0.100326 0.644979
9.9991E-05 0.313302 0.0184136 0.00324952 0.0387131 0.0602143 0.566008
0.409875 9.9973E-05 0.0116635 9.9973E-05 9.9973E-05 0.131227 0.446935
0.136798 9.9982E-05 0.0504754 9.9982E-05 0.0254447 0.157132 0.62995
0.0615513 0.20862 9.9991E-05 0.0592825 0.214261 0.415154 0.0410312
0.658654 0.00559395 9.9973E-05 9.9973E-05 0.215082 0.120371 9.9973E-05
0.731899 9.9964E-05 9.9964E-05 9.9964E-05 9.9964E-05 0.0378215 0.22988
0.333723 9.9973E-05 0.0403889 9.9973E-05 9.9973E-05 0.0258425 0.599746
0.359072 0.00150401 0.0435287 0.00140477 9.9982E-05 9.9982E-05 0.59429
0.0608963 9.9982E-05 0.225501 0.128243 0.00566477 9.9982E-05 0.579496
0.0908796 9.9982E-05 0.172353 0.108139 0.00775018 9.9982E-05 0.620678
0.045602 0.0825067 0.426522 0.181996 0.0602786 0.152172 0.0509219
0.0218267 0.0936626 0.161075 0.198531 0.0266356 0.137303 0.360965
0.467136 9.9973E-05 0.310052 0.196843 0.0256686 9.9973E-05 9.9973E-05
0.151487 0.0305614 0.224438 0.173151 0.0559432 9.9991E-05 0.36432
0.146536 0.0427789 0.305083 0.174931 9.9991E-05 0.0416458 0.288925
0.00862418 0.0591408 0.299748 0.0924091 9.9991E-05 0.129557 0.410421
0.0617841 0.0611166 0.170339 0.144432 0.0294013 9.9991E-05 0.532827
0.191925 0.0397027 0.148176 0.186946 0.0134123 0.0258256 0.394012
0.0913329 9.9973E-05 0.451543 0.124999 9.9973E-05 9.9973E-05 0.331826
