9.9982E-05 0.0546156 0.0605324 0.0343291 0.823319 0.0270038 9.9982E-05
0.0317652 0.0274153 9.9973E-05 9.9973E-05 0.910419 9.9973E-05 0.0301007
9.999E-05 0.0518373 0.0913021 0.0428445 0.732558 0.0645219 0.0168361
9.999E-05 0.0423653 0.0149672 0.0797698 0.772179 0.0738063 0.0168122
9.9982E-05 0.00581179 0.0903903 0.0287132 0.864431 0.0104537 9.9982E-05
0.114043 0.0526228 0.100804 0.0673825 0.620527 0.0382132 0.00640686
0.0854939 0.0858041 9.9973E-05 0.0626331 0.765769 9.9973E-05 9.9973E-05
0.137647 0.0225608 9.9982E-05 0.170394 0.639038 0.0301595 9.9982E-05
0.0356561 0.00162058 9.9982E-05 0.115594 0.831026 9.9982E-05 0.0159039
0.0605594 0.0555606 0.0968468 0.0610597 0.623528 0.102346 9.9991E-05
0.10396 9.9973E-05 0.0780664 0.0970222 0.720651 9.9973E-05 9.9973E-05
9.9982E-05 9.9982E-05 0.238381 0.490306 0.00697175 0.0849893 0.179153
0.0161054 0.0622842 0.536796 0.299417 9.9982E-05 0.0851974 9.9982E-05
0.0565734 0.0386575 0.252272 0.493392 9.9991E-05 0.0867767 0.0722289
9.9982E-05 9.9982E-05 0.353856 0.329693 0.0957163 0.149221 0.0713138
9.9982E-05 9.9982E-05 0.452205 0.243137 0.128801 0.118685 0.0569724
0.0567365 0.0940263 0.434688 0.157426 9.9991E-05 0.0887585 0.168264
0.00523661 0.000629793 0.368968 0.32112 0.115788 0.11355 0.0747077
0.0989043 0.0168037 0.026 0.596849 0.0160561 0.0847869 0.1606
0.0637048 0.00912744 0.373499 0.273687 9.9991E-05 0.111522 0.16836
0.123562 0.0356851 0.444787 0.170883 0.0108946 0.104199 0.109989
0.106691 0.00338139 0.579934 0.205006 9.9982E-05 0.104787 9.9982E-05
0.0590436 0.0651236 0.309114 0.365435 0.0247185 0.0664954 0.11007
0.020648 0.0623534 0.541014 0.272785 9.9991E-05 0.0465766 0.0565234
9.9982E-05 0.0569697 0.208866 0.475701 9.9982E-05 0.112663 0.1456
9.999E-05 0.00961651 0.241845 0.406002 0.0466592 0.160515 0.135263
0.0830115 0.0178367 0.187575 0.435374 0.0113244 0.0691016 0.195777
9.995E-05 0.9994 9.995E-05 9.995E-05 9.995E-05 9.995E-05 9.995E-05
9.995E-05 0.9994 9.995E-05 9.995E-05 9.995E-05 9.995E-05 9.995E-05
0.0123801 0.389339 0.0830141 9.9982E-05 0.456335 9.9982E-05 0.0587318
9.9982E-05 0.235023 0.0536539 9.9982E-05 0.52571 0.0829725 0.10244
0.0139931 0.0484773 0.578637 0.163562 0.032011 9.9991E-05 0.16322
0.0837158 0.0391942 0.533756 0.0127129 9.9991E-05 0.0356777 0.294843
9.9982E-05 9.9982E-05 0.248933 0.61407 0.0924663 0.0101815 0.0341488
0.104686 0.0253761 0.286785 9.9991E-05 0.042082 0.0173642 0.523606
0.0695385 0.014915 0.689216 0.00544381 0.0577221 0.0133242 0.14984
0.103541 9.9982E-05 0.605831 0.087285 0.111188 9.9982E-05 0.0919546
0.0345158 0.0360033 0.670364 0.114131 0.117138 0.0119309 0.0159176
9.9982E-05 0.0284799 0.151874 0.138077 0.000291326 9.9982E-05 0.681078
0.148605 0.0167511 0.652194 0.0677981 0.0582731 0.00657028 0.0498088
0.0896814 9.9973E-05 0.360657 9.9973E-05 0.00286066 9.9973E-05 0.546501
0.387095 9.9964E-05 9.9964E-05 9.9964E-05 0.0427933 9.9964E-05 0.569711
0.161801 9.99816E-05 0.181491 0.425565 9.99816E-05 9.99816E-05 0.230844
0.434536 0.012224 0.133912 0.193474 0.010154 0.0201553 0.195546
0.0847588 0.0589406 0.166395 0.314669 0.0936238 9.9991E-05 0.281513
0.140416 0.00125909 0.571657 0.182754 0.0495515 9.9991E-05 0.0542623
0.162288 0.0535432 0.375536 0.253904 0.0369214 0.0110447 0.106763
0.0834011 0.0332108 0.0220817 0.411274 0.177579 0.0771917 0.195262
0.0580091 0.0115791 0.442388 0.247361 0.0979243 0.0615664 0.0811727
0.108749 0.0742681 0.0799613 0.608486 9.9982E-05 9.9982E-05 0.128335
0.0729046 0.0346346 0.545761 0.234228 9.9991E-05 0.0201 0.0922719
0.0909761 9.9991E-05 0.640228 0.0943776 0.0190824 0.0611177 0.0941179
0.141727 0.0507473 0.310165 0.29471 9.9991E-05 0.076592 0.125959
0.114066 0.0429061 0.398186 0.144566 9.9991E-05 0.119045 0.181131
0.178324 0.0521899 0.250685 0.365749 0.00570442 9.9991E-05 0.147247
9.9973E-05 0.0295255 0.529198 0.115703 9.9973E-05 9.9973E-05 0.325274
9.9991E-05 0.018936 0.189984 0.094636 0.00545984 0.000455327 0.690428
0.0431765 9.9973E-05 9.9973E-05 9.9973E-05 0.0229498 0.0279224 0.905651
0.0841753 9.9964E-05 9.9964E-05 9.9964E-05 0.00929721 9.9964E-05 0.906128
9.9964E-05 9.9964E-05 0.229789 9.9964E-05 9.9964E-05 0.024972 0.744839
9.9982E-05 0.0207524 0.419576 0.0739691 9.9982E-05 0.0481336 0.437369
9.9973E-05 0.047911 0.492519 9.9973E-05 0.0078716 9.9973E-05 0.451399
9.9982E-05 9.9982E-05 0.110505 0.123484 0.0214856 0.0535311 0.690794
9.9982E-05 0.0466889 0.218613 0.226069 0.0360492 9.9982E-05 0.47238
9.9982E-05 9.9982E-05 0.240366 0.0357686 0.0244857 0.0587826 0.640397
9.9982E-05 9.9982E-05 0.36188 0.00980062 0.0833554 0.0355891 0.509175
0.0118646 0.0411702 0.332984 9.9982E-05 9.9982E-05 0.0312055 0.582575
0.233446 9.9964E-05 9.9964E-05 9.9964E-05 9.9964E-05 0.0172381 0.748916
9.9991E-05 0.0916087 0.0404941 0.0691337 0.750118 0.0285468 0.0199991
9.9964E-05 0.110425 0.0788145 9.9964E-05 0.81036 9.9964E-05 9.9964E-05
9.9982E-05 0.110177 0.0253232 0.00942422 0.780244 0.0746319 9.9982E-05
9.9964E-05 0.0999601 0.0722644 9.9964E-05 0.827376 9.9964E-05 9.9964E-05
9.9973E-05 0.129202 9.9973E-05 9.9973E-05 0.754506 0.0631089 0.0528829
9.9973E-05 0.0702113 0.038169 9.9973E-05 0.840792 0.050528 9.9973E-05
9.9964E-05 0.0631907 0.0568271 9.9964E-05 0.879582 9.9964E-05 9.9964E-05
0.0502322 9.9973E-05 0.111177 0.12551 9.9973E-05 9.9973E-05 0.71278
9.9991E-05 0.0153983 0.44419 0.120183 0.0349481 0.0399759 0.345205
9.9982E-05 0.0196802 0.496901 9.9982E-05 0.0638167 0.0885027 0.330899
0.0259589 9.9973E-05 0.603269 9.9973E-05 0.0966341 9.9973E-05 0.273838
0.0700024 0.0216671 0.389963 9.9982E-05 9.9982E-05 0.111847 0.40632
0.0021383 9.9973E-05 9.9973E-05 0.204401 0.075404 9.9973E-05 0.717757
0.141151 9.9991E-05 0.28739 0.0251445 0.0657078 0.0192154 0.461291
9.9973E-05 0.02676 0.488288 9.9973E-05 0.0439659 9.9973E-05 0.440686
0.0116824 0.0653795 0.474549 0.143153 0.00683823 9.9991E-05 0.298298
9.9982E-05 0.0243364 0.314038 0.0143401 9.9982E-05 0.0185655 0.62852
9.9982E-05 9.9982E-05 0.33813 0.107247 0.0856155 0.043515 0.425293
0.220328 9.9991E-05 0.322276 0.266177 0.0434577 0.00369194 0.143969
0.00496902 9.9982E-05 0.452715 0.300672 0.169559 0.0718855 9.9982E-05
0.105652 0.0788303 0.525923 0.286316 0.0030788 9.9982E-05 9.9982E-05
0.0314978 0.0227051 0.628899 0.211837 9.9991E-05 0.0359751 0.0689865
0.0105042 0.0196407 0.509532 0.368767 0.00561816 0.019752 0.066186
0.0772567 0.00524225 0.57878 0.184913 0.0298699 9.9991E-05 0.123839
9.9982E-05 0.0102532 0.525304 0.405755 0.0319626 9.9982E-05 0.0265248
9.9973E-05 9.9973E-05 0.598883 0.233011 9.9973E-05 0.0683373 0.0994685
0.0142215 0.0359623 0.587735 0.119748 9.9991E-05 0.0708962 0.171337
0.189946 0.00159928 0.348294 0.386746 9.9982E-05 0.0732145 9.9982E-05
9.9982E-05 9.9982E-05 0.535027 0.164959 0.0504122 0.0993579 0.150043
0.0789552 0.00735299 0.692606 0.101488 0.0573094 0.0621887 9.9991E-05
0.0629701 0.0332689 0.27941 0.375887 0.00298794 0.0182512 0.227224
0.314815 9.9982E-05 0.151497 0.370975 9.9982E-05 0.0888478 0.0736646
0.317835 0.000212486 0.14577 0.330826 9.9991E-05 0.028164 0.177093
0.0866845 0.00619595 0.344186 0.444761 0.0163345 9.9991E-05 0.101738
0.0290069 9.9982E-05 0.464912 0.391137 0.00657594 9.9982E-05 0.108168
9.9982E-05 0.00530422 0.38288 0.425425 0.0536422 9.9982E-05 0.132549
0.0875314 9.9991E-05 0.38378 0.448354 0.00767553 0.00910395 0.0634555
0.021346 0.00712206 0.510197 0.279726 0.028437 0.0371195 0.116052
0.198593 0.013368 0.124713 0.363255 9.9991E-05 0.093673 0.206298
0.135361 9.9991E-05 0.574288 0.0223059 0.112197 0.0391158 0.116632
0.523458 0.0186439 0.13496 0.192764 0.129974 9.9982E-05 9.9982E-05
0.279506 0.0119788 0.328626 0.117426 0.0553012 0.0720289 0.135134
0.206202 0.0247773 0.405135 0.0373444 0.0980211 0.123203 0.105317
0.378916 0.0604536 0.303338 0.0708109 0.0709537 9.9991E-05 0.115428
0.494453 0.0486729 0.307821 0.103017 0.00170655 9.9991E-05 0.0442299
0.240757 9.9982E-05 0.525877 0.15621 0.0304847 9.9982E-05 0.0464711
0.344013 0.060664 0.0544218 0.128906 0.075318 0.108001 0.228676
0.3278 9.9973E-05 0.442948 0.104033 9.9973E-05 9.9973E-05 0.12492
0.26303 9.9982E-05 0.42178 0.0664774 9.9982E-05 0.0375056 0.211006
0.25668 0.0696513 0.147699 0.0131433 0.223581 0.289145 9.9991E-05
0.328063 9.9964E-05 9.9964E-05 9.9964E-05 0.504492 0.167046 9.9964E-05
0.468568 0.0188622 9.9973E-05 9.9973E-05 0.349335 0.162935 9.9973E-05
0.21773 0.0268405 0.00515821 0.0573072 0.326425 0.366439 9.9991E-05
0.240312 0.0188539 0.689139 9.9982E-05 9.9982E-05 0.000582275 0.0509133
9.9973E-05 0.0368874 0.29771 0.0264953 9.9973E-05 0.638607 9.9973E-05
0.467241 0.0397391 0.43462 9.9973E-05 9.9973E-05 9.9973E-05 0.0581005
0.65763 9.9964E-05 0.321483 9.9964E-05 9.9964E-05 9.9964E-05 0.0204876
0.241909 9.9973E-05 0.521157 9.9973E-05 9.9973E-05 0.0350316 0.201603
0.249546 0.0361894 0.466044 0.0745505 0.0131973 0.020987 0.139486
0.249829 9.9982E-05 0.625323 0.0540386 0.0331795 0.0374303 9.9982E-05
0.551542 0.00465864 0.326784 0.0364673 9.9982E-05 9.9982E-05 0.0803477
0.0454637 9.9955E-05 9.9955E-05 9.9955E-05 9.9955E-05 0.954037 9.9955E-05
9.9964E-05 9.9964E-05 0.0742675 9.9964E-05 9.9964E-05 0.865385 0.0599472
9.9964E-05 9.9964E-05 0.253288 9.9964E-05 0.036673 0.709639 9.9964E-05
9.9973E-05 0.00999791 0.174231 9.9973E-05 9.9973E-05 0.734033 0.0814379
9.995E-05 9.995E-05 9.995E-05 9.995E-05 9.995E-05 0.9994 9.995E-05
9.9973E-05 0.00470888 9.9973E-05 0.0661964 0.0222074 0.906587 9.9973E-05
9.9964E-05 0.0175433 0.199594 9.9964E-05 9.9964E-05 0.782462 9.9964E-05
9.9964E-05 0.0140739 9.9964E-05 9.9964E-05 9.9964E-05 0.94418 0.0413467
9.995E-05 9.995E-05 9.995E-05 9.995E-05 9.995E-05 0.9994 9.995E-05
9.995E-05 9.995E-05 9.995E-05 9.995E-05 9.995E-05 0.9994 9.995E-05
9.9973E-05 0.0353102 0.220596 0.0201528 9.9973E-05 0.723641 9.9973E-05
9.9982E-05 9.9982E-05 0.0393801 0.036573 0.0422993 0.798935 0.0826126
9.9973E-05 0.0104646 0.0107387 9.9973E-05 9.9973E-05 0.972127 0.00637021
9.9973E-05 0.0287358 0.177606 0.0367854 9.9973E-05 0.756573 9.9973E-05
9.9973E-05 0.0127316 0.140821 0.0200902 9.9973E-05 0.826057 9.9973E-05
0.00418782 0.0179488 9.9964E-05 9.9964E-05 9.9964E-05 0.977464 9.9964E-05
9.9964E-05 9.9964E-05 0.109021 9.9964E-05 0.0799374 0.810642 9.9964E-05
9.9964E-05 0.0291327 0.0388444 9.9964E-05 9.9964E-05 0.931623 9.9964E-05
0.0543604 9.9982E-05 0.234224 9.9982E-05 0.108399 0.561917 0.0408987
9.9982E-05 0.00655236 0.000170155 0.0267526 9.9982E-05 0.922069 0.0442554
0.593925 9.9973E-05 9.9973E-05 9.9973E-05 0.295918 0.0984236 0.0114337
0.118228 0.0219525 0.43508 0.138041 0.200749 0.0670791 0.0188692
0.167586 0.0301814 0.338904 0.141356 0.151349 0.119655 0.0509679
0.43545 0.0790821 0.167495 9.9991E-05 0.174095 0.126833 0.0169448
0.308801 0.0584129 0.135409 9.9991E-05 0.16645 0.158514 0.172313
0.282913 9.9991E-05 0.384871 0.021739 0.146075 0.163089 0.0012112
0.169442 0.0775594 0.420529 0.0637499 0.13483 0.13379 9.9991E-05
0.244142 0.0661996 0.366574 9.9982E-05 0.124371 0.198513 9.9982E-05
0.0714102 9.9973E-05 0.0434878 0.0405257 0.844276 9.9973E-05 9.9973E-05
9.9964E-05 0.0915277 9.9964E-05 9.9964E-05 0.846472 0.0616005 9.9964E-05
0.0455197 0.0589852 9.9973E-05 0.00717193 0.888023 9.9973E-05 9.9973E-05
9.9982E-05 0.0197044 0.0197615 0.0361054 0.923192 9.9982E-05 0.00103693
9.9982E-05 0.119071 0.0343443 0.0264719 0.786832 0.033081 9.9982E-05
0.0142323 0.0540639 9.9973E-05 9.9973E-05 0.838866 0.0925375 9.9973E-05
9.9964E-05 0.0338084 9.9964E-05 9.9964E-05 0.879626 0.0861661 9.9964E-05
0.140345 0.0282179 0.000114486 0.0116438 0.819479 9.9982E-05 9.9982E-05
9.9973E-05 0.00219861 0.0978714 9.9973E-05 0.881932 0.0176985 9.9973E-05
0.0301428 0.00593843 0.0102154 9.9982E-05 0.844404 0.109099 9.9982E-05
0.0166136 0.0543421 9.9991E-05 0.262705 0.570216 0.00409957 0.0919235
9.9964E-05 9.9964E-05 9.9964E-05 0.363539 0.595847 9.9964E-05 0.0402146
0.172776 9.9973E-05 9.9973E-05 0.332603 0.462712 9.9973E-05 0.0316085
0.04061 9.9973E-05 9.9973E-05 0.376353 0.46177 9.9973E-05 0.120968
9.9982E-05 9.9982E-05 0.495409 0.0415209 0.0341225 0.094993 0.333754
0.0338354 0.0271228 0.506771 0.171082 0.0100042 0.0917834 0.159402
0.00547308 0.0288207 0.442425 0.249362 0.0823494 9.9991E-05 0.19147
0.0518635 0.000191205 0.184248 0.653567 9.9991E-05 0.000624376 0.109405
0.0192943 0.00237465 0.636306 0.0843977 0.0649128 9.9991E-05 0.192614
9.9973E-05 9.9973E-05 0.590813 0.0351922 9.9973E-05 0.0971542 0.276541
0.0578221 9.9982E-05 0.517958 0.129514 9.9982E-05 0.0482579 0.246248
0.152031 9.9973E-05 0.301204 9.9973E-05 9.9973E-05 0.0807255 0.465739
9.9982E-05 0.0396587 0.339802 0.15684 9.9982E-05 0.0363231 0.427177
0.300558 9.9964E-05 9.9964E-05 0.00473965 9.9964E-05 9.9964E-05 0.694302
0.233692 0.029191 0.295264 9.9973E-05 9.9973E-05 9.9973E-05 0.441552
0.0790839 0.0190566 0.500375 9.9991E-05 0.0104788 0.0215841 0.369321
9.9973E-05 9.9973E-05 0.156224 0.207018 0.0431034 9.9973E-05 0.593354
0.039533 9.9973E-05 0.0294728 0.80282 0.127874 9.9973E-05 9.9973E-05
0.033633 9.9973E-05 0.0561485 0.801357 0.108562 9.9973E-05 9.9973E-05
0.0338723 9.9964E-05 9.9964E-05 0.959693 0.00603465 9.9964E-05 9.9964E-05
0.0132087 9.9964E-05 9.9964E-05 0.90013 0.0862612 9.9964E-05 9.9964E-05
9.9964E-05 9.9964E-05 0.0741102 0.880447 9.9964E-05 0.0450426 9.9964E-05
9.9964E-05 9.9964E-05 9.9964E-05 0.850541 0.0538262 0.0952326 9.9964E-05
9.9973E-05 0.033808 0.107315 9.9973E-05 0.85078 9.9973E-05 0.00779778
0.0051229 0.000585892 0.140078 0.0433895 0.810624 9.9982E-05 9.9982E-05
9.9973E-05 0.0521415 0.137851 9.9973E-05 0.720454 0.0892539 9.9973E-05
9.9982E-05 0.00489223 0.098753 0.0698839 0.765574 0.0606969 9.9982E-05
9.9973E-05 9.9973E-05 0.119443 0.0535553 0.786239 0.0404628 9.9973E-05
0.0493308 0.0353511 9.9982E-05 0.582016 0.322241 9.9982E-05 0.0108608
0.111677 0.00180117 9.9982E-05 0.393299 0.430852 9.9982E-05 0.0621705
9.9973E-05 0.0316531 9.9973E-05 0.482128 0.43317 9.9973E-05 0.0527483
9.995E-05 0.9994 9.995E-05 9.995E-05 9.995E-05 9.995E-05 9.995E-05
0.0359184 0.0521274 9.9982E-05 0.488177 0.328619 9.9982E-05 0.0949581
0.14918 0.00476634 0.324828 0.00319779 0.15941 0.358518 9.9991E-05
9.9973E-05 0.0454799 0.554432 9.9973E-05 0.18895 0.210838 9.9973E-05
0.128344 9.9982E-05 0.341811 9.9982E-05 0.231576 0.281593 0.0164764
0.27827 9.9964E-05 9.9964E-05 9.9964E-05 0.361044 0.360286 9.9964E-05
0.0465624 0.00954493 0.503837 0.361139 0.00016042 9.9991E-05 0.0786565
0.229077 9.9991E-05 0.366632 0.247368 0.00914927 0.0560921 0.0915823
9.9973E-05 0.0193404 0.400633 0.503614 0.076113 9.9973E-05 9.9973E-05
0.21015 9.9973E-05 0.486036 0.148349 9.9973E-05 9.9973E-05 0.155164
0.54851 9.9964E-05 9.9964E-05 0.216727 9.9964E-05 9.9964E-05 0.234363
0.139248 0.0182204 0.495279 0.224749 0.0186328 0.076184 0.0276871
0.123724 9.9982E-05 0.395717 0.378635 0.0510562 9.9982E-05 0.050668
0.330371 9.9973E-05 0.167362 0.328104 9.9973E-05 9.9973E-05 0.173863
0.22412 0.0405846 0.417857 0.125772 9.9991E-05 0.0814097 0.110157
0.0161383 0.0168919 0.621698 0.323864 9.9982E-05 9.9982E-05 0.0212081
0.0693741 0.0273593 0.362472 0.108116 0.106723 0.164806 0.16115
0.247843 9.9982E-05 0.391068 0.306438 9.9982E-05 0.000493908 0.0539571
0.146112 0.00391341 0.489713 0.198279 0.0356304 9.9991E-05 0.126252
0.0813476 9.9991E-05 0.466674 0.170851 0.0186455 0.134478 0.127904
0.121801 9.9982E-05 0.560144 0.147663 0.0510915 9.9982E-05 0.1191
0.0566093 9.9991E-05 0.61252 0.115531 0.0204046 0.150094 0.0447418
9.9973E-05 0.0290914 0.184841 9.9973E-05 0.719981 0.0657868 9.9973E-05
9.9973E-05 0.031239 0.100886 9.9973E-05 0.829941 9.9973E-05 0.0376336
0.062993 9.9991E-05 0.0362236 0.0639538 0.779557 0.0217643 0.0354078
9.9982E-05 0.0240847 0.0436514 0.041789 0.789155 9.9982E-05 0.10112
9.9964E-05 0.0569763 0.148746 9.9964E-05 0.793878 9.9964E-05 9.9964E-05
0.0920701 9.9991E-05 0.225935 0.569857 0.0267764 0.0198617 0.0653995
0.0342388 0.0944886 0.614349 0.161767 0.000288886 0.0643078 0.0305597
9.9991E-05 0.0290527 0.452104 0.237328 0.0779936 0.0108648 0.192558
0.31911 0.0560372 0.28305 0.275846 0.0420866 0.0237702 9.9991E-05
0.153989 0.0840458 9.9982E-05 0.644788 0.0358318 9.9982E-05 0.0811463
0.0138862 0.0378599 0.562287 0.286336 9.9991E-05 0.032486 0.0670443
0.0917374 9.9991E-05 0.194367 0.522562 0.061364 0.0482759 0.0815931
0.214432 9.9991E-05 0.409677 0.137101 0.112707 0.0608443 0.0651403
0.1483 0.022119 0.155109 0.502458 0.0856682 0.0260981 0.0602488
0.0609467 0.0019334 0.258612 0.556059 0.0189998 0.0246627 0.0787864
0.2212 0.0104245 0.409205 0.312733 0.0186393 0.0276984 9.9991E-05
0.427312 0.00875932 0.415146 0.111077 0.0345428 0.00306241 9.9991E-05
0.193775 0.0185044 0.603257 9.9982E-05 0.0588795 9.9982E-05 0.125385
0.421964 9.9973E-05 0.455258 0.106975 9.9973E-05 9.9973E-05 0.015503
0.244557 0.0209723 0.570247 0.0578349 0.0300166 9.9991E-05 0.0762723
0.703706 9.9973E-05 0.171255 0.079802 9.9973E-05 9.9973E-05 0.0449374
0.588038 9.9964E-05 0.288459 9.9964E-05 9.9964E-05 9.9964E-05 0.123104
0.27379 0.0286539 0.547576 0.118322 0.0314576 9.9982E-05 9.9982E-05
0.585786 9.9973E-05 0.233594 0.0660178 9.9973E-05 9.9973E-05 0.114302
0.220389 0.0120422 0.560421 0.184976 9.9982E-05 9.9982E-05 0.0219724
0.0518615 0.020744 0.119722 0.582345 0.0174763 0.0264784 0.181373
0.195075 9.9982E-05 0.257436 0.348255 9.9982E-05 0.0152021 0.183832
9.9973E-05 9.9973E-05 0.249316 0.414348 9.9973E-05 0.173095 0.162941
0.000329509 9.9991E-05 0.623409 0.228499 0.00713489 0.0664827 0.0740452
0.0284055 0.0229024 0.277701 0.511828 9.9991E-05 0.00277794 0.156284
0.0195174 0.0306151 0.430436 0.242249 9.9991E-05 0.113175 0.163907
9.9982E-05 9.9982E-05 0.371178 0.27639 0.0219095 0.120641 0.209681
9.9973E-05 9.9973E-05 0.238796 0.532431 9.9973E-05 0.0663951 0.162077
9.9982E-05 0.0246473 0.283257 0.393602 9.9982E-05 0.146192 0.152103
0.0458372 9.9982E-05 0.605058 0.228389 9.9982E-05 0.0385604 0.0819557
0.106664 0.0241355 0.453269 0.290182 0.0232624 0.00853035 0.093956
0.0979803 9.9982E-05 0.560682 0.320484 9.9982E-05 0.0165219 0.00413264
0.0556132 0.0194211 0.325394 0.417103 0.08079 0.101579 9.9991E-05
9.9991E-05 0.0141076 0.470805 0.26709 0.0832592 0.0655782 0.0990592
0.0725102 0.0157204 0.486733 0.0114867 0.337082 0.0660475 0.0104197
0.12868 0.0953715 0.399275 0.0172165 0.0734904 0.216861 0.0691055
0.0636429 0.0811705 0.60402 0.0520744 0.0635385 0.130101 0.00545226
0.02755 0.0238471 0.421366 9.9991E-05 0.227661 0.204034 0.0954421
0.279864 9.9982E-05 0.50862 0.165469 9.9982E-05 0.034575 0.0112724
0.447984 9.9982E-05 0.0598223 9.9982E-05 0.192972 0.15892 0.140102
0.0898131 0.0158326 0.499048 0.0616393 0.0640376 0.216712 0.0529177
0.0267885 0.0296654 0.482079 0.057368 0.0859635 0.228963 0.0891732
0.239965 0.0940671 0.183545 0.135035 0.0562211 0.204436 0.0867306
0.0320093 0.0682079 0.506471 0.125536 0.0919656 0.17571 9.9991E-05
0.377405 0.0332387 9.9973E-05 9.9973E-05 0.375103 0.213954 9.9973E-05
0.0593064 0.0323237 0.506494 0.0163957 0.143856 0.241524 9.9991E-05
0.120613 0.0497543 0.50282 0.034138 0.129114 0.136538 0.0270232
0.223035 0.0514371 0.524139 0.0923011 9.9991E-05 0.0310355 0.0779529
0.508512 9.9973E-05 0.154848 0.0716428 9.9973E-05 9.9973E-05 0.264697
0.548166 9.9973E-05 0.164222 0.119272 9.9973E-05 9.9973E-05 0.16804
0.0585627 9.9982E-05 0.475467 0.0415609 0.112153 0.312057 9.9982E-05
0.215371 0.0112647 0.35815 9.9982E-05 0.0656121 0.349402 9.9982E-05
0.309124 0.0258591 0.229131 9.9982E-05 0.145146 0.290541 9.9982E-05
0.12097 0.055148 0.31446 9.9991E-05 0.19292 0.275131 0.0412713
0.602035 0.00351103 0.180484 9.9991E-05 0.0433184 0.111824 0.0587282
0.486526 0.0246791 0.296153 0.0374755 0.071655 0.0617814 0.0217299
0.165986 0.0332895 0.747192 9.9973E-05 9.9973E-05 0.0532322 9.9973E-05
0.207947 9.9982E-05 0.620307 9.9982E-05 0.0384414 0.106919 0.0261864
0.488421 0.042244 0.441531 9.9973E-05 9.9973E-05 0.0275044 9.9973E-05
0.163988 0.00260331 0.625488 0.0149112 0.13268 0.0384928 0.0218371
0.249013 9.9973E-05 0.66891 0.0066017 9.9973E-05 0.0751744 9.9973E-05
0.35449 0.00302971 0.503023 0.0851973 9.9982E-05 9.9982E-05 0.0540598
0.245138 0.0400322 0.469532 0.144482 9.9982E-05 9.9982E-05 0.100616
0.171641 9.9982E-05 0.409613 0.242775 9.9982E-05 0.101726 0.0740459
0.390962 9.9964E-05 0.591356 9.9964E-05 9.9964E-05 9.9964E-05 0.0172821
0.447741 9.9964E-05 0.422321 0.129539 9.9964E-05 9.9964E-05 9.9964E-05
0.142154 9.9982E-05 0.579428 9.9982E-05 0.0361399 0.0599104 0.182167
0.431001 9.9982E-05 0.372707 0.0507058 9.9982E-05 0.00762769 0.137758
0.304199 0.0158381 0.613398 0.0662649 9.9973E-05 9.9973E-05 9.9973E-05
0.17358 0.0477852 0.391994 0.035749 0.0995735 0.242498 0.00882005
0.115088 0.0370899 0.394995 0.0709299 0.183096 0.198701 9.9991E-05
0.57616 0.0488379 0.0379291 0.0732604 0.123049 0.140664 9.9991E-05
0.0647781 0.0373509 0.705042 9.9982E-05 0.08108 0.111549 9.9982E-05
0.549253 9.9964E-05 9.9964E-05 9.9964E-05 0.302875 0.147472 9.9964E-05
0.141706 9.9973E-05 0.58247 9.9973E-05 0.0660199 0.209505 9.9973E-05
0.593232 9.9964E-05 0.181641 9.9964E-05 9.9964E-05 9.9964E-05 0.224727
0.643243 0.0168297 0.0615413 9.9973E-05 9.9973E-05 9.9973E-05 0.278086
0.232035 0.00327663 0.680352 9.9973E-05 9.9973E-05 9.9973E-05 0.0840362
0.136289 0.0430905 0.736132 9.9982E-05 9.9982E-05 0.0324302 0.0518583
0.362942 9.9973E-05 0.556577 0.00200469 9.9973E-05 9.9973E-05 0.0781767
0.143321 0.00492871 0.64771 0.0317465 0.0373937 9.9991E-05 0.134801
0.211785 9.9964E-05 0.679171 9.9964E-05 9.9964E-05 9.9964E-05 0.108645
0.0841252 0.0715797 0.0680715 0.0312737 0.741 0.00385012 9.9991E-05
0.00321176 0.0677394 9.9982E-05 0.111882 0.68692 0.130047 9.9982E-05
9.9973E-05 0.0416728 9.9973E-05 0.017582 0.822838 0.117607 9.9973E-05
0.0280464 0.118512 0.0338889 9.9973E-05 0.819253 9.9973E-05 9.9973E-05
0.0278962 0.0566973 0.494067 0.0716883 0.0751003 9.9991E-05 0.274451
9.9973E-05 0.0450381 0.446363 0.00615377 9.9973E-05 9.9973E-05 0.502146
9.9991E-05 0.0317602 0.217577 0.202212 0.00345381 0.0533546 0.491542
9.9973E-05 9.9973E-05 0.64251 9.9973E-05 0.0117069 0.03666 0.308823
0.194764 0.0467009 0.355217 9.9973E-05 9.9973E-05 9.9973E-05 0.403018
0.016202 0.0254545 0.544341 0.0053778 0.267303 0.0937228 0.0475995
0.12851 0.00676534 0.407933 0.0263599 9.9991E-05 0.0316327 0.398699
9.9973E-05 0.030192 0.401888 0.126431 9.9973E-05 9.9973E-05 0.441188
9.9982E-05 0.039638 0.51589 0.0372406 9.9982E-05 0.0127957 0.394236
9.9973E-05 0.0390155 0.397507 0.10846 9.9973E-05 9.9973E-05 0.454718
9.9973E-05 0.0382418 0.533952 9.9973E-05 9.9973E-05 0.0398292 0.387677
9.9964E-05 0.0259422 0.0435078 9.9964E-05 9.9964E-05 9.9964E-05 0.93015
0.0802664 0.0142423 0.297968 9.9991E-05 0.0307416 0.012818 0.563864
9.9991E-05 0.0110732 0.270726 0.00271355 0.0560805 0.0199457 0.639361
0.234038 9.9955E-05 9.9955E-05 9.9955E-05 9.9955E-05 9.9955E-05 0.765462
9.9982E-05 0.0299936 0.478686 0.148774 9.9982E-05 0.0163517 0.325995
0.266403 0.0124013 0.0764757 0.0210535 9.9991E-05 0.00408764 0.619479
0.23447 9.9955E-05 9.9955E-05 9.9955E-05 9.9955E-05 9.9955E-05 0.765031
0.0314193 0.0170385 0.491573 9.9991E-05 0.0546159 0.089211 0.316042
9.9982E-05 0.029107 0.230599 0.105688 0.0593872 9.9982E-05 0.575019
9.9982E-05 0.0330205 0.416683 0.144302 0.0706152 9.9982E-05 0.335179
9.9973E-05 9.9973E-05 0.605258 0.0899646 0.00503159 9.9973E-05 0.299446
0.11391 9.9982E-05 0.310802 0.277276 9.9982E-05 0.114895 0.182917
0.0475179 9.9982E-05 0.546756 0.0390867 0.0461943 9.9982E-05 0.320245
9.9991E-05 0.0340687 0.44778 0.110819 0.0160365 0.0907478 0.300448
9.9973E-05 9.9973E-05 0.403935 0.0287023 0.000425482 9.9973E-05 0.566637
0.0285241 0.039911 9.9982E-05 0.267894 0.655474 9.9982E-05 0.00799691
0.0508909 0.0483829 9.9991E-05 0.110071 0.692676 0.0217657 0.0761133
0.0205682 0.106363 9.9982E-05 0.113328 0.751932 9.9982E-05 0.00760797
0.0147886 0.0911533 9.9982E-05 0.117345 0.7631 9.9982E-05 0.0134125
0.0257621 0.0582096 0.0298908 0.230217 0.647862 9.9991E-05 0.00795883
9.9973E-05 9.9973E-05 0.0994125 0.141976 0.0568393 9.9973E-05 0.701472
9.9982E-05 0.0232338 0.0850142 0.139304 0.0671207 9.9982E-05 0.685127
0.0466371 9.9964E-05 0.171859 9.9964E-05 9.9964E-05 9.9964E-05 0.781104
0.0781106 0.0361777 0.31343 9.9991E-05 0.000208519 0.0257047 0.546269
0.00492404 9.9973E-05 0.711066 9.9973E-05 0.0653755 9.9973E-05 0.218334
0.0669599 9.9982E-05 0.467178 9.9982E-05 0.0164716 0.0636014 0.385589
0.0575318 0.00408995 0.490353 0.0361029 0.0677076 9.9991E-05 0.344115
9.9982E-05 9.9982E-05 0.261925 0.118771 0.028447 0.0138451 0.576812
9.9973E-05 0.0277452 0.419906 0.124429 9.9973E-05 9.9973E-05 0.42762
9.9973E-05 0.00610488 0.33925 0.127524 9.9973E-05 9.9973E-05 0.526821
0.0860976 9.9982E-05 0.648205 0.0625543 0.134799 9.9982E-05 0.0681446
9.9982E-05 0.0644796 0.414006 0.0143604 0.0500059 9.9982E-05 0.456948
9.9982E-05 0.0659696 0.452002 0.0862589 9.9982E-05 0.0663021 0.329267
9.9973E-05 9.9973E-05 0.443488 9.9973E-05 0.141795 0.379143 0.0352746
0.0627763 0.0486843 0.378531 9.9982E-05 0.108192 0.401617 9.9982E-05
0.137021 0.0248557 0.505469 9.9991E-05 0.0507931 0.0142884 0.267473
0.0331241 0.0780342 0.0715248 9.9991E-05 0.162978 0.635737 0.0185027
9.9973E-05 0.0454256 0.364279 9.9973E-05 0.192853 0.397143 9.9973E-05
0.190845 0.082883 0.372466 9.9991E-05 0.0893612 0.179811 0.0845342
0.188699 0.0664557 0.608621 0.0605953 0.0754289 9.9982E-05 9.9982E-05
0.213551 0.0222448 0.470552 0.124676 0.137997 0.0308786 9.9991E-05
9.9973E-05 0.0368561 0.391118 9.9973E-05 0.198908 0.372817 9.9973E-05
9.9973E-05 0.0215569 0.435444 9.9973E-05 0.0717355 0.470964 9.9973E-05
0.0335527 9.9991E-05 0.312924 0.000782692 0.154353 0.48803 0.010258
0.0188009 0.0135491 0.32857 0.0151005 0.155839 0.46804 9.9991E-05
0.240299 0.0378133 0.612684 9.9973E-05 0.108903 9.9973E-05 9.9973E-05
9.9982E-05 0.00854907 0.145258 9.9982E-05 0.241734 0.597679 0.00658054
0.290138 0.00490439 0.281166 0.26362 0.124227 9.9991E-05 0.0358446
0.214839 0.0643059 0.637062 0.0151825 0.0231192 0.0154506 0.0300406
0.0877289 0.0187098 0.681622 0.1169 0.0948395 9.9982E-05 9.9982E-05
0.0832162 0.0509537 0.542701 0.0600826 0.15443 9.9991E-05 0.108516
0.0407956 0.00703775 0.320678 0.0765051 0.20259 0.223312 0.129081
0.121903 0.0572169 0.358003 0.0157691 0.153303 0.293704 9.9991E-05
9.9973E-05 0.0179344 0.273014 9.9973E-05 0.249044 0.459708 9.9973E-05
0.273324 0.0453615 0.536517 0.0450046 0.0378184 9.9991E-05 0.0618746
0.575295 0.0319759 0.290844 0.00143198 0.0818143 0.0185381 9.9991E-05
0.0950923 9.9991E-05 0.383051 0.202226 0.146427 0.035709 0.137395
9.9982E-05 0.0781861 0.475962 9.9982E-05 0.204317 0.175955 0.0653787
0.541172 9.9964E-05 9.9964E-05 9.9964E-05 0.241287 0.217142 9.9964E-05
0.573937 0.0750732 9.9973E-05 9.9973E-05 0.236422 0.114267 9.9973E-05
0.32175 0.0180158 0.271992 0.0657817 0.17426 0.148101 9.9991E-05
0.451669 0.0404886 0.0723539 9.9982E-05 0.260152 0.175137 9.9982E-05
0.376641 9.9964E-05 9.9964E-05 9.9964E-05 0.365072 0.257888 9.9964E-05
0.350859 0.0505199 0.379703 9.9982E-05 0.12974 0.0889777 9.9982E-05
0.183665 0.0116729 0.386524 0.0504786 0.253625 0.113935 9.9991E-05
0.292595 9.9982E-05 0.270987 9.9982E-05 0.250671 0.178735 0.00681202
0.499411 0.0543649 0.108104 9.9982E-05 0.217078 0.120842 9.9982E-05
0.201367 9.9982E-05 0.500994 9.9982E-05 0.159256 0.100027 0.0381552
0.429525 0.0417358 0.180354 9.9991E-05 0.163737 0.143272 0.0412766
0.504145 0.00907871 9.9973E-05 9.9973E-05 0.42064 0.0658365 9.9973E-05
0.205808 0.00378758 0.326866 0.0382644 0.213131 0.212044 9.9991E-05
9.9991E-05 0.0204721 0.489444 0.0267925 0.304189 0.112019 0.0469842
0.00341306 0.00742535 0.61389 9.9982E-05 0.181737 0.193335 9.9982E-05
0.0146893 9.9991E-05 0.463517 0.0111762 0.229503 0.24804 0.0329747
9.9973E-05 0.000637173 0.426851 9.9973E-05 0.392914 0.179298 9.9973E-05
9.9982E-05 0.078598 0.541917 9.9982E-05 0.23768 0.140882 0.000722735
9.9982E-05 0.0811688 0.36789 9.9982E-05 0.242123 0.197474 0.111144
0.0484768 0.0665982 0.36735 0.0633389 0.223602 0.230534 9.9991E-05
0.103474 9.9991E-05 0.199029 0.0925201 0.179672 0.204987 0.220218
0.0175516 0.0631655 0.434503 0.0501058 0.229851 0.204724 9.9991E-05
0.15311 9.9982E-05 0.125751 9.9982E-05 0.318984 0.277475 0.12448
0.156975 0.020948 0.322311 9.9991E-05 0.17802 0.295719 0.0259279
9.9973E-05 0.025984 9.9973E-05 0.166619 0.769838 9.9973E-05 0.0372593
9.9982E-05 0.00109324 0.0457323 0.881709 0.0520732 0.0191921 9.9982E-05
9.9964E-05 9.9964E-05 9.9964E-05 0.951179 0.0372872 9.9964E-05 0.011134
9.9955E-05 0.0288258 9.9955E-05 0.970674 9.9955E-05 9.9955E-05 9.9955E-05
9.9964E-05 9.9964E-05 0.00995468 0.980293 9.9964E-05 0.0093523 9.9964E-05
9.9964E-05 0.0244782 9.9964E-05 0.954794 9.9964E-05 0.0203275 9.9964E-05
9.9964E-05 0.0418362 0.0993877 0.858376 9.9964E-05 9.9964E-05 9.9964E-05
9.9973E-05 0.00522516 9.9973E-05 0.956954 0.0326518 9.9973E-05 0.00486959
9.9964E-05 0.0538859 9.9964E-05 0.796841 0.148873 9.9964E-05 9.9964E-05
0.0380314 0.0672932 0.0788172 9.9973E-05 0.815558 9.9973E-05 9.9973E-05
9.9991E-05 0.0787173 0.0477064 0.130466 0.729148 0.0119843 0.00187837
0.00251099 0.112914 0.0117599 0.0126551 0.778447 0.0477415 0.0339722
0.0309831 0.0449021 0.0455919 0.133094 0.745229 9.9982E-05 9.9982E-05
9.9973E-05 9.9973E-05 0.0251191 0.0381385 0.926549 0.00989351 9.9973E-05
9.9964E-05 9.9964E-05 9.9964E-05 0.0896293 0.887544 0.0224268 9.9964E-05
0.0270058 0.0916938 0.0293671 0.0648759 0.606951 0.180006 9.9991E-05
9.9991E-05 0.0389583 0.0813149 0.0245558 0.798667 0.0513369 0.00506692
9.9982E-05 0.0829964 0.133465 0.0789792 0.680838 0.0235208 9.9982E-05
9.9973E-05 0.0184091 9.9973E-05 9.9973E-05 0.848799 0.093398 0.0390945
9.9964E-05 0.0369463 9.9964E-05 0.0359907 0.926663 9.9964E-05 9.9964E-05
0.0391226 0.0553409 0.0288508 0.00297922 0.796311 0.0699841 0.00741182
9.9973E-05 0.0141928 9.9973E-05 0.0218748 0.9573 0.00633254 9.9973E-05
9.9973E-05 0.0964445 0.0528008 9.9973E-05 0.84325 0.00720482 9.9973E-05
9.9982E-05 0.0849745 0.0446849 9.9982E-05 0.808553 0.0467779 0.0148097
9.9973E-05 0.0744646 0.0865608 9.9973E-05 0.748918 0.0897565 9.9973E-05
9.9973E-05 0.0100414 0.0610242 9.9973E-05 0.756927 0.171708 9.9973E-05
9.9973E-05 0.0564293 0.107277 9.9973E-05 0.760444 0.0755503 9.9973E-05
9.9973E-05 0.0267338 0.112942 9.9973E-05 0.781529 0.0784958 9.9973E-05
0.24583 9.9991E-05 0.397007 0.00243208 0.155802 0.0427517 0.156076
0.0153714 0.012716 0.740466 0.0240448 0.0871382 9.9991E-05 0.120164
0.573632 9.9991E-05 0.171278 0.0519648 0.0291886 0.038719 0.135118
0.148668 0.0247402 0.606872 0.0721572 0.147363 9.99846E-05 9.99846E-05
0.670427 0.0260851 0.232959 9.9973E-05 0.070229 9.9973E-05 9.9973E-05
0.182386 9.9964E-05 0.668457 9.9964E-05 0.148757 9.9964E-05 9.9964E-05
0.138319 0.0163102 0.471414 0.0787341 0.153652 9.9991E-05 0.141471
0.222791 9.9982E-05 0.569454 0.0887822 0.0954163 9.9982E-05 0.0233573
9.9982E-05 0.00887171 0.473306 0.0731909 0.117483 9.9982E-05 0.326949
0.163865 0.0525873 0.531512 0.148902 0.0530491 9.9991E-05 0.0499845
0.177007 0.0658084 0.628596 0.0763226 0.0520656 9.9982E-05 9.9982E-05
0.199347 9.9973E-05 9.9973E-05 0.47686 9.9973E-05 0.0992186 0.224274
0.823093 9.9973E-05 0.0657913 0.110707 0.000108772 9.9973E-05 9.9973E-05
0.683894 9.9973E-05 0.24498 0.0196363 0.0511897 9.9973E-05 9.9973E-05
0.298716 0.0293525 0.572127 9.9973E-05 0.0995047 9.9973E-05 9.9973E-05
0.277474 0.0136923 0.58851 9.9982E-05 0.102323 9.9982E-05 0.0178003
0.0785397 0.00731875 0.560743 9.9982E-05 0.185223 0.167976 9.9982E-05
0.0394316 9.9982E-05 0.528668 0.0904548 0.2069 0.134346 9.9982E-05
0.101149 9.9991E-05 0.185468 0.134123 0.406827 0.108244 0.064089
0.0494672 0.0458955 0.37126 0.118844 0.19289 0.14268 0.0789631
0.411304 9.9964E-05 9.9964E-05 9.9964E-05 0.352143 0.236153 9.9964E-05
0.161307 0.00601611 0.355583 9.9982E-05 0.296866 0.180028 9.9982E-05
0.010298 0.0522851 0.316605 0.0727873 0.303294 0.133104 0.111627
0.0776142 0.0560843 0.426024 0.132604 0.256579 0.0509944 9.9991E-05
0.00429811 0.0582282 0.394692 0.0486981 0.184219 0.188949 0.120915
0.0783464 0.00878115 0.43966 0.0682911 0.13305 0.224569 0.0473023
0.027952 0.0670716 0.254403 9.9991E-05 0.436372 0.167362 0.0467399
