0.0102214 9.9973E-05 9.9973E-05 0.0255172 0.00483828 0.0527328 0.860404 9.9973E-05 0.0459862
9.9955E-05 9.9955E-05 0.00941493 9.9955E-05 9.9955E-05 9.9955E-05 0.944207 0.035506 0.0103726
0.0561412 0.00293581 9.9982E-05 0.0151538 0.032418 0.093746 0.784459 0.0149463 9.9982E-05
0.0383235 9.9973E-05 0.0224243 9.9973E-05 0.0695633 0.0352159 0.799503 9.9973E-05 0.0346699
0.010902 9.9964E-05 0.0297803 9.9964E-05 0.0294504 0.0226358 0.906832 9.9964E-05 9.9964E-05
0.0454638 9.9982E-05 9.9982E-05 0.29813 0.0824918 0.00238331 0.530143 0.034375 0.00681284
0.00484464 9.9946E-05 9.9946E-05 0.223411 9.9946E-05 9.9946E-05 0.771145 9.9946E-05 9.9946E-05
0.0847312 9.9955E-05 0.0174801 0.256704 9.9955E-05 9.9955E-05 0.640585 9.9955E-05 9.9955E-05
0.0188976 0.0760206 9.99639E-05 9.99639E-05 9.99639E-05 9.99639E-05 0.782016 0.0739756 0.0486905
0.0261031 9.9955E-05 9.9955E-05 0.247161 0.0984636 9.9955E-05 0.627772 9.9955E-05 9.9955E-05
0.0193021 9.9955E-05 9.9955E-05 0.262867 9.9955E-05 9.9955E-05 0.688888 9.9955E-05 0.0284438
9.9964E-05 9.9964E-05 9.9964E-05 0.136551 0.0886528 0.158203 9.9964E-05 0.0972639 0.51893
0.0173658 9.9982E-05 0.0103961 0.116908 0.120494 0.454087 9.9982E-05 0.0162059 0.264343
9.999E-05 0.0618683 0.11275 0.0108149 0.0568476 0.226378 0.0053333 0.00793746 0.517971
9.9973E-05 0.0619991 9.9973E-05 9.9973E-05 0.159043 0.268142 0.00725989 0.0345141 0.468742
9.9982E-05 0.00325648 9.9982E-05 0.0695736 0.0825208 0.449802 0.119863 0.00464742 0.270137
9.9964E-05 9.9964E-05 9.9964E-05 0.165083 0.120415 0.363883 9.9964E-05 0.0969481 0.25327
9.9973E-05 0.0469025 9.9973E-05 9.9973E-05 0.109436 0.294839 0.0655079 0.0587784 0.424237
9.9955E-05 9.9955E-05 9.9955E-05 0.190085 0.0759076 9.9955E-05 0.00496451 9.9955E-05 0.728543
0.0262 0.0643171 0.078819 0.0365753 0.0469009 0.44116 0.0311925 0.0487906 0.226044
9.9991E-05 0.165278 0.0134782 0.102565 0.0433597 0.423436 0.0292181 0.109463 0.113101
0.0491294 9.9991E-05 0.0244223 0.0829526 0.0236052 0.549596 0.0461207 0.0588707 0.165203
9.9964E-05 9.9964E-05 9.9964E-05 0.0754636 0.158786 0.207327 9.9964E-05 0.0665281 0.491496
9.9964E-05 0.0517886 9.9964E-05 0.0122327 0.135638 0.541223 9.9964E-05 9.9964E-05 0.258718
9.9955E-05 9.9955E-05 9.9955E-05 0.124801 0.117586 0.160789 9.9955E-05 9.9955E-05 0.596325
9.9973E-05 0.0613613 9.9973E-05 0.0851594 0.173032 0.153105 9.9973E-05 0.0701003 0.456942
9.9973E-05 0.0370433 0.0107212 0.124184 0.0485403 0.236226 9.9973E-05 9.9973E-05 0.542986
9.9946E-05 9.9946E-05 9.9946E-05 9.9946E-05 0.0406267 0.148042 0.810731 9.9946E-05 9.9946E-05
9.9946E-05 9.9946E-05 9.9946E-05 9.9946E-05 0.0240997 0.1715 0.803801 9.9946E-05 9.9946E-05
9.9964E-05 0.0103908 9.9964E-05 9.9964E-05 0.041935 0.164324 0.766958 9.9964E-05 0.0159925
9.9973E-05 0.0182564 0.0107868 9.9973E-05 0.0201705 0.166653 0.705936 0.0778971 9.9973E-05
0.0354509 9.9982E-05 0.0169787 0.0808752 9.9982E-05 0.557063 0.035864 0.193023 0.080546
9.9946E-05 9.9946E-05 9.9946E-05 9.9946E-05 9.9946E-05 0.637098 0.016377 0.345925 9.9946E-05
0.0335443 9.9982E-05 9.9982E-05 0.0990659 0.0117608 0.189873 0.0585034 0.00918813 0.597864
9.9982E-05 0.0423311 9.9982E-05 0.0521211 0.063986 0.233874 0.0156455 0.551736 0.0401068
0.0261324 0.0589706 9.9973E-05 0.0837765 0.0587972 0.592954 9.9973E-05 0.179069 9.9973E-05
0.0266985 9.9973E-05 9.9973E-05 0.268792 9.9973E-05 0.563537 0.0600022 0.0201076 0.0605623
0.0139873 9.9982E-05 9.9982E-05 0.178939 0.0384214 0.544621 0.0901437 0.0330483 0.100639
9.9964E-05 0.00403858 9.9964E-05 9.9964E-05 9.9964E-05 0.191781 0.0305038 0.546296 0.226981
9.9973E-05 0.0197245 9.9973E-05 0.287315 0.0703385 0.547045 0.030575 0.0447018 9.9973E-05
9.9955E-05 9.9955E-05 0.0413487 0.00943174 9.9955E-05 0.387075 9.9955E-05 0.561645 9.9955E-05
9.9964E-05 0.201034 0.0450184 0.00146839 9.9964E-05 9.9964E-05 9.9964E-05 0.738652 0.013427
0.0222151 0.0398728 0.112034 0.00804092 9.9982E-05 0.131573 9.9982E-05 0.167462 0.518602
0.000878489 0.197693 0.169022 0.142992 9.9982E-05 0.0565929 9.9982E-05 0.181174 0.251448
0.0569017 0.0499649 0.0817827 0.0291632 9.9991E-05 0.205246 0.0703697 0.230671 0.275801
0.088271 0.059209 0.0324011 0.0473907 9.9973E-05 0.624378 9.9973E-05 9.9973E-05 0.148051
0.043459 0.0433098 0.0733059 0.120308 0.0833202 0.299279 0.0609351 0.117128 0.158955
0.0685926 0.193316 0.0417859 0.0410283 0.00919366 0.109796 0.143952 0.104549 0.287786
0.100799 0.125745 0.000510243 9.9982E-05 9.9982E-05 0.507935 0.0186972 0.010079 0.236035
0.0100002 0.0791813 0.0250763 0.0239586 9.9991E-05 0.091359 0.0303166 0.0835259 0.656482
9.9955E-05 0.0647602 0.0681 9.9955E-05 9.9955E-05 0.558276 9.9955E-05 9.9955E-05 0.308364
0.0664328 0.111734 0.0374774 0.0470024 9.9973E-05 0.664648 9.9973E-05 9.9973E-05 0.0724052
9.9973E-05 0.188855 0.0770591 9.9973E-05 9.9973E-05 0.31623 0.0193546 0.112583 0.285618
0.036272 0.14989 0.110052 0.0475391 9.9982E-05 0.443188 9.9982E-05 0.0389243 0.173935
0.0533997 0.171103 0.0297587 9.9973E-05 9.9973E-05 0.271704 9.9973E-05 0.0370879 0.436646
0.0129119 9.9955E-05 9.9955E-05 9.9955E-05 9.9955E-05 0.575386 9.9955E-05 0.33232 0.0788831
9.9955E-05 9.9955E-05 9.9955E-05 9.9955E-05 0.0327529 0.229957 9.9955E-05 0.601823 0.134967
9.9946E-05 9.9946E-05 9.9946E-05 9.9946E-05 0.00345887 9.9946E-05 0.0240882 0.971853 9.9946E-05
0.0122603 9.9964E-05 0.0689049 9.9964E-05 9.9964E-05 0.024051 9.9964E-05 0.851811 0.0425729
0.00765649 9.9955E-05 9.9955E-05 9.9955E-05 9.9955E-05 0.234146 9.9955E-05 0.73286 0.0248375
0.118944 9.9946E-05 9.9946E-05 9.9946E-05 9.9946E-05 0.424041 9.9946E-05 0.456416 9.9946E-05
9.9973E-05 0.0210762 9.9973E-05 9.9973E-05 0.0615702 0.441797 0.00603088 0.372963 0.0962631
0.0146549 9.9973E-05 9.9973E-05 9.9973E-05 0.0811607 0.142062 0.0342231 0.499258 0.22834
0.0638022 9.9964E-05 9.9964E-05 9.9964E-05 9.9964E-05 0.282689 0.0169166 0.447906 0.188286
9.9973E-05 9.9973E-05 9.9973E-05 0.0399485 0.0308224 0.305162 0.0353394 0.526965 0.0614628
0.0483828 0.0140415 9.9973E-05 0.12791 9.9973E-05 0.510524 0.012587 0.286255 9.9973E-05
9.9946E-05 9.9946E-05 9.9946E-05 0.13587 9.9946E-05 0.374353 9.9946E-05 0.489178 9.9946E-05
9.9964E-05 0.110354 0.089127 0.0675871 9.9964E-05 9.9964E-05 9.9964E-05 0.664352 0.0681801
0.023936 9.9964E-05 9.9964E-05 9.9964E-05 0.0442559 0.0391023 0.821801 9.9964E-05 0.0705049
9.99371E-05 9.99371E-05 9.99371E-05 9.99371E-05 9.99371E-05 0.0810176 0.918283 9.99371E-05 9.99371E-05
9.9955E-05 0.0369404 9.9955E-05 9.9955E-05 0.0352675 0.0526064 0.874686 9.9955E-05 9.9955E-05
9.9946E-05 0.124319 9.9946E-05 9.9946E-05 9.9946E-05 0.0280864 0.846995 9.9946E-05 9.9946E-05
9.9964E-05 0.0651294 9.9964E-05 0.00373866 9.9964E-05 0.0870941 0.824552 0.0190863 9.9964E-05
0.0441225 0.0508923 9.9964E-05 9.9964E-05 0.0385298 0.026932 0.839124 9.9964E-05 9.9964E-05
9.99461E-05 9.99461E-05 0.022282 9.99461E-05 9.99461E-05 0.0740872 0.903031 9.99461E-05 9.99461E-05
9.9955E-05 9.9955E-05 0.0070016 9.9955E-05 9.9955E-05 0.094535 9.9955E-05 0.700124 0.19784
9.9964E-05 9.9964E-05 9.9964E-05 9.9964E-05 0.0125747 0.472574 0.0283554 0.358555 0.127541
9.9955E-05 9.9955E-05 9.9955E-05 9.9955E-05 0.0350796 0.626854 0.0853975 0.252169 9.9955E-05
9.9973E-05 0.00916413 0.122205 0.0869361 9.9973E-05 0.549333 0.069369 0.162693 9.9973E-05
9.9964E-05 9.9964E-05 0.0539285 9.9964E-05 0.0933164 0.42751 0.0124806 0.412364 9.9964E-05
0.0375072 9.9964E-05 0.00757758 9.9964E-05 9.9964E-05 9.9964E-05 0.0357399 0.720907 0.197868
0.0208083 0.0183121 9.9973E-05 0.0608899 9.9973E-05 0.343381 0.0774656 0.478843 9.9973E-05
0.0268736 9.9982E-05 0.0352292 0.0732424 0.010801 0.477784 0.00708681 0.368783 9.9982E-05
0.0604752 9.9973E-05 9.9973E-05 0.0506362 9.9973E-05 0.469975 0.0336856 0.256991 0.127937
9.9955E-05 9.9955E-05 9.9955E-05 0.0178127 0.106162 0.344737 9.9955E-05 0.530789 9.9955E-05
9.9964E-05 9.9964E-05 0.0274761 9.9964E-05 9.9964E-05 0.488854 0.093904 0.302304 0.0870616
9.9973E-05 0.0919031 0.131555 0.0266147 9.9973E-05 0.270121 9.9973E-05 0.0914776 0.388028
0.14697 0.0657613 9.9991E-05 0.0538811 0.0282718 0.397532 0.0985066 0.023915 0.185062
9.9955E-05 9.9955E-05 0.0282412 9.9955E-05 9.9955E-05 0.533153 0.0234187 9.9955E-05 0.414687
0.00772148 0.0168515 9.9973E-05 0.0247477 0.0512891 0.560223 9.9973E-05 9.9973E-05 0.338867
0.118587 0.036784 0.102044 9.9964E-05 9.9964E-05 0.471532 9.9964E-05 9.9964E-05 0.270653
0.0141903 9.9982E-05 0.026167 0.0779414 9.9982E-05 0.605814 0.0362392 0.0360946 0.203353
0.119548 0.0294855 0.00343828 9.9982E-05 9.9982E-05 0.494396 0.0208969 0.0422069 0.289828
0.0545775 9.9964E-05 0.125395 9.9964E-05 0.0443126 0.57149 9.9964E-05 9.9964E-05 0.203825
0.00227653 0.0275804 0.145488 0.0365492 0.0641409 0.596301 9.9991E-05 0.00811155 0.119452
0.0387835 0.203032 0.0512929 0.0433393 0.0595718 0.291108 0.0278645 9.9991E-05 0.284909
9.9973E-05 0.0407887 0.0117013 9.9973E-05 9.9973E-05 0.677917 0.0098068 0.0722794 0.187207
0.00203577 0.0424044 0.12068 9.9982E-05 0.0490967 0.621332 0.0468915 9.9982E-05 0.11736
9.9991E-05 0.0207576 0.0504703 0.00923836 0.0066293 0.314612 0.00512001 0.153148 0.439924
0.0494366 0.167819 0.186203 0.0748465 9.9982E-05 0.158155 9.9982E-05 0.0541586 0.309182
0.159286 0.10637 0.225839 9.9973E-05 9.9973E-05 0.0855807 9.9973E-05 0.191734 0.230891
9.9973E-05 9.9973E-05 0.0299409 0.0623443 9.9973E-05 0.248049 0.0424262 0.0990127 0.517927
9.9973E-05 0.0401231 9.9973E-05 0.01913 9.9973E-05 0.483548 0.010501 0.132376 0.314022
0.0778158 9.9973E-05 0.0221439 0.019659 9.9973E-05 0.347387 9.9973E-05 0.148082 0.384612
0.0227595 9.9973E-05 0.0307143 9.9973E-05 9.9973E-05 0.399059 0.00233087 0.0871768 0.457659
9.9973E-05 9.9973E-05 0.002487 0.016163 9.9973E-05 0.663255 0.101535 0.109042 0.107219
0.0103213 0.184734 0.0660709 0.084132 9.9982E-05 0.217 9.9982E-05 0.0664262 0.371116
0.0361901 0.0160291 0.0956737 0.308558 0.0231451 0.482719 0.0223144 0.0152702 9.9991E-05
0.0727204 0.136537 0.172436 0.36787 9.9982E-05 9.9982E-05 0.0916341 0.0580379 0.100565
0.0733558 0.181331 0.0103306 0.0610549 9.9982E-05 0.411186 9.9982E-05 0.166609 0.0959327
0.0306709 0.15945 0.10976 9.9991E-05 0.0400207 0.486515 0.00485913 0.0931416 0.0754826
0.0666142 0.149704 0.0396294 0.344293 9.9982E-05 0.23001 9.9982E-05 0.0557031 0.113846
9.9982E-05 0.0375224 0.14383 0.400119 9.9982E-05 0.166519 0.0687238 0.0338598 0.149226
0.0137862 9.9982E-05 0.164052 0.164524 9.9982E-05 0.421023 0.0679828 0.0935259 0.0749057
9.9991E-05 0.193246 0.0668337 0.13426 0.108692 0.0133006 0.0661549 0.261019 0.156394
0.0352631 9.9973E-05 0.0808504 0.289686 9.9973E-05 0.309597 9.9973E-05 0.168624 0.11568
9.9973E-05 0.0471355 0.075061 0.12153 9.9973E-05 0.488607 9.9973E-05 0.120781 0.146585
9.9964E-05 0.209538 9.9964E-05 0.220251 0.212738 0.108195 0.248879 9.9964E-05 9.9964E-05
9.9955E-05 0.477619 9.9955E-05 0.0615334 0.0628963 9.9955E-05 0.397451 9.9955E-05 9.9955E-05
9.9964E-05 0.552664 0.00658604 0.119725 0.0967481 9.9964E-05 0.223878 9.9964E-05 9.9964E-05
9.9964E-05 0.325289 9.9964E-05 0.0439277 0.215061 0.161225 0.254098 9.9964E-05 9.9964E-05
9.9955E-05 0.0481575 9.9955E-05 0.204542 9.9955E-05 0.663112 9.9955E-05 0.0836885 9.9955E-05
9.9955E-05 9.9955E-05 9.9955E-05 9.9955E-05 0.59947 0.369334 9.9955E-05 0.000325012 0.030371
9.9964E-05 9.9964E-05 0.134959 0.452976 0.0413687 0.208418 9.9964E-05 0.161878 9.9964E-05
0.0072334 0.0254366 0.221171 0.654429 0.0504317 0.00467703 9.9982E-05 0.0364215 9.9982E-05
9.9964E-05 0.00264775 0.0923955 0.257457 9.9964E-05 0.534043 9.9964E-05 0.113057 9.9964E-05
9.9973E-05 9.9973E-05 0.114809 0.243341 9.9973E-05 0.392019 0.0187787 0.091526 0.139226
0.0416817 0.0438663 0.0770706 0.306436 9.9973E-05 0.529294 9.9973E-05 0.00135196 9.9973E-05
9.9973E-05 0.10565 0.116695 0.412818 9.9973E-05 0.143202 9.9973E-05 0.176089 0.045247
9.9946E-05 9.9946E-05 0.0393327 0.0434609 0.916607 9.9946E-05 9.9946E-05 9.9946E-05 9.9946E-05
9.9946E-05 9.9946E-05 0.00053256 9.9946E-05 0.896733 0.102135 9.9946E-05 9.9946E-05 9.9946E-05
9.9946E-05 9.9946E-05 9.9946E-05 9.9946E-05 0.625563 0.311933 0.0619043 9.9946E-05 9.9946E-05
9.9955E-05 9.9955E-05 9.9955E-05 0.100522 0.81572 0.0726323 9.9955E-05 0.0106256 9.9955E-05
0.00583448 9.9937E-05 9.9937E-05 9.9937E-05 0.993466 9.9937E-05 9.9937E-05 9.9937E-05 9.9937E-05
9.9946E-05 0.00113889 0.0419824 9.9946E-05 0.956279 9.9946E-05 9.9946E-05 9.9946E-05 9.9946E-05
9.9937E-05 9.9937E-05 9.9937E-05 9.9937E-05 0.787973 0.211327 9.9937E-05 9.9937E-05 9.9937E-05
0.0133881 9.9946E-05 9.9946E-05 9.9946E-05 0.935476 9.9946E-05 9.9946E-05 9.9946E-05 0.0505363
9.9937E-05 9.9937E-05 9.9937E-05 9.9937E-05 0.98888 9.9937E-05 9.9937E-05 0.0104204 9.9937E-05
9.9937E-05 9.9937E-05 9.9937E-05 9.9937E-05 0.994992 9.9937E-05 0.0043087 9.9937E-05 9.9937E-05
9.9973E-05 9.9973E-05 0.0177085 0.0256112 0.751364 0.118597 0.0240351 9.9973E-05 0.062385
0.0356707 0.0164895 9.9973E-05 9.9973E-05 0.791563 0.0870346 9.9973E-05 0.0190814 0.0498608
9.9946E-05 9.9946E-05 9.9946E-05 9.9946E-05 0.957371 9.9946E-05 9.9946E-05 0.036417 0.00561239
9.9964E-05 0.0236233 9.9964E-05 9.9964E-05 0.737153 0.19682 0.0210161 9.9964E-05 0.0209884
0.0133798 0.0196019 0.0312088 9.9982E-05 0.864017 0.0275137 9.9982E-05 0.000285387 0.0437933
9.9946E-05 9.9946E-05 9.9946E-05 9.9946E-05 0.953308 0.0170504 9.9946E-05 0.0290418 9.9946E-05
9.9955E-05 0.0372319 9.9955E-05 9.9955E-05 0.865415 0.0534072 0.0434466 9.9955E-05 9.9955E-05
9.993E-05 9.993E-05 9.993E-05 9.993E-05 0.999201 9.993E-05 9.993E-05 9.993E-05 9.993E-05
9.9964E-05 9.9964E-05 0.0465361 9.9964E-05 0.634493 0.172106 0.0984676 9.9964E-05 0.0479976
9.9955E-05 9.9955E-05 0.0167434 9.9955E-05 0.881414 9.9955E-05 9.9955E-05 0.0312294 0.0701135
9.9946E-05 0.279254 9.9946E-05 0.558758 9.9946E-05 9.9946E-05 0.161388 9.9946E-05 9.9946E-05
0.0621261 0.104993 9.9982E-05 0.223915 0.0413702 0.391981 0.172972 0.00244216 9.9982E-05
0.0497052 0.0135202 9.9982E-05 0.372925 0.173496 0.195921 0.187992 0.00624111 9.9982E-05
9.9973E-05 0.26269 0.0714838 0.320167 0.0859597 0.150876 0.108523 9.9973E-05 9.9973E-05
9.9982E-05 0.246833 0.0124281 0.203192 0.0747088 0.193726 0.172217 0.0966953 9.9982E-05
0.0445541 0.0984224 9.9973E-05 0.393426 0.177264 0.203359 0.0826742 9.9973E-05 9.9973E-05
9.9973E-05 0.155376 9.9973E-05 0.139088 0.0780426 0.449594 0.151141 9.9973E-05 0.0264594
9.9973E-05 0.121203 0.027048 0.29556 0.182658 0.280664 0.0925665 9.9973E-05 9.9973E-05
0.014632 0.122063 9.9973E-05 9.9973E-05 9.9973E-05 0.0326554 0.771913 0.0382015 0.0202351
9.9955E-05 0.0667544 0.0102393 9.9955E-05 0.0319172 9.9955E-05 0.890589 9.9955E-05 9.9955E-05
9.9946E-05 0.0692339 9.9946E-05 9.9946E-05 9.9946E-05 9.9946E-05 0.906071 9.9946E-05 0.0240951
0.0494775 0.0193306 9.9955E-05 9.9955E-05 9.9955E-05 0.0181784 0.912514 9.9955E-05 9.9955E-05
9.9955E-05 0.0314002 9.9955E-05 9.9955E-05 9.9955E-05 0.0727695 0.859697 9.9955E-05 0.0356333
9.9955E-05 0.0929734 9.9955E-05 9.9955E-05 0.0911466 9.9955E-05 0.806328 0.00905264 9.9955E-05
0.0335758 9.9964E-05 9.9964E-05 0.00133872 0.0982663 0.0160829 0.850336 9.9964E-05 9.9964E-05
9.99619E-05 0.0876785 0.0467652 9.99619E-05 9.99619E-05 9.99619E-05 0.846862 9.99619E-05 0.018194
9.9982E-05 0.0310129 0.0264654 9.9982E-05 0.0133056 0.00860044 0.874443 0.0429066 0.00306637
0.0347347 0.142068 9.9973E-05 9.9973E-05 0.0409707 0.0187903 0.76122 9.9973E-05 0.00191627
0.145184 9.9973E-05 0.00454428 9.9973E-05 0.0133818 9.9973E-05 0.57958 0.0806817 0.176328
0.206387 0.0850376 9.9964E-05 9.9964E-05 9.9964E-05 9.9964E-05 0.520864 0.0473272 0.139984
0.0383048 0.0528754 0.111847 0.0418732 9.9982E-05 9.9982E-05 0.505249 0.0231032 0.226548
0.113337 9.9964E-05 9.9964E-05 0.0413438 9.9964E-05 9.9964E-05 0.441468 0.0898159 0.313635
0.0817392 9.9964E-05 0.104416 9.9964E-05 9.9964E-05 0.58458 9.9964E-05 0.217753 0.0111122
0.0558167 9.9982E-05 9.9982E-05 0.0643578 0.0333846 0.561689 0.0176288 0.0559048 0.211018
9.9964E-05 0.0775242 9.9964E-05 0.0381023 9.9964E-05 0.479175 9.9964E-05 0.206422 0.198377
0.0212604 9.9982E-05 0.0456879 0.0263415 9.9982E-05 0.166961 0.0148842 0.0637417 0.660924
0.00733226 9.9991E-05 0.00453539 0.00772122 0.0814326 0.589358 0.105309 0.140987 0.0632247
9.9955E-05 9.9955E-05 9.9955E-05 0.00910807 9.9955E-05 0.612373 9.9955E-05 0.292711 0.0853084
0.0435276 0.00833756 9.9982E-05 0.0603135 0.0185388 0.547537 9.9982E-05 0.304885 0.0166605
0.0225807 9.9973E-05 0.0268901 9.9973E-05 0.00426312 0.428879 9.9973E-05 0.446923 0.0701642
0.104794 0.0332106 0.0416333 0.0330649 9.9991E-05 0.423001 0.00612345 0.327559 0.0305143
9.9955E-05 0.00335396 0.186012 9.9955E-05 9.9955E-05 9.9955E-05 9.9955E-05 0.708556 0.101578
9.9964E-05 0.0900213 0.0704104 0.0597866 9.9964E-05 0.225378 9.9964E-05 0.554004 9.9964E-05
9.9973E-05 9.9973E-05 0.0716485 0.0102295 0.00579515 0.600994 0.0045536 0.30648 9.9973E-05
0.0300524 9.9964E-05 9.9964E-05 9.9964E-05 9.9964E-05 0.137618 0.0850882 0.551959 0.194883
0.855434 0.100852 9.9964E-05 9.9964E-05 9.9964E-05 9.9964E-05 0.000477588 0.0362119 0.0066246
0.982498 9.9946E-05 9.9946E-05 0.00732002 0.00958236 9.9946E-05 9.9946E-05 9.9946E-05 9.9946E-05
0.999201 9.993E-05 9.993E-05 9.993E-05 9.993E-05 9.993E-05 9.993E-05 9.993E-05 9.993E-05
0.951198 9.9964E-05 0.00207382 9.9964E-05 9.9964E-05 9.9964E-05 0.0117337 0.0281493 0.00644542
0.916863 9.9964E-05 9.9964E-05 0.0184715 0.017361 9.9964E-05 9.9964E-05 0.0208706 0.0260336
0.871354 9.9946E-05 9.9946E-05 9.9946E-05 0.0694414 0.0586048 9.9946E-05 9.9946E-05 9.9946E-05
0.0628771 0.00874662 0.00511009 9.9982E-05 0.0728207 0.0440246 0.792823 0.0133981 9.9982E-05
9.9955E-05 0.0557586 9.9955E-05 9.9955E-05 9.9955E-05 0.105785 0.764645 9.9955E-05 0.0733123
0.0241689 0.0487919 9.9973E-05 0.0171404 0.0517651 0.136327 0.721506 9.9973E-05 9.9973E-05
9.9964E-05 9.9964E-05 9.9964E-05 0.0228971 0.0966176 0.0839576 0.732354 9.9964E-05 0.0637743
9.9964E-05 0.041763 9.9964E-05 0.118695 0.113007 0.0166093 0.709526 9.9964E-05 9.9964E-05
0.217665 9.9946E-05 9.9946E-05 9.9946E-05 9.9946E-05 9.9946E-05 0.374038 9.9946E-05 0.407697
0.229927 0.0480485 0.0355442 0.04681 9.9982E-05 9.9982E-05 0.405303 0.0436702 0.190497
0.28071 9.9964E-05 0.00390177 9.9964E-05 9.9964E-05 9.9964E-05 0.457983 0.0689581 0.188047
9.9946E-05 9.9946E-05 9.9946E-05 9.9946E-05 0.0256472 0.181618 0.792135 9.9946E-05 9.9946E-05
0.272301 9.9964E-05 9.9964E-05 9.9964E-05 0.0155526 9.9964E-05 0.364741 0.112841 0.234165
0.0279065 0.196972 9.9973E-05 0.0418104 0.286956 0.339599 0.106456 9.9973E-05 9.9973E-05
9.9955E-05 9.9955E-05 0.0106062 9.9955E-05 0.237868 0.544111 0.206915 9.9955E-05 9.9955E-05
0.0676795 0.215897 9.9982E-05 0.087698 0.173523 0.316064 0.119843 0.0190955 9.9982E-05
9.9955E-05 0.385279 9.9955E-05 0.113463 0.275942 9.9955E-05 0.224817 9.9955E-05 9.9955E-05
0.0927343 9.9973E-05 0.0414877 0.0453372 9.9973E-05 0.480795 9.9973E-05 0.0407745 0.298572
9.9973E-05 0.0989831 0.155579 0.0570837 9.9973E-05 0.395392 9.9973E-05 0.066382 0.22628
9.9946E-05 9.9946E-05 9.9946E-05 9.9946E-05 9.9946E-05 0.310225 0.103616 9.9946E-05 0.585559
0.075445 0.0223018 0.20574 9.9982E-05 9.9982E-05 0.445465 0.00874152 0.201075 0.0410321
0.0183133 0.192901 0.344829 9.9964E-05 9.9964E-05 9.9964E-05 9.9964E-05 0.266037 0.177519
9.9973E-05 0.0284977 0.131028 0.121054 9.9973E-05 0.53672 0.00595898 9.9973E-05 0.176442
9.9973E-05 0.0867656 9.9973E-05 0.0768722 9.9973E-05 0.303658 0.0229643 0.0315114 0.477929
9.9973E-05 0.162866 0.142099 0.050957 9.9973E-05 0.0953694 9.9973E-05 0.165127 0.383282
0.0720943 0.0257844 0.124752 0.142143 0.0278398 0.449364 9.9991E-05 0.0566078 0.101315
0.0782936 0.0272779 9.9973E-05 0.0538959 9.9973E-05 0.489133 9.9973E-05 0.0447492 0.306351
0.00877408 0.10782 9.9991E-05 0.0333156 0.181918 0.346068 0.101956 0.129986 0.090062
0.0570254 0.0769501 0.177416 0.0472743 9.9982E-05 0.392006 9.9982E-05 0.042482 0.206646
0.0353732 0.0600022 0.147198 0.0016033 9.9991E-05 0.509704 0.0295027 0.060253 0.156264
0.0371163 9.9982E-05 0.173495 0.0943932 0.0406502 0.474064 9.9982E-05 0.105207 0.074874
0.056961 0.0753343 0.0797306 9.9973E-05 9.9973E-05 0.544039 9.9973E-05 0.12431 0.119325
0.0668921 9.9982E-05 9.9982E-05 0.129925 0.110544 0.549191 0.00156141 0.0496444 0.0920415
9.9955E-05 9.9955E-05 9.9955E-05 0.0221167 0.0441298 0.158307 0.774947 9.9955E-05 9.9955E-05
9.9946E-05 9.9946E-05 0.0620597 9.9946E-05 9.9946E-05 0.0950298 0.842311 9.9946E-05 9.9946E-05
9.9973E-05 0.0360507 0.102504 0.0193453 9.9973E-05 0.0124785 0.779268 0.0500529 9.9973E-05
0.0914185 9.9973E-05 0.0289107 9.9973E-05 0.0491016 0.042702 0.726373 0.0611937 9.9973E-05
0.0376294 9.9973E-05 0.00289083 0.0274064 0.0278598 0.117387 0.786526 9.9973E-05 9.9973E-05
9.9964E-05 0.098705 9.9964E-05 9.9964E-05 0.0111437 0.228048 9.9964E-05 0.0170958 0.644608
9.9964E-05 0.0417382 9.9964E-05 9.9964E-05 0.0577186 0.729444 9.9964E-05 0.0355244 0.135175
0.0915023 0.052522 0.0133323 9.9982E-05 9.9982E-05 0.538636 0.0403368 0.0570087 0.206462
0.0361388 0.167334 0.154657 0.0394414 0.0228167 0.271997 9.9982E-05 9.9982E-05 0.307415
0.0416978 0.128977 9.9973E-05 9.9973E-05 9.9973E-05 0.0131643 0.0522856 0.0174743 0.746101
0.07806 0.0327881 0.0471989 0.0369038 9.9982E-05 0.581939 9.9982E-05 0.00117911 0.221731
0.0121884 9.9982E-05 0.128197 0.0721563 0.0657514 0.143912 0.0780174 9.9982E-05 0.499578
0.0765432 0.094536 0.0669072 0.013516 9.9991E-05 0.456652 0.0123018 0.0614545 0.217989
0.0198694 9.9991E-05 0.141487 0.0152863 0.0750813 0.0530735 0.10799 0.0414048 0.545707
9.9973E-05 9.9973E-05 0.0586656 0.0384465 0.0575353 0.16657 0.0595508 9.9973E-05 0.618932
0.0763427 0.0982285 0.0332352 0.0712625 0.0389081 0.330133 9.9991E-05 0.112676 0.239114
0.0756941 0.00902199 0.136547 0.568681 0.0500481 0.159708 9.9973E-05 9.9973E-05 9.9973E-05
0.016962 9.9973E-05 9.9973E-05 0.36729 9.9973E-05 0.487874 0.0183141 0.0575595 0.0517003
0.0156136 9.9964E-05 0.0857631 0.620375 9.9964E-05 0.249458 9.9964E-05 9.9964E-05 0.0283903
0.0314156 0.083198 0.103199 0.244486 9.9982E-05 0.510028 0.00144829 0.0260254 9.9982E-05
0.0847231 0.0154767 0.164318 0.572787 9.9973E-05 9.9973E-05 9.9973E-05 0.125213 0.0371832
0.0167597 0.10079 0.0587682 0.502766 9.9973E-05 0.175643 9.9973E-05 0.144973 9.9973E-05
0.0301046 9.9964E-05 0.158964 0.326461 9.9964E-05 0.434627 9.9964E-05 9.9964E-05 0.0494436
0.0564151 9.9973E-05 0.118733 0.610612 9.9973E-05 0.0622943 9.9973E-05 0.13147 0.0201755
9.9964E-05 0.0702732 9.9964E-05 0.309753 9.9964E-05 0.376853 9.9964E-05 0.0966424 0.146078
0.0705053 0.113466 0.0112525 9.9973E-05 9.9973E-05 0.127283 9.9973E-05 0.0126586 0.664535
9.9973E-05 0.0197566 0.308283 9.9973E-05 0.0250692 0.172961 9.9973E-05 0.102459 0.371172
0.00260114 0.0549545 0.0698779 9.9982E-05 0.0948353 0.334717 9.9982E-05 0.0101347 0.432679
9.9973E-05 0.0364842 9.9973E-05 0.0309006 0.0884114 0.57124 9.9973E-05 0.100776 0.171888
0.0227319 0.00707479 9.9982E-05 0.101993 0.0252433 0.225295 9.9982E-05 0.117649 0.499814
0.0453571 9.9982E-05 0.111486 9.9982E-05 0.0662567 0.409175 0.0729036 0.088054 0.206568
0.0984416 9.9973E-05 0.00510971 9.9973E-05 0.106933 0.355042 9.9973E-05 0.184107 0.250067
0.0634055 0.0512946 0.0151955 9.9982E-05 0.0256126 0.330186 9.9982E-05 0.0632476 0.450858
0.0485429 9.9973E-05 0.0486916 9.9973E-05 0.130946 0.275845 9.9973E-05 0.0866013 0.409072
0.0274196 9.9973E-05 0.00539091 0.03455 9.9973E-05 0.693041 9.9973E-05 0.00821862 0.23108
0.0256077 0.121546 0.143614 9.9991E-05 0.0193816 0.402751 0.0385331 0.0302517 0.218214
0.0139257 0.0798244 0.147059 9.9982E-05 0.0263964 0.572365 9.9982E-05 0.013034 0.147196
0.0274508 0.067979 9.9982E-05 0.0434062 0.0295809 0.404325 0.015231 9.9982E-05 0.411827
0.0967437 0.0095063 0.0914434 9.9991E-05 0.0275528 0.508683 0.0665616 0.0554756 0.143934
9.9982E-05 0.0854502 9.9982E-05 0.0777391 0.161266 0.31447 0.269401 0.0721491 0.019324
9.9973E-05 0.228972 0.0342733 9.9973E-05 0.0848314 0.562586 0.0379095 0.0511279 9.9973E-05
0.0925069 0.0271223 0.0606049 9.9982E-05 0.136186 0.530657 0.0264176 0.126306 9.9982E-05
9.9982E-05 0.111624 0.0471555 9.9982E-05 0.18855 0.497154 0.130577 0.00995269 0.0147872
0.00119061 0.00841611 0.148349 0.0937339 9.9982E-05 0.533087 9.9982E-05 0.0016594 0.213364
9.9982E-05 0.371067 0.0131821 0.193358 0.0936862 9.9982E-05 0.0801561 0.176884 0.0714666
9.9982E-05 0.0486147 9.9982E-05 0.0176951 0.192037 0.502712 0.0991853 0.0632509 0.0763047
0.0154642 0.103737 0.0573515 9.9982E-05 0.192045 0.487654 0.0441322 9.9982E-05 0.0994159
9.9982E-05 0.278232 9.9982E-05 0.0569805 0.108115 0.291724 0.0852058 0.0767236 0.102819
0.0233515 0.140864 0.0388899 9.9991E-05 0.11029 0.575767 0.0545404 0.0225779 0.0336199
9.9964E-05 0.571396 0.0141011 9.9964E-05 0.0936366 9.9964E-05 0.252164 0.0683026 9.9964E-05
0.0585744 0.121403 9.9964E-05 9.9964E-05 0.173729 0.541847 0.104047 9.9964E-05 9.9964E-05
9.9982E-05 0.0765225 9.9982E-05 0.00102217 0.102114 0.523075 0.096607 0.0665354 0.133924
0.01893 9.9982E-05 0.407928 0.0449823 0.02309 0.383824 0.0705357 0.0505102 9.9982E-05
9.9955E-05 9.9955E-05 0.824117 0.00876202 9.9955E-05 9.9955E-05 9.9955E-05 0.0490819 0.117539
0.0354056 9.9973E-05 0.76757 0.0285785 9.9973E-05 9.9973E-05 0.0207914 0.050232 0.0971227
0.00700589 0.163277 0.0468934 9.9982E-05 0.223063 0.463766 0.0348765 9.9982E-05 0.0609182
9.9964E-05 0.120976 0.201778 9.9964E-05 0.310305 0.321961 0.0445803 9.9964E-05 9.9964E-05
9.9973E-05 0.196802 0.226779 9.9973E-05 0.241943 0.139678 0.135562 9.9973E-05 0.0589367
9.9964E-05 0.144335 0.194839 9.9964E-05 0.240343 0.316628 0.103456 9.9964E-05 9.9964E-05
0.0344176 0.248322 0.618391 9.9964E-05 0.0398768 0.0585919 9.9964E-05 9.9964E-05 9.9964E-05
9.9964E-05 0.193571 0.583145 9.9964E-05 0.0574172 0.135397 0.0300698 9.9964E-05 9.9964E-05
9.9955E-05 0.032945 0.311595 9.9955E-05 0.0827617 0.572199 9.9955E-05 9.9955E-05 9.9955E-05
9.9955E-05 9.9955E-05 0.339175 9.9955E-05 0.0858208 0.509694 0.06481 9.9955E-05 9.9955E-05
9.9964E-05 0.0715356 0.672499 9.9964E-05 0.101692 0.14307 0.010804 9.9964E-05 9.9964E-05
9.9973E-05 9.9973E-05 0.288543 0.0111013 0.0875007 0.501384 0.094254 0.0169167 9.9973E-05
0.0441529 9.9964E-05 0.362103 9.9964E-05 0.0973076 0.477037 0.0190003 9.9964E-05 9.9964E-05
0.0154556 9.9964E-05 0.567738 0.0305355 9.9964E-05 0.337373 9.9964E-05 9.9964E-05 0.0484975
9.9982E-05 9.9982E-05 0.431285 0.0167965 0.0577351 0.328544 0.041973 0.020014 0.103452
0.0908632 0.0403519 0.284482 9.9982E-05 9.9982E-05 0.404792 0.0434487 0.00958149 0.12628
9.9964E-05 0.00434288 0.394046 0.0520474 9.9964E-05 0.480838 9.9964E-05 9.9964E-05 0.0683253
0.0985114 9.9964E-05 0.693273 0.0720349 9.9964E-05 0.131889 9.9964E-05 9.9964E-05 0.0038923
9.9964E-05 9.9964E-05 0.2891 0.0246705 0.0351584 0.570952 9.9964E-05 0.0797186 9.9964E-05
9.9964E-05 9.9964E-05 0.636721 9.9964E-05 9.9964E-05 0.246036 0.00329966 0.0243254 0.089218
0.0388034 9.9973E-05 0.543483 0.0405463 9.9973E-05 0.354044 0.0220563 0.000767239 9.9973E-05
0.0284876 0.150391 0.0361581 0.0945277 0.220907 0.38061 0.0624285 9.9991E-05 0.0263901
0.12664 0.084034 0.0302059 0.128859 0.160254 0.266653 0.130667 0.0321385 0.0405484
0.0231763 0.0809123 0.594405 9.9964E-05 0.0858463 9.9964E-05 0.215261 9.9964E-05 9.9964E-05
9.9964E-05 9.9964E-05 0.115574 0.0643747 0.170703 0.590832 0.0581163 9.9964E-05 9.9964E-05
9.9964E-05 0.271385 0.391968 0.00504691 0.0777051 9.9964E-05 0.253495 9.9964E-05 9.9964E-05
0.00701531 0.0473252 0.264521 9.9973E-05 0.192439 0.484673 0.00372664 9.9973E-05 9.9973E-05
9.9946E-05 0.00240387 0.865478 9.9946E-05 9.9946E-05 9.9946E-05 9.9946E-05 0.131519 9.9946E-05
9.9955E-05 9.9955E-05 0.875069 0.0304758 9.9955E-05 9.9955E-05 9.9955E-05 0.0647041 0.029251
9.9946E-05 9.9946E-05 0.517231 9.9946E-05 9.9946E-05 0.454828 9.9946E-05 9.9946E-05 0.027341
9.9955E-05 9.9955E-05 0.406862 9.9955E-05 0.0469062 0.545004 0.000727834 9.9955E-05 9.9955E-05
9.9946E-05 9.9946E-05 0.611085 0.0535712 9.9946E-05 0.334744 9.9946E-05 9.9946E-05 9.9946E-05
9.9955E-05 9.9955E-05 0.457728 9.9955E-05 9.9955E-05 0.463251 0.0153254 0.0631954 9.9955E-05
9.9937E-05 9.9937E-05 0.554082 9.9937E-05 9.9937E-05 0.445219 9.9937E-05 9.9937E-05 9.9937E-05
9.9982E-05 0.0545434 0.00175165 0.0784295 0.0902474 9.9982E-05 0.728831 0.026566 0.0194306
0.0203408 0.0131008 0.0262092 0.0367582 0.133341 9.9982E-05 0.677467 9.9982E-05 0.0925839
0.0214481 0.00917527 9.9964E-05 9.9964E-05 0.0586881 9.9964E-05 0.864359 9.9964E-05 0.04593
9.9946E-05 0.010688 9.9946E-05 9.9946E-05 9.9946E-05 0.0874567 0.901256 9.9946E-05 9.9946E-05
9.9991E-05 0.0430917 0.0855032 0.0445236 0.00117202 0.549328 0.0482371 0.170212 0.0578318
0.00627783 9.9955E-05 9.9955E-05 9.9955E-05 9.9955E-05 0.528325 0.0679804 0.396917 9.9955E-05
0.0281625 9.9991E-05 0.0344272 0.0594039 0.0592995 0.283699 0.0196912 0.343897 0.171319
0.00367893 9.9964E-05 0.0296368 9.9964E-05 0.0810582 0.548688 9.9964E-05 0.336539 9.9964E-05
9.9955E-05 9.9955E-05 0.111556 0.0957928 9.9955E-05 0.338889 9.9955E-05 0.453262 9.9955E-05
0.00788737 0.103274 0.0228405 0.0255019 0.0336094 0.529421 0.243196 0.00956049 0.0247099
0.0511389 0.041984 9.9964E-05 9.9964E-05 0.0525989 0.422771 9.9964E-05 0.431108 9.9964E-05
9.9964E-05 0.011933 9.9964E-05 9.9964E-05 0.0302967 0.384576 9.9964E-05 0.427069 0.145725
0.0872408 0.0493334 0.0335297 9.9973E-05 0.0170232 0.505135 9.9973E-05 0.307438 9.9973E-05
9.9973E-05 9.9973E-05 0.0949513 9.9973E-05 0.0506439 0.358798 0.0351903 0.295963 0.164153
9.9946E-05 9.9946E-05 0.0874275 9.9946E-05 9.9946E-05 0.574581 9.9946E-05 0.337392 9.9946E-05
9.9946E-05 9.9946E-05 9.9946E-05 9.9946E-05 0.00121047 0.0713091 9.9946E-05 0.926881 9.9946E-05
9.9973E-05 9.9973E-05 0.0109224 0.144144 0.0498232 0.283542 9.9973E-05 0.510016 0.00125287
9.9973E-05 0.0423171 0.00204859 9.9973E-05 9.9973E-05 0.344438 0.0366089 0.547651 0.0266367
9.9946E-05 0.0389907 9.9946E-05 0.0185436 9.9946E-05 9.9946E-05 9.9946E-05 0.941866 9.9946E-05
0.010243 9.9973E-05 0.000644967 9.9973E-05 9.9973E-05 0.473046 0.110199 0.31409 0.0914761
9.9964E-05 0.0956615 0.135207 0.161856 9.9964E-05 0.0915941 9.9964E-05 0.515282 9.9964E-05
9.9946E-05 0.148206 0.0363586 9.9946E-05 9.9946E-05 9.9946E-05 9.9946E-05 0.814836 9.9946E-05
9.9955E-05 0.0776563 0.00682797 9.9955E-05 9.9955E-05 0.598349 9.9955E-05 0.316667 9.9955E-05
9.9982E-05 9.9982E-05 0.0280281 0.045512 0.0097366 0.262771 0.0601637 0.439203 0.154386
0.033446 0.0480967 9.9991E-05 0.0612401 0.00547199 0.474663 0.0181338 0.270481 0.0883679
0.032809 0.0218906 9.9964E-05 9.9964E-05 9.9964E-05 0.557456 9.9964E-05 0.290325 0.0971194
9.9964E-05 0.113587 0.0721768 9.9964E-05 9.9964E-05 0.332959 9.9964E-05 0.0782563 0.402621
0.00401407 9.9964E-05 0.106163 9.9964E-05 0.0462287 0.586317 9.9964E-05 0.256877 9.9964E-05
0.00539552 9.9982E-05 9.9982E-05 0.0300879 0.0461981 0.481659 0.0260645 0.320905 0.0894896
9.9955E-05 0.0358486 9.9955E-05 0.0469859 9.9955E-05 0.325249 9.9955E-05 0.591417 9.9955E-05
0.0605693 9.9955E-05 9.9955E-05 0.0510849 9.9955E-05 9.9955E-05 0.633074 9.9955E-05 0.254772
9.9964E-05 0.0555062 9.9964E-05 0.0197083 9.9964E-05 9.9964E-05 0.716641 0.0981137 0.10963
0.0120673 0.00346848 9.9964E-05 9.9964E-05 9.9964E-05 9.9964E-05 0.799033 0.0102406 0.174791
0.0577028 9.9973E-05 0.0098406 0.0121982 9.9973E-05 9.9973E-05 0.804375 0.0818439 0.0337397
0.071012 9.9964E-05 9.9964E-05 0.102147 9.9964E-05 9.9964E-05 0.712674 0.0021954 0.111572
9.9955E-05 9.9955E-05 9.9955E-05 9.9955E-05 9.9955E-05 0.167256 0.0596675 0.583775 0.188802
9.9964E-05 9.9964E-05 9.9964E-05 0.0440909 9.9964E-05 0.195392 0.0548499 0.529409 0.175859
9.9964E-05 9.9964E-05 0.057882 0.0995995 0.0210112 0.177202 9.9964E-05 0.643905 9.9964E-05
9.9964E-05 0.0399289 9.9964E-05 0.0365198 9.9964E-05 0.356709 0.0396464 0.526796 9.9964E-05
0.0233239 9.9982E-05 0.0110252 9.9982E-05 0.0373407 0.561547 0.0310889 0.295456 0.0400184
9.9973E-05 9.9973E-05 0.00558241 0.171775 0.00578425 0.373092 0.037906 0.405561 9.9973E-05
9.9982E-05 0.00154168 9.9982E-05 0.110473 0.00439848 0.592478 0.00126542 0.18844 0.101203
0.0627663 9.9973E-05 9.9973E-05 0.00645067 9.9973E-05 0.299733 0.00698031 0.505698 0.118071
9.9955E-05 9.9955E-05 9.9955E-05 9.9955E-05 9.9955E-05 0.426658 0.0124749 0.435236 0.125131
9.99549E-05 9.99549E-05 9.99549E-05 0.0357433 9.99549E-05 0.316084 9.99549E-05 0.43641 0.211262
0.0445583 0.0592743 9.9973E-05 0.234705 9.9973E-05 0.591197 0.0558433 9.9973E-05 0.0141227
9.9955E-05 9.9955E-05 9.9955E-05 9.9955E-05 9.9955E-05 0.473135 0.0541244 0.417739 0.0545021
9.9982E-05 0.0395375 9.9982E-05 0.00381357 0.0481462 0.488073 0.0305731 0.29396 0.0956968
0.0221219 0.064768 0.00800616 9.9982E-05 0.403458 0.402793 0.0715751 9.9982E-05 0.0270783
9.9964E-05 0.220071 9.9964E-05 0.0342547 0.432611 0.309838 0.00282497 9.9964E-05 9.9964E-05
9.9973E-05 9.9973E-05 0.0623696 0.220909 0.0199565 0.449114 0.0223131 0.225038 9.9973E-05
0.0151487 0.232845 9.9964E-05 9.9964E-05 0.58091 0.0446612 0.126035 9.9964E-05 9.9964E-05
0.0401022 0.0513904 9.9973E-05 9.9973E-05 0.451895 0.282974 0.167537 0.00580091 9.9973E-05
9.9973E-05 0.0569029 9.9973E-05 0.29475 0.177485 0.323722 0.104401 0.0424384 9.9973E-05
9.9964E-05 9.9964E-05 9.9964E-05 0.320884 0.0272941 0.447442 0.108546 9.9964E-05 0.0954342
9.9964E-05 9.9964E-05 9.9964E-05 0.450044 0.0868794 0.355458 0.0249313 9.9964E-05 0.0822878
0.00233274 0.142621 9.9964E-05 9.9964E-05 0.405994 0.354927 0.0937251 9.9964E-05 9.9964E-05
9.9973E-05 0.0467613 0.0103947 9.9973E-05 0.447011 0.377638 0.107149 9.9973E-05 0.0107461
0.0223653 0.0660753 0.062282 0.0157802 0.5429 0.169526 0.0968145 0.0241575 9.9991E-05
0.0101505 0.0984387 9.9964E-05 9.9964E-05 0.45948 0.322932 0.108598 9.9964E-05 9.9964E-05
9.9964E-05 0.109822 9.9964E-05 0.276825 9.9964E-05 0.479184 0.0497249 0.0840449 9.9964E-05
0.0012234 0.0606606 9.9973E-05 0.0820865 0.574953 0.158822 0.121955 9.9973E-05 9.9973E-05
0.0619994 9.9973E-05 9.9973E-05 0.502659 0.0188755 0.0680622 0.135696 9.9973E-05 0.212408
9.9955E-05 9.9955E-05 9.9955E-05 0.375888 0.086597 0.523963 9.9955E-05 9.9955E-05 0.0130521
0.0330226 0.0139891 0.00760978 0.289025 0.0143612 0.523107 0.0510865 9.9991E-05 0.067699
9.9973E-05 9.9973E-05 0.033151 0.418416 0.0194374 0.37677 0.106051 9.9973E-05 0.0458746
0.0134225 0.108195 9.9973E-05 9.9973E-05 0.203628 0.365213 0.133463 0.175778 9.9973E-05
0.0303011 0.145552 0.117983 9.9973E-05 0.207805 0.356678 0.141381 9.9973E-05 9.9973E-05
9.9964E-05 0.1516 0.0164597 9.9964E-05 0.56699 0.134614 0.129937 9.9964E-05 9.9964E-05
0.00363763 9.9964E-05 9.9964E-05 0.426341 9.9964E-05 0.393549 0.098869 9.9964E-05 0.0772034
0.00260458 0.0891681 0.0402232 0.735587 0.0696143 9.9973E-05 0.0625032 9.9973E-05 9.9973E-05
0.0490812 0.0550355 0.0774752 0.0760676 9.9991E-05 0.37686 0.168573 0.0412534 0.155554
0.00142241 0.234826 9.9982E-05 0.0213728 0.0215001 0.537858 0.117851 0.0649702 9.9982E-05
0.0542727 0.876105 9.9955E-05 9.9955E-05 9.9955E-05 0.045042 9.9955E-05 0.0240806 9.9955E-05
9.9946E-05 0.957954 0.0211389 9.9946E-05 9.9946E-05 0.0203077 9.9946E-05 9.9946E-05 9.9946E-05
0.0291054 0.433669 0.0123067 9.9973E-05 9.9973E-05 0.394855 9.9973E-05 0.0185158 0.111248
0.0391648 0.717315 9.9955E-05 9.9955E-05 9.9955E-05 0.229998 9.9955E-05 9.9955E-05 0.013023
9.9955E-05 0.815808 9.9955E-05 9.9955E-05 0.046142 0.0831334 0.0544164 9.9955E-05 9.9955E-05
0.000815161 0.386744 0.1321 9.9973E-05 0.0321816 0.375332 9.9973E-05 9.9973E-05 0.0725276
0.0112728 0.308202 0.047026 0.00835695 0.0685483 0.385463 0.0845736 0.0545516 0.0320049
0.00549499 0.362572 9.9991E-05 0.0699589 0.139609 0.244303 0.0989291 0.0486294 0.0304045
9.9955E-05 0.749717 9.9955E-05 9.9955E-05 9.9955E-05 0.207169 0.0377749 9.9955E-05 0.00484007
0.0898884 0.305271 0.00340102 9.9964E-05 0.0197328 0.581307 9.9964E-05 9.9964E-05 9.9964E-05
9.9955E-05 0.658712 9.9955E-05 9.9955E-05 9.9955E-05 0.254132 9.9955E-05 0.0549877 0.0316681
9.9937E-05 0.973866 9.9937E-05 9.9937E-05 9.9937E-05 9.9937E-05 0.0254343 9.9937E-05 9.9937E-05
9.9955E-05 0.462576 9.9955E-05 9.9955E-05 0.085976 0.444936 9.9955E-05 9.9955E-05 0.00601295
0.0870065 0.132931 9.9973E-05 9.9973E-05 0.100657 0.407441 0.23046 0.0412042 9.9973E-05
9.99754E-05 0.0644929 9.99754E-05 0.0342209 0.230673 0.56856 0.0672489 0.0345042 9.99754E-05
9.9982E-05 0.0376919 0.0163034 0.0984388 0.249317 0.426459 0.15907 9.9982E-05 0.0125195
9.9964E-05 0.113299 9.9964E-05 9.9964E-05 0.174369 0.368046 0.319178 9.9964E-05 0.0247088
0.0147206 0.0275668 9.9991E-05 0.0158996 0.140219 0.480039 0.217333 0.00937164 0.0947502
9.9982E-05 0.084925 9.9982E-05 0.0257503 0.225683 0.434307 0.195277 0.00307826 0.0307796
9.9991E-05 0.0309689 0.0121473 0.122426 0.273947 0.269246 0.214342 0.00295555 0.0738672
0.0863943 0.0492019 9.9991E-05 0.00222646 0.190638 0.222389 0.117164 0.230082 0.101805
0.0366254 0.0893339 9.9973E-05 0.147699 0.162878 0.347331 0.215833 9.9973E-05 9.9973E-05
9.9973E-05 0.332771 9.9973E-05 0.0242314 0.217839 0.166144 0.20476 0.0539547 9.9973E-05
0.0559583 0.300845 9.9964E-05 9.9964E-05 0.274719 0.227102 0.140977 9.9964E-05 9.9964E-05
0.100931 0.0295015 9.99639E-05 9.99639E-05 9.99639E-05 9.99639E-05 0.764397 0.0332637 0.071506
0.074564 9.9964E-05 0.021196 9.9964E-05 9.9964E-05 0.117758 0.060572 9.9964E-05 0.725511
0.161066 9.9946E-05 9.9946E-05 9.9946E-05 9.9946E-05 9.9946E-05 0.0366236 9.9946E-05 0.801711
0.116835 9.9946E-05 9.9946E-05 9.9946E-05 9.9946E-05 9.9946E-05 0.0128541 9.9946E-05 0.869712
0.172556 9.9946E-05 0.0135669 9.9946E-05 9.9946E-05 9.9946E-05 9.9946E-05 9.9946E-05 0.813277
0.137877 9.9946E-05 9.9946E-05 9.9946E-05 0.0852175 9.9946E-05 9.9946E-05 9.9946E-05 0.776306
0.287454 9.9964E-05 9.9964E-05 0.0309685 9.9964E-05 0.0620041 0.0081606 9.9964E-05 0.611013
0.122182 9.9955E-05 9.9955E-05 9.9955E-05 9.9955E-05 9.9955E-05 0.0408002 0.00900315 0.827515
0.180085 9.9946E-05 9.9946E-05 9.9946E-05 9.9946E-05 9.9946E-05 0.214326 9.9946E-05 0.604989
9.9964E-05 0.0905358 9.9964E-05 0.0135 9.9964E-05 0.0317048 0.819485 9.9964E-05 0.0443744
0.0376778 9.9973E-05 0.0368334 9.9973E-05 0.0523336 0.014884 0.740589 9.9973E-05 0.117382
0.00616702 9.9964E-05 9.9964E-05 0.0355611 0.0410175 9.9964E-05 0.879943 0.036912 9.9964E-05
9.9964E-05 0.0877218 0.0280213 9.9964E-05 9.9964E-05 0.00744615 0.734199 9.9964E-05 0.142212
9.9964E-05 0.098731 9.9964E-05 9.9964E-05 0.036499 9.9964E-05 0.812212 0.0214271 0.030731
0.0709856 9.9973E-05 0.0437931 0.00755909 0.000173719 9.9973E-05 0.838933 9.9973E-05 0.0382553
0.0685042 0.0078875 9.9973E-05 0.093778 0.157856 9.9973E-05 0.633917 0.0377576 9.9973E-05
0.0589772 0.0400858 9.9964E-05 9.9964E-05 0.0456587 9.9964E-05 0.821503 0.0333753 9.9964E-05
0.0832792 0.0619275 0.00182366 0.0171833 0.042946 0.0624554 0.651652 9.9991E-05 0.0786332
0.00232976 9.9973E-05 0.00106993 9.9973E-05 0.0713764 0.00100078 0.882101 0.0418225 9.9973E-05
9.9946E-05 9.9946E-05 0.00232526 9.9946E-05 9.9946E-05 9.9946E-05 0.962362 9.9946E-05 0.0347131
0.00989777 0.0527249 9.9964E-05 9.9964E-05 0.0484332 0.0697158 0.818829 9.9964E-05 9.9964E-05
0.0413447 9.9955E-05 9.9955E-05 0.0120537 0.0160769 9.9955E-05 0.930025 9.9955E-05 9.9955E-05
9.9964E-05 0.00884007 9.9964E-05 0.0655018 0.0390438 0.00362255 0.882592 9.9964E-05 9.9964E-05
9.9946E-05 9.9946E-05 9.9946E-05 9.9946E-05 0.0250441 0.138282 0.836074 9.9946E-05 9.9946E-05
9.9955E-05 9.9955E-05 0.00285046 9.9955E-05 0.0667573 0.0949394 0.834953 9.9955E-05 9.9955E-05
9.9955E-05 0.064563 9.9955E-05 9.9955E-05 0.065879 0.142919 0.72614 9.9955E-05 9.9955E-05
9.9946E-05 9.9946E-05 9.9946E-05 9.9946E-05 0.0572405 0.168349 0.773811 9.9946E-05 9.9946E-05
9.9946E-05 9.9946E-05 9.9946E-05 9.9946E-05 0.0639 0.135053 0.800447 9.9946E-05 9.9946E-05
0.0393522 0.00892142 9.9982E-05 0.361977 9.9982E-05 0.302785 0.119607 0.116745 0.0504123
0.06281 9.9955E-05 9.9955E-05 0.281198 9.9955E-05 0.633667 9.9955E-05 0.0218244 9.9955E-05
0.00895912 0.108635 0.0339238 0.721489 0.0199063 9.9973E-05 9.9973E-05 0.106787 9.9973E-05
0.0794474 9.9964E-05 9.9964E-05 0.253638 9.9964E-05 0.533641 0.0415157 9.9964E-05 0.0913586
9.9946E-05 0.14622 9.9946E-05 0.840428 0.0127523 9.9946E-05 9.9946E-05 9.9946E-05 9.9946E-05
0.0115429 0.0132084 9.9973E-05 0.303571 0.0282008 0.557939 0.0852384 9.9973E-05 9.9973E-05
0.0745026 9.9955E-05 9.9955E-05 0.450905 9.9955E-05 0.367804 9.9955E-05 9.9955E-05 0.106289
