0.860846 0.0378098 0.0665044 0.0202708 9.9964E-05 9.9964E-05 0.0141689 9.9964E-05 9.9964E-05
0.881651 9.9955E-05 9.9955E-05 9.9955E-05 0.0548024 9.9955E-05 9.9955E-05 0.0424436 0.0206037
0.773744 0.132705 0.0350728 9.9964E-05 0.0428309 9.9964E-05 9.9964E-05 9.9964E-05 0.0152473
0.763747 0.027884 0.0333433 0.0621328 9.9973E-05 9.9973E-05 0.0338576 9.9973E-05 0.0787353
0.851966 0.0549536 0.0141226 0.013743 9.9964E-05 9.9964E-05 9.9964E-05 9.9964E-05 0.0648151
0.590101 0.0996152 0.0248729 0.0246632 0.0462954 9.9982E-05 9.9982E-05 0.14633 0.0679231
0.783449 9.9955E-05 0.0797658 9.9955E-05 9.9955E-05 9.9955E-05 0.0319368 0.104349 9.9955E-05
0.617822 9.9982E-05 0.149562 0.0444994 9.9982E-05 0.00915454 0.0407879 0.13064 0.00733533
0.792297 9.99549E-05 0.0784012 9.99549E-05 0.0624106 9.99549E-05 9.99549E-05 0.0663912 9.99549E-05
0.633733 0.138498 0.0680895 0.0597064 9.9964E-05 9.9964E-05 9.9964E-05 0.0995737 9.9964E-05
0.656174 0.0679252 0.0252649 9.9982E-05 0.0116351 0.0056238 9.9982E-05 0.168177 0.0649997
9.9937E-05 0.116177 9.9937E-05 9.9937E-05 9.9937E-05 9.9937E-05 0.883123 9.9937E-05 9.9937E-05
0.0397472 0.46674 0.0581563 0.0229628 9.9973E-05 0.00328417 0.408809 9.9973E-05 9.9973E-05
0.0112165 0.07409 0.0248718 0.0633278 9.9973E-05 0.142543 0.683651 9.9973E-05 9.9973E-05
9.9955E-05 0.175525 9.9955E-05 0.149829 9.9955E-05 0.00942944 0.664717 9.9955E-05 9.9955E-05
0.147332 0.387466 0.00711366 0.0323664 0.0118462 9.9991E-05 0.40855 0.000808907 0.00441591
9.9982E-05 0.351918 0.00533081 0.0919421 0.0964567 0.0132948 0.435711 0.00514693 9.9982E-05
0.08165 0.199678 9.9955E-05 0.0862838 9.9955E-05 9.9955E-05 0.631888 9.9955E-05 9.9955E-05
0.0593424 9.9964E-05 9.9964E-05 0.000591937 9.9964E-05 9.9964E-05 0.798015 0.0296498 0.112001
9.9964E-05 0.248065 0.0872085 0.117886 0.0679232 9.9964E-05 0.478518 9.9964E-05 9.9964E-05
0.0696141 0.459232 0.00855086 0.0191764 9.9982E-05 0.0681364 0.221663 0.153427 9.9982E-05
0.0412349 0.52999 0.0609352 0.0420743 9.9991E-05 0.0837667 0.199822 0.0122404 0.0298359
9.9964E-05 0.197854 0.00175003 0.079587 9.9964E-05 0.0182308 0.702178 9.9964E-05 9.9964E-05
9.9964E-05 0.456117 9.9964E-05 0.0862135 9.9964E-05 9.9964E-05 0.390287 0.0219223 0.0450601
9.9946E-05 0.0193107 9.9946E-05 0.0849724 9.9946E-05 9.9946E-05 0.895117 9.9946E-05 9.9946E-05
9.9946E-05 0.0406426 9.9946E-05 0.163448 9.9946E-05 9.9946E-05 0.79531 9.9946E-05 9.9946E-05
9.9964E-05 0.107809 0.0373523 9.9964E-05 9.9964E-05 0.0354432 0.79346 0.0255353 9.9964E-05
0.791251 0.159836 9.9946E-05 0.0483129 9.9946E-05 9.9946E-05 9.9946E-05 9.9946E-05 9.9946E-05
0.786155 0.213146 9.9937E-05 9.9937E-05 9.9937E-05 9.9937E-05 9.9937E-05 9.9937E-05 9.9937E-05
0.777883 0.211244 9.9955E-05 0.00805587 9.9955E-05 9.9955E-05 9.9955E-05 9.9955E-05 0.00231698
0.707845 0.184057 0.00878815 0.0467924 0.0357843 9.9982E-05 9.9982E-05 0.000158567 0.0163744
0.0256577 0.49087 0.0208958 9.9973E-05 0.207572 0.0650022 0.189702 9.9973E-05 9.9973E-05
0.0106021 0.532975 0.0247087 0.0627333 0.344776 0.023905 9.9973E-05 9.9973E-05 9.9973E-05
0.0758966 0.0853027 0.00479753 9.9973E-05 9.9973E-05 9.9973E-05 0.527546 0.039165 0.266992
9.9964E-05 0.26216 9.9964E-05 0.0677764 0.599358 9.9964E-05 9.9964E-05 0.0238442 0.0464616
0.0748797 0.733367 0.0485448 9.9964E-05 0.0902726 9.9964E-05 9.9964E-05 0.0525359 9.9964E-05
0.101702 0.610621 0.0679583 9.9982E-05 0.0461639 0.00854225 9.9982E-05 0.15745 0.00736249
0.040285 0.513976 9.9991E-05 0.0242358 0.0915904 0.0946416 0.111416 0.074943 0.0488124
0.0137338 0.204773 0.0248426 9.9973E-05 0.519292 9.9973E-05 0.227183 9.9973E-05 0.00987538
0.00022293 0.639077 0.0271123 0.0347285 0.0623641 9.9982E-05 9.9982E-05 0.229306 0.00698975
9.9964E-05 0.3687 9.9964E-05 9.9964E-05 0.559418 0.0300897 9.9964E-05 0.0208483 0.0205444
0.00676517 9.9964E-05 9.9964E-05 9.9964E-05 0.638061 0.0261665 9.9964E-05 0.31611 0.0124975
9.9982E-05 0.100934 0.0591802 9.9982E-05 0.119294 0.096721 0.497164 0.0399106 0.0865964
9.9964E-05 0.0784737 9.9964E-05 9.9964E-05 0.123876 0.147257 0.350318 0.299675 9.9964E-05
0.143533 0.0792513 9.9973E-05 9.9973E-05 0.208647 0.103281 0.204169 9.9973E-05 0.260819
0.0423163 0.552278 0.0475242 9.9991E-05 0.00767934 0.0960191 0.178411 0.0257308 0.0499417
0.0774249 0.351913 9.9982E-05 0.0227081 0.108833 9.9982E-05 0.271095 0.0856961 0.0821288
0.17422 9.9973E-05 0.144104 0.0440399 0.0385161 9.9973E-05 0.500068 0.0987517 9.9973E-05
0.0219264 0.295851 0.070176 0.0720448 9.9982E-05 0.0982527 0.41354 9.9982E-05 0.0280089
0.0177136 9.9973E-05 0.0771508 9.9973E-05 0.024225 9.9973E-05 0.716771 0.0979499 0.0658898
9.9973E-05 0.427137 0.00733943 0.014466 9.9973E-05 0.135797 0.41399 9.9973E-05 0.000971258
0.0550068 0.559475 0.0161042 0.0119427 0.0115242 0.0604898 0.0804213 0.116943 0.0880928
0.0267026 0.187048 0.0498096 0.0663655 0.100161 0.0803395 0.481217 9.9991E-05 0.00825699
0.0403127 0.38428 9.9973E-05 0.123794 9.9973E-05 0.0754217 0.359794 0.0160984 9.9973E-05
9.9982E-05 0.12021 0.0488625 9.9982E-05 0.0890954 0.0885822 0.551265 0.0800473 0.0217376
9.9964E-05 0.517533 0.0584928 0.00867397 0.340226 9.9964E-05 9.9964E-05 9.9964E-05 0.074674
0.00771535 0.170563 9.9964E-05 9.9964E-05 0.603294 9.9964E-05 0.193418 9.9964E-05 0.0246098
9.9955E-05 9.9955E-05 0.00572665 0.011295 0.95601 9.9955E-05 9.9955E-05 0.0264684 9.9955E-05
9.9955E-05 9.9955E-05 9.9955E-05 9.9955E-05 0.862642 0.024003 0.071605 0.0412505 9.9955E-05
9.9955E-05 0.239094 0.0436724 9.9955E-05 0.702605 0.0141289 9.9955E-05 9.9955E-05 9.9955E-05
0.009979 0.351433 0.00949222 0.0580649 0.481737 9.9973E-05 0.0889945 9.9973E-05 9.9973E-05
9.9973E-05 0.433087 9.9973E-05 0.0594147 0.284356 9.9973E-05 0.0203598 0.0525479 0.149935
0.0314109 0.160461 0.0641531 9.9973E-05 0.588024 9.9973E-05 0.135125 9.9973E-05 0.0205258
9.9973E-05 0.249986 0.135564 0.0148833 0.411469 9.9973E-05 0.0982731 9.9973E-05 0.0895245
0.0825707 0.374973 9.9964E-05 0.00625874 0.452691 9.9964E-05 0.0831067 9.9964E-05 9.9964E-05
0.0749217 0.479877 0.0253315 9.9973E-05 0.328185 9.9973E-05 0.018171 9.9973E-05 0.0732136
9.9946E-05 0.450746 9.9946E-05 9.9946E-05 0.451488 9.9946E-05 9.9946E-05 0.097166 9.9946E-05
9.9964E-05 9.9964E-05 9.9964E-05 0.004668 0.701063 0.0413837 0.029712 0.222773 9.9964E-05
0.779178 0.0292598 0.0208604 0.0462512 0.0302337 0.00235361 0.070308 9.9991E-05 0.0214551
0.885248 0.114053 9.9937E-05 9.9937E-05 9.9937E-05 9.9937E-05 9.9937E-05 9.9937E-05 9.9937E-05
0.86956 0.0969737 0.00978394 0.0231827 9.9955E-05 9.9955E-05 9.9955E-05 9.9955E-05 9.9955E-05
0.904004 0.0726318 9.9946E-05 9.9946E-05 9.9946E-05 9.9946E-05 9.9946E-05 0.0227642 9.9946E-05
0.812207 0.0897334 9.9964E-05 0.0206168 9.9964E-05 0.00766657 9.9964E-05 0.069376 9.9964E-05
0.869054 0.0619011 0.0107693 0.0390754 9.9964E-05 0.0188006 9.9964E-05 9.9964E-05 9.9964E-05
0.91737 0.0683585 9.99461E-05 9.99461E-05 9.99461E-05 9.99461E-05 9.99461E-05 9.99461E-05 0.0136722
9.9955E-05 0.0766724 9.9955E-05 9.9955E-05 0.696927 9.9955E-05 0.190335 9.9955E-05 0.0355652
0.0378669 0.445005 0.0109854 0.0106379 0.33255 9.9991E-05 0.111395 0.0152595 0.0362
0.0728826 0.568504 9.9964E-05 0.0332429 0.220719 0.104252 9.9964E-05 9.9964E-05 9.9964E-05
0.0244279 0.557489 0.00630448 0.00522035 0.166823 0.128975 0.0584833 0.0521778 9.9991E-05
9.9973E-05 0.407035 9.9973E-05 0.0771522 0.352681 0.071474 9.9973E-05 0.00797927 0.0833788
0.0261476 9.9964E-05 0.0600336 9.9964E-05 0.620834 9.9964E-05 0.262103 9.9964E-05 0.0304827
0.031068 0.223838 0.0122519 0.020456 0.568634 9.9982E-05 0.0737178 0.0698348 9.9982E-05
0.0327244 0.516806 0.0343764 9.9964E-05 0.380973 0.0347209 9.9964E-05 9.9964E-05 9.9964E-05
9.9955E-05 0.557998 9.9955E-05 9.9955E-05 0.300554 9.9955E-05 0.0984687 9.9955E-05 0.0424795
9.9955E-05 0.340219 0.0230447 0.0630882 0.573149 9.9955E-05 9.9955E-05 9.9955E-05 9.9955E-05
0.0905927 0.388487 0.00651164 9.9973E-05 0.321158 0.100812 9.9973E-05 9.9973E-05 0.092139
0.00131403 0.16814 9.9982E-05 0.0231621 9.9982E-05 0.232789 0.406402 0.10676 0.061232
0.0699595 0.385729 0.153035 0.0990285 0.0027417 9.9991E-05 0.141671 0.0576224 0.090113
9.9964E-05 0.412561 9.9964E-05 9.9964E-05 9.9964E-05 0.0600795 0.172476 0.0381193 0.316365
0.0282246 0.574357 0.0390305 0.0137849 9.9991E-05 0.0496774 0.170323 0.0403404 0.0841622
9.9982E-05 0.404522 0.0293414 0.0256502 0.0391634 0.02929 0.427506 9.9982E-05 0.0443273
0.0645404 0.520692 9.9982E-05 9.9982E-05 0.0176607 0.0326581 0.224202 0.0435183 0.0965281
9.9973E-05 0.549058 0.0867489 9.9973E-05 0.00389795 0.0397133 0.231321 9.9973E-05 0.088961
9.9973E-05 0.480693 9.9973E-05 0.068817 0.0227238 0.148594 0.172847 9.9973E-05 0.106025
9.9982E-05 0.441106 9.9982E-05 0.107993 0.101824 0.0443984 0.182752 0.0342106 0.0875165
0.073686 0.267548 9.9982E-05 0.0198684 9.9982E-05 0.117446 0.210786 0.136773 0.173692
9.9991E-05 0.426041 0.00261312 0.123118 0.0117382 0.0609669 0.164134 0.00518563 0.206104
0.0602443 0.61919 9.9964E-05 0.0315697 9.9964E-05 0.167997 9.9964E-05 9.9964E-05 0.120599
9.9982E-05 0.165741 9.9982E-05 0.0444503 0.116066 0.127982 0.288568 0.0539318 0.203061
9.9991E-05 0.0673535 0.0152195 0.0538895 0.0222292 0.162447 0.414941 0.174367 0.0894535
9.9991E-05 0.0746863 0.0941348 0.0358267 0.216182 0.163959 0.203627 0.127233 0.0842522
0.0200031 0.210067 9.9973E-05 9.9973E-05 0.00780023 0.119903 0.437908 9.9973E-05 0.204018
9.9964E-05 0.449562 9.9964E-05 9.9964E-05 0.0256979 0.048716 0.340331 9.9964E-05 0.135293
0.0208247 0.300277 0.0462086 9.9973E-05 0.102935 9.9973E-05 0.399986 9.9973E-05 0.129469
9.9982E-05 0.25662 0.0430213 0.0413747 0.121293 0.0176818 0.388582 9.9982E-05 0.131227
0.00673768 0.506597 0.00748836 0.0687555 0.0259014 0.111388 0.124735 0.0789282 0.0694692
9.9991E-05 0.168097 0.0473087 0.0269718 0.0965819 0.0487198 0.183557 0.215915 0.212749
0.0501117 0.553 0.0601181 0.045174 0.00105706 0.0412476 0.0734864 0.155183 0.0206218
0.0820958 0.0733829 0.0604266 9.9991E-05 0.0367014 0.0957116 0.031698 0.492672 0.127211
0.101846 0.338249 0.041478 0.00435935 0.142271 0.083564 0.0943162 0.190369 0.00354865
0.134452 0.581165 0.0103421 0.0552482 0.0162013 0.0193394 0.0541719 0.12898 9.9991E-05
0.0496946 0.306165 9.9982E-05 9.9982E-05 0.0619349 0.0792972 0.108811 0.377336 0.0165614
0.0292714 0.198608 0.0521275 9.9982E-05 9.9982E-05 0.230568 0.0518347 0.384258 0.0531323
9.9973E-05 0.405665 0.0302513 9.9973E-05 0.0117525 0.237617 0.180655 0.133759 9.9973E-05
0.0405272 9.9982E-05 0.0172513 0.13674 0.169515 0.100722 0.269278 0.265767 9.9982E-05
9.9973E-05 0.37338 0.00578975 9.9973E-05 0.126656 0.0650125 0.203303 0.225559 9.9973E-05
9.9991E-05 0.328012 0.020064 0.0890019 0.15702 0.135439 0.142646 0.126707 0.00101104
0.229319 0.0826141 0.00280488 0.275819 9.9973E-05 9.9973E-05 0.119066 0.290078 9.9973E-05
0.45049 9.9946E-05 9.9946E-05 0.161498 9.9946E-05 9.9946E-05 9.9946E-05 0.387412 9.9946E-05
0.332207 9.9946E-05 9.9946E-05 0.144535 9.9946E-05 9.9946E-05 9.9946E-05 0.522658 9.9946E-05
0.332902 0.0232987 9.9964E-05 0.357643 9.9964E-05 9.9964E-05 0.0744619 0.211294 9.9964E-05
9.9955E-05 0.695264 9.9955E-05 9.9955E-05 0.0324557 9.9955E-05 9.9955E-05 0.242143 0.0296368
9.9955E-05 0.246052 9.9955E-05 0.662053 9.9955E-05 9.9955E-05 0.0883497 9.9955E-05 0.00304577
9.9964E-05 0.342244 9.9964E-05 9.9964E-05 0.0925539 0.0823069 0.0208686 0.461626 9.9964E-05
9.9964E-05 0.213885 0.0286672 9.9964E-05 0.0679613 0.221071 9.9964E-05 0.468015 9.9964E-05
9.9964E-05 0.597249 0.0502766 9.9964E-05 0.170219 0.0216162 9.9964E-05 0.160239 9.9964E-05
9.9973E-05 0.518667 9.9973E-05 9.9973E-05 0.00669428 0.258879 0.0590659 0.144412 0.0119818
0.00145841 0.559047 0.038742 0.0119488 9.9991E-05 0.0820733 0.0486482 0.244639 0.0133436
9.9973E-05 0.268178 0.0304014 9.9973E-05 0.0511396 0.164608 0.0775257 0.407847 9.9973E-05
9.9946E-05 9.9946E-05 9.9946E-05 0.949111 9.9946E-05 9.9946E-05 0.0314495 0.0188401 9.9946E-05
9.9946E-05 0.114364 9.9946E-05 0.875155 9.9946E-05 9.9946E-05 9.9946E-05 9.9946E-05 0.00988175
9.9973E-05 0.287588 0.0300294 0.665825 0.000802479 9.9973E-05 9.9973E-05 0.00483665 0.0106187
9.9955E-05 0.21672 9.9955E-05 0.705291 0.0596363 9.9955E-05 9.9955E-05 0.0178531 9.9955E-05
9.993E-05 9.993E-05 9.993E-05 0.999201 9.993E-05 9.993E-05 9.993E-05 9.993E-05 9.993E-05
9.9955E-05 9.9955E-05 0.0357057 0.927408 9.9955E-05 0.0180763 0.0183102 9.9955E-05 9.9955E-05
9.9946E-05 0.154373 9.9946E-05 0.835692 0.00933533 9.9946E-05 9.9946E-05 9.9946E-05 9.9946E-05
9.9955E-05 0.0392961 9.9955E-05 0.927741 0.0171211 9.9955E-05 9.9955E-05 9.9955E-05 0.0153417
9.993E-05 9.993E-05 9.993E-05 0.999201 9.993E-05 9.993E-05 9.993E-05 9.993E-05 9.993E-05
9.993E-05 9.993E-05 9.993E-05 0.999201 9.993E-05 9.993E-05 9.993E-05 9.993E-05 9.993E-05
0.0198238 0.200671 9.9973E-05 0.710069 0.0202381 9.9973E-05 0.015771 9.9973E-05 0.0331269
9.9955E-05 0.0131337 9.9955E-05 0.831092 9.9955E-05 0.0461235 9.9955E-05 9.9955E-05 0.109151
9.9946E-05 9.9946E-05 9.9946E-05 0.924739 0.0482959 9.9946E-05 0.0263655 9.9946E-05 9.9946E-05
0.0818494 0.172925 9.9955E-05 0.695987 9.9955E-05 9.9955E-05 9.9955E-05 9.9955E-05 0.0487393
9.9955E-05 0.0740432 0.00608969 0.872671 9.9955E-05 9.9955E-05 9.9955E-05 9.9955E-05 0.0466963
9.9946E-05 9.9946E-05 9.9946E-05 0.983901 9.9946E-05 0.00791469 9.9946E-05 0.00758443 9.9946E-05
0.0964984 0.0710707 9.9946E-05 0.831831 9.9946E-05 9.9946E-05 9.9946E-05 9.9946E-05 9.9946E-05
0.00226734 0.0246163 9.9946E-05 0.972517 9.9946E-05 9.9946E-05 9.9946E-05 9.9946E-05 9.9946E-05
0.0741178 0.298925 0.0450879 0.517098 9.9973E-05 0.0174966 9.9973E-05 9.9973E-05 0.0469757
0.0178043 9.9964E-05 9.9964E-05 0.913414 0.0329469 0.00018844 9.9964E-05 9.9964E-05 0.0352466
0.226551 9.9946E-05 9.9946E-05 0.0614462 9.9946E-05 9.9946E-05 9.9946E-05 0.711404 9.9946E-05
0.0976675 0.30897 0.095979 0.127118 0.0459076 9.9982E-05 0.146344 0.177814 9.9982E-05
0.20013 0.442914 0.0332375 0.0252254 0.053645 9.9982E-05 0.00531187 0.239336 9.9982E-05
0.20157 0.18895 0.0596182 0.114182 9.9973E-05 0.0360493 9.9973E-05 0.399331 9.9973E-05
0.154179 0.180596 9.9973E-05 0.157962 0.0510714 9.9973E-05 0.0906889 0.365202 9.9973E-05
0.120191 0.370326 0.00596752 0.118921 9.9964E-05 9.9964E-05 9.9964E-05 0.384195 9.9964E-05
0.106693 0.441742 0.00729195 0.202943 9.9973E-05 9.9973E-05 9.9973E-05 0.223313 0.0177174
0.16342 0.397047 9.9964E-05 0.140823 9.9964E-05 0.0432849 9.9964E-05 0.255025 9.9964E-05
0.776415 0.0350683 0.0161057 9.9973E-05 0.0342891 9.9973E-05 9.9973E-05 0.076227 0.0615953
0.881863 9.9955E-05 9.9955E-05 0.066303 9.9955E-05 0.0358574 9.9955E-05 9.9955E-05 0.0154764
0.904787 9.9946E-05 9.9946E-05 9.9946E-05 9.9946E-05 9.9946E-05 9.9946E-05 0.0550861 0.0395271
0.931036 0.00719612 9.9955E-05 9.9955E-05 9.9955E-05 9.9955E-05 9.9955E-05 0.0213534 0.0399144
0.852674 0.0508301 9.9973E-05 0.0299936 9.9973E-05 9.9973E-05 0.0548201 0.00767872 0.00370397
0.90192 9.9946E-05 9.9946E-05 0.0842535 0.0132268 9.9946E-05 9.9946E-05 9.9946E-05 9.9946E-05
0.881267 0.0445011 9.9955E-05 0.0481653 9.9955E-05 9.9955E-05 9.9955E-05 9.9955E-05 0.0255673
0.844159 9.9955E-05 9.9955E-05 9.9955E-05 9.9955E-05 0.0790315 9.9955E-05 0.0473174 0.0289924
0.879531 0.0513354 9.9955E-05 9.9955E-05 0.019754 9.9955E-05 0.04888 9.9955E-05 9.9955E-05
0.845078 9.9964E-05 9.9964E-05 0.0829515 9.9964E-05 0.00902459 0.0239052 0.0386407 9.9964E-05
0.555356 9.9973E-05 0.16263 0.00472513 0.0930846 0.0740572 0.109847 9.9973E-05 9.9973E-05
0.550455 9.9946E-05 0.204195 9.9946E-05 9.9946E-05 9.9946E-05 0.24475 9.9946E-05 9.9946E-05
0.500653 9.9982E-05 0.0175769 9.9982E-05 0.00378343 0.0973139 0.292613 0.0469808 0.0408786
0.420302 9.9955E-05 0.131584 9.9955E-05 9.9955E-05 9.9955E-05 0.404733 0.042881 9.9955E-05
0.0406687 0.392104 0.0768776 0.0330887 0.284649 0.0606399 0.111772 9.9982E-05 9.9982E-05
0.0263403 0.443661 0.0710953 0.0439958 0.132975 0.112949 0.06246 9.9991E-05 0.106423
0.0655537 0.398297 0.0403725 9.9973E-05 0.231787 9.9973E-05 0.204974 9.9973E-05 0.0587158
9.9964E-05 0.111185 0.011449 9.9964E-05 0.0360739 9.9964E-05 0.596933 9.9964E-05 0.243959
0.0533997 0.669647 0.0844279 9.9973E-05 0.144583 0.0239207 9.9973E-05 0.0237221 9.9973E-05
9.9964E-05 0.527069 9.9964E-05 0.0317984 0.318326 9.9964E-05 0.0544039 9.9964E-05 0.0680024
0.00952711 0.566915 9.9982E-05 0.00093127 0.240873 0.0559146 0.0913596 9.9982E-05 0.0342789
9.9955E-05 0.428001 9.9955E-05 0.0481138 0.503968 9.9955E-05 9.9955E-05 0.0194177 9.9955E-05
0.0130746 0.470492 0.0758081 9.9982E-05 0.24882 0.0347101 0.15309 9.9982E-05 0.00380616
9.9964E-05 9.9964E-05 0.00623869 9.9964E-05 0.818055 0.076883 9.9964E-05 0.0452634 0.05316
0.0110026 0.307133 0.0451833 9.9973E-05 0.488216 0.0701566 9.9973E-05 0.0780089 9.9973E-05
9.9955E-05 0.563623 9.9955E-05 9.9955E-05 0.343515 0.0517949 9.9955E-05 9.9955E-05 0.0405671
9.9964E-05 0.123249 0.0481229 9.9964E-05 0.598209 9.9964E-05 0.130519 9.9964E-05 0.0995004
0.0656167 9.9973E-05 0.84506 9.9973E-05 0.0103752 9.9973E-05 0.0169993 0.0152992 0.04635
9.993E-05 9.993E-05 0.999201 9.993E-05 9.993E-05 9.993E-05 9.993E-05 9.993E-05 9.993E-05
9.993E-05 9.993E-05 0.999201 9.993E-05 9.993E-05 9.993E-05 9.993E-05 9.993E-05 9.993E-05
0.0285917 9.9946E-05 0.909647 9.9946E-05 9.9946E-05 9.9946E-05 0.061162 9.9946E-05 9.9946E-05
9.9955E-05 9.9955E-05 0.929371 0.0202984 9.9955E-05 9.9955E-05 0.0287549 9.9955E-05 0.0210756
9.9955E-05 0.0387791 0.912429 0.0390918 9.9955E-05 9.9955E-05 9.9955E-05 9.9955E-05 0.00920033
0.857518 0.0804425 9.9964E-05 0.00366285 0.030694 0.027283 9.9964E-05 9.9964E-05 9.9964E-05
0.780776 0.0736062 0.0193248 9.9973E-05 9.9973E-05 0.0361269 0.0390654 9.9973E-05 0.0508012
0.743041 0.0894021 9.9964E-05 0.100878 9.9964E-05 0.018814 0.0474654 9.9964E-05 9.9964E-05
0.724285 0.0858506 9.9955E-05 0.06438 9.9955E-05 9.9955E-05 0.124985 9.9955E-05 9.9955E-05
0.770256 0.125584 9.9973E-05 0.0266575 0.0254402 9.9973E-05 0.0393047 9.9973E-05 0.012458
0.313092 9.9964E-05 0.147727 9.9964E-05 9.9964E-05 9.9964E-05 0.0970089 0.0539732 0.387799
0.406932 9.9982E-05 0.280899 9.9982E-05 0.0746133 0.0664156 0.0337295 0.0501236 0.087087
0.404665 9.9964E-05 0.267145 9.9964E-05 9.9964E-05 0.0661947 0.0336043 9.9964E-05 0.227991
0.77532 0.18229 9.9955E-05 0.0412726 9.9955E-05 9.9955E-05 9.9955E-05 9.9955E-05 0.000617258
0.368305 9.9955E-05 0.348486 9.9955E-05 0.138238 9.9955E-05 9.9955E-05 9.9955E-05 0.144471
0.140465 0.322505 9.9955E-05 0.325214 9.9955E-05 9.9955E-05 9.9955E-05 0.211317 9.9955E-05
0.170393 0.54969 9.9955E-05 0.244431 9.9955E-05 9.9955E-05 0.0349867 9.9955E-05 9.9955E-05
0.164022 0.328098 0.123234 0.255059 9.9964E-05 9.9964E-05 9.9964E-05 0.129187 9.9964E-05
0.342077 9.9946E-05 9.9946E-05 0.308688 9.9946E-05 9.9946E-05 9.9946E-05 0.348635 9.9946E-05
9.9982E-05 0.377179 0.00426111 9.9982E-05 0.0419621 0.0299232 0.320757 0.0322763 0.193441
0.0115248 0.33154 9.9982E-05 9.9982E-05 0.0596657 0.133561 0.22443 0.0917026 0.147375
0.0588757 0.188952 0.0474145 9.9973E-05 9.9973E-05 0.0338639 0.569 9.9973E-05 0.101594
9.9982E-05 0.457721 0.00233963 9.9982E-05 0.0668141 0.250507 0.108539 0.029004 0.0848755
9.9964E-05 9.9964E-05 0.048796 9.9964E-05 0.202254 0.250869 0.211714 0.285968 9.9964E-05
0.0204534 0.467068 9.9991E-05 0.0166404 0.0310749 0.154346 0.136508 0.0844463 0.089363
9.9982E-05 0.236067 0.00680494 9.9982E-05 0.024226 0.0181119 0.591107 0.0146991 0.108784
9.9955E-05 9.9955E-05 9.9955E-05 9.9955E-05 0.0586079 0.111971 0.5467 0.282221 9.9955E-05
9.9982E-05 0.41325 9.9982E-05 0.0590722 0.0548547 0.136716 0.198493 0.0410716 0.0963426
9.9982E-05 0.537473 0.0162066 0.0133157 0.0204295 9.9982E-05 0.287092 0.0136128 0.11167
0.115288 0.354169 0.0188586 0.158081 0.0956916 0.0133026 0.0980317 0.0843047 0.0622726
9.9991E-05 0.28469 0.00701988 0.0145624 0.0243859 0.212406 0.369158 0.0615794 0.0260985
9.9991E-05 0.424679 0.0224739 0.00765434 0.0839555 0.14104 0.312734 0.00128156 0.00608203
0.0129536 0.389272 0.0565314 0.0919793 0.0847549 0.0528567 0.230215 0.0813376 9.9991E-05
0.00163631 0.514644 0.113993 9.9991E-05 0.0171409 0.145247 0.185686 0.0139733 0.00757893
0.026538 0.614197 0.0259473 0.0233119 0.164781 0.0388422 0.0936926 9.9991E-05 0.0125901
0.740093 0.211672 9.9946E-05 0.0476355 9.9946E-05 9.9946E-05 9.9946E-05 9.9946E-05 9.9946E-05
0.840791 0.137601 9.9955E-05 9.9955E-05 0.00834978 0.0127581 9.9955E-05 9.9955E-05 9.9955E-05
0.784105 0.0463314 9.9982E-05 9.9982E-05 0.0409162 0.0598368 0.031121 0.00800632 0.0294829
0.770342 0.0641515 0.0627741 0.0185653 0.0837676 9.9964E-05 9.9964E-05 9.9964E-05 9.9964E-05
0.805888 0.148468 0.0277194 0.000263919 9.9964E-05 9.9964E-05 9.9964E-05 0.01726 9.9964E-05
9.9973E-05 0.142923 0.0538595 0.0602077 9.9973E-05 9.9973E-05 0.632043 0.0456942 0.0649728
0.0349289 0.580703 9.9982E-05 0.0730107 0.0276366 0.0535097 0.0551658 9.9982E-05 0.174845
0.120157 0.482591 9.9964E-05 9.9964E-05 0.0794655 9.9964E-05 0.139562 9.9964E-05 0.177824
9.9982E-05 0.200173 0.0778539 0.032991 9.9982E-05 0.0588676 0.29612 0.196224 0.13757
0.092761 9.9973E-05 0.0769929 9.9973E-05 0.048212 9.9973E-05 0.609575 0.0838143 0.0883453
9.9982E-05 0.513591 0.133043 0.0115866 9.9982E-05 0.0374659 0.178848 0.0246219 0.100643
0.0539813 0.1429 0.0499873 0.028155 9.9982E-05 0.131564 0.337318 9.9982E-05 0.255894
0.0103363 0.287765 0.0406892 0.0714977 0.110962 0.136593 0.101523 0.0878295 0.152805
0.0932848 0.0661101 0.0794176 9.9982E-05 0.0486032 0.0916312 0.515407 9.9982E-05 0.105346
0.0383767 0.138515 0.0343079 9.9982E-05 0.0167945 0.034397 0.581838 9.9982E-05 0.155571
0.036512 0.267202 0.0208926 0.0325838 0.047667 0.146775 0.20652 0.0635836 0.178264
9.9973E-05 0.366723 0.00130473 9.9973E-05 9.9973E-05 0.0765159 0.0142276 0.451507 0.089422
0.0523802 0.636174 0.0436225 9.9964E-05 0.0692421 9.9964E-05 9.9964E-05 0.198181 9.9964E-05
9.9982E-05 0.365258 0.0410466 9.9982E-05 0.143113 0.0336427 0.00399958 0.408293 0.00444778
0.0295548 0.592718 0.0941736 9.9973E-05 9.9973E-05 0.0830202 0.022563 0.17767 9.9973E-05
9.9973E-05 0.127816 0.069387 9.9973E-05 0.183139 0.0473224 9.9973E-05 0.536692 0.0353443
9.9964E-05 0.309077 0.0499272 9.9964E-05 0.021248 0.0199621 9.9964E-05 0.599385 9.9964E-05
9.9964E-05 0.60883 0.0246753 9.9964E-05 9.9964E-05 0.107288 9.9964E-05 0.230627 0.0281801
9.9982E-05 0.134288 0.0658581 9.9982E-05 0.146395 0.14665 0.0575094 0.43062 0.0184789
9.9973E-05 0.487657 0.0327309 9.9973E-05 0.0253576 9.9973E-05 0.133326 0.308302 0.0123261
0.0015879 0.0162283 0.116061 0.0507809 0.0406012 9.9991E-05 0.57138 0.0334512 0.169809
9.9982E-05 0.14982 9.9982E-05 0.0312657 0.145913 0.193622 0.213391 0.066969 0.198819
9.9973E-05 0.329217 0.0701561 0.0531298 0.0435718 9.9973E-05 0.363273 9.9973E-05 0.140352
9.9982E-05 0.483646 0.0579655 0.0854246 0.17884 9.9982E-05 0.094124 0.00584384 0.0939567
9.9982E-05 0.1829 0.0786887 9.9982E-05 0.164826 0.00899232 0.363521 0.0424338 0.158438
9.9982E-05 0.499528 0.000741173 0.0413535 0.00393825 0.0488738 0.227485 9.9982E-05 0.17788
0.0401904 0.447827 0.0108529 9.9973E-05 0.0844457 9.9973E-05 0.291487 9.9973E-05 0.124897
9.9982E-05 0.238882 0.0526461 0.0287034 0.119637 0.0420784 0.365458 9.9982E-05 0.152396
9.9991E-05 0.381672 0.0874134 0.0438869 0.0133237 0.0786989 0.179075 0.0144333 0.201396
9.9973E-05 0.58091 9.9973E-05 0.0363119 0.00586871 9.9973E-05 0.187807 0.069003 0.119799
0.0126339 0.392192 0.0590568 9.9991E-05 0.0139491 0.0746118 0.151197 0.143148 0.153111
9.9982E-05 0.479447 0.0787497 0.0729177 9.9982E-05 0.0385298 0.145251 0.0721226 0.112782
0.0486433 0.376079 0.0181581 9.9973E-05 9.9973E-05 9.9973E-05 0.184162 0.114642 0.258015
0.0275086 0.439832 0.0411069 0.0809986 0.0703876 0.00739329 0.138283 0.0305737 0.163917
0.311189 0.437504 9.9964E-05 0.127524 9.9964E-05 9.9964E-05 0.0302703 0.0931121 9.9964E-05
0.153689 0.35815 9.9973E-05 0.234901 0.089764 9.9973E-05 0.0316422 0.131554 9.9973E-05
0.0291685 0.568292 9.9991E-05 0.140005 0.031871 0.0374263 0.103467 0.0596137 0.0300567
0.13636 0.414314 9.9973E-05 0.175082 0.0067097 0.122639 0.144596 9.9973E-05 9.9973E-05
9.9982E-05 0.368812 9.9982E-05 0.0619931 0.039472 0.16515 0.269624 0.0665588 0.0281906
0.139642 9.9973E-05 9.9973E-05 0.135744 0.119683 0.0585034 0.136162 0.409966 9.9973E-05
0.088846 0.385515 0.0368581 0.207423 9.9991E-05 0.0705327 0.15589 0.0404551 0.01438
0.0298813 0.378409 0.000487624 0.264915 0.085254 9.9991E-05 0.077638 0.033136 0.130178
0.153625 0.200292 0.035094 0.124516 0.0481315 9.9982E-05 0.211507 0.226635 9.9982E-05
0.163906 0.503578 9.9973E-05 0.160625 9.9973E-05 0.0756297 9.9973E-05 0.0755148 0.0204461
0.398688 9.9955E-05 9.9955E-05 0.21223 0.0263247 9.9955E-05 9.9955E-05 0.362258 9.9955E-05
0.185832 0.623287 9.9964E-05 0.107625 9.9964E-05 9.9964E-05 0.000131099 0.0827258 9.9964E-05
0.232922 0.470657 9.9982E-05 0.076581 0.043202 0.0739963 0.075781 0.0266607 9.9982E-05
0.00635432 0.403829 9.9973E-05 0.0764794 0.0624131 0.378339 9.9973E-05 9.9973E-05 0.0722852
9.9964E-05 9.9964E-05 0.0610862 9.9964E-05 0.130172 0.735005 0.0471178 0.0262196 9.9964E-05
9.9946E-05 9.9946E-05 9.9946E-05 9.9946E-05 0.0606591 0.81829 9.9946E-05 9.9946E-05 0.120451
0.0962169 0.336123 9.9982E-05 0.304895 9.9982E-05 0.138634 0.0979743 0.00766709 0.0182898
0.0902555 0.271014 9.9973E-05 0.365493 0.0011343 0.245951 9.9973E-05 0.0258527 9.9973E-05
0.234596 0.0808296 9.9973E-05 0.277286 0.019156 0.258534 9.9973E-05 0.129299 9.9973E-05
0.132028 0.255961 9.9964E-05 0.278766 9.9964E-05 0.207549 0.125297 9.9964E-05 9.9964E-05
0.054431 9.9955E-05 9.9955E-05 0.108459 9.9955E-05 0.81496 9.9955E-05 0.0216505 9.9955E-05
0.0594463 0.07495 9.9973E-05 0.137458 9.9973E-05 0.685591 9.9973E-05 0.036663 0.00559157
9.9946E-05 0.489198 9.9946E-05 0.126452 9.9946E-05 0.38375 9.9946E-05 9.9946E-05 9.9946E-05
9.9946E-05 0.340409 9.9946E-05 0.154031 9.9946E-05 0.504961 9.9946E-05 9.9946E-05 9.9946E-05
0.00928398 0.16612 9.9955E-05 0.0979768 9.9955E-05 0.72612 9.9955E-05 9.9955E-05 9.9955E-05
0.0461306 0.408645 0.0095003 0.0952754 9.9982E-05 0.308547 0.0817441 9.9982E-05 0.0499584
0.0268766 0.409051 0.0269995 0.0929464 9.9964E-05 0.443727 9.9964E-05 9.9964E-05 9.9964E-05
9.9955E-05 0.361596 0.0702676 9.9955E-05 0.0126407 0.554996 9.9955E-05 9.9955E-05 9.9955E-05
0.00565598 0.233964 9.9991E-05 0.0719252 0.0972078 0.438984 0.0752805 0.0241839 0.0526984
0.051149 0.355315 0.00624158 0.0411273 0.0313725 0.338317 9.9982E-05 9.9982E-05 0.176278
0.0568609 0.449471 0.0223895 9.9973E-05 0.0174003 0.426321 9.9973E-05 0.0272574 9.9973E-05
9.9955E-05 0.157294 0.0682665 9.9955E-05 9.9955E-05 0.724815 9.9955E-05 9.9955E-05 0.0491242
0.0533479 0.457062 9.9955E-05 9.9955E-05 0.0665074 0.422583 9.9955E-05 9.9955E-05 9.9955E-05
9.99549E-05 0.185025 0.0373049 9.99549E-05 9.99549E-05 0.718655 0.0585152 9.99549E-05 9.99549E-05
0.00160673 0.377374 0.0371997 0.0370099 9.9982E-05 0.490101 0.0245446 0.0319639 9.9982E-05
0.170288 0.323435 0.0160001 0.215327 0.065605 0.0227008 0.0413601 0.145184 9.9991E-05
0.150873 0.278543 0.0811636 0.212707 9.9991E-05 0.131842 0.0869122 0.0422562 0.0156029
0.19361 9.9964E-05 0.0596288 0.0738735 9.9964E-05 0.552804 9.9964E-05 0.119683 9.9964E-05
0.0736902 0.613075 0.0754755 0.164087 9.9964E-05 0.0732731 9.9964E-05 9.9964E-05 9.9964E-05
0.383027 9.9955E-05 9.9955E-05 0.0844815 9.9955E-05 0.421035 9.9955E-05 0.110956 9.9955E-05
0.0637095 0.393246 9.9955E-05 0.242234 9.9955E-05 0.30031 9.9955E-05 9.9955E-05 9.9955E-05
9.9946E-05 9.9946E-05 9.9946E-05 9.9946E-05 0.148148 0.838017 9.9946E-05 0.0132358 9.9946E-05
9.9937E-05 9.9937E-05 9.9937E-05 9.9937E-05 0.114987 0.884313 9.9937E-05 9.9937E-05 9.9937E-05
9.9946E-05 0.438416 9.9946E-05 9.9946E-05 9.9946E-05 0.557522 0.0034623 9.9946E-05 9.9946E-05
9.9945E-05 0.632588 9.9945E-05 9.9945E-05 9.9945E-05 0.366713 9.9945E-05 9.9945E-05 9.9945E-05
9.9955E-05 0.340794 9.9955E-05 9.9955E-05 0.00882054 0.612639 0.0372462 9.9955E-05 9.9955E-05
0.008322 0.439702 0.00746362 0.0327643 0.0385879 0.385614 9.9982E-05 9.9982E-05 0.087346
9.9946E-05 0.489903 9.9946E-05 9.9946E-05 9.9946E-05 0.492096 9.9946E-05 9.9946E-05 0.0174021
0.745635 0.0311751 9.9973E-05 0.0427293 9.9973E-05 0.0989743 0.0551926 9.9973E-05 0.0259938
0.718118 9.9955E-05 9.9955E-05 0.13266 9.9955E-05 9.9955E-05 0.0815074 9.9955E-05 0.0672144
0.838469 9.9955E-05 0.0431549 0.079563 9.9955E-05 9.9955E-05 0.0383135 9.9955E-05 9.9955E-05
0.931099 0.0439898 9.9955E-05 0.00189726 9.9955E-05 0.0225147 9.9955E-05 9.9955E-05 9.9955E-05
0.0934577 0.490245 0.0171742 0.017462 0.263098 0.0753903 0.0158995 9.9991E-05 0.0271732
0.0359293 0.493197 9.9964E-05 9.9964E-05 0.357645 0.0291438 0.0836853 9.9964E-05 9.9964E-05
0.0392346 0.255493 0.106243 0.00443523 0.43544 0.0362212 0.0897677 9.9991E-05 0.033065
9.9946E-05 0.624523 9.9946E-05 9.9946E-05 0.35414 0.0207372 9.9946E-05 9.9946E-05 9.9946E-05
0.0108014 0.292009 9.9964E-05 9.9964E-05 0.449592 0.115792 9.9964E-05 0.131406 9.9964E-05
0.2347 0.405257 0.019689 0.168222 9.9991E-05 0.0295162 0.113511 0.0180196 0.0109846
9.9982E-05 0.344397 0.0136761 0.110871 0.383742 0.0831113 0.0620682 9.9982E-05 0.00193461
0.0326362 0.459483 0.0382237 9.9964E-05 0.397551 9.9964E-05 9.9964E-05 9.9964E-05 0.071706
9.9964E-05 0.457228 0.0718204 9.9964E-05 0.33408 0.102426 0.0340455 9.9964E-05 9.9964E-05
0.0398704 0.388596 9.9973E-05 9.9973E-05 0.42954 0.000873647 0.0788548 9.9973E-05 0.0619661
9.9964E-05 0.499577 0.010904 0.0511137 0.404045 0.0339597 9.9964E-05 9.9964E-05 9.9964E-05
9.9946E-05 0.101709 9.9946E-05 9.9946E-05 0.885443 9.9946E-05 9.9946E-05 0.0122485 9.9946E-05
0.0206165 0.341893 9.9991E-05 0.00197048 0.46621 0.0479949 0.0542857 0.0498459 0.0170837
9.99726E-05 0.274821 9.99726E-05 0.0263186 0.523301 9.99726E-05 0.115137 9.99726E-05 0.0600226
9.9937E-05 9.9937E-05 9.9937E-05 9.9937E-05 0.819806 9.9937E-05 9.9937E-05 0.179495 9.9937E-05
9.9973E-05 0.376332 0.105458 0.0489437 0.313318 9.9973E-05 0.123503 9.9973E-05 0.0321458
9.9964E-05 0.0846456 0.00292022 9.9964E-05 0.568979 0.0100361 9.9964E-05 0.333019 9.9964E-05
9.9937E-05 9.9937E-05 9.9937E-05 9.9937E-05 0.844466 9.9937E-05 9.9937E-05 0.154834 9.9937E-05
0.0381934 0.497099 0.00843325 0.0133003 0.346349 0.0274645 0.0689612 9.9982E-05 9.9982E-05
0.0780442 0.209976 9.9964E-05 9.9964E-05 0.481816 9.9964E-05 0.208511 9.9964E-05 0.0212532
9.9973E-05 0.373809 0.0439231 0.0785943 0.335429 9.9973E-05 0.132878 0.0350672 9.9973E-05
9.9973E-05 0.528214 0.0217357 9.9973E-05 0.237984 9.9973E-05 0.0898279 0.0704235 0.0515148
9.9982E-05 0.372874 9.9982E-05 0.0211066 0.0132875 0.0914235 0.151175 0.177861 0.172072
9.9964E-05 0.508686 9.9964E-05 9.9964E-05 0.368097 0.0533649 0.013697 9.9964E-05 0.055756
0.0489445 0.44117 9.9964E-05 0.000744982 0.329793 9.9964E-05 0.178948 9.9964E-05 9.9964E-05
9.9973E-05 0.380918 0.00676935 9.9973E-05 0.58185 0.016753 0.0106144 0.00279569 9.9973E-05
0.662114 9.9973E-05 0.0277162 9.9973E-05 0.00253967 9.9973E-05 0.0855907 0.0348816 0.186858
0.710975 0.0180569 0.0423418 9.9973E-05 0.0230154 9.9973E-05 0.164452 0.0408589 9.9973E-05
0.815566 9.9964E-05 9.9964E-05 9.9964E-05 0.0298877 9.9964E-05 0.0319686 0.0371729 0.0850054
0.817676 9.9973E-05 0.0357814 9.9973E-05 0.000708576 0.0626071 9.9973E-05 0.0255385 0.0573883
0.651447 0.0516464 0.132448 9.9982E-05 9.9982E-05 0.0255876 0.0487885 0.00379541 0.0860871
0.0505337 0.079764 0.00138584 0.00268737 0.661837 9.9982E-05 0.10317 9.9982E-05 0.100422
0.0628148 0.166871 0.0814847 9.9982E-05 0.542002 0.0120857 0.101487 9.9982E-05 0.0330543
9.9946E-05 0.198 9.9946E-05 9.9946E-05 0.773974 0.0274268 9.9946E-05 9.9946E-05 9.9946E-05
9.9964E-05 0.320252 9.9964E-05 0.000781792 0.56458 0.00253631 9.9964E-05 0.11145 9.9964E-05
0.0198346 0.661854 9.9982E-05 0.0119524 0.174831 0.0895556 0.00066452 9.9982E-05 0.0411075
0.0548709 0.45297 9.9964E-05 9.9964E-05 0.334343 0.0953543 9.9964E-05 0.0620619 9.9964E-05
0.000716321 0.485412 0.053584 9.9991E-05 0.298348 0.031211 0.0411257 0.0350283 0.0544747
0.0046097 0.315716 0.00735214 9.9973E-05 0.504258 9.9973E-05 0.0290531 9.9973E-05 0.138711
9.9955E-05 0.406338 0.0506769 9.9955E-05 0.421674 9.9955E-05 0.120811 9.9955E-05 9.9955E-05
9.9955E-05 0.329465 9.9955E-05 9.9955E-05 0.47974 9.9955E-05 0.026513 9.9955E-05 0.163782
0.0797795 0.553928 0.111942 9.9982E-05 0.0223505 0.0225645 0.114867 0.0943692 9.9982E-05
0.0588556 0.482846 9.9946E-05 9.9946E-05 0.457699 9.9946E-05 9.9946E-05 9.9946E-05 9.9946E-05
0.00648437 0.417863 0.00755986 9.9982E-05 0.358601 9.9982E-05 0.062439 0.0575601 0.0892926
0.0566576 0.324259 0.00215254 0.452416 9.9982E-05 0.0474544 0.00345486 0.113405 9.9982E-05
0.127457 0.368241 9.9955E-05 0.422349 9.9955E-05 9.9955E-05 9.9955E-05 0.0814541 9.9955E-05
9.9982E-05 0.351275 0.0101176 0.11342 0.349749 0.0103737 9.9982E-05 0.121544 0.04332
0.24239 0.0682315 0.0305005 0.603384 9.9973E-05 9.9973E-05 9.9973E-05 0.00997147 0.045223
0.226433 0.323472 0.0302762 0.365459 0.00732718 0.0343576 0.0124758 9.9982E-05 9.9982E-05
0.108786 0.464211 0.0391845 0.142154 0.0213314 0.00798283 9.9982E-05 0.21615 9.9982E-05
0.0631483 0.619849 9.9964E-05 9.9964E-05 9.9964E-05 9.9964E-05 0.0535892 0.199684 0.063329
0.0451462 0.473005 0.0201573 9.9982E-05 0.00421565 9.9982E-05 0.153412 0.22435 0.0795145
0.193178 0.366743 9.9964E-05 0.39119 9.9964E-05 9.9964E-05 9.9964E-05 0.0201929 0.0282969
0.0850871 0.471761 0.00935046 0.43011 9.9964E-05 9.9964E-05 9.9964E-05 0.00329168 9.9964E-05
0.134294 0.212138 9.9964E-05 0.522956 0.1009 0.0293125 9.9964E-05 9.9964E-05 9.9964E-05
0.162412 0.257915 9.9964E-05 0.47312 9.9964E-05 0.0906886 9.9964E-05 9.9964E-05 0.0154649
0.0424346 0.616142 9.9955E-05 9.9955E-05 9.9955E-05 9.9955E-05 9.9955E-05 0.332817 0.00810631
0.0809565 0.202551 0.0235318 0.603407 0.0330126 9.9982E-05 0.0205712 0.03577 9.9982E-05
0.0919037 0.222369 0.0902779 9.9982E-05 0.0175268 9.9982E-05 0.232999 0.307865 0.036858
9.9955E-05 0.49989 9.9955E-05 0.0752711 9.9955E-05 9.9955E-05 0.230768 0.193571 9.9955E-05
0.0634172 0.599267 0.00521322 0.000206104 9.9982E-05 9.9982E-05 0.0486848 0.224303 0.0587086
0.0825984 0.536858 0.0148878 0.0157698 0.0419921 9.9982E-05 9.9982E-05 0.256321 0.0513725
0.122053 0.401187 9.9982E-05 0.2214 0.00794379 0.025065 9.9982E-05 0.140863 0.081288
0.15887 0.346801 0.00985086 0.269144 0.0694129 0.0971548 9.9991E-05 0.0290251 0.0196414
0.22365 0.166322 9.9964E-05 0.547845 9.9964E-05 0.0472535 9.9964E-05 0.0145295 9.9964E-05
0.0914373 0.513638 9.9955E-05 9.9955E-05 9.9955E-05 9.9955E-05 0.183849 0.210576 9.9955E-05
0.058078 0.277205 0.0257913 0.00602405 9.9973E-05 0.00633498 9.9973E-05 0.626267 9.9973E-05
0.0858671 0.37831 0.0289746 0.043141 0.0158258 0.0462521 0.1984 0.126117 0.0771127
0.199152 0.518908 0.0393484 0.142935 9.9964E-05 9.9964E-05 9.9964E-05 0.099257 9.9964E-05
0.200291 9.9964E-05 9.9964E-05 0.187694 9.9964E-05 9.9964E-05 0.00915442 0.59579 0.00667061
0.222874 9.9946E-05 9.9946E-05 0.10228 9.9946E-05 9.9946E-05 9.9946E-05 0.674246 9.9946E-05
0.10498 0.276283 0.020601 0.145475 0.0388888 9.9982E-05 9.9982E-05 0.34467 0.0689023
0.245029 0.022953 9.9982E-05 0.164812 0.00171497 0.0436218 0.125191 0.396478 9.9982E-05
0.320093 9.9946E-05 9.9946E-05 0.211344 9.9946E-05 9.9946E-05 9.9946E-05 0.467963 9.9946E-05
0.169285 0.331972 9.9982E-05 0.0944622 0.018264 0.120822 0.036568 0.228427 9.9982E-05
0.232763 0.363715 9.9973E-05 0.0855445 0.0987644 0.0674758 9.9973E-05 0.151437 9.9973E-05
0.281783 0.249103 0.0103694 0.153985 9.9964E-05 9.9964E-05 9.9964E-05 0.30436 9.9964E-05
0.204478 0.084919 9.9964E-05 0.126665 9.9964E-05 9.9964E-05 0.137728 0.445811 9.9964E-05
0.101793 0.441567 0.106904 0.124958 9.9982E-05 0.0351647 0.0243725 0.16504 9.9982E-05
0.100463 0.116599 9.9964E-05 0.141942 9.9964E-05 9.9964E-05 0.145788 0.494809 9.9964E-05
0.351533 9.9946E-05 9.9946E-05 0.0476349 9.9946E-05 9.9946E-05 9.9946E-05 0.600232 9.9946E-05
0.177265 0.205807 0.0222062 0.240775 9.9991E-05 0.193599 0.030365 0.127848 0.00203497
0.293648 0.33189 0.0231037 0.17365 0.014435 9.9973E-05 0.162973 9.9973E-05 9.9973E-05
0.137091 0.517958 0.0177848 0.247989 0.0267467 9.9982E-05 0.0503775 0.00185359 9.9982E-05
0.0811432 0.374293 0.00733938 0.30155 9.9973E-05 9.9973E-05 0.122502 0.112873 9.9973E-05
0.368279 0.338553 9.9964E-05 0.154736 9.9964E-05 9.9964E-05 0.0907941 0.047238 9.9964E-05
0.208723 0.478719 0.0367553 0.154738 9.9973E-05 0.0678731 0.052892 9.9973E-05 9.9973E-05
0.224499 0.431479 0.0217374 0.221849 9.9973E-05 9.9973E-05 0.0323733 0.0677622 9.9973E-05
0.193316 0.369729 0.0350737 0.247519 9.9991E-05 0.037755 0.0191063 0.0478261 0.0495742
0.176464 0.196541 0.0677671 0.147295 0.203097 9.9991E-05 0.166383 0.0280425 0.0143097
0.222889 0.344654 0.0174853 0.245043 9.9991E-05 0.00829777 0.0446846 0.100382 0.0164655
0.257366 0.198361 9.9973E-05 0.217384 0.0351477 9.9973E-05 0.00337178 0.28807 9.9973E-05
0.287641 0.236019 0.0299755 0.229505 0.0432906 0.0445135 9.9982E-05 0.128856 9.9982E-05
0.763966 9.99549E-05 0.0517862 9.99549E-05 0.0908517 9.99549E-05 9.99549E-05 9.99549E-05 0.0928963
9.9964E-05 0.128634 9.9964E-05 0.000280138 0.0234641 9.9964E-05 9.9964E-05 0.0661933 0.781028
0.01578 9.9955E-05 0.0404676 9.9955E-05 0.0107101 9.9955E-05 9.9955E-05 9.9955E-05 0.932543
9.993E-05 9.993E-05 9.993E-05 9.993E-05 9.993E-05 9.993E-05 9.993E-05 9.993E-05 0.999201
9.9946E-05 0.0196465 9.9946E-05 9.9946E-05 9.9946E-05 0.00155762 9.9946E-05 9.9946E-05 0.978196
9.9946E-05 0.0171632 9.9946E-05 0.0179634 9.9946E-05 9.9946E-05 9.9946E-05 9.9946E-05 0.964274
9.9946E-05 0.0676718 0.0984145 9.9946E-05 9.9946E-05 9.9946E-05 9.9946E-05 9.9946E-05 0.833314
0.00532663 9.9955E-05 9.9955E-05 9.9955E-05 0.00719684 9.9955E-05 9.9955E-05 0.0115567 0.97542
0.181231 9.9937E-05 9.9937E-05 9.9937E-05 9.9937E-05 9.9937E-05 9.9937E-05 9.9937E-05 0.81807
0.87431 0.051425 9.9973E-05 0.0114628 9.9973E-05 9.9973E-05 0.0369669 0.0135224 0.0120134
0.763762 0.0455695 0.0325292 0.0191627 9.9973E-05 9.9973E-05 0.0554896 9.9973E-05 0.0831873
0.833664 9.9973E-05 0.00589467 0.0573097 0.0527891 9.9973E-05 9.9973E-05 0.0268582 0.0231842
0.77114 0.00498653 9.9982E-05 0.0119805 9.9982E-05 0.00615559 0.118385 0.0645882 0.0225636
0.876562 9.9973E-05 0.0035346 0.0214629 0.008808 9.9973E-05 0.0840249 9.9973E-05 0.0053077
0.837144 9.9973E-05 9.9973E-05 0.0167024 0.0294659 0.00980983 9.9973E-05 0.02297 0.0836083
0.642833 0.0693978 0.0165434 0.135219 9.9982E-05 9.9982E-05 0.0153821 0.0459963 0.0744285
0.810352 9.9964E-05 0.0127497 0.0792972 0.0311142 0.0660874 9.9964E-05 9.9964E-05 9.9964E-05
0.717578 0.13621 0.0756142 0.00472761 9.9982E-05 0.0325546 0.00735392 9.9982E-05 0.0257617
0.876621 0.0172629 0.0149687 0.078054 0.00475844 0.00803475 9.9973E-05 9.9973E-05 9.9973E-05
0.923027 9.9946E-05 0.0295439 9.9946E-05 9.9946E-05 0.0468296 9.9946E-05 9.9946E-05 9.9946E-05
0.816037 9.9964E-05 0.0288564 0.0779238 9.9964E-05 9.9964E-05 0.0735036 0.00327887 9.9964E-05
0.905529 9.9946E-05 0.0615467 9.9946E-05 9.9946E-05 9.9946E-05 9.9946E-05 0.0323249 9.9946E-05
0.891345 0.0715733 0.0364816 9.9946E-05 9.9946E-05 9.9946E-05 9.9946E-05 9.9946E-05 9.9946E-05
0.835104 0.0903694 0.0157582 0.0244433 0.0339248 9.9964E-05 9.9964E-05 9.9964E-05 9.9964E-05
0.813933 0.111243 9.9946E-05 0.0742242 9.9946E-05 9.9946E-05 9.9946E-05 9.9946E-05 9.9946E-05
0.738478 0.0989006 0.0299443 0.132178 9.9955E-05 9.9955E-05 9.9955E-05 9.9955E-05 9.9955E-05
0.796929 0.159068 9.9946E-05 0.0434033 9.9946E-05 9.9946E-05 9.9946E-05 9.9946E-05 9.9946E-05
0.80653 0.122061 9.9955E-05 0.0378791 0.0330299 9.9955E-05 9.9955E-05 9.9955E-05 9.9955E-05
0.0747689 0.42394 0.0847232 9.9982E-05 0.0830763 9.9982E-05 0.0184174 0.274027 0.0408473
0.0335266 0.678817 0.0443786 9.9973E-05 0.000799796 9.9973E-05 0.0888096 0.153369 9.9973E-05
9.9964E-05 0.183302 0.0736254 9.9964E-05 0.11129 0.0142811 9.9964E-05 0.617102 9.9964E-05
0.124263 0.511082 0.0387057 9.9973E-05 9.9973E-05 9.9973E-05 0.156392 0.154038 0.0152197
9.9937E-05 0.236356 9.9937E-05 9.9937E-05 9.9937E-05 9.9937E-05 9.9937E-05 0.762944 9.9937E-05
0.0992634 0.630234 0.0337288 0.00460385 0.017257 9.9973E-05 9.9973E-05 0.214613 9.9973E-05
0.0186671 0.511917 0.0842261 9.9982E-05 0.0310099 9.9982E-05 0.0829105 0.227538 0.0435311
0.0366372 0.539399 0.0246234 9.9973E-05 9.9973E-05 9.9973E-05 0.12008 0.265379 0.013582
0.0450832 0.483638 9.9982E-05 0.0394203 0.379792 9.9982E-05 0.0294012 0.000290677 0.0221748
