0.109612 0.890288 9.9991E-05
0.0661327 0.933767 9.9991E-05
0.182051 0.790762 0.0271868
0.163079 0.836821 9.9991E-05
0.145465 0.854435 9.999E-05
0.103464 0.666434 0.230102
0.0548601 0.875322 0.0698183
0.0576751 0.763218 0.179107
9.9991E-05 0.933331 0.0665694
0.197175 0.669369 0.133456
0.0199708 0.800972 0.179058
0.103492 0.146401 0.750107
0.358419 0.0598549 0.581726
0.141511 0.167347 0.691143
0.263451 0.188952 0.547597
0.288159 0.198023 0.513817
0.304833 0.0249617 0.670205
0.214262 0.180039 0.605699
9.9991E-05 0.247517 0.752383
0.280633 0.0779625 0.641404
0.304652 0.0730397 0.622308
0.298387 0.0363696 0.665244
0.197316 0.0834146 0.719269
0.394074 0.00258721 0.603339
0.158113 0.153056 0.688831
0.266537 0.13602 0.597443
0.0676858 0.157233 0.775081
0.197052 0.802848 9.9991E-05
0.217711 0.782189 9.9991E-05
0.202187 0.796285 0.00152759
0.229491 0.737153 0.0333561
0.264525 0.0260512 0.709424
0.341812 9.9991E-05 0.658088
0.0332305 0.242937 0.723833
0.176707 0.0399665 0.783326
0.353451 0.0272342 0.619315
0.276283 0.0904141 0.633303
0.362297 0.106652 0.531051
0.0502827 0.0810107 0.868707
0.38983 0.0302385 0.579931
0.16514 9.9991E-05 0.83476
9.9991E-05 0.158618 0.841282
9.9991E-05 0.107758 0.892142
0.0270421 0.149838 0.82312
0.0358682 0.214274 0.749858
0.274469 9.9991E-05 0.725431
0.159272 0.150744 0.689984
0.0387419 0.349925 0.611333
0.299336 0.116473 0.58419
9.9991E-05 0.197224 0.802676
0.259878 9.9991E-05 0.740022
0.3661 9.9991E-05 0.6338
0.124369 0.147964 0.727667
0.293 0.0732828 0.633717
9.9991E-05 0.161417 0.838483
0.227772 9.9991E-05 0.772128
0.103323 0.0334871 0.86319
9.9991E-05 0.0244414 0.975459
9.999E-05 9.999E-05 0.9998
0.117857 9.9991E-05 0.882043
0.24988 9.9991E-05 0.75002
0.301389 9.9991E-05 0.698511
0.0735175 0.066794 0.859688
0.086688 0.0254212 0.887891
0.120918 0.0274141 0.851668
0.272472 0.049089 0.678439
0.16304 9.9991E-05 0.83686
9.9991E-05 0.078485 0.921415
0.110814 0.828033 0.0611525
0.102064 0.897836 9.9991E-05
0.140924 0.858976 9.9991E-05
0.107692 0.892208 9.9991E-05
0.137414 0.862486 9.9991E-05
0.10822 0.89168 9.9991E-05
0.0950727 0.904827 9.9991E-05
9.9991E-05 0.0438774 0.956023
0.173602 9.9991E-05 0.826298
0.305223 9.9991E-05 0.694677
0.337597 9.9991E-05 0.662303
0.321466 9.9991E-05 0.678434
9.9991E-05 0.0763043 0.923596
0.188123 0.0245994 0.787278
0.295002 9.9991E-05 0.704898
0.169346 0.0139118 0.816742
0.212009 9.9991E-05 0.787891
0.230757 0.0319458 0.737298
0.0723343 0.153707 0.773958
0.247902 0.153112 0.598986
0.188191 0.0875084 0.724301
0.324003 0.0132139 0.662783
0.189023 0.101259 0.709719
0.288835 0.0211708 0.689994
0.212797 9.9991E-05 0.787103
0.306958 0.000444551 0.692598
0.310791 0.0338718 0.655337
0.160781 0.223242 0.615977
0.363399 9.9991E-05 0.636501
0.339478 0.0345349 0.625987
0.150575 0.127545 0.72188
0.0536789 0.144174 0.802147
0.0389499 0.0565677 0.904482
0.129155 0.120759 0.750086
0.208747 9.9991E-05 0.791153
0.0622612 0.159577 0.778161
0.0937636 0.100522 0.805714
0.382358 0.0354943 0.582148
0.118899 0.125279 0.755822
0.300115 0.0228547 0.67703
9.9991E-05 0.278109 0.721791
0.222756 0.10042 0.676824
0.344848 0.0664076 0.588744
0.117689 0.171023 0.711288
0.0523512 0.193448 0.754201
0.186859 0.0342477 0.778893
0.137811 0.21169 0.6505
0.127436 9.9991E-05 0.872464
0.25353 9.9991E-05 0.74637
0.337469 0.407323 0.255208
0.155485 0.745282 0.0992328
0.163131 0.641091 0.195777
0.427554 0.441197 0.131248
0.300767 9.9991E-05 0.699133
0.920385 0.000247472 0.0793671
0.169209 0.035467 0.795324
0.0994707 0.0594809 0.841048
0.29592 9.9991E-05 0.70398
0.275686 0.0459644 0.678349
0.322838 9.9991E-05 0.677062
0.0688191 0.100325 0.830855
0.989144 0.0107557 9.9991E-05
0.992337 0.0075627 9.9991E-05
0.896064 0.000593421 0.103343
0.86366 0.109644 0.0266965
0.988163 0.011737 9.9991E-05
0.949251 0.050649 9.9991E-05
0.957786 9.9991E-05 0.0421145
0.98673 0.0131698 9.9991E-05
0.988051 0.0118494 9.9991E-05
0.9998 9.999E-05 9.999E-05
0.875796 0.0850207 0.0391837
0.867645 0.0934154 0.0389396
0.972641 0.0272589 9.9991E-05
0.856644 0.0869762 0.0563798
0.922279 0.0776208 9.9991E-05
0.956117 0.0437834 9.9991E-05
0.917638 0.0822615 9.9991E-05
0.96654 0.0333598 9.9991E-05
0.723199 0.127508 0.149293
0.915491 0.0844088 9.9991E-05
0.0492338 0.475642 0.475124
0.301827 0.222451 0.475723
0.288819 0.231303 0.479879
0.203534 0.32276 0.473705
0.192428 0.314987 0.492585
0.3294 0.186867 0.483733
0.431504 0.173154 0.395343
0.424554 0.208644 0.366802
0.0573502 0.86713 0.0755198
0.112932 0.886968 9.9991E-05
0.00905188 0.977396 0.013552
0.0277225 0.972177 9.9991E-05
0.130104 0.869796 9.9991E-05
0.138201 0.861699 9.9991E-05
0.123637 0.876263 9.9991E-05
0.0542688 0.930258 0.0154737
0.11146 0.88844 9.9991E-05
0.151484 0.848416 9.9991E-05
9.9991E-05 0.712002 0.287898
9.9991E-05 0.716894 0.283006
9.9991E-05 0.661028 0.338872
9.9991E-05 0.594003 0.405897
0.244419 0.0793838 0.676198
0.291535 0.056909 0.651556
0.112867 0.0788088 0.808324
0.0177199 0.144918 0.837362
0.381188 9.9991E-05 0.618712
0.293051 9.9991E-05 0.706849
0.294703 9.9991E-05 0.705197
0.213887 9.9991E-05 0.786013
0.189886 0.018859 0.791255
9.9991E-05 0.038433 0.961467
0.0906616 0.0124901 0.896848
0.283414 9.9991E-05 0.716486
9.9991E-05 0.0396461 0.960254
9.9991E-05 0.369096 0.630804
9.9991E-05 0.331752 0.668148
9.9991E-05 0.283647 0.716253
9.9991E-05 0.321604 0.678296
9.9991E-05 0.236589 0.763311
0.0120866 0.28481 0.703103
0.113275 0.8486 0.0381251
0.115107 0.832685 0.0522081
0.243145 0.748705 0.00815041
0.191735 0.767012 0.0412539
0.158389 0.811887 0.0297239
9.9991E-05 0.53111 0.46879
9.9991E-05 0.606095 0.393805
9.9991E-05 0.567267 0.432633
0.190131 0.809769 9.9991E-05
9.9991E-05 0.535947 0.463953
0.526026 0.215878 0.258097
0.588427 0.138391 0.273182
0.486862 0.285426 0.227712
0.361073 0.548309 0.0906176
0.167972 0.0538174 0.77821
0.20678 0.0166969 0.776523
0.0680281 0.221109 0.710862
0.241044 0.00139483 0.757561
9.9991E-05 0.0841337 0.915766
0.235106 0.0534667 0.711427
0.121737 0.135464 0.742799
9.9991E-05 0.100373 0.899527
0.262961 0.0117672 0.725272
0.275137 0.0242571 0.700606
0.382017 0.126631 0.491352
0.212571 9.9991E-05 0.787329
0.216418 0.0406119 0.74297
0.337479 0.0518176 0.610704
0.232004 0.0474669 0.720529
0.367425 0.074694 0.557881
0.190471 0.793204 0.0163257
0.144103 0.855797 9.9991E-05
0.0947844 0.81913 0.0860853
0.11257 0.806313 0.0811173
0.169779 0.794295 0.035926
0.0338906 0.167879 0.79823
0.412041 9.9991E-05 0.587859
0.225755 0.0784519 0.695793
0.100158 0.170895 0.728948
9.9991E-05 0.288235 0.711665
0.281504 0.028022 0.690474
0.0472508 0.248172 0.704578
0.2109 0.143953 0.645147
0.0219431 0.327512 0.650545
0.0499777 0.22328 0.726743
0.269237 0.0911435 0.63962
0.104736 0.109058 0.786207
0.351008 0.0359352 0.613057
0.142557 0.0246666 0.832777
0.235293 0.0775037 0.687203
0.000918875 0.0893546 0.909726
0.0660716 0.072975 0.860953
0.237476 0.106705 0.655819
9.9991E-05 0.0817898 0.91811
0.220263 0.0138253 0.765912
9.9991E-05 0.180112 0.819788
0.112758 9.9991E-05 0.887142
0.228298 0.100005 0.671697
0.385569 0.00289195 0.611539
0.0617349 0.0954883 0.842777
0.300912 0.0651977 0.63389
0.259252 0.0570365 0.683711
0.170044 0.0579517 0.772004
0.219351 0.122207 0.658441
0.340282 9.9991E-05 0.659618
0.171671 0.0979626 0.730366
0.300408 9.9991E-05 0.699492
0.215454 0.124458 0.660087
0.310429 0.00708475 0.682486
0.370686 0.281586 0.347728
0.459542 0.139833 0.400625
0.433466 0.0419011 0.524633
0.553433 0.160882 0.285685
0.259732 9.9991E-05 0.740168
0.14384 0.315444 0.540716
0.441061 0.0936574 0.465281
0.43038 0.0341155 0.535504
0.30106 0.237884 0.461056
0.457608 0.14798 0.394412
0.210896 0.622265 0.16684
0.469943 0.189863 0.340194
0.377078 0.131862 0.49106
0.323198 0.0358881 0.640914
9.999E-05 9.999E-05 0.9998
9.9991E-05 0.0948373 0.905063
0.530974 0.168128 0.300898
0.565645 0.111673 0.322682
0.363372 0.266966 0.369661
0.509798 0.156575 0.333627
0.184027 0.165183 0.65079
0.177666 0.150332 0.672003
0.423614 9.9991E-05 0.576286
0.423722 0.00895904 0.567319
0.238269 0.123721 0.638009
0.388808 0.0160358 0.595157
0.388194 9.9991E-05 0.611706
0.152027 9.9991E-05 0.847873
0.217723 0.0479831 0.734293
0.195143 0.10396 0.700898
0.252464 9.9991E-05 0.747436
0.0902783 0.023428 0.886294
0.308958 9.9991E-05 0.690942
0.109598 0.0226679 0.867734
0.23348 0.0310653 0.735454
0.464034 0.197595 0.33837
0.368727 0.252855 0.378418
0.138046 0.358697 0.503257
0.558751 0.0329568 0.408292
0.146394 0.543743 0.309863
0.506886 0.0402419 0.452872
9.9991E-05 0.0249459 0.974954
9.9991E-05 0.0769169 0.922983
0.237511 9.9991E-05 0.762389
0.373504 9.9991E-05 0.626396
0.177148 9.9991E-05 0.822752
0.233232 9.9991E-05 0.766668
0.251449 9.9991E-05 0.748451
0.218673 0.761164 0.0201631
0.172941 0.780008 0.0470508
0.0988116 0.901088 9.9991E-05
0.0708319 0.929068 9.9991E-05
0.279533 0.0431793 0.677288
0.205717 9.9991E-05 0.794183
0.0986652 0.0503613 0.850974
0.348978 9.9991E-05 0.650922
0.168061 0.00588176 0.826057
0.490497 0.191531 0.317972
0.214531 9.9991E-05 0.785369
0.153695 0.0141183 0.832187
0.259636 9.9991E-05 0.740264
0.18972 0.01111 0.79917
0.300792 9.9991E-05 0.699108
0.0323773 9.9991E-05 0.967523
0.119272 0.0184529 0.862275
0.15483 0.016358 0.828812
9.999E-05 9.999E-05 0.9998
0.223579 0.0617851 0.714636
0.0288153 0.0373172 0.933867
9.9991E-05 0.0246403 0.97526
0.320527 0.0127059 0.666767
0.115335 0.0433928 0.841272
0.282573 0.0331493 0.684278
0.265263 9.9991E-05 0.734637
0.174149 0.0484816 0.777369
0.315214 9.9991E-05 0.684686
0.258063 0.00761782 0.734319
0.159212 9.9991E-05 0.840688
9.9991E-05 0.804562 0.195338
0.0557038 0.804236 0.14006
9.9991E-05 0.923349 0.0765508
9.9991E-05 0.90475 0.0951502
9.9991E-05 0.814971 0.184929
0.117395 0.0785044 0.804101
0.00822226 0.0995547 0.892223
0.0606299 9.9991E-05 0.93927
0.177047 0.0189713 0.803981
0.345718 9.9991E-05 0.654182
0.241989 0.0502156 0.707795
0.282657 0.0196113 0.697731
0.146596 9.9991E-05 0.853304
0.146545 9.9991E-05 0.853355
0.191665 9.9991E-05 0.808235
0.324284 0.0864362 0.58928
0.182767 0.0352705 0.781962
0.229184 0.0221151 0.748701
0.705605 0.0245629 0.269832
0.626748 0.180812 0.19244
0.311634 0.0267419 0.661624
0.710715 0.289185 9.9991E-05
0.636669 0.210604 0.152727
0.404772 0.157205 0.438023
0.289243 0.175936 0.534821
0.290287 0.11705 0.592663
0.712055 0.195688 0.0922573
0.729902 0.00555741 0.264541
0.655779 0.07728 0.266941
0.682924 0.119221 0.197855
0.346041 0.0822994 0.571659
0.790739 0.195223 0.0140385
0.0868719 0.230315 0.682813
0.411882 0.026096 0.562022
0.329133 0.104121 0.566745
0.246542 0.114037 0.639421
0.455449 0.139309 0.405242
0.448392 0.205088 0.34652
0.775061 0.211387 0.0135522
0.18386 0.111163 0.704976
0.145795 0.234696 0.619509
0.234127 0.168334 0.597539
0.387306 0.179228 0.433466
0.165964 0.482701 0.351335
0.132071 0.496365 0.371564
0.293689 0.180325 0.525986
0.24727 0.421365 0.331364
0.289015 0.529443 0.181543
0.340883 0.155718 0.503399
0.408955 0.280886 0.310158
0.311721 0.316174 0.372105
0.245672 0.424835 0.329492
0.38865 0.0794824 0.531867
0.194938 0.309261 0.495801
0.120079 0.610557 0.269364
0.457991 0.156386 0.385623
0.481588 0.224763 0.293649
0.578948 0.11135 0.309702
0.518748 0.132072 0.349179
0.423139 0.343414 0.233447
0.398311 0.193804 0.407885
0.536697 0.192289 0.271014
0.45086 0.206099 0.34304
0.252563 0.22352 0.523917
0.454401 0.303513 0.242087
0.317389 0.408467 0.274144
0.485655 0.322023 0.192322
9.9991E-05 0.876922 0.122978
9.9991E-05 0.247735 0.752165
9.9991E-05 0.278415 0.721485
9.9991E-05 0.249883 0.750017
9.9991E-05 0.279734 0.720166
9.9991E-05 0.282766 0.717134
9.9991E-05 0.216793 0.783107
9.9991E-05 0.291261 0.708639
9.9991E-05 0.44371 0.55619
0.11115 0.88875 9.9991E-05
0.101841 0.800465 0.0976935
0.138846 0.861054 9.9991E-05
0.0669715 0.871159 0.0618697
0.0885113 0.911389 9.9991E-05
0.064226 0.86452 0.0712543
0.226503 0.751749 0.0217479
0.135792 0.840981 0.0232272
0.0997184 0.762291 0.13799
0.118237 0.881663 9.9991E-05
0.00952204 0.990378 9.9991E-05
0.129173 0.850467 0.0203602
0.0598065 0.940094 9.9991E-05
0.115298 0.884602 9.9991E-05
0.137291 0.862609 9.9991E-05
0.178834 0.821066 9.9991E-05
0.252499 0.747401 9.9991E-05
0.232357 0.767543 9.9991E-05
0.200908 0.798992 9.9991E-05
0.214776 0.14266 0.642564
0.30752 0.00459401 0.687886
0.0909687 0.150876 0.758155
0.331408 0.107957 0.560635
0.0993082 0.240625 0.660067
0.412241 0.0569015 0.530857
0.20056 0.129355 0.670086
0.250386 0.0697294 0.679885
0.289801 9.9991E-05 0.710099
0.161251 0.145385 0.693364
0.312553 0.0754574 0.611989
0.0459071 0.134505 0.819588
9.9991E-05 0.146786 0.853114
0.0754236 0.190848 0.733729
0.336398 0.0440043 0.619597
0.282759 0.105733 0.611508
0.422406 0.152787 0.424808
0.457912 0.195307 0.34678
0.256032 0.477622 0.266347
0.384412 0.245687 0.369901
0.214578 0.55323 0.232191
0.442153 0.27934 0.278507
0.373116 0.319051 0.307833
0.315537 0.319186 0.365277
0.415311 0.184806 0.399883
0.356583 0.214053 0.429364
0.362705 0.452959 0.184335
