0.0347356 0.0667241 0.89854
0.00816645 0.0277875 0.964046
0.0020668 0.183327 0.814606
0.0301408 0.156923 0.812936
9.9991E-05 0.0970406 0.902859
0.22751 0.122254 0.650236
0.0789495 0.0836508 0.8374
0.175717 0.0772561 0.747026
0.0453074 9.9991E-05 0.954593
0.155007 0.140742 0.704251
0.194712 0.0211289 0.784159
0.780972 0.100882 0.118147
0.619753 0.306909 0.0733374
0.696163 0.150769 0.153068
0.646271 0.24534 0.108389
0.498782 0.291246 0.209972
0.681174 0.27446 0.0443662
0.540974 0.216577 0.242448
0.769031 9.9991E-05 0.230869
0.719235 0.226802 0.0539631
0.576594 0.293979 0.129427
0.602999 0.34502 0.0519807
0.670136 0.184511 0.145353
0.598899 0.340688 0.0604131
0.72183 0.120366 0.157804
0.629609 0.253146 0.117245
0.735743 0.163225 0.101032
9.9991E-05 0.201727 0.798173
9.9991E-05 0.222904 0.776996
0.0399306 0.188342 0.771727
0.0744939 0.196925 0.728581
0.700886 0.268333 0.0307809
0.731566 0.268334 9.9991E-05
0.753285 9.9991E-05 0.246615
0.76944 0.23046 9.9991E-05
0.569693 0.430207 9.9991E-05
0.65631 0.272415 0.0712753
0.567931 0.346667 0.0854016
0.83948 0.0731114 0.0874085
0.617375 0.382525 9.9991E-05
0.858144 0.141756 9.9991E-05
0.831478 9.9991E-05 0.168422
0.89123 0.00525399 0.103516
0.833508 0.00262581 0.163866
0.758404 0.0505765 0.19102
0.692334 0.293113 0.0145532
0.660216 0.205612 0.134172
0.601982 0.0665904 0.331428
0.575692 0.312307 0.112
0.75621 9.9991E-05 0.24369
0.687684 0.293331 0.0189851
0.555036 0.444864 9.9991E-05
0.730414 0.156269 0.113316
0.681192 0.318708 9.9991E-05
0.794408 0.0807677 0.124825
0.778435 0.221465 9.9991E-05
0.847909 0.0942073 0.0578833
0.950274 9.9991E-05 0.0496261
0.9998 9.999E-05 9.999E-05
0.876206 0.123694 9.9991E-05
0.783329 0.213982 0.00268889
0.756282 0.227059 0.0166587
0.795714 0.117331 0.086955
0.872362 0.066049 0.0615887
0.791629 0.208271 9.9991E-05
0.766284 0.18232 0.051396
0.851879 0.148021 9.9991E-05
0.938193 9.9991E-05 0.0617073
0.0361889 0.149979 0.813833
9.9991E-05 0.100944 0.898956
9.9991E-05 0.138364 0.861536
9.9991E-05 0.116484 0.883416
9.9991E-05 0.168795 0.831105
9.9991E-05 0.101551 0.898349
9.9991E-05 0.0920441 0.907856
0.944632 0.00775753 0.0476107
0.799607 0.200294 9.9991E-05
0.609141 0.363338 0.0275212
0.720352 0.279548 9.9991E-05
0.651103 0.348797 9.9991E-05
0.862878 9.9991E-05 0.137022
0.829921 0.169979 9.9991E-05
0.723255 0.276645 9.9991E-05
0.805728 0.194172 9.9991E-05
0.804023 0.195877 9.9991E-05
0.776005 0.161004 0.0629909
0.748253 0.11791 0.133838
0.58281 0.220459 0.196731
0.724363 0.182392 0.0932456
0.667339 0.332561 9.9991E-05
0.68575 0.259687 0.0545626
0.669557 0.289592 0.0408507
0.763158 0.223921 0.0129215
0.653611 0.346289 9.9991E-05
0.65102 0.342428 0.00655157
0.674822 0.178763 0.146414
0.626768 0.373132 9.9991E-05
0.602519 0.359507 0.0379735
0.741896 0.129036 0.129068
0.746696 0.0720059 0.181298
0.907005 0.0383237 0.0546715
0.837279 0.0899237 0.072797
0.766464 0.211661 0.0218743
0.784664 0.104071 0.111265
0.753515 0.154792 0.0916935
0.573473 0.334564 0.091963
0.764959 0.1086 0.126441
0.642065 0.302864 0.0550703
0.708972 9.9991E-05 0.290928
0.662542 0.216862 0.120595
0.549043 0.303394 0.147563
0.710489 0.0940208 0.19549
0.749776 0.038305 0.211919
0.799011 0.182573 0.0184159
0.692271 0.12104 0.186688
0.852497 0.147403 9.9991E-05
0.757237 0.242663 9.9991E-05
0.209755 0.403897 0.386348
0.0522504 0.165376 0.782373
0.198781 0.177653 0.623566
0.156727 0.418655 0.424618
0.661649 0.338251 9.9991E-05
0.131621 0.868279 9.9991E-05
0.788687 0.175435 0.0358776
0.82991 0.102939 0.0671505
0.687564 0.312336 9.9991E-05
0.761612 0.189245 0.0491432
0.691464 0.284223 0.0243133
0.870538 0.0466339 0.0828281
9.9991E-05 0.953045 0.0468551
9.9991E-05 0.962065 0.0378347
0.105696 0.853531 0.0407735
0.099014 0.837304 0.0636824
9.999E-05 0.9998 9.999E-05
9.9991E-05 0.965535 0.0343651
0.036946 0.962954 9.9991E-05
9.999E-05 0.9998 9.999E-05
9.999E-05 0.9998 9.999E-05
9.999E-05 0.9998 9.999E-05
0.00399135 0.892899 0.10311
0.0612723 0.872333 0.066395
9.9991E-05 0.993995 0.00590517
9.9991E-05 0.926307 0.0735934
9.9991E-05 0.936019 0.0638808
9.9991E-05 0.994125 0.00577471
9.9991E-05 0.941295 0.0586049
9.9991E-05 0.969885 0.0300147
0.211697 0.683606 0.104697
0.0251499 0.9156 0.0592503
0.456935 0.089003 0.454062
0.511556 0.313523 0.174921
0.489262 0.294708 0.21603
0.499563 0.199511 0.300926
0.434082 0.252949 0.312969
0.440525 0.384307 0.175167
0.467013 0.394646 0.138341
0.407484 0.397046 0.19547
0.0599343 0.0532236 0.886842
9.9991E-05 0.10564 0.89426
9.9991E-05 0.039212 0.960688
0.0177305 0.0486259 0.933644
9.9991E-05 0.0975538 0.902346
9.9991E-05 0.165572 0.834328
9.9991E-05 0.140537 0.859363
0.0340772 0.0482446 0.917678
0.00785846 0.118336 0.873806
9.9991E-05 0.129104 0.870796
0.273181 9.9991E-05 0.726719
0.280936 9.9991E-05 0.718964
0.337084 9.9991E-05 0.662816
0.40878 9.9991E-05 0.59112
0.730679 0.269221 9.9991E-05
0.680691 0.319209 9.9991E-05
0.768134 0.19281 0.0390556
0.837705 0.01921 0.143085
0.620209 0.343633 0.0361582
0.734674 0.265226 9.9991E-05
0.749113 0.250787 9.9991E-05
0.773262 0.226638 9.9991E-05
0.768118 0.164135 0.0677463
0.968488 9.9991E-05 0.0314119
0.886631 0.0821616 0.0312072
0.744132 0.255768 9.9991E-05
0.89447 0.0319248 0.0736055
0.64789 9.9991E-05 0.35201
0.672996 9.9991E-05 0.326904
0.756838 9.9991E-05 0.243062
0.687597 9.9991E-05 0.312303
0.757135 9.9991E-05 0.242765
0.706255 9.9991E-05 0.293645
9.9991E-05 0.165129 0.834771
0.0452151 0.107089 0.847696
0.0311934 0.206309 0.762497
0.000775655 0.228576 0.770648
9.9991E-05 0.203258 0.796642
0.427506 9.9991E-05 0.572394
0.42473 9.9991E-05 0.57517
0.433859 9.9991E-05 0.566041
9.9991E-05 0.211791 0.788109
0.489355 9.9991E-05 0.510545
0.225506 0.600615 0.17388
0.234533 0.63755 0.127917
0.312559 0.426998 0.260443
0.0682686 0.412077 0.519655
0.764444 0.190867 0.0446892
0.772493 0.156925 0.0705828
0.690448 0.0924811 0.217071
0.783079 0.216821 9.9991E-05
0.914784 9.9991E-05 0.0851161
0.703186 0.205784 0.0910301
0.786579 0.0963684 0.117053
0.905047 9.9991E-05 0.0948526
0.691785 0.29764 0.0105755
0.713817 0.263542 0.0226408
0.483647 0.355299 0.161053
0.770662 0.222382 0.00695543
0.749116 0.226953 0.0239312
0.660075 0.339825 9.9991E-05
0.693728 0.281086 0.0251854
0.544068 0.428307 0.0276245
9.9991E-05 0.253743 0.746157
9.9991E-05 0.178831 0.821069
0.0683378 0.0968065 0.834856
0.0485896 0.137167 0.814243
9.9991E-05 0.16909 0.83081
0.778661 0.0606264 0.160712
0.597337 0.402563 9.9991E-05
0.622778 0.279666 0.0975563
0.793435 0.148247 0.058318
0.723593 9.9991E-05 0.276307
0.702168 0.267388 0.0304448
0.729146 0.0740502 0.196804
0.65129 0.242672 0.106038
0.712069 0.00478454 0.283146
0.757112 0.0672603 0.175628
0.705621 0.167811 0.126567
0.749467 0.113754 0.136779
0.629332 0.313231 0.0574372
0.829 0.0774358 0.0935641
0.690363 0.265442 0.0441953
0.946629 9.9991E-05 0.0532713
0.863469 0.0761823 0.0603488
0.675863 0.262919 0.0612183
0.874115 0.0134903 0.112395
0.78128 0.21862 9.9991E-05
0.808383 9.9991E-05 0.191517
0.884761 0.115139 9.9991E-05
0.668983 0.229733 0.101285
0.628135 0.371765 9.9991E-05
0.859972 0.0803251 0.0597026
0.68477 0.270716 0.0445137
0.703416 0.257784 0.0387995
0.741043 0.182386 0.0765713
0.696301 0.197546 0.106153
0.673941 0.325959 9.9991E-05
0.741425 0.157659 0.100917
0.701198 0.298702 9.9991E-05
0.653082 0.185319 0.161599
0.620938 0.322818 0.0562445
0.356112 0.338366 0.305522
0.360354 0.518597 0.121049
0.482084 0.468788 0.0491278
0.342965 0.509006 0.148029
0.77683 0.22307 9.9991E-05
0.550135 0.188667 0.261198
0.461763 0.432494 0.105743
0.375154 0.492668 0.132178
0.489699 0.314919 0.195382
0.39916 0.479266 0.121574
0.156056 0.219763 0.624181
0.29761 0.53317 0.16922
0.442796 0.424703 0.132501
0.714409 0.285491 9.9991E-05
0.9998 9.999E-05 9.999E-05
0.888587 9.9991E-05 0.111313
0.322779 0.565705 0.111516
0.298998 0.573781 0.127221
0.31286 0.447581 0.239559
0.274367 0.470837 0.254797
0.669273 0.17677 0.153957
0.659478 0.157182 0.183339
0.619584 0.380316 9.9991E-05
0.52049 0.410226 0.0692841
0.636722 0.287277 0.0760009
0.556784 0.432356 0.0108601
0.615005 0.383153 0.00184239
0.800875 0.114014 0.0851119
0.685413 0.229127 0.0854597
0.602262 0.281312 0.116426
0.772015 0.227885 9.9991E-05
0.875795 0.0996958 0.0245091
0.65486 0.34504 9.9991E-05
0.855732 0.111634 0.0326344
0.723581 0.199596 0.0768237
0.363366 0.480086 0.156548
0.482323 0.314473 0.203204
0.527901 0.179332 0.292767
0.454587 0.473677 0.0717361
0.292716 0.172106 0.535178
0.501512 0.476494 0.0219942
0.967175 0.025154 0.00767079
0.93125 9.9991E-05 0.0686503
0.737334 0.262566 9.9991E-05
0.609287 0.390613 9.9991E-05
0.818507 0.181393 9.9991E-05
0.686893 0.313007 9.9991E-05
0.733509 0.266391 9.9991E-05
0.0526675 0.146575 0.800757
0.0856431 0.117088 0.797269
9.9991E-05 0.114589 0.885311
9.9991E-05 0.0851186 0.914781
0.740856 0.259044 9.9991E-05
0.803125 0.196775 9.9991E-05
0.839338 0.085202 0.0754604
0.644285 0.355615 9.9991E-05
0.771053 0.201445 0.0275018
0.323497 0.415535 0.260968
0.719496 0.280404 9.9991E-05
0.826104 0.173796 9.9991E-05
0.742282 0.257618 9.9991E-05
0.746876 0.253024 9.9991E-05
0.725398 0.274502 9.9991E-05
0.9998 9.999E-05 9.999E-05
0.851192 0.148708 9.9991E-05
0.873249 0.126651 9.9991E-05
0.9998 9.999E-05 9.999E-05
0.723977 0.183682 0.0923415
0.920115 0.0302806 0.0496046
0.968575 9.9991E-05 0.0313247
0.704227 0.295673 9.9991E-05
0.854014 0.076205 0.0697807
0.717527 0.252036 0.0304367
0.74676 0.25314 9.9991E-05
0.783923 0.19141 0.0246668
0.722654 0.269134 0.00821211
0.752538 0.247362 9.9991E-05
0.878163 0.121737 9.9991E-05
0.212906 9.9991E-05 0.786994
0.164044 0.0480382 0.787918
0.0884167 9.9991E-05 0.911483
0.0717222 0.0268984 0.901379
0.172382 9.9991E-05 0.827518
0.901495 0.0254335 0.0730719
0.855337 0.0437944 0.100869
0.891744 0.108156 9.9991E-05
0.801181 0.197789 0.00102996
0.610919 0.388981 9.9991E-05
0.714016 0.234382 0.0516024
0.713428 0.286472 9.9991E-05
0.842399 0.14779 0.00981121
0.863246 0.136654 9.9991E-05
0.856719 0.143181 9.9991E-05
0.598848 0.320463 0.0806889
0.867116 0.125577 0.0073067
0.729882 0.269924 0.000194452
0.183306 0.713816 0.102878
0.174694 0.642042 0.183264
0.644393 0.320848 0.0347587
9.9991E-05 0.714601 0.285299
0.146171 0.645031 0.208798
0.401601 0.457118 0.14128
0.537005 0.328225 0.134769
0.58841 0.280124 0.131466
0.11037 0.697064 0.192566
0.170891 0.747923 0.0811861
0.166085 0.697471 0.136445
0.197108 0.658381 0.144511
0.574777 0.349733 0.0754895
0.0410563 0.775114 0.18383
0.689463 0.0490825 0.261455
0.587856 0.398256 0.0138887
0.52888 0.367331 0.103789
0.541867 0.273761 0.184373
0.312333 0.430533 0.257134
0.300176 0.523059 0.176765
0.0563121 0.732478 0.21121
0.635844 0.221735 0.142421
0.673596 0.152082 0.174323
0.643454 0.189697 0.166849
0.377092 0.410765 0.212143
0.337676 0.201738 0.460586
0.354698 0.165029 0.480273
0.511905 0.315724 0.172371
0.338913 0.255899 0.405188
0.163369 0.288089 0.548541
0.45883 0.335499 0.205671
0.420381 0.323562 0.256058
0.373069 0.292268 0.334663
0.34997 0.251035 0.398995
0.506387 0.362143 0.13147
0.474749 0.224353 0.300898
0.255582 0.120668 0.62375
0.354583 0.432847 0.21257
0.311738 0.426642 0.261619
0.378228 0.561953 0.0598192
0.417886 0.509519 0.0725958
0.265557 0.43899 0.295453
0.337638 0.483938 0.178424
0.204966 0.544827 0.250206
0.25803 0.493575 0.248395
0.522376 0.28892 0.188704
0.221932 0.497729 0.280339
0.240882 0.365435 0.393684
0.254902 0.500042 0.245056
0.116687 0.0239988 0.859314
0.685765 9.9991E-05 0.314135
0.744977 9.9991E-05 0.254923
0.727934 9.9991E-05 0.271966
0.718517 9.9991E-05 0.281383
0.739167 9.9991E-05 0.260733
0.781537 9.9991E-05 0.218363
0.70265 9.9991E-05 0.29725
0.553897 9.9991E-05 0.446003
0.0379077 0.093676 0.868416
0.0996962 0.0843912 0.815913
0.00336616 0.111917 0.884717
0.0463862 0.112051 0.841563
9.9991E-05 0.0923121 0.907588
0.0313357 0.0880536 0.880611
0.0279269 0.232539 0.739534
9.9991E-05 0.142579 0.857321
0.112213 0.113471 0.774315
9.9991E-05 0.134227 0.865673
9.9991E-05 0.00148663 0.998413
0.00954959 0.141573 0.848877
9.9991E-05 0.0447595 0.955141
9.9991E-05 0.0981734 0.901727
9.9991E-05 0.139439 0.860461
9.9991E-05 0.19313 0.80677
9.9991E-05 0.270393 0.729507
9.9991E-05 0.20667 0.79323
9.9991E-05 0.188839 0.811061
0.648446 0.199267 0.152287
0.619411 0.360703 0.0198861
0.765929 0.0688434 0.165227
0.579385 0.325641 0.0949744
0.677831 0.0949627 0.227206
0.542369 0.348455 0.109176
0.679367 0.172315 0.148318
0.58195 0.309487 0.108563
0.677607 0.273999 0.0483947
0.677129 0.1993 0.12357
0.627679 0.339799 0.0325227
0.852122 0.00342457 0.144454
0.837754 9.9991E-05 0.162146
0.776126 0.0292753 0.194598
0.603901 0.29892 0.0971785
0.546648 0.291357 0.161995
0.418947 0.408462 0.172591
0.417462 0.518827 0.0637108
0.276467 0.252515 0.471018
0.408622 0.353138 0.23824
0.23114 0.230425 0.538435
0.282034 0.430091 0.287875
0.280918 0.384489 0.334594
0.359887 0.28947 0.350643
0.376683 0.445302 0.178015
0.422758 0.440722 0.13652
0.197828 0.360284 0.441889
