9.9964E-05 9.9964E-05 0.0913113 0.0250669 9.9964E-05 9.9964E-05 0.271123 0.612099
9.9964E-05 9.9964E-05 0.0162299 9.9964E-05 9.9964E-05 0.0375862 0.25282 0.692964
0.0858842 0.0255335 0.0674216 9.9973E-05 9.9973E-05 9.9973E-05 0.235188 0.585673
0.0554349 0.053591 0.0217985 0.0372882 9.9982E-05 9.9982E-05 0.0143447 0.817343
0.074955 0.00336221 9.9964E-05 9.9964E-05 9.9964E-05 9.9964E-05 0.233195 0.688088
0.12329 0.035821 0.0406001 0.0546602 9.9991E-05 0.141156 0.0722223 0.53215
9.9964E-05 9.9964E-05 0.100264 0.0442552 9.9964E-05 0.0544833 9.9964E-05 0.800597
0.0134231 0.00366098 0.00677903 0.122935 0.0232182 0.0952465 0.0604349 0.674302
9.9982E-05 9.9982E-05 0.0208963 0.0597123 0.0295206 0.0531681 0.0763957 0.760107
0.127716 0.0157681 0.0805037 9.9973E-05 9.9973E-05 0.107271 9.9973E-05 0.668441
0.0655607 9.9973E-05 9.9973E-05 0.132871 9.9973E-05 0.064216 0.129322 0.60773
0.20839 0.0520264 9.9982E-05 0.446461 0.206007 0.0441663 9.9982E-05 0.0427488
0.509385 0.0473088 0.0777104 0.25578 0.0689697 9.9982E-05 9.9982E-05 0.0406463
0.320388 0.0634206 0.032329 0.39963 9.9982E-05 0.136943 9.9982E-05 0.0470895
0.479474 0.0729087 9.9982E-05 0.252304 0.00528463 0.0851025 9.9982E-05 0.104726
0.448454 0.0316679 0.027631 0.168916 0.135163 0.0345869 9.9991E-05 0.153482
0.524857 0.0942757 0.058762 0.153345 9.9991E-05 0.0909424 0.0328275 0.044891
0.380333 0.120593 0.0433524 0.194455 0.151752 0.106647 0.00276762 9.9991E-05
0.334542 0.0344132 0.00493953 0.298414 0.120272 0.00261535 0.0340282 0.170775
0.00781431 0.0708461 0.0198715 0.569356 0.103114 0.176614 9.9991E-05 0.0522834
0.423926 0.0389011 0.0651408 0.156342 0.145944 0.09476 0.0748857 9.9991E-05
0.478803 0.0311866 9.9991E-05 0.171095 0.0536125 0.154506 0.0269919 0.0837048
0.506586 0.081143 9.9982E-05 0.152943 0.0588543 0.0900804 0.110194 9.9982E-05
0.225178 0.0995365 0.0234729 0.313307 0.155706 0.126137 0.0126726 0.0439909
0.677136 0.0456988 0.0157437 0.0670938 9.9982E-05 0.0403928 9.9982E-05 0.153735
0.455511 0.112212 0.0303939 0.223176 0.137634 0.0408729 9.9982E-05 9.9982E-05
0.177714 0.123353 0.0231444 0.435466 0.155639 0.0783253 9.9991E-05 0.00625831
0.207423 0.170918 0.0116049 0.423893 0.0680034 0.0250426 9.9991E-05 0.0930147
0.291562 9.9973E-05 9.9973E-05 0.424624 0.14999 0.0556456 9.9973E-05 0.0778783
9.994E-05 9.994E-05 0.9993 9.994E-05 9.994E-05 9.994E-05 9.994E-05 9.994E-05
9.994E-05 9.994E-05 0.9993 9.994E-05 9.994E-05 9.994E-05 9.994E-05 9.994E-05
0.0433819 0.0180415 0.363023 9.9982E-05 0.0441198 9.9982E-05 0.216176 0.315058
9.9973E-05 0.0551663 0.301678 9.9973E-05 0.178974 9.9973E-05 0.0829061 0.380976
0.519076 9.9973E-05 0.0518689 0.0938238 0.299901 9.9973E-05 0.0350296 9.9973E-05
0.347081 0.0889168 0.00407142 0.107439 0.342094 9.9991E-05 0.0795184 0.0307787
0.49684 0.0509479 9.9964E-05 9.9964E-05 0.424796 9.9964E-05 9.9964E-05 0.0270168
0.201998 9.9982E-05 9.9982E-05 0.583514 0.0338945 0.0241698 0.0247211 0.131503
0.223189 0.0393162 0.0262242 9.9982E-05 0.601805 0.107878 0.00138782 9.9982E-05
0.442652 0.00152398 0.0425024 0.0667258 0.286635 9.9982E-05 9.9982E-05 0.159761
0.682285 0.0492712 9.9964E-05 9.9964E-05 0.234317 9.9964E-05 9.9964E-05 0.033727
0.641249 9.9991E-05 0.0265967 0.0461123 0.0272849 0.116789 0.0639585 0.077909
0.4489 0.0974219 0.0366579 0.0488414 0.246292 0.0132189 0.108568 9.9991E-05
0.0629558 9.9973E-05 0.0382809 0.0941391 0.77773 9.9973E-05 9.9973E-05 0.0265941
0.59871 9.9982E-05 9.9982E-05 0.0530439 0.0790399 0.172819 0.0473443 0.0488428
0.482123 0.0632787 9.9982E-05 9.9982E-05 0.192299 0.104006 0.00839738 0.149696
0.49586 0.160841 0.071975 0.00200324 0.0940236 0.153304 0.0218927 9.9991E-05
0.265265 9.9955E-05 9.9955E-05 9.9955E-05 0.662107 0.072129 9.9955E-05 9.9955E-05
0.590543 9.9982E-05 0.00896776 0.0044538 0.258698 0.0204669 0.11667 9.9982E-05
0.4455 0.111156 0.0360343 9.9982E-05 0.203748 0.116562 0.086799 9.9982E-05
9.9964E-05 9.9964E-05 9.9964E-05 9.9964E-05 0.547866 0.402198 0.011979 0.0375571
0.189391 9.9973E-05 0.00981779 0.406887 0.210669 0.182936 9.9973E-05 9.9973E-05
0.171857 9.9991E-05 0.00379575 0.20365 0.106192 0.473954 0.0301248 0.010327
0.480333 0.0405314 0.0307886 0.186562 0.185264 0.0248376 9.9991E-05 0.0515835
0.610473 0.0115658 0.0865013 0.0998994 0.00664169 0.0850694 0.0256711 0.0741784
0.53156 0.0799808 0.0405539 0.0131326 0.18922 0.066621 0.0788314 9.9991E-05
0.209094 9.9982E-05 0.0364375 0.297381 0.244373 0.166736 9.9982E-05 0.0457781
0.614624 0.0273888 9.9982E-05 0.147485 0.0253687 0.128809 9.9982E-05 0.0561244
0.504803 0.100363 9.9973E-05 0.0639344 0.188846 9.9973E-05 9.9973E-05 0.141753
0.417101 0.00859947 0.0246069 0.212273 0.107875 0.0903371 9.9991E-05 0.139107
9.999E-05 0.128975 0.016728 0.310439 0.144868 0.218056 0.0905881 0.0902457
0.489389 0.03867 0.0943569 0.12882 0.198101 9.9982E-05 0.0504628 9.9982E-05
0.464404 9.9973E-05 9.9973E-05 0.28223 9.9973E-05 0.0887408 0.0621077 0.102217
0.0973644 9.9982E-05 0.0726362 0.493499 0.0835658 0.22611 9.9982E-05 0.0266244
0.479162 9.9973E-05 0.0547989 0.289512 0.159984 0.0162431 9.9973E-05 9.9973E-05
0.644315 0.0280032 0.0340356 0.112559 0.0352032 0.0630809 0.0207618 0.0620414
0.54158 0.0614788 0.0605209 0.0787469 0.0117269 0.19568 0.00152245 0.0487438
0.267404 0.0566349 0.0199972 0.234632 0.170855 0.140482 9.9991E-05 0.109896
0.535427 0.0217896 0.0430306 0.163575 0.0963245 0.129548 9.9991E-05 0.0102052
0.614556 0.026874 9.9982E-05 0.159943 0.0341779 0.0858791 0.0783706 9.9982E-05
0.246797 9.9982E-05 0.0313862 0.336869 0.0647949 0.186481 0.133472 9.9982E-05
0.450247 9.9955E-05 0.00994395 9.9955E-05 0.53931 9.9955E-05 9.9955E-05 9.9955E-05
0.127663 0.0142414 0.0137572 0.105482 0.691626 9.9991E-05 0.035351 0.0117795
0.471089 0.0870906 0.0207941 0.0639326 0.244672 0.00445306 0.102744 0.00522419
0.521532 0.0260025 0.00802378 0.11836 0.131484 0.0451521 0.0658602 0.0835856
9.9964E-05 9.9964E-05 9.9964E-05 0.0153138 0.867088 0.110779 0.00641945 9.9964E-05
9.9946E-05 9.9946E-05 9.9946E-05 9.9946E-05 0.8145 0.1849 9.9946E-05 9.9946E-05
0.1428 0.0379445 9.9964E-05 9.9964E-05 0.788506 9.9964E-05 0.0303499 9.9964E-05
0.432715 9.9973E-05 0.0750357 0.03871 0.448963 9.9973E-05 0.00427607 9.9973E-05
0.546137 0.0515754 0.0113421 0.067284 0.160358 0.0283162 0.0442292 0.0907582
0.327803 0.0460679 0.0577085 9.9973E-05 0.567552 9.9973E-05 0.000568708 9.9973E-05
0.0160396 0.0759345 9.9973E-05 0.172691 0.693078 9.9973E-05 9.9973E-05 0.0419575
0.200619 0.0296759 9.9982E-05 0.203961 0.49554 9.9982E-05 0.064982 0.00502176
0.311907 0.101169 9.9973E-05 0.0481647 0.404996 9.9973E-05 9.9973E-05 0.133464
0.279183 0.0387241 9.9973E-05 0.106434 0.55189 9.9973E-05 9.9973E-05 0.0234694
0.318731 0.0270726 0.0199181 9.9982E-05 0.516452 0.010662 0.106964 9.9982E-05
0.308102 9.9973E-05 0.0210685 9.9973E-05 0.549786 0.054941 0.0658027 9.9973E-05
9.9964E-05 9.9964E-05 9.9964E-05 9.9964E-05 0.713096 0.27249 0.00286345 0.0111505
0.632379 0.0498705 0.0754464 0.00412299 0.231004 9.9982E-05 0.0069772 9.9982E-05
0.0685062 0.0368696 0.0246025 0.0693025 9.9982E-05 9.9982E-05 0.113099 0.687421
0.0325798 9.9964E-05 0.122366 9.9964E-05 9.9964E-05 9.9964E-05 0.19408 0.650574
9.9964E-05 0.0547754 0.152861 9.9964E-05 9.9964E-05 9.9964E-05 0.30408 0.487884
9.9964E-05 0.00885353 0.113211 9.9964E-05 9.9964E-05 9.9964E-05 0.239432 0.638103
0.046317 0.0310321 0.104722 9.9982E-05 0.00876795 9.9982E-05 0.08428 0.724681
0.0129315 0.0406058 0.0988423 9.9982E-05 0.0159698 9.9982E-05 0.185563 0.645888
0.0041631 9.9973E-05 0.0653734 9.9973E-05 0.0111228 9.9973E-05 0.173931 0.74511
0.380241 0.152469 0.00421364 0.00493787 0.290583 9.9991E-05 0.0344062 0.13305
0.533461 9.9973E-05 0.0394495 9.9973E-05 0.295881 0.000729165 0.13018 9.9973E-05
0.0131021 9.9973E-05 9.9973E-05 0.101046 0.790037 0.0416817 9.9973E-05 0.0538329
0.599752 0.0228168 0.0291296 0.0286216 0.0923037 0.104176 0.0546322 0.0685684
0.401899 9.9964E-05 9.9964E-05 0.0448786 0.4633 9.9964E-05 9.9964E-05 0.0895227
0.52376 0.0297812 0.0261756 9.9982E-05 0.327032 9.9982E-05 0.00183304 0.0912184
0.57032 9.9973E-05 0.0441454 9.9973E-05 0.304897 0.0662414 9.9973E-05 0.0140965
0.439173 0.0388771 9.9964E-05 9.9964E-05 0.453716 9.9964E-05 9.9964E-05 0.0678338
9.9955E-05 9.9955E-05 9.9955E-05 0.224982 0.730349 9.9955E-05 9.9955E-05 0.0441691
0.59338 0.00790687 0.0245903 9.9982E-05 0.203996 9.9982E-05 0.0753655 0.094561
0.574463 0.0613283 0.0444967 0.00488903 0.248823 9.9982E-05 9.9982E-05 0.0657995
0.495857 0.0963189 0.0137621 0.0679887 0.183259 9.9982E-05 9.9982E-05 0.142614
0.308527 0.00302975 0.0139009 9.9982E-05 0.545806 0.108075 9.9982E-05 0.0204615
0.439517 9.9964E-05 0.0278594 9.9964E-05 0.433928 0.0982949 9.9964E-05 9.9964E-05
0.448553 9.9973E-05 0.0159079 0.185011 0.32258 9.9973E-05 9.9973E-05 0.0276485
0.239232 0.0992871 0.00815525 0.0160165 0.628352 0.00875748 9.9982E-05 9.9982E-05
0.301881 0.0112518 9.9982E-05 0.098901 0.494661 9.9982E-05 0.00204403 0.091061
0.480042 0.00295314 9.9973E-05 0.0201914 0.314631 9.9973E-05 9.9973E-05 0.181883
0.24209 0.0427561 9.9982E-05 0.300315 0.112699 0.248386 9.9982E-05 0.0535545
0.451265 0.105756 9.9991E-05 0.143352 0.022722 0.0606675 0.0704396 0.145698
0.397869 0.0298352 0.0217149 0.292298 0.0422119 0.0503936 0.165578 9.9991E-05
0.537671 0.0383068 9.9991E-05 0.133273 0.0541802 0.0443243 0.00254321 0.189601
0.522735 0.0893439 9.9982E-05 0.157177 0.0912052 0.0586173 0.0807212 9.9982E-05
0.541441 9.9964E-05 0.0814731 0.29982 9.9964E-05 0.0768661 9.9964E-05 9.9964E-05
0.604849 0.0376932 9.9991E-05 0.283628 0.0113255 0.0278878 0.00836898 0.0261476
0.501364 0.0158608 9.9991E-05 0.373614 0.0544859 0.00625019 0.0416401 0.00668495
0.500972 0.0503511 0.0485937 0.0713506 0.0942683 0.133657 0.0628548 0.0379523
0.513369 0.108158 9.9982E-05 0.195073 0.000925019 0.0627172 0.119558 9.9982E-05
0.589228 9.9982E-05 0.0385665 0.174201 0.106804 0.0671408 9.9982E-05 0.0238598
0.573151 9.9973E-05 0.00223971 0.368056 0.0112433 9.9973E-05 0.0450104 9.9973E-05
0.687704 0.0287134 9.9973E-05 0.103251 0.0624589 0.117573 9.9973E-05 9.9973E-05
0.628558 0.0585812 9.9991E-05 0.0210664 0.0168133 0.126847 0.0231793 0.124855
0.576953 0.0944602 0.0137784 0.314409 9.9964E-05 9.9964E-05 9.9964E-05 9.9964E-05
0.581641 0.0236415 0.0286128 0.128732 0.036676 9.9991E-05 0.0806552 0.119941
0.57414 0.0875455 0.0228295 0.137009 0.067516 0.0997386 0.011122 9.9991E-05
0.339349 0.101906 0.00763595 0.187403 9.9982E-05 0.236175 0.127331 9.9982E-05
0.553705 0.0838311 0.0136537 0.2247 0.0198417 0.066123 0.0225896 0.0155556
0.784082 0.0114495 9.9973E-05 0.0564735 9.9973E-05 0.0523372 9.9973E-05 0.0953577
0.213608 0.0598538 9.9991E-05 0.33797 0.255667 0.0619611 0.0349605 0.0358799
0.24496 9.9982E-05 0.0337813 0.286283 0.0283941 0.326054 0.0803276 9.9982E-05
0.505267 0.00284775 0.0140497 0.184308 0.166599 0.0313208 0.0955072 9.9991E-05
0.0928951 0.0318987 0.00402786 0.395407 0.161123 0.314448 9.9982E-05 9.9982E-05
0.280234 9.9982E-05 0.00952627 0.392437 0.19179 0.0403096 9.9982E-05 0.0855025
0.403093 9.9973E-05 9.9973E-05 0.290026 0.241449 0.00170009 9.9973E-05 0.0634322
0.34311 9.9982E-05 0.00271836 0.38283 0.159094 0.0322787 0.0797683 9.9982E-05
0.278316 0.0304242 9.9973E-05 0.452798 0.21181 9.9973E-05 9.9973E-05 0.0263519
0.59263 9.9982E-05 0.0741606 0.112705 0.129503 0.0325724 0.0582295 9.9982E-05
0.509754 0.083914 0.0148708 0.129902 0.139682 9.9991E-05 0.111252 0.0105258
0.585731 0.026877 0.0217358 0.18633 0.0373367 0.038275 0.0431343 0.0605793
0.170705 0.0569022 0.0143792 0.308209 0.10412 0.331244 0.0143408 9.9991E-05
0.498132 0.056161 0.00855748 0.0868729 0.0564519 0.123468 0.170257 9.9991E-05
0.599726 0.02725 0.00620646 0.020132 0.13924 0.102346 0.07135 0.0337496
0.0331405 9.9982E-05 9.9982E-05 0.134872 0.0602696 0.545013 0.104593 0.121912
0.65143 9.9973E-05 0.0439082 9.9973E-05 0.108581 0.0738074 9.9973E-05 0.121974
0.32104 0.107931 9.9982E-05 0.107986 0.0698562 0.301849 0.0911374 9.9982E-05
0.525412 0.0885588 9.9982E-05 0.155925 0.0432314 0.110647 9.9982E-05 0.0760266
0.30649 9.9973E-05 9.9973E-05 0.113519 0.0765645 0.366527 9.9973E-05 0.1366
0.226039 9.9982E-05 0.0190657 0.166531 0.0596727 0.471707 0.0567851 9.9982E-05
0.513451 9.9991E-05 0.0462136 0.103165 0.0501237 0.155612 0.024823 0.106512
0.48015 9.9982E-05 0.0216581 0.117828 0.101497 0.226046 9.9982E-05 0.05262
0.478241 0.143399 9.9991E-05 0.157246 0.00596782 0.144567 0.0396728 0.0308066
0.448075 0.055075 9.9991E-05 0.11417 0.13389 0.080973 0.118719 0.048999
0.429743 0.110633 9.9991E-05 0.185319 0.0461839 0.0450211 0.0890579 0.0939423
0.515444 0.0722937 0.0330449 0.0851587 0.0916669 0.0526998 0.0720805 0.0776111
0.0155448 0.136083 0.0335853 0.0759736 0.219155 0.447539 9.9991E-05 0.0720201
0.643339 0.00213935 0.0101587 0.0100349 0.0740543 0.102661 9.9991E-05 0.157513
0.494007 0.00775816 0.0827769 0.0927951 0.170599 0.0638147 0.0881495 9.9991E-05
0.402382 9.9964E-05 9.9964E-05 0.137616 0.198881 0.260721 9.9964E-05 9.9964E-05
0.508978 9.9973E-05 9.9973E-05 0.0903081 0.154578 0.205673 9.9973E-05 0.0401628
0.499753 0.0593513 0.0500495 0.0643437 0.218201 9.9982E-05 0.108101 9.9982E-05
0.577538 0.00185261 0.054819 0.0291333 9.9991E-05 0.179312 0.0943111 0.062934
0.452362 0.150895 0.0324311 0.0559385 0.0549571 0.0871358 0.0403602 0.125921
0.0720515 0.31173 0.0745995 0.0128274 0.0142763 0.251532 0.191261 0.0717228
9.9955E-05 0.112701 9.9955E-05 9.9955E-05 9.9955E-05 0.330135 9.9955E-05 0.556664
9.9964E-05 0.141782 0.0118518 9.9964E-05 9.9964E-05 0.467701 9.9964E-05 0.378265
0.104723 0.247209 9.9982E-05 0.03653 9.9982E-05 0.168664 0.161183 0.281492
0.696236 9.9955E-05 9.9955E-05 9.9955E-05 0.0689386 0.234326 9.9955E-05 9.9955E-05
0.61928 0.00622117 0.0591251 0.0831869 0.157188 0.0484995 0.0263995 9.9991E-05
0.262932 0.685102 0.00534761 0.0462187 9.9964E-05 9.9964E-05 9.9964E-05 9.9964E-05
0.310087 0.484226 0.0423611 0.0516584 0.111369 9.9973E-05 9.9973E-05 9.9973E-05
0.321554 0.373038 0.0117539 0.0207297 0.0725568 0.105798 9.9991E-05 0.094469
0.366592 9.9973E-05 0.028323 0.0663108 0.0687874 0.469687 9.9973E-05 9.9973E-05
0.445618 0.0922785 0.051141 0.00986154 0.266037 0.104747 0.030217 9.9991E-05
0.31676 0.00280486 9.9973E-05 0.0512138 9.9973E-05 0.626457 9.9973E-05 0.00246366
0.609818 0.000410096 9.9982E-05 0.0653612 0.0995056 0.196715 9.9982E-05 0.0279899
0.538961 0.0140028 9.9982E-05 0.0435743 0.0635338 0.30851 9.9982E-05 0.0312178
0.578834 0.0673512 9.9964E-05 9.9964E-05 9.9964E-05 0.312893 9.9964E-05 0.0405222
0.287513 9.9982E-05 0.0185836 0.0115209 0.0620111 0.5942 0.0259707 9.9982E-05
0.643724 0.0420271 0.0502826 0.0579322 0.133241 0.0725932 9.9982E-05 9.9982E-05
0.629738 9.9973E-05 9.9973E-05 9.9973E-05 0.0566728 0.187679 0.061388 0.0642215
0.460178 0.106117 0.030586 0.0774422 0.0872906 0.11233 0.0972476 0.0288089
0.498174 0.203684 9.9982E-05 0.094048 0.00291444 0.00777297 9.9982E-05 0.193207
0.0252431 0.911251 9.9964E-05 9.9964E-05 9.9964E-05 0.0494783 0.0136281 9.9964E-05
0.0497598 0.926342 9.9955E-05 9.9955E-05 0.0233979 9.9955E-05 9.9955E-05 9.9955E-05
0.240085 0.497255 0.0163801 9.9982E-05 0.104328 9.9982E-05 0.123031 0.018722
0.291064 0.662235 0.0275519 9.9973E-05 9.9973E-05 9.9973E-05 0.00912399 0.00972594
0.112021 0.774877 9.9964E-05 9.9964E-05 0.106993 9.9964E-05 0.00570986 9.9964E-05
9.994E-05 0.9993 9.994E-05 9.994E-05 9.994E-05 9.994E-05 9.994E-05 9.994E-05
9.9973E-05 0.926216 9.9973E-05 0.00224168 9.9973E-05 0.0299916 0.0248319 0.0164189
0.196161 0.803239 9.9946E-05 9.9946E-05 9.9946E-05 9.9946E-05 9.9946E-05 9.9946E-05
0.0201296 0.950039 0.0074894 9.9964E-05 0.021942 9.9964E-05 9.9964E-05 9.9964E-05
9.994E-05 0.9993 9.994E-05 9.994E-05 9.994E-05 9.994E-05 9.994E-05 9.994E-05
9.9946E-05 0.98367 0.0157304 9.9946E-05 9.9946E-05 9.9946E-05 9.9946E-05 9.9946E-05
0.228573 0.68996 0.0809666 9.9955E-05 9.9955E-05 9.9955E-05 9.9955E-05 9.9955E-05
0.0977291 0.746643 0.00579921 0.0373077 0.0359922 9.9982E-05 9.9982E-05 0.0763288
9.9955E-05 0.926604 0.053143 9.9955E-05 0.019753 9.9955E-05 9.9955E-05 9.9955E-05
0.38333 0.345652 9.9982E-05 0.101336 0.0690402 0.0272378 9.9982E-05 0.0732042
0.133193 0.646695 0.0101342 0.0488268 0.0593717 0.00419267 0.0974871 9.9991E-05
0.178775 0.746295 0.0358839 9.9982E-05 9.9982E-05 0.00986127 0.00891781 0.0200667
0.0649632 0.866434 9.9964E-05 0.0259652 9.9964E-05 9.9964E-05 9.9964E-05 0.0422379
9.9955E-05 0.971358 0.00394342 9.9955E-05 9.9955E-05 9.9955E-05 0.0241985 9.9955E-05
9.9964E-05 0.892117 9.9964E-05 9.9964E-05 0.0297703 0.000590163 0.0771225 9.9964E-05
9.9946E-05 0.970478 0.0289227 9.9946E-05 9.9946E-05 9.9946E-05 9.9946E-05 9.9946E-05
0.216471 0.582146 9.9982E-05 0.0749221 9.9982E-05 0.00341064 0.105937 0.0169133
0.0081784 0.888285 0.00542762 9.9982E-05 0.0446011 0.00716874 9.9982E-05 0.0461391
9.9964E-05 0.0612058 9.9964E-05 9.9964E-05 9.9964E-05 0.525368 0.142101 0.270925
0.446308 0.0249338 0.0578861 0.105573 0.0302039 0.229312 9.9991E-05 0.105683
0.410786 0.0764365 0.00719066 9.9982E-05 0.047432 0.227521 9.9982E-05 0.230434
0.252194 0.0567311 0.0518869 0.0358121 9.9982E-05 0.354647 9.9982E-05 0.248529
0.485867 0.0609535 9.9982E-05 0.0464015 0.0725616 0.144434 9.9982E-05 0.189583
0.210972 0.113524 0.0624414 9.9991E-05 0.0753606 0.349465 0.0522208 0.135916
0.481569 0.0809879 0.0432055 0.0646687 0.00413726 0.107454 9.9991E-05 0.217878
0.454306 0.0999882 0.0543794 0.0312982 0.0977821 0.13927 9.9991E-05 0.122876
0.393093 0.148977 9.9982E-05 9.9982E-05 0.0238745 0.266928 0.0556771 0.11125
0.429476 0.11164 0.0433458 0.0718634 9.9982E-05 0.135209 9.9982E-05 0.208266
0.263695 0.205635 0.0291573 9.9982E-05 9.9982E-05 0.316133 0.0700246 0.115155
0.460229 0.190582 0.0520562 9.9982E-05 9.9982E-05 0.18367 0.0912279 0.0220349
0.597192 0.0419279 0.0291317 0.0252975 9.9982E-05 0.151611 9.9982E-05 0.15464
0.0341381 9.9973E-05 9.9973E-05 0.0692242 9.9973E-05 0.0132523 0.0811333 0.801952
9.9982E-05 0.0839828 0.0723718 0.00316807 9.9982E-05 0.000123873 0.0327757 0.807378
9.9973E-05 9.9973E-05 0.0384693 0.0227694 0.00486441 9.9973E-05 0.0335357 0.900061
0.0235195 9.9964E-05 0.0125578 0.03902 9.9964E-05 9.9964E-05 9.9964E-05 0.924503
0.0668319 9.9964E-05 0.100983 9.9964E-05 9.9964E-05 9.9964E-05 0.00446341 0.827321
9.9964E-05 0.0493351 0.0409819 9.9964E-05 9.9964E-05 9.9964E-05 0.197391 0.711892
9.9964E-05 0.0663339 0.0299494 9.9964E-05 9.9964E-05 9.9964E-05 0.203416 0.699901
9.9982E-05 0.0133815 0.0475236 9.9982E-05 0.00123533 0.0639346 0.0978466 0.775878
0.0447374 9.9973E-05 0.0346519 9.9973E-05 0.0277324 9.9973E-05 0.0574645 0.835114
0.0289655 0.0494871 9.9973E-05 9.9973E-05 9.9973E-05 0.000220323 0.139022 0.782006
9.9964E-05 9.9964E-05 0.0157718 0.205522 0.159507 9.9964E-05 9.9964E-05 0.6188
0.0147693 9.9973E-05 0.0237194 0.301155 0.0432614 9.9973E-05 9.9973E-05 0.616795
9.9982E-05 9.9982E-05 0.0233055 0.28132 0.0172016 0.142071 0.0490843 0.486818
9.9964E-05 9.9964E-05 9.9964E-05 0.354592 0.0648706 0.0767168 9.9964E-05 0.503421
0.463643 0.0315931 0.0439635 0.1697 0.251251 0.0251178 9.9991E-05 0.0146312
0.454813 0.0199662 0.00948067 0.0850386 0.377662 0.0330327 9.9991E-05 0.019906
0.490561 0.00978159 9.9973E-05 0.137933 0.24968 9.9973E-05 0.111744 9.9973E-05
0.453935 0.175592 9.9973E-05 0.140937 0.188003 9.9973E-05 9.9973E-05 0.0412335
0.395142 0.0291246 0.0299277 0.265807 0.206695 0.0342451 9.9991E-05 0.0389584
0.152958 9.9982E-05 0.0191481 0.623022 0.157777 0.0351905 9.9982E-05 0.0117047
0.652492 9.9973E-05 9.9973E-05 0.0210373 0.188042 9.9973E-05 0.0786048 0.0595242
0.539513 0.00155919 9.9982E-05 0.101631 0.227967 0.0959027 0.0332277 9.9982E-05
0.531597 9.9964E-05 9.9964E-05 0.0540258 0.385198 0.0287796 9.9964E-05 9.9964E-05
0.319458 0.0460979 9.9973E-05 9.9973E-05 0.501821 0.131448 0.000875472 9.9973E-05
0.640912 9.9982E-05 0.018856 0.0932229 0.148898 9.9982E-05 0.064679 0.0332318
0.342181 9.9964E-05 9.9964E-05 0.131836 0.475332 9.9964E-05 0.0502502 9.9964E-05
9.9955E-05 9.9955E-05 9.9955E-05 0.00582425 0.660498 0.333178 9.9955E-05 9.9955E-05
0.517732 9.9982E-05 0.051311 0.129649 0.124747 0.0697664 0.106594 9.9982E-05
0.231016 9.9964E-05 9.9964E-05 9.9964E-05 0.493865 0.274063 9.9964E-05 0.000655952
0.445959 0.0239668 9.9973E-05 9.9973E-05 0.358937 0.102669 0.0681684 9.9973E-05
0.0650111 9.9973E-05 9.9973E-05 0.186994 0.6706 9.9973E-05 0.0014704 0.075625
0.0274307 9.9964E-05 9.9964E-05 0.81511 9.9964E-05 9.9964E-05 0.0573402 0.0997193
0.0461524 9.9955E-05 9.9955E-05 0.792095 9.9955E-05 9.9955E-05 0.161253 9.9955E-05
9.9946E-05 9.9946E-05 9.9946E-05 0.897062 9.9946E-05 9.9946E-05 0.102338 9.9946E-05
9.9955E-05 9.9955E-05 9.9955E-05 0.856705 9.9955E-05 9.9955E-05 0.117321 0.025475
0.00499227 9.9964E-05 9.9964E-05 0.777942 9.9964E-05 0.0750171 0.141649 9.9964E-05
0.0577682 0.0205264 9.9964E-05 0.757577 9.9964E-05 9.9964E-05 0.163729 9.9964E-05
0.0261629 0.0366862 0.0623361 9.9982E-05 0.0701526 9.9982E-05 0.0508435 0.753619
0.126835 9.9955E-05 9.9955E-05 0.0437683 9.9955E-05 9.9955E-05 9.9955E-05 0.828897
0.121323 0.0743476 0.0461136 9.9973E-05 9.9973E-05 9.9973E-05 0.0655053 0.692411
0.104195 0.0797361 0.0278025 0.0364344 9.9982E-05 9.9982E-05 0.0229114 0.72872
0.123052 0.0406782 9.9964E-05 9.9964E-05 0.0143949 9.9964E-05 9.9964E-05 0.821475
9.9973E-05 9.9973E-05 0.00395294 0.452965 0.0505647 9.9973E-05 0.130034 0.362184
9.9982E-05 9.9982E-05 0.0102546 0.365252 0.0507917 0.0615626 0.0438182 0.468121
0.00535572 9.9982E-05 0.00335964 0.424563 0.0735524 9.9982E-05 0.0366401 0.45633
9.994E-05 9.994E-05 0.9993 9.994E-05 9.994E-05 9.994E-05 9.994E-05 9.994E-05
9.9982E-05 9.9982E-05 0.00651305 0.497964 0.0562222 0.0551876 0.0765893 0.307324
0.30246 0.286166 0.0317911 9.9982E-05 9.9982E-05 0.160473 0.144135 0.0747743
0.6194 0.100109 0.0205689 0.0101389 9.9982E-05 9.9982E-05 0.102513 0.14707
0.488113 0.286969 0.0329025 9.9973E-05 9.9973E-05 9.9973E-05 0.132212 0.0595032
0.308124 0.208059 9.9991E-05 0.0200497 0.0608707 0.110067 0.101083 0.191648
0.452247 0.150537 0.0107615 0.0330716 0.106352 9.9991E-05 0.0751276 0.171804
9.9964E-05 0.325798 9.9964E-05 9.9964E-05 9.9964E-05 0.249751 0.170643 0.253408
0.444 9.9982E-05 9.9982E-05 0.259534 0.132831 0.123191 0.0242421 0.0160017
0.442536 9.9973E-05 9.9973E-05 0.152206 0.0411176 0.319094 9.9973E-05 0.0447462
0.301693 0.0130076 0.0411812 0.589901 9.9973E-05 9.9973E-05 9.9973E-05 0.0539169
0.499954 9.9964E-05 9.9964E-05 0.164529 0.137003 0.198113 9.9964E-05 9.9964E-05
9.9955E-05 9.9955E-05 9.9955E-05 0.218782 0.0836382 0.69708 9.9955E-05 9.9955E-05
0.660695 9.9982E-05 0.0352195 0.0403748 0.0671156 0.096524 9.9982E-05 0.0998713
0.494071 0.000758133 0.00189415 0.118981 0.211365 0.0688072 0.044029 0.0600947
0.324098 9.9982E-05 0.00957406 0.352133 0.1282 0.120953 0.0648415 9.9982E-05
0.540078 0.0574845 9.9991E-05 0.111769 0.135141 0.0572553 0.0451818 0.05299
0.163506 9.9964E-05 9.9964E-05 0.24269 0.154815 0.438589 9.9964E-05 9.9964E-05
0.401565 0.0875868 0.00485117 0.209363 0.137647 0.158788 9.9982E-05 9.9982E-05
0.564674 9.9982E-05 0.0329195 0.223664 0.0753902 0.0299155 0.0732361 9.9982E-05
0.335873 0.238826 0.00164995 0.108333 0.141614 0.0499732 0.0218616 0.101869
0.376449 0.0267885 0.000659576 0.335636 0.0165032 0.243764 9.9982E-05 9.9982E-05
0.531368 9.9973E-05 0.0216017 0.231312 0.029812 0.185606 9.9973E-05 9.9973E-05
0.487726 0.107231 9.9982E-05 0.154696 0.0939097 0.0995061 9.9982E-05 0.0567315
0.534118 9.9982E-05 9.9982E-05 0.207828 0.112445 0.0903332 0.0472088 0.00786781
0.546296 0.0985509 0.0141823 0.09069 0.145192 0.057846 9.9991E-05 0.0471426
0.470007 0.0554794 0.091631 0.0807485 0.196369 0.0128568 0.076518 0.0163907
0.489826 0.0911277 0.0304308 0.186811 0.0766637 0.0686269 0.0334445 0.0230703
9.994E-05 9.994E-05 9.994E-05 9.994E-05 9.994E-05 9.994E-05 0.9993 9.994E-05
9.994E-05 9.994E-05 9.994E-05 9.994E-05 9.994E-05 9.994E-05 0.9993 9.994E-05
0.00975157 0.0259186 9.9982E-05 0.0168039 0.0280297 9.9982E-05 0.48938 0.429917
9.9946E-05 9.9946E-05 9.9946E-05 9.9946E-05 0.00664051 9.9946E-05 0.99276 9.9946E-05
9.9955E-05 9.9955E-05 0.0491604 9.9955E-05 9.9955E-05 9.9955E-05 0.903619 0.0467206
0.212369 0.00690114 0.0163765 0.528281 0.101913 0.111889 9.9991E-05 0.02217
0.591144 0.0535028 9.9973E-05 0.10567 9.9973E-05 0.1631 0.0862833 9.9973E-05
0.459339 0.104861 0.0119468 0.0227599 0.0385732 0.112769 0.10903 0.14072
0.614405 0.091909 0.0124496 0.136932 0.0966127 0.0474918 9.9982E-05 9.9982E-05
0.432876 0.0492007 9.9982E-05 0.249134 0.163716 9.9982E-05 0.0752718 0.0296011
0.336528 0.0370902 0.0477326 0.297558 0.00663316 0.274259 9.9982E-05 9.9982E-05
9.9973E-05 9.9973E-05 0.0364729 0.559034 0.117897 0.161808 0.124489 9.9973E-05
0.516548 9.9982E-05 0.0174558 0.275338 0.0230061 0.0522866 0.115165 9.9982E-05
0.180851 0.0684505 9.9982E-05 0.500094 0.0849011 0.0852358 9.9982E-05 0.0802677
0.312333 0.0295639 0.0023105 0.23779 0.128395 0.181403 0.0998373 0.00836733
0.0671535 0.0482361 0.036733 0.538349 0.0966961 0.085683 0.0959499 0.031199
0.529733 0.0476367 0.0146614 0.177909 0.00892408 0.100405 0.073989 0.0467418
0.292152 9.9973E-05 9.9973E-05 0.513266 0.0402313 0.0699024 9.9973E-05 0.0841478
0.520713 0.110777 0.0331309 0.081386 0.0993325 0.0629131 0.0916475 9.9991E-05
0.289355 0.0867054 0.0145798 0.315929 0.0490905 0.18885 9.9991E-05 0.0553902
0.528446 9.9973E-05 9.9973E-05 0.0573012 9.9973E-05 0.264393 0.0667052 0.0828541
0.330302 9.9973E-05 9.9973E-05 0.0481556 0.0640487 0.474629 9.9973E-05 0.0825651
0.599233 0.0224776 9.9982E-05 0.043893 0.00829935 0.232676 0.0932209 9.9982E-05
0.652039 9.9982E-05 0.0162077 9.9982E-05 0.0555106 0.153388 0.0303597 0.0922952
0.352047 9.9973E-05 9.9973E-05 0.0660741 0.0456855 0.494357 0.0415358 9.9973E-05
0.459218 0.0195702 0.0506061 0.0546627 0.158788 0.0964507 0.043355 0.117349
0.483115 0.0757212 0.031661 9.9991E-05 0.182371 0.165671 0.0513505 0.0100103
0.595308 9.9991E-05 0.0181651 0.0595117 0.0892166 0.114498 0.101108 0.0220932
0.165196 9.9964E-05 9.9964E-05 0.112081 0.0772048 0.645119 9.9964E-05 9.9964E-05
0.298711 9.9973E-05 0.0124157 0.0434885 0.0724903 0.572595 9.9973E-05 9.9973E-05
0.534532 9.9973E-05 0.0274585 0.0676332 9.9973E-05 0.315154 0.0549222 9.9973E-05
0.4377 0.078389 0.109081 9.9991E-05 0.176529 0.0984158 0.0359847 0.0638001
0.196094 9.9973E-05 0.00945435 0.0717363 0.136174 0.586242 9.9973E-05 9.9973E-05
0.540171 9.9973E-05 9.9973E-05 0.0677756 0.102029 0.266895 0.0228297 9.9973E-05
0.0142476 0.102899 0.0045463 0.630002 0.230184 9.9982E-05 9.9982E-05 0.0179216
0.309406 0.00092816 9.9973E-05 0.276026 0.0946219 0.318718 9.9973E-05 9.9973E-05
0.33479 0.0651251 9.9982E-05 0.334408 0.184872 9.9982E-05 0.0667206 0.0138844
0.574716 0.0764897 9.9982E-05 0.193856 0.0824857 0.0178411 9.9982E-05 0.0544119
0.230142 0.00483221 9.9982E-05 0.447845 0.267293 0.0470363 0.0026519 9.9982E-05
0.528147 0.0299376 0.0558887 0.0874946 0.051564 0.188301 0.0585665 9.9991E-05
0.428698 0.100741 0.108957 0.155915 0.144248 9.9991E-05 0.0237242 0.0376166
0.500229 0.0827202 9.9982E-05 0.230747 9.9982E-05 0.162192 0.00680841 0.0171037
0.498182 0.0734117 0.040042 0.21267 0.0973023 9.9982E-05 0.0781919 9.9982E-05
0.34012 0.0938738 0.00108143 0.354129 0.173156 9.9982E-05 0.03744 9.9982E-05
0.136794 0.113181 0.0062047 0.517303 0.226217 9.9973E-05 9.9973E-05 9.9973E-05
0.313855 0.100307 9.9991E-05 0.338326 0.142116 0.0512309 0.0294042 0.0246608
0.603685 0.0652317 9.9973E-05 0.178257 0.0212217 0.131305 9.9973E-05 9.9973E-05
0.620604 0.109983 0.0656041 0.057284 0.0488652 0.0974591 9.9982E-05 9.9982E-05
0.350514 0.0112182 0.0426636 0.262054 0.0403101 0.237977 0.0551626 9.9991E-05
0.508566 0.0971842 9.9964E-05 0.219008 9.9964E-05 0.174843 9.9964E-05 9.9964E-05
0.384124 0.00367429 0.0378009 0.374375 0.0128892 0.0499116 0.137126 9.9991E-05
0.61133 9.9982E-05 0.00637898 0.212362 0.0736844 0.0565321 0.0395127 9.9982E-05
0.45819 0.164286 0.0401462 0.220437 0.0615833 0.0430076 0.0122499 9.9991E-05
0.45163 0.137342 9.9991E-05 0.18746 0.0743473 0.0325312 0.0749254 0.0416643
0.379675 0.140503 0.0442103 9.9991E-05 0.032429 0.0334217 0.10858 0.261081
0.524546 0.172978 0.0483867 9.9991E-05 0.0648373 0.0506368 0.0921108 0.0464041
0.511203 0.0568059 0.0649153 0.0556657 0.135677 0.0388982 0.0314324 0.105402
0.597701 0.135086 0.0364025 0.0777875 9.9991E-05 0.07483 0.0743058 0.00378741
0.38898 0.209076 0.0272732 9.9991E-05 0.106269 0.0756131 0.120162 0.0725264
0.506046 0.0067167 0.0316055 0.244381 9.9973E-05 0.210951 9.9973E-05 9.9973E-05
0.536502 0.11013 0.0181385 9.9991E-05 0.118924 0.00339608 0.00781491 0.204994
0.0643709 0.127532 9.9982E-05 9.9982E-05 0.0850892 0.491192 0.0279288 0.203688
0.419298 0.228517 0.0391613 0.0452564 0.078735 0.0650371 0.00825291 0.115743
0.502462 0.162351 0.0126887 0.135855 9.9991E-05 0.0655437 0.0559232 0.0650766
0.465623 0.201161 0.0478235 0.131044 0.0122572 0.0734813 0.00861396 0.0599961
0.210111 0.207817 0.0445881 0.105693 0.140999 0.162109 0.0727194 0.0559635
0.460728 0.129929 9.9991E-05 0.0394965 0.0938445 0.0305393 0.125496 0.119867
0.579901 0.166124 0.0382663 9.9982E-05 9.9982E-05 0.0967259 0.021167 0.0976161
9.9973E-05 0.175828 0.048913 9.9973E-05 9.9973E-05 0.355688 0.0564541 0.362817
0.434903 0.231276 0.0309062 0.0126916 0.0922402 0.00201107 0.0142488 0.181723
0.530886 0.20717 0.0287634 0.00122966 9.9991E-05 0.0454526 0.0236305 0.162767
0.474538 0.199275 0.0338159 0.0131525 0.0568223 0.196986 9.9991E-05 0.0253107
0.50098 0.220555 0.00613111 9.9991E-05 0.00198223 0.0879789 0.0130095 0.169263
0.491783 0.0687112 0.049349 0.0500272 0.120717 9.9991E-05 0.0335344 0.185777
0.468272 0.041048 9.9982E-05 0.0340014 0.121729 0.32259 0.0121592 9.9982E-05
0.585383 0.0729591 0.0578687 0.0275522 0.0342908 0.176648 0.0451977 9.9991E-05
0.113747 9.9964E-05 9.9964E-05 0.0547069 0.209319 0.621827 9.9964E-05 9.9964E-05
0.575506 0.0366896 0.0355548 0.0787101 0.0661985 0.0852075 0.0243771 0.0977561
0.484015 0.053105 0.0379639 0.0204647 0.209107 0.0456047 0.018993 0.130747
0.102963 9.9964E-05 9.9964E-05 0.0851649 0.0972412 0.714231 9.9964E-05 9.9964E-05
0.594602 0.0362963 0.0320296 0.0195395 0.0543566 0.20749 0.0555856 9.9991E-05
0.488385 0.055666 0.0199542 0.0376026 0.139451 0.0570504 0.0972676 0.104623
0.452131 0.248414 9.9982E-05 9.9982E-05 0.0511445 0.0745889 0.00156178 0.171959
0.302225 0.371452 0.0184757 9.9973E-05 9.9973E-05 0.231388 9.9973E-05 0.07616
0.146484 0.314707 0.105485 9.9973E-05 9.9973E-05 0.296932 9.9973E-05 0.136092
0.350039 0.259102 0.032412 9.9982E-05 9.9982E-05 0.18812 0.0657924 0.104334
0.514627 0.151625 0.0666844 0.0519996 9.9991E-05 0.156796 0.0423683 0.0157994
0.210305 0.0208415 9.9964E-05 9.9964E-05 9.9964E-05 0.654179 0.114275 9.9964E-05
0.309396 0.037792 0.074413 9.9973E-05 9.9973E-05 0.511207 9.9973E-05 0.0668914
0.605627 0.0953736 0.0314259 9.9973E-05 0.0264937 0.24078 9.9973E-05 9.9973E-05
0.541431 0.0813321 9.9982E-05 9.9982E-05 0.0490297 0.242015 0.0380705 0.0479217
0.319857 0.0743415 0.0469739 9.9973E-05 9.9973E-05 0.554921 0.00360642 9.9973E-05
0.599916 9.9982E-05 9.9982E-05 0.0273079 0.0472737 0.205268 0.056898 0.0631364
0.667182 0.0415083 9.9991E-05 0.00462132 0.00711572 0.245334 0.0136922 0.0204464
0.372275 0.199345 9.9982E-05 0.132964 0.0617694 0.122962 9.9982E-05 0.110485
0.381768 9.9973E-05 9.9973E-05 0.110518 0.131927 0.356889 9.9973E-05 0.0185976
0.45958 9.9973E-05 0.0338758 0.0335842 0.143823 0.328838 9.9973E-05 9.9973E-05
0.375136 0.0664736 9.9991E-05 0.164834 0.0729142 0.159075 0.123786 0.0376803
0.649039 0.00204519 9.9973E-05 0.0815465 9.9973E-05 0.233881 0.0331892 9.9973E-05
0.378815 0.0148744 0.0328099 0.0374369 0.159505 0.328595 0.0478638 9.9991E-05
0.476126 0.0119292 0.00400576 0.0949717 0.1657 0.0546743 0.0128678 0.179725
0.480712 0.117893 9.9982E-05 0.085375 0.110449 0.117671 9.9982E-05 0.0876998
0.557771 9.9964E-05 0.00297277 9.9964E-05 0.0592723 0.379584 9.9964E-05 9.9964E-05
0.360714 9.9964E-05 9.9964E-05 0.126705 0.0927125 0.419469 9.9964E-05 9.9964E-05
0.660186 9.9973E-05 9.9973E-05 9.9973E-05 0.183739 0.041139 0.0928702 0.0217659
0.598747 0.00592391 0.0506722 0.164256 9.9982E-05 9.9982E-05 0.0997286 0.080473
0.32691 9.9964E-05 9.9964E-05 0.138889 0.100709 0.433092 9.9964E-05 9.9964E-05
0.547835 9.9973E-05 0.0434913 0.0078617 9.9973E-05 0.391339 0.00917255 9.9973E-05
0.57454 9.9982E-05 0.0593714 0.0248135 0.0447718 0.216259 9.9982E-05 0.0800444
0.490262 9.9991E-05 0.00959194 0.0599873 0.182132 0.195648 0.038618 0.0236607
0.490117 0.0854925 0.0476339 0.0318465 9.9991E-05 0.183735 0.00644568 0.154629
0.377333 0.128335 0.0420673 0.0680673 0.0785714 0.169279 9.9991E-05 0.136247
0.335323 0.218357 0.0184712 0.0721416 9.9991E-05 0.137072 0.218128 0.000407021
0.414408 0.14864 0.000256124 0.0985916 0.019236 0.136473 0.079266 0.103131
0.432212 0.130568 0.0121981 0.0862349 9.9991E-05 0.138253 0.138448 0.0619857
0.453915 0.139937 9.9982E-05 0.0572867 9.9982E-05 0.124593 0.0603925 0.163677
0.430145 0.224753 9.9991E-05 0.112478 0.0217833 0.0210726 0.0729024 0.116766
0.418212 0.173252 9.9973E-05 9.9973E-05 9.9973E-05 0.250891 0.081887 0.0754577
0.0496872 0.155733 0.0235096 0.026265 9.9991E-05 0.59481 0.10813 0.0417656
0.697127 0.175356 9.9982E-05 0.00114609 9.9982E-05 0.0238142 0.0503466 0.0520107
9.9964E-05 0.188625 0.00496432 9.9964E-05 9.9964E-05 0.503122 9.9964E-05 0.302889
0.593976 0.168637 9.9982E-05 9.9982E-05 0.0429219 0.0872797 0.0323164 0.0746688
0.446694 0.0809494 9.9991E-05 0.0768326 0.0607975 0.105697 0.0594658 0.169464
0.224639 9.9955E-05 9.9955E-05 9.9955E-05 0.165417 0.609445 9.9955E-05 9.9955E-05
0.0417215 9.9964E-05 9.9964E-05 0.00456437 0.264088 0.689226 9.9964E-05 9.9964E-05
0.561683 9.9973E-05 0.00722237 0.0191801 0.0453336 0.366281 9.9973E-05 9.9973E-05
0.714146 0.0190527 0.0335475 9.9973E-05 9.9973E-05 0.187141 0.0458129 9.9973E-05
0.50011 9.9955E-05 9.9955E-05 9.9955E-05 0.0581412 0.441249 9.9955E-05 9.9955E-05
0.619832 9.9973E-05 9.9973E-05 0.0235102 0.196101 0.147554 9.9973E-05 0.0127031
0.630512 9.9964E-05 9.9964E-05 0.0556097 0.0498061 0.263672 9.9964E-05 9.9964E-05
0.0616072 0.0185979 0.0747662 0.0255199 9.9991E-05 0.0261961 0.247649 0.545564
0.0233974 0.0570242 0.0469469 0.121445 0.0374293 0.00499118 0.146111 0.562655
9.9973E-05 0.0383932 0.042015 0.0193099 9.9973E-05 9.9973E-05 0.124739 0.775242
0.00129312 9.9964E-05 0.139374 9.9964E-05 9.9964E-05 9.9964E-05 0.260493 0.59844
0.509638 9.9973E-05 0.0268628 9.9973E-05 0.360687 0.0066184 0.0958942 9.9973E-05
0.409115 0.0196087 0.0147102 0.0577293 0.430727 9.9991E-05 0.0580205 0.00998888
0.409551 9.9964E-05 0.0453523 0.0695865 0.47511 9.9964E-05 9.9964E-05 9.9964E-05
0.666911 9.9982E-05 9.9982E-05 0.00333281 0.120966 0.020018 0.0755095 0.113064
0.510887 0.00679032 0.0262686 0.0455837 0.237945 0.0911868 0.0812384 9.9991E-05
0.173213 0.0337183 9.9982E-05 0.111534 0.583954 0.0332798 9.9982E-05 0.064101
0.441787 0.145864 9.9964E-05 9.9964E-05 0.365887 9.9964E-05 0.0460621 9.9964E-05
0.276803 9.9964E-05 0.0179741 9.9964E-05 0.497881 0.206943 9.9964E-05 9.9964E-05
0.490419 0.21023 0.0351997 0.00753071 9.9982E-05 0.0202287 9.9982E-05 0.236193
0.385675 0.0314198 9.9973E-05 0.0658729 0.370371 0.146361 9.9973E-05 9.9973E-05
0.315286 9.9964E-05 0.0446996 0.0898 0.549814 9.9964E-05 9.9964E-05 9.9964E-05
0.531288 0.0163433 9.9991E-05 0.0242183 0.16024 0.0809292 0.0268543 0.160027
0.567615 0.0180056 0.00274877 0.15927 0.24387 9.9982E-05 9.9982E-05 0.00829051
0.402629 9.9982E-05 0.00299401 0.0305247 0.508946 9.9982E-05 0.0479995 0.00670701
0.497469 0.00633882 9.9973E-05 9.9973E-05 0.356754 0.0709376 0.0682013 9.9973E-05
0.501252 9.9955E-05 9.9955E-05 9.9955E-05 0.367381 9.9955E-05 0.130868 9.9955E-05
9.99461E-05 9.99461E-05 9.99461E-05 9.99461E-05 0.926164 0.0732359 9.99461E-05 9.99461E-05
0.205322 0.0132942 0.00496062 9.9982E-05 0.607361 0.14797 9.9982E-05 0.0208924
0.233744 0.0158797 9.9982E-05 0.0687517 0.582468 0.0600935 9.9982E-05 0.038864
9.9946E-05 9.9946E-05 9.9946E-05 9.9946E-05 0.710658 0.288742 9.9946E-05 9.9946E-05
0.465889 0.0683803 0.0731907 0.0315102 9.9991E-05 0.152996 0.129184 0.0787497
0.392703 0.0385747 0.00697811 0.168116 0.358155 9.9982E-05 0.0352735 9.9982E-05
0.0463096 0.0392336 0.0151211 9.9973E-05 0.547629 0.351407 9.9973E-05 9.9973E-05
9.9946E-05 9.9946E-05 9.9946E-05 9.9946E-05 0.642815 0.356585 9.9946E-05 9.9946E-05
0.481657 0.0700071 0.0711164 9.9973E-05 0.357697 0.0192225 9.9973E-05 9.9973E-05
0.195981 9.9973E-05 9.9973E-05 0.0620845 0.652116 0.0179041 9.9973E-05 0.0716152
0.44767 9.9973E-05 0.0370654 0.0790658 0.393328 9.9973E-05 9.9973E-05 0.0425711
0.558816 0.0170361 0.0847174 0.00413209 0.200441 0.0279852 0.011137 0.0957356
0.490533 9.9964E-05 9.9964E-05 0.0451714 0.436092 9.9964E-05 0.0278036 9.9964E-05
0.43282 0.0313318 9.9964E-05 0.304765 9.9964E-05 0.230684 9.9964E-05 9.9964E-05
0.461797 0.0190224 0.0514852 9.9973E-05 0.447814 0.0195816 9.9973E-05 9.9973E-05
0.329536 0.0606884 0.0634733 0.0983735 0.431286 9.9991E-05 0.00944109 0.00710236
0.306583 9.9955E-05 9.9955E-05 9.9955E-05 0.678922 9.9955E-05 0.0139952 9.9955E-05
0.453941 0.0953487 0.0775033 0.0851192 0.227394 9.9982E-05 9.9982E-05 0.0604932
9.9973E-05 9.9973E-05 0.0395142 0.257283 9.9973E-05 0.0253544 0.0461027 0.631446
9.9982E-05 9.9982E-05 0.0695739 0.0850793 0.0955511 0.00104592 0.165598 0.582952
9.9973E-05 9.9973E-05 0.122456 0.101414 9.9973E-05 0.0346111 0.0377314 0.703488
9.9982E-05 9.9982E-05 0.137756 0.0470419 0.0148128 0.0685344 0.144515 0.58714
0.0137413 9.9973E-05 0.0655367 0.190851 9.9973E-05 0.057925 9.9973E-05 0.671646
0.0392738 0.0200927 9.9973E-05 0.103712 0.75611 9.9973E-05 9.9973E-05 0.0805121
0.0493623 9.9982E-05 0.0252894 0.119989 0.740459 0.036725 0.0279748 9.9982E-05
0.156894 9.9955E-05 9.9955E-05 9.9955E-05 0.714499 0.128107 9.9955E-05 9.9955E-05
0.520386 0.104351 9.9973E-05 9.9973E-05 0.222129 0.0729853 9.9973E-05 0.0798487
0.664602 9.9973E-05 9.9973E-05 0.0342806 0.103829 9.9973E-05 0.00957541 0.187412
0.279895 0.0038922 9.9964E-05 9.9964E-05 0.560347 0.155465 9.9964E-05 9.9964E-05
0.648202 0.00787444 9.9964E-05 9.9964E-05 0.269124 9.9964E-05 9.9964E-05 0.0743993
0.277807 0.0802498 9.9973E-05 9.9973E-05 0.551169 9.9973E-05 0.0794362 0.011038
0.380798 0.110226 9.9982E-05 0.0568025 0.200266 0.174118 9.9982E-05 0.0775899
0.532029 9.9973E-05 9.9973E-05 0.0591615 0.298858 9.9973E-05 0.10394 0.00571122
0.55121 0.0288774 9.9982E-05 0.0435165 0.344616 0.00550267 9.9982E-05 0.0260771
0.203919 0.0135488 9.9982E-05 0.116887 0.623494 0.0238351 9.9982E-05 0.0181157
0.264483 9.9973E-05 0.0436101 0.0417227 0.610222 9.9973E-05 0.0396622 9.9973E-05
0.290524 9.9964E-05 9.9964E-05 0.143335 0.556179 9.9964E-05 0.00956118 9.9964E-05
0.587511 9.9982E-05 0.0120912 9.9982E-05 0.0658857 0.127264 0.0788319 0.128217
0.401335 9.9964E-05 0.0544419 9.9964E-05 0.53686 9.9964E-05 9.9964E-05 0.0069635
0.320014 0.107154 9.9973E-05 0.0913285 0.448686 9.9973E-05 0.032517 9.9973E-05
0.431843 0.380378 9.9973E-05 0.00560842 9.9973E-05 0.030491 0.151379 9.9973E-05
0.360771 0.431288 0.0583851 9.9982E-05 9.9982E-05 0.0121223 0.00379647 0.133438
0.447461 0.396136 0.0086591 9.9982E-05 9.9982E-05 0.0246909 0.0102357 0.112617
0.259705 0.501921 0.0289283 9.9982E-05 9.9982E-05 0.0673615 0.0186172 0.123267
0.402358 0.388723 0.0814604 0.0318857 9.9973E-05 9.9973E-05 0.0952731 9.9973E-05
0.462269 0.034299 9.9973E-05 9.9973E-05 0.231142 0.187733 0.0842576 9.9973E-05
0.0774757 0.644015 9.9973E-05 9.9973E-05 9.9973E-05 0.0627708 0.103569 0.11187
0.303071 0.430557 0.0473398 9.9982E-05 0.00429257 9.9982E-05 0.132266 0.0822739
0.420567 0.134351 0.0253081 0.0252437 0.10441 0.155946 0.128641 0.00553317
0.654125 9.9973E-05 9.9973E-05 9.9973E-05 0.00293943 0.131335 0.035172 0.176129
0.431513 0.0145273 0.00548164 0.0835008 0.0341669 0.247631 0.148946 0.0342336
0.564918 0.0457263 0.0564597 0.0342238 0.0500444 0.176265 0.0314409 0.0409216
0.603259 9.9982E-05 9.9982E-05 0.0776611 0.137481 0.0234157 0.0814066 0.0765769
0.276867 0.514155 9.9955E-05 9.9955E-05 9.9955E-05 9.9955E-05 9.9955E-05 0.208478
0.350581 0.418884 0.0310477 0.00628861 9.9991E-05 0.0326344 0.0598888 0.100575
0.408542 0.431787 9.9973E-05 9.9973E-05 9.9973E-05 0.0483541 0.0370201 0.0739966
0.523728 0.245502 9.9991E-05 0.0313503 0.0205087 0.0228282 0.0185349 0.137448
0.216397 0.608105 0.014224 0.0393644 0.0413039 0.0088532 0.0139748 0.0577783
