9.9964E-05 0.00653572 9.9964E-05 0.546614 9.9964E-05 0.0637315 9.9964E-05 0.382719
0.0221583 9.9964E-05 9.9964E-05 0.55923 9.9964E-05 0.0221865 9.9964E-05 0.396025
0.0404056 0.0536603 9.9982E-05 0.465927 0.0344291 0.0429252 9.9982E-05 0.362452
9.9982E-05 0.0816383 9.9982E-05 0.454324 0.0739829 0.0725024 0.0029639 0.314388
0.00836896 9.9964E-05 9.9964E-05 0.566873 0.0299424 9.9964E-05 9.9964E-05 0.394416
0.0899622 0.0176555 0.0608207 0.702454 0.0373001 9.9982E-05 0.0916077 9.9982E-05
9.9964E-05 0.0200744 0.111307 0.85459 9.9964E-05 0.0136284 9.9964E-05 9.9964E-05
0.00949147 0.0871766 0.12021 0.747427 0.0147102 0.01269 0.00819518 9.9991E-05
9.99639E-05 0.12394 0.0180304 0.684214 9.99639E-05 9.99639E-05 9.99639E-05 0.173415
0.0489575 0.0863459 0.0688975 0.694731 0.0870609 0.0138074 9.9982E-05 9.9982E-05
9.9964E-05 0.047522 0.0704594 0.773251 9.9964E-05 9.9964E-05 0.108368 9.9964E-05
9.9955E-05 9.9955E-05 9.9955E-05 0.00958778 0.0531942 9.9955E-05 0.936718 9.9955E-05
9.9982E-05 0.00640151 0.0883936 0.026045 0.0316609 0.00778324 0.839516 9.9982E-05
9.9964E-05 9.9964E-05 9.9964E-05 0.0397529 0.0765546 9.9964E-05 0.723206 0.160087
9.9973E-05 0.0218703 0.0352219 9.9973E-05 9.9973E-05 0.0233905 0.900982 0.0182354
9.9964E-05 9.9964E-05 0.0273958 9.9964E-05 0.113122 0.0112033 0.847879 9.9964E-05
9.9955E-05 9.9955E-05 9.9955E-05 0.0193487 0.039882 9.9955E-05 0.94027 9.9955E-05
9.9973E-05 9.9973E-05 9.9973E-05 0.0226789 0.155147 0.00513579 0.801188 0.0155509
9.9964E-05 9.9964E-05 0.0232718 0.00684001 0.0368929 9.9964E-05 0.932595 9.9964E-05
9.994E-05 9.994E-05 9.994E-05 9.994E-05 9.994E-05 0.9993 9.994E-05 9.994E-05
9.994E-05 9.994E-05 9.994E-05 9.994E-05 9.994E-05 0.9993 9.994E-05 9.994E-05
9.9982E-05 9.9982E-05 0.00342077 0.17978 0.059692 0.341957 0.0980903 0.31686
0.00791159 0.000126789 0.0699646 0.55465 0.114091 0.231353 0.021803 9.9991E-05
9.9973E-05 0.206293 0.0286881 9.9973E-05 0.000484069 9.9973E-05 0.659207 0.105029
0.53196 9.9973E-05 9.9973E-05 0.0336423 9.9973E-05 0.0413637 0.382662 0.0100723
0.833568 9.9964E-05 9.9964E-05 9.9964E-05 0.144356 0.0158068 9.9964E-05 0.00587018
0.725276 9.9964E-05 0.182731 0.0115963 9.9964E-05 9.9964E-05 9.9964E-05 0.0799963
0.257171 0.270702 0.0957904 9.9982E-05 0.0416844 0.0204502 0.314002 9.9982E-05
0.29303 0.0126903 0.308749 9.9964E-05 9.9964E-05 9.9964E-05 0.385132 9.9964E-05
0.334354 0.174359 9.9982E-05 9.9982E-05 0.0307116 0.0191339 0.29983 0.141411
0.0506735 0.0404876 0.107935 0.108931 0.0111117 0.00169778 0.589003 0.0901607
0.0625606 0.147217 0.0248243 9.9982E-05 9.9982E-05 0.0383395 0.724425 0.00243402
0.0973073 9.9982E-05 0.0951306 9.9982E-05 0.0746336 0.0163872 0.683983 0.0323584
0.178652 0.0842857 0.036917 0.023237 9.9982E-05 0.0664448 0.610263 9.9982E-05
0.528083 9.9973E-05 9.9973E-05 0.0259827 0.0820504 0.0276041 0.33598 9.9973E-05
0.904936 0.0536442 0.00144208 9.9973E-05 9.9973E-05 0.00176574 9.9973E-05 0.0379117
0.853003 9.9964E-05 9.9964E-05 0.0200038 9.9964E-05 0.0137275 0.112866 9.9964E-05
0.825064 9.9964E-05 9.9964E-05 0.0419043 0.0771034 9.9964E-05 0.0555282 9.9964E-05
0.534465 0.0874133 9.9982E-05 9.9982E-05 0.0551807 0.00252887 0.228667 0.0915447
0.555368 0.195502 9.9982E-05 9.9982E-05 0.06288 0.0351714 0.0962292 0.0546498
0.767511 0.0568867 0.117115 9.9964E-05 9.9964E-05 9.9964E-05 9.9964E-05 0.0580871
9.9982E-05 0.0302677 9.9982E-05 0.632139 0.0777551 0.0791858 0.0774303 0.103022
9.9964E-05 9.9964E-05 9.9964E-05 0.473187 9.9964E-05 0.102303 0.00275912 0.421351
9.9973E-05 9.9973E-05 9.9973E-05 0.437227 0.0330145 0.0979703 0.0545334 0.376955
9.9973E-05 9.9973E-05 0.0313675 0.608346 0.0114735 0.049215 9.9973E-05 0.299298
0.00775291 9.9991E-05 0.0668911 0.625512 0.0311209 0.0904288 0.00490492 0.17329
9.9964E-05 9.9964E-05 9.9964E-05 0.630309 0.0401401 0.0929722 9.9964E-05 0.236179
9.9964E-05 9.9964E-05 9.9964E-05 0.728797 0.0135498 0.0374456 9.9964E-05 0.219807
0.714097 9.9964E-05 9.9964E-05 0.0801491 9.9964E-05 9.9964E-05 0.195879 0.00947586
0.507704 0.0499648 9.9964E-05 0.0788039 9.9964E-05 9.9964E-05 0.363128 9.9964E-05
0.63043 0.0423759 9.9982E-05 0.0112514 0.209703 0.0146666 0.0913735 9.9982E-05
0.223555 0.0371721 0.149992 0.0605457 0.0806539 0.0257601 0.415355 0.00696629
0.179682 0.175896 9.9973E-05 9.9973E-05 0.0976085 9.9973E-05 0.490526 0.0559879
0.286414 0.0996389 0.265111 9.9982E-05 0.0367929 0.0216251 0.290219 9.9982E-05
0.302292 0.23113 0.197154 9.9982E-05 0.0547271 0.00817615 0.20632 9.9982E-05
0.203356 0.0444203 9.9982E-05 9.9982E-05 0.0134662 0.0236374 0.678528 0.0363913
0.219805 0.15684 9.9973E-05 9.9973E-05 0.0867472 9.9973E-05 0.531493 0.00481538
0.159238 0.0757623 0.284152 9.9973E-05 0.0818795 9.9973E-05 0.398668 9.9973E-05
0.361964 0.155221 0.272562 0.149467 9.9973E-05 9.9973E-05 0.0604847 9.9973E-05
0.195028 0.0966725 0.294386 9.9991E-05 0.0806821 0.0374725 0.290147 0.00551197
0.341365 0.114456 0.296006 9.9982E-05 9.9982E-05 0.030228 0.171846 0.0459002
0.359752 0.118778 0.0977247 9.9991E-05 0.119682 0.00401934 0.227096 0.0728476
0.278057 9.9982E-05 0.309426 9.9982E-05 0.0915684 0.00960473 0.21134 0.099803
0.466283 0.0591449 0.16538 9.9973E-05 0.028899 9.9973E-05 0.279993 9.9973E-05
0.104319 0.0484205 0.266211 0.188248 0.24318 0.0254338 9.9991E-05 0.124088
9.9973E-05 9.9973E-05 0.56031 0.374815 0.0256141 0.00166432 9.9973E-05 0.0372958
9.9955E-05 9.9955E-05 0.604907 0.317949 0.0766442 9.9955E-05 9.9955E-05 9.9955E-05
9.9973E-05 9.9973E-05 0.318295 0.103485 0.279582 9.9973E-05 0.0222174 0.27612
0.46976 9.9982E-05 0.240663 0.0309226 0.0909263 0.0158635 0.151664 9.9982E-05
0.458161 0.0148417 0.334369 9.9973E-05 0.030891 9.9973E-05 0.161438 9.9973E-05
0.389034 9.9964E-05 0.324528 9.9964E-05 0.0128783 9.9964E-05 0.27316 9.9964E-05
0.0534268 9.9964E-05 9.9964E-05 0.0403339 0.884908 9.9964E-05 9.9964E-05 0.0209312
0.029637 0.00595865 9.9964E-05 9.9964E-05 0.885523 9.9964E-05 9.9964E-05 0.0784819
9.9946E-05 0.000261994 9.9946E-05 9.9946E-05 0.999138 9.9946E-05 9.9946E-05 9.9946E-05
9.9964E-05 0.0365807 0.00235943 9.9964E-05 0.918393 9.9964E-05 9.9964E-05 0.042267
9.9946E-05 9.9946E-05 9.9946E-05 9.9946E-05 0.979736 9.9946E-05 0.0196642 9.9946E-05
9.994E-05 9.994E-05 9.994E-05 9.994E-05 0.9993 9.994E-05 9.994E-05 9.994E-05
9.9946E-05 9.9946E-05 9.9946E-05 9.9946E-05 0.991699 0.00770171 9.9946E-05 9.9946E-05
0.00444568 9.9955E-05 9.9955E-05 9.9955E-05 0.98913 0.00592454 9.9955E-05 9.9955E-05
9.9982E-05 0.00707775 0.0112053 0.000503206 0.95629 0.00922903 9.9982E-05 0.0154945
9.9964E-05 0.0423243 0.0214446 0.105759 0.830072 9.9964E-05 9.9964E-05 9.9964E-05
9.9955E-05 9.9955E-05 9.9955E-05 0.00975067 0.926871 0.0628782 9.9955E-05 9.9955E-05
0.00600089 9.9973E-05 9.9973E-05 9.9973E-05 0.847927 0.00950415 0.0488002 0.0874678
0.121425 9.9964E-05 0.595309 0.22798 9.9964E-05 9.9964E-05 0.0548859 9.9964E-05
0.155534 0.0802597 0.452709 0.0459082 0.120701 0.0478552 0.0096343 0.0873988
0.123842 9.9982E-05 0.294689 0.221665 0.0984538 0.00682717 0.254323 9.9982E-05
9.9964E-05 0.0691738 0.0470282 0.273833 9.9964E-05 9.9964E-05 9.9964E-05 0.609565
9.9964E-05 9.9964E-05 9.9964E-05 0.110833 0.0640893 0.0538462 9.9964E-05 0.770832
9.9973E-05 0.0127196 0.00637263 0.0319864 9.9973E-05 0.0358841 9.9973E-05 0.912737
9.9955E-05 0.00263287 9.9955E-05 0.10965 9.9955E-05 9.9955E-05 9.9955E-05 0.887217
9.9973E-05 9.9973E-05 0.0333938 0.00696946 0.0219395 0.086116 9.9973E-05 0.851281
9.9982E-05 9.9982E-05 0.0113814 0.655768 0.0418887 0.0341963 0.0072491 0.249316
9.9973E-05 0.017865 9.9973E-05 0.856173 0.0534678 0.0120857 9.9973E-05 0.0601084
9.9964E-05 9.9964E-05 0.0917929 0.618234 9.9964E-05 0.0320792 9.9964E-05 0.257494
0.0291453 9.9964E-05 9.9964E-05 0.498387 0.000763765 9.9964E-05 9.9964E-05 0.471305
9.9964E-05 9.9964E-05 0.103493 0.545502 0.0309381 9.9964E-05 9.9964E-05 0.319667
0.0194041 0.173025 9.9982E-05 0.558451 9.9982E-05 0.00926578 0.127381 0.112274
9.9973E-05 0.242969 9.9973E-05 0.497174 9.9973E-05 0.0129515 0.163882 0.0827238
0.0973255 0.153915 0.0562992 0.543921 9.9982E-05 9.9982E-05 0.119513 0.0288265
0.0232403 0.169409 9.9973E-05 0.445046 9.9973E-05 9.9973E-05 0.295451 0.0665542
0.169977 0.313007 9.9982E-05 9.9982E-05 0.024908 0.00798912 0.481565 0.00235387
0.696217 0.0360472 9.9973E-05 0.0412672 0.216631 9.9973E-05 9.9973E-05 0.00953799
0.927551 0.0504239 9.9964E-05 0.0188564 9.9964E-05 0.00276933 9.9964E-05 9.9964E-05
0.75535 0.00839411 0.0642276 9.9991E-05 0.0946176 0.00579829 0.034104 0.0374086
0.574236 0.136415 9.9982E-05 0.088898 0.0109704 9.9982E-05 0.182687 0.00659384
9.9964E-05 0.836728 0.0993017 0.0578783 9.9964E-05 9.9964E-05 9.9964E-05 0.005692
9.9955E-05 0.906446 9.9955E-05 0.0608945 0.0321597 9.9955E-05 9.9955E-05 9.9955E-05
9.994E-05 0.9993 9.994E-05 9.994E-05 9.994E-05 9.994E-05 9.994E-05 9.994E-05
9.9955E-05 0.926773 9.9955E-05 0.0294902 9.9955E-05 9.9955E-05 9.9955E-05 0.0432367
0.00322983 0.883153 9.9973E-05 0.0495399 0.0333381 0.0304389 9.9973E-05 9.9973E-05
9.9946E-05 0.929021 9.9946E-05 9.9946E-05 0.0703792 9.9946E-05 9.9946E-05 9.9946E-05
0.0273772 9.9964E-05 9.9964E-05 9.9964E-05 0.00219681 0.0456435 9.9964E-05 0.924383
9.994E-05 9.994E-05 9.994E-05 9.994E-05 9.994E-05 9.994E-05 9.994E-05 0.9993
9.9964E-05 9.9964E-05 9.9964E-05 0.0338544 0.103009 9.9964E-05 0.00811247 0.854624
9.9964E-05 9.9964E-05 9.9964E-05 9.9964E-05 0.0420857 0.0271972 0.0779427 0.852375
9.9955E-05 9.9955E-05 9.9955E-05 9.9955E-05 0.0581509 9.9955E-05 0.0262566 0.915093
0.00951822 0.465702 9.9973E-05 0.384703 9.9973E-05 0.0137666 0.126011 9.9973E-05
0.0403875 0.438372 9.9964E-05 0.312286 9.9964E-05 9.9964E-05 9.9964E-05 0.208555
0.0552933 0.476911 9.9982E-05 0.402514 0.0163002 0.0256122 9.9982E-05 0.0231691
9.994E-05 9.994E-05 9.994E-05 9.994E-05 9.994E-05 0.9993 9.994E-05 9.994E-05
0.0219723 0.566695 0.0105614 0.218602 0.00346043 0.0269988 9.9991E-05 0.15161
0.0431019 0.0308015 0.232924 0.148587 0.427209 0.0285582 0.0887185 9.9991E-05
9.9955E-05 9.9955E-05 0.411548 0.337094 0.250858 9.9955E-05 9.9955E-05 9.9955E-05
0.393423 0.129631 0.0767371 9.9982E-05 0.143982 0.0148537 0.241173 9.9982E-05
9.9982E-05 0.124836 9.9982E-05 0.0101709 0.0126699 0.0412023 0.759495 0.0514254
0.384694 0.0226059 0.0786197 0.0110378 0.135454 0.0418804 0.325609 9.9991E-05
0.452613 0.143092 0.241627 9.9964E-05 9.9964E-05 9.9964E-05 0.162269 9.9964E-05
0.0984772 0.0175938 0.0420521 0.0335918 9.9991E-05 0.0556993 0.713804 0.0386819
0.247034 9.9955E-05 0.220608 9.9955E-05 9.9955E-05 9.9955E-05 0.531857 9.9955E-05
0.283447 0.0986682 0.109506 9.9973E-05 0.129859 9.9973E-05 0.37822 9.9973E-05
0.389399 0.169568 9.9973E-05 9.9973E-05 0.108849 9.9973E-05 0.245415 0.0864701
0.00251026 9.9955E-05 9.9955E-05 0.88173 0.11526 9.9955E-05 9.9955E-05 9.9955E-05
0.0524494 9.9964E-05 9.9964E-05 0.910858 0.0211134 0.0151795 9.9964E-05 9.9964E-05
0.0787046 0.00364756 0.0315247 0.64365 0.0480052 9.9982E-05 9.9982E-05 0.194268
0.114646 0.0112207 9.9973E-05 0.858321 0.0144482 0.00106364 9.9973E-05 9.9973E-05
9.9973E-05 0.0270542 9.9973E-05 0.731844 0.0379815 0.020384 9.9973E-05 0.182437
9.9964E-05 0.124987 9.9964E-05 0.0300588 0.0121765 9.9964E-05 0.832377 9.9964E-05
0.149174 0.171143 0.270877 9.9982E-05 0.0460907 0.00562269 0.356893 9.9982E-05
9.9973E-05 0.208773 0.0629548 0.0593072 9.9973E-05 0.00216656 0.666499 9.9973E-05
0.159265 0.246942 9.9973E-05 9.9973E-05 0.0427989 9.9973E-05 0.408737 0.141958
0.0837181 0.156178 0.0283408 0.0494185 9.9991E-05 0.0011012 0.612492 0.0686506
0.111206 0.191491 0.0316706 0.0306225 9.9991E-05 0.0411748 0.593624 0.000111316
0.236983 0.124897 0.0871217 0.0110786 0.106795 9.9991E-05 0.366746 0.0662795
0.442875 0.0881077 0.260168 9.9982E-05 0.0365264 9.9982E-05 0.134743 0.0373802
0.425132 0.195899 0.32888 9.9964E-05 9.9964E-05 9.9964E-05 0.0496891 9.9964E-05
0.415124 0.0399511 0.407278 9.9964E-05 9.9964E-05 9.9964E-05 0.137248 9.9964E-05
0.504879 0.132452 0.336102 9.9982E-05 0.00382931 9.9982E-05 0.00723831 0.0152993
0.00215615 0.207204 0.0619898 9.9973E-05 9.9973E-05 9.9973E-05 0.67579 0.0525605
0.246086 0.170078 0.169208 9.9973E-05 0.0558053 9.9973E-05 0.358523 9.9973E-05
0.115626 0.200006 0.0445618 9.9982E-05 0.0456889 0.00367313 0.590244 9.9982E-05
0.130652 0.243863 9.9973E-05 9.9973E-05 0.147062 0.000756626 0.477366 9.9973E-05
0.219503 9.9973E-05 0.469073 9.9973E-05 0.0176051 9.9973E-05 0.154311 0.139207
0.00964024 9.9982E-05 0.440196 0.373583 0.101031 0.0451764 9.9982E-05 0.0301735
0.783826 0.0696116 0.0585322 9.9973E-05 0.00404842 9.9973E-05 0.0836817 9.9973E-05
0.741127 0.117981 0.105306 0.0023956 9.9973E-05 9.9973E-05 9.9973E-05 0.0328908
0.224781 9.99742E-05 0.200731 0.0570949 0.440435 9.99742E-05 9.99742E-05 0.0766582
0.0950614 9.9991E-05 0.145082 0.121904 0.34725 0.0525125 0.220743 0.0173472
0.472435 9.9982E-05 0.364095 0.0438036 0.0639583 0.010568 0.0449399 9.9982E-05
0.49274 9.9991E-05 0.242461 0.035918 0.0718475 0.0742225 0.00360691 0.0791038
0.397575 9.9982E-05 0.0555385 0.0626864 0.283214 0.020423 0.180363 9.9982E-05
0.560184 0.0386339 0.159102 0.0239736 0.130265 0.0876419 9.9982E-05 9.9982E-05
0.667617 0.149498 0.139516 9.9964E-05 0.0429685 9.9964E-05 9.9964E-05 9.9964E-05
0.590485 0.0286293 0.0432873 0.0716413 0.0860855 9.9982E-05 0.179672 9.9982E-05
0.361638 0.0761459 0.230355 0.215202 0.0987607 0.0176977 9.9982E-05 9.9982E-05
0.166321 9.9973E-05 0.417597 0.308546 0.1012 9.9973E-05 9.9973E-05 0.00603601
0.782988 9.9946E-05 0.216413 9.9946E-05 9.9946E-05 9.9946E-05 9.9946E-05 9.9946E-05
0.766783 9.9973E-05 0.14346 9.9973E-05 9.9973E-05 0.0369052 0.0324132 0.020138
0.537332 9.9964E-05 9.9964E-05 9.9964E-05 0.153306 0.0560225 0.25294 9.9964E-05
0.685017 9.9982E-05 0.102656 9.9982E-05 0.0814072 0.0184181 0.0708374 0.0414634
0.0371344 0.073117 9.9991E-05 0.613631 0.0508108 0.0620363 0.0133818 0.149788
0.0328265 0.0637602 0.0264682 0.55605 0.0865287 9.9982E-05 9.9982E-05 0.234167
9.9973E-05 0.0133398 9.9973E-05 0.551404 0.0704645 0.038194 9.9973E-05 0.326298
9.9964E-05 9.9964E-05 0.033352 0.506331 9.9964E-05 0.103672 9.9964E-05 0.356245
0.545738 0.0927113 9.9982E-05 9.9982E-05 0.101639 0.00350062 0.192732 0.0634793
0.936238 9.9964E-05 9.9964E-05 0.00396284 0.0279321 0.0314677 9.9964E-05 9.9964E-05
0.701557 9.9964E-05 9.9964E-05 9.9964E-05 0.0621167 9.9964E-05 0.142906 0.0930207
0.95179 9.9946E-05 0.0476102 9.9946E-05 9.9946E-05 9.9946E-05 9.9946E-05 9.9946E-05
0.619739 9.9955E-05 0.260219 9.9955E-05 9.9955E-05 9.9955E-05 0.119543 9.9955E-05
0.812245 9.9955E-05 0.151113 9.9955E-05 9.9955E-05 9.9955E-05 9.9955E-05 0.036142
0.571684 9.9973E-05 9.9973E-05 0.04828 0.0408605 0.0420362 0.29684 9.9973E-05
0.724579 0.0584244 9.9982E-05 9.9982E-05 0.101865 0.0227136 0.042657 0.0495604
0.0239118 0.196173 0.0402877 0.553492 9.9991E-05 0.0479065 0.0350764 0.103053
0.0533377 0.0533137 0.000946936 0.510833 9.9991E-05 0.0717263 0.0924603 0.217282
9.9973E-05 0.11104 0.0230794 0.422608 9.9973E-05 0.146637 9.9973E-05 0.296336
9.9973E-05 0.117476 0.0383964 0.499727 9.9973E-05 0.088458 9.9973E-05 0.255642
0.0270658 0.147514 9.9982E-05 0.225195 9.9982E-05 0.0612008 0.0488685 0.489955
0.585952 0.0198398 9.9973E-05 9.9973E-05 0.00353879 9.9973E-05 0.262802 0.127567
0.630759 9.9955E-05 9.9955E-05 0.177651 9.9955E-05 9.9955E-05 0.19109 9.9955E-05
0.928312 9.9955E-05 9.9955E-05 9.9955E-05 0.0588826 0.0123056 9.9955E-05 9.9955E-05
0.487156 0.0997076 9.9982E-05 0.0297339 0.110344 9.9982E-05 0.244755 0.0281032
0.594742 9.9973E-05 9.9973E-05 0.0400536 0.0804396 0.0543945 0.23007 9.9973E-05
0.0517182 9.9982E-05 0.0667956 0.277097 0.567207 0.0204201 9.9982E-05 0.0165616
0.240615 0.111622 0.212427 0.116226 0.00830027 9.9991E-05 0.255654 0.0550545
0.292294 0.0801414 0.494644 9.9982E-05 0.0282336 0.0072172 9.9982E-05 0.0972695
0.000715053 9.9982E-05 0.729376 0.0805057 0.100992 9.9982E-05 0.0529375 0.0352739
9.99549E-05 9.99549E-05 0.94867 9.99549E-05 9.99549E-05 0.0350596 9.99549E-05 0.0157708
9.9982E-05 9.9982E-05 0.592463 0.12259 0.0964447 0.0721245 0.0842692 0.0319087
9.9964E-05 9.9964E-05 0.577761 0.295203 0.120027 0.00660833 9.9964E-05 9.9964E-05
0.0974311 0.0762358 0.367148 0.120194 0.181846 9.9991E-05 0.0233479 0.133697
9.9973E-05 9.9973E-05 0.762657 9.9973E-05 0.0272771 0.0411573 0.0575746 0.111034
0.0852193 9.9982E-05 0.588756 9.9982E-05 0.0694272 0.0209913 0.178783 0.0566232
9.9964E-05 9.9964E-05 0.83174 0.0474365 9.9964E-05 0.00892198 9.9964E-05 0.111502
0.0747038 9.9982E-05 0.255554 0.285867 0.230829 9.9982E-05 0.0819204 0.0709267
0.0632479 9.9991E-05 0.16648 0.211246 0.332775 0.0181678 0.164592 0.043392
9.99549E-05 0.12615 9.99549E-05 0.856728 9.99549E-05 0.0166222 9.99549E-05 9.99549E-05
0.00400225 0.869489 9.9964E-05 0.0204119 9.9964E-05 9.9964E-05 0.105697 9.9964E-05
9.9955E-05 0.820966 9.9955E-05 9.9955E-05 9.9955E-05 0.0476155 0.130918 9.9955E-05
0.00350912 0.816384 0.027999 9.9982E-05 0.00828247 9.9982E-05 0.107512 0.0361139
9.9973E-05 0.764989 0.0415093 9.9973E-05 0.0696218 0.00289756 0.120682 9.9973E-05
0.0212261 0.875948 9.9973E-05 9.9973E-05 0.0107255 0.0292706 0.06253 9.9973E-05
9.9964E-05 0.839203 9.9964E-05 9.9964E-05 9.9964E-05 0.0447692 0.112427 0.00320147
9.9955E-05 0.76184 9.9955E-05 9.9955E-05 9.9955E-05 0.0190939 9.9955E-05 0.218567
0.0273359 9.9973E-05 0.0760286 0.389122 9.9973E-05 0.0169556 9.9973E-05 0.490258
9.9982E-05 0.0866846 9.9982E-05 0.428288 0.0308938 0.0666096 0.0239415 0.363383
9.9964E-05 9.9964E-05 9.9964E-05 0.507477 0.0402669 0.0562027 9.9964E-05 0.395653
9.9982E-05 0.0115327 0.0367538 0.455282 9.9982E-05 0.0499453 0.116858 0.329428
9.9973E-05 9.9973E-05 0.0313816 0.561649 0.0143452 9.9973E-05 0.0140335 0.378291
9.9973E-05 0.063111 0.022615 0.441367 9.9973E-05 0.00254002 9.9973E-05 0.470067
0.00835018 9.9982E-05 0.0110047 0.522188 0.0449894 0.0332856 9.9982E-05 0.379982
0.0253167 9.9973E-05 9.9973E-05 0.866932 0.0534276 0.00409028 9.9973E-05 0.0499339
9.9964E-05 0.0192664 9.9964E-05 0.872068 9.9964E-05 0.0186885 9.9964E-05 0.0895771
9.9973E-05 9.9973E-05 0.00460742 0.885909 0.0481191 0.0254992 0.0355654 9.9973E-05
9.9964E-05 0.00297076 9.9964E-05 0.73963 9.9964E-05 0.0163153 9.9964E-05 0.240684
9.9973E-05 9.9973E-05 0.0113776 0.884332 0.00579809 0.0557066 9.9973E-05 0.0424855
9.9973E-05 0.0115585 9.9973E-05 0.746357 0.0819306 0.0702728 9.9973E-05 0.0895812
9.9964E-05 9.9964E-05 9.9964E-05 0.648521 0.131414 0.0528646 9.9964E-05 0.166801
9.9955E-05 9.9955E-05 9.9955E-05 0.572214 0.190227 9.9955E-05 9.9955E-05 0.237059
9.9973E-05 9.9973E-05 9.9973E-05 0.610089 0.123278 0.0340009 0.032077 0.200255
9.9964E-05 9.9964E-05 9.9964E-05 0.718935 0.124825 0.036829 9.9964E-05 0.119011
0.351225 0.0611386 0.145014 0.128256 0.142266 0.0108465 0.161154 9.9991E-05
0.379508 0.0772236 0.511653 9.9964E-05 0.0312152 9.9964E-05 9.9964E-05 9.9964E-05
0.295437 0.0453249 0.559536 0.0930733 9.9973E-05 0.00632848 9.9973E-05 9.9973E-05
0.33202 0.252489 0.0839229 9.9973E-05 0.087598 9.9973E-05 0.24367 9.9973E-05
0.35523 0.141926 0.502344 9.9955E-05 9.9955E-05 9.9955E-05 9.9955E-05 9.9955E-05
0.275773 0.18203 0.541697 9.9955E-05 9.9955E-05 9.9955E-05 9.9955E-05 9.9955E-05
0.297908 0.0267194 0.118062 0.122899 0.218141 9.9982E-05 0.21607 9.9982E-05
0.0442408 0.0459015 0.0268934 0.162465 0.117655 9.9991E-05 0.227798 0.374947
9.9982E-05 9.9982E-05 0.538083 0.233616 0.168688 0.0022238 0.0112456 0.0459431
0.100138 0.0493481 0.116092 0.198778 0.213002 0.026953 0.145417 0.150271
0.00447979 9.9991E-05 0.0343477 0.371113 0.278342 0.0619287 0.176975 0.0727137
