9.9982E-05 0.0896858 0.86468 9.9982E-05 0.00778234 0.0376516
0.0322458 9.9973E-05 0.932761 0.034693 9.9973E-05 9.9973E-05
9.9991E-05 0.00330804 0.809394 0.0393827 0.0243685 0.123447
9.9982E-05 0.10939 0.782399 9.9982E-05 0.103264 0.00474632
9.9982E-05 0.0164005 0.921789 9.9982E-05 0.003074 0.0585363
0.0904945 0.0544393 0.611642 0.0797162 0.0816653 0.0820426
9.9982E-05 0.0360824 0.771445 0.163235 9.9982E-05 0.0290381
9.9982E-05 0.126011 0.675861 0.149426 0.0485022 9.9982E-05
0.0408348 0.143639 0.815226 9.99729E-05 9.99729E-05 9.99729E-05
9.999E-05 0.0537993 0.642588 0.11846 0.135462 0.0495913
9.9982E-05 0.104617 0.69938 0.153884 9.9982E-05 0.041919
0.179714 0.416724 0.0270313 9.9991E-05 0.00698892 0.369442
9.9991E-05 0.294037 0.0715232 0.00164383 0.0253029 0.607393
0.0349469 0.454362 9.9991E-05 0.118695 0.0975764 0.294319
0.103311 0.301558 0.0818269 9.9991E-05 0.166143 0.347061
0.184358 0.14532 0.136159 0.0297454 0.100365 0.404053
0.14674 0.239621 0.0672742 9.9991E-05 0.109766 0.436499
0.110538 0.272482 0.0962152 0.0362868 0.110637 0.373841
0.127375 0.638555 0.035289 0.0610443 0.0900908 0.0476468
9.999E-05 0.253942 0.0776568 0.08917 0.0113173 0.567814
0.110528 0.119742 0.0189214 0.135407 0.0497253 0.565676
0.103715 0.143684 0.0991643 9.9991E-05 0.0150212 0.638315
0.0977763 0.340903 0.0124489 0.0511344 0.0913825 0.406355
0.00387594 0.240332 0.0237513 0.0327503 0.106915 0.592375
0.126327 0.397576 0.0343639 0.0449119 0.0983468 0.298475
0.0635212 0.433561 0.0431598 9.9991E-05 0.183548 0.27611
0.0417215 0.472005 0.0359071 0.0857273 0.00777396 0.356865
9.9973E-05 9.9973E-05 0.831521 9.9973E-05 0.0317559 0.136423
9.9973E-05 9.9973E-05 0.799545 9.9973E-05 0.0184208 0.181734
9.9964E-05 9.9964E-05 0.792232 9.9964E-05 9.9964E-05 0.207368
0.0870265 9.9982E-05 0.730732 9.9982E-05 0.0508339 0.131208
0.195907 0.0605393 0.0631168 0.0227085 9.9991E-05 0.657629
0.44027 9.9982E-05 0.00809898 9.9982E-05 0.0696746 0.481757
0.0776748 0.564489 0.0790886 0.0246443 9.9991E-05 0.254003
0.553977 9.9991E-05 0.0623621 0.0773349 0.0719668 0.234259
0.189109 9.9982E-05 0.0688202 9.9982E-05 0.068118 0.673752
0.0830236 0.0143462 0.0823923 0.178537 0.0617147 0.579986
0.0679795 0.144644 0.125798 0.019706 0.0251925 0.61668
0.519455 0.1764 0.0573176 9.9982E-05 9.9982E-05 0.246627
0.0446872 0.0478163 0.0390642 0.184236 0.0100125 0.674184
0.602138 9.9982E-05 9.9982E-05 0.050501 0.0168465 0.330314
0.647226 0.00914444 0.034215 0.309214 9.9982E-05 9.9982E-05
0.20277 0.453405 9.9982E-05 0.13267 9.9982E-05 0.210955
0.31352 0.198209 9.9991E-05 0.348822 0.0254616 0.113887
0.414487 0.273183 0.131822 0.0031129 0.00195972 0.175435
0.125138 0.225197 0.0124826 0.00298433 0.00187295 0.632325
0.188344 0.137069 0.125869 0.0997304 0.0296676 0.419321
0.112861 0.381367 0.215955 0.100682 0.073178 0.115958
9.9991E-05 0.238809 0.0441026 0.148071 0.0285154 0.540402
0.135463 0.548023 0.0644826 0.130732 9.9991E-05 0.121199
0.0457195 0.246601 9.9991E-05 0.0553707 0.0075026 0.644706
0.0739377 0.0191184 0.0187497 0.156459 0.105011 0.626725
0.192724 0.278955 0.0794356 0.0693957 0.0551374 0.324352
0.125379 0.13248 0.0458347 0.0794641 0.0775468 0.539296
0.143996 0.331225 0.00786017 0.201667 9.9991E-05 0.315151
0.319086 0.0817421 9.9973E-05 9.9973E-05 9.9973E-05 0.598872
0.561937 0.144022 0.0256937 9.9982E-05 9.9982E-05 0.268148
0.904503 9.9973E-05 0.0282146 0.0669828 9.9973E-05 9.9973E-05
0.920947 0.0313697 0.0118821 0.035601 9.9982E-05 9.9982E-05
0.730406 9.9964E-05 9.9964E-05 9.9964E-05 9.9964E-05 0.269195
0.516265 9.9982E-05 0.0464833 9.9982E-05 0.00403478 0.433017
0.433783 9.9991E-05 0.0166685 0.0638984 0.0569519 0.428598
0.636855 0.182193 0.0753727 9.9991E-05 0.0515123 0.0539675
0.521752 0.185772 0.0256728 9.9991E-05 0.024214 0.242489
0.5652 0.0307789 0.0312717 0.00436707 0.0246573 0.343725
0.359334 0.0759998 0.0452597 0.00989231 0.0446625 0.464852
0.57177 9.9973E-05 0.0629114 9.9973E-05 9.9973E-05 0.365019
0.758059 9.9973E-05 0.0305993 0.211042 9.9973E-05 9.9973E-05
9.9982E-05 0.0250526 0.840256 9.9982E-05 0.000596404 0.133896
9.9964E-05 9.9964E-05 0.922638 9.9964E-05 9.9964E-05 0.0769616
9.9973E-05 9.9973E-05 0.890919 9.9973E-05 0.0205323 0.0882485
9.9964E-05 9.9964E-05 0.923891 9.9964E-05 9.9964E-05 0.0757094
0.016962 9.9982E-05 0.865803 9.9982E-05 0.0405445 0.0764905
0.00746836 9.9982E-05 0.869883 9.9982E-05 0.090049 0.0323996
0.0154572 9.9991E-05 0.914612 0.00268563 0.027809 0.0393358
0.73884 0.10459 0.0526674 9.9982E-05 9.9982E-05 0.103703
0.470603 0.0265329 0.0765326 9.9991E-05 0.0294002 0.396832
0.287482 9.9982E-05 0.0888315 9.9982E-05 0.0540871 0.569399
0.14884 0.08387 0.0609053 0.022429 9.9991E-05 0.683855
0.462826 9.9982E-05 0.00373614 9.9982E-05 0.0948559 0.438382
0.708174 0.229632 0.061894 9.9973E-05 9.9973E-05 9.9973E-05
0.566524 9.9982E-05 9.9982E-05 0.122441 0.0446825 0.266152
0.442757 9.9973E-05 9.9973E-05 0.0312129 9.9973E-05 0.52573
0.264264 0.133674 0.0299416 9.9991E-05 0.0158961 0.556125
0.605843 9.9973E-05 9.9973E-05 9.9973E-05 0.110962 0.282896
0.454693 0.0527099 0.0907082 9.9982E-05 9.9982E-05 0.401689
0.100221 0.321248 0.0459198 0.24556 0.0444145 0.242637
0.0441322 0.312609 0.106422 0.0293885 0.086938 0.42051
9.9982E-05 0.314468 0.0583687 0.028173 9.9982E-05 0.59879
0.0208845 0.214475 9.9991E-05 0.0568119 0.0592554 0.648473
0.0540653 0.352832 0.0240413 0.030564 9.9991E-05 0.538397
0.0915282 0.210625 0.0155973 0.101881 9.9991E-05 0.580269
0.0142778 0.346575 0.0416345 0.0217648 9.9991E-05 0.575648
0.119011 0.239236 9.9982E-05 9.9982E-05 0.129037 0.512515
0.0495346 0.231119 9.9991E-05 0.097323 0.111067 0.510856
0.0940078 0.151984 0.138681 0.221697 0.0118947 0.381736
0.0917467 0.180226 0.0430225 0.00980501 0.0929052 0.582294
9.9991E-05 0.122124 0.00155245 0.0952204 0.0543566 0.726646
0.20908 0.357769 0.00769173 0.0628661 0.0858709 0.276723
0.0867051 0.284992 9.9991E-05 0.357818 0.0233847 0.247001
0.265053 0.328667 9.9991E-05 0.267622 0.0522653 0.0862923
0.156681 0.476586 9.9991E-05 0.0458169 0.0474382 0.273377
0.11712 0.347079 0.0456668 0.00819006 9.9991E-05 0.481845
0.128041 0.381121 0.01958 0.00545924 9.9991E-05 0.465699
0.0919997 0.472441 0.0097747 9.9991E-05 0.0153626 0.410322
0.148157 0.101875 0.0989284 0.0691078 0.0158143 0.566117
0.121709 0.330693 9.9991E-05 0.294203 0.0331607 0.220135
0.0602841 0.102719 0.0564391 0.159486 0.0457261 0.575346
0.0700019 0.252404 0.110226 0.489156 9.9991E-05 0.0781119
0.138903 0.0959214 0.0414455 0.285994 0.0779353 0.359801
0.175474 9.9991E-05 0.115543 0.171198 0.160093 0.377593
0.121624 0.0884476 0.0825617 0.412759 9.9991E-05 0.294508
0.15356 0.15392 0.0668553 0.429044 9.9991E-05 0.196521
0.0990712 0.057713 0.00738113 0.303229 9.9991E-05 0.532506
0.275026 0.0651143 0.0755819 0.362629 0.143172 0.078477
0.193374 0.131397 9.9982E-05 0.247706 9.9982E-05 0.427323
0.177003 0.136729 9.9982E-05 0.15677 9.9982E-05 0.529297
0.0169225 0.0155405 0.33731 0.225385 0.22547 0.179372
9.9973E-05 9.9973E-05 0.462418 0.418562 0.118719 9.9973E-05
9.9973E-05 9.9973E-05 0.340526 0.519331 0.139843 9.9973E-05
9.9982E-05 9.9982E-05 0.346447 0.231867 0.277167 0.144319
0.086298 9.9982E-05 9.9982E-05 0.208316 0.00957417 0.695612
0.0101382 0.0460909 9.9982E-05 9.9982E-05 0.653314 0.290257
0.207632 9.9973E-05 9.9973E-05 0.383279 9.9973E-05 0.408789
0.176139 0.00683326 9.9982E-05 0.559668 9.9982E-05 0.25716
0.141286 9.9982E-05 9.9982E-05 0.223177 0.00471151 0.630625
0.162492 0.0529771 0.0365849 0.216074 0.000198876 0.531673
0.0405907 9.9991E-05 0.0246479 0.304235 0.0291186 0.601308
0.186615 0.0902277 9.9991E-05 0.504666 0.00283981 0.215551
0.0343418 9.9973E-05 9.9973E-05 0.0227221 0.942636 9.9973E-05
9.9964E-05 9.9964E-05 9.9964E-05 9.9964E-05 0.851412 0.148188
9.9973E-05 0.0803831 9.9973E-05 9.9973E-05 0.716343 0.202974
0.0538151 0.00411287 0.0567511 9.9991E-05 0.753952 0.131269
9.996E-05 9.996E-05 9.996E-05 9.996E-05 0.9995 9.996E-05
9.9973E-05 0.0753829 9.9973E-05 0.00242176 0.921895 9.9973E-05
9.9964E-05 9.9964E-05 9.9964E-05 9.9964E-05 0.79736 0.20224
9.9973E-05 0.0339041 9.9973E-05 9.9973E-05 0.912411 0.0533847
9.996E-05 9.996E-05 9.996E-05 9.996E-05 0.9995 9.996E-05
9.996E-05 9.996E-05 9.996E-05 9.996E-05 0.9995 9.996E-05
9.9982E-05 0.00446994 0.0736655 9.9982E-05 0.750937 0.170728
0.00576005 0.000845332 0.10908 9.9991E-05 0.744305 0.13991
0.0185854 0.0105666 9.9973E-05 9.9973E-05 0.970548 9.9973E-05
9.9982E-05 0.0675577 0.0221269 9.9982E-05 0.691026 0.21909
9.9973E-05 9.9973E-05 9.9973E-05 0.00792132 0.830764 0.161014
0.028272 9.9973E-05 9.9973E-05 9.9973E-05 0.943859 0.0275688
9.9973E-05 9.9973E-05 0.0547456 9.9973E-05 0.818496 0.126458
9.996E-05 9.996E-05 9.996E-05 9.996E-05 0.9995 9.996E-05
0.105246 0.0582336 0.108212 9.9991E-05 0.52585 0.202359
0.0181603 0.0060009 0.0702701 9.9991E-05 0.84566 0.0598083
0.046433 9.9982E-05 0.267114 0.637321 0.0489324 9.9982E-05
0.0429354 0.0992481 0.196848 0.163489 0.0745937 0.422886
0.0768154 0.078569 0.207405 0.164189 0.11941 0.353612
0.00505635 9.9991E-05 0.230297 0.418279 0.119837 0.22643
0.0651119 9.9991E-05 0.245962 0.393999 0.0745203 0.220307
0.0334235 9.9991E-05 0.0960836 0.319288 0.216856 0.334249
9.9991E-05 0.00853795 0.124433 0.279472 0.128483 0.458974
9.9982E-05 9.9982E-05 0.131159 0.321622 0.172061 0.374958
9.9982E-05 0.0217849 0.792589 0.138083 9.9982E-05 0.047343
9.9982E-05 9.9982E-05 0.930732 0.00270141 0.0453238 0.0210425
0.0259581 0.017464 0.921326 0.0350523 9.9982E-05 9.9982E-05
9.9973E-05 0.0617361 0.925505 9.9973E-05 0.0124591 9.9973E-05
9.9982E-05 0.0410859 0.868352 0.0259237 9.9982E-05 0.0644385
9.9973E-05 9.9973E-05 0.868469 0.0119522 0.119279 9.9973E-05
9.9973E-05 0.0369642 0.868732 9.9973E-05 0.0940039 9.9973E-05
9.9991E-05 0.0103496 0.849108 0.10598 0.00522248 0.0292395
0.0708419 0.0134334 0.90968 9.9982E-05 9.9982E-05 0.00584503
9.9982E-05 0.00848312 0.808962 0.08516 0.0971953 9.9982E-05
0.102112 0.269209 0.614781 9.9982E-05 0.0136981 9.9982E-05
0.0574994 0.34838 0.593821 9.9973E-05 9.9973E-05 9.9973E-05
0.0463135 0.248334 0.485946 0.219206 9.9982E-05 9.9982E-05
0.147039 0.329408 0.500511 0.0228416 9.9982E-05 9.9982E-05
0.391069 0.0299618 0.00578597 9.9991E-05 0.113503 0.45958
0.114487 0.139026 0.0928546 9.9991E-05 0.0232254 0.630307
0.158564 0.288809 0.0398035 0.0498835 9.9991E-05 0.462841
0.138481 0.560755 0.0271448 0.0265865 0.00901968 0.238014
0.24146 0.00311076 0.0218917 0.0186902 0.0553474 0.6595
0.289768 0.07289 9.9982E-05 9.9982E-05 0.0355159 0.601627
0.246221 0.0652097 9.9982E-05 0.0735618 9.9982E-05 0.614808
0.647024 9.9973E-05 9.9973E-05 9.9973E-05 0.0631272 0.289549
0.382296 0.11878 0.0761947 9.9982E-05 9.9982E-05 0.422529
0.788615 0.04437 9.9973E-05 0.166715 9.9973E-05 9.9973E-05
0.548395 0.0355998 0.0140092 0.147131 9.9991E-05 0.254765
0.342097 9.9991E-05 0.0257474 0.0152528 0.0749927 0.54181
0.583372 0.193975 0.0487242 9.9982E-05 9.9982E-05 0.173729
9.9973E-05 0.81019 0.0734029 0.116107 9.9973E-05 9.9973E-05
9.9982E-05 0.847544 0.053048 0.0385256 0.0606819 9.9982E-05
9.9964E-05 0.989033 0.0105671 9.9964E-05 9.9964E-05 9.9964E-05
9.9964E-05 0.884458 0.115142 9.9964E-05 9.9964E-05 9.9964E-05
0.0103031 0.902517 9.9982E-05 9.9982E-05 0.0385532 0.0484266
9.9982E-05 0.844192 0.0250971 9.9982E-05 0.0908089 0.0397022
0.0218227 9.9982E-05 0.874414 9.9982E-05 0.0375937 0.0659692
9.9982E-05 0.0751433 0.83286 9.9982E-05 0.032827 0.0589698
9.9982E-05 9.9982E-05 0.763247 0.00189108 0.0913292 0.143333
9.9982E-05 0.096571 0.731308 9.9982E-05 0.101815 0.0701069
9.9991E-05 0.0302739 0.742683 0.041799 0.0867159 0.0984286
0.0669016 0.495329 0.39884 0.0387291 9.9982E-05 9.9982E-05
0.0748903 0.417332 0.445065 0.0625125 9.9982E-05 9.9982E-05
0.0888294 0.502712 0.408158 9.9973E-05 9.9973E-05 9.9973E-05
9.9973E-05 9.9973E-05 0.797933 9.9973E-05 0.0419792 0.159788
0.117342 0.504699 0.374465 9.9982E-05 0.00329409 9.9982E-05
9.9982E-05 9.9982E-05 0.146251 0.191867 0.333503 0.328179
9.9973E-05 9.9973E-05 0.246261 9.9973E-05 0.260009 0.49343
0.022962 0.0582497 0.21561 0.12236 0.269407 0.311411
9.9973E-05 9.9973E-05 0.360783 0.313667 0.325251 9.9973E-05
0.0326358 0.342198 9.9991E-05 0.0613395 0.00321562 0.560511
0.186993 0.221429 9.9982E-05 0.177163 9.9982E-05 0.414215
9.9973E-05 0.508904 0.0544606 9.9973E-05 9.9973E-05 0.436336
0.295907 0.0700553 0.00112779 0.120277 0.00411512 0.508519
0.378163 0.206847 9.9973E-05 0.41469 9.9973E-05 9.9973E-05
0.0658607 0.169991 0.0617289 0.0965781 9.9991E-05 0.605741
0.0350917 0.337963 0.036725 0.111532 9.9991E-05 0.478588
0.276531 0.225297 9.9982E-05 0.358684 9.9982E-05 0.139288
0.154385 0.139532 9.9991E-05 0.147861 0.0931897 0.464933
0.0736743 0.228921 0.0106314 0.0225414 0.0610175 0.603214
0.149678 0.146936 0.122066 0.014671 0.207401 0.359248
0.111334 0.252205 9.9991E-05 0.202386 0.00763799 0.426337
0.151923 0.313057 9.9982E-05 0.0535893 9.9982E-05 0.481231
0.136631 0.0994983 0.0152134 0.163065 0.0566684 0.528924
0.224961 0.127316 0.0147924 0.0703834 9.9991E-05 0.562448
0.0830721 0.221541 0.0540039 0.0517779 0.0695544 0.520051
0.0358353 9.9982E-05 0.793152 9.9982E-05 0.098833 0.0719793
0.0805989 9.9982E-05 0.851448 9.9982E-05 0.0219674 0.045786
0.0093202 0.0596845 0.799154 0.0420803 9.9991E-05 0.0896608
0.0948467 0.0747153 0.787609 9.9982E-05 0.0426292 9.9982E-05
9.9982E-05 0.000247557 0.846028 9.9982E-05 0.00553778 0.147986
0.074596 0.559179 0.0529857 0.0278074 0.0174719 0.26796
9.9991E-05 0.0794584 0.0217049 0.0643967 0.0304578 0.803882
0.15132 0.195976 0.139455 9.9982E-05 9.9982E-05 0.51305
9.9982E-05 0.357645 9.9982E-05 0.284527 0.0184203 0.339208
0.127001 0.577029 0.13265 0.153934 9.9991E-05 0.00928668
0.0619063 0.331034 9.9991E-05 0.0455837 0.0385617 0.522814
0.182221 0.519896 0.0649914 0.0402254 0.0329888 0.159677
0.0883475 0.231339 0.0463784 0.211082 0.00749767 0.415355
0.0030685 0.527883 0.0858884 0.117783 0.0125292 0.252848
0.0589529 0.523384 0.0493173 0.0805068 0.000367403 0.287472
0.0816959 0.3082 0.0222443 0.180634 0.0805014 0.326724
0.105941 0.0597342 9.9991E-05 0.503359 0.0246094 0.306256
0.201764 0.0253702 0.0989886 0.148839 9.9991E-05 0.524938
0.132575 0.0777281 9.9982E-05 0.422866 9.9982E-05 0.36663
0.112043 0.0347362 9.9991E-05 0.179858 0.00470278 0.66856
0.176482 0.0975378 9.9982E-05 0.579717 9.9982E-05 0.146063
0.0793194 0.0675126 9.9982E-05 0.538419 9.9982E-05 0.314549
9.9973E-05 0.130672 9.9973E-05 0.354389 9.9973E-05 0.514639
0.205672 0.103246 9.9982E-05 0.503132 9.9982E-05 0.18775
0.106557 0.097802 0.007018 0.213408 9.9991E-05 0.575115
0.145756 0.561612 0.0278458 0.0153146 0.0479923 0.201479
0.266064 0.268524 9.9991E-05 0.219945 0.0959479 0.149418
0.10016 0.365508 0.0545373 0.0105809 0.108416 0.360798
0.0820212 0.0542427 0.128718 0.00928166 0.0582031 0.667534
0.197596 0.466156 9.9991E-05 0.0359554 0.01706 0.283133
0.183626 0.270815 9.9991E-05 0.0394292 0.159982 0.346048
0.153365 0.346578 9.9982E-05 9.9982E-05 0.0970825 0.402774
0.210584 0.413486 9.9982E-05 9.9982E-05 0.0361994 0.339531
0.109633 0.42029 0.00182923 9.9991E-05 0.139919 0.328228
0.0873927 0.185563 9.9991E-05 0.0738614 0.0505424 0.602541
0.0295251 0.21075 9.9991E-05 0.292112 0.0134719 0.454041
0.0431952 0.221953 9.9991E-05 0.11691 0.0770392 0.540802
9.9982E-05 0.376691 0.0684817 0.0800859 9.9982E-05 0.474541
0.0946263 0.257604 0.00967857 0.0133556 0.13876 0.485975
0.0569397 9.9991E-05 0.369659 0.013522 0.0789662 0.480813
0.0722268 9.9991E-05 0.163928 0.0909755 0.233866 0.438904
0.0167693 0.0387164 0.048208 0.117913 0.131987 0.646406
0.0282699 0.037639 0.149384 0.0850421 0.253022 0.446642
0.0931859 0.1712 9.9991E-05 0.143141 0.0507999 0.541573
0.212008 9.9982E-05 0.158943 0.43186 0.19699 9.9982E-05
0.0718699 0.128787 0.167088 0.0139449 0.156871 0.46144
0.147761 0.0199017 0.0458594 0.041531 0.291437 0.45351
0.0847769 0.113839 0.148876 0.217572 0.188984 0.245953
9.9991E-05 0.0204136 0.171392 0.0895629 0.17597 0.542561
9.9973E-05 9.9973E-05 0.432612 0.398452 0.168636 9.9973E-05
9.9982E-05 9.9982E-05 0.154079 0.094861 0.212436 0.538424
0.11241 0.0156774 0.128789 0.081013 0.141284 0.520826
0.245767 0.0896532 0.0198552 0.131213 0.11065 0.402862
0.391649 0.147183 9.9982E-05 0.387998 9.9982E-05 0.0729705
0.400232 0.118761 9.9982E-05 0.424813 9.9982E-05 0.0559934
0.0211305 0.0213805 0.123106 0.0840956 0.378455 0.371832
9.9982E-05 9.9982E-05 0.0279051 0.290109 0.36139 0.320396
0.0360241 0.0679824 0.160652 0.291292 0.280118 0.163931
0.0106569 9.9991E-05 0.207382 0.15089 0.228062 0.40291
0.131224 9.9991E-05 0.0229563 0.573328 0.0369615 0.23543
0.173997 9.9991E-05 0.0360832 0.478137 0.0274531 0.284229
0.136206 0.023132 9.9991E-05 0.162479 0.125493 0.55259
0.185913 9.9991E-05 0.0307789 0.143475 0.164724 0.475009
0.16155 9.9991E-05 0.0161475 0.387791 0.128866 0.305545
0.0873863 9.9991E-05 0.100987 0.167626 0.0404564 0.603444
0.0780923 0.0156529 0.00555825 0.217242 0.0633489 0.620105
0.0918129 0.136732 0.00762756 0.291464 9.9991E-05 0.472263
0.221571 0.106347 9.9982E-05 0.253821 9.9982E-05 0.41806
0.117102 0.184958 9.9991E-05 0.230619 0.0547403 0.412481
0.130094 9.9973E-05 9.9973E-05 0.345702 9.9973E-05 0.523904
0.187084 0.12377 9.9982E-05 0.3322 9.9982E-05 0.356746
0.193632 9.9991E-05 0.0216199 0.0679963 0.066646 0.650006
0.260635 0.0928391 9.9982E-05 0.341712 9.9982E-05 0.304614
0.193552 0.0641311 9.9982E-05 0.238977 9.9982E-05 0.50314
0.00805244 0.0219132 0.171977 0.166809 0.260864 0.370383
0.0298998 0.0261835 0.197322 0.189704 0.151824 0.405067
0.196538 0.0884316 0.125378 0.414735 0.167315 0.00760143
9.9991E-05 0.0412085 0.0585117 0.119852 0.232214 0.548113
9.9973E-05 9.9973E-05 0.316397 0.52769 0.155613 9.9973E-05
0.0553129 0.0282085 0.05857 0.0993269 0.220927 0.537655
0.471182 9.9973E-05 9.9973E-05 0.405907 9.9973E-05 0.122611
0.465736 0.0704594 9.9973E-05 0.463504 9.9973E-05 9.9973E-05
0.226934 0.00800123 9.9982E-05 0.125412 9.9982E-05 0.639453
0.142724 9.9982E-05 0.0219709 0.128267 9.9982E-05 0.706839
0.229916 9.9973E-05 9.9973E-05 0.238742 9.9973E-05 0.531041
0.210576 9.9982E-05 0.0347641 0.121965 9.9982E-05 0.632495
0.208584 0.0272252 9.9991E-05 0.114932 0.0168092 0.63235
0.0309911 0.00384444 0.75189 0.102125 0.030505 0.0806443
9.9982E-05 0.136974 0.717095 0.0603074 0.0854228 9.9982E-05
9.9973E-05 0.0634012 0.87617 9.9973E-05 0.0601293 9.9973E-05
9.9964E-05 9.9964E-05 0.930172 9.9964E-05 9.9964E-05 0.0694281
0.449182 9.9991E-05 0.095641 0.00852994 0.0432679 0.403279
0.384692 9.9973E-05 0.0314312 9.9973E-05 9.9973E-05 0.583577
0.541646 0.124234 0.0107696 0.011188 0.0466044 0.265557
0.249091 9.9982E-05 0.0299201 9.9982E-05 0.0682751 0.652514
0.545851 9.9991E-05 0.0126093 0.126097 0.020438 0.294905
9.9991E-05 0.0335634 0.243638 0.0487462 0.182107 0.491845
0.497671 0.0360883 9.9991E-05 0.0347791 0.0905398 0.340822
0.438086 0.103778 0.00272809 9.9982E-05 9.9982E-05 0.455208
0.41419 9.9982E-05 0.0195693 9.9982E-05 0.0363237 0.529717
0.407042 0.103429 9.9982E-05 9.9982E-05 0.0312972 0.458032
0.379648 9.9982E-05 0.0285342 9.9982E-05 0.0531179 0.5385
0.944813 9.9982E-05 0.00669383 0.000327744 9.9982E-05 0.0479651
0.633023 9.9991E-05 0.0266555 0.0498817 0.0177495 0.27259
0.621864 9.9982E-05 0.056497 9.9982E-05 0.0231554 0.298284
0.873455 9.9964E-05 9.9964E-05 0.126145 9.9964E-05 9.9964E-05
0.27492 0.110134 0.0306303 0.00434194 9.9991E-05 0.579874
0.622986 9.9973E-05 9.9973E-05 0.288708 9.9973E-05 0.0880059
0.805591 9.9964E-05 9.9964E-05 0.19401 9.9964E-05 9.9964E-05
0.228366 9.9991E-05 0.0610074 0.0521998 0.0121838 0.646143
0.572429 0.122136 0.0500489 9.9991E-05 0.00535544 0.249931
0.324586 0.109788 0.0543022 0.0391668 0.149313 0.322843
0.328935 0.112115 0.0238308 9.9982E-05 9.9982E-05 0.53492
0.0091911 0.341633 9.9991E-05 0.195466 0.0612132 0.392397
0.41158 0.0640096 0.0528951 9.9982E-05 9.9982E-05 0.471315
0.317983 0.102518 0.0632329 9.9982E-05 9.9982E-05 0.516066
0.667311 9.9973E-05 0.0178183 9.9973E-05 9.9973E-05 0.314571
0.0238103 0.250492 0.688646 0.0368514 9.9982E-05 9.9982E-05
0.158988 0.0913789 0.74215 9.9982E-05 9.9982E-05 0.00728337
0.0163614 0.170601 0.792832 0.020006 9.9982E-05 9.9982E-05
0.0247385 0.130738 0.806656 0.0376682 9.9982E-05 9.9982E-05
9.9982E-05 0.187321 0.744416 0.025397 9.9982E-05 0.0426664
0.669192 0.160648 0.0446004 9.9991E-05 0.0541851 0.0712751
0.643327 0.113123 0.0651113 9.9982E-05 9.9982E-05 0.178239
0.83588 9.9973E-05 9.9973E-05 9.9973E-05 0.0483035 0.115517
0.566098 9.9991E-05 0.0582968 0.0197832 0.0922673 0.263455
0.299218 9.9973E-05 9.9973E-05 9.9973E-05 0.137171 0.563311
0.395106 9.9991E-05 0.0311079 0.099759 0.0417371 0.43219
0.266678 0.0730504 9.9991E-05 0.0286883 0.029041 0.602443
0.626568 0.137806 9.9991E-05 0.0017988 0.0274261 0.206301
0.43732 0.0582961 0.0353287 9.9982E-05 9.9982E-05 0.468855
0.480437 0.114942 9.9973E-05 9.9973E-05 9.9973E-05 0.404321
0.00682207 0.0555526 0.130493 0.112332 9.9991E-05 0.6947
0.523222 9.9973E-05 0.0478656 9.9973E-05 9.9973E-05 0.428612
0.295274 0.116189 9.9991E-05 0.0553081 0.0333623 0.499766
9.9982E-05 9.9982E-05 0.0373985 0.0744108 0.511665 0.376326
9.9982E-05 9.9982E-05 0.164634 0.0590083 0.421083 0.355075
0.265415 9.9982E-05 9.9982E-05 0.158131 0.0840229 0.492231
9.9982E-05 9.9982E-05 0.234892 0.0574709 0.651111 0.0563262
9.9982E-05 0.0168466 0.194428 9.9982E-05 0.477185 0.31134
0.120092 9.9991E-05 0.107603 0.209804 0.18019 0.382212
9.9982E-05 0.0423986 0.120717 0.243806 9.9982E-05 0.592878
9.9982E-05 0.122374 0.0941792 0.262093 9.9982E-05 0.521154
9.9973E-05 9.9973E-05 0.22459 9.9973E-05 0.49342 0.281691
9.9982E-05 0.00428451 0.147072 9.9982E-05 0.472123 0.376321
0.0221447 9.9991E-05 0.12857 0.0988008 0.465888 0.284497
0.0112724 9.9991E-05 0.182714 0.0584844 0.495413 0.252016
0.071109 9.9982E-05 0.0874656 0.238641 9.9982E-05 0.602584
0.0210311 9.9982E-05 0.195656 9.9982E-05 0.603846 0.179267
0.0167088 0.286933 0.106622 0.324735 9.9991E-05 0.264901
9.9982E-05 0.00908443 9.9982E-05 0.250381 0.0312815 0.709053
9.9982E-05 0.162308 0.120582 0.140562 9.9982E-05 0.576348
0.0210599 9.9982E-05 0.126295 0.220952 9.9982E-05 0.631493
0.169002 0.0264439 0.150888 0.0519813 0.257396 0.344289
0.0520636 9.9991E-05 0.169815 0.139455 0.273712 0.364855
9.9982E-05 9.9982E-05 0.21704 0.0294868 0.490921 0.262352
0.0315713 0.0681811 0.0440875 0.253677 9.9991E-05 0.602383
0.0421757 9.9991E-05 0.0764053 0.544239 0.0475443 0.289536
0.0907814 0.183243 0.111592 0.113344 0.0997275 0.401311
0.0367457 9.9991E-05 0.171049 0.164862 0.0739351 0.553309
0.0268031 9.9982E-05 0.26656 0.569747 0.136691 9.9982E-05
9.9973E-05 9.9973E-05 0.193451 0.715094 0.0911549 9.9973E-05
0.0465595 0.0956068 0.0880104 0.369694 0.116456 0.283673
0.0565908 9.9991E-05 0.280178 0.470653 0.172198 0.0202799
9.9973E-05 9.9973E-05 0.334531 0.46564 0.199529 9.9973E-05
0.0470866 9.9991E-05 0.178007 0.289604 0.0834186 0.401784
0.130831 9.9991E-05 0.230635 0.206025 0.122247 0.310163
9.9982E-05 9.9982E-05 0.258801 0.3438 0.0988128 0.298386
9.9982E-05 9.9982E-05 0.23912 0.561364 0.113192 0.0861242
9.9982E-05 9.9982E-05 0.1921 0.231426 0.0213514 0.554924
0.0501733 9.9991E-05 0.170965 0.496984 0.121748 0.16003
9.9973E-05 9.9973E-05 0.341769 0.650249 0.00768293 9.9973E-05
9.9982E-05 9.9982E-05 0.177791 0.26663 0.159385 0.395994
0.0755686 9.9991E-05 0.301138 0.0246853 0.146543 0.451965
9.9982E-05 9.9982E-05 0.141941 0.0682138 0.246803 0.542842
0.0159836 0.00369546 0.225011 0.0933052 0.145179 0.516825
9.9982E-05 9.9982E-05 0.331171 0.0619427 0.212452 0.394234
9.9991E-05 0.0132936 0.253144 0.0559832 0.210551 0.466929
0.00611936 0.00326275 0.266486 0.0144646 0.251674 0.457994
0.0236819 0.0250421 0.288543 0.0521456 0.264349 0.346239
0.217246 0.109444 0.239306 0.0249255 0.0895905 0.319488
9.9991E-05 0.0183756 0.244549 0.112953 0.281526 0.342495
0.0951384 9.9991E-05 0.322705 0.245797 0.217246 0.119014
9.9982E-05 9.9982E-05 0.273195 0.151622 0.353813 0.22117
0.0927042 0.10004 0.806956 9.9973E-05 9.9973E-05 9.9973E-05
9.9991E-05 0.770673 0.0546402 0.0131293 0.0160725 0.145385
9.9964E-05 0.977485 0.0221153 9.9964E-05 9.9964E-05 9.9964E-05
9.9964E-05 0.964902 0.0346982 9.9964E-05 9.9964E-05 9.9964E-05
9.9964E-05 0.971645 9.9964E-05 9.9964E-05 0.027955 9.9964E-05
9.9964E-05 0.899651 9.9964E-05 9.9964E-05 0.0999488 9.9964E-05
9.9964E-05 0.886278 9.9964E-05 9.9964E-05 9.9964E-05 0.113322
0.0257612 0.913465 0.0604738 9.9973E-05 9.9973E-05 9.9973E-05
9.9973E-05 0.762522 0.230262 9.9973E-05 9.9973E-05 0.00691639
0.0298898 0.0249936 0.863996 0.00972486 0.0456124 0.0257829
9.9982E-05 0.108238 0.789521 0.0352905 9.9982E-05 0.0667507
0.0331995 9.9973E-05 0.922845 9.9973E-05 0.0436554 9.9973E-05
9.9982E-05 0.0997993 0.792153 0.0392586 9.9982E-05 0.0685888
0.0512684 9.9973E-05 0.940489 9.9973E-05 9.9973E-05 0.00794259
0.0291693 0.0677587 0.868853 0.0227001 0.0114186 9.9991E-05
0.00333049 0.0798559 0.679269 0.0377765 0.145787 0.0539813
0.0651423 9.9982E-05 0.828708 9.9982E-05 0.102602 0.0033482
9.9982E-05 0.147325 0.70151 9.9982E-05 0.0876119 0.063353
0.0519216 9.9973E-05 0.874569 9.9973E-05 0.0732099 9.9973E-05
0.0205902 0.00381588 0.950183 0.0252114 9.9982E-05 9.9982E-05
0.0293952 0.0169008 0.858708 9.9991E-05 0.0784248 0.0164716
9.9964E-05 9.9964E-05 0.976096 9.9964E-05 9.9964E-05 0.0235038
9.9964E-05 9.9964E-05 0.919323 9.9964E-05 9.9964E-05 0.0802774
0.0233476 9.9982E-05 0.878586 9.9982E-05 0.0664571 0.031409
9.9973E-05 9.9973E-05 0.83439 9.9973E-05 0.0671919 0.0981178
9.9982E-05 9.9982E-05 0.761776 0.0145524 0.168536 0.054936
9.9973E-05 9.9973E-05 0.805566 9.9973E-05 0.0715199 0.122614
9.9973E-05 9.9973E-05 0.802077 9.9973E-05 0.0872247 0.110398
0.129833 0.0536265 0.10008 0.254951 0.00966283 0.451848
0.052088 0.0443842 0.0466142 0.100072 9.9991E-05 0.756742
0.164112 0.0159312 9.9982E-05 0.608681 9.9982E-05 0.211076
9.9982E-05 0.139545 0.0615653 0.188364 9.9982E-05 0.610326
9.9973E-05 9.9973E-05 0.047042 0.781136 9.9973E-05 0.171522
9.9982E-05 9.9982E-05 0.0540236 0.179798 0.0670523 0.698926
0.147539 0.216662 0.0874242 0.0781899 9.9991E-05 0.470085
0.0791407 0.105272 0.123408 0.148827 9.9991E-05 0.543252
0.280978 0.0422106 0.0960828 9.9991E-05 0.0136266 0.567002
9.9982E-05 0.15156 0.0304397 0.306594 9.9982E-05 0.511207
9.9982E-05 0.108422 0.0771437 0.14343 9.9982E-05 0.670805
0.32503 0.373825 9.9982E-05 0.191921 0.109024 9.9982E-05
0.151923 0.157217 9.9982E-05 0.674139 9.9982E-05 0.0165217
0.0611073 0.080595 9.9982E-05 0.635882 9.9982E-05 0.222216
0.0795652 9.9991E-05 0.0586571 0.309599 0.00421302 0.547866
0.0332866 9.9982E-05 0.0989205 0.262488 9.9982E-05 0.605105
0.000554867 9.9991E-05 0.208622 0.100485 0.119114 0.571125
9.9991E-05 0.0440917 0.178383 0.042355 0.136479 0.598591
0.02511 0.175207 0.426689 0.10804 0.119376 0.145577
0.15606 0.056921 0.20411 0.0739714 0.146173 0.362765
9.9973E-05 9.9973E-05 0.302204 0.50323 0.194265 9.9973E-05
9.9982E-05 9.9982E-05 0.299527 0.160607 0.148018 0.391647
9.9991E-05 0.0520948 0.371245 0.0676198 0.14975 0.35919
9.9991E-05 0.0603752 0.325375 0.0780566 0.0300445 0.506049
0.0503052 0.0442173 0.178107 0.102239 0.197988 0.427144
0.0240587 0.000406751 0.149669 0.199137 0.174484 0.452245
0.00805173 9.9991E-05 0.488874 0.074755 0.0851509 0.343068
