9.9982E-05 0.0418167 0.883504 0.00963353 9.9982E-05 0.0648458
9.9982E-05 0.0204284 0.923282 9.9982E-05 0.0535871 0.00250284
0.00969636 0.112946 0.838077 0.0332703 9.9991E-05 0.00590973
0.0580975 9.9982E-05 0.823868 0.0417956 9.9982E-05 0.0760392
9.9982E-05 0.0234347 0.870486 0.0461965 9.9982E-05 0.059683
9.999E-05 0.134052 0.627926 0.0548723 0.0865385 0.0965113
9.9982E-05 9.9982E-05 0.772583 0.0506942 0.113411 0.0631114
0.00566965 0.0121154 0.645675 0.0566685 0.128467 0.151404
9.99729E-05 9.99729E-05 0.795249 9.99729E-05 0.0770359 0.127415
0.00320458 0.0322398 0.629767 0.13378 0.0834844 0.117524
9.999E-05 0.0474919 0.683689 0.0281106 0.100081 0.140528
0.621714 0.123482 0.0564266 9.9991E-05 0.042277 0.155999
0.547168 0.221466 0.0265771 0.0846938 0.0509957 0.069099
0.752011 9.9982E-05 0.103016 9.9982E-05 0.100212 0.0445608
0.785453 0.00493014 0.104927 0.0862886 0.0183011 9.9991E-05
0.535199 0.132627 0.217233 0.0795004 0.0184232 0.0170163
0.446094 0.31898 0.076765 0.104338 0.0466715 0.00715249
0.7434 0.0795689 0.136025 0.0224419 0.0103483 0.00821594
0.528762 9.9982E-05 0.0509537 9.9982E-05 0.20317 0.216914
0.492487 0.29675 0.0817745 0.0673526 0.0614941 0.000141723
0.416712 0.302865 0.0230833 0.0534313 0.151464 0.0524446
0.508508 0.242215 0.0359605 0.12126 0.0247748 0.0672816
0.794113 0.00307408 0.0599269 0.0137373 0.120552 0.00859698
0.609921 0.136397 0.0414603 0.197648 9.9991E-05 0.0144739
0.791515 9.9982E-05 0.0549845 9.9982E-05 0.107429 0.045872
0.685506 0.122617 0.148752 0.033904 9.99985E-05 0.0091207
0.713239 9.9982E-05 0.0137355 9.9982E-05 0.197189 0.0756372
0.0931627 9.9973E-05 0.831857 0.0746802 9.9973E-05 9.9973E-05
0.132022 9.9973E-05 0.823041 0.0446371 9.9973E-05 9.9973E-05
0.055583 0.0950532 0.807215 0.041949 9.9982E-05 9.9982E-05
9.9973E-05 0.146644 0.760636 0.0924193 9.9973E-05 9.9973E-05
0.32333 0.472651 0.0279037 0.112562 0.0360903 0.0274623
0.179727 0.699506 0.0710042 0.0205387 0.0291248 9.9991E-05
0.593352 0.0371173 0.0836495 9.9991E-05 0.0362971 0.249484
0.0403875 0.648687 0.0148517 0.0184634 0.27751 9.9991E-05
0.278733 0.530843 0.0289917 0.147663 0.0127157 0.00105395
0.204329 0.458945 0.118323 0.165695 0.0263926 0.0263152
0.22155 0.456412 0.0852195 0.164626 9.9991E-05 0.0720925
9.9982E-05 0.671412 0.0237379 9.9982E-05 0.120037 0.184613
0.366939 0.399089 0.0622664 0.13209 0.0328032 0.00681188
9.9964E-05 0.812458 9.9964E-05 9.9964E-05 0.187142 9.9964E-05
9.9973E-05 0.268211 9.9973E-05 9.9973E-05 0.698135 0.0333542
0.292959 0.217435 9.9982E-05 9.9982E-05 0.169701 0.319705
0.388221 0.0582844 0.0322682 9.9991E-05 0.474248 0.0468789
0.22772 0.232358 0.117463 0.0271622 0.168637 0.226659
0.625609 0.209036 0.0798894 0.0604283 9.9991E-05 0.0249368
0.393892 0.321038 0.14026 9.9991E-05 0.0728302 0.0718796
0.416056 0.0137275 0.212251 9.9991E-05 0.170577 0.187288
0.481018 0.174215 0.0745278 0.147597 0.0244471 0.0981956
0.477739 9.9982E-05 0.0357592 9.9982E-05 0.25886 0.227441
0.633912 0.226969 0.0367557 0.0355041 0.0667593 9.9991E-05
0.402995 0.30218 9.9982E-05 0.270797 0.0238287 9.9982E-05
0.493416 0.0998496 0.0201527 0.0753244 0.220662 0.0905963
0.395785 0.204194 9.9991E-05 0.206881 0.188438 0.00460111
0.574934 0.124838 0.0126425 9.9991E-05 0.198377 0.0891082
0.167262 0.708346 0.0133385 0.00751113 0.0222802 0.0812619
9.9973E-05 0.758405 9.9973E-05 9.9973E-05 0.0622161 0.179079
9.9973E-05 0.550682 9.9973E-05 9.9973E-05 0.396007 0.0530107
9.9973E-05 0.623613 9.9973E-05 9.9973E-05 0.333766 0.0423206
9.9973E-05 0.863792 9.9973E-05 9.9973E-05 0.0902092 0.0456991
0.0318819 0.681932 0.0445633 0.0784699 0.0486965 0.114456
0.12683 0.712081 9.9982E-05 0.0944491 0.0664395 9.9982E-05
9.9982E-05 0.674759 9.9982E-05 0.0362361 0.030429 0.258376
9.9973E-05 0.631124 9.9973E-05 0.0365318 9.9973E-05 0.332045
9.9982E-05 0.669975 0.0860781 9.9982E-05 0.144983 0.0987636
0.149617 0.596852 0.0778927 0.0308489 0.0703544 0.074435
0.0217174 0.775773 0.01794 9.9991E-05 0.176661 0.00780885
9.9973E-05 0.456833 9.9973E-05 9.9973E-05 0.453097 0.08977
0.119185 0.0329897 0.843601 0.00402494 9.9982E-05 9.9982E-05
9.9964E-05 0.0773749 0.922225 9.9964E-05 9.9964E-05 9.9964E-05
9.9973E-05 0.0629177 0.881829 0.0549533 9.9973E-05 9.9973E-05
9.9973E-05 0.0559828 0.942089 0.00162801 9.9973E-05 9.9973E-05
9.9982E-05 0.0545163 0.859996 0.0489617 0.0363257 9.9982E-05
9.9991E-05 0.024349 0.873071 0.0425674 0.00955244 0.0503601
9.9982E-05 0.00688187 0.953058 0.0249037 0.0149568 9.9982E-05
9.9982E-05 0.629987 0.0210916 9.9982E-05 0.220656 0.128065
0.18229 0.722678 0.0358472 9.9991E-05 0.00822586 0.0508588
0.0539441 0.750834 0.0357473 0.159275 9.9982E-05 9.9982E-05
0.220564 0.606974 0.00499478 0.144902 0.0224655 9.9991E-05
9.9991E-05 0.732241 0.030279 0.141576 0.0558168 0.0399868
9.9982E-05 0.508738 0.0170477 9.9982E-05 0.221697 0.252317
0.0692993 0.607955 0.0360017 0.0776684 0.208976 9.9991E-05
9.9991E-05 0.790884 0.0234281 0.0946632 0.0312052 0.0597197
0.161339 0.591786 0.0973635 0.0443613 0.0815492 0.0236005
9.9982E-05 0.699467 9.9982E-05 0.134292 0.117329 0.0487114
0.120397 0.731888 0.0997825 9.9982E-05 9.9982E-05 0.0477326
0.623299 0.0240019 0.060052 9.9991E-05 0.254934 0.0376131
0.41613 0.0798832 0.0583122 0.233037 9.9991E-05 0.212537
0.658492 0.1714 0.0862028 0.0191892 9.9991E-05 0.0646165
0.559698 0.201865 9.9991E-05 0.137636 0.00977206 0.0909295
0.67544 0.136108 0.00848055 0.043248 0.000338907 0.136384
0.567525 0.285537 0.0898164 0.0569214 9.9982E-05 9.9982E-05
0.594029 0.173398 0.0323466 0.0167015 0.0320568 0.151469
0.375106 0.378145 9.9982E-05 0.139681 9.9982E-05 0.106868
0.551528 0.183806 9.9982E-05 0.166081 0.0983852 9.9982E-05
0.499709 0.040767 0.150176 0.0615158 0.231651 0.0161812
0.509532 0.326456 0.0174487 0.131525 9.9991E-05 0.0149382
0.528502 0.247452 0.0470397 0.082157 9.9991E-05 0.094749
0.431409 0.158869 0.0557515 0.0561878 0.0748985 0.222884
0.494317 9.9991E-05 0.00554998 0.0346041 0.443868 0.0215616
0.250378 0.119281 9.9991E-05 0.00554171 0.422119 0.20258
0.670497 0.0404328 0.00882402 9.9991E-05 0.110919 0.169228
0.523736 0.331136 0.0184693 0.0061834 0.0124975 0.107978
0.515609 0.226311 0.0746557 9.9982E-05 9.9982E-05 0.183225
0.503504 0.216987 9.9982E-05 9.9982E-05 0.0849003 0.194409
0.531617 0.320579 0.0928228 0.0547809 9.9982E-05 9.9982E-05
0.494989 0.023533 9.9991E-05 0.0350843 0.339591 0.106702
0.253199 0.391548 0.0704158 0.15859 0.0563654 0.0698816
0.0411933 0.171336 0.155892 9.9991E-05 0.479393 0.152085
0.10648 0.359438 0.112853 0.106629 0.244875 0.0697254
0.268565 0.277388 0.110568 0.20794 0.114603 0.020935
0.139075 0.272253 0.0454351 0.0494438 0.433718 0.0600744
0.127702 0.31681 0.0688772 9.9991E-05 0.4364 0.0501117
0.33644 0.388868 0.0934181 0.0189354 0.117257 0.0450814
0.21515 0.129409 0.107526 0.0999423 0.438449 0.00952368
0.285633 0.41428 9.9991E-05 0.00432711 0.290979 0.0046808
0.30557 0.354075 9.9991E-05 0.129803 0.18241 0.0280417
0.0767081 9.9982E-05 0.250616 0.344739 0.327737 9.9982E-05
9.9973E-05 9.9973E-05 0.514694 0.121373 0.363634 9.9973E-05
9.9973E-05 9.9973E-05 0.371525 0.154931 0.473244 9.9973E-05
0.053228 9.9982E-05 0.344305 0.362164 0.240102 9.9982E-05
0.288728 0.507034 9.9982E-05 0.119645 0.0843932 9.9982E-05
0.183709 0.104013 9.9973E-05 0.711977 9.9973E-05 9.9973E-05
0.111282 0.403533 9.9982E-05 0.0567008 0.428284 9.9982E-05
0.0468392 0.328537 9.9982E-05 0.092059 0.532365 9.9982E-05
0.220874 0.457276 9.9982E-05 0.170432 0.151218 9.9982E-05
0.323637 0.275296 0.00656926 0.100195 0.294203 9.9991E-05
0.291462 0.350494 0.0229692 0.158497 0.175767 0.000811042
0.260035 0.225589 9.9973E-05 9.9973E-05 0.514076 9.9973E-05
9.9973E-05 9.9973E-05 0.00848139 0.965974 0.0252445 9.9973E-05
0.06343 0.0628785 9.9973E-05 0.873392 9.9973E-05 9.9973E-05
0.168712 0.123096 0.00182877 0.706163 9.9982E-05 9.9982E-05
9.9973E-05 0.114841 9.9973E-05 0.815615 9.9973E-05 0.0692442
9.9964E-05 9.9964E-05 9.9964E-05 0.99505 9.9964E-05 0.00455047
9.9964E-05 9.9964E-05 9.9964E-05 0.951904 9.9964E-05 0.047696
0.110342 9.9964E-05 9.9964E-05 0.889258 9.9964E-05 9.9964E-05
9.9964E-05 9.9964E-05 9.9964E-05 0.96398 9.9964E-05 0.0356204
9.996E-05 9.996E-05 9.996E-05 0.9995 9.996E-05 9.996E-05
9.996E-05 9.996E-05 9.996E-05 0.9995 9.996E-05 9.996E-05
0.112568 0.091027 0.0150648 0.78114 9.9982E-05 9.9982E-05
9.9982E-05 0.0692832 0.0699358 0.780625 9.9982E-05 0.0799558
9.9964E-05 9.9964E-05 0.0208667 0.978733 9.9964E-05 9.9964E-05
0.0221084 0.0739791 0.0372752 0.807528 9.9991E-05 0.059009
9.9973E-05 0.0109655 9.9973E-05 0.934512 9.9973E-05 0.0542225
9.9973E-05 0.0147551 0.00509285 0.979852 9.9973E-05 9.9973E-05
0.00303454 9.9991E-05 0.0143408 0.897037 0.0411247 0.0443631
9.9964E-05 9.9964E-05 0.0118138 0.987786 9.9964E-05 9.9964E-05
0.0470168 0.121753 0.0713652 0.658998 9.9991E-05 0.100768
9.9973E-05 9.9973E-05 0.0603977 0.876007 9.9973E-05 0.0632952
9.9973E-05 9.9973E-05 0.310347 0.113377 0.575976 9.9973E-05
0.268896 0.176142 0.158437 0.156191 0.153304 0.0870299
0.0413539 0.341738 0.249417 0.158279 0.180937 0.0282744
0.0888133 0.156317 0.228824 0.165813 0.360133 9.9991E-05
0.109213 0.125618 0.257439 0.152686 0.354944 9.9991E-05
0.110424 0.259166 0.154597 0.258243 0.21747 9.9991E-05
0.240964 0.193843 0.171262 0.243083 0.150748 9.9991E-05
0.039054 0.235261 0.184922 0.312833 0.22783 9.9991E-05
9.9982E-05 0.0425077 0.828688 9.9982E-05 0.0189534 0.109651
9.9973E-05 9.9973E-05 0.898871 0.0522174 0.0486116 9.9973E-05
9.9964E-05 9.9964E-05 0.956166 9.9964E-05 0.0434346 9.9964E-05
9.9973E-05 9.9973E-05 0.942888 9.9973E-05 0.00737081 0.0494414
0.0926362 9.9982E-05 0.865378 9.9982E-05 0.0105603 0.0312258
9.9982E-05 9.9982E-05 0.874862 0.0943762 0.0171911 0.0133708
9.9982E-05 0.00985899 0.868642 0.0857293 9.9982E-05 0.0355696
9.9964E-05 9.9964E-05 0.891532 9.9964E-05 0.108068 9.9964E-05
0.0211847 0.0622444 0.890344 9.9982E-05 0.0260266 9.9982E-05
9.9973E-05 9.9973E-05 0.863808 0.0922714 0.0436207 9.9973E-05
0.04643 0.0123578 0.590427 9.9991E-05 0.0561554 0.29453
0.0388123 9.9991E-05 0.56888 0.011402 0.0623347 0.318471
0.0961477 9.9982E-05 0.515784 9.9982E-05 0.123138 0.264731
0.141623 0.0150038 0.467176 9.9991E-05 0.0555712 0.320527
0.207407 0.552818 0.0778521 0.111165 9.9991E-05 0.0506582
0.21715 0.503999 0.0060438 0.161886 0.0111927 0.0997295
0.400752 0.356174 0.0424327 0.0569742 9.9991E-05 0.143567
0.497702 0.0412331 9.9982E-05 9.9982E-05 0.0614842 0.399381
0.143494 0.626617 0.064189 0.1655 9.9982E-05 9.9982E-05
0.269592 0.54623 9.9982E-05 0.131919 9.9982E-05 0.0520592
0.224178 0.519566 9.9991E-05 0.11967 0.0705909 0.065894
0.03994 0.699752 9.9991E-05 0.0881468 0.156041 0.0160206
0.155354 0.571518 0.00993348 0.0474736 0.0582551 0.157466
9.9973E-05 0.434755 9.9973E-05 9.9973E-05 0.502067 0.0628783
0.000100792 0.636281 9.9982E-05 9.9982E-05 0.320646 0.0427725
0.166846 0.590912 0.0258224 0.130984 0.0853355 9.9991E-05
9.9982E-05 0.603942 0.00594917 9.9982E-05 0.147696 0.242214
9.9991E-05 0.0137097 0.0249463 0.0585679 0.0283705 0.874306
9.9973E-05 0.0414791 9.9973E-05 0.0479287 9.9973E-05 0.910292
9.9964E-05 9.9964E-05 9.9964E-05 0.0392541 9.9964E-05 0.960346
9.9973E-05 0.0333188 0.0154225 9.9973E-05 9.9973E-05 0.950959
9.9982E-05 0.0566854 9.9982E-05 0.0553073 0.0101634 0.877644
9.9964E-05 9.9964E-05 9.9964E-05 0.124388 9.9964E-05 0.875212
9.9973E-05 0.0916558 0.863055 0.0449896 9.9973E-05 9.9973E-05
0.157868 9.9973E-05 0.82457 0.0172616 9.9973E-05 9.9973E-05
0.0812464 9.9973E-05 0.763328 0.155125 9.9973E-05 9.9973E-05
0.142797 9.9982E-05 0.749753 0.0996537 9.9982E-05 0.00759723
0.129312 9.9973E-05 0.780433 0.0899549 9.9973E-05 9.9973E-05
9.9973E-05 9.9973E-05 0.276365 9.9973E-05 0.14292 0.580415
9.9982E-05 9.9982E-05 0.361437 0.0446691 0.127413 0.46628
9.9991E-05 0.00869049 0.390847 0.037696 0.0313394 0.531327
0.148072 9.9973E-05 0.803005 0.0486228 9.9973E-05 9.9973E-05
9.9991E-05 0.0204937 0.286877 0.0337872 0.117207 0.541535
0.144818 0.121981 0.131793 0.448882 0.152425 9.9991E-05
0.237276 0.187281 0.132223 0.44302 9.9982E-05 9.9982E-05
0.0662436 0.203321 0.223848 0.369366 0.0821098 0.0551111
9.9973E-05 9.9973E-05 0.310669 0.382606 0.306425 9.9973E-05
0.385489 0.30934 9.9991E-05 0.0710507 0.0420248 0.191995
0.424728 0.197166 0.00668974 0.0274896 0.271659 0.0722673
0.719904 9.9973E-05 0.0931349 9.9973E-05 9.9973E-05 0.186661
0.464499 0.32791 9.9982E-05 0.0321665 0.175224 9.9982E-05
0.0957982 9.9973E-05 9.9973E-05 9.9973E-05 0.774047 0.129854
0.497653 0.231275 9.9991E-05 0.0748255 0.138922 0.0572246
0.715711 0.0276162 0.0637169 9.9991E-05 0.0841788 0.108677
0.497612 9.9973E-05 9.9973E-05 9.9973E-05 0.473486 0.0286021
0.390994 0.230679 9.9991E-05 0.122149 0.232693 0.0233855
0.481631 0.252854 9.9982E-05 0.155603 9.9982E-05 0.109713
0.135504 0.329554 0.124901 0.266015 0.0325872 0.111439
0.585753 0.0988877 9.9991E-05 0.0237569 0.237685 0.0538175
0.41737 0.295751 0.00646928 0.0696371 0.114202 0.0965705
0.462091 0.326638 0.0192792 0.169304 9.99967E-05 0.0225878
0.402538 0.38653 0.0378427 0.0695482 0.0866281 0.0169135
0.355567 0.353498 0.043765 0.194916 0.0521544 9.9991E-05
9.9973E-05 0.10813 0.800655 0.0909152 9.9973E-05 9.9973E-05
9.9973E-05 0.101847 0.887278 0.0105755 9.9973E-05 9.9973E-05
9.9982E-05 0.12319 0.834546 0.00696722 0.0350967 9.9982E-05
9.9982E-05 0.132436 0.782309 0.0102649 9.9982E-05 0.0747898
0.0708522 0.0524042 0.853331 0.0232127 9.9982E-05 9.9982E-05
0.670416 9.9982E-05 0.0131412 9.9982E-05 0.11863 0.197614
0.535507 0.195402 9.9973E-05 0.268791 9.9973E-05 9.9973E-05
0.236634 0.441944 0.0943231 0.0689631 9.9991E-05 0.158036
0.53156 9.9982E-05 9.9982E-05 0.0795525 0.336403 0.0522846
0.402423 9.9982E-05 0.0499515 9.9982E-05 0.197909 0.349516
0.388645 0.336707 0.020801 0.139394 0.00232083 0.112132
0.475503 0.11984 0.0752766 9.9991E-05 0.0389818 0.290299
0.342963 0.314409 0.112183 0.0347871 0.153693 0.0419643
0.503849 9.9982E-05 0.0963736 9.9982E-05 0.151808 0.247769
0.615323 9.9982E-05 0.0894312 9.9982E-05 0.113806 0.18124
0.541699 0.106171 0.02461 0.0998759 0.170633 0.0570113
0.247672 0.167031 9.9991E-05 0.0803961 0.422956 0.0818446
0.254191 0.513824 0.0767111 0.0726625 0.082512 9.9991E-05
0.0968246 0.364126 9.9991E-05 0.0333211 0.430132 0.0754958
0.188716 0.45059 0.0751907 0.0797442 0.166678 0.0390811
0.0356846 0.294311 9.9982E-05 9.9982E-05 0.5833 0.0865041
0.00204745 0.379937 9.9991E-05 0.0424317 0.520547 0.0549373
0.207572 0.368852 0.0395759 0.116673 0.254936 0.0123915
0.0169727 0.340723 9.9982E-05 9.9982E-05 0.545793 0.0963113
0.495033 0.265375 9.9991E-05 0.0654271 0.12527 0.0487952
0.530021 9.9973E-05 9.9973E-05 9.9973E-05 0.163776 0.305902
0.543474 0.0892121 9.9991E-05 0.0273593 0.231196 0.108658
0.535967 0.184505 0.0455671 0.0606201 0.0118358 0.161505
0.430846 0.248617 0.0296917 0.198029 9.9991E-05 0.0927163
0.532833 0.150989 9.9982E-05 9.9982E-05 0.0841936 0.231784
0.465433 0.340117 0.0378261 0.143298 0.00947512 0.00385049
0.257633 0.429937 0.0276978 0.0674529 9.9991E-05 0.217179
0.505054 0.146824 9.9991E-05 0.0393277 0.0485562 0.260138
0.399337 0.248718 0.0155065 0.0665893 0.0545757 0.215273
0.574924 0.295018 9.9973E-05 0.129759 9.9973E-05 9.9973E-05
0.356336 0.215923 9.9991E-05 0.130652 0.193531 0.103458
0.578615 0.204371 9.9991E-05 0.137038 0.0279206 0.0519556
0.524696 0.0914794 0.111711 0.067299 0.0353385 0.169476
0.38076 0.220645 0.0283817 0.187526 0.0218863 0.1608
0.205777 0.240688 0.322704 0.219232 0.011498 9.9991E-05
0.231782 0.270459 0.150437 0.29229 0.0549326 9.9991E-05
0.317212 0.373737 0.139704 0.169147 9.9982E-05 9.9982E-05
0.226542 0.259724 0.196098 0.317435 9.9982E-05 9.9982E-05
0.56143 0.185754 9.9991E-05 0.100808 0.139995 0.0119125
0.0563117 0.0763933 0.201863 0.141703 0.523629 9.9991E-05
0.373974 0.272225 0.118651 0.22342 0.00128508 0.0104454
0.261499 0.226544 0.0204446 0.339401 0.152011 9.9991E-05
0.408275 9.9991E-05 0.158648 0.182007 0.236707 0.0142643
0.314223 0.242304 0.142308 0.300966 9.9982E-05 9.9982E-05
9.9973E-05 9.9973E-05 0.42231 0.180501 0.396889 9.9973E-05
0.209147 0.237134 0.15926 0.390674 0.00368579 9.9991E-05
0.324254 0.278586 0.190661 0.205024 9.9991E-05 0.00137463
0.270361 0.325249 9.9991E-05 0.151928 0.196316 0.0560467
0.228234 0.178048 9.9982E-05 9.9982E-05 0.588644 0.00487308
0.144174 0.205612 9.9982E-05 9.9982E-05 0.596093 0.0539217
0.185641 0.243343 0.180767 0.33472 0.0388432 0.0166865
9.9982E-05 0.256499 0.0483626 0.524563 0.170375 9.9982E-05
0.157741 0.0562991 0.21715 0.297105 0.271605 9.9991E-05
0.234018 0.174528 0.17427 0.340645 0.0764389 9.9991E-05
0.24821 0.0426848 0.0104565 0.136179 0.56237 9.9991E-05
0.141625 0.188152 0.0536274 0.170985 0.44551 9.9991E-05
0.282433 0.367938 9.9991E-05 0.255503 0.0833 0.0107259
0.334833 0.239464 0.012675 0.272174 0.140754 9.9991E-05
0.233579 0.213733 9.9982E-05 0.172384 0.380105 9.9982E-05
0.255016 0.316825 0.059085 0.2353 0.133674 9.9991E-05
0.181393 0.425315 0.0764901 0.200682 0.103945 0.0121761
0.339292 0.382509 9.9991E-05 0.0113128 0.191106 0.0756798
0.374838 0.333637 0.00600829 0.0582916 0.227126 9.9991E-05
0.35143 0.273823 0.031494 0.114537 0.184014 0.0447019
0.3796 0.33029 0.0055661 0.0873464 0.197097 9.9991E-05
0.25538 0.270076 9.9991E-05 0.00677352 0.412729 0.0549416
0.260227 0.546358 0.0532973 0.102756 0.0372624 9.9991E-05
0.399537 0.215236 9.9982E-05 0.0237674 0.36126 9.9982E-05
0.215441 0.399553 9.9982E-05 0.11512 0.269686 9.9982E-05
0.111631 0.21931 0.218358 0.326434 0.124167 9.9991E-05
0.127205 0.306462 0.0821132 0.277095 0.0953334 0.11179
0.0493054 9.9991E-05 0.147848 0.222214 0.539886 0.0406463
0.174393 0.313327 9.9991E-05 0.442195 0.0361068 0.0338777
9.9973E-05 9.9973E-05 0.301876 0.177788 0.520036 9.9973E-05
0.221504 0.303914 0.00301264 0.384911 0.0865575 9.9991E-05
9.9964E-05 0.358576 9.9964E-05 9.9964E-05 0.641024 9.9964E-05
0.11619 0.227974 9.9973E-05 9.9973E-05 0.655536 9.9973E-05
0.295107 0.48563 9.9982E-05 0.0651474 0.153915 9.9982E-05
0.278614 0.422619 9.9982E-05 0.188261 0.110306 9.9982E-05
0.310369 0.422945 9.9982E-05 0.00634225 0.260144 9.9982E-05
0.221259 0.585359 0.0295908 0.0739485 0.0897428 9.9991E-05
0.278201 0.429444 9.9982E-05 0.135433 0.156723 9.9982E-05
0.018978 0.116919 0.783305 0.0790013 0.00169727 9.9991E-05
9.9982E-05 0.0264533 0.721876 0.0898065 9.9982E-05 0.161665
9.9973E-05 9.9973E-05 0.901934 0.0653699 9.9973E-05 0.0323961
9.9982E-05 0.024237 0.957919 0.0127499 0.00489376 9.9982E-05
0.202738 0.625043 0.110584 0.0259818 0.0185614 0.0170912
0.0663051 0.830191 0.0598817 0.0318192 9.9991E-05 0.0117033
0.100269 0.485964 9.9991E-05 0.0289753 0.141787 0.242905
0.137472 0.702413 0.0145318 0.145383 9.9982E-05 9.9982E-05
9.9991E-05 0.684087 0.0230994 0.00680272 0.284825 0.00108669
0.155646 0.240202 0.257127 0.291833 9.9991E-05 0.0550917
0.0887925 0.613462 9.9991E-05 0.0638198 0.201932 0.0318933
0.211424 0.591535 0.0375403 9.9991E-05 0.030217 0.129184
0.265796 0.647319 9.9982E-05 0.0732586 0.0134266 9.9982E-05
0.18078 0.641406 0.090369 9.9991E-05 0.0172525 0.0700929
0.145673 0.700426 0.0350664 0.078857 0.0398775 9.9991E-05
9.9964E-05 0.662365 9.9964E-05 9.9964E-05 0.337235 9.9964E-05
0.0646736 0.619092 0.0258548 0.000175625 0.251825 0.0383792
0.0646244 0.714784 0.0210754 9.9991E-05 0.190632 0.00878421
9.9964E-05 0.429274 9.9964E-05 9.9964E-05 0.570326 9.9964E-05
0.162732 0.551445 0.0430881 0.0847169 0.0957547 0.0622629
9.9973E-05 0.541575 9.9973E-05 9.9973E-05 0.432797 0.0253276
9.9964E-05 0.444119 9.9964E-05 9.9964E-05 0.555481 9.9964E-05
0.236898 0.564102 0.0179037 0.145557 0.0354395 9.9991E-05
0.037297 0.642577 0.0625703 9.9991E-05 0.144734 0.112721
0.110112 0.618966 9.9991E-05 0.119448 0.0027264 0.148647
0.152898 0.662033 0.0579087 0.0587191 0.0192498 0.0491917
0.661148 0.0635181 9.9982E-05 0.0334232 0.241711 9.9982E-05
0.0419753 0.75587 9.9982E-05 0.0901951 9.9982E-05 0.11176
0.265132 0.446561 0.0731907 0.0969309 0.0483159 0.0698699
9.9973E-05 0.776757 9.9973E-05 9.9973E-05 0.214456 0.00848693
0.0547988 9.9973E-05 0.669192 9.9973E-05 9.9973E-05 0.27571
0.0592123 0.0255829 0.761033 9.9991E-05 0.0429078 0.111164
9.9973E-05 9.9973E-05 0.754744 9.9973E-05 0.0701141 0.174842
9.9973E-05 9.9973E-05 0.788392 9.9973E-05 0.0529644 0.158344
0.0239278 0.0454404 0.695922 9.9982E-05 9.9982E-05 0.23451
9.9982E-05 0.660827 0.0258816 9.9982E-05 0.0674205 0.245671
9.9982E-05 0.619849 0.057449 9.9982E-05 0.116014 0.206488
9.9964E-05 0.723674 9.9964E-05 9.9964E-05 0.275926 9.9964E-05
9.9982E-05 0.706947 0.0830573 0.0548536 0.154942 9.9982E-05
0.160176 0.592641 0.0454056 0.185636 9.9991E-05 0.0160413
0.0994834 0.636582 0.0837088 0.0902664 0.0898591 9.9991E-05
0.201661 0.66883 0.080958 0.0483506 9.9982E-05 9.9982E-05
0.0690516 0.695663 9.9982E-05 9.9982E-05 0.105281 0.129804
0.0808017 0.744305 0.0590848 9.9982E-05 9.9982E-05 0.115609
0.135911 0.662045 0.000285134 9.9982E-05 9.9982E-05 0.201559
0.149168 0.470173 0.112662 0.185669 0.001137 0.0811915
0.00605789 0.834601 0.0586412 9.9982E-05 9.9982E-05 0.1005
0.0784247 0.677095 0.0636895 0.0235789 9.9991E-05 0.157112
0.142989 0.215881 0.0818879 0.529696 0.000852102 0.0286937
0.0406559 0.197265 0.14985 0.556024 0.056105 9.9991E-05
0.0380236 0.615533 0.0706285 0.100885 0.17483 9.9991E-05
9.9973E-05 9.9973E-05 0.269952 0.668871 0.0608775 9.9973E-05
9.9982E-05 0.222622 0.122658 0.58897 9.9982E-05 0.0655496
9.9991E-05 0.360742 0.0883033 0.355715 0.124403 0.0707367
0.285896 0.410356 0.100148 0.0992926 0.104208 9.9991E-05
0.184682 0.374649 0.120574 0.147517 0.107951 0.0646261
0.0321314 0.22867 0.179764 0.554886 0.00444828 9.9991E-05
0.0921844 0.231603 0.0239992 0.652014 9.9982E-05 9.9982E-05
0.056238 0.199223 0.139609 0.558053 0.0406155 0.00626103
0.131988 0.145132 0.137309 0.57614 0.00933092 9.9991E-05
0.149739 0.497961 0.129932 0.13436 0.0879069 9.9991E-05
0.0589653 0.0740209 0.152056 0.683444 9.9991E-05 0.0314139
0.15661 0.233266 0.16166 9.9991E-05 0.188437 0.259927
0.313424 0.320024 0.0205815 0.195524 0.150347 9.9991E-05
0.347935 0.321825 0.111194 0.149872 0.0690737 9.9991E-05
0.136108 0.394157 0.136656 0.181888 0.0774677 0.0737237
0.0595564 0.280605 0.228586 0.269997 0.090403 0.0708526
0.354715 0.0982213 0.149946 0.375523 0.0214953 9.9991E-05
0.0538196 0.124083 0.191718 0.623107 0.00717372 9.9991E-05
0.252764 0.460629 0.187407 0.0241883 0.0749119 9.9991E-05
0.0987023 0.214194 0.0654687 0.0916187 0.529916 9.9991E-05
0.367918 0.193692 0.16966 0.0690127 0.199618 9.9991E-05
0.193367 0.325403 0.207487 0.192954 0.0806881 9.9991E-05
9.9973E-05 9.9973E-05 0.280332 0.173371 0.545997 9.9973E-05
9.9973E-05 9.9973E-05 0.241886 0.166858 0.590956 9.9973E-05
0.113906 0.144857 0.157876 0.170188 0.342578 0.0705949
0.0778266 0.0272398 0.269617 0.187674 0.437543 9.9991E-05
9.9973E-05 9.9973E-05 0.381182 0.236177 0.382341 9.9973E-05
0.15802 0.167454 0.183854 0.253925 0.236647 9.9991E-05
0.265241 0.13595 0.290063 0.174963 0.133683 9.9991E-05
0.00824838 0.157819 0.267296 0.242664 0.323872 9.9991E-05
0.140051 9.9982E-05 0.281977 0.132319 0.445453 9.9982E-05
0.238177 0.319189 0.117169 0.25519 0.0668528 0.00342216
0.0842066 0.0565408 0.208507 0.191747 0.458899 9.9991E-05
9.9973E-05 9.9973E-05 0.403069 0.0780145 0.518617 9.9973E-05
0.338961 0.0968195 0.184801 0.27792 0.101399 9.9991E-05
0.115251 0.33144 0.29733 0.255779 9.9982E-05 9.9982E-05
0.226644 0.247206 0.0738131 0.452137 9.9982E-05 9.9982E-05
0.143879 0.341566 0.186489 0.327866 9.9982E-05 9.9982E-05
0.24081 0.0862062 0.372733 0.244676 0.0554744 9.9991E-05
0.356498 0.175097 0.194871 0.221152 0.0269928 0.0253899
0.110425 0.318019 0.261821 0.309535 9.9982E-05 9.9982E-05
0.1182 0.122397 0.21495 0.385102 0.0608139 0.0985373
0.137487 0.332395 0.233405 0.121152 0.105383 0.070178
0.162349 0.162812 0.263547 0.332536 9.9991E-05 0.0786562
9.9982E-05 0.134513 0.348479 0.296657 0.220151 9.9982E-05
0.0403355 0.114627 0.238546 0.420308 0.186084 9.9991E-05
9.9973E-05 9.9973E-05 0.751707 9.9973E-05 0.0615337 0.186459
0.298159 0.0085328 9.9982E-05 0.0118388 9.9982E-05 0.681269
0.0653588 9.9973E-05 9.9973E-05 9.9973E-05 0.0067411 0.9276
0.111179 9.9964E-05 9.9964E-05 9.9964E-05 9.9964E-05 0.888421
0.1544 9.9964E-05 9.9964E-05 9.9964E-05 9.9964E-05 0.8452
0.19706 9.9973E-05 9.9973E-05 0.0198534 9.9973E-05 0.782786
0.133957 0.0643944 9.9982E-05 0.00330363 9.9982E-05 0.798145
0.0754708 9.9964E-05 9.9964E-05 9.9964E-05 9.9964E-05 0.924129
0.0699904 9.9973E-05 0.213791 9.9973E-05 9.9973E-05 0.715919
0.0436355 0.00531442 0.878778 0.0144507 0.0577211 9.9991E-05
0.0654191 9.9982E-05 0.790259 0.0160073 9.9982E-05 0.128115
9.9982E-05 0.0348617 0.885746 0.0342009 9.9982E-05 0.0449919
0.115835 9.9982E-05 0.805177 9.9982E-05 0.0313138 0.0474742
9.9982E-05 0.0517155 0.87584 0.0434438 9.9982E-05 0.0288008
9.9973E-05 9.9973E-05 0.840323 0.0283245 9.9973E-05 0.131053
9.9982E-05 0.0470817 0.715238 0.1663 9.9982E-05 0.0711798
9.9982E-05 0.0530155 0.81927 0.105174 9.9982E-05 0.0223403
0.0174082 0.0997892 0.693996 0.0768617 9.9991E-05 0.111844
9.9973E-05 0.0748149 0.902031 0.0228538 9.9973E-05 9.9973E-05
0.00850606 9.9964E-05 0.991094 9.9964E-05 9.9964E-05 9.9964E-05
0.0851103 0.0169271 0.895258 0.00207853 9.9991E-05 0.000525657
9.9964E-05 9.9964E-05 0.945355 9.9964E-05 9.9964E-05 0.0542452
0.0171546 0.069198 0.906694 0.00675362 9.9982E-05 9.9982E-05
9.9982E-05 0.0389566 0.88815 0.047236 9.9982E-05 0.0254576
0.0139781 0.0403106 0.840677 0.104834 9.9982E-05 9.9982E-05
0.0724102 9.9973E-05 0.761396 0.165894 9.9973E-05 9.9973E-05
0.00164979 0.1285 0.79021 0.0794401 9.9982E-05 9.9982E-05
0.0255694 0.0768744 0.800412 0.0969442 9.9982E-05 9.9982E-05
0.0600357 0.382928 0.128001 0.107252 0.23909 0.0826939
0.264317 0.509537 0.0895385 0.136407 9.9982E-05 9.9982E-05
9.9973E-05 0.255147 9.9973E-05 0.099948 0.644606 9.9973E-05
0.319764 0.36113 0.116564 0.106744 0.0279532 0.067845
0.026369 0.143387 0.12487 0.0826037 0.62267 9.9991E-05
0.186594 0.436607 0.0901551 0.212665 0.0593074 0.0146714
0.103355 0.51761 0.135369 0.0522027 0.116554 0.0749097
0.134748 0.516329 0.165667 0.044286 0.0961389 0.0428306
0.226041 0.553255 0.154754 0.0434493 0.0187959 0.00370347
0.207624 0.387824 0.122158 0.0732732 0.0978445 0.111277
0.249352 0.349854 0.0359292 0.178178 0.0507541 0.135933
0.339071 0.0815437 9.9991E-05 0.00663534 0.420671 0.151979
9.9982E-05 0.156909 0.0242413 9.9982E-05 0.709598 0.109052
0.114921 0.16246 0.0576742 0.0397872 0.608455 0.0167035
0.24867 0.338687 0.0417398 0.168575 0.202228 9.9991E-05
0.172401 0.359693 0.136645 0.141843 0.189319 9.9991E-05
0.262628 0.279453 0.162234 0.295485 9.9982E-05 9.9982E-05
0.291187 0.262868 0.239163 0.206582 9.9982E-05 9.9982E-05
0.158149 0.148305 0.473537 0.132696 0.0613742 0.0259383
0.325309 0.211584 0.219678 0.214821 0.0149072 0.0137016
9.9973E-05 9.9973E-05 0.319608 0.202079 0.478014 9.9973E-05
9.9982E-05 0.224267 0.287436 0.326439 0.161657 9.9982E-05
0.289074 0.0910127 0.321417 0.221013 0.0773837 9.9991E-05
0.397881 0.142907 0.343863 0.0911758 9.9991E-05 0.0240735
0.264626 0.234083 0.213617 0.28278 0.00479378 9.9991E-05
0.116332 0.294668 0.152262 0.300847 0.135791 9.9991E-05
0.115297 0.157238 0.42004 0.237744 0.0695821 9.9991E-05
