0.890465 9.9991E-05 0.0816419 0.0277928
0.96162 0.0264485 0.0118317 9.9991E-05
0.782206 9.9991E-05 0.116831 0.100864
0.809788 9.9991E-05 0.121494 0.0686179
0.920669 9.9991E-05 0.0125876 0.0666432
0.682083 0.158184 0.0853645 0.0743682
0.898349 0.0614219 0.0401289 9.9991E-05
0.76529 0.165003 0.0680959 0.00161086
0.884915 9.9982E-05 0.114885 9.9982E-05
0.727952 0.101222 0.0866875 0.0841385
0.761965 0.0617874 0.173286 0.00296148
9.999E-05 0.269402 0.496748 0.23375
0.00602364 0.263156 0.540879 0.189942
0.113503 0.222712 0.433103 0.230682
9.999E-05 0.300437 0.580484 0.118979
0.0259027 0.346108 0.367454 0.260536
0.0236792 0.243929 0.540982 0.19141
0.0350571 0.281886 0.414688 0.268369
0.0456641 0.328186 0.460424 0.165726
0.850974 9.9991E-05 0.0511005 0.0978252
0.820928 0.00173118 0.0626318 0.114709
0.782464 0.0240978 0.0348628 0.158575
0.753439 0.0415324 0.0639675 0.141061
0.0942186 0.138007 0.65435 0.113424
0.00818062 0.66452 0.2943 0.0329996
9.9991E-05 0.807008 0.0905093 0.102382
0.11001 0.88979 9.9982E-05 9.9982E-05
9.9991E-05 0.486359 0.449256 0.0642849
0.0679844 0.667099 0.207002 0.0579144
0.0980684 0.381881 0.447738 0.0723118
0.21295 0.289224 0.408598 0.0892275
0.0597608 0.315253 0.624887 9.9991E-05
0.0650455 0.408762 0.369322 0.156871
0.0510341 0.475712 0.416356 0.0568986
9.9991E-05 0.60907 0.266365 0.124466
0.0166979 0.968118 0.0150844 9.9991E-05
9.9982E-05 0.927799 0.0720013 9.9982E-05
9.9991E-05 0.780871 0.120281 0.0987481
0.0149917 0.499027 0.363704 0.122277
0.013275 0.410088 0.46273 0.113908
0.0317355 0.929787 0.038378 9.9991E-05
0.84279 9.9991E-05 0.0834307 0.0736791
0.983475 0.00277836 9.9991E-05 0.0136468
0.936862 9.9991E-05 0.0254691 0.0375694
0.995654 0.00414627 9.9982E-05 9.9982E-05
0.927274 0.0424638 9.9991E-05 0.0301622
0.952456 9.9982E-05 9.9982E-05 0.0473439
0.970002 9.9982E-05 9.9982E-05 0.0297979
0.030506 0.82277 0.140728 0.00599591
0.0145907 0.649721 0.335589 9.9991E-05
9.9991E-05 0.685783 0.108847 0.20527
0.107429 0.457907 0.366453 0.0682111
0.00243872 0.39625 0.413006 0.188305
0.0541737 0.533003 0.303565 0.109259
9.9991E-05 0.573986 0.3245 0.101414
0.0412256 0.405534 0.450755 0.102485
9.9991E-05 0.28845 0.541509 0.169941
0.0260272 0.494895 0.35638 0.122698
0.238241 0.605965 0.155694 9.9991E-05
0.139393 0.50943 0.232373 0.118804
0.159218 0.644712 0.195294 0.000775867
0.0863452 0.635255 0.137145 0.141254
0.176698 0.627161 0.0346525 0.161488
0.0464311 0.665587 0.190065 0.0979169
0.384435 0.268366 0.0578161 0.289383
0.699277 0.162694 9.9991E-05 0.137929
0.560381 0.266877 9.9991E-05 0.172642
0.438194 0.21736 9.9991E-05 0.344346
0.0786705 0.82054 9.9991E-05 0.10069
0.0659055 0.838902 9.9991E-05 0.0950925
0.045528 0.743269 0.120837 0.0903662
0.0118232 0.0558205 9.9991E-05 0.932256
0.0118837 9.9991E-05 0.0711908 0.916826
9.998E-05 9.998E-05 9.998E-05 0.9997
9.9982E-05 9.9982E-05 0.0464841 0.953316
9.9982E-05 9.9982E-05 0.040054 0.959746
9.998E-05 9.998E-05 9.998E-05 0.9997
9.998E-05 9.998E-05 9.998E-05 0.9997
9.9982E-05 9.9982E-05 0.00386043 0.99594
0.0458538 9.9982E-05 9.9982E-05 0.953946
0.0696808 9.9991E-05 0.0308351 0.899384
0.00626174 9.9982E-05 9.9982E-05 0.993538
0.0881372 9.9982E-05 9.9982E-05 0.911663
0.411073 0.531102 9.9991E-05 0.057725
0.369855 0.476475 9.9991E-05 0.15357
0.371572 0.50052 9.9991E-05 0.127808
0.870508 0.05507 0.0743222 9.9991E-05
0.906897 9.9991E-05 0.0125858 0.080417
0.974562 0.0155904 0.00974777 9.9991E-05
0.940049 9.9991E-05 0.0591298 0.000721568
0.900425 9.9991E-05 0.0428145 0.0566603
0.965492 9.9982E-05 9.9982E-05 0.0343079
0.930567 9.9991E-05 0.00924184 0.0600914
0.968283 0.023652 9.9991E-05 0.00796488
0.959744 9.9991E-05 0.000319193 0.0398372
0.893785 9.9991E-05 0.0112217 0.0948929
0.641172 0.0785099 0.276443 0.00387497
0.577078 9.9982E-05 0.422722 9.9982E-05
0.579291 0.17285 0.247759 9.9991E-05
0.477073 0.107613 0.415214 9.9991E-05
9.9991E-05 0.261594 0.668442 0.0698645
9.9991E-05 0.716878 0.0973158 0.185707
9.9982E-05 0.941136 0.0586639 9.9982E-05
0.0258587 0.79668 0.084037 0.0934247
0.0390162 0.595461 0.365422 9.9991E-05
0.0999635 0.00833798 0.891599 9.9991E-05
0.0645543 9.9982E-05 0.935246 9.9982E-05
9.998E-05 9.998E-05 0.9997 9.998E-05
0.0628038 9.9982E-05 0.936996 9.9982E-05
0.035473 0.0212635 0.913286 0.0299771
0.0136233 9.9991E-05 0.924172 0.0621048
0.912116 0.0360143 9.9991E-05 0.0517698
0.897038 9.9991E-05 0.0720041 0.0308578
0.827706 0.0184011 0.0193087 0.134584
0.776543 9.9991E-05 0.101589 0.121768
0.784224 0.00959746 0.0967531 0.109425
0.36852 9.9982E-05 0.63128 9.9982E-05
0.479056 0.0979164 0.422928 9.9991E-05
0.444994 0.0251175 0.52854 0.00134808
0.8204 9.9991E-05 0.0663517 0.113149
0.381908 0.0528566 0.565136 9.9991E-05
0.254934 0.306067 9.9991E-05 0.438899
0.540569 0.163682 9.9991E-05 0.295649
0.0342028 0.57499 0.294414 0.0963938
0.0115795 0.235224 0.609433 0.143763
0.0169932 0.561829 0.234046 0.187132
9.9982E-05 0.816049 0.183751 9.9982E-05
0.023289 0.314963 0.541736 0.120012
0.073371 0.63368 0.292849 9.9991E-05
9.9991E-05 0.435836 0.382104 0.18196
9.9991E-05 0.491157 0.38636 0.122383
0.793093 0.0293611 9.9991E-05 0.177446
0.910791 0.0700807 9.9991E-05 0.0190288
0.83669 0.0840522 0.0309247 0.048333
0.844877 0.0983481 0.0215083 0.0352667
0.848239 0.0246603 0.0508681 0.076233
0.0200242 0.255601 0.585929 0.138446
0.0259429 0.454217 0.379973 0.139867
0.127505 0.255704 0.616691 9.9991E-05
0.088598 0.223409 0.544987 0.143006
0.137678 0.319803 0.49304 0.049479
0.0678026 0.322942 0.527116 0.0821402
0.10362 0.402231 0.341743 0.152405
0.00658803 0.761003 0.15817 0.0742387
0.0501462 0.801089 0.148665 9.9991E-05
0.0495671 0.839675 0.0590272 0.0517302
0.0565507 0.786766 0.142845 0.0138379
0.0423916 0.335671 0.568867 0.053071
9.9991E-05 0.540935 0.30999 0.148975
9.9991E-05 0.304353 0.597703 0.097844
9.9991E-05 0.222507 0.558901 0.218493
0.276312 0.606695 9.9991E-05 0.116893
0.593945 0.243982 9.9991E-05 0.161973
9.9982E-05 0.90599 0.0938099 9.9982E-05
0.0228873 0.907606 0.0694072 9.9991E-05
0.12384 0.392278 9.9991E-05 0.483781
0.26356 0.319767 9.9991E-05 0.416573
0.160177 0.719332 9.9991E-05 0.120391
0.202856 0.707984 9.9991E-05 0.0890592
0.0733648 0.490931 0.103901 0.331804
0.14263 0.672955 0.0132006 0.171214
9.9991E-05 0.678984 0.209928 0.110988
0.0155757 0.724884 0.147608 0.111932
0.262051 0.560093 0.0345057 0.143351
0.451202 0.411862 9.9991E-05 0.136836
9.998E-05 0.9997 9.998E-05 9.998E-05
0.0522464 0.938152 0.00950118 9.9991E-05
0.00618496 0.696532 0.117591 0.179692
9.9991E-05 0.80271 0.0785143 0.118675
0.822089 0.0741738 0.0153329 0.0884039
0.756984 9.9991E-05 0.161861 0.0810543
0.857064 9.9991E-05 0.0525359 0.0902999
0.998697 9.9982E-05 9.9982E-05 0.00110343
0.0100385 0.536668 0.307817 0.145476
9.998E-05 0.9997 9.998E-05 9.998E-05
0.0697019 0.826377 0.0296661 0.0742554
9.998E-05 0.9997 9.998E-05 9.998E-05
0.0257119 0.885584 0.062366 0.026338
0.0676332 0.932167 9.9982E-05 9.9982E-05
9.9991E-05 0.687335 0.235351 0.0772135
9.9991E-05 0.701989 0.184855 0.113056
0.714472 0.0304482 0.25498 9.9991E-05
0.762369 0.0723202 0.150334 0.0149771
0.854958 9.9982E-05 0.144842 9.9982E-05
0.8402 9.9982E-05 0.1596 9.9982E-05
0.71477 0.0165387 0.268591 9.9991E-05
0.0359857 0.55772 0.366658 0.0396359
0.0675382 0.646467 0.267016 0.0189785
9.9982E-05 0.933169 9.9982E-05 0.0666315
9.9991E-05 0.629699 0.24482 0.125381
0.00805189 0.603218 0.281685 0.107045
0.342197 0.0857138 9.9991E-05 0.571989
0.217353 0.383069 0.316436 0.0831419
0.239159 0.673453 0.00289815 0.0844902
0.395058 0.458911 9.9991E-05 0.145931
0.481329 0.480495 9.9991E-05 0.038076
0.444897 0.432813 9.9991E-05 0.12219
0.516289 0.278301 9.9991E-05 0.205309
0.399562 0.398574 0.00137097 0.200493
0.406603 0.430051 9.9991E-05 0.163246
0.296503 0.520785 9.9991E-05 0.182612
0.57743 0.377102 9.9991E-05 0.045368
0.437253 0.304675 9.9991E-05 0.257972
0.349733 0.3011 9.9991E-05 0.349068
0.85547 0.0235062 0.120923 9.9991E-05
9.9982E-05 0.0160502 0.98375 9.9982E-05
9.998E-05 9.998E-05 0.9997 9.998E-05
9.998E-05 9.998E-05 0.9997 9.998E-05
9.9982E-05 9.9982E-05 0.923069 0.0767312
9.9982E-05 0.00911723 0.990683 9.9982E-05
9.998E-05 9.998E-05 0.9997 9.998E-05
0.218216 9.9982E-05 0.781584 9.9982E-05
0.90002 0.0520421 0.0180039 0.0299341
0.823382 9.9991E-05 0.155722 0.0207965
0.940046 9.9991E-05 0.0102963 0.0495578
0.835472 0.00607853 0.135909 0.0225407
0.942183 9.9991E-05 0.0271551 0.0305615
0.883392 9.9982E-05 0.116408 9.9982E-05
0.890742 0.024204 0.0102387 0.0748153
0.897851 0.0379091 0.0103498 0.0538905
0.9997 9.998E-05 9.998E-05 9.998E-05
0.852414 0.000808012 0.0480705 0.0987071
0.978463 9.9991E-05 0.0162755 0.00516203
0.952626 9.9991E-05 0.0139301 0.0333437
0.878873 9.9991E-05 0.0208064 0.10022
0.859847 0.0150803 9.9991E-05 0.124972
0.793787 9.9982E-05 9.9982E-05 0.206013
0.842034 9.9982E-05 9.9982E-05 0.157766
0.878383 0.0018432 9.9991E-05 0.119673
0.178336 0.550428 0.118277 0.152959
0.128112 0.752779 0.0633466 0.055762
0.242438 0.756773 9.9991E-05 0.00068932
9.9991E-05 0.542548 0.356622 0.10073
0.0881696 0.780274 0.131457 9.9991E-05
0.226934 0.697106 0.0561597 0.0198002
0.135062 0.519803 0.126688 0.218447
0.504662 0.226523 0.10619 0.162625
0.486826 0.288586 9.9991E-05 0.224488
0.350859 0.173516 0.180707 0.294918
0.471828 0.168402 0.103652 0.256118
