0.91561 0.0338408 0.023695 0.0268543
0.964376 9.9982E-05 0.0354237 9.9982E-05
0.818545 0.140903 9.9991E-05 0.0404518
0.850464 0.0696439 9.9991E-05 0.0797923
0.884547 0.0814509 9.9991E-05 0.0339024
0.701153 0.114014 0.167862 0.0169712
0.88469 0.0207762 0.094434 9.9991E-05
0.742929 0.0136446 0.209373 0.0340532
0.853544 9.9982E-05 0.146256 9.9982E-05
0.689472 0.147999 0.0876668 0.0748614
0.698801 0.086103 0.214996 9.9991E-05
0.059606 0.29289 0.555668 0.0918361
0.0949915 0.540868 0.251309 0.112832
0.15271 0.279416 0.459251 0.108623
0.0769818 0.396997 0.340622 0.1854
0.16681 0.473042 0.206758 0.15339
0.0601289 0.510139 0.261211 0.16852
9.9991E-05 0.504066 0.308216 0.187618
0.180671 0.44671 0.295113 0.0775061
0.11087 0.00939351 0.755046 0.12469
0.0635434 0.456962 0.337767 0.141728
0.0984905 0.568853 0.224394 0.108263
0.0756707 0.678277 0.203243 0.0428093
0.0916017 0.339922 0.445923 0.122554
0.0967103 0.668141 0.0901897 0.144959
0.0966009 0.669394 0.178789 0.0552163
0.0884006 0.274911 0.527605 0.109083
0.0708583 0.249621 0.455456 0.224065
0.11471 0.39826 0.484873 0.00215648
0.839955 0.0522105 9.9991E-05 0.107734
0.831785 0.126145 9.9991E-05 0.0419708
0.793263 0.109066 0.0112005 0.0864707
0.736666 0.157047 9.9991E-05 0.106186
0.110091 0.7118 0.178009 9.9991E-05
0.0517669 0.699006 0.220966 0.0282612
0.0415102 0.711069 0.179627 0.0677941
0.200428 0.250401 0.549071 9.9991E-05
9.9982E-05 0.560326 0.439474 9.9982E-05
0.116267 0.652735 0.227212 0.00378635
0.0544675 0.791205 0.0533132 0.101015
0.150929 0.671637 0.177334 9.9991E-05
0.141055 0.725617 0.133228 9.9991E-05
0.0396545 0.398204 0.562041 9.9991E-05
0.0681668 0.743227 0.0989449 0.0896615
9.9991E-05 0.568305 0.236072 0.195523
0.0669558 0.63487 0.133547 0.164627
9.9982E-05 0.551356 0.448444 9.9982E-05
0.00991489 0.777731 0.13925 0.0731036
0.0586616 0.600623 0.196355 0.144361
0.0760922 9.9982E-05 0.923708 9.9982E-05
0.0195409 0.2835 0.691641 0.00531767
0.0402489 0.147937 0.713055 0.0987585
0.0848231 0.642951 0.125881 0.146345
0.0918168 0.587772 0.16864 0.151771
0.0730889 0.714124 0.148771 0.0640165
0.158829 0.294955 0.546117 9.9991E-05
0.0445817 0.641548 0.263768 0.0501024
0.115463 0.650986 0.107951 0.1256
0.13486 0.448209 0.381541 0.0353902
0.251284 0.0994607 0.556113 0.0931432
0.0483923 0.614996 0.20751 0.129102
0.0738569 0.451797 0.380914 0.0934321
0.140954 0.106635 0.752311 9.9991E-05
0.0188371 0.578585 0.338878 0.0637
0.0511348 0.698113 0.173746 0.0770065
0.135738 0.602333 0.200854 0.0610745
0.116757 0.417931 0.430457 0.0348562
0.0825806 0.595442 0.284104 0.0378734
0.0799736 0.596918 0.266482 0.0566271
0.083893 0.289915 0.626092 9.9991E-05
9.9982E-05 0.689527 0.310273 9.9982E-05
0.02007 0.431673 0.548157 9.9991E-05
0.0567946 0.581257 0.291089 0.0708587
0.166473 0.51266 0.1707 0.150167
9.9982E-05 0.243506 0.756294 9.9982E-05
9.9982E-05 0.264901 0.734899 9.9982E-05
9.9982E-05 0.55217 0.44763 9.9982E-05
9.9982E-05 0.690548 0.309252 9.9982E-05
0.118308 0.581804 0.209386 0.0905029
0.00454508 0.507023 0.387854 0.100578
0.0626978 0.37916 0.51157 0.0465728
0.0521533 0.445841 0.501906 9.9991E-05
0.11101 0.668372 0.139629 0.0809891
0.0831956 0.529435 0.38727 9.9991E-05
0.0601905 0.655531 0.284179 9.9991E-05
9.9982E-05 0.597835 0.401965 9.9982E-05
9.9991E-05 0.187542 0.796708 0.01565
0.044131 0.741381 0.189774 0.0247143
0.851041 0.148759 9.9982E-05 9.9982E-05
0.920217 0.0795829 9.9982E-05 9.9982E-05
0.882377 0.0523898 9.9991E-05 0.0651335
0.921463 0.0552069 9.9991E-05 0.0232306
0.875838 0.0222173 0.0143373 0.0876076
0.903398 0.0467107 9.9991E-05 0.0497913
0.944374 0.0510016 9.9991E-05 0.00452423
0.0948332 0.684853 0.172865 0.0474493
0.0213533 0.629179 0.208878 0.140591
0.00338699 0.277546 0.718967 9.9991E-05
0.145467 0.62522 0.148874 0.0804385
0.0429207 0.60465 0.352329 9.9991E-05
0.0567361 0.781904 0.16126 9.9991E-05
9.9991E-05 0.691608 0.261711 0.0465803
9.9991E-05 0.692657 0.228875 0.0783685
0.0455065 0.182749 0.771644 9.9991E-05
0.161333 0.628392 0.163683 0.0465926
0.105379 0.861716 0.032805 9.9991E-05
0.121196 0.646722 0.140884 0.0911973
0.0255253 0.483439 0.467193 0.0238427
9.9982E-05 0.724908 0.274892 9.9982E-05
0.0112053 0.674113 0.285857 0.0288248
9.9991E-05 0.477779 0.40175 0.12037
0.061062 0.631419 0.3018 0.00571852
0.108647 0.756666 0.134587 9.9991E-05
0.030439 0.367266 0.571741 0.0305541
0.15965 0.460638 0.22035 0.159362
0.143674 0.411904 0.343325 0.101096
0.134453 0.562043 0.195694 0.10781
0.141972 0.623978 0.146844 0.0872064
0.0882707 0.580418 0.331211 9.9991E-05
0.037237 0.648699 0.232334 0.0817298
0.0710304 0.58438 0.328072 0.0165177
0.155734 0.4931 0.248649 0.102517
0.0280787 0.628787 0.239043 0.104091
0.106922 0.721235 0.171743 9.9991E-05
0.00428806 0.674536 0.321076 9.9991E-05
0.0109266 0.661868 0.168368 0.158838
0.14069 0.679953 0.14523 0.0341274
0.0726191 0.68309 0.187099 0.0571923
0.0902005 0.625521 0.202883 0.0813951
9.9991E-05 0.621911 0.271451 0.106538
0.139955 0.379049 0.382631 0.0983648
0.0696693 0.665015 0.141292 0.124024
9.9991E-05 0.755194 0.153665 0.0910415
0.069295 0.374684 0.499427 0.0565938
0.0185062 0.153025 0.664193 0.164276
0.0601855 0.570734 0.251589 0.117492
9.9991E-05 0.10909 0.785398 0.105412
0.10913 0.384922 0.505848 9.9991E-05
0.0693711 0.513204 0.417325 9.9991E-05
0.121151 0.465909 0.41284 9.9991E-05
0.0469584 0.382302 0.517971 0.0527681
0.131444 0.688729 0.131723 0.0481041
0.130882 0.60652 0.17238 0.0902171
0.0895998 0.668315 0.181428 0.0606568
9.9991E-05 0.18584 0.67206 0.142001
0.225365 0.481267 0.144452 0.148917
0.0568722 0.66108 0.185216 0.0968317
0.23084 0.105045 0.664015 9.9991E-05
0.135771 0.732895 0.0462264 0.0851071
0.0933072 0.416639 0.404542 0.085512
0.114964 0.614916 0.21122 0.0589003
0.160314 0.399455 0.438456 0.0017752
0.143166 0.289198 0.567536 9.9991E-05
0.293223 0.637277 0.0694001 9.9991E-05
0.100098 0.62553 0.274272 9.9991E-05
0.125855 0.553302 0.273602 0.0472408
0.145457 0.560413 0.243881 0.0502501
0.180541 0.629918 0.120548 0.0689931
0.120209 0.606147 0.119352 0.154292
0.0983082 0.0558525 0.646079 0.199761
0.0728017 0.669412 0.186975 0.070811
0.111225 0.644798 0.173034 0.0709428
0.00114914 0.501385 0.497366 9.9991E-05
9.9991E-05 0.63047 0.32234 0.0470898
0.161759 0.654909 0.127511 0.0558214
0.111631 0.519981 0.196795 0.171592
0.167645 0.49363 0.129829 0.208895
0.312764 0.149892 0.212489 0.324855
0.617664 9.9991E-05 0.192916 0.18932
0.477559 9.9991E-05 0.307722 0.21462
0.34436 0.0677468 0.184762 0.403131
9.9991E-05 0.758329 0.231768 0.00980275
0.094939 0.572951 0.186381 0.145728
9.9982E-05 0.328874 9.9982E-05 0.670926
9.9991E-05 0.452043 0.0804554 0.467402
0.0537535 0.440656 0.126362 0.379228
0.0168137 0.44609 0.480577 0.0565195
0.0972503 0.474278 0.307592 0.120879
0.0874204 0.252149 0.597093 0.0633376
9.9991E-05 0.754116 0.241442 0.00434223
0.0418505 0.621016 0.306071 0.0310632
0.00596584 0.594364 0.282674 0.116996
0.0194614 0.246207 0.649005 0.0853261
0.0889451 0.609884 0.159401 0.141769
0.0476772 0.668527 0.201245 0.0825507
0.144107 0.520829 0.227856 0.107207
0.1322 0.426023 0.168187 0.27359
9.9982E-05 0.0293319 9.9982E-05 0.970468
9.9982E-05 0.128344 9.9982E-05 0.871456
0.0863198 0.364405 9.9991E-05 0.549175
9.9982E-05 0.290107 9.9982E-05 0.709693
9.9982E-05 0.204189 9.9982E-05 0.795611
9.998E-05 9.998E-05 9.998E-05 0.9997
0.00144061 9.9991E-05 0.0595352 0.938924
9.9982E-05 0.179745 9.9982E-05 0.820055
9.998E-05 9.998E-05 9.998E-05 0.9997
9.998E-05 9.998E-05 9.998E-05 0.9997
9.998E-05 9.998E-05 9.998E-05 0.9997
0.0493333 0.178211 9.9991E-05 0.772356
0.0168809 0.0892058 0.0718722 0.822041
0.0077005 9.9982E-05 9.9982E-05 0.9921
0.125545 0.329788 0.136435 0.408232
0.0171509 0.246739 0.0428266 0.693284
0.0491758 0.206554 9.9991E-05 0.74417
9.9991E-05 0.134747 0.0306416 0.834512
9.998E-05 9.998E-05 9.998E-05 0.9997
0.0219673 0.109629 9.9991E-05 0.868303
9.998E-05 9.998E-05 9.998E-05 0.9997
0.0571402 0.358129 0.0418143 0.542917
0.0367674 9.9991E-05 0.0702788 0.892854
0.366092 9.9991E-05 0.494331 0.139478
0.198627 0.381345 0.292523 0.127505
0.253902 0.517159 0.156728 0.0722108
0.238119 0.182725 0.420081 0.159074
0.168361 0.594241 0.127268 0.11013
0.240147 0.217703 0.337176 0.204974
0.196261 0.475658 0.261503 0.0665776
0.169131 0.541235 0.172377 0.117257
0.146238 0.437959 0.211718 0.204085
0.185176 0.495354 0.142121 0.17735
0.225513 0.390892 0.0931723 0.290422
0.218666 0.579317 0.136763 0.0652536
0.229368 0.434675 0.151248 0.184708
0.86479 0.0655429 0.0695675 9.9991E-05
0.939897 9.9982E-05 9.9982E-05 0.059903
0.965281 9.9982E-05 0.0345193 9.9982E-05
0.958492 0.0179243 0.0234842 9.9991E-05
0.91766 0.0214111 9.9991E-05 0.0608291
0.891039 9.9982E-05 9.9982E-05 0.108761
0.910572 0.0238396 9.9991E-05 0.0654887
0.918804 9.9991E-05 0.0740175 0.00707832
0.919728 0.0163069 0.0222286 0.041737
0.875386 9.9982E-05 9.9982E-05 0.124414
0.62963 9.9991E-05 0.359547 0.0107239
0.661741 9.9982E-05 0.338059 9.9982E-05
0.586272 9.9982E-05 0.413529 9.9982E-05
0.527511 0.0113255 0.461064 9.9991E-05
0.102388 0.65328 0.244232 9.9991E-05
0.028319 0.599984 0.320264 0.0514327
0.081109 0.664475 0.215052 0.0393639
0.158869 0.523071 0.249031 0.0690297
0.122399 0.544289 0.333212 9.9991E-05
0.0890023 0.29269 0.618207 9.9991E-05
0.00603863 0.673085 0.20816 0.112717
0.00242955 0.702858 0.249282 0.0454308
9.9991E-05 0.634002 0.339056 0.0268423
9.9991E-05 0.584555 0.377893 0.0374519
0.037155 0.754329 0.181805 0.0267111
0.00929878 0.603169 0.387432 9.9991E-05
9.9982E-05 0.120707 0.879093 9.9982E-05
0.112279 0.632476 0.195984 0.0592601
9.9982E-05 0.463041 0.536759 9.9982E-05
0.0528475 0.71607 0.227038 0.00404426
0.0440696 0.339211 0.616619 9.9991E-05
0.267927 0.0519065 0.680066 9.9991E-05
0.25007 0.110595 0.639235 9.9991E-05
0.201066 9.9982E-05 0.798734 9.9982E-05
0.250216 0.0205277 0.729156 9.9991E-05
0.183609 0.102934 0.713358 9.9991E-05
0.211236 0.193525 0.595139 9.9991E-05
0.847815 0.146382 9.9991E-05 0.00570261
0.851356 0.112695 9.9991E-05 0.0358487
0.822895 0.106595 9.9991E-05 0.0704099
0.773587 0.109113 0.0179904 0.0993098
0.773416 0.0736446 9.9991E-05 0.152839
0.492608 0.0313122 0.47598 9.9991E-05
0.537112 0.00775047 0.455038 9.9991E-05
0.551822 9.9991E-05 0.441467 0.00661017
0.835797 0.0794751 9.9991E-05 0.0846277
0.464124 9.9982E-05 0.535676 9.9982E-05
0.192596 0.298296 0.0954439 0.413665
0.128429 0.544797 0.0775075 0.249267
0.172769 0.48124 9.9991E-05 0.345891
0.222239 0.273297 0.196236 0.308228
0.215539 0.58981 0.0399514 0.154699
0.430932 9.9991E-05 0.182494 0.386475
0.0881483 0.557323 0.354429 9.9991E-05
0.0221647 0.489827 0.445527 0.0424813
0.18362 0.387089 0.42919 9.9991E-05
0.02673 0.552908 0.368483 0.0518793
9.998E-05 9.998E-05 0.9997 9.998E-05
0.0786386 0.565172 0.220167 0.136022
0.0807358 0.577623 0.297887 0.0437539
0.107344 0.428574 0.463981 9.9991E-05
0.10472 0.63336 0.174303 0.0876167
9.9991E-05 0.141729 0.791441 0.0667301
0.00763808 0.529751 0.372982 0.0896283
0.0757387 0.609862 0.301672 0.0127282
0.146553 0.452641 0.185159 0.215646
9.9991E-05 0.425425 0.515268 0.0592075
0.0410761 0.578253 0.380571 9.9991E-05
0.00983741 0.64194 0.247453 0.10077
0.0680399 0.672079 0.259781 9.9991E-05
0.054212 0.664002 0.157445 0.12434
0.131503 0.600137 0.181753 0.0866074
0.172246 0.533236 0.216874 0.0776438
0.794566 0.137745 9.9991E-05 0.0675885
0.864666 0.135134 9.9982E-05 9.9982E-05
0.857102 0.134856 0.00794142 9.9991E-05
0.857294 0.12534 0.0172653 9.9991E-05
0.861899 0.137901 9.9982E-05 9.9982E-05
0.109234 0.304791 0.567394 0.01858
0.0557593 0.624201 0.202629 0.117411
0.252776 0.375796 0.12845 0.242979
0.0138549 0.776494 0.132616 0.0770353
0.0475593 0.591953 0.314662 0.0458256
0.00245513 0.275938 0.585842 0.135765
0.20229 0.00152005 0.79609 9.9991E-05
0.107512 0.647358 0.229955 0.0151748
0.149845 0.241343 0.549524 0.0592879
0.0551254 0.471418 0.382817 0.0906389
0.189442 0.13358 0.584041 0.0929372
0.109901 0.662965 0.0967604 0.130374
0.128043 0.33335 0.538507 9.9991E-05
0.160291 0.610452 0.0969423 0.132315
0.0666173 0.395681 0.432951 0.104751
0.10873 0.588273 0.239072 0.0639251
0.133015 0.425661 0.441224 9.9991E-05
0.125614 0.658755 0.215531 9.9991E-05
0.0962127 0.637494 0.200302 0.0659913
0.00091691 0.428546 0.570437 9.9991E-05
0.156844 0.550721 0.186984 0.10545
0.109519 0.591399 0.274377 0.0247061
0.0904067 0.725279 0.184215 9.9991E-05
9.9982E-05 0.237234 0.762566 9.9982E-05
0.0185629 0.383412 0.594975 0.00305067
0.0767502 0.619002 0.26998 0.034267
0.109583 0.55409 0.201117 0.13521
0.0110937 0.25269 0.736117 9.9991E-05
0.0803159 0.577266 0.342319 9.9991E-05
0.0847344 0.154038 0.727081 0.0341468
9.9991E-05 0.264211 0.629499 0.10619
0.0551769 0.371724 0.446673 0.126426
0.0553288 0.624872 0.242065 0.0777343
0.0611657 0.349401 0.589333 9.9991E-05
0.0877926 0.582708 0.257676 0.0718236
0.125288 0.581118 0.196757 0.0968373
0.0422042 0.506063 0.334544 0.117188
9.9991E-05 0.554134 0.288965 0.156801
0.106878 0.461386 0.378407 0.0533283
9.9991E-05 0.270667 0.617647 0.111586
0.0265127 0.432038 0.427587 0.113862
9.9991E-05 0.70002 0.226021 0.0738594
0.0804215 0.642545 0.157345 0.119688
0.0462422 0.409676 0.473249 0.0708324
9.9991E-05 0.620553 0.281715 0.0976316
0.133942 0.375625 0.386088 0.104344
0.0607375 0.749176 0.133978 0.0561083
0.106991 0.570921 0.246622 0.0754654
0.0812836 0.476418 0.250986 0.191312
0.339052 0.438059 0.0596949 0.163194
0.200809 0.596732 0.0157077 0.186752
0.147842 0.493852 0.151735 0.206572
0.0591046 0.663387 0.0951575 0.182351
0.187302 0.596689 0.026745 0.189264
9.9991E-05 0.506936 0.402695 0.0902691
0.227577 0.594577 0.0538075 0.124039
0.198334 9.9991E-05 0.533872 0.267694
0.0961437 0.588698 0.120861 0.194297
0.169979 0.68628 0.0274865 0.116254
0.0928737 0.508406 0.0995908 0.299129
0.185678 0.271957 0.322324 0.220041
0.247848 0.547216 0.0165337 0.188402
0.189051 0.536701 0.0233229 0.250925
0.515369 9.9991E-05 0.245788 0.238744
0.135912 0.512775 0.0848337 0.266479
0.203385 0.600187 9.9991E-05 0.196328
0.115425 0.634511 0.155535 0.0945283
0.134617 0.586964 0.00780552 0.270614
0.238809 0.637702 0.0293704 0.0941189
0.0475065 0.51551 0.292617 0.144366
0.0762989 0.51436 0.283483 0.125858
9.9982E-05 0.152659 0.847141 9.9982E-05
0.121527 0.403165 0.273962 0.201346
0.147505 0.70302 0.0963468 0.0531281
0.0140759 0.0663895 0.870379 0.0491555
0.0218169 0.543596 0.258873 0.175715
0.135041 0.478957 0.315975 0.0700263
0.142246 0.553591 0.0392232 0.26494
0.0657779 0.373377 0.142557 0.418288
0.226931 0.176592 0.225662 0.370816
0.192499 0.403311 0.108828 0.295361
0.161223 0.50261 0.140224 0.195943
0.0560915 0.101758 0.652254 0.189897
0.122405 0.355411 0.396123 0.126061
9.9991E-05 0.602811 0.210906 0.186183
0.0186289 0.595856 0.204945 0.18057
0.013658 0.259703 0.499032 0.227606
0.122031 0.595863 0.169454 0.112652
0.0466853 0.600102 0.181183 0.172029
0.145318 0.603233 0.127762 0.123687
0.0151122 0.552284 0.432503 9.9991E-05
0.0183989 0.462555 0.469441 0.0496053
0.215853 0.560245 0.187523 0.0363792
0.118174 0.626635 0.203256 0.0519352
0.118995 0.444969 0.343671 0.0923644
0.118283 0.500226 0.265246 0.116246
0.0601916 0.537104 0.284183 0.118521
0.033643 0.562058 0.369886 0.034413
9.9982E-05 0.475736 0.524064 9.9982E-05
0.0611728 0.815293 0.123434 9.9991E-05
0.1103 0.649748 0.164165 0.0757863
9.9991E-05 0.420913 0.556269 0.0227185
9.9991E-05 0.55859 0.382375 0.0589351
0.0990148 0.548937 0.249352 0.102695
0.0151651 0.583195 0.3322 0.0694398
0.221873 0.445222 0.139528 0.193377
0.157438 0.393303 0.254997 0.194262
0.228843 0.402606 0.0863542 0.282197
0.135601 0.512851 0.211779 0.139769
0.220896 0.396684 0.15895 0.22347
0.153593 0.469134 0.162706 0.214566
0.145942 0.537049 0.134851 0.182157
0.182274 0.659773 0.0882863 0.0696669
0.173598 0.0301395 0.542784 0.253479
0.0219078 0.657559 0.0565179 0.264016
0.393072 9.9991E-05 0.383887 0.222941
0.0697515 0.604972 0.0930092 0.232267
0.207817 0.563802 0.111841 0.116541
9.9982E-05 0.305907 0.693893 9.9982E-05
9.9991E-05 0.0321407 0.928014 0.0397449
9.9991E-05 0.606674 0.379753 0.0134727
0.0156629 0.784806 0.13788 0.0616506
9.9982E-05 0.539865 0.459936 9.9982E-05
0.00196697 0.643866 0.301648 0.0525187
9.9991E-05 0.711716 0.280902 0.00728198
0.784851 0.07496 0.0711386 0.0690503
0.767496 9.9991E-05 0.0862721 0.146132
0.918438 9.9982E-05 9.9982E-05 0.081362
0.954547 0.0162208 9.9991E-05 0.0291322
0.0410865 0.645704 0.235533 0.0776765
0.109189 0.693647 0.197065 9.9991E-05
9.9982E-05 0.728463 0.271337 9.9982E-05
0.0306139 0.700782 0.182269 0.0863352
0.0998235 0.725594 0.147205 0.0273778
0.0505965 0.42678 0.522524 9.9991E-05
9.9991E-05 0.77061 0.150754 0.0785361
9.9982E-05 0.538954 0.460846 9.9982E-05
0.31904 0.537918 0.00764546 0.135397
9.9991E-05 0.582668 0.349623 0.0676091
9.9991E-05 0.608132 0.391454 0.000313996
0.101543 0.535365 0.201151 0.16194
9.9991E-05 0.7157 0.267673 0.0165272
9.9991E-05 0.582661 0.410785 0.00645308
9.9982E-05 0.807656 0.192144 9.9982E-05
0.0982784 0.826778 0.0748432 9.9991E-05
9.9982E-05 0.344129 0.655671 9.9982E-05
9.9982E-05 0.480748 0.519052 9.9982E-05
9.9991E-05 0.506804 0.479699 0.0133977
9.9982E-05 0.130462 0.869338 9.9982E-05
0.22764 0.553671 0.0834822 0.135207
0.0392613 0.568664 0.335764 0.0563103
9.9991E-05 0.251922 0.716416 0.0315617
9.9991E-05 0.0773105 0.881286 0.041303
0.0682166 0.719635 0.195452 0.0166966
0.0274598 0.477636 0.494804 9.9991E-05
0.0606568 0.541905 0.285478 0.11196
0.146734 0.559268 0.180174 0.113823
0.0213328 0.630332 0.348235 9.9991E-05
9.9991E-05 0.345142 0.525608 0.12915
0.0633573 0.664118 0.210939 0.0615852
0.0556439 0.557516 0.315625 0.0712152
9.9982E-05 0.548635 0.451165 9.9982E-05
0.123972 0.715935 0.143914 0.0161785
0.740846 9.9982E-05 0.258954 9.9982E-05
0.775573 0.0464464 0.159805 0.0181757
0.858086 9.9982E-05 0.141714 9.9982E-05
0.880392 9.9982E-05 0.119408 9.9982E-05
0.748762 0.0737671 0.177371 9.9991E-05
0.0579414 0.391547 0.550411 9.9991E-05
0.0343871 0.350415 0.615098 9.9991E-05
9.9982E-05 0.477254 0.522546 9.9982E-05
0.115341 0.685129 0.112509 0.0870207
0.128289 0.658111 0.159125 0.0544751
0.034803 0.523977 0.420861 0.0203592
0.00605823 0.683099 0.150071 0.160772
9.9991E-05 0.612186 0.334259 0.0534548
0.18395 0.610121 0.168717 0.0372119
0.0402744 0.7644 0.195225 9.9991E-05
0.065727 0.687178 0.189043 0.0580521
0.00616496 0.495687 0.498048 9.9991E-05
9.9982E-05 0.586326 0.413474 9.9982E-05
9.9982E-05 0.609593 0.390207 9.9982E-05
0.154189 0.647392 0.191477 0.00694178
0.0174106 0.61991 0.362579 9.9991E-05
0.00908944 0.646929 0.320467 0.0235144
0.0992232 0.466775 9.9991E-05 0.433901
0.155519 0.409682 0.039323 0.395476
0.104648 0.391235 9.9991E-05 0.504017
0.140827 0.315997 0.00778773 0.535388
0.0996531 0.445613 0.0631312 0.391603
9.9991E-05 0.654367 0.240131 0.105402
0.288819 0.0673003 9.9991E-05 0.643781
0.169153 0.25103 9.9991E-05 0.579717
0.111414 0.544558 0.14616 0.197868
0.201616 0.71224 0.0860435 9.9991E-05
0.179551 0.565254 0.246524 0.00867109
0.149283 0.627812 0.146367 0.0765374
0.111938 0.659416 0.188299 0.040347
0.166587 0.397736 9.9991E-05 0.435577
0.125471 0.516377 0.0221705 0.335981
0.067401 0.386892 0.002247 0.54346
0.144358 0.616914 0.0252592 0.213469
0.126033 0.276472 0.0127371 0.584758
0.176534 0.491023 0.0204407 0.312002
0.119486 0.227496 0.0386552 0.614362
0.0843469 0.438346 0.0602077 0.4171
0.133658 0.630266 0.140229 0.0958469
0.148486 0.400904 0.0468416 0.403768
0.196743 0.135899 0.00919131 0.658167
0.10646 0.461952 0.241544 0.190043
0.16387 0.369451 0.143443 0.323235
0.141405 0.295842 0.141283 0.42147
0.217849 0.283611 0.485732 0.012809
9.9991E-05 0.689976 0.181523 0.128401
0.228183 0.396852 0.0648334 0.310131
0.249978 0.499092 0.122829 0.128101
0.205707 0.678761 0.0738716 0.0416608
0.198702 0.616984 0.184214 9.9991E-05
0.233695 0.447902 0.125626 0.192777
0.235047 0.412742 0.0382679 0.313944
0.103885 0.708552 0.0904589 0.0971041
0.133676 0.429707 0.0987569 0.337861
0.173677 0.456607 0.106259 0.263457
0.0763957 0.509695 0.0342732 0.379636
0.102502 0.475165 0.00397722 0.418355
0.206782 0.135273 9.9991E-05 0.657845
0.108638 0.663337 0.175221 0.0528042
0.148797 0.642087 0.209016 9.9991E-05
0.145024 0.205597 0.521857 0.127523
0.105453 0.668705 0.132426 0.0934163
0.157575 0.487906 0.343399 0.0111206
0.213563 0.476339 0.102147 0.207951
0.16242 0.558763 0.165972 0.112845
0.339399 9.9991E-05 0.417896 0.242606
0.346694 9.9991E-05 0.420058 0.233148
0.137502 0.341226 0.342136 0.179137
0.30304 0.0112237 0.40344 0.282296
0.405951 9.9991E-05 0.238148 0.355801
0.144484 0.379941 0.254022 0.221553
0.216325 0.425525 0.170863 0.187287
0.310162 0.188881 0.303175 0.197783
0.373945 9.9991E-05 0.367526 0.258429
0.11186 0.53782 0.135138 0.215182
0.233413 0.103397 0.418299 0.244891
0.175575 0.596038 0.190275 0.0381116
0.497057 9.9991E-05 0.340018 0.162825
0.140869 0.578613 0.130018 0.1505
0.139148 0.390805 0.175564 0.294483
0.313296 0.403379 0.0597105 0.223614
0.14609 0.526946 9.9991E-05 0.326864
0.242921 0.46921 0.148594 0.139275
0.207345 0.602262 0.0160713 0.174322
0.172248 0.502319 0.0442854 0.281148
0.338037 0.390494 9.9991E-05 0.271369
0.255345 0.575808 9.9991E-05 0.168747
0.263071 0.422797 0.0510493 0.263083
0.234414 0.254359 0.157613 0.353613
0.17604 0.341767 0.281067 0.201126
0.168186 0.569165 0.0834448 0.179204
0.159218 0.592396 0.0119251 0.236461
0.139324 0.652542 0.0154944 0.192639
0.309083 0.374856 0.00115959 0.314901
0.162882 0.593412 0.0117535 0.231953
0.380801 0.188775 0.171888 0.258536
0.215 0.533142 0.0479649 0.203893
0.285577 0.228371 0.0975847 0.388468
0.874942 0.0181096 0.106849 9.9991E-05
0.193669 0.138038 0.625272 0.0430213
0.179236 0.0257707 0.794893 9.9991E-05
0.177066 0.0695496 0.753285 9.9991E-05
0.170235 0.0880082 0.741657 9.9991E-05
0.1824 0.136761 0.680738 9.9991E-05
0.164848 0.193116 0.641936 9.9991E-05
0.225167 9.9982E-05 0.774633 9.9982E-05
0.396341 0.0546467 0.548913 9.9991E-05
0.917134 0.0759304 9.9991E-05 0.00683604
0.846352 0.0542444 0.0779516 0.0214521
0.907995 9.99943E-05 0.0285455 0.0633597
0.857672 0.0791527 0.0630755 9.9991E-05
0.925705 0.00896069 0.00548077 0.0598535
0.910065 9.9991E-05 0.0568853 0.0329497
0.727901 0.0708603 0.0398154 0.161423
0.853939 0.0564109 0.000870527 0.0887796
0.720673 0.018021 0.166344 0.0949619
0.886236 0.00867615 0.0184298 0.0866581
0.990474 9.9982E-05 0.00932559 9.9982E-05
0.820277 0.0629544 0.0500328 0.0667357
0.993491 9.9982E-05 9.9982E-05 0.00630938
0.94682 0.0313293 9.9991E-05 0.0217507
0.874172 0.0967857 9.9991E-05 0.0289425
0.841675 0.0733428 9.9991E-05 0.0848823
0.774444 0.116781 9.9991E-05 0.108675
0.803364 0.130388 9.9991E-05 0.0661481
0.810872 0.0899612 9.9991E-05 0.0990672
0.140577 0.523684 0.308143 0.0275949
0.0716528 0.823937 0.102537 0.00187246
0.195456 0.672823 0.104828 0.0268929
0.0828391 0.314765 0.561881 0.0405154
0.201484 0.612919 0.185497 9.9991E-05
0.19326 0.13064 0.589512 0.086588
0.136643 0.711839 0.0905171 0.061001
0.144182 0.484359 0.371359 9.9991E-05
0.111529 0.679778 0.208593 9.9991E-05
0.055302 0.603993 0.301091 0.0396142
0.171246 0.524076 0.304578 9.9991E-05
0.12032 0.759959 0.11962 9.9991E-05
0.0919483 0.675769 0.204351 0.0279319
9.9991E-05 0.060425 0.798744 0.140731
0.111609 0.020073 0.816352 0.0519667
0.142155 0.178124 0.603941 0.0757801
0.159124 0.670427 0.107636 0.0628122
0.133642 0.637793 0.206658 0.0219068
0.120985 0.659364 0.186915 0.032736
0.126999 0.792054 0.0518263 0.0291205
0.150513 0.576117 0.0467041 0.226666
0.223779 0.636924 0.00535647 0.133941
0.455028 0.153623 0.232188 0.15916
0.157675 0.826518 0.0157074 9.99926E-05
0.282577 0.497235 0.115182 0.105006
0.396206 9.9991E-05 0.334386 0.269308
0.32456 0.340352 0.0944334 0.240655
0.320088 0.324924 0.121615 0.233373
0.326863 0.490734 0.0957904 0.0866126
0.193205 0.524914 0.0794098 0.20247
0.200417 0.632984 9.9991E-05 0.166499
0.223824 0.586775 9.9991E-05 0.189301
0.159998 0.392316 0.150294 0.297392
0.488282 0.329235 0.0121752 0.170308
