0.0643528 9.9982E-05 0.835555 9.9982E-05 0.0506137 0.0133352 0.0226094 0.0133337
9.9955E-05 9.9955E-05 0.86995 0.0731297 0.0564206 9.9955E-05 9.9955E-05 9.9955E-05
0.0334719 0.108825 0.778155 9.9982E-05 0.0636081 9.9982E-05 0.00892753 0.00681324
0.0726974 0.0237843 0.765658 9.9982E-05 0.0526969 9.9982E-05 0.0363987 0.0485643
0.0204076 0.0920153 0.887077 9.9955E-05 9.9955E-05 9.9955E-05 9.9955E-05 9.9955E-05
0.0408786 0.0408732 0.599061 0.0738531 9.9982E-05 0.168618 9.9982E-05 0.0765158
0.00642862 9.9982E-05 0.68337 0.142776 0.0689434 9.9982E-05 0.0559971 0.0422852
0.0628748 0.0127935 0.621499 0.177251 0.0441354 9.9991E-05 0.0515265 0.0298194
0.0949752 9.9982E-05 0.814887 0.0380945 0.0150211 0.0202444 0.0165775 9.9982E-05
0.0613974 0.0509264 0.592572 0.192912 0.0654926 9.9982E-05 9.9982E-05 0.0364995
0.0912629 0.0674357 0.70161 0.0991944 0.00593011 9.9982E-05 0.0343671 9.9982E-05
9.9964E-05 0.0134325 9.9964E-05 9.9964E-05 9.9964E-05 0.0700168 0.870237 0.0459133
0.0251247 0.416397 9.9973E-05 9.9973E-05 0.0533234 9.9973E-05 0.446823 0.0580317
9.9973E-05 0.0714484 9.9973E-05 0.0622001 0.00745856 9.9973E-05 0.832703 0.02589
9.9964E-05 0.0621317 0.00224456 9.9964E-05 9.9964E-05 9.9964E-05 0.801518 0.133706
0.00825645 0.203794 0.126469 9.9982E-05 9.9982E-05 0.0710078 0.504667 0.0856053
9.9973E-05 0.346887 9.9973E-05 9.9973E-05 0.0734762 0.089628 0.400042 0.0896662
9.9982E-05 0.0948156 0.103625 9.9982E-05 0.0118393 0.00874156 0.685492 0.0952864
9.9964E-05 9.9964E-05 0.0262581 0.0879306 0.0157381 9.9964E-05 0.869673 9.9964E-05
0.0487742 0.391848 0.0328199 9.9991E-05 0.0495471 0.0488496 0.390309 0.0377515
9.9982E-05 0.382993 0.0616719 0.127106 0.0588238 9.9982E-05 0.303932 0.0652725
9.9973E-05 0.463155 0.0376432 9.9973E-05 9.9973E-05 0.040603 0.414134 0.044165
9.9973E-05 0.0721764 9.9973E-05 0.0370306 0.0325768 9.9973E-05 0.796763 0.0611538
9.9973E-05 0.265808 0.0674636 9.9973E-05 0.0246592 9.9973E-05 0.509131 0.132639
9.9946E-05 9.9946E-05 9.9946E-05 9.9946E-05 9.9946E-05 9.9946E-05 0.943514 0.055886
9.9955E-05 9.9955E-05 0.0109579 9.9955E-05 9.9955E-05 9.9955E-05 0.814875 0.173668
0.0110438 0.0778124 0.0346692 0.057831 9.9973E-05 9.9973E-05 0.818344 9.9973E-05
9.994E-05 9.994E-05 9.994E-05 9.994E-05 0.9993 9.994E-05 9.994E-05 9.994E-05
9.994E-05 9.994E-05 9.994E-05 9.994E-05 0.9993 9.994E-05 9.994E-05 9.994E-05
9.9973E-05 0.0872318 0.534084 9.9973E-05 0.316757 0.0607331 0.000894229 9.9973E-05
0.0284154 0.0206133 0.542745 9.9982E-05 0.232404 0.12271 9.9982E-05 0.0529127
0.0702584 0.482508 0.080129 9.9991E-05 0.00636896 0.253731 0.103097 0.00380737
9.9973E-05 0.469065 0.0143802 9.9973E-05 0.0410108 0.395763 9.9973E-05 0.0794812
0.186793 0.0905303 0.0925562 0.0784844 9.9982E-05 0.0531412 0.498295 9.9982E-05
9.9982E-05 0.192491 0.0380671 0.00340886 9.9982E-05 0.683084 0.0266638 0.0560847
9.9964E-05 0.673918 0.0682466 9.9964E-05 9.9964E-05 0.19543 9.9964E-05 0.0620059
0.0784674 0.60384 0.148162 0.0964836 0.00832637 0.0637289 0.000891299 9.9991E-05
0.0643597 0.625417 0.0616108 9.9991E-05 0.0936556 0.11356 0.0180289 0.0232681
9.9973E-05 0.0347626 0.070957 9.9973E-05 0.00401286 0.645311 0.244657 9.9973E-05
0.022084 0.538665 0.0373907 0.111755 0.0268939 0.146712 0.0281721 0.0883269
9.99666E-05 0.324889 0.00852418 0.0485496 9.99666E-05 0.617637 9.99666E-05 9.99666E-05
9.9955E-05 9.9955E-05 0.0332972 0.421676 9.9955E-05 0.544527 9.9955E-05 9.9955E-05
0.258666 0.0700482 9.9982E-05 0.143907 0.0174814 0.2249 0.284797 9.9982E-05
9.9964E-05 0.086658 9.9964E-05 0.43007 9.9964E-05 0.166596 0.316276 9.9964E-05
0.262718 0.159344 0.113927 0.0550351 9.9991E-05 0.256096 0.134514 0.0182663
0.111596 0.451408 9.9982E-05 0.0856039 0.00523534 9.9982E-05 0.272035 0.0739214
0.00558254 0.266932 0.138113 0.143002 0.050283 0.0759793 0.320008 9.9991E-05
0.109568 0.0700321 0.174012 0.235159 9.9991E-05 0.0415944 0.322885 0.0466489
0.0148798 0.368844 0.0945234 0.0777662 0.0361164 9.9982E-05 0.40767 9.9982E-05
0.16405 9.9973E-05 9.9973E-05 0.15523 0.0344432 0.0935408 0.552436 9.9973E-05
0.0581727 0.476457 9.9982E-05 0.00551888 0.0472614 0.0679217 0.344468 9.9982E-05
0.0217826 0.538926 9.9991E-05 0.137066 0.00319205 0.16201 0.031999 0.104923
0.0698398 0.134068 0.0067703 0.115717 0.0211652 0.207748 0.382252 0.0624395
0.0731197 0.312277 9.9991E-05 0.0653069 0.0490308 0.145948 0.236661 0.117556
0.0653001 0.063638 9.9982E-05 0.14484 0.0572276 0.110076 0.558718 9.9982E-05
0.00882813 0.505592 9.9973E-05 9.9973E-05 0.0427819 0.412541 0.0299579 9.9973E-05
9.9982E-05 0.142643 0.0129215 9.9982E-05 0.023246 0.619556 0.188335 0.0130983
9.9955E-05 9.9955E-05 9.9955E-05 0.138213 0.00162771 0.859659 9.9955E-05 9.9955E-05
9.9955E-05 9.9955E-05 9.9955E-05 0.12922 9.9955E-05 0.811392 0.0588878 9.9955E-05
9.9964E-05 0.182772 0.0431481 9.9964E-05 9.9964E-05 0.772943 9.9964E-05 0.000736861
0.0477186 0.380327 9.9982E-05 9.9982E-05 0.00748279 0.483623 0.0236615 0.0569868
9.9982E-05 0.40408 0.0657574 9.9982E-05 0.0390614 0.399994 0.0886227 0.00228459
0.148599 0.00916025 0.0677615 9.9982E-05 9.9982E-05 0.671679 0.0421252 0.0604754
0.126038 0.134754 0.0641536 9.9991E-05 0.00284961 0.547797 0.115566 0.00874145
9.9973E-05 0.226669 0.0335344 9.9973E-05 0.0516928 0.526479 0.161325 9.9973E-05
9.9973E-05 0.270092 0.017053 9.9973E-05 0.0915813 0.398765 0.222209 9.9973E-05
9.9964E-05 0.354313 9.9964E-05 0.0403616 0.0379504 0.566975 9.9964E-05 9.9964E-05
9.9955E-05 9.9955E-05 0.0428708 0.2425 9.9955E-05 0.714129 9.9955E-05 9.9955E-05
9.9964E-05 9.9964E-05 0.747958 9.9964E-05 0.0537185 9.9964E-05 0.138916 0.0590076
9.9964E-05 0.0228102 0.830399 9.9964E-05 0.115797 0.0305936 9.9964E-05 9.9964E-05
0.00983666 0.0105136 0.80931 9.9982E-05 0.114716 0.0212477 9.9982E-05 0.034176
9.9973E-05 9.9973E-05 0.865989 0.00205117 0.0830743 0.0143719 9.9973E-05 0.0342138
9.9982E-05 0.0346198 0.779391 9.9982E-05 0.101263 0.0140033 0.0260335 0.0444886
0.0179618 9.9973E-05 0.86586 9.9973E-05 0.0638185 0.0183726 9.9973E-05 0.0336869
9.9982E-05 0.0265833 0.8776 9.9982E-05 0.0705296 0.00928229 0.00328739 0.0125177
9.9955E-05 9.9955E-05 0.0396368 9.9955E-05 9.9955E-05 0.800181 0.159682 9.9955E-05
9.9982E-05 0.338669 0.0193658 9.9982E-05 0.00456421 0.394394 0.217675 0.0251319
9.9973E-05 0.542105 0.0376265 9.9973E-05 0.0725282 0.250351 0.0970887 9.9973E-05
0.0147593 0.477355 0.00794329 0.110683 0.00768229 0.295844 0.0300043 0.0557291
0.0153641 0.331005 9.9973E-05 9.9973E-05 0.0271337 0.506704 9.9973E-05 0.119493
0.0213246 9.9973E-05 0.0793264 0.0158711 9.9973E-05 0.766296 0.116882 9.9973E-05
9.9973E-05 0.253555 9.9973E-05 0.136286 9.9973E-05 0.481374 0.103413 0.0250728
9.9973E-05 0.493868 0.086758 0.000908883 0.00652963 0.411635 9.9973E-05 9.9973E-05
0.016533 0.345526 9.9991E-05 0.00362927 0.0650974 0.339894 0.22171 0.00751048
0.0366257 0.201921 9.9964E-05 9.9964E-05 9.9964E-05 0.629765 9.9964E-05 0.131288
0.0298982 0.351547 0.127013 9.9982E-05 0.0127753 0.376734 0.101833 9.9982E-05
9.9991E-05 0.182818 0.000778936 0.260224 0.0081249 0.110043 0.401356 0.036556
0.221314 0.334468 0.111029 0.0233872 0.0382988 0.00998048 0.261422 9.9991E-05
0.0393682 0.402585 0.0244133 0.0512283 0.0692519 9.9982E-05 0.412953 9.9982E-05
0.129771 0.472879 0.0157223 9.9973E-05 9.9973E-05 9.9973E-05 0.278702 0.102626
0.137978 0.369608 0.0601849 9.9982E-05 9.9982E-05 0.081533 0.33009 0.0204066
0.0623592 0.562237 0.0442441 0.040533 9.9991E-05 0.0910198 0.190693 0.00881368
0.149467 0.477937 0.0219427 9.9982E-05 0.0229536 0.0431315 0.284369 9.9982E-05
0.1347 0.521853 9.9982E-05 9.9982E-05 0.00824606 0.0234862 0.25162 0.0598944
0.121567 0.43679 0.00701805 0.1085 0.0216024 9.9991E-05 0.220499 0.0839238
0.0600057 0.319968 0.0155665 0.220038 0.0531444 0.0187567 0.309236 0.00328484
0.170776 0.568271 0.0568384 9.9982E-05 9.9982E-05 0.0167307 0.10628 0.0809047
0.131839 0.647771 0.015319 0.0512 0.0353567 9.9982E-05 0.118314 9.9982E-05
0.180757 0.213751 0.03541 0.00256544 0.0350146 0.135604 0.396798 9.9991E-05
0.0721009 0.151375 9.9982E-05 0.315743 9.9982E-05 0.081214 0.352282 0.0270841
0.275777 0.08749 9.9982E-05 0.244711 9.9982E-05 0.212113 0.120599 0.0591102
0.124549 0.188887 0.0278894 0.0592004 0.00347528 0.132672 0.463226 9.9991E-05
0.151045 0.371262 0.0210504 0.0128327 9.9982E-05 0.106756 0.336854 9.9982E-05
0.159476 0.266893 0.0224262 9.9982E-05 0.0371633 0.115295 0.398546 9.9982E-05
0.114418 0.191687 0.0177056 0.0146187 0.00868996 0.134546 0.518234 9.9991E-05
0.140563 0.526489 0.0514218 9.9991E-05 0.0469726 0.00802725 0.146608 0.0798179
0.078728 0.149855 9.9982E-05 0.25487 9.9982E-05 0.11486 0.344062 0.0574247
0.104558 0.523107 0.0524651 0.0887718 0.0328145 0.105581 0.0687738 0.0239296
0.0614679 0.10277 0.0956498 0.535619 0.0286661 0.0768191 0.098908 9.9991E-05
0.0732249 0.370277 0.0935581 0.288156 0.0114304 0.128582 9.9991E-05 0.034671
0.0421712 0.334605 0.0532961 0.115572 0.0221765 0.119387 0.17208 0.140713
0.0329548 0.343052 0.0830654 0.425053 0.0479928 0.039768 9.9991E-05 0.0280142
0.0812358 0.273041 0.0232502 0.473242 0.0289025 0.0379493 0.0822793 9.9991E-05
0.0689222 0.474521 0.020588 0.215734 0.0155759 0.0541455 0.150413 9.9991E-05
9.9982E-05 9.9982E-05 0.0140855 0.403101 0.0382053 0.108357 0.284193 0.151858
0.0394566 0.338473 9.9973E-05 0.300521 9.9973E-05 0.141326 0.179923 9.9973E-05
9.9964E-05 0.479117 9.9964E-05 0.239938 9.9964E-05 0.14051 0.140035 9.9964E-05
9.9982E-05 0.0941365 0.198561 0.2917 0.0499032 9.9982E-05 0.0852106 0.280289
9.9964E-05 9.9964E-05 0.509446 0.360205 0.00471239 9.9964E-05 9.9964E-05 0.125237
9.9964E-05 9.9964E-05 0.353256 0.453004 0.0240135 9.9964E-05 9.9964E-05 0.169327
9.9973E-05 0.0132729 0.343284 0.226531 9.9973E-05 9.9973E-05 0.11367 0.302942
0.0691152 0.701261 9.9982E-05 0.125105 0.0367252 0.0515698 9.9982E-05 0.0160245
9.9964E-05 0.271445 9.9964E-05 9.9964E-05 0.00356632 9.9964E-05 0.0488072 0.675782
9.9973E-05 0.398945 9.9973E-05 0.41296 0.0111377 0.137109 0.0395481 9.9973E-05
0.00256154 0.29544 9.9973E-05 0.527831 9.9973E-05 0.155359 0.0185092 9.9973E-05
0.034643 0.612451 0.0140068 0.183376 9.9982E-05 0.146024 9.9982E-05 0.00929911
0.0341262 0.476124 9.9982E-05 0.240993 0.0159308 0.0154979 0.217128 9.9982E-05
0.042452 0.612691 0.0529604 0.225901 9.9991E-05 0.016386 0.0275855 0.0219236
9.9964E-05 0.298334 9.9964E-05 0.447739 9.9964E-05 0.128677 0.12485 9.9964E-05
9.9946E-05 9.9946E-05 9.9946E-05 9.9946E-05 9.9946E-05 0.0787099 9.9946E-05 0.92069
0.0289369 0.101506 9.9955E-05 9.9955E-05 9.9955E-05 9.9955E-05 9.9955E-05 0.869058
0.0218114 0.250848 0.00236032 9.9982E-05 0.0241078 9.9982E-05 0.0169603 0.683712
0.106914 0.135251 9.9964E-05 9.9964E-05 9.9964E-05 0.00821311 9.9964E-05 0.749222
9.994E-05 9.994E-05 9.994E-05 9.994E-05 9.994E-05 9.994E-05 9.994E-05 0.9993
0.0675078 9.9955E-05 9.9955E-05 9.9955E-05 0.0449037 9.9955E-05 9.9955E-05 0.887089
9.9955E-05 0.129356 9.9955E-05 9.9955E-05 9.9955E-05 0.0341586 9.9955E-05 0.835986
0.0290836 9.9964E-05 9.9964E-05 9.9964E-05 0.0201815 0.0456431 9.9964E-05 0.904692
9.994E-05 9.994E-05 9.994E-05 9.994E-05 9.994E-05 9.994E-05 9.994E-05 0.9993
9.9946E-05 9.9946E-05 9.9946E-05 9.9946E-05 0.00861615 9.9946E-05 9.9946E-05 0.990784
9.9964E-05 0.117224 9.9964E-05 9.9964E-05 0.0930678 9.9964E-05 0.0875862 0.701722
9.9973E-05 0.0477422 0.0742374 9.9973E-05 0.00901111 9.9973E-05 0.11759 0.751119
9.9955E-05 9.9955E-05 9.9955E-05 9.9955E-05 0.00638046 0.0529611 9.9955E-05 0.940159
0.0283866 0.144981 0.0374768 9.9991E-05 0.0141579 0.00140181 0.0500608 0.723435
0.00686524 0.0947908 9.9973E-05 9.9973E-05 0.020354 9.9973E-05 0.0627108 0.814979
9.9955E-05 0.0388701 9.9955E-05 9.9955E-05 9.9955E-05 0.0130893 9.9955E-05 0.947541
0.0769983 0.0652681 0.0244919 9.9973E-05 0.00348314 9.9973E-05 9.9973E-05 0.829459
9.9946E-05 9.9946E-05 9.9946E-05 9.9946E-05 0.0305039 9.9946E-05 9.9946E-05 0.968896
0.0852411 0.142773 0.0372994 9.9991E-05 0.0515764 0.0558925 0.0514491 0.575668
0.0191967 9.9964E-05 9.9964E-05 9.9964E-05 9.9964E-05 0.0290589 0.0910272 0.860317
9.9973E-05 0.014596 0.286996 0.606467 9.9973E-05 9.9973E-05 0.0368664 0.0547756
0.0469546 0.412651 0.145503 0.182637 0.0314892 0.0160585 0.113584 0.0511231
0.0654791 0.435081 0.210871 0.199142 0.0228136 9.9982E-05 9.9982E-05 0.0664131
0.0568075 0.247092 0.123868 0.438418 0.0563004 9.9982E-05 9.9982E-05 0.0773146
9.9991E-05 0.140029 0.226989 0.265327 0.0247913 0.0473099 0.160049 0.135405
9.9982E-05 0.408185 0.128347 0.245389 0.012363 0.0646099 9.9982E-05 0.140907
0.104706 0.456618 0.102047 0.142371 0.0423194 9.9982E-05 9.9982E-05 0.151739
9.9973E-05 0.346947 0.105238 0.323181 0.0836325 9.9973E-05 9.9973E-05 0.140702
0.0814212 0.032921 0.829975 0.0552829 9.9964E-05 9.9964E-05 9.9964E-05 9.9964E-05
0.00726035 9.9982E-05 0.822072 0.0223479 0.095924 0.00869414 9.9982E-05 0.0435021
0.055638 9.9964E-05 0.861451 9.9964E-05 0.0732399 0.00927137 9.9964E-05 9.9964E-05
0.0510307 0.0150238 0.852777 9.9973E-05 0.0509164 9.9973E-05 0.0299522 9.9973E-05
9.9955E-05 9.9955E-05 0.784461 9.9955E-05 0.110472 9.9955E-05 0.104568 9.9955E-05
9.9964E-05 9.9964E-05 0.851905 9.9964E-05 0.0362536 9.9964E-05 0.00799184 0.10345
0.0345183 9.9973E-05 0.832872 9.9973E-05 0.0142605 9.9973E-05 0.0147724 0.103277
0.0262523 9.9973E-05 0.865561 0.064822 0.0244899 9.9973E-05 0.0185744 9.9973E-05
9.9973E-05 0.0385313 0.866328 9.9973E-05 0.0137231 0.00966004 0.0714573 9.9973E-05
9.9964E-05 9.9964E-05 0.857897 0.0387932 9.9964E-05 9.9964E-05 0.0369895 0.0659208
0.121982 9.9973E-05 0.576733 9.9973E-05 0.0371405 0.0695302 0.194314 9.9973E-05
0.24872 9.9973E-05 0.55556 9.9973E-05 0.0151764 0.0654249 0.114819 9.9973E-05
0.108224 9.9982E-05 0.500539 0.165522 0.020603 0.0471972 0.157715 9.9982E-05
0.129428 9.9973E-05 0.448133 0.0444856 9.9973E-05 0.0908966 0.286756 9.9973E-05
0.0730482 0.470905 0.0742844 9.9982E-05 9.9982E-05 0.311997 0.0211368 0.0484291
0.0648144 0.532421 0.0662164 0.00598177 9.9991E-05 0.0548981 0.232615 0.0429534
0.0680194 0.33051 0.0182956 0.0760078 0.0216366 0.147314 0.338117 9.9991E-05
0.258693 0.0632465 9.9964E-05 9.9964E-05 9.9964E-05 0.0848844 0.592777 9.9964E-05
0.0636493 0.605398 0.114715 9.9973E-05 9.9973E-05 0.17958 9.9973E-05 0.0363574
0.0746886 0.518606 0.00791591 9.9982E-05 9.9982E-05 0.247619 0.120954 0.0300168
0.042684 0.512372 9.9973E-05 0.0376932 9.9973E-05 0.300273 0.106678 9.9973E-05
0.0309428 0.365917 9.9973E-05 0.0283016 9.9973E-05 0.548176 9.9973E-05 0.0263625
0.212696 0.442824 0.00403695 9.9982E-05 0.0271353 0.311039 9.9982E-05 0.00206926
0.0284972 9.9955E-05 9.9955E-05 0.275762 9.9955E-05 0.695241 9.9955E-05 9.9955E-05
9.9973E-05 0.314874 0.000875998 0.148647 0.0245735 0.51073 9.9973E-05 9.9973E-05
0.044799 0.530741 9.9991E-05 0.0840641 0.0131099 0.267838 0.0534788 0.00586959
0.0775479 0.0329036 0.0199104 9.9973E-05 9.9973E-05 0.671264 0.198074 9.9973E-05
0.828295 9.9973E-05 0.0639885 0.0735034 0.024419 9.9973E-05 9.9973E-05 0.0094939
0.853995 0.0886513 0.0568535 9.9955E-05 9.9955E-05 9.9955E-05 9.9955E-05 9.9955E-05
0.9993 9.994E-05 9.994E-05 9.994E-05 9.994E-05 9.994E-05 9.994E-05 9.994E-05
0.90788 0.0191033 0.0616249 9.9964E-05 9.9964E-05 0.0109925 9.9964E-05 9.9964E-05
0.8391 0.0191839 9.9964E-05 0.0873631 9.9964E-05 9.9964E-05 9.9964E-05 0.0539532
0.89334 0.030387 0.00584046 9.9964E-05 9.9964E-05 9.9964E-05 9.9964E-05 0.0700328
9.9964E-05 0.11169 0.829008 9.9964E-05 0.048154 0.0107475 9.9964E-05 9.9964E-05
0.0777177 0.0404387 0.809479 9.9973E-05 0.0193323 9.9973E-05 9.9973E-05 0.0527324
9.9973E-05 0.0813903 0.737225 9.9973E-05 0.0419052 9.9973E-05 0.0376736 0.101506
9.9973E-05 0.088323 0.712172 9.9973E-05 0.0335896 9.9973E-05 0.0966571 0.0689588
0.0153223 0.0398677 0.782687 9.9973E-05 9.9973E-05 9.9973E-05 0.054683 0.10714
0.479617 9.9982E-05 0.359388 0.0658345 0.0153312 0.0419362 0.0376939 9.9982E-05
0.34815 9.9973E-05 0.491853 0.10312 9.9973E-05 0.0487896 0.00778716 9.9973E-05
0.412848 9.9982E-05 0.390972 9.9982E-05 0.0494878 0.0128273 0.113681 0.0199829
9.994E-05 9.994E-05 9.994E-05 9.994E-05 0.9993 9.994E-05 9.994E-05 9.994E-05
0.471058 9.9973E-05 0.305224 0.0573803 0.0285063 0.137532 9.9973E-05 9.9973E-05
9.9973E-05 0.236262 0.159167 0.177216 0.0265036 9.9973E-05 9.9973E-05 0.400551
9.9973E-05 0.481879 0.19908 9.9973E-05 0.0274564 9.9973E-05 0.0255363 0.265748
9.9973E-05 0.280547 0.281146 0.156979 9.9973E-05 9.9973E-05 0.00969807 0.27133
9.9955E-05 9.9955E-05 0.35781 0.31683 9.9955E-05 9.9955E-05 9.9955E-05 0.32486
0.145974 0.392445 9.9991E-05 0.0467408 0.00449889 0.0981441 0.285713 0.026384
0.130025 0.353236 0.00860959 0.199687 9.9991E-05 0.146526 0.130209 0.0316073
0.144496 0.144813 0.0444638 9.9973E-05 0.0402003 9.9973E-05 0.625727 9.9973E-05
0.145355 0.497149 9.9982E-05 0.121224 0.0180462 0.185919 0.0321072 9.9982E-05
0.0615006 9.9964E-05 9.9964E-05 0.586567 9.9964E-05 0.187824 0.163708 9.9964E-05
0.0866104 0.508024 0.0601086 0.0597917 0.0248516 0.0178382 0.242675 9.9991E-05
0.0950646 0.286168 0.0367004 0.0451047 0.020153 0.107823 0.408886 9.9991E-05
0.0130957 0.0361375 9.9973E-05 0.348568 9.9973E-05 0.118663 0.483236 9.9973E-05
0.149125 0.424581 9.9982E-05 0.234589 9.9982E-05 0.0449784 0.0517117 0.0948155
0.207285 0.368064 9.9991E-05 0.00793039 0.0207817 0.116644 0.179099 0.100096
0.0454539 0.345597 0.107819 0.0444297 0.0504385 0.130337 0.0586982 0.217226
0.11859 0.302353 9.9982E-05 0.201864 9.9982E-05 0.0167062 0.311791 0.0484966
0.155976 0.451658 0.0189173 0.0617132 9.9982E-05 0.188948 0.122587 9.9982E-05
0.0909526 0.429935 9.9982E-05 0.0722219 9.9982E-05 0.0809794 0.226895 0.0988163
0.116152 0.565167 0.000781245 0.030016 0.0124386 0.102585 0.172761 9.9991E-05
0.242183 0.543779 9.9991E-05 0.018815 0.0311523 0.0341717 0.0557396 0.0740586
9.9955E-05 0.163829 0.777303 9.9955E-05 9.9955E-05 9.9955E-05 9.9955E-05 0.0583679
9.9955E-05 0.126068 0.856533 9.9955E-05 9.9955E-05 9.9955E-05 9.9955E-05 0.0168992
0.0220912 0.0594214 0.825653 0.0485849 9.9973E-05 0.0439493 9.9973E-05 9.9973E-05
0.0654145 0.0741975 0.800639 9.9964E-05 9.9964E-05 0.0593494 9.9964E-05 9.9964E-05
9.9955E-05 0.16124 0.79799 9.9955E-05 0.0402703 9.9955E-05 9.9955E-05 9.9955E-05
0.183734 0.0859632 9.9973E-05 0.0867744 9.9973E-05 9.9973E-05 0.641759 0.00146936
0.0491237 0.648909 9.9973E-05 9.9973E-05 0.0596746 9.9973E-05 0.179787 0.0622058
0.158108 0.405157 9.9982E-05 9.9982E-05 0.0295135 0.115157 0.212972 0.0788925
0.120383 0.237504 9.9982E-05 0.27194 9.9982E-05 0.0173698 0.280868 0.0717355
0.269061 9.9973E-05 0.107538 0.14312 9.9973E-05 0.0238408 0.45614 9.9973E-05
0.184582 0.402346 9.9991E-05 0.0458962 0.0960151 0.0588564 0.177895 0.0343097
0.262415 0.164061 0.0720129 0.110825 0.001036 9.99908E-05 0.389451 9.99908E-05
0.127573 0.495943 0.135809 0.103964 9.9982E-05 0.0597554 0.0767551 9.9982E-05
0.188026 0.0230492 0.108826 0.103977 0.00340787 0.0365292 0.536085 9.9991E-05
0.159646 0.0839751 0.0697831 0.0545805 0.00301956 0.0335248 0.592351 0.00311951
0.112383 0.317119 9.9991E-05 0.130676 0.0452284 0.00269335 0.329703 0.0620972
0.061243 0.36272 9.9973E-05 0.458574 9.9973E-05 0.103085 9.9973E-05 0.0140782
9.9964E-05 0.591545 0.118434 0.255026 9.9964E-05 9.9964E-05 0.0345953 9.9964E-05
0.0272393 0.412208 9.9973E-05 0.429991 9.9973E-05 0.129037 0.00122406 9.9973E-05
0.136819 0.582941 0.00593902 0.13523 0.0441908 0.0946797 9.9982E-05 9.9982E-05
0.0872119 0.149973 9.9964E-05 0.590386 9.9964E-05 0.172029 9.9964E-05 9.9964E-05
0.0619966 0.342808 9.9973E-05 0.503496 0.0151205 0.076279 9.9973E-05 9.9973E-05
0.0955173 0.571922 0.0355059 0.230195 0.0121099 9.9982E-05 0.0545507 9.9982E-05
0.0955162 0.274236 9.9964E-05 0.543417 9.9964E-05 0.0864317 9.9964E-05 9.9964E-05
0.106413 0.485108 0.0320447 0.252839 9.9982E-05 0.0481101 0.0752855 9.9982E-05
0.136937 9.9982E-05 9.9982E-05 0.0655644 0.0274435 0.0869453 0.681181 0.00172866
0.13641 0.244685 9.9982E-05 0.185506 9.9982E-05 0.163822 0.265636 0.00374183
0.157538 0.208522 0.0211355 9.9991E-05 0.0114169 0.0755139 0.419895 0.105879
0.0454386 0.59545 0.0448281 9.9982E-05 0.025165 0.0424678 0.24645 9.9982E-05
0.233406 0.115312 9.9982E-05 9.9982E-05 0.0175386 0.21194 0.420454 0.00114857
0.0540302 0.34601 9.9991E-05 0.0456347 0.0313046 0.158782 0.243904 0.120234
0.191246 0.318555 0.0509503 9.9991E-05 0.0423966 0.143023 0.222408 0.0313204
0.183184 0.0870292 9.9982E-05 9.9982E-05 0.0162634 0.138451 0.445389 0.129484
0.150879 0.135138 0.000597193 9.9982E-05 9.9982E-05 0.189906 0.386999 0.136281
0.0606463 0.51007 0.0475401 0.0227907 9.9991E-05 0.0993045 0.204481 0.055067
0.135794 0.40882 0.0061112 0.177156 0.0496339 0.0538144 0.168571 9.9991E-05
0.0260248 0.465189 9.9982E-05 0.0715766 9.9982E-05 0.119172 0.256352 0.0614859
0.163353 0.321163 0.0242172 0.0525646 0.0610459 0.045999 0.310319 0.0213392
0.102933 0.499849 0.0562445 9.9991E-05 0.027717 0.0359651 0.230056 0.0471352
9.9982E-05 0.395485 0.330249 9.9982E-05 0.0342227 0.049776 0.0713878 0.118679
9.9991E-05 0.44479 0.0730048 0.0934116 0.0715886 0.00067769 0.109227 0.2072
0.00590266 0.509081 0.0673065 0.0501037 0.0280248 0.106978 0.111444 0.121159
9.9982E-05 0.437294 0.218378 9.9982E-05 0.0301302 0.0843756 0.0297481 0.199874
0.109949 0.417837 9.9991E-05 0.14072 0.00512221 0.0352825 0.220501 0.0704876
9.9973E-05 9.9973E-05 0.142905 0.447706 9.9973E-05 0.0672479 0.174141 0.167699
0.0065223 0.469408 0.130746 0.071202 0.00383394 0.0541743 0.123408 0.140706
0.064862 0.442216 0.0605726 0.0313684 0.0217441 0.0681131 0.0663641 0.24476
0.0264878 0.119392 0.0911996 0.173919 0.0472921 0.109932 0.215718 0.216059
9.9982E-05 0.519829 0.109483 0.0865981 0.0451951 9.9982E-05 0.0769285 0.161766
9.9964E-05 9.9964E-05 0.376162 0.398596 0.0287416 9.9964E-05 9.9964E-05 0.196101
0.0628189 0.438067 0.209205 9.9982E-05 9.9982E-05 0.00789348 0.0733821 0.208434
0.0710145 0.504374 0.179231 0.0302886 0.0191803 9.9991E-05 0.0689161 0.126895
0.0499407 0.563847 0.00571486 0.104549 0.0506789 0.112254 0.0550022 0.0580131
0.00685628 0.0990797 9.9973E-05 0.480532 9.9973E-05 0.268856 0.144376 9.9973E-05
0.135031 0.144582 9.9973E-05 0.527119 9.9973E-05 0.157142 0.0358259 9.9973E-05
9.9973E-05 0.425027 0.148582 0.0290736 9.9973E-05 9.9973E-05 0.146922 0.250096
9.9964E-05 0.361135 0.0429631 0.205017 9.9964E-05 9.9964E-05 9.9964E-05 0.390485
9.9982E-05 0.147898 0.171251 0.294121 0.0365686 9.9982E-05 0.0523462 0.297615
9.9982E-05 0.339188 0.15699 0.157227 0.0773356 9.9982E-05 0.0311017 0.237957
9.9973E-05 0.243054 0.0221844 0.628436 9.9973E-05 0.00334108 9.9973E-05 0.102685
9.9982E-05 0.359854 0.0354275 0.476585 0.0637037 9.9982E-05 0.000189508 0.0640403
0.0299578 0.64378 9.9982E-05 0.0976546 0.0144273 0.116873 9.9982E-05 0.0971073
9.9973E-05 0.602183 0.0913015 0.17308 9.9973E-05 0.0106173 9.9973E-05 0.122518
9.9982E-05 0.431106 0.0242317 0.392273 0.0515593 0.0351725 9.9982E-05 0.065458
9.9991E-05 0.63757 0.104504 0.113129 0.00507044 0.0574922 0.0344025 0.0477319
0.0409636 0.619864 0.0672186 0.143904 9.9991E-05 0.020067 0.0113516 0.0965316
0.0620709 0.539803 9.9982E-05 0.245899 0.0079661 0.0681694 0.0758912 9.9982E-05
0.00918571 0.427183 9.9982E-05 0.249009 0.0688702 0.157006 0.0885464 9.9982E-05
0.115628 0.455455 0.0415161 0.199397 9.9991E-05 0.0405239 0.107477 0.039903
9.9964E-05 0.549851 9.9964E-05 0.25738 9.9964E-05 0.0114879 0.180882 9.9964E-05
0.133382 0.361351 9.9964E-05 0.363986 9.9964E-05 0.140882 9.9964E-05 9.9964E-05
0.074131 0.665436 0.00245049 0.0825327 0.0120704 0.163179 9.9982E-05 9.9982E-05
0.0293808 0.339723 9.9973E-05 0.306944 9.9973E-05 0.128427 0.195225 9.9973E-05
0.0418456 0.583918 0.0195373 0.209679 0.0477137 0.0971062 9.9982E-05 9.9982E-05
0.0252832 0.389456 0.214968 0.118502 0.0427492 0.0281643 0.0211559 0.159721
0.0562627 0.334894 0.142306 0.152017 0.0448112 0.0117869 0.0935829 0.164339
0.0553626 0.17126 0.0866075 0.519463 0.0503335 9.9982E-05 9.9982E-05 0.116774
0.00966221 0.601733 0.092834 0.104241 9.9973E-05 9.9973E-05 9.9973E-05 0.19123
9.9964E-05 9.9964E-05 0.307834 0.520051 0.0314293 9.9964E-05 9.9964E-05 0.140286
9.9982E-05 0.662646 0.0932366 0.0647015 9.9982E-05 0.0228644 0.00351105 0.15284
9.9955E-05 0.170914 9.9955E-05 0.552196 9.9955E-05 0.27639 9.9955E-05 9.9955E-05
9.9973E-05 0.116062 9.9973E-05 0.555713 0.0111778 0.235725 0.0810224 9.9973E-05
0.0063235 0.524709 9.9973E-05 0.174535 9.9973E-05 0.0647474 0.229385 9.9973E-05
9.9973E-05 0.724904 0.0292845 0.151962 0.0303248 9.9973E-05 0.0632244 9.9973E-05
9.9964E-05 0.534657 9.9964E-05 0.360138 9.9964E-05 0.0641346 0.0406712 9.9964E-05
0.020263 0.640702 9.9982E-05 0.0648508 9.9982E-05 0.142976 0.101279 0.0297295
0.0466072 0.681226 9.9973E-05 0.193909 9.9973E-05 0.0753125 9.9973E-05 0.00264518
9.9982E-05 0.0304305 0.753486 0.0709185 0.0561622 0.0427974 9.9982E-05 0.0460056
0.132277 0.0230083 0.711645 0.0334459 0.0322401 9.9982E-05 9.9982E-05 0.0671838
0.0399764 9.9964E-05 0.861722 9.9964E-05 0.0257385 9.9964E-05 9.9964E-05 0.072163
9.9964E-05 0.0403813 0.829795 0.00172322 0.1277 9.9964E-05 9.9964E-05 9.9964E-05
0.068904 0.424009 0.113207 0.0173024 9.9973E-05 0.376277 9.9973E-05 9.9973E-05
9.9973E-05 0.330519 0.063084 9.9973E-05 0.0412047 0.445517 0.119375 9.9973E-05
0.0906865 0.152009 0.0471813 0.00963708 9.9991E-05 0.521644 0.173735 0.00500671
0.0193707 0.494785 9.9982E-05 9.9982E-05 0.0610772 0.259902 0.096326 0.0683392
9.9973E-05 0.312716 9.9973E-05 0.211336 0.0340984 0.411818 9.9973E-05 0.0297319
0.000812317 0.387349 0.278352 0.0172442 9.9991E-05 0.060127 0.0970969 0.158918
0.062605 0.410519 9.9982E-05 0.158666 9.9982E-05 0.297601 0.030221 0.0401885
0.132265 0.253779 9.9973E-05 9.9973E-05 0.0406307 0.471917 0.101109 9.9973E-05
0.0312675 0.479628 9.9973E-05 9.9973E-05 9.9973E-05 0.322187 0.124286 0.0423316
9.9982E-05 0.382701 0.0213329 9.9982E-05 0.0283727 0.357326 0.198578 0.0114888
9.9964E-05 0.588297 9.9964E-05 0.0373767 0.00298627 0.37094 9.9964E-05 9.9964E-05
9.9964E-05 0.0120059 9.9964E-05 0.0532279 0.00314753 0.931219 9.9964E-05 9.9964E-05
9.9973E-05 0.228766 0.01815 0.0502894 9.9973E-05 0.638491 0.0640039 9.9973E-05
9.9973E-05 0.213982 0.00745418 9.9973E-05 9.9973E-05 0.645996 0.0641462 0.0681215
9.9946E-05 9.9946E-05 9.9946E-05 0.186865 9.9946E-05 0.812536 9.9946E-05 9.9946E-05
0.0095384 0.346291 0.0582858 0.00995664 0.0179357 0.385466 0.13971 0.0328167
9.9955E-05 0.151182 9.9955E-05 0.334101 9.9955E-05 0.514218 9.9955E-05 9.9955E-05
9.9946E-05 9.9946E-05 9.9946E-05 0.265371 9.9946E-05 0.734029 9.9946E-05 9.9946E-05
0.0214542 0.534566 0.031394 9.9982E-05 0.0212289 0.347012 9.9982E-05 0.0441442
9.9964E-05 0.128198 9.9964E-05 9.9964E-05 0.0351384 0.584026 0.252238 9.9964E-05
0.0533262 0.275363 0.0778732 9.9982E-05 9.9982E-05 0.413539 0.109368 0.0703313
9.9973E-05 0.394958 9.9973E-05 9.9973E-05 0.017636 0.330742 0.228878 0.0274861
0.0312288 0.226284 9.9982E-05 0.149132 9.9982E-05 0.0648722 0.42016 0.108123
0.0942829 0.457907 0.0268414 9.9982E-05 0.017313 0.352514 9.9982E-05 0.0509415
9.9982E-05 0.35096 0.0179983 9.9982E-05 0.048985 0.322869 0.191211 0.0677771
9.9973E-05 0.249212 9.9973E-05 0.0755705 0.012549 0.628445 9.9973E-05 0.0339238
0.208718 9.9973E-05 0.633862 9.9973E-05 0.0521275 0.0101165 0.0948767 9.9973E-05
0.0142693 0.0130691 0.676164 0.0198767 0.0913628 0.0729786 0.11218 9.9991E-05
0.118191 9.9973E-05 0.690147 0.0561831 0.112232 9.9973E-05 0.0229474 9.9973E-05
0.131554 9.9964E-05 0.73524 0.0395544 0.093252 9.9964E-05 9.9964E-05 9.9964E-05
0.142529 0.0643571 0.679457 9.9973E-05 0.0505694 9.9973E-05 0.0627877 9.9973E-05
0.0327618 9.9973E-05 0.0193082 9.9973E-05 9.9973E-05 0.764086 0.146814 0.0367307
0.0555453 0.170652 0.033194 0.042796 0.0279049 0.589025 0.0807822 9.9991E-05
9.9964E-05 0.123952 9.9964E-05 0.0766378 9.9964E-05 0.785334 9.9964E-05 0.0136771
9.9982E-05 0.2508 0.0262584 0.117018 0.0025304 0.556746 9.9982E-05 0.0464468
0.0167624 0.559858 0.0389345 9.9982E-05 9.9982E-05 0.311357 0.0134693 0.0594192
9.9973E-05 0.349819 0.031848 9.9973E-05 0.00563791 0.535652 9.9973E-05 0.0767426
0.011074 0.54342 0.0260872 0.0316773 0.0145634 0.253746 0.119331 9.9991E-05
0.0067821 0.206061 9.9973E-05 0.0123795 9.9973E-05 0.547055 0.227423 9.9973E-05
0.0150226 0.337936 9.9973E-05 9.9973E-05 0.0248335 0.60425 0.0176575 9.9973E-05
0.0325446 0.263201 9.9973E-05 9.9973E-05 0.0321531 0.549366 0.122435 9.9973E-05
0.0458003 0.607439 0.106972 0.107263 0.00381577 9.9991E-05 0.0936414 0.0349677
9.9964E-05 0.351282 9.9964E-05 9.9964E-05 0.0657476 0.552166 0.0304049 9.9964E-05
9.9982E-05 0.30274 0.0585653 9.9982E-05 0.00607627 0.510981 0.0645085 0.0569289
9.9964E-05 0.432822 0.11076 9.9964E-05 9.9964E-05 0.0364522 9.9964E-05 0.419566
0.0547943 0.312891 0.152366 0.0338928 0.0300816 9.9982E-05 9.9982E-05 0.415775
9.9982E-05 0.390085 0.0674392 0.0862091 9.9982E-05 0.312627 0.0514886 0.0919508
9.9973E-05 0.0640896 0.238289 0.0646832 0.0516466 9.9973E-05 9.9973E-05 0.580992
9.9982E-05 0.348371 0.154776 9.9982E-05 0.0277371 0.0225967 0.0283722 0.417947
0.05054 0.362648 0.101191 0.205466 0.0182968 0.120866 9.9991E-05 0.140892
9.9964E-05 0.608456 0.183873 0.103817 9.9964E-05 9.9964E-05 0.103453 9.9964E-05
0.0318031 0.505645 0.0420979 0.275394 0.0425746 9.9982E-05 0.102286 9.9982E-05
9.9982E-05 0.283951 0.246178 0.0306994 0.00911395 0.0250297 9.9982E-05 0.404827
9.9964E-05 0.459807 0.115662 0.00254605 9.9964E-05 9.9964E-05 9.9964E-05 0.421585
9.9982E-05 0.250585 0.135899 0.0210067 0.0271802 9.9982E-05 0.101013 0.464116
0.0106881 0.268206 0.175643 0.0313208 9.9982E-05 9.9982E-05 0.0424446 0.471498
0.0130435 0.540892 0.108314 0.236795 0.0192866 0.0814683 9.9982E-05 9.9982E-05
9.9973E-05 0.226726 0.202896 0.0303891 0.00337505 9.9973E-05 9.9973E-05 0.536314
0.0439853 0.163913 0.115742 0.239422 0.0155449 9.9982E-05 0.421193 9.9982E-05
0.0276513 0.618431 0.0120063 0.178867 0.0280324 9.9991E-05 0.0968388 0.0380732
9.9982E-05 0.643786 0.14802 0.0906549 0.0348439 0.00679791 0.0756973 9.9982E-05
0.0273475 0.540437 0.1344 0.207163 0.0255365 9.9982E-05 0.0649158 9.9982E-05
0.0431476 0.233055 0.188754 0.0527846 0.0399853 0.166839 9.9991E-05 0.275336
9.9982E-05 0.351806 0.178448 0.0504567 9.9982E-05 0.0180794 0.137282 0.263728
9.9955E-05 0.275858 0.235708 9.9955E-05 9.9955E-05 9.9955E-05 9.9955E-05 0.487934
9.9982E-05 0.505137 0.123179 0.243074 0.0231649 0.0757236 0.0295214 9.9982E-05
9.9982E-05 0.28222 0.0290675 0.565633 0.0415402 0.0585057 9.9982E-05 0.0228337
0.0669692 0.414442 0.1024 0.109522 0.0410126 0.00330901 0.262245 9.9991E-05
9.9991E-05 0.388613 0.224815 0.103533 0.0111455 0.0539317 0.0669117 0.150951
9.9955E-05 9.9955E-05 0.245232 0.552606 9.9955E-05 9.9955E-05 9.9955E-05 0.201663
9.9964E-05 9.9964E-05 0.182621 0.643915 0.0570055 9.9964E-05 9.9964E-05 0.116058
0.0218076 0.304529 0.127297 0.297353 0.0305064 9.9991E-05 0.0941143 0.124293
9.9973E-05 0.0734305 0.302486 0.449615 0.0111178 9.9973E-05 9.9973E-05 0.16305
9.9955E-05 9.9955E-05 0.370359 0.420552 9.9955E-05 9.9955E-05 9.9955E-05 0.20859
0.0734715 0.304279 0.0734707 0.243208 0.014388 0.127743 0.0385122 0.124928
9.9982E-05 0.242994 0.254384 0.146524 9.9982E-05 0.103113 0.0554872 0.197299
0.105279 0.183153 0.197555 0.230444 0.0278794 0.0154892 0.0162584 0.223942
9.9982E-05 0.0926774 0.255099 0.462037 0.0386411 9.9982E-05 0.0489632 0.102382
0.0222874 0.491631 0.200556 0.220277 0.0399089 9.9982E-05 9.9982E-05 0.0251392
9.9991E-05 0.122178 0.109314 0.445574 0.0408354 0.0020113 0.123715 0.156272
9.9964E-05 9.9964E-05 0.306321 0.55202 0.0829839 9.9964E-05 9.9964E-05 0.0582754
0.0152001 0.3086 0.121347 0.137841 0.061756 9.9991E-05 0.155428 0.199728
9.9982E-05 0.338703 0.269931 9.9982E-05 0.0424997 0.0864838 0.086251 0.175931
9.9982E-05 0.516545 0.127001 0.0464821 0.000494545 9.9982E-05 0.030389 0.278889
0.049713 0.470602 0.146433 9.9973E-05 9.9973E-05 9.9973E-05 0.0797413 0.25321
9.9982E-05 0.444083 0.353904 0.0246278 0.00947603 9.9982E-05 0.00307221 0.164637
9.9991E-05 0.483217 0.209121 0.0878111 0.0409425 0.000615783 0.0515652 0.126627
9.9982E-05 0.38207 0.250407 9.9982E-05 0.0768516 0.0435096 0.0170596 0.229903
0.0289403 0.36907 0.184782 0.0905088 0.080049 9.9982E-05 9.9982E-05 0.24645
0.0276473 0.119392 0.154326 0.0607092 9.9991E-05 0.189721 0.250291 0.197814
0.0417576 0.301834 0.226324 0.0597733 0.0675347 9.9991E-05 0.038592 0.264084
9.9973E-05 0.114238 0.336524 0.268506 9.9973E-05 0.0280995 9.9973E-05 0.252332
9.9982E-05 0.234223 0.236646 0.155178 0.0339597 0.0398313 9.9982E-05 0.299961
0.14832 9.9982E-05 0.779017 0.0114012 0.0421138 0.0139695 0.00497902 9.9982E-05
0.689698 0.0537406 0.066779 9.9982E-05 0.00894965 0.030608 0.150025 9.9982E-05
0.87505 9.9964E-05 9.9964E-05 9.9964E-05 9.9964E-05 0.0554276 0.0512597 0.0178632
0.83243 9.9955E-05 9.9955E-05 9.9955E-05 0.0285985 9.9955E-05 0.138472 9.9955E-05
0.829831 9.9955E-05 9.9955E-05 0.0429729 9.9955E-05 9.9955E-05 0.126696 9.9955E-05
0.88596 0.0058443 9.9973E-05 9.9973E-05 0.00835118 9.9973E-05 0.0171003 0.0824446
0.836163 0.119582 9.9964E-05 9.9964E-05 0.0405536 9.9964E-05 0.00330117 9.9964E-05
0.844919 9.9973E-05 0.00153394 9.9973E-05 0.0291175 0.0650265 0.0591029 9.9973E-05
0.729363 9.9973E-05 0.20404 9.9973E-05 0.0298035 9.9973E-05 0.0320322 0.00446143
9.9973E-05 0.0486046 0.834699 0.0372433 0.0469378 9.9973E-05 0.0322154 9.9973E-05
0.0532062 9.9973E-05 0.716901 9.9973E-05 0.0910431 0.049051 0.0894986 9.9973E-05
0.0380819 9.9973E-05 0.831588 9.9973E-05 0.0776833 0.022734 9.9973E-05 0.0296131
9.9964E-05 0.0329435 0.778597 9.9964E-05 0.0333242 9.9964E-05 0.154736 9.9964E-05
0.0387275 0.0086477 0.92598 9.9973E-05 9.9973E-05 0.0167872 9.9973E-05 0.00955797
0.0835235 9.9964E-05 0.840624 9.9964E-05 9.9964E-05 9.9964E-05 0.0618695 0.0135828
0.0657689 9.9982E-05 0.685454 9.9982E-05 0.0707329 0.0260646 0.049124 0.102656
0.00764776 0.0308309 0.805939 0.00797924 0.0400915 0.025701 9.9991E-05 0.0817104
0.0195957 0.0599441 0.674296 0.0361164 0.0669472 0.0384559 0.099484 0.00516112
9.9964E-05 0.0134053 0.879088 9.9964E-05 0.042715 9.9964E-05 9.9964E-05 0.0643922
0.0124354 9.9973E-05 0.82838 0.0417019 0.0973461 9.9973E-05 0.0198368 9.9973E-05
9.9973E-05 0.018528 0.805775 9.9973E-05 0.0670864 9.9973E-05 0.0584344 0.0498768
0.0202326 9.9955E-05 0.966386 9.9955E-05 9.9955E-05 9.9955E-05 9.9955E-05 0.0128813
9.9973E-05 0.00958994 0.838828 0.00177151 0.0895372 9.9973E-05 0.0599737 9.9973E-05
9.9982E-05 0.0159354 0.798896 9.9982E-05 0.102126 0.000496674 0.0271545 0.055192
9.9964E-05 0.10515 0.752888 9.9964E-05 0.0881423 9.9964E-05 9.9964E-05 0.05342
9.9955E-05 0.0873298 0.774691 9.9955E-05 9.9955E-05 9.9955E-05 9.9955E-05 0.13748
9.9964E-05 0.0843619 0.765755 9.9964E-05 0.0684196 9.9964E-05 9.9964E-05 0.0810636
9.9973E-05 0.063793 0.809155 9.9973E-05 0.0252547 0.000338729 9.9973E-05 0.101159
0.0426688 0.476342 0.138987 0.222484 0.0229014 0.0377487 0.0587686 9.9991E-05
0.015399 0.712943 0.0799686 0.0445741 0.0243813 0.0685226 0.0541118 9.9991E-05
0.0355253 0.262923 9.9973E-05 0.597691 0.00176958 0.101791 9.9973E-05 9.9973E-05
0.0509203 0.500264 0.14488 0.0964146 0.0652789 9.9982E-05 0.142043 9.9982E-05
9.9955E-05 0.286716 0.0719439 0.64084 9.9955E-05 9.9955E-05 9.9955E-05 9.9955E-05
9.9964E-05 0.642776 0.145571 0.162745 9.9964E-05 0.0485084 9.9964E-05 9.9964E-05
9.9982E-05 0.428427 0.0850181 0.164272 0.0180237 0.100847 0.203212 9.9982E-05
0.0515242 0.570506 0.167352 0.0898543 0.0150694 0.0254036 0.0801908 9.9991E-05
0.0105919 0.339311 0.0465737 9.9991E-05 0.0053496 0.385722 0.142342 0.0700093
0.136502 0.516919 0.0442121 0.186041 0.0330559 9.9982E-05 0.0830695 9.9982E-05
0.105879 0.609209 0.0249236 0.0842552 0.117397 9.9982E-05 0.0581357 9.9982E-05
0.247535 9.9982E-05 9.9982E-05 0.233556 0.00582671 0.238596 0.239751 0.0345348
0.137313 0.111617 9.9973E-05 0.721175 9.9973E-05 0.0124794 0.017116 9.9973E-05
0.114716 0.246099 0.0259525 0.59815 9.9973E-05 0.0147823 9.9973E-05 9.9973E-05
0.00803103 0.594381 0.121024 0.185877 0.00635191 9.9991E-05 0.06689 0.0173452
0.00319054 0.523641 0.103211 0.220886 0.0308856 0.097195 0.0208905 9.9991E-05
9.9982E-05 0.468419 0.201626 0.0747536 0.00578321 9.9982E-05 0.126708 0.12251
9.9982E-05 0.501611 0.100448 0.0457978 0.0682274 9.9982E-05 0.133676 0.15004
0.0803548 0.125465 0.411841 0.108056 9.9991E-05 0.0168701 0.0767369 0.180576
0.0455478 0.290437 0.228212 9.9991E-05 0.0321888 0.0186233 0.249489 0.135401
9.9955E-05 9.9955E-05 0.314612 0.482311 9.9955E-05 9.9955E-05 9.9955E-05 0.202577
0.0105174 0.407198 0.248531 0.149214 0.0274766 9.9982E-05 9.9982E-05 0.156864
0.016461 0.337487 0.342726 0.0340652 0.0315097 0.0145391 0.0896992 0.133513
0.0145759 0.357076 0.266153 9.9982E-05 0.040823 9.9982E-05 0.25138 0.0697909
0.0594571 0.475121 0.132396 0.00767944 0.0527302 9.9991E-05 0.0628959 0.20962
9.9991E-05 0.317287 0.132385 0.0874089 0.026663 0.183037 0.0460563 0.207062
9.9982E-05 0.105511 0.389064 9.9982E-05 0.0775808 0.120752 0.116544 0.190347
