0.00661161 9.9982E-05 0.837327 0.0850368 0.00226881 0.0378104 0.0229772 9.9982E-05 0.0077686
9.9955E-05 0.0180515 0.902706 9.9955E-05 9.9955E-05 9.9955E-05 0.0671638 9.9955E-05 0.0115792
0.0471587 9.9982E-05 0.786829 0.02979 0.00037405 0.102793 9.9982E-05 0.0245436 0.008311
0.0568306 0.0043834 0.804983 0.0450135 0.0405395 0.0479504 9.9973E-05 9.9973E-05 9.9973E-05
9.9964E-05 0.0320703 0.84854 0.03724 0.0110461 0.0707041 9.9964E-05 9.9964E-05 9.9964E-05
0.0383442 9.9982E-05 0.551469 9.9982E-05 0.0601135 0.0787938 0.130227 0.0219422 0.118911
9.9955E-05 9.9955E-05 0.745111 9.9955E-05 0.0295577 9.9955E-05 0.0948382 9.9955E-05 0.129993
0.00410129 0.0248313 0.678431 9.9973E-05 0.108028 0.0583161 0.125993 9.9973E-05 9.9973E-05
9.99729E-05 9.99729E-05 0.823239 0.0605415 0.0213889 9.99729E-05 0.0268444 0.0316947 0.0359921
0.106713 0.0373221 0.615968 9.9982E-05 0.0493681 0.0737983 0.0866765 9.9982E-05 0.0299536
9.9973E-05 9.9973E-05 0.690905 0.0608048 0.0170275 0.0489094 0.126981 9.9973E-05 0.0550716
0.0611702 9.9946E-05 9.9946E-05 9.9946E-05 9.9946E-05 0.0481615 9.9946E-05 9.9946E-05 0.890069
0.10187 9.9971E-05 9.9971E-05 9.9971E-05 0.0759615 0.372615 0.00997643 9.9971E-05 0.439177
0.0844189 0.0579882 0.0395499 9.9964E-05 9.9964E-05 0.0613855 9.9964E-05 9.9964E-05 0.756258
0.10754 0.0318752 0.00745982 9.9964E-05 9.9964E-05 0.142158 9.9964E-05 9.9964E-05 0.710567
0.0865395 0.0866117 0.0457229 9.9964E-05 9.9964E-05 0.266987 9.9964E-05 9.9964E-05 0.513739
0.0808277 9.9964E-05 9.9964E-05 9.9964E-05 0.0280482 0.302373 9.9964E-05 0.14957 0.438781
0.0611669 9.9964E-05 0.105253 9.9964E-05 0.00401915 0.261711 9.9964E-05 9.9964E-05 0.56745
9.9955E-05 9.9955E-05 0.00376152 0.147218 9.9955E-05 9.9955E-05 0.0152955 9.9955E-05 0.833225
0.0912704 0.0884674 9.9982E-05 0.0225701 0.0560462 0.300834 9.9982E-05 0.0456225 0.39499
0.0712498 0.0441011 0.0261318 9.9982E-05 9.9982E-05 0.392124 0.0778899 0.0988539 0.289449
0.037489 0.04705 0.0459034 9.9982E-05 0.062709 0.494302 0.0291407 9.9982E-05 0.283206
0.109276 9.9955E-05 0.00444766 9.9955E-05 9.9955E-05 0.12522 9.9955E-05 9.9955E-05 0.760557
0.110045 0.0100794 9.9973E-05 9.9973E-05 9.9973E-05 0.39056 0.0364433 0.0448006 0.407772
0.0881121 9.9937E-05 9.9937E-05 9.9937E-05 9.9937E-05 9.9937E-05 9.9937E-05 9.9937E-05 0.911188
0.174254 9.9946E-05 9.9946E-05 9.9946E-05 0.000825919 9.9946E-05 9.9946E-05 9.9946E-05 0.82432
0.0390425 9.9982E-05 0.0134528 9.9982E-05 0.0203709 0.0178311 0.0359612 0.0381062 0.835035
0.028765 9.9946E-05 0.807373 9.9946E-05 9.9946E-05 0.163262 9.9946E-05 9.9946E-05 9.9946E-05
9.9937E-05 9.9937E-05 0.781803 9.9937E-05 9.9937E-05 0.217497 9.9937E-05 9.9937E-05 9.9937E-05
0.0401814 9.9955E-05 0.757523 9.9955E-05 9.9955E-05 0.200967 9.9955E-05 0.000828772 9.9955E-05
0.0782436 9.9964E-05 0.713026 9.9964E-05 0.0369158 0.146155 9.9964E-05 0.0252601 9.9964E-05
0.0374529 0.0854783 0.027778 9.9982E-05 0.029438 0.465353 9.9982E-05 0.139061 0.21524
0.0797486 9.9955E-05 0.0489624 9.9955E-05 9.9955E-05 0.464128 9.9955E-05 0.406662 9.9955E-05
0.0187019 0.0260047 0.0581861 0.27812 9.9982E-05 0.113291 9.9982E-05 0.0170306 0.488465
0.0312879 0.0743216 0.0532883 0.021169 0.00113705 0.295448 0.00133227 0.521916 9.9991E-05
0.0269025 9.9973E-05 0.0388561 9.9973E-05 0.0748799 0.601942 9.9973E-05 0.235738 0.0213811
0.0166037 9.9991E-05 0.0702839 0.0174169 0.071078 0.585221 0.1087 0.119595 0.0110012
9.9973E-05 9.9973E-05 0.0795016 9.9973E-05 0.102852 0.647747 0.1215 0.0144799 0.0336192
9.9964E-05 9.9964E-05 0.0633791 0.00864178 9.9964E-05 0.125053 9.9964E-05 0.616858 0.185668
0.00465459 0.000436613 0.00303979 9.9982E-05 9.9982E-05 0.666419 0.227765 0.0177477 0.079738
9.9955E-05 0.0728077 9.9955E-05 9.9955E-05 9.9955E-05 0.337247 0.0524692 0.536976 9.9955E-05
9.9955E-05 9.9955E-05 0.0141121 0.0434187 9.9955E-05 9.9955E-05 0.294008 0.647962 9.9955E-05
9.9982E-05 0.0796877 9.9982E-05 0.25291 0.0376947 0.129927 0.0461777 0.174328 0.279074
9.9973E-05 0.173434 9.9973E-05 9.9973E-05 0.0288131 0.021109 0.253101 0.130476 0.392767
9.999E-05 0.00511991 0.0720839 0.219455 0.0686272 0.102814 0.128125 0.23851 0.165165
0.0270094 0.0134577 9.9991E-05 0.086668 0.0574788 0.520206 0.05707 0.0512582 0.186752
9.999E-05 0.0877868 0.127115 0.109944 0.0508819 0.308914 0.0129909 0.159532 0.142735
0.045647 9.9982E-05 0.177102 0.0202409 0.098466 9.9982E-05 0.0706728 0.0901858 0.497485
0.00603394 0.020207 0.00943882 0.0297545 0.00769247 0.344299 0.0953751 9.9991E-05 0.487099
9.9982E-05 0.00172466 0.0186882 0.0365825 0.101763 9.9982E-05 0.157321 0.0477879 0.635933
0.0506946 0.0657945 9.9991E-05 0.104007 0.00500484 0.412323 0.0125967 0.0181303 0.331349
0.0569292 0.125145 9.9982E-05 9.9982E-05 0.00964241 0.581191 0.0619062 0.0245842 0.140402
0.0918078 0.0559639 0.0638729 0.0155176 9.9991E-05 0.116997 0.0365483 0.169285 0.449908
0.0805598 9.9982E-05 0.0101889 9.9982E-05 0.0639355 0.319184 0.0455489 0.106714 0.373669
9.9982E-05 0.0270013 0.0131314 0.0641785 9.9982E-05 0.113726 0.133346 0.0764041 0.572012
9.9955E-05 9.9955E-05 9.9955E-05 0.028921 9.9955E-05 0.559045 9.9955E-05 0.347104 0.0644305
0.0103925 9.9982E-05 0.00393907 0.00817687 0.0109959 0.140283 9.9982E-05 0.648756 0.177257
9.9955E-05 9.9955E-05 9.9955E-05 9.9955E-05 0.0397721 9.9955E-05 0.0407281 0.903448 0.0155525
9.9955E-05 9.9955E-05 9.9955E-05 9.9955E-05 0.00435712 9.9955E-05 0.0133226 0.917363 0.0644571
0.0063949 9.9964E-05 9.9964E-05 9.9964E-05 0.0091006 0.259209 0.022946 0.70195 9.9964E-05
9.9964E-05 9.9964E-05 0.0483477 9.9964E-05 0.0771506 0.335705 9.9964E-05 0.494517 0.0438799
0.0315569 9.9973E-05 0.0218747 0.0594634 9.9973E-05 0.451347 0.0484957 0.386963 9.9973E-05
0.0167803 9.9973E-05 9.9973E-05 0.148813 0.0403441 0.129703 9.9973E-05 0.569101 0.0949587
9.9973E-05 9.9973E-05 0.0553411 0.111033 0.077608 0.290813 9.9973E-05 0.446633 0.0182713
0.0216553 9.9964E-05 9.9964E-05 9.9964E-05 0.0242583 0.289701 9.9964E-05 0.538445 0.125541
9.9982E-05 9.9982E-05 0.0244935 0.0103088 0.0342881 0.425293 0.0856762 0.385014 0.0347267
9.9955E-05 0.0134289 0.0539884 9.9955E-05 9.9955E-05 0.352444 9.9955E-05 0.579638 9.9955E-05
9.9955E-05 0.108197 9.9955E-05 0.0264701 9.9955E-05 9.9955E-05 0.170776 0.694057 9.9955E-05
9.99461E-05 9.99461E-05 0.804003 9.99461E-05 9.99461E-05 0.0761509 9.99461E-05 9.99461E-05 0.119247
9.9937E-05 9.9937E-05 0.917187 9.9937E-05 9.9937E-05 0.0821133 9.9937E-05 9.9937E-05 9.9937E-05
0.0293406 9.9955E-05 0.861067 9.9955E-05 9.9955E-05 0.0951834 0.0139089 9.9955E-05 9.9955E-05
9.9946E-05 9.9946E-05 0.88116 9.9946E-05 9.9946E-05 0.0733273 0.0449126 9.9946E-05 9.9946E-05
0.0661764 9.9973E-05 0.815887 9.9973E-05 9.9973E-05 0.0521846 0.0330375 0.0320501 0.000364736
0.0693298 9.99712E-05 0.832198 9.99712E-05 0.0213414 0.0681668 9.99712E-05 0.00856409 9.99712E-05
9.9955E-05 0.0363153 0.899527 9.9955E-05 9.9955E-05 0.0476459 9.9955E-05 9.9955E-05 0.0160122
9.9973E-05 0.100094 0.00497335 0.00479526 9.9973E-05 0.0659222 9.9973E-05 0.594129 0.229786
0.0402514 9.9982E-05 9.9982E-05 0.0317614 0.0321529 0.291558 0.00904201 0.426919 0.168116
0.0258255 9.9964E-05 0.0392411 0.0358322 9.9964E-05 0.605387 9.9964E-05 0.293314 9.9964E-05
0.042402 0.0566297 0.0328696 9.9982E-05 9.9982E-05 0.611223 0.00341494 0.166169 0.0870911
0.0440842 9.9955E-05 0.0190182 9.9955E-05 9.9955E-05 0.501768 9.9955E-05 0.434629 9.9955E-05
9.9964E-05 0.00622866 0.0198773 9.9964E-05 0.0820871 9.9964E-05 9.9964E-05 0.633069 0.258338
0.00265229 0.0425471 9.9973E-05 9.9973E-05 0.011994 0.284179 0.10663 0.551698 9.9973E-05
9.9955E-05 0.00617754 0.0175453 9.9955E-05 9.9955E-05 0.571805 9.9955E-05 0.403973 9.9955E-05
9.9982E-05 0.0103528 0.0332525 0.0642749 9.9982E-05 0.445015 0.0027511 0.280706 0.163448
0.105562 9.9955E-05 9.9955E-05 9.9955E-05 0.0321257 0.317023 9.9955E-05 0.54479 9.9955E-05
0.0384133 9.9973E-05 0.0733131 0.0423004 9.9973E-05 0.420004 9.9973E-05 0.379608 0.046062
0.0686519 0.143203 0.00126739 0.118651 9.9991E-05 0.0731802 0.0752495 0.117427 0.40227
0.0319813 0.0260324 0.131558 0.0933071 0.176371 0.400486 0.00595014 9.9991E-05 0.134214
9.9955E-05 0.00588174 9.9955E-05 0.18697 9.9955E-05 0.465937 9.9955E-05 9.9955E-05 0.340712
0.0438246 0.13275 0.0431115 0.0873669 9.9991E-05 0.480153 0.0511932 0.0215785 0.139922
0.0267875 0.0835867 9.9973E-05 0.132683 0.0601906 0.409092 9.9973E-05 9.9973E-05 0.28736
9.9973E-05 9.9973E-05 0.0774563 0.0837847 9.9973E-05 0.589708 0.0635372 0.0563388 0.128875
9.9964E-05 9.9964E-05 9.9964E-05 0.190381 0.0741589 0.575681 0.0535282 9.9964E-05 0.105851
0.0260068 0.127159 9.9973E-05 0.126837 0.0220499 0.591297 9.9973E-05 9.9973E-05 0.10635
0.0280198 0.165858 9.9991E-05 0.127159 0.0156312 0.521562 0.0506357 0.0478846 0.0431499
0.0187363 0.0973345 0.0700115 0.157966 9.9982E-05 0.330029 0.146195 9.9982E-05 0.179528
0.0474603 0.0146947 0.0284087 0.13404 9.9991E-05 0.581424 0.00969693 0.10984 0.0743352
9.9982E-05 0.0626394 0.0290305 0.123771 0.0527769 0.691831 0.0134819 9.9982E-05 0.026269
0.109004 0.0669691 9.9982E-05 0.26752 9.9982E-05 0.118997 0.0252522 0.157787 0.254271
0.0620137 0.151526 0.00344225 0.0873158 0.049483 0.115602 0.186492 0.0528303 0.291295
0.0410649 0.20645 9.9982E-05 0.181797 0.131055 0.0937442 0.15724 0.188449 9.9982E-05
9.9982E-05 0.181418 0.0433982 0.156352 9.9982E-05 0.203641 0.0457891 0.0490716 0.320131
9.9973E-05 0.112701 0.0234983 0.226696 9.9973E-05 0.36175 9.9973E-05 0.0848855 0.190169
9.9964E-05 9.9964E-05 9.9964E-05 0.0492675 0.137119 0.328629 9.9964E-05 0.0763528 0.408232
0.00311836 9.9973E-05 9.9973E-05 0.144999 0.0127251 0.248137 9.9973E-05 0.108925 0.481795
0.036201 9.9982E-05 0.0453249 0.0416441 9.9982E-05 0.652337 0.0456928 0.0648003 0.1138
0.0746394 0.0215059 9.9991E-05 0.200998 0.0661769 0.190915 0.199703 0.123083 0.122879
0.0343126 0.0761439 0.0890318 0.0354675 0.0238019 0.521153 0.09324 0.0828907 0.0439587
9.9991E-05 0.17063 0.0922015 0.0838199 0.0388786 0.0388253 0.424584 0.0618161 0.0891445
0.0702429 0.0681186 0.0169586 0.0713956 0.0771912 0.295506 0.26309 0.132403 0.00509474
0.0968647 0.0475671 0.0374198 9.9991E-05 0.0418987 0.532609 0.169937 0.00380501 0.0697983
9.9982E-05 9.9982E-05 0.0353308 0.0347649 0.0542053 0.293174 0.388772 0.063596 0.129958
9.9991E-05 0.158985 0.00504283 0.0176787 0.0414067 0.210612 0.417773 0.00185728 0.146545
9.9982E-05 0.18451 0.0297019 9.9982E-05 0.0635596 0.520931 0.104139 0.0484863 0.0484734
0.142881 0.124513 0.0331306 9.9973E-05 9.9973E-05 9.9973E-05 0.247871 0.15455 0.296755
9.9982E-05 0.0102446 9.9982E-05 0.00440315 0.0285509 0.358559 0.226667 0.21454 0.156836
9.9973E-05 0.0514594 9.9973E-05 9.9973E-05 0.0376417 0.3429 0.132299 0.191752 0.243648
0.245442 0.0209087 0.22918 9.9973E-05 9.9973E-05 0.156756 0.262928 9.9973E-05 0.0844863
0.127789 9.9946E-05 0.416266 9.9946E-05 9.9946E-05 9.9946E-05 0.455346 9.9946E-05 9.9946E-05
0.152783 9.9946E-05 0.315657 9.9946E-05 9.9946E-05 9.9946E-05 0.53096 9.9946E-05 9.9946E-05
0.344817 9.9964E-05 0.282343 0.0625431 9.9964E-05 0.044552 0.265345 9.9964E-05 9.9964E-05
9.9964E-05 0.0449517 9.9964E-05 0.0794993 9.9964E-05 0.687944 0.13978 0.0474252 9.9964E-05
0.656826 9.9955E-05 9.9955E-05 9.9955E-05 0.00195979 0.226504 9.9955E-05 9.9955E-05 0.114211
9.9955E-05 0.184316 9.9955E-05 9.9955E-05 9.9955E-05 0.339645 0.388929 0.0866099 9.9955E-05
9.9973E-05 0.290232 9.9973E-05 0.0343748 0.00658475 0.185096 0.396644 0.0867678 9.9973E-05
0.0166554 0.0773363 9.9973E-05 9.9973E-05 0.149993 0.561143 0.153964 0.040608 9.9973E-05
9.9955E-05 0.151568 9.9955E-05 9.9955E-05 9.9955E-05 0.439048 0.235287 9.9955E-05 0.173597
0.0712151 0.0265157 9.9964E-05 9.9964E-05 0.107532 0.525723 0.268614 9.9964E-05 9.9964E-05
9.9973E-05 0.182686 9.9973E-05 9.9973E-05 0.0675875 0.221252 0.365446 0.0859856 0.0767426
0.936123 0.000766493 9.9955E-05 9.9955E-05 9.9955E-05 9.9955E-05 0.0102662 0.0523445 9.9955E-05
0.821583 0.00580072 9.9946E-05 9.9946E-05 9.9946E-05 0.172016 9.9946E-05 9.9946E-05 9.9946E-05
0.619634 0.077261 9.9955E-05 9.9955E-05 0.0489458 0.25366 9.9955E-05 9.9955E-05 9.9955E-05
0.75333 9.9964E-05 0.0265065 0.0152477 9.9964E-05 0.179466 9.9964E-05 0.0250494 9.9964E-05
0.989635 9.9937E-05 9.9937E-05 9.9937E-05 0.00966547 9.9937E-05 9.9937E-05 9.9937E-05 9.9937E-05
0.89635 0.0146432 9.9964E-05 0.0568581 0.0243007 9.9964E-05 9.9964E-05 0.00744865 9.9964E-05
0.73405 9.9946E-05 9.9946E-05 9.9946E-05 9.9946E-05 0.258442 9.9946E-05 9.9946E-05 0.00690756
0.924321 9.9955E-05 9.9955E-05 9.9955E-05 0.0347637 9.9955E-05 9.9955E-05 0.0204499 0.0199654
0.9712 9.9937E-05 9.9937E-05 9.9937E-05 9.9937E-05 9.9937E-05 0.0281001 9.9937E-05 9.9937E-05
0.999201 9.993E-05 9.993E-05 9.993E-05 9.993E-05 9.993E-05 9.993E-05 9.993E-05 9.993E-05
0.752735 9.9964E-05 0.0230033 0.0408345 9.9964E-05 0.166749 9.9964E-05 9.9964E-05 0.0162784
0.768343 9.9973E-05 0.0323568 0.0307959 0.0273866 0.0656604 9.9973E-05 9.9973E-05 0.0751577
0.955255 9.9937E-05 9.9937E-05 9.9937E-05 9.9937E-05 9.9937E-05 9.9937E-05 0.0440456 9.9937E-05
0.666354 9.9982E-05 0.0599494 0.00309525 9.9982E-05 0.165055 0.0137171 0.0143009 0.0773278
0.829234 9.9973E-05 0.0209678 9.9973E-05 0.00180427 0.0820229 9.9973E-05 0.0112736 0.0543974
0.919535 0.0541959 9.9955E-05 9.9955E-05 9.9955E-05 0.00588369 9.9955E-05 0.0198855 9.9955E-05
0.869216 9.9973E-05 0.0245161 0.0836594 0.00770248 0.0131692 9.9973E-05 9.9973E-05 0.00143712
0.999201 9.993E-05 9.993E-05 9.993E-05 9.993E-05 9.993E-05 9.993E-05 9.993E-05 9.993E-05
0.563557 0.0182866 0.0531106 0.0439849 0.0535399 0.26049 9.9982E-05 9.9982E-05 0.00683113
0.865116 9.9973E-05 0.0130327 0.0341943 0.00898821 0.0358308 9.9973E-05 9.9973E-05 0.0425384
0.0606986 9.9964E-05 0.185277 9.9964E-05 9.9964E-05 9.9964E-05 0.731327 0.0156903 0.00660729
0.066327 0.00479368 0.0679076 9.9982E-05 0.0944601 0.325147 0.229114 9.9982E-05 0.212051
0.0502073 9.9973E-05 0.102548 0.0187345 0.0833089 0.446363 0.298539 9.9973E-05 9.9973E-05
0.0683935 0.0295708 0.177258 9.9973E-05 0.048502 0.213646 0.462329 9.9973E-05 9.9973E-05
0.100389 0.0496629 0.18249 9.9973E-05 9.9973E-05 0.156293 0.455087 9.9973E-05 0.0557784
0.183651 9.9964E-05 0.0735932 9.9964E-05 0.0523109 0.318087 0.371958 9.9964E-05 9.9964E-05
0.157057 0.0200362 0.116603 9.9973E-05 9.9973E-05 0.414963 0.181192 9.9973E-05 0.109849
0.190134 0.00395194 0.116449 9.9964E-05 9.9964E-05 0.348334 0.340732 9.9964E-05 9.9964E-05
0.00721641 9.9973E-05 0.763938 0.0582862 0.011743 0.0520361 0.10648 9.9973E-05 9.9973E-05
0.0629483 0.011481 0.899526 0.0255453 9.9955E-05 9.9955E-05 9.9955E-05 9.9955E-05 9.9955E-05
9.9964E-05 9.9964E-05 0.932874 0.0362856 9.9964E-05 9.9964E-05 0.00507688 0.00822982 0.0171337
9.9964E-05 9.9964E-05 0.905019 0.0123305 0.0258033 0.0135763 0.0428714 9.9964E-05 9.9964E-05
9.9964E-05 9.9964E-05 0.846485 0.0382651 9.9964E-05 0.0783061 0.0331094 9.9964E-05 0.00343509
0.0846472 0.00117357 0.893225 9.9955E-05 9.9955E-05 9.9955E-05 9.9955E-05 0.0204548 9.9955E-05
0.0790776 9.9955E-05 0.829944 9.9955E-05 0.0739081 0.0165704 9.9955E-05 9.9955E-05 9.9955E-05
9.99715E-05 0.0480657 0.824967 0.0668629 9.99715E-05 0.0180925 0.0416117 9.99715E-05 9.99715E-05
0.00500996 0.0145819 0.894846 9.9973E-05 9.9973E-05 0.0138507 9.9973E-05 0.0113205 0.0600912
0.100213 9.9964E-05 0.764425 9.9964E-05 0.00504188 9.9964E-05 0.0662094 9.9964E-05 0.0637111
9.9964E-05 0.0437879 0.589384 9.9964E-05 0.153178 9.9964E-05 9.9964E-05 0.0335676 0.179683
9.9964E-05 9.9964E-05 0.556233 0.0111492 0.239722 9.9964E-05 9.9964E-05 0.0703684 0.122128
9.9973E-05 0.0246011 0.504557 0.0268725 0.0560024 9.9973E-05 0.0674203 9.9973E-05 0.320247
9.9964E-05 0.0301827 0.451262 9.9964E-05 0.127051 9.9964E-05 9.9964E-05 0.0476478 0.343457
0.00390179 0.0864101 9.9973E-05 9.9973E-05 0.101908 0.528459 9.9973E-05 0.137449 0.141572
0.0229595 9.9973E-05 9.9973E-05 0.0900706 0.0489613 0.496544 9.9973E-05 0.180819 0.160346
9.9973E-05 9.9973E-05 0.00486496 0.200057 9.9973E-05 0.399496 0.00337763 0.164561 0.227343
0.000168639 9.9964E-05 9.9964E-05 0.338611 9.9964E-05 0.150225 9.9964E-05 0.105439 0.405156
9.9973E-05 0.0803836 0.0678873 0.0298777 9.9973E-05 0.693829 9.9973E-05 0.0987149 0.0290077
0.012432 0.107691 9.9964E-05 0.0379867 9.9964E-05 0.545404 9.9964E-05 0.296087 9.9964E-05
0.00991822 0.0276855 9.9973E-05 9.9973E-05 0.0612635 0.534969 9.9973E-05 0.266446 0.0994181
0.0884083 9.9955E-05 9.9955E-05 9.9955E-05 0.0350964 0.279692 9.9955E-05 0.596303 9.9955E-05
9.9982E-05 0.130464 0.0157445 0.0390346 0.0188392 0.361833 9.9982E-05 0.391298 0.0425876
9.9955E-05 0.253647 9.9955E-05 0.0293935 9.9955E-05 9.9955E-05 0.0744491 0.642011 9.9955E-05
9.9964E-05 0.0828979 9.9964E-05 9.9964E-05 0.0229415 0.267546 0.127101 0.499114 9.9964E-05
0.010391 0.04454 0.0432081 0.00604302 9.9982E-05 0.494012 0.00240789 0.399198 9.9982E-05
9.9973E-05 9.9973E-05 0.0396044 0.109536 0.0281191 0.121584 9.9973E-05 0.596814 0.104043
9.9946E-05 9.9946E-05 9.9946E-05 0.0695177 0.8324 9.9946E-05 0.0974829 9.9946E-05 9.9946E-05
9.993E-05 9.993E-05 9.993E-05 9.993E-05 0.999201 9.993E-05 9.993E-05 9.993E-05 9.993E-05
9.993E-05 9.993E-05 9.993E-05 9.993E-05 0.999201 9.993E-05 9.993E-05 9.993E-05 9.993E-05
9.9955E-05 0.0104261 0.019379 9.9955E-05 0.950753 9.9955E-05 9.9955E-05 0.0189421 9.9955E-05
0.0263871 0.0194625 9.9964E-05 0.0723493 0.830017 9.9964E-05 9.9964E-05 9.9964E-05 0.0513841
0.0389815 9.9946E-05 9.9946E-05 9.9946E-05 0.900524 0.0598948 9.9946E-05 9.9946E-05 9.9946E-05
0.0566826 0.0176344 0.82542 9.9964E-05 0.0237466 0.0761163 9.9964E-05 9.9964E-05 9.9964E-05
9.9955E-05 9.9955E-05 0.757681 0.0941877 9.9955E-05 0.106938 0.0406932 9.9955E-05 9.9955E-05
0.0927526 0.00312074 0.728232 9.9982E-05 0.0232174 0.106956 0.0114022 9.9982E-05 0.0341186
0.134958 9.9955E-05 0.72675 0.0518352 9.9955E-05 9.9955E-05 9.9955E-05 9.9955E-05 0.0859569
0.0767677 9.9964E-05 0.756037 0.0235709 9.9964E-05 0.122738 9.9964E-05 0.0204859 9.9964E-05
9.9964E-05 9.9964E-05 0.368895 0.419756 0.134283 9.9964E-05 0.00049642 0.0761691 9.9964E-05
9.9982E-05 0.0413007 0.431079 0.199375 0.142781 9.9982E-05 0.0629105 0.100237 0.0221167
9.9964E-05 0.0316231 0.371804 0.28443 0.230343 9.9964E-05 9.9964E-05 0.0813998 9.9964E-05
0.0255962 9.9955E-05 0.796926 0.0103967 9.9955E-05 0.166581 9.9955E-05 9.9955E-05 9.9955E-05
0.0082374 9.9964E-05 0.367089 0.222518 0.302396 9.9964E-05 9.9964E-05 0.0993594 9.9964E-05
0.334104 9.9964E-05 0.113397 0.0302305 9.9964E-05 0.301272 0.220597 9.9964E-05 9.9964E-05
0.217402 9.9955E-05 0.238306 9.9955E-05 0.00551392 0.538279 9.9955E-05 9.9955E-05 9.9955E-05
0.227278 9.9973E-05 0.214892 9.9973E-05 0.0335334 0.364677 0.110452 0.048867 9.9973E-05
0.335191 9.9946E-05 0.312985 9.9946E-05 9.9946E-05 9.9946E-05 0.351224 9.9946E-05 9.9946E-05
9.9982E-05 0.0582519 9.9982E-05 0.110502 0.0894471 0.396598 0.0351151 0.0472862 0.262599
0.00664399 0.23496 9.9991E-05 0.198402 0.0030797 0.313984 0.127889 0.07475 0.0401906
9.9973E-05 9.9973E-05 0.0196315 0.140522 0.0196464 0.226161 0.0171395 9.9973E-05 0.5766
0.0164434 0.259564 9.9991E-05 0.0159167 0.0479611 0.452622 0.00247195 0.13565 0.0692707
9.9964E-05 0.264173 9.9964E-05 0.0925144 9.9964E-05 9.9964E-05 0.250026 0.202279 0.190608
0.00577986 0.133262 0.0402044 0.152631 0.020109 0.459416 0.0258789 0.0281398 0.134579
9.9982E-05 0.0611949 0.0198348 0.164147 9.9982E-05 0.232746 0.0411665 0.0822771 0.398433
9.9973E-05 0.0462215 9.9973E-05 0.0312226 9.9973E-05 0.0166359 0.25553 0.152146 0.497944
0.153845 0.184116 9.9991E-05 0.0269541 0.0728615 0.263549 0.0689563 0.0847859 0.144832
0.0047342 0.0120459 0.0136639 0.205859 0.00460834 0.505235 0.0597375 0.114396 0.0797202
0.146295 9.9982E-05 0.138277 0.0218973 9.9982E-05 0.285402 0.0956394 0.101608 0.210682
0.0165661 0.210993 9.9991E-05 0.113263 0.0259291 0.337829 0.0047407 0.107398 0.183181
0.015111 0.132352 0.00695837 0.073222 0.0721166 0.351711 9.9991E-05 0.148665 0.199765
0.0714078 0.130711 0.00980208 9.9991E-05 0.00162874 0.439785 0.112787 0.0458457 0.187932
9.9982E-05 9.9982E-05 0.00961625 0.147566 0.0448536 0.55734 0.07015 0.110532 0.0597416
0.0893888 0.0739813 0.0380643 0.0274321 0.0848389 0.46445 0.0177125 0.179068 0.0250638
0.0710807 9.9946E-05 0.773239 9.9946E-05 9.9946E-05 0.15508 9.9946E-05 9.9946E-05 9.9946E-05
0.0331696 9.9955E-05 0.808839 9.9955E-05 9.9955E-05 0.101617 9.9955E-05 0.0558743 9.9955E-05
0.0413246 0.0375079 0.747232 0.101807 9.9973E-05 0.00768152 9.9973E-05 0.0641471 9.9973E-05
0.0382607 0.0891536 0.721295 0.0280022 0.0448162 0.0628205 9.9982E-05 0.0154516 9.9982E-05
9.9946E-05 9.9946E-05 0.792294 9.9946E-05 0.0571823 0.149924 9.9946E-05 9.9946E-05 9.9946E-05
0.0215117 9.9973E-05 9.9973E-05 0.243338 9.9973E-05 0.181113 0.0356748 0.0615321 0.456531
0.0689051 0.040412 0.00862275 0.0780912 9.9973E-05 0.564722 9.9973E-05 9.9973E-05 0.238947
9.9982E-05 0.0212801 0.0514144 0.108498 0.00494947 0.423385 9.9982E-05 0.132167 0.258106
0.0702702 0.0702281 9.9982E-05 0.126172 9.9982E-05 0.179699 0.252594 0.0281365 0.2727
9.9973E-05 9.9973E-05 0.0865164 0.254948 0.0422382 9.9973E-05 0.170602 0.00256023 0.442834
0.0395047 0.0336583 0.0267272 0.119256 0.0830215 0.425737 0.00143531 0.159516 0.111144
0.00172114 0.0959696 0.071768 0.192061 0.0944031 0.127808 9.9991E-05 0.00171461 0.414455
9.9973E-05 0.196145 0.0498453 0.140207 0.0555825 0.394786 0.163134 9.9973E-05 9.9973E-05
0.0015632 0.15538 0.151145 0.235285 0.044413 0.0767503 9.9991E-05 0.0127495 0.322614
0.0392556 0.0894869 0.00875847 0.237495 0.0628312 0.110012 0.0333386 9.9991E-05 0.418722
0.101896 0.0945207 9.9982E-05 0.182089 9.9982E-05 0.258798 0.1535 0.0185182 0.190479
9.9973E-05 0.134806 9.9973E-05 0.00974016 0.0764621 0.304603 0.436533 0.0375565 9.9973E-05
9.9973E-05 0.0106419 0.0930237 9.9973E-05 0.125309 0.596393 0.143852 9.9973E-05 0.0304811
9.9973E-05 0.110099 9.9973E-05 0.0014858 0.0445655 0.375272 0.377549 0.0907281 9.9973E-05
9.9982E-05 0.132107 0.0218171 0.00166173 0.0681757 0.555246 0.101536 0.119257 9.9982E-05
9.9973E-05 0.156956 9.9973E-05 0.0855817 0.0199775 0.130595 0.484016 0.122574 9.9973E-05
9.9964E-05 0.0840279 9.9964E-05 9.9964E-05 0.0350363 0.308279 0.475917 0.0963404 9.9964E-05
9.9982E-05 0.0995864 0.0124833 0.0738261 0.0304738 0.500173 0.250967 9.9982E-05 0.0322909
9.9973E-05 0.093362 9.9973E-05 9.9973E-05 0.0853417 0.152788 0.40094 0.219101 0.0481673
9.9973E-05 9.9973E-05 9.9973E-05 0.0274839 0.00483338 0.420834 0.241872 0.186 0.118676
9.9973E-05 0.0783332 9.9973E-05 0.197034 0.0504794 0.0350834 9.9973E-05 0.0856146 0.553156
0.0433858 0.313005 9.9982E-05 0.248558 9.9982E-05 0.144719 0.0689035 0.0378083 0.143421
0.0966658 0.0246844 9.9982E-05 0.196428 0.000723154 0.325739 9.9982E-05 0.0969501 0.25861
9.9982E-05 9.9982E-05 0.0248188 0.109649 0.011842 0.657167 0.0962862 0.0198771 0.0801602
9.9982E-05 0.00946069 9.9982E-05 0.213 0.0948303 0.20958 0.0257421 0.163069 0.284117
0.100523 0.0596132 0.0380382 0.245533 0.023277 0.376332 9.9991E-05 0.0908408 0.0657426
0.112553 9.9982E-05 0.00201611 0.168687 0.055837 0.364099 9.9982E-05 0.164184 0.132424
0.0632748 9.9973E-05 9.9973E-05 0.288479 0.0521233 0.230149 9.9973E-05 0.136885 0.22879
0.0643327 0.0277945 9.9982E-05 0.251037 0.0256889 0.325455 9.9982E-05 0.0842896 0.221202
0.0392663 0.0851537 9.9982E-05 0.101779 0.0384262 0.531857 9.9982E-05 0.0105275 0.19279
9.9982E-05 0.0304693 9.9982E-05 0.143467 0.0532891 0.412966 0.175657 0.0411378 0.142813
0.0208252 0.0973118 9.9982E-05 0.176284 0.0134143 0.602425 0.0650817 0.0244577 9.9982E-05
0.0027423 9.9973E-05 0.0603759 0.274594 9.9973E-05 0.336113 0.141306 9.9973E-05 0.184569
0.182773 0.0300055 0.0384176 0.0913783 0.0371513 0.390478 0.00781986 0.0224833 0.199493
0.0362119 9.9973E-05 0.306311 9.9973E-05 9.9973E-05 0.480041 0.0547851 0.0077868 0.114565
0.207551 9.9982E-05 0.100557 9.9982E-05 0.0217136 0.428215 0.0451872 0.0841957 0.112381
0.130094 9.9973E-05 9.9973E-05 0.0260158 9.9973E-05 0.602017 0.111066 0.0502893 0.0802184
0.177698 0.0701359 0.180224 9.9973E-05 9.9973E-05 0.491265 0.0436333 9.9973E-05 0.0367437
0.0278271 0.185402 9.9982E-05 0.0762037 9.9982E-05 0.429231 0.0475594 0.0214665 0.21211
0.161759 9.9973E-05 0.0885443 0.014499 9.9973E-05 9.9973E-05 0.513557 0.109945 0.111396
0.101968 9.9991E-05 0.104666 0.0705002 0.0204882 0.502879 0.0793568 0.076256 0.0437859
0.161265 0.0413582 0.0879159 0.0321403 9.9991E-05 0.462189 0.0153371 0.044992 0.154703
0.150389 0.0377728 0.103892 9.9991E-05 0.0237636 0.191072 0.204382 0.0622708 0.226358
0.106523 9.9973E-05 0.0806562 9.9973E-05 9.9973E-05 0.599068 0.123452 0.0168915 0.0731098
0.194803 9.9946E-05 0.373114 9.9946E-05 9.9946E-05 9.9946E-05 0.431484 9.9946E-05 9.9946E-05
0.222301 0.0276827 0.172001 9.9973E-05 0.00743926 0.458059 0.112217 9.9973E-05 9.9973E-05
0.1254 0.115323 0.184055 0.0236867 9.9991E-05 0.484282 0.0306668 0.0139972 0.0224885
0.0900803 0.419169 0.0377178 0.0184834 0.034138 0.321254 9.9982E-05 9.9982E-05 0.0789576
9.9946E-05 0.835493 9.9946E-05 9.9946E-05 9.9946E-05 9.9946E-05 9.9946E-05 0.0424109 0.121496
9.9964E-05 0.92643 0.00451919 0.010761 9.9964E-05 9.9964E-05 0.0497485 0.00814171 9.9964E-05
0.256101 0.181679 0.118331 9.9982E-05 9.9982E-05 0.376054 0.0256217 0.0121447 0.0298686
0.327445 0.241545 0.104183 9.9964E-05 9.9964E-05 0.273662 0.0527659 9.9964E-05 9.9964E-05
0.257065 0.195044 0.236418 0.0205247 9.9991E-05 0.120206 0.0967887 0.0210265 0.0528272
0.224222 0.156329 0.229447 9.9973E-05 9.9973E-05 0.306409 0.00267211 9.9973E-05 0.0806208
0.0977452 0.608268 0.0577096 9.9973E-05 0.0126851 0.0604486 0.162844 9.9973E-05 9.9973E-05
0.0836857 0.628924 0.121543 9.9964E-05 9.9964E-05 0.108493 0.0569539 9.9964E-05 9.9964E-05
0.0927984 0.314032 0.0161368 9.9964E-05 0.0979558 0.478678 9.9964E-05 9.9964E-05 9.9964E-05
0.128686 0.414781 0.0434019 9.9955E-05 9.9955E-05 0.412631 9.9955E-05 9.9955E-05 9.9955E-05
0.194978 0.745157 0.0297698 9.9955E-05 9.9955E-05 0.0295956 9.9955E-05 9.9955E-05 9.9955E-05
0.125389 0.218737 0.0474908 0.00188495 0.00537874 0.480812 0.0174302 0.0226467 0.080231
0.0687198 0.42299 0.0474098 9.9955E-05 9.9955E-05 0.46038 9.9955E-05 9.9955E-05 9.9955E-05
9.9964E-05 0.605186 0.0347951 9.9964E-05 0.046267 0.256148 9.9964E-05 9.9964E-05 0.057204
0.0469458 0.481857 9.9982E-05 0.035354 9.9982E-05 0.33232 0.0183646 0.0280516 0.0569078
0.0140465 0.281994 0.0660176 0.122475 0.018949 0.391665 0.101799 0.00295369 9.9991E-05
0.0142167 0.354844 9.9982E-05 9.9982E-05 0.0238113 0.404926 0.111493 0.00223229 0.0882774
9.9946E-05 0.736546 9.9946E-05 9.9946E-05 0.103761 0.159094 9.9946E-05 9.9946E-05 9.9946E-05
0.062261 0.351329 9.9973E-05 0.0150341 9.9973E-05 0.498492 0.0119908 0.0605926 9.9973E-05
9.9964E-05 0.726215 0.0370156 0.0324903 9.9964E-05 0.188313 9.9964E-05 9.9964E-05 0.0155663
0.0127317 0.592422 0.0115412 9.9973E-05 0.0260307 0.313146 9.9973E-05 9.9973E-05 0.0438279
0.229809 9.9982E-05 0.169119 0.0143799 0.00226985 0.342336 0.177054 0.0648311 9.9982E-05
0.225754 0.0718775 0.17902 0.0473067 0.0430426 0.301383 0.0217426 0.0551676 0.0547059
0.132599 0.510206 0.196369 9.9964E-05 0.0566868 9.9964E-05 0.10374 9.9964E-05 9.9964E-05
0.194393 0.0884818 0.075251 9.9973E-05 0.0393112 0.567265 0.0349981 9.9973E-05 9.9973E-05
0.119622 0.316736 0.315755 9.9955E-05 9.9955E-05 9.9955E-05 0.247387 9.9955E-05 9.9955E-05
0.237414 0.296077 0.0104337 9.9964E-05 9.9964E-05 0.434133 0.0215432 9.9964E-05 9.9964E-05
9.9955E-05 0.904752 9.9955E-05 9.9955E-05 0.00529655 9.9955E-05 0.0103767 0.0790751 9.9955E-05
9.9937E-05 0.900942 9.9937E-05 9.9937E-05 9.9937E-05 9.9937E-05 9.9937E-05 0.0983588 9.9937E-05
9.9946E-05 0.497975 9.9946E-05 9.9946E-05 9.9946E-05 0.461215 9.9946E-05 9.9946E-05 0.0402107
0.0615625 0.322971 0.000478599 9.9964E-05 0.0164958 0.598093 9.9964E-05 9.9964E-05 9.9964E-05
9.9955E-05 0.620058 9.9955E-05 0.0101099 9.9955E-05 0.356355 0.0129777 9.9955E-05 9.9955E-05
0.0530763 0.467976 0.00887086 9.9964E-05 9.9964E-05 0.375986 9.9964E-05 0.0936914 9.9964E-05
0.0479116 0.529595 9.9946E-05 9.9946E-05 9.9946E-05 0.421893 9.9946E-05 9.9946E-05 9.9946E-05
0.0845094 0.137201 0.735496 9.9964E-05 0.0356105 9.9964E-05 0.00678332 9.9964E-05 9.9964E-05
0.103894 9.9991E-05 0.674019 0.103873 0.0400786 0.00743815 0.0218842 0.0480871 0.00062642
0.0731144 9.9955E-05 0.871379 0.00861588 0.0463912 9.9955E-05 9.9955E-05 9.9955E-05 9.9955E-05
9.9937E-05 9.9937E-05 0.90545 9.9937E-05 9.9937E-05 0.0938508 9.9937E-05 9.9937E-05 9.9937E-05
0.0659778 0.0357434 0.0366645 9.9982E-05 0.0347365 0.420336 9.9982E-05 0.29182 0.114522
9.9955E-05 0.00572887 9.9955E-05 9.9955E-05 9.9955E-05 0.538649 9.9955E-05 0.417936 0.0371865
9.9982E-05 9.9982E-05 0.00301649 0.0248147 0.087026 0.281286 0.0107738 0.469888 0.122995
0.107913 0.0301046 0.0136438 9.9982E-05 0.0415684 0.520119 9.9982E-05 0.274017 0.0124352
9.9955E-05 0.103971 9.9955E-05 9.9955E-05 9.9955E-05 0.374784 0.118489 0.402256 9.9955E-05
0.118523 0.0794514 0.265282 0.0227922 0.0354221 0.469212 0.0091167 9.9982E-05 9.9982E-05
0.0111765 0.117067 9.9973E-05 9.9973E-05 9.9973E-05 0.389936 0.0500497 0.336997 0.0944738
9.9955E-05 9.9955E-05 9.9955E-05 0.122838 9.9955E-05 0.360849 9.9955E-05 0.409598 0.106215
0.0411479 0.012236 9.9973E-05 9.9973E-05 0.0359675 0.434654 9.9973E-05 0.351501 0.124194
0.0316338 0.0945492 0.00395125 0.0628397 9.9982E-05 0.327894 9.9982E-05 0.32696 0.151973
0.0282005 0.0496996 9.9964E-05 9.9964E-05 9.9964E-05 0.436937 0.0688708 0.415893 9.9964E-05
9.9946E-05 0.00659316 9.9946E-05 9.9946E-05 9.9946E-05 0.105613 9.9946E-05 0.887195 9.9946E-05
0.0546832 0.137089 9.9973E-05 9.9973E-05 9.9973E-05 0.236951 0.0482959 0.469734 0.0529466
0.0333496 0.0702819 9.9964E-05 0.0638798 9.9964E-05 0.286792 9.9964E-05 0.545297 9.9964E-05
9.9937E-05 9.9937E-05 9.9937E-05 9.9937E-05 9.9937E-05 9.9937E-05 0.186814 0.812487 9.9937E-05
0.0363195 9.9982E-05 0.0232988 9.9982E-05 0.0477387 0.450861 0.0171941 0.368352 0.0560362
9.9964E-05 0.0924094 9.9964E-05 0.0384225 9.9964E-05 0.0497263 0.225613 0.593429 9.9964E-05
9.9946E-05 0.184116 9.9946E-05 9.9946E-05 9.9946E-05 9.9946E-05 0.171483 0.643802 9.9946E-05
0.0206882 9.9964E-05 0.0540942 0.00468117 9.9964E-05 0.621332 9.9964E-05 0.298805 9.9964E-05
0.0168142 9.9973E-05 0.027392 0.0467699 9.9973E-05 0.229516 9.9973E-05 0.539331 0.139876
0.0654803 9.9982E-05 9.9982E-05 0.0411266 0.0521873 0.40854 0.0339902 0.358904 0.0395715
0.0176226 9.9991E-05 0.00926045 0.0135361 0.0151737 0.503878 0.00888759 0.396206 0.0353358
0.0418325 0.0794503 9.9982E-05 0.207285 9.9982E-05 0.321042 0.130565 0.0670386 0.152587
0.0384685 9.9973E-05 9.9973E-05 0.00774112 0.0461641 0.506094 9.9973E-05 0.385876 0.0153569
0.0308628 0.0157542 0.00659873 0.0295154 0.0750277 0.434109 9.9991E-05 0.279712 0.12832
9.9946E-05 9.9946E-05 9.9946E-05 9.9946E-05 0.0180421 0.310781 9.9946E-05 0.670577 9.9946E-05
9.9964E-05 9.9964E-05 0.682076 0.12922 0.0466823 9.9964E-05 0.0443932 9.9964E-05 0.0972287
0.00612078 0.0433916 0.709463 9.9982E-05 0.0580147 0.00901503 9.9982E-05 0.0119698 0.161826
9.9964E-05 9.9964E-05 0.773963 0.058538 0.0785064 9.9964E-05 9.9964E-05 0.0247045 0.063888
9.9964E-05 0.124891 0.801448 0.0112488 0.0548351 9.9964E-05 9.9964E-05 0.00717724 9.9964E-05
9.9964E-05 9.9964E-05 0.674432 9.9964E-05 0.115589 0.0111679 0.0685771 9.9964E-05 0.129834
0.0100981 9.9982E-05 0.0428876 0.0277266 0.0285178 0.12625 9.9982E-05 0.610453 0.153867
9.9973E-05 9.9973E-05 0.0627107 0.122721 9.9973E-05 0.155793 0.00367819 0.57039 0.0844071
0.0229398 0.0690657 9.9964E-05 9.9964E-05 9.9964E-05 0.0956474 0.0022226 0.809725 9.9964E-05
0.0421395 9.9973E-05 0.0196646 9.9973E-05 9.9973E-05 0.260281 0.0815608 0.505784 0.0902701
0.042614 9.9982E-05 0.0146949 0.0175705 0.0384655 0.570183 9.9982E-05 0.265235 0.0510369
9.9964E-05 0.0976575 0.0619971 9.9964E-05 9.9964E-05 0.379428 0.0274668 0.433051 9.9964E-05
0.0107976 0.0147653 9.9991E-05 0.0189316 0.034687 0.577163 0.0440459 0.198067 0.101443
0.0199628 0.0812706 9.9973E-05 0.064899 9.9973E-05 0.257296 9.9973E-05 0.456115 0.120156
9.9964E-05 9.9964E-05 9.9964E-05 0.00132302 0.0862934 0.35681 9.9964E-05 0.496179 0.0589946
9.9955E-05 9.9955E-05 9.9955E-05 0.0867092 9.9955E-05 0.335828 9.9955E-05 0.497833 0.0791301
0.0241062 0.0298296 0.0975524 9.9982E-05 0.0241732 0.637342 0.101199 9.9982E-05 0.0855972
0.00696891 9.9973E-05 0.0411834 9.9973E-05 0.0188745 0.355121 9.9973E-05 0.504623 0.0729285
9.9982E-05 0.0587364 0.00574202 9.9982E-05 0.0100919 0.444301 0.00523226 0.308435 0.167262
0.390979 0.0295876 0.106218 9.9964E-05 9.9964E-05 0.411659 9.9964E-05 9.9964E-05 0.0611572
0.43513 0.00473309 0.164256 9.9973E-05 9.9973E-05 0.297009 0.0509883 9.9973E-05 0.0475829
0.0108033 9.9973E-05 9.9973E-05 0.0244952 9.9973E-05 0.42878 0.196704 0.296839 0.0420777
0.533928 9.9955E-05 0.298739 9.9955E-05 9.9955E-05 0.157947 0.00888561 9.9955E-05 9.9955E-05
0.496547 0.0596472 0.157269 9.9964E-05 9.9964E-05 0.265437 9.9964E-05 9.9964E-05 0.0206993
0.142257 9.9973E-05 0.135571 9.9973E-05 0.00370577 0.443746 0.224783 0.0496371 9.9973E-05
9.9955E-05 9.9955E-05 0.101628 0.0578973 9.9955E-05 0.635157 0.204818 9.9955E-05 9.9955E-05
9.9982E-05 0.0025529 0.0798996 0.0272526 0.0165554 0.464539 0.268408 9.9982E-05 0.140592
0.441218 0.00974655 0.199354 9.9964E-05 9.9964E-05 0.311516 0.0377659 9.9964E-05 9.9964E-05
0.457676 9.9964E-05 0.066546 0.0154027 9.9964E-05 0.441056 0.0189197 9.9964E-05 9.9964E-05
0.535416 9.9973E-05 0.12518 0.0422355 9.9973E-05 0.18012 9.9973E-05 0.0845977 0.0321507
0.539137 0.067754 0.0461258 0.0437954 9.9973E-05 0.235764 0.0671244 9.9973E-05 9.9973E-05
9.9955E-05 9.9955E-05 9.9955E-05 9.9955E-05 0.0679915 0.658221 0.243925 9.9955E-05 0.0293628
0.569777 9.9964E-05 0.127113 9.9964E-05 0.0144181 0.239697 0.0485954 9.9964E-05 9.9964E-05
9.9973E-05 9.9973E-05 0.0489175 0.0252882 0.108312 0.208728 0.330284 9.9973E-05 0.27817
0.0573028 0.0208696 9.9973E-05 9.9973E-05 0.016737 0.588197 0.239316 9.9973E-05 0.0772778
9.9973E-05 0.0165533 0.0518103 0.0605961 9.9973E-05 0.656068 0.119155 9.9973E-05 0.0955178
9.9973E-05 0.0307202 0.152634 0.0424199 9.9973E-05 0.547136 0.199438 0.0273526 9.9973E-05
0.139769 0.0799967 0.224903 0.0666555 9.9982E-05 0.36212 0.0779399 0.048416 9.9982E-05
0.207291 0.0845746 0.146409 0.0849849 9.9973E-05 0.4012 0.0752404 9.9973E-05 9.9973E-05
0.540635 9.9955E-05 0.184848 9.9955E-05 9.9955E-05 0.213233 0.0607844 9.9955E-05 9.9955E-05
9.9982E-05 9.9982E-05 0.07183 0.0192409 0.0752002 0.503525 0.227522 0.0496376 0.0528445
0.0211296 0.0132821 0.0299259 9.9982E-05 0.0701395 0.244302 0.616756 0.00426536 9.9982E-05
0.0641725 0.0902095 0.0567447 0.145652 9.9982E-05 0.322923 0.183761 9.9982E-05 0.136337
0.210514 9.9973E-05 0.11931 9.9973E-05 9.9973E-05 0.393558 0.228372 0.0363778 0.011568
0.16024 9.9964E-05 0.150596 9.9964E-05 0.0310863 9.9964E-05 0.636963 9.9964E-05 0.0207152
0.102535 9.9946E-05 0.190769 9.9946E-05 9.9946E-05 9.9946E-05 0.706097 9.9946E-05 9.9946E-05
0.0430002 9.9964E-05 0.114199 0.145465 9.9964E-05 0.322008 0.374928 9.9964E-05 9.9964E-05
0.181946 0.0344057 0.250225 9.9982E-05 9.9982E-05 0.0317637 0.441006 0.0180773 0.0423764
0.16867 9.9946E-05 0.301889 9.9946E-05 9.9946E-05 9.9946E-05 0.528842 9.9946E-05 9.9946E-05
0.165033 0.0975014 0.0850905 0.0354305 0.0284245 0.327828 0.184579 9.9991E-05 0.0760126
0.121504 0.0322857 0.195425 0.00805802 0.0385424 0.294968 0.123359 0.0712943 0.114564
0.145746 9.9973E-05 0.249039 0.0394293 0.00509789 0.189021 0.371367 9.9973E-05 9.9973E-05
0.0550631 9.9964E-05 0.220559 9.9964E-05 9.9964E-05 0.10357 0.5325 9.9964E-05 0.0879082
0.162192 0.110678 0.0564638 0.0581167 9.9973E-05 0.429395 0.182854 9.9973E-05 9.9973E-05
0.181214 9.9973E-05 0.0699167 9.9973E-05 9.9973E-05 0.10983 0.501797 0.0332388 0.103704
0.0287716 9.9946E-05 0.297809 9.9946E-05 9.9946E-05 9.9946E-05 0.67282 9.9946E-05 9.9946E-05
0.146916 9.9973E-05 0.113884 9.9973E-05 0.0235927 0.370503 0.256433 9.9973E-05 0.0883711
0.173255 9.9964E-05 0.308214 9.9964E-05 9.9964E-05 0.35915 9.9964E-05 0.0734831 0.0854987
0.241443 9.9973E-05 0.136957 9.9973E-05 9.9973E-05 0.574865 0.0189414 0.00397748 0.0235165
0.223599 0.0215731 0.132144 0.019147 9.9982E-05 0.488298 0.0633557 9.9982E-05 0.0516833
0.202232 9.9973E-05 0.342645 9.9973E-05 0.0384883 0.306151 0.0199325 9.9973E-05 0.0902515
0.146675 9.9964E-05 0.214236 9.9964E-05 9.9964E-05 0.519567 0.0839697 9.9964E-05 0.0351528
0.224533 9.9973E-05 0.249754 9.9973E-05 0.0130073 0.437861 0.00976059 9.9973E-05 0.0647836
0.309854 0.124164 0.182229 0.0182471 0.0230175 0.317087 0.00534551 0.0199567 9.9991E-05
0.181749 0.0630685 0.181731 0.0613311 9.9991E-05 0.149401 0.0175393 0.166016 0.179064
0.226233 0.00662634 0.290333 9.9982E-05 0.00548807 0.368772 0.0592487 9.9982E-05 0.043099
0.213664 9.9973E-05 0.307637 9.9973E-05 9.9973E-05 0.149878 0.235306 0.0790082 0.0142077
0.344279 9.9964E-05 0.207731 9.9964E-05 9.9964E-05 0.223841 0.141246 0.0825045 9.9964E-05
9.99639E-05 9.99639E-05 0.747059 0.12702 0.0475497 9.99639E-05 0.0145774 0.0633937 9.99639E-05
9.9982E-05 9.9982E-05 0.0271283 0.734968 0.00507936 0.119217 0.0379556 0.00760726 0.0678442
9.9946E-05 0.0124274 9.9946E-05 0.939895 0.0470782 9.9946E-05 9.9946E-05 9.9946E-05 9.9946E-05
9.993E-05 9.993E-05 9.993E-05 0.999201 9.993E-05 9.993E-05 9.993E-05 9.993E-05 9.993E-05
0.000189633 9.9937E-05 9.9937E-05 0.999111 9.9937E-05 9.9937E-05 9.9937E-05 9.9937E-05 9.9937E-05
0.0884723 9.9946E-05 9.9946E-05 0.91065 0.000277787 9.9946E-05 9.9946E-05 9.9946E-05 9.9946E-05
9.9946E-05 9.9946E-05 9.9946E-05 0.88553 0.0147712 0.0990996 9.9946E-05 9.9946E-05 9.9946E-05
9.9937E-05 9.9937E-05 0.0303376 0.968963 9.9937E-05 9.9937E-05 9.9937E-05 9.9937E-05 9.9937E-05
9.9946E-05 9.9946E-05 0.170833 0.774307 0.0542603 9.9946E-05 9.9946E-05 9.9946E-05 9.9946E-05
0.0282073 9.9982E-05 0.830682 0.0501277 9.9982E-05 0.0768593 0.00330034 0.00467279 0.0059509
0.00854805 9.9973E-05 0.763394 0.0266563 0.0630509 0.0600064 9.9973E-05 9.9973E-05 0.0780446
0.0744389 9.9964E-05 0.865119 9.9964E-05 0.0102059 9.9964E-05 9.9964E-05 0.0385784 0.0112583
9.9964E-05 9.9964E-05 0.763988 9.9964E-05 0.0838145 0.0158751 0.0190903 9.9964E-05 0.116832
0.022233 9.9955E-05 0.861363 9.9955E-05 9.9955E-05 0.0139723 9.9955E-05 9.9955E-05 0.101932
9.9955E-05 0.0308447 0.848001 0.0877643 0.0328907 9.9955E-05 9.9955E-05 9.9955E-05 9.9955E-05
0.170814 0.0318384 0.66719 9.9973E-05 0.0753328 0.0105089 0.0440157 9.9973E-05 9.9973E-05
0.066638 9.9973E-05 0.817996 9.9973E-05 0.0257673 0.0454291 0.000906239 9.9973E-05 0.0429632
0.0640452 0.00621279 0.654195 0.0102247 0.0443586 0.0696135 0.02986 0.00815278 0.113337
0.0477273 0.0222224 0.865179 9.9982E-05 0.0311181 0.02912 0.00211145 9.9982E-05 0.00232203
9.9955E-05 0.0175846 0.935508 9.9955E-05 0.0439525 9.9955E-05 9.9955E-05 9.9955E-05 0.00245524
0.0462446 0.011263 0.797649 9.9982E-05 0.0447599 0.0391478 0.00278631 9.9982E-05 0.0579488
9.9946E-05 9.9946E-05 0.93864 9.9946E-05 0.0573892 0.00337109 9.9946E-05 9.9946E-05 9.9946E-05
9.9955E-05 9.9955E-05 0.88177 0.000325194 0.0250553 0.0923493 9.9955E-05 9.9955E-05 9.9955E-05
0.0976907 9.9964E-05 0.851542 9.9964E-05 0.00296691 0.00769808 9.9964E-05 0.0397025 9.9964E-05
0.0726597 9.9946E-05 0.810815 9.9946E-05 9.9946E-05 0.115926 9.9946E-05 9.9946E-05 9.9946E-05
0.164628 9.9955E-05 0.744993 9.9955E-05 0.0313899 0.0584893 9.9955E-05 9.9955E-05 9.9955E-05
0.0733525 9.9955E-05 0.786059 9.9955E-05 0.0290787 0.11101 9.9955E-05 9.9955E-05 9.9955E-05
0.11696 0.0399696 0.791443 9.9955E-05 9.9955E-05 0.0511285 9.9955E-05 9.9955E-05 9.9955E-05
9.9973E-05 9.9973E-05 0.0359357 9.9973E-05 0.110177 0.385314 0.314344 0.0597435 0.094186
9.9964E-05 9.9964E-05 0.0258957 9.9964E-05 0.0643043 0.746628 0.158343 0.00442944 9.9964E-05
9.9973E-05 0.058085 9.9973E-05 0.0120334 0.0781488 0.193383 0.597869 0.0601808 9.9973E-05
9.9982E-05 0.0319774 0.0608702 0.026925 0.0140271 0.578496 0.150938 9.9982E-05 0.136566
9.9946E-05 9.9946E-05 9.9946E-05 9.9946E-05 0.0463473 0.202302 0.750751 9.9946E-05 9.9946E-05
0.0103434 9.9973E-05 0.0771762 9.9973E-05 0.0680051 0.639194 0.169047 0.0359345 9.9973E-05
9.9982E-05 9.9982E-05 0.00490817 0.0511714 0.0884099 0.438559 0.253825 0.0880843 0.0748424
9.9964E-05 9.9964E-05 0.0778511 9.9964E-05 0.0300923 0.462904 0.302977 9.9964E-05 0.125775
9.9973E-05 9.9973E-05 0.072698 0.0405411 0.0502705 0.485102 9.9973E-05 0.300859 0.0502299
