9.9973E-05 0.0191533 9.9973E-05 0.0364219 0.0169779 0.0364774 9.9973E-05 0.512661 0.378009
9.9946E-05 9.9946E-05 9.9946E-05 9.9946E-05 9.9946E-05 9.9946E-05 0.0270378 0.510168 0.462195
9.9964E-05 9.9964E-05 0.00171096 9.9964E-05 9.9964E-05 0.118222 0.0165087 0.502053 0.361105
9.9973E-05 0.0174927 9.9973E-05 0.0403933 0.0667529 0.00883714 9.9973E-05 0.566546 0.299678
0.0337083 9.9964E-05 9.9964E-05 9.9964E-05 0.0178753 0.0260011 9.9964E-05 0.404389 0.517626
9.9964E-05 9.9964E-05 0.035967 9.9964E-05 0.0410711 0.0673283 0.0539065 9.9964E-05 0.801327
9.9955E-05 0.0367423 0.017634 9.9955E-05 9.9955E-05 9.9955E-05 9.9955E-05 0.0510077 0.894116
0.0233889 0.0147945 9.9973E-05 9.9973E-05 0.115614 0.00515868 0.0229489 9.9973E-05 0.817795
9.99549E-05 9.99549E-05 9.99549E-05 9.99549E-05 0.0641474 9.99549E-05 0.0748057 0.524907 0.33564
0.0833774 9.9982E-05 0.0248876 0.0640297 0.0386516 0.0200664 9.9982E-05 0.0088214 0.759966
9.9955E-05 9.9955E-05 0.0227089 9.9955E-05 0.130884 0.0123603 9.9955E-05 9.9955E-05 0.833547
9.9964E-05 0.754934 9.9964E-05 0.0842869 9.9964E-05 0.114217 0.0395677 9.9964E-05 0.00659505
9.9973E-05 0.469564 0.0142843 0.0658192 0.033949 0.387533 9.9973E-05 0.0285508 9.9973E-05
0.123558 0.736977 9.9964E-05 0.0661361 9.9964E-05 0.0280054 9.9964E-05 0.0449231 9.9964E-05
0.0898269 0.639005 9.9964E-05 0.128515 9.9964E-05 0.123236 9.9964E-05 0.0190175 9.9964E-05
0.0320743 0.391014 0.0238956 0.0828702 9.9991E-05 0.264959 0.0209314 0.143173 0.0409822
0.0238034 0.38396 0.0293376 0.115061 0.0250481 0.301647 0.0762297 0.0448125 9.9991E-05
9.9955E-05 0.640832 9.9955E-05 0.0795611 9.9955E-05 0.203849 9.9955E-05 0.0752575 9.9955E-05
9.9964E-05 0.83457 0.0840803 9.9964E-05 0.0502882 9.9964E-05 0.00238787 9.9964E-05 0.0282738
0.00655807 0.357467 0.0121165 0.133919 0.083222 0.287001 0.0955363 9.9991E-05 0.0240796
0.0551191 0.349731 0.103761 0.0962951 0.0287623 0.281586 0.0140555 0.0438422 0.0268488
0.0734311 0.331899 9.9964E-05 9.9964E-05 9.9964E-05 0.506191 9.9964E-05 0.0202124 0.0678673
9.9955E-05 0.793593 0.0485687 0.129407 9.9955E-05 9.9955E-05 0.0279313 9.9955E-05 9.9955E-05
9.9964E-05 0.433034 0.0674088 0.114351 9.9964E-05 0.365142 9.9964E-05 0.019664 9.9964E-05
9.9937E-05 0.908071 9.9937E-05 0.0912294 9.9937E-05 9.9937E-05 9.9937E-05 9.9937E-05 9.9937E-05
9.9955E-05 0.731427 9.9955E-05 0.149901 9.9955E-05 0.0656548 9.9955E-05 0.0525167 9.9955E-05
0.0027022 0.825038 0.0350611 0.0201868 0.0213586 0.0953534 9.9973E-05 9.9973E-05 9.9973E-05
9.9937E-05 9.9937E-05 9.9937E-05 9.9937E-05 9.9937E-05 0.0955884 9.9937E-05 0.903712 9.9937E-05
9.9937E-05 9.9937E-05 9.9937E-05 9.9937E-05 9.9937E-05 0.120411 9.9937E-05 0.87889 9.9937E-05
9.9982E-05 0.0773632 0.020287 0.0365065 9.9982E-05 0.105775 0.0110715 0.668399 0.0803978
9.9955E-05 9.9955E-05 9.9955E-05 0.0137949 9.9955E-05 0.189191 9.9955E-05 0.594129 0.202386
0.034206 0.144052 0.00339927 9.9991E-05 0.0495183 0.582453 0.117383 0.0155368 0.0533518
0.0184665 9.9973E-05 0.0200515 0.022335 9.9973E-05 0.547449 0.31894 0.0724583 9.9973E-05
9.9973E-05 0.576156 9.9973E-05 9.9973E-05 0.185407 0.0704405 0.0581021 0.0214279 0.0881663
9.9964E-05 9.9964E-05 0.0229919 0.0457042 9.9964E-05 0.27708 0.575551 0.0782732 9.9964E-05
9.9964E-05 9.9964E-05 0.0152904 0.0478253 9.9964E-05 0.704726 0.183673 0.0480856 9.9964E-05
0.0208715 9.9982E-05 0.102099 9.9982E-05 0.111389 0.64081 0.00726204 0.0788394 0.0385287
0.0631144 0.0456963 0.0777773 9.9991E-05 0.0181724 0.642299 0.00389736 0.119674 0.0292688
9.9955E-05 0.301235 9.9955E-05 9.9955E-05 9.9955E-05 0.192041 0.469015 0.0372087 9.9955E-05
9.9991E-05 0.0759822 0.213321 0.0137861 0.0187133 0.602696 0.0476761 0.0112538 0.0164718
0.0853399 9.9955E-05 9.9955E-05 9.9955E-05 0.0253816 0.329686 0.559093 9.9955E-05 9.9955E-05
9.9946E-05 9.9946E-05 0.215413 9.9946E-05 9.9946E-05 9.9946E-05 0.72607 0.0579175 9.9946E-05
0.0689833 0.367695 0.0466146 9.9973E-05 0.216957 0.102598 0.196852 9.9973E-05 9.9973E-05
0.0730315 0.42008 0.286134 9.9982E-05 0.00129732 0.0106492 0.193664 9.9982E-05 0.0149443
9.9982E-05 0.190667 0.05449 9.9982E-05 0.212026 0.143123 0.266553 0.0467839 0.0861581
0.0620132 0.201897 0.0404657 0.0763354 0.142234 0.446294 0.0305608 9.9982E-05 9.9982E-05
0.149136 0.316261 0.0215659 9.9991E-05 0.0531843 0.280211 0.0399403 0.0104392 0.129162
0.0117742 0.437869 0.0797204 0.0540185 0.0943937 9.9991E-05 0.103934 0.0421457 0.176044
9.9982E-05 0.388383 0.0718774 0.0537774 0.0498097 0.343435 9.9982E-05 0.0237796 0.0687372
0.0235735 0.573369 0.0700035 9.9973E-05 0.183404 9.9973E-05 0.0927663 0.0565837 9.9973E-05
9.9955E-05 0.429214 0.115934 0.0485537 9.9955E-05 0.405799 9.9955E-05 9.9955E-05 9.9955E-05
0.150304 0.0306568 0.0445675 0.0338355 9.9991E-05 0.681695 0.00460439 0.00226582 0.051971
0.0387757 0.39812 0.0633184 0.05112 0.0386211 0.255335 0.0819332 9.9991E-05 0.0726765
9.9982E-05 0.357843 0.0622046 0.0164904 9.9982E-05 0.425365 0.0336723 0.0197979 0.0844267
0.112056 0.542228 0.0907342 9.9973E-05 0.0659871 0.157606 9.9973E-05 0.0310888 9.9973E-05
9.9964E-05 0.100002 0.00176128 9.9964E-05 0.0773208 0.594147 0.226369 9.9964E-05 9.9964E-05
9.9964E-05 0.219201 9.9964E-05 0.00238589 9.9964E-05 0.196768 0.555684 9.9964E-05 0.0255617
9.9973E-05 9.9973E-05 0.0476293 0.0329801 0.0144274 0.0294761 0.840872 9.9973E-05 0.0343156
0.0472305 0.0359549 9.9955E-05 9.9955E-05 9.9955E-05 0.0828194 0.833495 9.9955E-05 9.9955E-05
9.9955E-05 9.9955E-05 9.9955E-05 0.0291532 0.0335631 0.340051 0.596733 9.9955E-05 9.9955E-05
9.9955E-05 9.9955E-05 9.9955E-05 9.9955E-05 0.0673217 0.480944 0.413629 0.0376056 9.9955E-05
9.9955E-05 0.0906095 9.9955E-05 0.0553151 9.9955E-05 0.459341 0.394234 9.9955E-05 9.9955E-05
9.9973E-05 0.126556 9.9973E-05 0.0575338 0.0976172 0.160652 0.508508 9.9973E-05 0.048833
9.9964E-05 0.0650042 9.9964E-05 9.9964E-05 0.130408 0.293193 0.458835 9.9964E-05 0.0521602
9.9964E-05 0.142647 9.9964E-05 9.9964E-05 9.9964E-05 0.353295 0.414323 0.0198555 0.0694796
9.9973E-05 0.0611726 0.0262796 0.00192947 9.9973E-05 0.539167 0.282454 9.9973E-05 0.0886977
9.9946E-05 9.9946E-05 9.9946E-05 9.9946E-05 9.9946E-05 0.441478 0.514012 9.9946E-05 0.0439108
0.0340899 9.9973E-05 0.0907493 0.0451413 0.0310803 9.9973E-05 0.776925 9.9973E-05 0.0217143
9.9964E-05 0.0861192 9.9964E-05 0.00618552 9.9964E-05 0.0496773 9.9964E-05 0.596316 0.261302
9.9946E-05 9.9946E-05 9.9946E-05 9.9946E-05 9.9946E-05 0.0810302 9.9946E-05 0.657286 0.261084
9.9964E-05 9.9964E-05 9.9964E-05 0.0281891 0.000180227 0.0768564 9.9964E-05 0.658266 0.236108
9.9964E-05 9.9964E-05 0.0163452 9.9964E-05 9.9964E-05 0.0550924 0.010436 0.599432 0.318294
0.0625214 9.9973E-05 0.0270637 0.0585231 9.9973E-05 0.00647204 9.9973E-05 0.628088 0.217031
9.9973E-05 9.9973E-05 9.9973E-05 0.0312572 0.0134209 0.0259411 0.0241454 0.636939 0.267996
9.9964E-05 9.9964E-05 0.0179425 0.00986762 9.9964E-05 0.0195648 9.9964E-05 0.619796 0.332429
0.00391285 0.175838 9.9973E-05 9.9973E-05 9.9973E-05 0.125737 0.63283 0.00119589 0.0601867
9.9973E-05 0.223965 9.9973E-05 9.9973E-05 0.0292427 0.486067 0.230836 0.00501624 0.0245736
9.9964E-05 0.0264746 9.9964E-05 0.0922791 9.9964E-05 0.547395 0.303267 0.0301845 9.9964E-05
0.0658671 0.0119243 0.0990664 9.9982E-05 0.0381813 0.63817 0.106568 0.0400225 9.9982E-05
0.00644144 9.9973E-05 9.9973E-05 0.0581463 9.9973E-05 0.529661 0.380403 0.0101596 0.0148887
9.9973E-05 0.16452 9.9973E-05 9.9973E-05 0.0716295 0.0145542 0.69129 0.0315661 0.0261402
0.0292543 0.0670691 0.14998 9.9973E-05 9.9973E-05 0.353894 0.375536 0.0239661 9.9973E-05
0.0451401 9.9964E-05 9.9964E-05 0.00424699 9.9964E-05 0.520571 0.382876 0.0467657 9.9964E-05
0.0664276 0.184661 9.9964E-05 9.9964E-05 9.9964E-05 0.44575 0.277218 0.0255425 9.9964E-05
0.0243823 9.9964E-05 9.9964E-05 0.111237 0.0333948 0.295991 0.534595 9.9964E-05 9.9964E-05
9.9973E-05 0.0427489 9.9973E-05 9.9973E-05 0.0811121 0.516566 0.284506 0.0173597 0.0574074
0.120881 0.609205 0.0356227 0.0352664 9.9982E-05 0.071659 0.0906532 0.0365128 9.9982E-05
9.9991E-05 0.0918581 0.0574428 0.0427507 0.201763 0.398171 0.0695522 0.0906934 0.0476692
0.0556741 0.39393 9.9964E-05 9.9964E-05 0.0771819 0.424156 9.9964E-05 0.0486578 9.9964E-05
0.097786 0.165635 0.0655882 0.00857875 0.0896218 0.550864 9.9982E-05 0.0217262 9.9982E-05
0.158057 0.2779 9.9964E-05 9.9964E-05 0.0763793 0.429801 9.9964E-05 9.9964E-05 0.0574629
9.9955E-05 0.336456 9.9955E-05 9.9955E-05 9.9955E-05 0.573759 0.0468897 0.0423947 9.9955E-05
0.0399534 0.261402 9.9973E-05 9.9973E-05 0.158405 0.470137 0.0467022 9.9973E-05 0.0231001
0.0841889 0.277924 9.9982E-05 0.0967025 0.0307073 0.467322 0.0394302 0.00352529 9.9982E-05
0.157021 0.199622 0.0122641 0.170407 0.0515217 0.378322 9.9982E-05 9.9982E-05 0.0306421
0.0714313 0.360642 0.0536343 0.00376375 0.101322 0.281017 9.9991E-05 0.00232496 0.125765
0.021434 0.259865 9.9973E-05 0.0752183 0.0753341 0.544376 9.9973E-05 9.9973E-05 0.0234725
0.130939 0.134152 9.9973E-05 0.0247663 0.0803389 0.593931 9.9973E-05 0.0355735 9.9973E-05
0.101829 0.302582 9.9982E-05 0.0529782 0.129882 0.211195 0.152937 0.0483966 9.9982E-05
0.212457 0.417541 0.194318 0.0272877 0.0655843 0.0737323 0.00887896 9.9982E-05 9.9982E-05
0.229034 0.173539 0.112275 0.05895 0.217961 0.0273401 0.1807 9.9982E-05 9.9982E-05
0.0102001 0.499056 0.0194354 9.9991E-05 0.17784 0.242967 0.0279674 0.00290254 0.0195315
0.0303336 0.270645 9.9964E-05 9.9964E-05 0.180874 0.45309 0.0646572 9.9964E-05 9.9964E-05
9.9964E-05 0.402279 9.9964E-05 9.9964E-05 0.144154 0.283001 0.103994 0.0661715 9.9964E-05
0.0701132 0.485626 9.9964E-05 9.9964E-05 0.131312 0.258647 0.0539029 9.9964E-05 9.9964E-05
9.9973E-05 0.22219 9.9973E-05 0.0581779 0.0587253 0.579657 9.9973E-05 0.0481356 0.0328138
0.150243 0.180837 0.161364 0.0263059 0.197875 0.228515 0.0546597 9.9982E-05 9.9982E-05
0.0428617 0.0383603 0.0609448 0.0853742 0.0493286 0.567095 0.0549016 0.0835838 0.0175497
0.153294 0.0545678 0.32647 9.9991E-05 0.145307 0.0392204 0.106298 0.0126737 0.162069
0.0784254 0.0767504 0.274898 0.0715174 0.0477363 0.279655 0.138697 0.0232304 0.00909018
0.0249954 0.142454 0.151793 0.0148607 0.0196019 0.556297 9.9982E-05 0.0897982 9.9982E-05
0.0377603 0.0727691 0.363303 9.9982E-05 0.0281594 0.309904 0.104877 0.0830267 9.9982E-05
0.208084 0.0920368 0.332696 9.9982E-05 0.105925 0.217086 0.0336072 0.0103658 9.9982E-05
0.209382 0.0677538 0.0697934 9.9982E-05 0.0822236 0.501759 0.0332555 0.0356324 9.9982E-05
0.0232719 0.218389 0.266038 0.139951 9.9973E-05 9.9973E-05 0.246347 0.105704 9.9973E-05
9.9964E-05 0.0758651 0.237002 9.9964E-05 0.0604483 0.388791 0.237494 9.9964E-05 9.9964E-05
0.0613615 0.146546 0.232892 0.0120548 0.0430598 0.422882 0.0810042 9.9982E-05 9.9982E-05
9.9982E-05 0.0443452 0.246043 0.26725 9.9982E-05 0.105747 0.0364374 0.135095 0.164882
9.9955E-05 9.9955E-05 0.406086 0.108312 9.9955E-05 9.9955E-05 9.9955E-05 0.243173 0.241929
9.9955E-05 9.9955E-05 0.532982 0.124001 9.9955E-05 9.9955E-05 9.9955E-05 0.301031 0.0414864
9.9973E-05 0.017687 0.304809 0.296201 9.9973E-05 0.0377433 9.9973E-05 0.198423 0.144836
0.00709724 9.9955E-05 0.276107 9.9955E-05 9.9955E-05 0.686641 0.0296548 9.9955E-05 9.9955E-05
9.9946E-05 0.0404068 9.9946E-05 0.674562 9.9946E-05 0.284431 9.9946E-05 9.9946E-05 9.9946E-05
0.216337 9.9955E-05 0.289155 9.9955E-05 9.9955E-05 0.325557 0.168451 9.9955E-05 9.9955E-05
0.215675 9.9955E-05 0.451482 9.9955E-05 9.9955E-05 0.254873 0.0774693 9.9955E-05 9.9955E-05
0.0449257 0.0667481 0.211125 9.9973E-05 0.0260458 0.568179 0.0826765 9.9973E-05 9.9973E-05
0.206523 0.0059251 0.141821 9.9982E-05 0.0449854 0.488772 9.9982E-05 0.0897158 0.0220576
0.108168 0.0858319 0.194283 0.0360026 0.000812199 0.525531 0.0491708 9.9982E-05 9.9982E-05
0.212451 0.157822 0.341308 9.9964E-05 9.9964E-05 0.160942 0.127078 9.9964E-05 9.9964E-05
9.9946E-05 9.9946E-05 9.9946E-05 0.943199 9.9946E-05 9.9946E-05 0.0525979 9.9946E-05 0.0036034
0.00494629 9.9955E-05 9.9955E-05 0.850178 9.9955E-05 0.125059 9.9955E-05 9.9955E-05 0.0193168
9.9946E-05 9.9946E-05 9.9946E-05 0.736454 0.0124434 0.250503 9.9946E-05 9.9946E-05 9.9946E-05
9.9964E-05 9.9964E-05 9.9964E-05 0.702024 9.9964E-05 0.196617 0.0442983 0.0192869 0.0373735
9.993E-05 9.993E-05 9.993E-05 0.999201 9.993E-05 9.993E-05 9.993E-05 9.993E-05 9.993E-05
9.9946E-05 9.9946E-05 9.9946E-05 0.924696 0.0704374 9.9946E-05 9.9946E-05 9.9946E-05 0.00426694
0.00693585 0.0187744 9.9964E-05 0.801646 9.9964E-05 0.159524 0.0127196 9.9964E-05 9.9964E-05
9.9955E-05 9.9955E-05 9.9955E-05 0.935536 0.0234909 0.0281049 0.0123681 9.9955E-05 9.9955E-05
9.993E-05 9.993E-05 9.993E-05 0.999201 9.993E-05 9.993E-05 9.993E-05 9.993E-05 9.993E-05
9.993E-05 9.993E-05 9.993E-05 0.999201 9.993E-05 9.993E-05 9.993E-05 9.993E-05 9.993E-05
0.0154652 0.00477882 9.9973E-05 0.722153 0.0290135 0.161306 9.9973E-05 0.0669833 9.9973E-05
9.9955E-05 0.0732919 9.9955E-05 0.732463 9.9955E-05 0.148015 9.9955E-05 0.0457307 9.9955E-05
9.9937E-05 9.9937E-05 9.9937E-05 0.971966 0.0273341 9.9937E-05 9.9937E-05 9.9937E-05 9.9937E-05
9.9964E-05 0.0186902 9.9964E-05 0.734376 0.0263159 0.160859 9.9964E-05 9.9964E-05 0.0593593
9.9946E-05 0.0545428 9.9946E-05 0.83562 9.9946E-05 0.109237 9.9946E-05 9.9946E-05 9.9946E-05
9.9946E-05 9.9946E-05 9.9946E-05 0.941359 9.9946E-05 0.0322244 9.9946E-05 0.0258168 9.9946E-05
0.0498311 9.9955E-05 9.9955E-05 0.877809 0.0330007 9.9955E-05 9.9955E-05 9.9955E-05 0.0388598
9.9946E-05 9.9946E-05 0.0127246 0.975336 9.9946E-05 9.9946E-05 9.9946E-05 9.9946E-05 0.0113402
9.9982E-05 0.00646065 9.9982E-05 0.535602 0.107759 0.214212 0.000924582 0.0115884 0.123253
0.0096243 0.0752826 9.9982E-05 0.861852 0.0112902 9.9982E-05 0.0213334 0.00579089 0.0146269
9.9964E-05 9.9964E-05 0.575273 0.0631843 9.9964E-05 9.9964E-05 0.110095 0.0691215 0.181927
9.9973E-05 0.140722 0.191607 0.0127876 0.0881929 0.432472 9.9973E-05 0.133919 9.9973E-05
9.9973E-05 9.9973E-05 0.221721 0.038592 0.0865999 0.437161 9.9973E-05 0.142963 0.0726635
0.102527 9.9982E-05 0.311194 0.0167696 0.0398552 0.283583 9.9982E-05 0.234621 0.0112505
0.00131613 0.0445353 0.379744 0.057931 9.9991E-05 0.207771 0.0986587 0.136521 0.0734227
0.0750143 9.9973E-05 0.290652 0.0712955 9.9973E-05 0.440398 9.9973E-05 0.0207703 0.10157
0.0353393 9.9982E-05 0.216087 0.120976 0.0191521 0.449736 9.9982E-05 0.157199 0.00131139
9.9964E-05 9.9964E-05 0.254105 0.195571 9.9964E-05 0.339261 9.9964E-05 0.0621858 0.148477
9.9964E-05 9.9964E-05 0.0300511 9.9964E-05 0.106827 0.0330877 9.9964E-05 0.637049 0.192586
9.9946E-05 9.9946E-05 9.9946E-05 0.0857934 9.9946E-05 9.9946E-05 9.9946E-05 0.806876 0.106731
9.9964E-05 9.9964E-05 0.0728908 9.9964E-05 0.00683832 9.9964E-05 0.00309227 0.911625 0.00515416
9.9937E-05 9.9937E-05 9.9937E-05 9.9937E-05 0.0207895 9.9937E-05 9.9937E-05 0.978511 9.9937E-05
9.9973E-05 9.9973E-05 0.0606476 0.0042263 0.013802 0.0473085 9.9973E-05 0.804815 0.0689009
0.015186 9.9964E-05 9.9964E-05 0.0496723 9.9964E-05 9.9964E-05 0.0104996 0.53775 0.386492
9.9964E-05 9.9964E-05 9.9964E-05 0.050489 0.00187927 0.0109719 9.9964E-05 0.355429 0.580831
0.0668941 9.9955E-05 9.9955E-05 9.9955E-05 0.0338678 9.9955E-05 9.9955E-05 0.584836 0.313903
0.0230333 9.9964E-05 9.9964E-05 0.00918838 9.9964E-05 9.9964E-05 0.0573914 0.66992 0.240067
0.00322743 9.9973E-05 0.0327175 0.0757342 0.0106962 9.9973E-05 9.9973E-05 0.613728 0.263597
0.0645199 0.211733 9.9973E-05 9.9973E-05 0.0433731 9.9973E-05 0.0471041 0.499234 0.133736
0.0288048 0.171038 9.9973E-05 9.9973E-05 0.15943 9.9973E-05 0.0391233 0.438213 0.163092
0.0431914 0.222775 0.0234225 9.9982E-05 0.107139 9.9982E-05 0.0807032 0.325151 0.197418
0.0152365 0.282401 9.9973E-05 9.9973E-05 0.145563 9.9973E-05 0.0563326 0.380956 0.119212
0.105058 0.16696 9.9964E-05 9.9964E-05 9.9964E-05 0.510599 0.141695 9.9964E-05 0.0752884
0.000231687 0.116995 0.00266953 9.9982E-05 0.17049 0.624383 0.0629395 9.9982E-05 0.0220913
9.9973E-05 0.295457 0.0635422 9.9973E-05 0.0479472 0.446279 0.0880814 0.0583932 9.9973E-05
9.9964E-05 0.446441 9.9964E-05 9.9964E-05 0.297116 0.172321 0.081146 9.9964E-05 0.00257598
0.0962691 9.9982E-05 9.9982E-05 0.0684321 0.0363482 0.615219 0.11562 0.036943 0.030968
0.0545336 0.104435 0.0476596 0.0119994 0.0130719 0.593259 0.174841 9.9982E-05 9.9982E-05
9.9973E-05 0.0712573 0.0223693 0.024803 0.0955327 0.544476 0.241261 9.9973E-05 9.9973E-05
9.9946E-05 9.9946E-05 9.9946E-05 0.0950917 9.9946E-05 0.40453 0.499779 9.9946E-05 9.9946E-05
0.0160207 0.122444 9.9982E-05 0.000694314 0.142797 0.348648 0.335295 9.9982E-05 0.0339018
0.153461 9.9964E-05 0.057637 9.9964E-05 0.0201201 9.9964E-05 0.762986 9.9964E-05 0.00539605
0.0632689 9.9964E-05 0.0830425 9.9964E-05 9.9964E-05 0.244458 0.575773 0.0330576 9.9964E-05
0.0623046 9.9973E-05 9.9973E-05 0.0268781 0.0475053 0.549231 0.283135 9.9973E-05 0.0306451
9.9964E-05 0.126918 9.9964E-05 9.9964E-05 0.0701791 0.1802 0.570477 9.9964E-05 0.0518262
9.9964E-05 9.9964E-05 0.0426172 9.9964E-05 0.836728 9.9964E-05 0.0214779 0.0346986 0.0640787
0.0424939 9.9964E-05 9.9964E-05 0.0147055 0.824256 0.0263138 9.9964E-05 9.9964E-05 0.0918311
0.0708876 9.9937E-05 9.9937E-05 9.9937E-05 0.928413 9.9937E-05 9.9937E-05 9.9937E-05 9.9937E-05
0.0437104 9.9955E-05 9.9955E-05 9.9955E-05 0.835482 9.9955E-05 0.0198789 0.100429 9.9955E-05
9.9964E-05 0.0737858 9.9964E-05 0.0221657 0.781392 0.0708431 9.9964E-05 9.9964E-05 0.0514139
9.9955E-05 9.9955E-05 9.9955E-05 0.0807439 0.848299 0.0548016 9.9955E-05 9.9955E-05 0.0156554
0.0291423 9.9964E-05 9.9964E-05 9.9964E-05 9.9964E-05 0.0761435 0.00319455 0.856258 0.0348619
0.00367585 0.0118112 0.0332505 9.9982E-05 0.0554209 0.0736821 9.9982E-05 0.813298 0.00866185
9.9973E-05 0.00342785 9.9973E-05 0.146043 0.0425939 0.0245828 9.9973E-05 0.73592 0.0471332
9.9964E-05 0.0443379 9.9964E-05 0.0929721 0.0385439 0.0861502 9.9964E-05 0.737596 9.9964E-05
9.9982E-05 0.0190821 0.0218383 0.129462 0.0698765 9.9982E-05 0.00990508 0.725372 0.0242649
9.9964E-05 9.9964E-05 0.0927663 9.9964E-05 0.521369 9.9964E-05 0.0466088 0.110544 0.228312
0.102169 9.9973E-05 0.0430786 9.9973E-05 0.36338 9.9973E-05 0.0260914 0.315462 0.149519
0.0644659 9.9973E-05 9.9973E-05 0.0331534 0.422617 9.9973E-05 0.0548242 0.359326 0.0653134
9.9946E-05 9.9946E-05 9.9946E-05 0.00789072 9.9946E-05 0.100545 9.9946E-05 0.890964 9.9946E-05
9.9973E-05 9.9973E-05 0.0208299 0.0106226 0.494467 9.9973E-05 0.108907 0.229231 0.135642
9.9955E-05 9.9955E-05 0.223946 0.341468 9.9955E-05 0.299197 9.9955E-05 9.9955E-05 0.134889
9.9946E-05 9.9946E-05 9.9946E-05 0.324413 9.9946E-05 0.505181 9.9946E-05 0.169806 9.9946E-05
9.9973E-05 9.9973E-05 0.0969773 0.21007 0.0846942 0.378148 9.9973E-05 0.16737 0.0624405
0.0120703 9.9964E-05 0.305252 0.299696 9.9964E-05 9.9964E-05 9.9964E-05 0.0893774 0.293204
0.131332 0.307063 9.9973E-05 9.9973E-05 0.074907 0.384916 0.0817339 9.9973E-05 0.0197471
0.0627778 0.230224 0.163808 9.9982E-05 0.108044 0.37806 0.0538997 0.00298686 9.9982E-05
9.9964E-05 0.647104 9.9964E-05 9.9964E-05 0.0880189 0.18714 9.9964E-05 0.0599786 0.0173587
0.22658 0.0926876 0.0219532 0.00855105 0.0344079 0.467343 0.148031 9.9991E-05 0.000346522
0.183128 0.125693 0.298673 9.9964E-05 0.0687162 9.9964E-05 0.32339 9.9964E-05 9.9964E-05
0.126469 0.212523 0.0540177 0.000390295 0.147846 0.405456 0.0108381 0.0423591 9.9991E-05
0.0413209 0.595413 0.0232253 9.9973E-05 0.0721439 0.22329 9.9973E-05 0.0443071 9.9973E-05
0.0412826 0.540261 0.263638 9.9955E-05 9.9955E-05 9.9955E-05 0.154319 9.9955E-05 9.9955E-05
0.1781 0.0533498 0.109951 0.0666918 0.132674 0.386989 0.0606988 0.0114448 9.9991E-05
0.0659114 0.298122 0.0281357 9.9973E-05 0.127312 0.459144 0.0210749 9.9973E-05 9.9973E-05
0.0086641 0.160353 0.0373405 0.156739 9.99988E-05 0.400276 0.0128777 0.0369339 0.186716
0.192987 0.309507 0.0712312 0.0318066 0.100205 0.290087 0.00397714 9.9982E-05 9.9982E-05
0.156161 0.20409 0.0857253 0.0292343 0.104778 0.396224 9.9982E-05 0.0235876 9.9982E-05
0.136686 0.122708 0.0337753 0.0906083 0.0398408 0.43784 0.108779 9.9991E-05 0.0296636
0.0533472 0.248041 0.0837792 0.0129828 0.0635673 0.475665 0.0535834 9.9991E-05 0.00893435
0.0611721 9.9973E-05 9.9973E-05 0.102221 0.150522 0.523029 0.0778351 0.0849204 9.9973E-05
9.9937E-05 9.9937E-05 9.9937E-05 9.9937E-05 9.9937E-05 0.0790683 9.9937E-05 9.9937E-05 0.920232
9.9946E-05 9.9946E-05 9.9946E-05 0.0183836 9.9946E-05 0.0099191 9.9946E-05 9.9946E-05 0.971098
9.9982E-05 0.00134273 0.0115379 9.9982E-05 0.019638 0.04422 0.0469646 0.404701 0.471395
9.9964E-05 9.9964E-05 9.9964E-05 9.9964E-05 0.0315449 0.018704 0.0452278 0.0374782 0.866645
9.9946E-05 9.9946E-05 9.9946E-05 9.9946E-05 9.9946E-05 0.0895749 9.9946E-05 0.0933127 0.816513
0.0340306 0.736815 0.00974232 9.9973E-05 0.0944992 0.0989134 9.9973E-05 0.0256996 9.9973E-05
0.111599 0.234655 9.9964E-05 0.0689168 9.9964E-05 0.567397 9.9964E-05 0.0170332 9.9964E-05
0.109476 0.0974603 9.9982E-05 9.9982E-05 0.0522432 0.485012 0.153135 0.0801194 0.0223532
0.173031 0.306566 0.172695 0.0544574 0.108291 0.111866 0.0402385 0.0327544 9.9991E-05
9.9964E-05 0.600267 0.0591085 9.9964E-05 0.14208 9.9964E-05 0.0874414 9.9964E-05 0.110704
0.0272215 0.215032 9.9973E-05 0.0348884 0.173297 0.494345 9.9973E-05 0.0549156 9.9973E-05
0.112973 0.32755 9.9964E-05 9.9964E-05 0.285849 0.148327 9.9964E-05 0.124902 9.9964E-05
0.0964505 0.219717 0.0697724 9.9991E-05 0.118022 0.413587 0.0665629 0.00871655 0.00707197
0.153608 0.513613 9.9991E-05 0.0190034 0.139119 0.0303355 0.0139875 0.0715225 0.0587109
9.9973E-05 0.611711 9.9973E-05 9.9973E-05 0.160582 0.131532 0.040821 0.0088012 0.0462522
0.235602 0.221297 0.0416013 0.0663165 0.116493 0.294829 9.9982E-05 0.0236615 9.9982E-05
0.105021 0.0245953 0.446981 9.9973E-05 0.0639782 0.327976 0.0311488 9.9973E-05 9.9973E-05
0.0299912 0.00081434 0.201619 0.0124207 0.0391584 0.581199 0.0631917 0.0715049 9.9991E-05
0.0326043 9.9964E-05 0.40872 9.9964E-05 0.10639 0.37306 0.0788252 9.9964E-05 9.9964E-05
0.0190139 9.9964E-05 0.153232 9.9964E-05 0.143106 0.630183 0.0540657 9.9964E-05 9.9964E-05
0.0591476 9.9964E-05 0.515448 9.9964E-05 0.129366 0.151914 0.143724 9.9964E-05 9.9964E-05
0.0239059 9.9964E-05 0.490366 9.9964E-05 0.0890498 0.278999 0.117279 9.9964E-05 9.9964E-05
0.127623 9.9955E-05 0.248997 9.9955E-05 0.0923904 0.530489 9.9955E-05 9.9955E-05 9.9955E-05
0.138048 0.00875415 0.38109 9.9973E-05 0.10191 0.14987 0.220029 9.9973E-05 9.9973E-05
9.9964E-05 0.133497 0.254907 9.9964E-05 0.0749511 0.528172 0.00807244 9.9964E-05 9.9964E-05
9.9982E-05 0.558854 0.0200879 0.0355013 0.252764 0.0170424 0.108435 0.00711501 9.9982E-05
0.191416 0.301914 9.9973E-05 0.067016 0.158156 0.124229 0.156968 9.9973E-05 9.9973E-05
0.0812816 0.440431 9.9982E-05 0.076859 0.0968105 0.233977 0.00558797 0.0648527 9.9982E-05
9.9964E-05 0.26685 0.00606527 0.116761 9.9964E-05 0.540808 9.9964E-05 9.9964E-05 0.0691155
0.0236392 0.423562 0.0611975 9.9973E-05 0.129105 0.199595 0.162601 9.9973E-05 9.9973E-05
0.0971663 0.252867 9.9973E-05 0.0940616 0.0545351 0.40569 0.0953802 9.9973E-05 9.9973E-05
9.9964E-05 0.224993 9.9964E-05 9.9964E-05 0.144531 0.439878 0.108783 9.9964E-05 0.0814147
0.0265176 0.444592 9.9973E-05 0.0724301 0.19455 0.112289 0.149322 9.9973E-05 9.9973E-05
0.111057 0.292892 9.9973E-05 0.119965 0.219209 0.22373 0.0328462 9.9973E-05 9.9973E-05
0.0693991 0.196963 9.9982E-05 0.115312 0.1348 0.425092 0.0477139 0.0105201 9.9982E-05
0.0660159 0.274881 0.139604 0.106806 0.097467 0.206943 0.0840155 9.9991E-05 0.0241681
0.129467 0.0456891 0.0431289 0.104246 0.225009 0.419984 0.0322761 9.9982E-05 9.9982E-05
9.9973E-05 0.306134 0.104141 9.9973E-05 0.173683 0.318701 9.9973E-05 0.0905316 0.00650897
0.112932 0.295974 9.9973E-05 0.113482 0.0837304 0.370105 9.9973E-05 0.023476 9.9973E-05
9.9982E-05 0.0261536 0.183741 0.188114 9.9982E-05 0.289231 0.0197254 0.11071 0.182125
0.111023 0.0838377 0.0228269 0.225588 9.9991E-05 0.34636 0.0356409 0.0189604 0.155664
0.0622485 0.11608 0.00143039 0.109128 9.9982E-05 0.590995 0.022327 0.0975909 9.9982E-05
0.0264764 0.0940376 9.9982E-05 0.235852 9.9982E-05 0.365972 0.0445952 0.120314 0.112553
0.158675 0.205298 0.0984579 0.0267264 0.068581 0.441962 9.9973E-05 9.9973E-05 9.9973E-05
0.0220776 0.106974 0.403217 0.115096 9.9973E-05 9.9973E-05 0.158821 0.193515 9.9973E-05
0.0141152 0.140194 0.156559 0.10277 9.9982E-05 0.438098 9.9982E-05 0.0697923 0.0782717
0.0806652 0.118487 9.9991E-05 0.246065 0.0256826 0.370576 0.0390741 0.0452048 0.0741454
9.9982E-05 0.17364 0.208074 0.162301 9.9982E-05 0.233986 0.0346728 0.0922119 0.0949137
0.00434636 0.0451393 0.0787755 0.174425 0.0130891 0.516736 9.9982E-05 0.167289 9.9982E-05
9.9964E-05 9.9964E-05 0.345822 0.181654 9.9964E-05 9.9964E-05 0.056613 0.296993 0.118517
9.9982E-05 0.0300141 0.0464175 0.244213 0.00276749 0.475089 0.0244706 0.176828 9.9982E-05
9.9982E-05 9.9982E-05 0.0454342 0.141733 0.0601648 0.550342 0.0175635 0.126305 0.0582577
0.282051 0.0277065 0.0113338 0.0966022 0.0678347 0.417221 0.0713875 9.9991E-05 0.0257628
0.81263 0.105421 9.9946E-05 9.9946E-05 9.9946E-05 9.9946E-05 0.0813495 9.9946E-05 9.9946E-05
0.854436 9.99459E-05 9.99459E-05 9.99459E-05 0.0784862 9.99459E-05 0.0664782 9.99459E-05 9.99459E-05
0.105505 0.01692 9.9982E-05 0.35208 0.0514756 0.328008 9.9982E-05 0.122719 0.0230921
0.221028 0.00383379 0.031087 0.369459 9.9991E-05 0.283135 0.00415833 0.0865695 0.000629181
0.23563 0.0205064 0.122565 0.312182 9.9982E-05 0.0721718 9.9982E-05 0.0819717 0.154773
0.248011 0.0237207 9.9973E-05 0.261418 9.9973E-05 0.2608 9.9973E-05 0.143939 0.061811
0.752761 9.9964E-05 0.0750922 0.0521591 9.9964E-05 0.0124694 9.9964E-05 9.9964E-05 0.107118
0.629595 9.9973E-05 0.059419 0.0667471 9.9973E-05 0.0828578 9.9973E-05 0.123559 0.0375217
0.390237 0.013581 9.9955E-05 0.110331 9.9955E-05 0.485351 9.9955E-05 9.9955E-05 9.9955E-05
0.393623 9.9955E-05 9.9955E-05 0.110951 9.9955E-05 0.383456 9.9955E-05 9.9955E-05 0.11147
0.687618 9.9955E-05 9.9955E-05 0.0996535 9.9955E-05 0.169361 9.9955E-05 0.0428674 9.9955E-05
0.217232 0.104015 0.040985 0.0990261 9.9973E-05 0.464032 9.9973E-05 0.0744105 9.9973E-05
0.422997 9.9955E-05 9.9955E-05 0.0950809 9.9955E-05 0.447931 9.9955E-05 9.9955E-05 0.0334915
0.568762 0.069341 9.9964E-05 9.9964E-05 0.0187395 0.312107 9.9964E-05 9.9964E-05 0.0306514
0.541758 0.00252849 9.9973E-05 9.9973E-05 0.00637182 0.364687 0.0323028 0.0520524 9.9973E-05
0.301063 0.0258615 0.11049 9.9982E-05 0.103732 0.394545 9.9982E-05 0.0220744 0.0420342
0.416406 0.120012 0.0730212 9.9964E-05 9.9964E-05 0.388858 9.9964E-05 0.00130245 9.9964E-05
0.638006 9.9964E-05 9.9964E-05 9.9964E-05 0.114483 0.18745 0.0544269 9.9964E-05 0.00523499
0.334991 9.9955E-05 9.9955E-05 9.9955E-05 9.9955E-05 0.566566 0.0350417 0.0629013 9.9955E-05
0.665786 0.0764349 9.9973E-05 9.9973E-05 0.030688 0.159743 0.0285779 9.9973E-05 0.0384699
0.475829 9.9955E-05 9.9955E-05 9.9955E-05 0.065121 0.425707 9.9955E-05 0.0328429 9.9955E-05
0.0072773 9.9982E-05 0.132134 0.194609 0.063246 0.37962 0.0361118 9.9982E-05 0.186801
0.0102403 0.126596 0.0628333 0.218997 0.0624956 0.206488 0.111351 0.0296244 0.171375
0.58868 9.9955E-05 0.0635121 0.105196 9.9955E-05 9.9955E-05 9.9955E-05 9.9955E-05 0.242112
0.0908627 9.9973E-05 9.9973E-05 0.257657 0.0510908 0.52682 9.9973E-05 0.036593 0.0366763
0.366451 9.9964E-05 0.160858 0.116496 9.9964E-05 9.9964E-05 9.9964E-05 0.126474 0.22932
0.28168 9.9964E-05 9.9964E-05 0.241544 9.9964E-05 0.411976 9.9964E-05 0.00609255 0.0583072
0.880535 9.9946E-05 0.0460127 9.9946E-05 9.9946E-05 9.9946E-05 0.0728524 9.9946E-05 9.9946E-05
0.877816 0.0267228 0.013929 9.9955E-05 9.9955E-05 9.9955E-05 0.0810319 9.9955E-05 9.9955E-05
0.476281 0.0407148 9.9946E-05 9.9946E-05 9.9946E-05 0.482405 9.9946E-05 9.9946E-05 9.9946E-05
0.377679 9.9946E-05 9.9946E-05 9.9946E-05 9.9946E-05 0.616972 9.9946E-05 0.00474905 9.9946E-05
0.549008 9.9946E-05 0.0745651 9.9946E-05 9.9946E-05 0.375828 9.9946E-05 9.9946E-05 9.9946E-05
0.473712 0.0124707 9.9964E-05 0.0123062 9.9964E-05 0.465812 0.0353001 9.9964E-05 9.9964E-05
0.565248 9.9946E-05 9.9946E-05 0.00842906 9.9946E-05 0.425723 9.9946E-05 9.9946E-05 9.9946E-05
0.0932251 9.9964E-05 9.9964E-05 0.0178694 9.9964E-05 0.0459173 9.9964E-05 0.44947 0.393118
9.9964E-05 9.9964E-05 9.9964E-05 0.0927289 0.0980649 9.9964E-05 0.0289841 0.407347 0.372475
9.9955E-05 9.9955E-05 9.9955E-05 0.0735244 0.0219145 9.9955E-05 9.9955E-05 0.58809 0.315971
9.9955E-05 9.9955E-05 0.0149473 9.9955E-05 9.9955E-05 0.0301809 9.9955E-05 0.619464 0.334908
0.133654 0.0999258 9.9973E-05 0.0517843 9.9973E-05 0.438614 0.263001 0.0127211 9.9973E-05
0.0285204 0.1103 9.9973E-05 9.9973E-05 0.0371985 0.607604 0.19302 0.0230569 9.9973E-05
9.9964E-05 0.14331 9.9964E-05 9.9964E-05 0.0745015 0.276596 0.456434 0.0487588 9.9964E-05
9.9964E-05 0.0571612 9.9964E-05 0.0508195 9.9964E-05 0.665594 0.203602 9.9964E-05 0.0224239
0.0448839 9.9955E-05 0.115421 9.9955E-05 9.9955E-05 0.359759 0.479436 9.9955E-05 9.9955E-05
0.0322807 9.9991E-05 0.064638 0.182971 0.00333878 0.447224 0.0269491 0.178084 0.0644139
0.0381336 9.9973E-05 0.098162 0.0593354 0.0717321 0.387994 0.344343 9.9973E-05 9.9973E-05
9.9955E-05 0.128137 9.9955E-05 9.9955E-05 0.127241 0.450365 0.293757 9.9955E-05 9.9955E-05
0.0920798 0.0600132 9.9982E-05 0.0394266 0.00904978 0.543485 0.246592 0.00915367 9.9982E-05
0.0594927 0.0926215 9.9973E-05 9.9973E-05 0.0675769 0.474218 0.281286 9.9973E-05 0.0245052
0.122539 9.9964E-05 9.9964E-05 0.0132767 9.9964E-05 0.601315 0.217567 0.0449023 9.9964E-05
0.00686457 9.9946E-05 9.9946E-05 9.9946E-05 9.9946E-05 0.147195 0.84534 9.9946E-05 9.9946E-05
0.0219578 0.0627271 0.0245303 9.9964E-05 9.9964E-05 0.358937 0.531448 9.9964E-05 9.9964E-05
9.9964E-05 9.9964E-05 9.9964E-05 0.00784061 0.0322653 0.37384 0.564041 9.9964E-05 0.0216137
9.9937E-05 9.9937E-05 0.106819 9.9937E-05 9.9937E-05 9.9937E-05 0.892481 9.9937E-05 9.9937E-05
0.0329771 0.0640129 9.9982E-05 9.9982E-05 0.0548736 0.444374 0.294248 0.000813154 0.108501
0.0533262 9.9955E-05 0.26048 9.9955E-05 9.9955E-05 0.122032 0.563662 9.9955E-05 9.9955E-05
0.000183982 9.9946E-05 0.184591 9.9946E-05 9.9946E-05 9.9946E-05 0.814625 9.9946E-05 9.9946E-05
0.0140472 9.9982E-05 0.0350865 0.0569028 0.0607691 0.508014 0.244868 0.0801125 9.9982E-05
0.0112307 0.11595 9.9973E-05 9.9973E-05 9.9973E-05 0.315448 0.474688 0.0797169 0.00266636
9.9982E-05 0.116963 9.9982E-05 0.0273934 0.0656613 0.429529 0.319004 0.0199037 0.0213454
9.9982E-05 0.0882728 9.9982E-05 0.0115444 0.0274409 0.557836 0.253076 0.0369917 0.0246383
0.124173 0.282131 0.123777 0.0338079 0.103614 0.332198 9.9973E-05 9.9973E-05 9.9973E-05
0.0875023 0.0744161 9.9973E-05 9.9973E-05 0.00664693 0.519763 0.251669 9.9973E-05 0.0597036
9.9964E-05 0.204595 9.9964E-05 0.0133361 9.9964E-05 0.456071 0.268595 9.9964E-05 0.0570039
9.9955E-05 9.9955E-05 0.0275131 0.02991 9.9955E-05 0.372829 0.569248 9.9955E-05 9.9955E-05
0.0141166 0.0910981 9.9973E-05 9.9973E-05 0.16329 9.9973E-05 0.0206695 0.505444 0.205083
9.9973E-05 0.132616 9.9973E-05 0.0135691 0.0310053 9.9973E-05 0.0550437 0.538305 0.229161
9.9964E-05 0.0315769 9.9964E-05 9.9964E-05 0.147555 9.9964E-05 0.0251971 0.714288 0.0809829
0.0159562 9.9964E-05 0.0180207 9.9964E-05 0.13364 9.9964E-05 9.9964E-05 0.626096 0.205888
9.9964E-05 0.0249011 9.9964E-05 9.9964E-05 0.169967 0.0734704 9.9964E-05 0.604659 0.126603
9.9964E-05 0.24663 9.9964E-05 9.9964E-05 0.0364535 0.193969 0.50681 9.9964E-05 0.0157379
9.9964E-05 0.126813 9.9964E-05 9.9964E-05 0.0668684 0.251755 0.486413 9.9964E-05 0.0677512
0.0199763 9.9955E-05 9.9955E-05 0.0065925 9.9955E-05 0.206609 0.766322 9.9955E-05 9.9955E-05
9.9964E-05 9.9964E-05 0.0484053 0.0269522 9.9964E-05 0.358619 0.501409 0.0642147 9.9964E-05
0.0302677 0.0529104 9.9991E-05 0.0637682 0.0244355 0.543721 0.2591 0.00470459 0.0209925
0.0526821 9.9982E-05 0.0296461 0.0448774 9.9982E-05 0.354386 0.413537 0.0576898 0.046982
9.9973E-05 0.0946005 0.00155994 9.9973E-05 0.0803824 0.570555 0.158863 9.9973E-05 0.0937394
9.9964E-05 0.0755786 9.9964E-05 9.9964E-05 0.132515 0.331923 0.428057 9.9964E-05 0.0315264
9.9964E-05 0.170989 9.9964E-05 9.9964E-05 0.00488994 0.42763 0.347216 9.9964E-05 0.0488749
9.9955E-05 0.116272 9.9955E-05 9.9955E-05 0.0783235 0.431432 0.373472 9.9955E-05 9.9955E-05
9.9964E-05 0.0322584 0.194595 9.9964E-05 9.9964E-05 0.626306 0.0150619 9.9964E-05 0.131379
9.9964E-05 0.0484573 9.9964E-05 9.9964E-05 0.0455214 0.508579 0.383155 0.0138869 9.9964E-05
0.00538438 0.0527773 0.00859011 0.0610733 0.0915406 0.399878 0.361371 0.00820394 0.0111813
0.0340286 9.9982E-05 0.0207371 0.397198 9.9982E-05 0.423677 0.0282492 0.0380974 0.0578135
9.9964E-05 9.9964E-05 0.0763928 0.440773 9.9964E-05 0.266552 9.9964E-05 0.0984338 0.117449
9.9964E-05 9.9964E-05 0.161136 0.0448402 9.9964E-05 0.482065 0.274392 9.9964E-05 0.0371676
0.0179473 9.9973E-05 0.0252948 0.594097 9.9973E-05 0.0833316 9.9973E-05 0.0990419 0.179987
9.9964E-05 9.9964E-05 9.9964E-05 0.449384 9.9964E-05 0.326514 0.0460956 0.120157 0.0574492
0.00365327 9.9982E-05 0.229461 0.129974 0.0255041 0.46345 0.0652977 0.0824598 9.9982E-05
9.9973E-05 0.0543652 0.172282 9.9973E-05 0.0207567 0.583121 9.9973E-05 0.0914683 0.0777066
0.000420053 0.000184133 0.263379 9.9982E-05 0.0704987 0.512827 0.027794 9.9982E-05 0.124698
9.9946E-05 9.9946E-05 9.9946E-05 0.493733 9.9946E-05 0.315 9.9946E-05 0.190667 9.9946E-05
9.9955E-05 9.9955E-05 0.0253883 0.458269 9.9955E-05 0.406329 9.9955E-05 9.9955E-05 0.109514
0.0440059 0.0194901 9.9982E-05 0.509345 9.9982E-05 0.246048 0.0205432 0.106026 0.0543412
0.0978879 0.0285256 9.9973E-05 0.453461 9.9973E-05 0.249265 9.9973E-05 0.0427592 0.127801
9.9946E-05 9.9946E-05 0.262968 9.9946E-05 9.9946E-05 0.6046 9.9946E-05 9.9946E-05 0.131832
9.9964E-05 9.9964E-05 0.0703241 0.598421 9.9964E-05 0.161278 9.9964E-05 0.0125444 0.157033
9.9973E-05 0.0569986 0.293584 9.9973E-05 0.209646 0.222951 0.0664507 9.9973E-05 0.15007
9.9955E-05 0.0819743 0.298333 0.0277343 9.9955E-05 0.591459 9.9955E-05 9.9955E-05 9.9955E-05
9.9973E-05 0.145884 0.165805 9.9973E-05 0.00276941 0.614871 9.9973E-05 0.0109442 0.0594259
9.9973E-05 0.00280659 0.170955 9.9973E-05 0.0743357 0.567286 0.0154699 9.9973E-05 0.168847
9.9973E-05 9.9973E-05 0.101533 0.153355 0.0484551 0.446724 0.0289651 9.9973E-05 0.220668
0.123034 0.020296 0.0613679 0.251353 9.9982E-05 0.295272 9.9982E-05 0.161533 0.0869443
9.9964E-05 9.9964E-05 0.0321 0.518384 9.9964E-05 0.205584 9.9964E-05 0.0911193 0.152413
9.9973E-05 0.117785 0.181741 9.9973E-05 9.9973E-05 0.482463 0.0581027 0.128338 0.0312711
0.0536667 9.9973E-05 0.626663 0.0159623 0.0192359 0.224593 9.9973E-05 0.0595789 9.9973E-05
0.057724 0.339365 0.123451 9.9982E-05 0.00254148 0.306448 9.9982E-05 0.0311995 0.139071
9.9982E-05 0.044294 0.212932 0.0981964 9.9982E-05 0.473889 0.0192187 0.0728899 0.0783807
9.9973E-05 0.0260987 0.617313 0.159298 0.0136235 9.9973E-05 9.9973E-05 0.088388 0.0949785
9.99459E-05 9.99459E-05 0.739823 0.0726597 9.99459E-05 9.99459E-05 9.99459E-05 0.186918 9.99459E-05
9.9973E-05 0.066449 0.373555 0.107599 0.112367 0.299009 9.9973E-05 0.0407209 9.9973E-05
0.0166319 0.0916403 0.390939 0.17023 9.9991E-05 0.0112885 0.0192965 0.259039 0.0408347
9.9955E-05 9.9955E-05 0.469578 0.181261 9.9955E-05 9.9955E-05 9.9955E-05 0.285638 0.0630225
0.117991 9.9982E-05 0.276964 0.112421 0.0233746 0.327193 9.9982E-05 0.125667 0.0161885
0.00154244 0.104138 0.186304 0.234583 0.00990074 0.201802 0.0499362 0.0689954 0.142798
9.9973E-05 0.0218169 0.371048 0.123981 9.9973E-05 0.238548 9.9973E-05 0.165339 0.0789662
9.9964E-05 0.145415 0.498981 0.0976559 9.9964E-05 0.00697158 9.9964E-05 0.250576 9.9964E-05
0.0106495 0.0664889 0.213866 0.0893099 9.9982E-05 0.453144 0.00855497 0.157786 9.9982E-05
9.9964E-05 0.0942373 0.500636 0.0875073 9.9964E-05 0.164231 9.9964E-05 0.152988 9.9964E-05
9.99369E-05 9.99369E-05 0.665024 9.99369E-05 9.99369E-05 9.99369E-05 9.99369E-05 0.334277 9.99369E-05
0.0295313 0.0470699 0.186981 0.173243 9.9973E-05 0.355794 9.9973E-05 0.207082 9.9973E-05
9.9973E-05 0.07673 9.9973E-05 0.141126 9.9973E-05 0.38602 0.0555068 0.28551 0.0548083
0.0355674 9.9964E-05 9.9964E-05 0.221074 9.9964E-05 0.578604 9.9964E-05 0.0468624 0.117493
0.0523609 0.0297651 0.0557067 0.24823 0.0201297 0.450125 0.0241387 0.119445 9.9991E-05
9.9982E-05 0.044508 0.110557 0.22436 0.0469244 0.242369 9.9982E-05 0.201866 0.129216
0.115737 9.9973E-05 0.0223458 0.179195 9.9973E-05 0.486504 9.9973E-05 0.153101 0.042817
9.9955E-05 0.0676268 9.9955E-05 0.25284 9.9955E-05 0.411028 9.9955E-05 0.268005 9.9955E-05
9.9973E-05 9.9973E-05 0.0683121 0.218685 0.0737262 0.356561 0.00793992 0.274476 9.9973E-05
9.9982E-05 0.204671 9.9982E-05 0.144639 0.0677813 0.241244 0.155776 0.107314 0.0783753
9.9982E-05 0.0173184 0.122789 0.249115 0.0277065 0.364893 9.9982E-05 0.196227 0.0217512
9.9982E-05 0.0260282 0.223629 0.263108 9.9982E-05 0.127134 0.0409521 0.0850761 0.233873
0.0391436 0.0264504 0.143786 0.325126 9.9991E-05 0.206197 0.0336604 0.17347 0.0520679
9.99549E-05 9.99549E-05 9.99549E-05 9.99549E-05 0.138594 9.99549E-05 0.00861658 0.0667041 0.785585
0.0825367 0.0132459 0.0375987 0.042228 0.692035 0.0869167 0.0371287 0.00821009 9.9991E-05
9.9955E-05 0.109685 9.9955E-05 9.9955E-05 0.823417 9.9955E-05 0.0539232 9.9955E-05 0.0124757
9.9964E-05 0.0702638 0.00310202 0.00525277 0.902181 0.0188002 9.9964E-05 9.9964E-05 9.9964E-05
0.0278248 0.00242193 9.9955E-05 0.0366661 0.932587 9.9955E-05 9.9955E-05 9.9955E-05 9.9955E-05
9.9964E-05 0.0157122 9.9964E-05 0.0453804 0.87929 0.0485977 9.9964E-05 0.0106203 9.9964E-05
9.9955E-05 0.0227083 9.9955E-05 0.00291134 0.913851 0.06003 9.9955E-05 9.9955E-05 9.9955E-05
9.9946E-05 0.117196 9.9946E-05 9.9946E-05 0.855976 9.9946E-05 0.0262286 9.9946E-05 9.9946E-05
9.9955E-05 0.0688379 9.9955E-05 0.00282038 0.727078 9.9955E-05 9.9955E-05 0.200764 9.9955E-05
9.9955E-05 9.9955E-05 0.0363564 9.9955E-05 9.9955E-05 0.0563592 9.9955E-05 0.618367 0.288418
9.9964E-05 0.0924059 9.9964E-05 9.9964E-05 0.0366069 0.0570044 9.9964E-05 0.534809 0.278774
9.9973E-05 9.9973E-05 9.9973E-05 0.014757 0.0253478 0.0264752 0.023897 0.669886 0.239337
9.9955E-05 0.122044 0.0371294 9.9955E-05 9.9955E-05 9.9955E-05 9.9955E-05 0.569584 0.270743
9.9955E-05 9.9955E-05 9.9955E-05 0.0314675 9.9955E-05 9.9955E-05 0.0291188 0.611001 0.327913
9.9955E-05 9.9955E-05 9.9955E-05 0.0215482 0.113558 9.9955E-05 9.9955E-05 0.664703 0.199691
9.9973E-05 9.9973E-05 0.054683 0.118475 0.0596086 0.0315541 9.9973E-05 0.663264 0.0721154
9.9973E-05 0.0147813 9.9973E-05 0.0935105 0.0121734 0.02983 9.9973E-05 0.545718 0.303687
0.0904467 9.9973E-05 9.9973E-05 0.0797117 0.075016 0.0244867 9.9973E-05 0.529604 0.200435
0.015552 9.9964E-05 9.9964E-05 0.0340685 9.9964E-05 9.9964E-05 0.0287667 0.473048 0.448165
0.015003 9.9946E-05 9.9946E-05 9.9946E-05 9.9946E-05 9.9946E-05 9.9946E-05 0.611804 0.372594
0.00969914 0.0470754 9.9964E-05 0.0308921 9.9964E-05 9.9964E-05 9.9964E-05 0.336966 0.574967
9.9946E-05 9.9946E-05 9.9946E-05 9.9946E-05 0.0277323 9.9946E-05 9.9946E-05 0.606881 0.364787
9.9973E-05 0.00167348 0.0139215 0.00837837 9.9973E-05 0.0521849 9.9973E-05 0.491148 0.432394
9.9964E-05 0.0331477 9.9964E-05 0.0672803 9.9964E-05 9.9964E-05 0.0294189 0.644429 0.225324
9.9955E-05 9.9955E-05 9.9955E-05 0.0925636 9.9955E-05 0.0435952 9.9955E-05 0.656293 0.207048
9.9955E-05 9.9955E-05 9.9955E-05 0.138836 9.9955E-05 0.0930632 9.9955E-05 0.470454 0.297148
9.9955E-05 9.9955E-05 9.9955E-05 0.0683407 9.9955E-05 0.109142 9.9955E-05 0.553717 0.268301
9.9964E-05 9.9964E-05 9.9964E-05 0.120004 9.9964E-05 0.0386015 0.0288837 0.615748 0.196363
9.9982E-05 0.0857932 0.258873 9.9982E-05 0.0460686 0.373222 0.082764 0.0412425 0.111837
9.99792E-05 9.99792E-05 0.161451 9.99792E-05 0.0496089 0.706303 0.0111892 0.0215227 0.0496257
0.053531 9.9964E-05 0.603219 9.9964E-05 0.0689598 0.158202 0.115689 9.9964E-05 9.9964E-05
9.9964E-05 0.116769 0.151953 9.9964E-05 0.0174639 0.570556 9.9964E-05 9.9964E-05 0.142858
9.9955E-05 9.9955E-05 0.707721 9.9955E-05 0.0147689 0.238728 9.9955E-05 9.9955E-05 0.0382824
9.9964E-05 9.9964E-05 0.232544 0.0673825 0.0976968 0.600764 9.9964E-05 0.00121255 9.9964E-05
9.9973E-05 0.139416 0.230881 9.9973E-05 0.106443 0.42184 0.00694466 9.9973E-05 0.0941762
9.9964E-05 0.000402696 0.186673 9.9964E-05 0.148213 0.576956 9.9964E-05 9.9964E-05 0.0873551
0.0342973 0.0139189 0.0530958 9.9982E-05 0.0695008 0.502601 0.271077 9.9982E-05 0.0553095
