9.9991E-05 0.0507669 0.0298121 0.919321
9.9982E-05 9.9982E-05 0.0442458 0.955554
0.125256 0.0160141 9.9991E-05 0.858629
0.0728371 0.0854678 0.0189753 0.82272
0.0260659 0.0561924 9.9991E-05 0.917642
0.145218 0.0463744 0.12765 0.680757
9.9991E-05 0.0448024 0.105572 0.849526
9.999E-05 0.0604658 0.170144 0.76929
9.9982E-05 9.9982E-05 0.140413 0.859387
0.0618661 0.0935513 0.0914217 0.753161
0.0564039 9.9991E-05 0.14851 0.794986
0.387766 0.0646452 0.481445 0.066144
0.600424 0.0761577 0.261557 0.0618611
0.286334 0.0786797 0.536397 0.098589
0.413174 0.172115 0.322469 0.0922413
0.439207 0.164761 0.260807 0.135224
0.728836 0.0508066 0.115496 0.104861
0.49997 0.175281 0.324648 9.9991E-05
0.482299 0.0196714 0.292108 0.205921
0.0916589 0.0481141 0.712447 0.14778
0.498771 0.114291 0.299152 0.0877869
0.513284 0.0945694 0.325027 0.0671192
0.702959 0.0375012 0.186483 0.0730569
0.409536 0.0768052 0.454477 0.0591817
0.605349 0.115967 0.113053 0.165631
0.587514 0.166686 0.231674 0.0141262
0.271902 0.0819128 0.536994 0.109191
0.290316 0.223664 0.460358 0.0256623
0.39831 0.0232769 0.520872 0.0575415
0.0504514 0.103528 9.9991E-05 0.845921
0.101195 0.0595031 9.9991E-05 0.839202
0.144314 0.0559181 9.9991E-05 0.799668
0.130611 0.10592 9.9991E-05 0.763369
0.680195 0.0174799 0.188443 0.113882
0.708615 0.0121697 0.179024 0.100191
0.78331 0.0614793 0.15439 0.000821187
0.297757 9.9991E-05 0.528202 0.173941
0.560045 9.9991E-05 0.427218 0.0126364
0.615761 0.0962461 0.251345 0.036648
0.806267 0.0356588 0.098845 0.0592296
0.721694 0.0268248 0.109739 0.141742
0.809673 9.9991E-05 0.0499087 0.140318
0.381278 9.9991E-05 0.610743 0.0078789
0.686824 0.128612 0.180577 0.00398708
0.724743 0.125615 0.139396 0.0102461
0.663351 0.00981808 0.133525 0.193306
0.59554 9.9982E-05 0.40426 9.9982E-05
0.779087 0.00154855 0.165368 0.0539963
0.731407 0.0205223 0.0728992 0.175171
0.0581443 9.9991E-05 0.854687 0.087069
0.32297 0.0266044 0.650325 9.9991E-05
0.181947 0.0720747 0.681579 0.0643985
0.578492 0.0910487 0.16972 0.16074
0.794091 0.0537486 0.0735753 0.0785847
0.655244 0.0916685 0.128038 0.12505
0.27652 9.9991E-05 0.567694 0.155686
0.606065 0.070569 0.323266 9.9991E-05
0.535741 0.230165 0.113548 0.120545
0.523641 9.9991E-05 0.295526 0.180733
0.132478 0.0816947 0.566384 0.219443
0.58687 0.0973406 0.227603 0.0881867
0.337673 0.173346 0.423205 0.0657751
0.159192 9.9991E-05 0.736238 0.10447
0.662013 9.9991E-05 0.25502 0.0828669
0.759131 0.0484185 0.108673 0.0837778
0.682069 0.0457839 0.131207 0.140939
0.460741 9.9991E-05 0.427673 0.111486
0.57348 0.0665679 0.304703 0.0552489
0.558761 0.0943526 0.23045 0.116437
0.323532 9.9991E-05 0.578218 0.0981496
0.792209 9.9982E-05 0.207591 9.9982E-05
0.461749 9.9991E-05 0.526371 0.0117808
0.670111 0.0731871 0.159076 0.0976259
0.255362 9.9982E-05 0.744438 9.9982E-05
0.290878 9.9982E-05 0.708922 9.9982E-05
0.530607 9.9982E-05 0.469193 9.9982E-05
0.729601 9.9991E-05 0.250789 0.0195093
0.724548 0.101186 0.0558497 0.118416
0.557331 0.0583993 0.384169 9.9991E-05
0.429 9.9991E-05 0.4876 0.0833004
0.49237 9.9991E-05 0.498584 0.00894562
0.703405 0.0506903 0.14621 0.0996953
0.540498 0.0160051 0.406558 0.0369395
0.681107 9.9991E-05 0.227985 0.0908079
0.661528 9.9982E-05 0.338272 9.9982E-05
0.193096 0.0264018 0.780402 9.9991E-05
0.746116 0.071275 0.182509 9.9991E-05
0.0954404 0.0237537 0.0339611 0.846845
0.0759746 9.9982E-05 9.9982E-05 0.923825
0.0805482 0.0269092 9.9991E-05 0.892443
0.076175 0.00385839 9.9991E-05 0.919867
0.0821722 0.015452 9.9991E-05 0.902276
0.0340101 0.0619553 0.0102934 0.893741
0.0662643 0.00389123 9.9991E-05 0.929745
0.663225 0.0176238 0.191413 0.127738
0.625637 0.106159 0.201156 0.0670485
0.318536 9.9982E-05 0.681264 9.9982E-05
0.57737 0.119599 0.202228 0.100803
0.688432 0.0064918 0.302869 0.0022079
0.736163 0.0271294 0.171562 0.0651461
0.68681 0.0387309 0.222418 0.0520418
0.697811 0.0772734 0.224815 9.9991E-05
0.192047 9.9991E-05 0.758315 0.0495372
0.557543 0.0968975 0.179357 0.166203
0.741103 0.0642586 0.144496 0.0501416
0.769147 0.03456 0.103799 0.0924947
0.502332 0.0335086 0.463373 0.000786721
0.738033 0.0263781 0.235489 9.9991E-05
0.620174 9.9991E-05 0.327824 0.051902
0.620052 0.0591931 0.320655 9.9991E-05
0.659937 9.9991E-05 0.247457 0.0925059
0.624053 0.0122503 0.19698 0.166716
0.318261 0.0608744 0.549065 0.0717995
0.457093 0.0741379 0.269653 0.199116
0.63242 0.0166029 0.264134 0.0868439
0.572322 0.193164 0.181213 0.0533015
0.630086 0.00424139 0.279833 0.085839
0.660911 0.084934 0.254055 9.9991E-05
0.623379 0.0508155 0.22454 0.101265
0.600916 0.0623074 0.225259 0.111517
0.644291 0.101852 0.122453 0.131404
0.639796 9.9991E-05 0.200504 0.1596
0.627583 9.9991E-05 0.33437 0.0379471
0.767331 0.0551877 0.156456 0.0210245
0.588675 0.105375 0.118186 0.187765
0.754011 0.0546892 0.180091 0.0112092
0.731584 0.00848063 0.143033 0.116903
0.646173 0.1068 0.241763 0.0052641
0.323 0.19123 0.422646 0.0631237
0.703425 0.147617 0.148858 9.9991E-05
0.709777 0.0653279 0.146899 0.0779957
0.375714 0.063223 0.486096 0.0749673
0.227617 0.129978 0.621584 0.0208212
0.623222 0.0137879 0.262761 0.100229
0.160788 0.0679264 0.771185 9.9991E-05
0.439507 9.9991E-05 0.430113 0.13028
0.560544 9.9991E-05 0.390886 0.0484697
0.534244 9.9991E-05 0.414209 0.0514476
0.44257 0.0106778 0.477116 0.0696357
0.754857 0.0672438 0.101891 0.0760087
0.662428 0.118144 0.151252 0.0681761
0.68472 0.0567646 0.16218 0.0963355
0.163402 0.162649 0.673849 9.9991E-05
0.676356 0.0485616 0.0810364 0.194046
0.582381 0.127774 0.289744 9.9991E-05
0.0788687 0.033537 0.693073 0.194521
0.700464 0.0794763 0.0740473 0.146012
0.453471 0.0375337 0.375914 0.133082
0.572582 0.113571 0.212722 0.101124
0.304689 0.111801 0.456801 0.126708
0.338999 9.9991E-05 0.539184 0.121717
0.489231 0.0384314 0.389982 0.0823547
0.531412 0.0683679 0.239425 0.160795
0.42459 0.167654 0.238201 0.169555
0.0564912 0.236734 0.653584 0.0531909
0.548819 0.100957 0.289228 0.0609962
0.513501 9.9982E-05 0.486299 9.9982E-05
0.56621 0.0317755 0.394046 0.00796815
0.669586 0.0700295 0.116404 0.143981
0.072167 0.345868 0.241388 0.340577
9.9991E-05 0.234999 0.199388 0.565513
9.9991E-05 0.232443 0.300195 0.467262
0.069285 0.378029 0.170235 0.382451
0.811323 0.0341402 0.143941 0.010596
0.601019 0.118123 0.169549 0.111309
0.30567 0.69413 9.9982E-05 9.9982E-05
0.410398 0.48548 0.0581812 0.0459416
0.324357 0.437306 0.131758 0.106578
0.42076 0.0648923 0.481149 0.033199
0.610182 0.0633225 0.238815 0.0876804
0.217052 0.155432 0.627416 9.9991E-05
0.614726 0.0947232 0.25431 0.0362402
0.611215 0.0383948 0.278567 0.0718237
0.689531 0.0792963 0.197003 0.0341696
0.353737 0.0621615 0.583315 0.000786145
0.696737 0.167778 0.0928206 0.0426641
0.61847 0.11484 0.21272 0.0539702
0.0103877 0.989412 9.9982E-05 9.9982E-05
0.0897563 0.910044 9.9982E-05 9.9982E-05
0.356354 0.607598 9.9991E-05 0.0359483
0.31448 0.68532 9.9982E-05 9.9982E-05
0.193104 0.762586 9.9991E-05 0.0442095
9.998E-05 0.9997 9.998E-05 9.998E-05
9.998E-05 0.9997 9.998E-05 9.998E-05
0.11484 0.88496 9.9982E-05 9.9982E-05
0.0345191 0.965281 9.9982E-05 9.9982E-05
9.998E-05 0.9997 9.998E-05 9.998E-05
9.998E-05 0.9997 9.998E-05 9.998E-05
0.128828 0.848375 0.0147896 0.00800772
0.0985903 0.853226 0.0286897 0.0194943
9.9982E-05 0.995699 0.00410062 9.9982E-05
0.401487 0.361568 0.0708239 0.166121
0.278998 0.689222 0.00663756 0.025143
0.181839 0.795247 9.9991E-05 0.022814
0.0502595 0.94277 9.9991E-05 0.00687076
0.0169779 0.982822 9.9982E-05 9.9982E-05
0.0872597 0.856146 9.9991E-05 0.0564948
9.998E-05 0.9997 9.998E-05 9.998E-05
0.277689 0.618187 0.00833869 0.0957849
0.058345 0.923817 0.0177383 9.9991E-05
9.9991E-05 0.143577 0.477964 0.37836
0.517964 0.0762291 0.188521 0.217286
0.380833 0.129264 0.209181 0.280722
0.180699 0.22546 0.357854 0.235987
0.438929 0.196907 0.213892 0.150272
0.160958 0.221904 0.323932 0.293206
0.46034 0.121873 0.237706 0.18008
0.358229 0.209869 0.251869 0.180033
0.453956 0.239557 0.156682 0.149805
0.365117 0.242836 0.164814 0.227233
0.464581 0.107103 0.185784 0.242532
0.10446 9.9991E-05 0.0111502 0.88429
9.9982E-05 0.0370276 9.9982E-05 0.962772
0.00345762 9.9982E-05 9.9982E-05 0.996342
0.0279802 9.9991E-05 0.000584119 0.971336
0.0346415 0.0225549 9.9991E-05 0.942704
9.9982E-05 0.0990899 9.9982E-05 0.90071
9.9982E-05 0.0956282 9.9982E-05 0.904172
0.0300702 9.9991E-05 0.0391857 0.930644
0.0639456 9.9982E-05 9.9982E-05 0.935854
0.0117774 0.124893 9.9991E-05 0.863229
9.9991E-05 0.00399694 0.340345 0.655558
0.0242218 9.9991E-05 0.30944 0.666238
9.9982E-05 9.9982E-05 0.385588 0.614212
0.0335921 9.9991E-05 0.416031 0.550277
0.708136 9.9991E-05 0.215753 0.076011
0.602187 9.9991E-05 0.282169 0.115543
0.719343 0.0147535 0.193767 0.0721373
0.55043 0.000382521 0.366631 0.0825567
0.288734 0.0286093 0.677143 0.00551422
0.669488 0.103753 0.153669 0.0730898
0.762954 0.0359628 0.200983 9.9991E-05
0.664399 0.00610738 0.294645 0.0348482
0.596282 0.0381676 0.365451 9.9991E-05
0.686639 0.0896934 0.148909 0.0747588
0.624305 9.9982E-05 0.375495 9.9982E-05
0.142229 9.9982E-05 0.857571 9.9982E-05
0.622137 0.0300266 0.259312 0.0885251
0.434061 0.0263241 0.539515 9.9991E-05
0.686764 0.0346378 0.278498 9.9991E-05
0.372925 9.9991E-05 0.59185 0.0351254
0.0283151 9.9991E-05 0.742941 0.228644
0.126279 9.9991E-05 0.632747 0.240874
0.0476983 9.9991E-05 0.795541 0.156661
0.0634063 9.9991E-05 0.712729 0.223765
0.0968907 0.015049 0.720745 0.167315
0.11205 0.0332197 0.672923 0.181807
0.047422 0.0836522 9.9991E-05 0.868826
0.0447401 0.0805252 9.9991E-05 0.874635
0.0945631 0.122121 9.9991E-05 0.783216
0.0168431 0.109569 0.0432072 0.830381
0.0606432 0.143276 9.9991E-05 0.795981
9.9982E-05 9.9982E-05 0.516263 0.483537
9.9982E-05 9.9982E-05 0.455944 0.543856
9.9982E-05 9.9982E-05 0.490381 0.509419
0.0766393 0.0808451 9.9991E-05 0.842416
9.9982E-05 9.9982E-05 0.510993 0.488807
0.310462 0.406223 0.0257111 0.257604
0.568668 0.29425 0.0798768 0.0572051
0.5362 0.268817 9.9991E-05 0.194883
0.317422 0.343003 0.114433 0.225142
0.568446 0.170681 0.066914 0.193959
9.9991E-05 0.39846 0.113568 0.487873
0.539878 9.9991E-05 0.366165 0.0938569
0.418157 0.0743805 0.506403 0.00105946
0.401314 9.9991E-05 0.447386 0.1512
0.557405 0.0301516 0.412343 9.9991E-05
9.998E-05 9.998E-05 0.9997 9.998E-05
0.537486 0.147016 0.147514 0.167984
0.672701 9.9991E-05 0.300913 0.0262853
0.46333 9.9991E-05 0.436114 0.100456
0.629163 0.100325 0.180315 0.0901972
0.22049 0.0190126 0.726737 0.0337606
0.511153 0.0617815 0.411004 0.016062
0.650041 0.031802 0.228971 0.0891865
0.5119 0.163193 0.126337 0.19857
0.479771 0.0355129 0.484616 9.9991E-05
0.521868 0.0442255 0.370396 0.0635101
0.59105 0.0849924 0.319532 0.00442501
0.703593 9.9991E-05 0.279749 0.0165581
0.723029 0.0860625 0.117413 0.0734953
0.706802 9.9991E-05 0.131881 0.161217
0.581803 0.0960987 0.201782 0.120316
0.0997206 0.120431 9.9991E-05 0.779748
0.119544 0.0474947 9.9991E-05 0.832861
0.105718 9.9991E-05 0.0813659 0.812816
0.0543435 0.0484808 0.0730196 0.824156
0.151488 0.0115621 9.9991E-05 0.836849
0.297301 0.0316421 0.57371 0.0973474
0.597361 0.102184 0.274123 0.0263324
0.503802 0.20477 0.0461288 0.245299
0.740164 0.0919043 0.125916 0.0420153
0.643331 0.0224273 0.216482 0.11776
0.348838 0.158129 0.486228 0.00680514
0.0913819 9.9991E-05 0.704056 0.204462
0.644703 0.0359529 0.256143 0.0632009
0.249442 0.0673757 0.530795 0.152388
0.53336 0.111736 0.252453 0.10245
0.226629 0.0129486 0.571716 0.188707
0.582087 0.0810578 0.173913 0.162942
0.329143 9.9991E-05 0.518079 0.152678
0.437124 0.0838658 0.409295 0.0697158
0.527572 0.0495153 0.292656 0.130257
0.333083 0.0665764 0.534488 0.0658524
0.6567 0.0286753 0.216814 0.097811
0.685322 0.0182042 0.140551 0.155923
0.424102 0.0333892 0.483197 0.0593117
0.557953 0.0441168 0.266712 0.131218
0.629046 0.0348929 0.239618 0.0964434
0.277488 9.9982E-05 0.722312 9.9982E-05
0.405512 0.0308195 0.534314 0.0293541
0.568245 0.0843893 0.319976 0.0273894
0.310711 0.00171995 0.648714 0.0388552
0.609115 9.9991E-05 0.359645 0.0311398
0.191299 0.0622575 0.652368 0.0940751
0.330162 0.0827538 0.586984 9.9991E-05
0.430292 0.11843 0.412782 0.0384961
0.593183 0.15786 0.21831 0.0306474
0.445244 9.9982E-05 0.554556 9.9982E-05
0.579577 0.1236 0.191952 0.10487
0.56063 0.107963 0.265811 0.065595
0.516145 0.132578 0.31317 0.0381077
0.526202 0.121478 0.280491 0.0718293
0.540419 0.0669554 0.328107 0.0645193
0.360175 0.0757371 0.563988 9.9991E-05
0.434139 0.0785952 0.423187 0.0640783
0.698693 0.0942994 0.196142 0.0108653
0.673303 0.0445126 0.154084 0.1281
0.528737 9.9991E-05 0.31126 0.159903
0.448567 0.206813 0.277458 0.0671622
0.363798 0.146469 0.403057 0.0866763
0.68256 0.0606163 0.195153 0.0616703
0.55559 0.128064 0.251794 0.064553
0.522726 0.131472 0.222869 0.122932
0.438621 0.168619 0.03194 0.36082
0.532654 0.209545 0.11042 0.147381
0.595582 0.182422 0.108344 0.113652
0.666617 0.104561 0.0950585 0.133764
0.543831 0.269649 9.9991E-05 0.186419
0.520921 0.0773625 0.401617 9.9991E-05
0.517557 0.151171 0.122332 0.208939
0.037454 0.247774 0.423369 0.291403
0.529853 0.233197 0.0778059 0.159145
0.629665 0.193939 0.0929215 0.0834751
0.528123 0.308022 0.147634 0.0162208
0.306638 0.190384 0.304794 0.198184
0.594719 0.150095 0.0714778 0.183709
0.57252 0.208705 0.0599593 0.158815
9.9991E-05 0.240861 0.258039 0.501
0.500394 0.262407 0.0787349 0.158464
0.468269 0.311945 0.0489899 0.170796
0.639821 0.195215 0.0628427 0.102121
0.596413 0.250181 0.0141219 0.139284
0.535181 0.143853 0.134876 0.186089
0.514972 0.14084 0.317487 0.0267005
0.535506 0.14669 0.153929 0.163874
0.135661 0.0464631 0.817776 9.9991E-05
0.14087 0.0406532 0.818377 9.9991E-05
0.407734 0.202756 0.354425 0.035085
0.392015 0.371787 0.143248 0.0929494
0.292082 0.463487 0.129808 0.114624
0.107646 0.433158 0.301025 0.158171
0.36919 0.323397 0.0756254 0.231787
0.152024 0.146463 0.610586 0.0909268
0.210208 0.236405 0.459944 0.0934434
0.64062 0.137851 0.205923 0.0156066
0.569843 0.158038 0.191497 0.0806217
0.220208 0.231388 0.524182 0.0242223
0.601023 0.104139 0.196108 0.0987295
0.60229 0.183899 0.193774 0.0200371
0.52711 0.239183 0.176722 0.0569848
0.472569 9.9982E-05 0.527231 9.9982E-05
0.451781 0.0882027 0.459917 9.9991E-05
0.632303 0.00983952 0.325233 0.0326242
0.461735 0.0849728 0.401013 0.0522793
0.450687 0.152146 0.265566 0.1316
0.599746 0.0290224 0.371132 9.9991E-05
0.378416 0.0220027 0.599482 9.9991E-05
0.698931 0.101306 0.178233 0.0215303
0.367867 0.0432679 0.588765 9.9991E-05
0.509915 0.0820861 0.38734 0.0206583
0.67549 0.0844414 0.142244 0.0978248
0.699 9.9991E-05 0.233013 0.0678875
0.511107 0.248592 0.162118 0.0781832
0.592518 0.0838213 0.169309 0.154351
0.281923 0.368747 0.185281 0.164049
0.289688 0.290102 0.264673 0.155537
0.511214 0.191994 0.0991185 0.197674
0.527921 0.18174 0.130537 0.159802
9.9991E-05 0.276003 0.56839 0.155507
0.60249 0.243541 0.0547813 0.0991876
9.9991E-05 0.221423 0.368893 0.409584
0.569583 0.266992 0.162437 0.00098815
0.325149 9.9982E-05 0.674651 9.9982E-05
0.0642498 0.054691 0.880959 9.9991E-05
0.580861 0.049009 0.37003 9.9991E-05
0.755226 0.0334287 0.210389 0.000956268
0.538184 9.9982E-05 0.461616 9.9982E-05
0.64998 0.0798736 0.270046 9.9991E-05
0.627154 0.0568951 0.315851 9.9991E-05
0.076949 0.0681908 0.0391708 0.815689
9.9991E-05 0.11895 0.129984 0.750966
9.9982E-05 0.0530967 9.9982E-05 0.946703
0.0321699 9.9982E-05 9.9982E-05 0.96763
0.662979 0.0252594 0.223548 0.0882143
0.64192 0.0313472 0.195918 0.130815
0.756133 9.9982E-05 0.243667 9.9982E-05
0.689465 9.9991E-05 0.160961 0.149474
0.59113 0.0645711 0.153185 0.191114
0.464642 9.9991E-05 0.492628 0.0426297
0.84139 0.056242 0.0574825 0.0448857
0.579322 9.9982E-05 0.420478 9.9982E-05
0.578919 0.126038 0.017161 0.277882
0.574892 0.0805114 0.344496 9.9991E-05
0.623472 9.9991E-05 0.36708 0.00934796
0.789353 9.9982E-05 0.210447 9.9982E-05
0.594536 0.0217827 0.383581 9.9991E-05
0.800853 9.9982E-05 0.198947 9.9982E-05
0.769503 9.9991E-05 0.138958 0.0914396
0.454663 9.9982E-05 0.545137 9.9982E-05
0.511986 9.9991E-05 0.452758 0.0351557
0.56764 9.9991E-05 0.368787 0.0634728
0.213891 9.9982E-05 0.785909 9.9982E-05
0.660267 9.9991E-05 0.301003 0.0386308
0.396417 0.00752749 0.595956 9.9991E-05
0.145041 0.0239775 0.830882 9.9991E-05
0.755511 0.0397578 0.185269 0.0194618
0.482332 9.9991E-05 0.47758 0.0399885
0.638287 0.0899856 0.271627 9.9991E-05
0.601512 0.145405 0.15198 0.101103
0.751664 9.9991E-05 0.221941 0.0262954
0.388377 0.112263 0.49926 9.9991E-05
0.70719 9.9991E-05 0.278205 0.014505
0.688123 0.0179717 0.237303 0.0566017
0.513415 9.9982E-05 0.486385 9.9982E-05
0.639695 0.0652434 0.254749 0.0403127
0.0285363 0.0212801 0.253487 0.696697
0.13642 9.9991E-05 0.0784729 0.785007
9.9982E-05 9.9982E-05 0.127569 0.872232
9.9982E-05 9.9982E-05 0.170692 0.829108
0.106043 9.9991E-05 0.0931715 0.800685
0.420538 9.9991E-05 0.514138 0.0652236
0.377272 9.9991E-05 0.581436 0.0411914
0.425212 9.9982E-05 0.574588 9.9982E-05
0.64288 0.0482256 0.13096 0.177934
0.683568 0.0472844 0.0656723 0.203475
0.609091 0.0137581 0.362874 0.0142766
0.83007 0.0381947 0.122634 0.00910095
0.607933 0.0257085 0.28685 0.0795079
0.765976 9.9991E-05 0.204652 0.0292726
0.783203 9.9991E-05 0.199256 0.0174412
0.525816 9.9982E-05 0.473984 9.9982E-05
0.63721 9.9982E-05 0.36259 9.9982E-05
0.619997 9.9982E-05 0.379803 9.9982E-05
0.713936 0.0616905 0.153848 0.0705258
0.648528 9.9991E-05 0.312228 0.0391439
0.644913 9.9991E-05 0.302366 0.0526213
0.486444 0.437764 0.00143335 0.0743585
0.417388 0.443436 9.9991E-05 0.139076
0.456257 0.451652 9.9991E-05 0.0919908
0.266861 0.576425 9.9991E-05 0.156614
0.5527 0.282281 9.9991E-05 0.164919
0.680736 0.030796 0.2258 0.0626679
0.0153184 0.726107 0.0406336 0.217941
0.304337 0.532675 0.0111335 0.151855
0.443114 0.192483 0.190604 0.173799
0.638366 9.9991E-05 0.16842 0.193114
0.522568 9.9991E-05 0.302458 0.174874
0.66803 0.0884172 0.13786 0.105692
0.610685 0.153341 0.140028 0.0959464
0.321701 0.488453 9.9991E-05 0.189747
0.467265 0.355253 0.0970395 0.0804421
0.419298 0.565478 9.9991E-05 0.0151235
0.460103 0.350239 0.116431 0.0732268
0.25989 0.602036 0.0162476 0.121826
0.413388 0.360203 0.0614065 0.165003
0.212008 0.628612 0.0805307 0.0788498
0.366382 0.43143 0.107753 0.0944342
0.601813 0.0802101 0.220238 0.0977394
0.430359 0.357913 0.0530221 0.158706
0.152209 0.695147 9.9991E-05 0.152543
0.41507 0.386934 0.0678357 0.13016
0.338186 9.9991E-05 0.426302 0.235412
0.728681 0.134145 0.121964 0.0152097
0.510951 0.241457 0.0428717 0.204721
0.593293 0.121179 0.194124 0.0914033
0.596575 0.0275309 0.203857 0.172037
0.465512 0.231741 0.0686505 0.234097
0.336775 0.352434 0.115371 0.19542
0.536386 0.220728 0.156013 0.0868726
0.466013 0.376146 0.0102487 0.147593
0.37613 0.491696 9.9991E-05 0.132074
0.146924 0.627109 0.0218131 0.204154
0.580816 0.0467338 0.209063 0.163387
0.592901 9.9991E-05 0.207557 0.199442
0.246078 0.131088 0.465632 0.157202
0.673328 0.110951 0.110114 0.105607
0.456576 0.0865762 0.3012 0.155649
0.480369 0.205347 0.0842447 0.230039
0.525281 0.0856091 0.143966 0.245143
9.9991E-05 0.287692 0.366791 0.345417
9.9991E-05 0.252609 0.373265 0.374026
0.284762 0.227121 0.36409 0.124027
9.9991E-05 0.353476 0.343352 0.303072
9.9991E-05 0.284964 0.239934 0.475002
0.328551 0.26886 0.268698 0.133891
0.465471 0.144279 0.106823 0.283426
0.206837 0.260724 0.229609 0.30283
0.0469377 0.303383 0.33272 0.316959
0.561626 0.124267 0.126812 0.187296
0.132091 0.234838 0.418856 0.214214
9.9991E-05 0.189527 0.325277 0.485095
0.610833 0.193343 0.0236644 0.17216
0.385398 0.2671 0.161165 0.186336
0.515503 0.17556 9.9991E-05 0.308837
0.587 0.22538 9.9991E-05 0.18752
0.551732 0.196015 0.0605476 0.191706
0.588276 0.256847 9.9991E-05 0.154778
0.395839 0.235517 9.9991E-05 0.368543
0.535954 0.243706 9.9991E-05 0.22024
0.456029 0.275771 9.9991E-05 0.2681
0.31939 0.244665 0.146475 0.28947
0.336033 0.217162 0.261523 0.185282
0.559775 0.159196 0.149308 0.131722
0.606187 0.12637 0.0569424 0.2105
0.566965 0.193891 0.142488 0.096656
0.437864 0.24985 9.9991E-05 0.312186
0.642256 0.145929 0.0105372 0.201278
0.206274 0.231312 0.149796 0.412618
0.586433 0.239592 9.9991E-05 0.173875
0.26415 0.328087 0.103334 0.304429
9.9991E-05 0.0455376 0.134396 0.819966
0.139005 9.9991E-05 0.628328 0.232567
9.9982E-05 9.9982E-05 0.842403 0.157397
0.0710486 9.9991E-05 0.740212 0.188639
0.16492 9.9991E-05 0.736764 0.0982156
0.16127 9.9991E-05 0.641369 0.197262
0.221934 9.9991E-05 0.645439 0.132527
0.01113 9.9991E-05 0.811184 0.177586
0.0739504 9.9991E-05 0.5933 0.332649
0.0298519 9.9991E-05 0.0182629 0.951785
0.0697146 9.9991E-05 0.0762746 0.853911
0.0685277 0.0396023 9.9991E-05 0.89177
0.0675882 9.9991E-05 0.0691953 0.863117
0.0333532 0.0279794 0.0222 0.916467
9.9991E-05 0.0107996 0.0654936 0.923607
0.0222029 0.144414 0.0468485 0.786535
0.00908652 0.107574 9.9991E-05 0.88324
0.019119 0.115223 0.132241 0.733417
9.9991E-05 0.0722252 0.00688527 0.92079
9.9982E-05 9.9982E-05 0.0276138 0.972186
0.0116123 0.0478815 0.0492565 0.89125
9.9982E-05 0.0506061 9.9982E-05 0.949194
0.0404815 0.046201 9.9991E-05 0.913218
0.0891781 0.0295933 9.9991E-05 0.881129
0.0769901 0.0775098 9.9991E-05 0.8454
0.0461211 0.154548 9.9991E-05 0.799231
0.101718 0.0988429 9.9991E-05 0.799339
0.102773 0.0840275 9.9991E-05 0.813099
0.503364 0.0239452 0.234232 0.238459
0.776206 9.9991E-05 0.130269 0.0934251
0.640253 0.0919098 0.13595 0.131887
0.231956 0.0647263 0.623069 0.0802489
0.676788 9.9991E-05 0.154812 0.1683
0.153821 0.0826123 0.521908 0.241659
0.693959 0.0819408 0.125726 0.0983742
0.564447 9.9991E-05 0.276531 0.158923
0.629251 9.9991E-05 0.19479 0.17586
0.641899 0.0608827 0.244709 0.052509
0.573849 9.9991E-05 0.295611 0.130441
0.763782 0.0213931 0.046543 0.168282
0.671388 9.9991E-05 0.161554 0.166958
0.177407 0.0947574 0.675432 0.0524038
9.9991E-05 0.0260333 0.865898 0.107968
0.182812 0.110163 0.590584 0.116442
0.663906 0.0397747 0.175441 0.120878
0.658829 0.0146544 0.181879 0.144638
0.674347 0.000329634 0.158712 0.166611
0.718945 0.142537 0.036495 0.102023
0.625637 0.1128 0.00739658 0.254166
0.655212 0.106886 0.00833603 0.229566
0.160497 0.207789 0.211373 0.42034
0.659744 0.0967651 0.0963168 0.147174
0.46281 0.141238 0.180726 0.215225
9.9991E-05 0.219516 0.341108 0.439276
0.404656 0.246745 0.0663106 0.282289
0.401261 0.156179 0.0823423 0.360218
0.536666 0.0112895 0.0448496 0.407195
0.476763 0.249542 0.176868 0.0968277
0.567082 0.174433 0.0754265 0.183058
0.604067 0.238064 9.9991E-05 0.157769
0.42333 0.222362 0.193046 0.161261
0.279605 0.204033 0.00805251 0.508309
