0.0532034 0.940265 9.9991E-05 0.00643201
9.9982E-05 0.976109 9.9982E-05 0.0236912
0.0635652 0.875589 0.0607459 9.9991E-05
0.0152497 0.815723 0.117927 0.0511003
0.0213249 0.919469 0.0591061 9.9991E-05
0.156587 0.669304 0.00947294 0.164635
0.0177328 0.834567 0.0477426 0.0999573
9.999E-05 0.752639 0.0588037 0.188458
9.9982E-05 0.842161 9.9982E-05 0.157639
0.100595 0.705331 0.107033 0.0870406
0.0500146 0.813564 9.9991E-05 0.136321
0.409096 0.0624864 0.0697119 0.458706
0.686104 0.0581265 0.121652 0.134117
0.379907 0.0741512 0.120925 0.425017
0.384544 0.101417 0.184178 0.329862
0.446559 0.115205 0.162195 0.276041
0.712989 0.101694 0.149043 0.0362732
0.517595 0.0482046 0.10502 0.329181
0.440938 0.200414 0.120555 0.238093
0.174348 0.113251 0.0730359 0.639365
0.545048 0.0787263 0.0913021 0.284924
0.508043 0.0773369 0.132323 0.282297
0.682087 9.9991E-05 0.0970087 0.220804
0.463493 0.030627 0.0999299 0.40595
0.687738 0.145545 0.166617 9.9991E-05
0.717597 0.0506363 0.0881 0.143666
0.352231 0.0785121 0.0867668 0.48249
0.27758 0.0715948 0.209418 0.441407
0.412316 0.0717083 0.0339853 0.481991
0.0802739 0.885977 0.0336496 9.9991E-05
0.124083 0.875717 9.9982E-05 9.9982E-05
0.120002 0.793313 0.0797397 0.00694601
0.102776 0.787776 0.109347 9.9991E-05
0.690101 0.108512 0.0622833 0.139104
0.710341 0.0781029 0.0242776 0.187278
0.861238 0.0331648 9.9991E-05 0.105497
0.304454 0.155552 9.9991E-05 0.539894
0.63454 9.9991E-05 0.0224819 0.342878
0.710602 0.105217 9.9991E-05 0.184081
0.793857 0.0683727 0.123888 0.0138832
0.742193 0.159916 0.00887959 0.0890122
0.743051 0.126865 0.0871907 0.0428934
0.446351 9.9982E-05 9.9982E-05 0.553449
0.651798 0.0744717 0.138852 0.134879
0.697927 0.0477889 0.0861158 0.168169
0.579184 0.120384 0.17584 0.124592
0.677648 9.9982E-05 9.9982E-05 0.322152
0.834678 0.040077 9.9991E-05 0.125145
0.688396 0.0950344 0.104618 0.111951
0.182863 0.0955911 9.9991E-05 0.721446
0.361995 0.0189736 9.9991E-05 0.618931
0.237198 9.9991E-05 0.086765 0.675937
0.533708 0.109013 0.159404 0.197875
0.756571 0.156846 0.0212162 0.0653671
0.597879 0.0698628 0.191674 0.140584
0.357197 0.18379 9.9991E-05 0.458913
0.675235 0.0408584 0.0323333 0.251574
0.695442 0.112331 0.127341 0.0648858
0.51764 0.175162 0.0260756 0.281122
0.185447 0.266275 0.0562274 0.49205
0.691725 0.171291 0.0767014 0.0602819
0.616811 0.0936486 0.0534222 0.236118
0.260198 0.123366 9.9991E-05 0.616336
0.689554 0.0579194 0.0685542 0.183972
0.642915 0.00244096 0.208024 0.14662
0.577003 0.0696003 0.115165 0.238231
0.468999 0.0920172 0.0241725 0.414811
0.624431 0.0526512 0.108243 0.214675
0.638811 0.0807266 0.105874 0.174588
0.428402 0.0483715 9.9991E-05 0.523126
0.788069 0.0121496 0.00855184 0.191229
0.594382 0.00205244 9.9991E-05 0.403466
0.655309 0.0895338 0.0602751 0.194882
0.295106 9.9982E-05 9.9982E-05 0.704694
0.311844 9.9982E-05 9.9982E-05 0.687956
0.609627 9.9982E-05 9.9982E-05 0.390173
0.732972 0.013796 9.9991E-05 0.253132
0.697957 0.0980726 0.128236 0.0757351
0.712517 0.0108022 0.04654 0.230141
0.499008 0.0212081 9.9991E-05 0.479684
0.538854 0.0650277 9.9991E-05 0.396019
0.693647 0.128983 0.0899993 0.0873698
0.624785 0.042509 9.9991E-05 0.332606
0.751436 0.0108254 9.9991E-05 0.237638
0.639724 9.9982E-05 9.9982E-05 0.360076
0.289231 9.9991E-05 0.0309902 0.679679
0.852205 0.0433861 0.0514905 0.0529188
0.128915 0.82551 0.0454744 9.9991E-05
0.0586992 0.941101 9.9982E-05 9.9982E-05
0.0498079 0.869202 0.0808898 9.9991E-05
0.0225633 0.936277 0.0410601 9.9991E-05
0.0494926 0.923602 0.0268051 9.9991E-05
0.0519584 0.92362 0.0243217 9.9991E-05
9.9982E-05 0.949533 0.0502672 9.9982E-05
0.718156 0.135372 0.0255971 0.120875
0.755837 0.0967274 0.0830619 0.0643741
0.420508 9.9982E-05 9.9982E-05 0.579292
0.73502 0.149422 9.9991E-05 0.115459
0.72949 0.0554296 9.9991E-05 0.21498
0.775842 0.119454 0.0323599 0.0723435
0.661586 0.0266306 0.0661769 0.245606
0.685957 9.9991E-05 0.0819639 0.231979
0.322578 0.0285476 9.9991E-05 0.648775
0.67176 0.221481 0.014859 0.0918994
0.810928 0.0585514 0.0358664 0.0946537
0.833227 0.110413 0.0212841 0.0350752
0.565516 0.041662 0.00599959 0.386823
0.742746 0.0238071 0.0218074 0.21164
0.706707 0.0742553 9.9991E-05 0.218938
0.630891 9.9991E-05 0.0416895 0.32732
0.732607 0.0794952 9.9991E-05 0.187798
0.740281 0.0985425 0.0691194 0.0920569
0.310231 0.0579929 0.0699309 0.561845
0.423223 0.143281 0.130546 0.30295
0.625878 0.180533 0.110271 0.0833174
0.730394 0.116054 0.062694 0.0908574
0.632614 0.0614283 0.0235222 0.282435
0.616312 0.0839174 0.113148 0.186622
0.638323 0.0945621 0.0336355 0.233479
0.577104 0.164677 0.0674188 0.190799
0.623369 0.0618202 0.179328 0.135483
0.719379 0.100072 0.00687567 0.173674
0.754023 0.0385275 9.9991E-05 0.20735
0.726232 0.0204299 0.179566 0.0737723
0.593789 0.106843 0.151528 0.14784
0.679635 0.00689442 0.179136 0.134335
0.593069 0.0837685 0.133421 0.189741
0.528953 9.9991E-05 0.217558 0.253388
0.371784 0.194108 0.0710931 0.363015
0.708549 0.0295841 0.140431 0.121436
0.68778 0.0620163 0.132668 0.117536
0.343454 0.0604919 0.129233 0.466822
0.243157 0.0391152 0.106703 0.611025
0.608979 0.0783666 0.11831 0.194344
0.183069 9.9991E-05 0.115784 0.701047
0.435415 0.107695 0.0255928 0.431298
0.687684 0.020369 9.9991E-05 0.291847
0.575404 0.09643 9.9991E-05 0.328066
0.406375 0.0613334 0.081099 0.451193
0.775239 0.159034 0.011396 0.0543308
0.774999 0.10667 0.0877106 0.0306204
0.749305 0.120565 0.0349948 0.0951356
0.175108 0.0181758 0.133574 0.673142
0.576909 0.224998 0.0691322 0.12896
0.64534 0.0771323 0.0774995 0.200028
0.111641 0.197105 0.0288792 0.662376
0.669415 0.104634 0.137664 0.0882868
0.502076 0.155483 0.0406801 0.301761
0.567078 0.139001 0.147024 0.146897
0.381084 0.101745 0.0779131 0.439258
0.372227 0.145676 9.9991E-05 0.481997
0.59613 0.102999 0.037862 0.263009
0.513273 0.0461994 0.195562 0.244966
0.514357 0.142291 0.0862873 0.257064
0.115528 0.0500522 0.262923 0.571496
0.710062 0.122231 0.0996425 0.0680639
0.61068 9.9982E-05 9.9982E-05 0.38912
0.663564 9.9991E-05 0.0158504 0.320486
0.696559 0.138893 0.0502995 0.114249
0.152862 0.331649 0.32559 0.1899
9.9991E-05 0.587367 0.206622 0.205912
9.9991E-05 0.483794 0.201275 0.314831
0.0184804 0.371743 0.435111 0.174666
0.841641 9.9991E-05 0.0402328 0.118027
0.563493 0.0436915 0.165913 0.226902
0.282962 9.9982E-05 0.716838 9.9982E-05
0.445866 0.0339759 0.443164 0.0769937
0.372494 0.124741 0.402792 0.0999727
0.442494 9.9991E-05 0.107558 0.449847
0.68725 0.0840602 0.0936817 0.135008
0.33812 9.9991E-05 0.121959 0.539821
0.762842 9.9991E-05 0.100352 0.136707
0.522948 0.0426067 0.113038 0.321407
0.635944 0.0609487 0.144645 0.158462
0.316638 9.9991E-05 0.0669469 0.616315
0.739078 0.0681843 0.137906 0.0548326
0.700345 0.0916498 0.0936364 0.114369
9.998E-05 9.998E-05 0.9997 9.998E-05
0.0501673 9.9982E-05 0.949633 9.9982E-05
0.290894 0.0662657 0.613392 0.0294475
0.279864 0.0173533 0.702683 9.9991E-05
0.0888803 9.9991E-05 0.904611 0.00640839
9.998E-05 9.998E-05 0.9997 9.998E-05
9.9982E-05 9.9982E-05 0.958719 0.0410813
0.113732 9.9982E-05 0.886068 9.9982E-05
0.00345546 9.9982E-05 0.996345 9.9982E-05
9.998E-05 9.998E-05 0.9997 9.998E-05
9.998E-05 9.998E-05 0.9997 9.998E-05
0.159681 0.0179463 0.822273 9.9991E-05
0.106903 0.0841464 0.802216 0.00673519
9.9982E-05 9.9982E-05 0.979512 0.0202881
0.412206 0.155848 0.431846 9.9991E-05
0.229982 0.0640508 0.675419 0.030548
0.17048 0.0551668 0.774253 9.9991E-05
0.0432633 0.0107845 0.930412 0.0155406
9.998E-05 9.998E-05 0.9997 9.998E-05
0.0351978 0.0517199 0.908444 0.00463781
9.998E-05 9.998E-05 0.9997 9.998E-05
0.264844 0.0726404 0.639923 0.0225935
0.0520418 0.057674 0.890184 9.9991E-05
9.9991E-05 0.372485 0.164418 0.462997
0.457513 0.214425 0.141809 0.186253
0.380375 0.238042 0.204761 0.176822
0.221013 0.266412 0.208795 0.30378
0.558115 0.126433 0.145924 0.169528
0.265114 0.284441 0.168961 0.281483
0.53733 0.244574 0.123515 0.0945809
0.341961 0.188842 0.270183 0.199013
0.501457 0.152499 0.25821 0.0878341
0.42063 0.257855 0.246147 0.075368
0.526614 0.254952 0.139967 0.0784678
0.0624747 0.883629 9.9991E-05 0.0537961
9.9982E-05 0.928598 0.0712023 9.9982E-05
9.9982E-05 0.989032 9.9982E-05 0.0107683
0.00479877 0.976585 9.9991E-05 0.0185167
0.019294 0.949575 0.0310311 9.9991E-05
9.9982E-05 0.915737 0.0840632 9.9982E-05
9.9982E-05 0.902723 0.0970767 9.9982E-05
0.0412853 0.887616 9.9991E-05 0.0709987
0.0669036 0.905899 0.0270969 9.9991E-05
9.9991E-05 0.851778 0.121687 0.0264343
9.9991E-05 0.660999 0.0271527 0.311748
0.030592 0.66772 9.9991E-05 0.301588
9.9982E-05 0.63537 9.9982E-05 0.36443
0.0844586 0.556836 9.9991E-05 0.358606
0.728793 0.1402 9.9991E-05 0.130907
0.685566 0.0507249 0.0505898 0.213119
0.692554 0.0656572 0.0565498 0.185239
0.548296 0.0910939 9.9991E-05 0.36051
0.369426 0.0832981 9.9991E-05 0.547176
0.734931 0.0267189 0.0466907 0.19166
0.781613 0.0109198 0.00162468 0.205843
0.782546 9.9982E-05 9.9982E-05 0.217254
0.605779 9.9991E-05 0.0851446 0.308977
0.705157 0.0591245 0.136361 0.0993572
0.690115 9.9982E-05 9.9982E-05 0.309685
0.214485 9.9982E-05 9.9982E-05 0.785316
0.697635 0.0982205 0.0611965 0.142948
0.501271 0.0047799 0.0188251 0.475124
0.764754 0.0321034 9.9991E-05 0.203042
0.419805 0.0558944 9.9991E-05 0.5242
0.104313 0.236815 9.9991E-05 0.658772
0.168201 0.191765 0.00472687 0.635307
0.0949379 0.192329 9.9991E-05 0.712633
0.0991489 0.265415 9.9991E-05 0.635337
0.180054 0.141549 9.9991E-05 0.678297
0.175155 0.166333 0.0238147 0.634697
0.0363234 0.89108 0.0724969 9.9991E-05
0.0697203 0.885549 0.044631 9.9991E-05
0.0590641 0.780312 0.160524 9.9991E-05
0.0104588 0.787664 0.139325 0.0625521
0.0570313 0.813962 0.100954 0.0280519
9.9982E-05 0.505254 9.9982E-05 0.494546
9.9982E-05 0.535142 9.9982E-05 0.464658
0.026605 0.508691 0.0171816 0.447522
0.127859 0.847425 0.024616 9.9991E-05
0.00617876 0.484087 9.9991E-05 0.509634
0.210966 0.237179 0.479802 0.0720539
0.492298 0.131461 0.369228 0.00701206
0.525376 0.113223 0.3613 9.9991E-05
0.405916 0.292625 0.220451 0.0810083
0.529857 0.205757 0.260312 0.00407326
9.9991E-05 0.485509 0.387751 0.12664
0.618147 0.0619551 9.9991E-05 0.319798
0.476566 9.9991E-05 0.0927733 0.430561
0.443142 0.139687 9.9991E-05 0.417071
0.588857 9.9991E-05 0.0637243 0.347319
9.9982E-05 9.9982E-05 0.0529457 0.946854
0.596713 0.122728 0.11068 0.169879
0.51632 0.0305297 0.147918 0.305232
0.516521 0.0529635 9.9991E-05 0.430415
0.62034 0.108896 0.122275 0.148489
0.254148 9.9991E-05 0.0716917 0.674061
0.584794 0.0101722 0.107867 0.297166
0.673246 0.0876415 0.0307201 0.208392
0.474192 0.12244 0.287167 0.116202
0.600527 9.9991E-05 0.0150584 0.384315
0.558129 0.0829689 0.0942352 0.264667
0.505956 9.9991E-05 0.189676 0.304269
0.693623 0.0274278 0.0410616 0.237888
0.630806 0.0841938 0.170247 0.114754
0.763264 0.113594 0.0331995 0.0899425
0.655731 0.164526 0.0441429 0.1356
0.0924772 0.811007 0.0964155 9.9991E-05
0.0587941 0.869856 0.0492031 0.0221463
0.109218 0.783306 0.00786621 0.0996101
0.0506046 0.896372 0.00977003 0.0432538
0.105375 0.866707 0.0278175 9.9991E-05
0.319821 0.102908 0.0474251 0.529846
0.588725 0.0721068 0.120881 0.218288
0.449811 0.206373 0.243774 0.100041
0.688576 9.9991E-05 0.196919 0.114405
0.675629 0.109145 0.0344633 0.180763
0.322928 0.0608516 0.0961954 0.520025
0.112702 0.226796 9.9991E-05 0.660402
0.646952 0.101852 0.0645704 0.186625
0.318299 0.129658 0.0487935 0.503249
0.466878 0.0743123 0.178671 0.280138
0.287062 0.232478 9.9991E-05 0.48036
0.671028 0.126586 0.114973 0.0874135
0.357534 0.118044 9.9991E-05 0.524322
0.39139 0.047949 0.16071 0.399951
0.64663 0.0981214 0.0427219 0.212527
0.443509 9.9991E-05 0.0507356 0.505655
0.645675 0.147037 0.0580591 0.149229
0.721125 0.19849 0.0642401 0.0161453
0.544023 0.0393489 9.9991E-05 0.416529
0.617861 0.124869 0.126697 0.130573
0.71566 0.128224 0.0074924 0.148624
0.302386 9.9991E-05 0.00850694 0.689007
0.414434 0.00764026 0.0568236 0.521102
0.657936 0.0856993 0.0170489 0.239316
0.353833 0.0347383 0.00597085 0.605457
0.582824 9.9991E-05 0.0662633 0.350813
0.278083 0.106921 0.060063 0.554933
0.349971 9.9991E-05 0.108839 0.54109
0.534162 0.0812815 0.0837514 0.300806
0.704357 0.103909 0.0859667 0.105767
0.439423 9.9991E-05 0.0286836 0.531793
0.537982 0.193116 0.118765 0.150137
0.67801 0.0931367 0.135086 0.0937666
0.567119 0.0138911 0.144144 0.274845
0.647984 0.0578404 0.11852 0.175656
0.604026 0.124605 0.0154669 0.255902
0.393842 9.9991E-05 0.111769 0.494288
0.435658 0.0272067 0.164102 0.373033
0.771055 9.9991E-05 0.0778018 0.151044
0.793598 0.133397 9.9991E-05 0.0729045
0.538698 0.0801195 0.0668173 0.314366
0.661813 0.0579973 0.0937804 0.186409
0.38589 0.168751 0.102335 0.343025
0.701826 0.0159581 0.0999301 0.182286
0.630144 0.0757575 0.101212 0.192886
0.538229 0.105831 0.236978 0.118963
0.436908 0.355886 0.207105 9.9991E-05
0.581867 0.0725179 0.278416 0.0671991
0.584166 0.123965 0.186017 0.105853
0.659702 0.100685 0.160632 0.0789817
0.470817 0.217617 0.311466 9.9991E-05
0.5791 9.9991E-05 0.0774372 0.343363
0.519088 0.205633 0.220468 0.0548106
0.0506517 0.264045 0.224368 0.460936
0.469805 0.134334 0.281141 0.114719
0.555807 0.105728 0.224317 0.114149
0.542831 0.0562137 0.279044 0.121912
0.301258 0.180917 0.232897 0.284928
0.557463 0.209751 0.232686 9.9991E-05
0.56019 0.182241 0.257469 9.9991E-05
9.9991E-05 0.516753 0.25342 0.229727
0.552955 0.193575 0.209288 0.0441818
0.504658 0.262501 0.232741 9.9991E-05
0.632423 0.170949 0.168912 0.0277165
0.475655 0.214017 0.310228 9.9991E-05
0.481512 0.272633 0.245755 9.9991E-05
0.619254 0.00882635 0.108527 0.263393
0.578774 0.0558479 0.139637 0.225741
0.177238 9.9991E-05 0.0628306 0.759831
0.191304 9.9991E-05 0.0450647 0.763531
0.73208 0.0558993 0.06262 0.149401
0.439294 0.0977011 0.38108 0.0819248
0.39804 0.163792 0.38713 0.0510373
0.215099 0.191106 0.374543 0.219252
0.413649 0.199829 0.292051 0.0944706
0.208652 0.090499 0.154388 0.54646
0.306589 0.166012 0.176531 0.350868
0.645317 0.0443843 0.157129 0.15317
0.520025 0.0557047 0.206656 0.217614
0.343895 0.0859454 0.179744 0.390416
0.615276 0.107193 0.129259 0.148272
0.621067 9.9991E-05 0.195547 0.183287
0.52803 0.10637 0.200401 0.165199
0.551189 9.9991E-05 0.000257398 0.448454
0.469965 0.00884533 0.130676 0.390514
0.66495 0.0613251 0.0755537 0.198172
0.38381 0.0382986 0.213605 0.364286
0.481541 0.0902405 0.213988 0.214231
0.589432 9.9991E-05 0.0856175 0.324851
0.421754 9.9991E-05 0.0310571 0.547089
0.718612 0.0815073 0.0648478 0.135033
0.370066 9.9991E-05 0.0600954 0.569738
0.521253 0.0413549 0.118531 0.318862
0.669938 0.116019 0.0563122 0.157731
0.578209 0.0100505 0.0723509 0.33939
0.495614 0.0894653 0.311445 0.103476
0.538793 0.17696 0.211239 0.0730082
0.33832 0.129276 0.357587 0.174818
0.373 0.188211 0.245729 0.19306
0.530577 0.240397 0.147583 0.081443
0.489245 0.103936 0.258332 0.148487
9.9991E-05 0.161824 0.275226 0.56285
0.625812 0.0695256 0.299914 0.00474824
9.9991E-05 0.385671 0.250141 0.364088
0.578696 0.0487247 0.275529 0.0970502
0.36137 9.9982E-05 9.9982E-05 0.63843
0.152268 0.00785451 0.00818076 0.831697
0.688941 9.9991E-05 0.0362257 0.274733
0.755162 0.0486261 0.0798508 0.116361
0.576357 9.9991E-05 0.0249984 0.398545
0.658137 9.9991E-05 0.0736175 0.268145
0.635267 9.9991E-05 0.124534 0.240098
0.033184 0.833497 0.0608822 0.072437
9.9991E-05 0.774399 0.108633 0.116868
9.9982E-05 0.945117 0.0546833 9.9982E-05
0.036927 0.962873 9.9982E-05 9.9982E-05
0.706694 0.0720076 0.00936435 0.211934
0.720159 0.137375 0.00531421 0.137151
0.838267 9.9982E-05 9.9982E-05 0.161533
0.754723 0.162759 0.0240014 0.0585158
0.73153 0.0576856 0.0271319 0.183653
0.530494 0.0208106 0.00542025 0.443276
0.855334 9.9991E-05 0.0222693 0.122297
0.653901 0.0147847 0.0139509 0.317363
0.400593 0.28483 0.314477 9.9991E-05
0.640571 9.9991E-05 0.0859988 0.27333
0.614285 9.9982E-05 9.9982E-05 0.385515
0.766033 9.9991E-05 0.0321773 0.20169
0.685912 0.0138851 9.9991E-05 0.300103
0.769491 9.9991E-05 0.0213807 0.209028
0.84009 0.0640385 0.00309317 0.0927787
0.439388 9.9982E-05 9.9982E-05 0.560412
0.506857 0.00700818 0.0429821 0.443153
0.614428 0.0046291 9.9991E-05 0.380843
0.306273 9.9982E-05 9.9982E-05 0.693527
0.669534 0.0983972 9.9991E-05 0.231969
0.419909 9.9991E-05 0.0152556 0.564736
0.227616 0.0258215 9.9991E-05 0.746462
0.74568 0.0762116 0.0414813 0.136627
0.515996 0.0766332 9.9991E-05 0.40727
0.701322 0.0302132 0.0339011 0.234564
0.697195 0.0945875 0.126003 0.0822142
0.753645 0.000894646 0.0528119 0.192648
0.383918 9.9991E-05 0.14242 0.473562
0.797276 0.0525453 0.032706 0.117473
0.724099 0.0781995 9.9991E-05 0.197601
0.6679 9.9982E-05 9.9982E-05 0.3319
0.69486 0.0623624 0.0826754 0.160102
0.00865486 0.728824 0.0201942 0.242326
0.103011 0.770632 9.9991E-05 0.126257
9.9982E-05 0.836602 9.9982E-05 0.163198
9.9982E-05 0.841175 9.9982E-05 0.158625
0.0681826 0.804346 9.9991E-05 0.127372
0.474495 0.0364793 9.9991E-05 0.488925
0.463926 0.0542057 9.9991E-05 0.481768
0.539013 9.9982E-05 9.9982E-05 0.460787
0.561949 0.0583226 0.174872 0.204857
0.672335 0.153513 0.107187 0.0669651
0.615074 9.9991E-05 0.0165848 0.368241
0.778257 9.9991E-05 0.0759413 0.145702
0.582938 0.0632768 0.11582 0.237965
0.812325 0.0234108 0.0230136 0.14125
0.707912 0.0694106 0.108393 0.114285
0.574556 9.9982E-05 9.9982E-05 0.425244
0.725232 9.9982E-05 9.9982E-05 0.274568
0.60569 9.9982E-05 9.9982E-05 0.39411
0.696164 0.207587 0.025411 0.070838
0.719362 0.0498647 9.9991E-05 0.230673
0.745936 0.0606415 0.00930315 0.184119
0.379681 0.0477124 0.531214 0.0413921
0.351455 0.139605 0.50884 9.9991E-05
0.375182 0.122344 0.502374 9.9991E-05
0.327892 0.110652 0.561357 9.9991E-05
0.371347 0.092736 0.465043 0.0708742
0.60847 9.9991E-05 0.154286 0.237144
9.9982E-05 0.289732 0.710068 9.9982E-05
0.300481 0.13979 0.552535 0.00719367
0.500834 0.117601 0.256373 0.125192
0.765933 0.201738 0.00305566 0.0292736
0.540472 0.176177 0.0456971 0.237655
0.744691 0.179803 0.0374432 0.0380629
0.77334 0.119398 0.0447049 0.0625571
0.309132 0.175547 0.515221 9.9991E-05
0.371884 0.134016 0.428852 0.065248
0.405243 0.0201006 0.574556 9.9991E-05
0.503351 0.0906123 0.379117 0.0269201
0.277377 0.0713442 0.562895 0.0883845
0.432224 0.140973 0.390411 0.0363921
0.246225 0.119703 0.614719 0.0193532
0.574808 0.0907573 0.334335 9.9991E-05
0.670928 0.123489 0.0996039 0.105979
0.323754 0.162229 0.435822 0.0781949
0.176478 0.191817 0.631604 9.9991E-05
0.289162 0.100958 0.469397 0.140482
0.390657 0.202649 9.9991E-05 0.406593
0.624865 0.0239198 0.211085 0.14013
0.397993 0.13064 0.367937 0.10343
0.723774 0.123934 0.0152295 0.137062
0.64732 0.224481 9.9991E-05 0.1281
0.404197 0.228776 0.260924 0.106103
0.302718 0.205204 0.404599 0.0874794
0.699436 0.0856793 0.186732 0.0281527
0.363801 0.0782758 0.48565 0.0722736
0.354155 0.0910506 0.554695 9.9991E-05
0.125285 0.178223 0.696392 9.9991E-05
0.666377 0.111224 0.0782543 0.144145
0.652254 0.162981 9.9991E-05 0.184665
0.248885 0.142358 0.131687 0.47707
0.675225 0.195757 0.100962 0.0280565
0.462229 0.0844962 0.152974 0.300301
0.539495 0.218541 0.241864 9.9991E-05
0.501323 0.175327 0.168359 0.154991
9.9991E-05 0.342193 0.301477 0.35623
9.9991E-05 0.387041 0.238772 0.374088
0.245158 0.168444 0.241657 0.344741
9.9991E-05 0.347236 0.271236 0.381428
9.9991E-05 0.48003 0.34 0.17987
0.412504 0.19685 0.202205 0.188442
0.434065 0.274092 0.180978 0.110864
0.234837 0.25432 0.268895 0.241948
0.0919645 0.297683 0.277559 0.332793
0.452892 0.174511 0.251628 0.120969
0.221583 0.192923 0.217536 0.367958
9.9991E-05 0.531131 0.144594 0.324176
0.612428 0.139648 0.211278 0.036646
0.233734 0.185216 0.386625 0.194425
0.43671 0.36382 0.19937 9.9991E-05
0.470569 0.137565 0.391767 9.9991E-05
0.611979 0.206319 0.181602 9.9991E-05
0.518327 0.110527 0.358516 0.0126292
0.360374 0.399469 0.240057 9.9991E-05
0.451547 0.21629 0.28631 0.045852
0.445947 0.214613 0.33934 9.9991E-05
0.315185 0.306237 0.297309 0.0812689
0.436925 0.201812 0.136659 0.224605
0.559829 0.104368 0.214624 0.121179
0.573552 0.164022 0.208055 0.0543704
0.625665 0.152718 0.159069 0.0625477
0.311554 0.267844 0.416089 0.00451314
0.534362 0.21045 0.236478 0.0187101
0.191945 0.405329 0.275511 0.127216
0.499914 0.175269 0.324717 9.9991E-05
0.16899 0.267534 0.421727 0.141749
0.04694 0.832804 9.9991E-05 0.120156
0.172096 0.221954 9.9991E-05 0.605849
0.0389828 0.139067 9.9991E-05 0.82185
0.107081 0.188073 9.9991E-05 0.704746
0.149816 0.170264 9.9991E-05 0.679821
0.188477 0.15123 9.9991E-05 0.660193
0.211754 0.127374 9.9991E-05 0.660772
0.0234664 0.193973 9.9991E-05 0.78246
0.100872 0.36817 9.9991E-05 0.530858
0.047327 0.947053 9.9991E-05 0.00551963
0.0507333 0.860704 9.9991E-05 0.0884624
0.0349743 0.914476 0.0504495 9.9991E-05
0.0310553 0.86312 0.0106415 0.0951834
0.015369 0.902185 0.0734423 0.00900363
9.9982E-05 0.921698 9.9982E-05 0.0781022
9.9991E-05 0.739386 0.199553 0.0609609
0.0160021 0.915543 0.0618479 0.00660718
0.0498696 0.768639 0.108286 0.0732053
9.9991E-05 0.942813 0.0547669 0.00232047
9.9982E-05 0.957148 9.9982E-05 0.0426523
0.0256242 0.861835 0.0664008 0.0461396
9.9982E-05 0.979722 0.0200781 9.9982E-05
0.0596503 0.937669 0.00258084 9.9991E-05
0.0908161 0.878373 0.0307113 9.9991E-05
0.0594091 0.856798 0.0836927 9.9991E-05
0.0666579 0.803578 0.129664 9.9991E-05
0.0694628 0.801505 0.128932 9.9991E-05
0.115304 0.823608 0.0609872 9.9991E-05
0.557709 0.184291 0.0376521 0.220348
0.867433 0.121754 9.99922E-05 0.0107128
0.671126 0.163691 0.0998909 0.0652925
0.315078 0.0934461 0.0761557 0.51532
0.711506 0.139027 0.00619341 0.143273
0.205082 0.172368 0.0921217 0.530428
0.644681 0.108625 0.171208 0.075486
0.60331 0.138964 9.9991E-05 0.257626
0.64228 0.118479 0.0761459 0.163096
0.786502 0.0405125 9.9991E-05 0.172885
0.689179 0.174221 9.9991E-05 0.1365
0.729622 0.205941 0.00327744 0.06116
0.732032 0.141477 0.0175495 0.108942
0.161503 0.0431833 0.0929763 0.702338
0.13812 0.082526 0.0290529 0.750301
0.246833 0.0974607 0.132765 0.522941
0.638067 0.15718 0.150178 0.0545754
0.646346 0.142421 0.0521593 0.159073
0.648167 0.157589 0.0349979 0.159245
0.680148 0.17937 0.106054 0.0344272
0.524536 0.225268 0.200143 0.0500519
0.60904 0.137463 0.253397 9.9991E-05
0.20107 0.418769 0.151274 0.228887
0.678226 0.182203 0.0688895 0.0706816
0.425792 0.265438 0.192483 0.116286
9.9991E-05 0.435318 0.273846 0.290736
0.315252 0.312941 0.304902 0.0669046
0.283103 0.368642 0.237315 0.11094
0.472401 0.398769 0.0913741 0.0374555
0.520335 0.128519 0.264432 0.0867144
0.508455 0.218236 0.224189 0.0491194
0.51379 0.187178 0.275123 0.0239097
0.369323 0.137461 0.291079 0.202136
0.344292 0.445323 0.210285 9.9991E-05
