9.9955E-05 0.0711331 0.0401053 9.9955E-05 0.0645041 9.9955E-05 0.823758 9.9955E-05 9.9955E-05
9.9946E-05 9.9946E-05 0.042417 9.9946E-05 9.9946E-05 9.9946E-05 0.893261 0.0637219 9.9946E-05
0.0169247 0.12104 0.0726615 9.9964E-05 0.0183431 9.9964E-05 0.770631 9.9964E-05 9.9964E-05
0.105693 0.0233327 0.0553097 9.9964E-05 0.0998444 9.9964E-05 0.71542 9.9964E-05 9.9964E-05
0.0378495 0.0397955 9.9955E-05 9.9955E-05 0.0524074 9.9955E-05 0.869448 9.9955E-05 9.9955E-05
0.0590894 0.0557151 0.0252841 0.0649068 0.095772 0.117574 0.581459 9.9982E-05 9.9982E-05
9.9964E-05 0.038644 0.0548161 9.9964E-05 0.0705264 0.163544 0.672069 9.9964E-05 9.9964E-05
0.0524918 0.0319991 0.0544058 9.9973E-05 0.141894 0.129963 0.588947 9.9973E-05 9.9973E-05
9.99639E-05 9.99639E-05 9.99639E-05 0.058151 0.0716135 0.00678549 0.823722 9.99639E-05 0.0393278
0.0288245 0.0949361 0.0813102 9.9982E-05 0.0808982 0.0930436 0.584046 0.036741 9.9982E-05
9.9955E-05 0.0481136 9.9955E-05 9.9955E-05 0.147235 0.131079 0.673073 9.9955E-05 9.9955E-05
9.9955E-05 0.155704 9.9955E-05 0.00419853 9.9955E-05 9.9955E-05 0.0295069 9.9955E-05 0.810091
0.0220639 0.484127 0.0205193 0.0218709 0.0315046 9.9982E-05 0.0168298 9.9982E-05 0.402884
0.0635067 0.0901456 9.9964E-05 9.9964E-05 9.9964E-05 9.9964E-05 0.0520895 0.0767272 0.717131
0.179979 0.114841 9.9955E-05 9.9955E-05 9.9955E-05 9.9955E-05 0.0194581 9.9955E-05 0.685222
0.0745345 0.279145 9.9973E-05 0.139731 0.0400079 9.9973E-05 0.166793 9.9973E-05 0.299488
0.0595699 0.386855 0.046969 0.0923889 0.0140328 0.0669485 0.0362282 9.9991E-05 0.296908
0.0385884 0.299313 9.9955E-05 9.9955E-05 9.9955E-05 9.9955E-05 0.10841 9.9955E-05 0.553189
9.9955E-05 9.9955E-05 0.0107954 9.9955E-05 9.9955E-05 0.0759677 0.0442968 9.9955E-05 0.86844
0.057121 0.414352 0.019183 0.0924152 9.9982E-05 9.9982E-05 0.031032 0.0749099 0.310787
0.0390354 0.48211 9.9982E-05 9.9982E-05 0.0508836 0.143482 0.0526583 0.0299889 0.201641
9.9973E-05 0.56158 9.9973E-05 0.000212285 9.9973E-05 0.0165296 0.0800032 0.0657016 0.275673
0.083855 0.212984 9.9946E-05 9.9946E-05 9.9946E-05 9.9946E-05 9.9946E-05 9.9946E-05 0.702561
0.0742551 0.451666 0.0219895 9.9964E-05 9.9964E-05 9.9964E-05 0.0275705 9.9964E-05 0.424119
0.0779433 0.0596929 9.9946E-05 9.9946E-05 9.9946E-05 9.9946E-05 9.9946E-05 9.9946E-05 0.861764
0.184401 0.0330172 9.9964E-05 9.9964E-05 9.9964E-05 0.0261031 0.0196399 9.9964E-05 0.736439
9.9973E-05 0.173298 0.0103465 9.9973E-05 0.000949278 0.010724 0.036874 9.9973E-05 0.767508
9.993E-05 9.993E-05 0.999201 9.993E-05 9.993E-05 9.993E-05 9.993E-05 9.993E-05 9.993E-05
9.993E-05 9.993E-05 0.999201 9.993E-05 9.993E-05 9.993E-05 9.993E-05 9.993E-05 9.993E-05
0.0469696 0.0933665 0.370207 0.0240224 0.00244658 9.9973E-05 0.462688 9.9973E-05 9.9973E-05
0.123272 0.0199565 0.30257 0.104179 0.0340062 9.9973E-05 0.415716 9.9973E-05 9.9973E-05
9.9982E-05 0.574213 0.0110281 0.145389 0.122189 9.9982E-05 0.0706003 0.0459415 0.0304388
0.0553096 0.390181 0.00758252 0.342322 9.9982E-05 0.0531285 0.0242687 0.127008 9.9982E-05
9.9973E-05 0.10289 9.9973E-05 0.0288286 0.0908347 0.0317951 0.0796642 9.9973E-05 0.665688
0.0838711 0.181182 0.0096449 0.667295 0.00311717 9.9982E-05 9.9982E-05 0.0283626 0.0263274
0.0309569 0.736077 9.9982E-05 0.104294 0.0394633 0.0306277 0.0312426 0.0271388 9.9982E-05
9.9973E-05 0.58652 9.9973E-05 0.0490321 0.0841602 0.165236 0.0712945 9.9973E-05 0.043457
9.9982E-05 0.584751 0.0423592 0.0613306 0.0783748 0.0701633 0.0924061 9.9982E-05 0.0704156
9.9964E-05 0.11087 0.0286273 0.577637 9.9964E-05 9.9964E-05 0.0530865 9.9964E-05 0.229379
0.00855855 0.645743 9.9982E-05 0.0653546 0.0294173 0.185944 0.0187556 9.9982E-05 0.0460278
9.9955E-05 0.314303 9.9955E-05 0.602588 9.9955E-05 0.012981 9.9955E-05 0.0696284 9.9955E-05
9.9946E-05 9.9946E-05 9.9946E-05 0.660357 9.9946E-05 0.308887 0.0301554 9.9946E-05 9.9946E-05
9.9973E-05 0.133736 0.0119841 0.238149 0.141852 9.9973E-05 9.9973E-05 0.0803545 0.393625
0.0394454 0.00727355 9.9973E-05 0.174284 9.9973E-05 0.276464 9.9973E-05 0.120631 0.381602
0.010081 0.176568 0.0201664 0.25688 0.172387 0.0996796 0.0658769 9.9991E-05 0.198261
9.9973E-05 0.546006 0.00598572 9.9973E-05 0.100403 0.156325 9.9973E-05 0.0708626 0.120117
9.9982E-05 0.399326 0.0257338 0.0412937 9.9982E-05 0.0835371 0.111022 0.0400897 0.298797
0.0311365 0.0503348 9.9991E-05 0.0334837 0.053894 0.0899981 0.161281 0.0381121 0.541659
0.0409606 0.36849 0.0200229 9.9991E-05 0.118032 0.00501193 0.0587628 0.0830312 0.305588
9.9982E-05 9.9982E-05 0.0354188 0.0877344 0.103307 0.0335944 0.0361219 0.0433591 0.660265
9.9973E-05 0.434833 0.0634333 0.00231963 0.022985 9.9973E-05 9.9973E-05 0.0459323 0.430197
0.131228 0.45252 0.00923136 0.0884309 9.9991E-05 0.0291524 0.0244641 0.17688 0.0879924
0.0376195 0.202105 0.090781 0.142829 9.9982E-05 0.0787071 9.9982E-05 0.0341357 0.413623
0.0611437 0.391835 0.0585389 0.0723618 9.9982E-05 0.0277625 9.9982E-05 0.0585326 0.329625
9.9973E-05 0.16179 0.0881421 0.119599 0.121915 0.0673584 9.9973E-05 9.9973E-05 0.440895
9.9955E-05 0.529462 0.000416444 0.415514 9.9955E-05 9.9955E-05 9.9955E-05 9.9955E-05 0.0541082
0.0182208 0.210066 0.011121 0.623438 9.9973E-05 9.9973E-05 0.0172176 9.9973E-05 0.119637
9.9937E-05 9.9937E-05 9.9937E-05 0.887579 9.9937E-05 0.111722 9.9937E-05 9.9937E-05 9.9937E-05
9.9946E-05 9.9946E-05 0.00564905 0.947056 9.9946E-05 0.046695 9.9946E-05 9.9946E-05 9.9946E-05
0.0292616 0.235189 9.9946E-05 0.73495 9.9946E-05 9.9946E-05 9.9946E-05 9.9946E-05 9.9946E-05
0.012867 0.45858 0.0594833 0.455011 9.9973E-05 9.9973E-05 0.00403071 9.9973E-05 0.00972805
0.0919488 0.359862 0.0380412 0.441081 0.0372493 9.9973E-05 9.9973E-05 9.9973E-05 0.0315182
0.0992799 9.9964E-05 9.9964E-05 0.632522 0.133519 9.9964E-05 0.0321324 9.9964E-05 0.102147
0.0123558 0.225908 0.0129424 0.472794 0.237768 9.9982E-05 0.0187042 9.9982E-05 0.0193281
9.9973E-05 0.352817 0.0493446 0.461586 0.0103217 9.9973E-05 0.00385534 9.9973E-05 0.121776
0.00827464 0.444255 0.0211091 0.310208 0.028668 0.0980133 0.059689 9.9991E-05 0.0296824
9.9964E-05 0.37235 0.0147095 0.587942 9.9964E-05 0.0182757 9.9964E-05 9.9964E-05 0.00632359
0.0249397 9.9964E-05 9.9964E-05 0.705254 9.9964E-05 0.209595 0.0052223 0.0545893 9.9964E-05
9.9964E-05 0.0853441 0.0493203 9.9964E-05 9.9964E-05 9.9964E-05 0.784176 0.0147752 0.065985
9.9946E-05 0.0863847 0.101766 9.9946E-05 9.9946E-05 9.9946E-05 0.81125 9.9946E-05 9.9946E-05
0.00479066 0.0799409 0.106067 9.9964E-05 0.0224892 9.9964E-05 0.786312 9.9964E-05 9.9964E-05
0.0424395 0.0134695 0.0796439 0.0012941 9.9973E-05 0.0371367 0.825716 9.9973E-05 9.9973E-05
0.0265089 0.116636 0.0774244 9.9955E-05 9.9955E-05 9.9955E-05 0.778931 9.9955E-05 9.9955E-05
0.0615186 9.9964E-05 0.0468521 0.0225455 0.00562381 9.9964E-05 0.86306 9.9964E-05 9.9964E-05
0.00068905 0.0604283 0.0478707 9.9964E-05 9.9964E-05 9.9964E-05 0.880584 0.0100279 9.9964E-05
9.9973E-05 0.0747414 0.00609556 0.677001 9.9973E-05 9.9973E-05 0.0140902 0.00727876 0.220493
9.9964E-05 0.43938 0.0165795 0.322483 9.9964E-05 9.9964E-05 0.023066 9.9964E-05 0.198092
9.9973E-05 0.651 0.0320114 0.203381 0.00288158 9.9973E-05 0.0399595 0.0704667 9.9973E-05
0.0318946 0.547573 0.00936736 0.165758 0.0331682 0.00233447 0.0357296 0.0799221 0.0942525
0.0703021 0.442131 9.9955E-05 0.445925 9.9955E-05 9.9955E-05 0.0411427 9.9955E-05 9.9955E-05
9.9964E-05 9.9964E-05 9.9964E-05 0.635617 0.101112 9.9964E-05 0.0629586 0.0294348 0.170477
9.9973E-05 0.361932 0.00528379 0.444307 9.9973E-05 0.140577 0.0184757 0.0291248 9.9973E-05
9.9964E-05 0.550845 9.9964E-05 0.340566 0.0248769 9.9964E-05 0.0546216 0.0286902 9.9964E-05
9.9982E-05 0.42659 0.0600104 0.27618 0.0161834 0.0160017 0.0473254 9.9982E-05 0.15751
0.0511909 0.36016 0.0301455 0.542263 0.0158401 9.9964E-05 9.9964E-05 9.9964E-05 9.9964E-05
9.9964E-05 0.423075 0.0189365 0.402144 9.9964E-05 9.9964E-05 0.0588799 9.9964E-05 0.0965651
0.0652847 0.0657824 0.00588399 0.0813891 9.9991E-05 0.0341815 0.03816 0.186135 0.523083
0.000899342 0.437299 0.000209723 0.0709517 0.160144 0.0476955 0.143938 9.9991E-05 0.138763
9.9982E-05 0.388597 0.0480715 9.9982E-05 0.0289663 0.0104038 0.0181149 0.0259341 0.479713
9.9964E-05 0.503558 9.9964E-05 0.0115042 0.0887774 0.0238302 9.9964E-05 9.9964E-05 0.371931
9.9973E-05 0.465706 9.9973E-05 0.0153267 0.205812 9.9973E-05 0.00399819 0.118464 0.190393
9.9991E-05 0.571384 0.0114553 0.000940455 0.0847523 0.0181263 0.0412151 0.0692246 0.202802
9.9955E-05 0.391589 9.9955E-05 9.9955E-05 0.206078 9.9955E-05 9.9955E-05 0.0910445 0.310789
0.0549227 0.480113 9.9955E-05 9.9955E-05 9.9955E-05 9.9955E-05 9.9955E-05 0.0860271 0.378438
0.124294 0.476471 0.0103884 0.0950536 0.102983 0.0510229 9.9982E-05 9.9982E-05 0.139587
0.0307468 0.271238 0.0237371 9.99954E-05 0.0806924 0.190602 0.0330456 0.132628 0.23721
0.109268 0.544699 0.00102 9.9991E-05 0.0600131 0.0250979 0.00484433 0.076658 0.178299
0.0112169 0.540664 0.0282495 0.0379206 0.0205344 0.0281566 0.0754396 0.0873463 0.170472
0.084641 0.169197 9.9991E-05 0.108718 0.15295 0.0201493 0.0227268 0.0367726 0.404745
0.0778698 0.062134 9.9982E-05 0.0764175 0.074597 0.219063 9.9982E-05 0.136924 0.352794
0.0676545 0.00712906 9.9982E-05 0.201657 0.182553 0.149843 9.9982E-05 0.22016 0.170805
9.9982E-05 0.219125 0.0193374 0.0164281 0.0599917 0.051308 9.9982E-05 0.000956717 0.632653
9.9964E-05 0.412551 9.9964E-05 0.0868759 0.119626 9.9964E-05 0.00649056 9.9964E-05 0.374057
9.9973E-05 0.329708 0.00839965 0.0449713 0.167364 9.9973E-05 9.9973E-05 0.0808588 0.368399
0.013005 0.252208 9.9982E-05 0.0276806 0.138905 9.9982E-05 0.0266617 0.0566831 0.484657
0.0665927 0.455644 0.0515661 0.0537364 9.9982E-05 9.9982E-05 0.0511168 0.100371 0.220773
0.0785874 0.0988462 9.9982E-05 0.0332745 0.110759 0.200283 9.9982E-05 0.0839502 0.394099
0.110858 0.478665 0.0270724 0.105355 0.0318692 0.110342 0.0448944 0.081372 0.00957236
9.9991E-05 0.0443609 0.0181771 0.0730097 0.133368 0.417349 0.0776899 0.186886 0.0490585
0.0349379 0.302013 9.9991E-05 0.13024 0.0831772 0.278913 0.0642004 0.104764 0.00165394
0.088852 0.398231 0.0216801 0.00869858 9.9991E-05 0.0902434 0.137225 0.130015 0.124955
9.9973E-05 0.36499 0.0179292 0.0597009 0.0965095 0.375953 9.9973E-05 0.0846176 9.9973E-05
9.9982E-05 0.153782 0.0417299 0.0253795 0.103133 0.426032 9.9982E-05 0.160894 0.08885
9.9973E-05 0.448461 9.9973E-05 9.9973E-05 0.069504 0.102894 0.0355102 0.228741 0.11459
0.116538 0.00873387 0.0364119 0.209059 9.9991E-05 0.293229 0.0519858 0.11304 0.170902
9.9973E-05 0.313523 9.9973E-05 0.193414 0.0885799 0.177629 9.9973E-05 0.0733062 0.153249
0.0201271 0.456116 9.9982E-05 0.064394 0.0110364 0.186448 9.9982E-05 0.0895037 0.172175
0.309862 0.113712 9.9982E-05 0.0080242 9.9982E-05 0.198521 0.232618 0.0526782 0.0843835
0.125546 9.9955E-05 0.00369739 9.9955E-05 9.9955E-05 0.350903 0.519354 9.9955E-05 9.9955E-05
0.140328 9.9955E-05 0.0162467 9.9955E-05 9.9955E-05 0.511324 0.331602 9.9955E-05 9.9955E-05
0.306832 0.0651829 0.031274 9.9973E-05 9.9973E-05 0.247977 0.284765 9.9973E-05 0.0636692
9.9955E-05 0.681554 9.9955E-05 0.075189 0.0187572 0.224 9.9955E-05 9.9955E-05 9.9955E-05
0.63661 0.324656 9.9946E-05 9.9946E-05 9.9946E-05 9.9946E-05 9.9946E-05 9.9946E-05 0.0381339
9.9964E-05 0.349712 0.0177666 0.0980555 9.9964E-05 0.348985 9.9964E-05 0.185081 9.9964E-05
9.9955E-05 0.249341 9.9955E-05 9.9955E-05 0.0577634 0.409982 9.9955E-05 0.282413 9.9955E-05
9.9964E-05 0.624017 9.9964E-05 0.0758512 9.9964E-05 0.256913 9.9964E-05 0.0291678 0.0136517
9.9973E-05 0.444787 9.9973E-05 0.0579041 0.0278347 0.243314 9.9973E-05 0.19143 0.0344299
0.00255497 0.539491 9.9982E-05 9.9982E-05 0.0178496 0.268219 0.0489698 0.084663 0.038053
9.9973E-05 0.192817 9.9973E-05 0.145413 0.0255639 0.337427 9.9973E-05 0.16509 0.133389
0.9771 0.0169008 9.9955E-05 0.00362389 9.9955E-05 0.00187538 9.9955E-05 9.9955E-05 9.9955E-05
0.844844 0.114666 9.9955E-05 9.9955E-05 0.033457 9.9955E-05 9.9955E-05 9.9955E-05 0.00653332
0.627973 0.302771 0.0265445 9.9964E-05 0.0124785 9.9964E-05 9.9964E-05 0.0298329 9.9964E-05
0.777324 0.143072 9.9955E-05 0.0492731 9.9955E-05 9.9955E-05 9.9955E-05 9.9955E-05 0.0298313
0.999201 9.993E-05 9.993E-05 9.993E-05 9.993E-05 9.993E-05 9.993E-05 9.993E-05 9.993E-05
0.952773 9.9955E-05 9.9955E-05 9.9955E-05 0.0231891 9.9955E-05 0.0166066 0.00693197 9.9955E-05
0.875467 0.109531 9.9946E-05 9.9946E-05 9.9946E-05 9.9946E-05 9.9946E-05 0.0144024 9.9946E-05
0.970565 0.00906019 9.9955E-05 9.9955E-05 0.00974353 9.9955E-05 9.9955E-05 9.9955E-05 0.0101311
0.989311 9.9937E-05 9.9937E-05 9.9937E-05 9.9937E-05 9.9937E-05 9.9937E-05 0.0099896 9.9937E-05
0.989658 9.9937E-05 0.00964237 9.9937E-05 9.9937E-05 9.9937E-05 9.9937E-05 9.9937E-05 9.9937E-05
0.771609 0.0764163 0.0522099 9.9964E-05 0.031598 9.9964E-05 9.9964E-05 9.9964E-05 0.0677669
0.821831 0.0357686 9.9982E-05 0.089476 0.00496359 0.0164877 0.0150061 0.0162675 9.9982E-05
0.974381 9.9955E-05 0.00822026 0.0143 9.9955E-05 9.9955E-05 9.9955E-05 9.9955E-05 0.00259871
0.712353 0.204194 0.0211113 0.0459048 0.0101945 9.9973E-05 0.0059428 9.9973E-05 9.9973E-05
0.864965 0.0714948 9.9955E-05 9.9955E-05 9.9955E-05 9.9955E-05 0.00566166 9.9955E-05 0.0573785
0.955622 9.9955E-05 0.023941 9.9955E-05 0.015949 9.9955E-05 0.00398863 9.9955E-05 9.9955E-05
0.847249 0.0621811 0.00206187 0.0148805 9.9973E-05 9.9973E-05 0.0633304 0.0099967 9.9973E-05
0.998108 9.9937E-05 0.00119238 9.9937E-05 9.9937E-05 9.9937E-05 9.9937E-05 9.9937E-05 9.9937E-05
0.445614 0.35876 0.0536405 0.0357739 0.0430944 9.9982E-05 0.0449589 9.9982E-05 0.0179581
0.872616 9.9955E-05 9.9955E-05 0.0960638 0.0178831 9.9955E-05 9.9955E-05 9.9955E-05 0.0129379
9.9955E-05 0.0776625 9.9955E-05 9.9955E-05 9.9955E-05 0.660903 0.244423 9.9955E-05 0.0165123
0.0556491 0.404852 0.0148225 9.9982E-05 0.0648272 0.261512 0.13271 9.9982E-05 0.0654277
0.0956337 0.437916 0.0134691 9.9982E-05 0.130754 0.246091 0.0747519 0.00118362 9.9982E-05
0.0905283 0.170182 0.0551896 9.9982E-05 0.0464785 0.483686 0.106733 0.0470016 9.9982E-05
0.0926442 0.216845 0.0313458 0.0913436 9.9982E-05 0.35187 0.197262 9.9982E-05 0.0184894
0.149152 0.401349 9.9964E-05 9.9964E-05 0.020072 0.364799 0.0642276 9.9964E-05 9.9964E-05
0.0611686 0.531609 0.0495446 9.9973E-05 0.0174962 0.23363 0.106252 9.9973E-05 9.9973E-05
0.163738 0.389826 0.028902 9.9973E-05 0.0166943 0.33603 0.064509 9.9973E-05 9.9973E-05
9.9964E-05 0.0367181 9.9964E-05 0.0213627 0.0886232 0.0509689 0.801927 9.9964E-05 9.9964E-05
0.0822672 9.9982E-05 0.0776947 0.00471364 9.9982E-05 0.00404772 0.814585 0.0141365 0.00235543
9.9964E-05 9.9964E-05 0.0653532 0.0221644 0.0395079 0.00775415 0.86482 9.9964E-05 9.9964E-05
0.0121184 0.0172908 0.0507101 0.00651176 0.0418164 9.9982E-05 0.852588 9.9982E-05 0.0187643
9.9964E-05 9.9964E-05 0.153169 9.9964E-05 0.0280523 0.0310013 0.748814 9.9964E-05 0.0385637
0.0981478 9.9955E-05 0.0150399 9.9955E-05 9.9955E-05 9.9955E-05 0.841976 0.0443367 9.9955E-05
0.0728865 0.0455656 0.0112625 9.9964E-05 0.0146521 9.9964E-05 0.855233 9.9964E-05 9.9964E-05
9.9964E-05 0.0147809 0.0227291 9.9964E-05 9.9964E-05 0.0184237 0.869075 0.074591 9.9964E-05
9.9964E-05 0.113539 0.00259344 9.9964E-05 9.9964E-05 9.9964E-05 0.852399 0.0277821 0.00328672
0.0710099 9.9955E-05 9.9955E-05 9.9955E-05 9.9955E-05 0.0261152 0.850056 9.9955E-05 0.0523195
9.9964E-05 9.9964E-05 0.0365724 0.0511967 0.0904138 9.9964E-05 0.58075 9.9964E-05 0.240667
9.9964E-05 9.9964E-05 9.9964E-05 0.00918549 0.257231 9.9964E-05 0.552361 0.0280002 0.152822
9.9973E-05 9.9973E-05 0.00592811 0.0358614 0.119423 0.0684519 0.501266 9.9973E-05 0.26877
9.9955E-05 9.9955E-05 9.9955E-05 0.0797335 0.106444 9.9955E-05 0.470834 9.9955E-05 0.342489
0.0480753 0.489231 0.0096783 0.267701 0.00217504 9.9991E-05 0.0778921 0.0326583 0.0724887
0.0221649 0.490668 9.9982E-05 0.187793 0.0337562 9.9982E-05 0.0705338 0.0107082 0.184176
0.0152266 0.260002 0.0275865 0.247827 0.132582 0.0193415 9.9991E-05 0.0290861 0.268248
0.00937417 0.132173 9.9973E-05 0.0592598 0.192781 9.9973E-05 9.9973E-05 0.0336599 0.572453
0.00390448 0.606427 9.9973E-05 0.157339 9.9973E-05 9.9973E-05 0.10244 0.0787247 0.0508648
9.9973E-05 0.614244 9.9973E-05 0.192646 0.0252415 9.9973E-05 0.0369838 0.0187673 0.111817
9.9982E-05 0.600694 0.00301785 0.261519 0.0757605 0.0191745 9.9982E-05 0.0373214 0.00231335
0.0599726 0.342152 9.9973E-05 0.501696 0.00296802 0.0387169 9.9973E-05 0.0541951 9.9973E-05
9.9982E-05 0.407109 0.00723174 0.37354 0.070963 0.0201741 9.9982E-05 0.0452357 0.0755465
9.9955E-05 9.9955E-05 9.9955E-05 0.726227 9.9955E-05 0.0650733 9.9955E-05 0.167428 0.0407713
9.9973E-05 0.250229 9.9973E-05 0.453098 0.0191298 0.168273 9.9973E-05 0.0889642 0.0200068
0.0362458 0.547704 0.0128236 0.263783 9.9991E-05 0.0115287 0.0257914 0.0842309 0.0177928
9.9964E-05 0.161372 9.9964E-05 0.535185 0.0566897 9.9964E-05 0.0488612 9.9964E-05 0.197492
9.9964E-05 0.00211914 9.9964E-05 0.0146819 0.848973 0.069327 0.0644989 9.9964E-05 9.9964E-05
0.0651065 9.9946E-05 9.9946E-05 9.9946E-05 0.910787 0.0235073 9.9946E-05 9.9946E-05 9.9946E-05
9.993E-05 9.993E-05 9.993E-05 9.993E-05 0.999201 9.993E-05 9.993E-05 9.993E-05 9.993E-05
9.9937E-05 9.9937E-05 9.9937E-05 9.9937E-05 0.948675 9.9937E-05 0.0506252 9.9937E-05 9.9937E-05
0.0256599 0.0536657 0.00694183 9.9982E-05 0.853343 0.00977082 9.9982E-05 0.0139362 0.0364826
0.0846525 0.0149579 9.9946E-05 9.9946E-05 0.89979 9.9946E-05 9.9946E-05 9.9946E-05 9.9946E-05
0.00422093 0.086102 0.055895 9.9964E-05 9.9964E-05 9.9964E-05 0.810283 0.0430988 9.9964E-05
9.9964E-05 0.102463 0.000283908 9.9964E-05 0.0523179 0.0333847 0.811151 9.9964E-05 9.9964E-05
0.0903291 0.132173 0.0575817 9.9955E-05 9.9955E-05 9.9955E-05 0.719417 9.9955E-05 9.9955E-05
0.0418243 0.144732 0.0366779 9.9964E-05 9.9964E-05 9.9964E-05 0.741245 9.9964E-05 0.035121
0.109467 0.112222 0.0128766 9.9973E-05 9.9973E-05 0.0445795 0.711567 9.9973E-05 0.00898778
9.9964E-05 9.9964E-05 9.9964E-05 0.0567506 0.502493 0.0443025 0.340074 9.9964E-05 0.0559802
9.9964E-05 9.9964E-05 9.9964E-05 0.0908391 0.366081 0.0653446 0.437107 0.0402283 9.9964E-05
0.0236723 9.9973E-05 0.00968611 0.0794919 0.494034 9.9973E-05 0.377249 9.9973E-05 0.0155664
9.993E-05 9.993E-05 0.999201 9.993E-05 9.993E-05 9.993E-05 9.993E-05 9.993E-05 9.993E-05
0.00603332 9.9973E-05 0.0393548 0.0968303 0.534422 0.0436665 0.279393 9.9973E-05 9.9973E-05
0.28429 0.367912 9.9955E-05 9.9955E-05 9.9955E-05 0.16855 0.178748 9.9955E-05 9.9955E-05
0.176797 0.616557 0.0454694 9.9964E-05 9.9964E-05 9.9964E-05 0.149397 9.9964E-05 0.0113795
0.276881 0.337007 9.9964E-05 9.9964E-05 0.0521022 0.107563 0.226046 9.9964E-05 9.9964E-05
0.335168 9.9946E-05 9.9946E-05 9.9946E-05 9.9946E-05 0.348113 0.316119 9.9946E-05 9.9946E-05
0.00025744 0.419868 9.9982E-05 0.0546774 0.0866714 0.0345036 9.9982E-05 0.0238404 0.379982
0.00253174 0.326108 9.9982E-05 0.0640068 0.0554378 0.100713 9.9982E-05 0.176782 0.274221
9.9964E-05 0.222644 0.0133908 9.9964E-05 0.106043 9.9964E-05 0.0613887 9.9964E-05 0.596133
9.9973E-05 0.410299 9.9973E-05 0.16305 0.00738245 0.0316281 9.9973E-05 0.194553 0.192787
9.9955E-05 9.9955E-05 9.9955E-05 0.158952 9.9955E-05 0.273978 9.9955E-05 0.289074 0.277496
0.02398 0.39179 0.0512143 0.0162309 0.0414427 0.0424499 0.0413617 0.186479 0.205051
9.9973E-05 0.297865 0.0410073 0.0117376 9.9973E-05 9.9973E-05 0.025571 0.0646277 0.558892
9.9955E-05 9.9955E-05 9.9955E-05 0.186732 9.9955E-05 0.228908 9.9955E-05 0.125776 0.458084
0.0227306 0.433086 0.0150371 9.9982E-05 0.117336 0.154723 9.9982E-05 0.136688 0.120199
0.00436196 0.469262 0.0381822 0.0360526 0.154535 0.0542514 0.0117104 0.0149569 0.216687
0.10157 0.426204 9.9982E-05 0.164637 0.0668565 0.0548881 0.177002 0.00864212 9.9982E-05
9.9973E-05 0.34507 9.9973E-05 0.00169704 0.0380279 0.146243 9.9973E-05 0.168837 0.299825
9.9982E-05 0.415252 9.9982E-05 0.101833 0.161435 0.0240455 0.0186167 0.167185 0.111433
0.059821 0.458991 0.00838163 0.0910169 0.0199413 0.0704719 9.9991E-05 0.166512 0.124765
0.0147891 0.521573 9.9982E-05 0.101674 0.104386 0.0303126 0.0259354 9.9982E-05 0.20113
0.0828262 0.473424 0.0470947 9.9991E-05 0.075512 0.0563059 0.0151536 0.12981 0.119774
0.0739494 0.155777 9.9946E-05 9.9946E-05 9.9946E-05 9.9946E-05 0.769674 9.9946E-05 9.9946E-05
0.00933901 0.148816 0.0248353 9.9955E-05 9.9955E-05 9.9955E-05 0.81651 9.9955E-05 9.9955E-05
9.9964E-05 0.101842 9.9964E-05 0.00966253 0.0177141 9.9964E-05 0.799016 0.0713663 9.9964E-05
0.0353576 0.0438169 9.9973E-05 0.027527 0.0745203 9.9973E-05 0.764821 0.0536575 9.9973E-05
9.9946E-05 0.178138 0.0602624 9.9946E-05 9.9946E-05 9.9946E-05 0.761 9.9946E-05 9.9946E-05
9.9964E-05 0.182019 9.9964E-05 9.9964E-05 0.103715 9.9964E-05 0.0578977 0.0265075 0.629461
0.0744094 0.557 9.9964E-05 9.9964E-05 9.9964E-05 0.0403969 9.9964E-05 0.0959513 0.231843
0.039079 0.463968 9.9973E-05 9.9973E-05 0.0829178 0.021377 0.0669858 9.9973E-05 0.325372
0.0870208 0.1297 9.9982E-05 0.0303376 0.0205236 0.124791 9.9982E-05 0.205036 0.402392
9.9955E-05 9.9955E-05 9.9955E-05 9.9955E-05 0.125305 0.019944 0.12571 9.9955E-05 0.728542
0.0124748 0.495061 0.00792112 0.0436688 0.148028 0.021759 0.0510507 0.0572563 0.16278
9.9973E-05 0.121333 0.00117171 9.9973E-05 0.206131 9.9973E-05 0.101997 0.116269 0.452799
0.0465716 0.379751 9.9982E-05 9.9982E-05 0.0208701 0.103007 0.0691523 0.166844 0.213604
9.9973E-05 0.0427396 0.02135 9.9973E-05 0.0473595 9.9973E-05 0.120389 0.135598 0.632263
0.0331609 0.131755 0.00770148 9.9982E-05 0.119883 9.9982E-05 0.0448644 0.02023 0.642205
0.0484383 0.27886 0.0406782 0.0654512 0.0315233 0.0784385 0.000800178 0.14684 0.308969
9.9964E-05 0.274097 9.9964E-05 9.9964E-05 0.107525 0.384135 9.9964E-05 0.130548 0.103295
9.9964E-05 0.579585 9.9964E-05 0.0340527 0.04003 0.286764 0.0591691 9.9964E-05 9.9964E-05
9.9964E-05 0.344113 9.9964E-05 0.0573171 0.0987377 0.3835 9.9964E-05 0.115932 9.9964E-05
9.9973E-05 0.518182 9.9973E-05 0.00666264 0.121874 0.148814 0.0456361 0.158531 9.9973E-05
9.9973E-05 0.0800085 9.9973E-05 0.188465 0.169253 0.470673 9.9973E-05 0.0845721 0.00672864
9.9973E-05 0.259711 9.9973E-05 0.124328 0.0451404 0.482623 9.9973E-05 0.074175 0.0137231
9.9982E-05 0.436168 0.0275103 0.0247704 0.0961461 0.262991 0.0120618 0.140152 9.9982E-05
9.9964E-05 0.13258 9.9964E-05 0.114097 0.14646 0.452133 9.9964E-05 0.154331 9.9964E-05
9.9955E-05 0.500808 9.9955E-05 0.0404889 9.9955E-05 0.329165 9.9955E-05 9.9955E-05 0.129039
0.0111481 0.0122538 0.0138304 0.0945698 0.107656 9.9991E-05 0.0028574 0.0596863 0.697898
0.0533943 0.151559 9.9973E-05 0.169534 0.0550953 9.9973E-05 9.9973E-05 0.184997 0.385121
0.126141 0.254243 0.00744589 0.0138231 0.0611865 9.9991E-05 0.000479884 0.117394 0.419188
0.049395 0.540198 9.9982E-05 0.00904009 0.0271769 0.0407645 0.0196019 9.9982E-05 0.313624
9.9964E-05 0.160724 0.00977117 0.187182 0.130486 9.9964E-05 9.9964E-05 9.9964E-05 0.511437
0.135272 0.348143 0.0616246 0.0823059 0.0438888 9.9982E-05 9.9982E-05 0.0182398 0.310326
0.0540887 0.388205 0.0186391 0.169768 0.190824 9.9973E-05 9.9973E-05 9.9973E-05 0.178176
0.141503 0.0675865 0.0202019 0.111558 0.0890685 9.9982E-05 9.9982E-05 0.04001 0.529872
0.144407 0.227665 9.9982E-05 0.0689591 0.193848 9.9982E-05 0.0118939 0.0519897 0.301038
0.037767 0.529093 0.0167367 0.101948 0.0072759 9.9982E-05 9.9982E-05 0.00161782 0.305362
0.00373618 0.362358 0.0597166 0.0729215 0.0929927 0.109884 9.9991E-05 0.0673577 0.230934
0.0886166 0.38075 9.9982E-05 0.0263424 0.125918 0.0339853 9.9982E-05 0.181282 0.162906
9.9973E-05 0.367144 0.0221923 9.9973E-05 0.10939 9.9973E-05 0.101144 0.030796 0.369034
0.0804324 0.431643 0.0145499 0.0411288 0.0761546 0.0191823 0.0448063 9.9991E-05 0.292003
0.0433373 0.484843 0.0382674 0.00749945 9.9982E-05 0.119771 0.29368 9.9982E-05 0.0124016
0.218361 0.476645 0.0889987 0.0700408 0.0266083 9.9982E-05 0.0693352 9.9982E-05 0.0498118
0.0677214 0.576085 0.0945991 0.061259 0.0470407 0.0865971 9.9982E-05 0.0664981 9.9982E-05
0.254017 0.326632 0.0423628 0.0589796 9.9991E-05 0.00186759 0.118217 0.0744518 0.123372
0.111783 0.306592 0.00633963 0.016372 0.0354469 0.0926685 9.9991E-05 0.102929 0.327769
0.161697 0.0153577 9.9973E-05 0.16631 9.9973E-05 0.406584 0.142842 9.9973E-05 0.106909
0.0952853 0.497254 0.0460603 9.9991E-05 0.0379578 0.184917 0.0445546 0.0221798 0.0716906
0.266731 0.274972 0.0203895 0.0217817 0.0372491 0.0383024 0.00994852 0.0884499 0.242176
0.187385 0.238432 0.0422404 0.0839052 0.0229056 0.181471 0.0989927 9.9991E-05 0.144569
0.113219 0.493032 0.0229008 9.9973E-05 9.9973E-05 0.0778647 0.118469 9.9973E-05 0.174215
0.189606 9.9955E-05 0.0303293 9.9955E-05 9.9955E-05 0.432257 0.347308 9.9955E-05 9.9955E-05
0.220526 0.452991 0.0286007 9.9973E-05 9.9973E-05 0.0650604 0.165705 9.9973E-05 0.0668176
0.136249 0.488078 0.0238767 0.110402 0.0191052 0.0401074 0.0812133 9.9991E-05 0.100868
0.0664808 0.329571 0.0230496 0.225603 0.0554334 9.9982E-05 0.069516 0.230146 9.9982E-05
9.9946E-05 9.9946E-05 9.9946E-05 0.0674769 9.9946E-05 9.9946E-05 9.9946E-05 0.761977 0.169947
9.9973E-05 9.9973E-05 9.9973E-05 0.0300414 0.0381706 0.0280393 0.0441861 0.844494 0.0147682
0.231686 0.392885 9.9973E-05 9.9973E-05 0.0119146 9.9973E-05 0.193771 0.0977244 0.0717188
0.390729 0.227222 9.9973E-05 0.00542576 9.9973E-05 0.00502604 0.104136 0.267161 9.9973E-05
0.280613 0.163259 0.0372512 9.9973E-05 9.9973E-05 0.155761 0.195178 0.167639 9.9973E-05
0.213248 0.313281 0.0438617 9.9973E-05 9.9973E-05 9.9973E-05 0.174701 0.251614 0.00299433
0.079207 0.0162905 0.0241784 9.9973E-05 9.9973E-05 0.143152 0.0496852 0.687187 9.9973E-05
0.0786938 0.121101 0.0541647 9.9973E-05 9.9973E-05 0.110177 0.0296655 0.605898 9.9973E-05
0.0740569 0.450165 0.0422174 9.9964E-05 0.0212575 9.9964E-05 9.9964E-05 0.411904 9.9964E-05
0.158206 0.35207 9.9955E-05 9.9955E-05 9.9955E-05 9.9955E-05 0.0804389 0.408785 9.9955E-05
0.0838743 0.158328 0.0274491 9.9964E-05 9.9964E-05 9.9964E-05 0.0544876 0.675461 9.9964E-05
0.0972226 0.428547 0.0152037 0.0234377 9.9982E-05 9.9982E-05 0.045128 0.261593 0.128668
0.173282 0.373449 9.9964E-05 9.9964E-05 0.0679761 9.9964E-05 0.0543864 0.330507 9.9964E-05
9.9973E-05 0.256684 0.0343595 9.9973E-05 0.0811577 9.9973E-05 0.00516899 0.537406 0.0849238
0.0310486 0.26958 0.0764747 0.00963468 9.9973E-05 9.9973E-05 9.9973E-05 0.491167 0.121795
0.0870675 0.228434 9.9973E-05 9.9973E-05 0.0574446 9.9973E-05 0.110041 0.42818 0.0885327
9.9964E-05 0.469985 9.9964E-05 0.0370602 9.9964E-05 0.116984 9.9964E-05 0.339313 0.0362584
9.9946E-05 0.215995 9.9946E-05 9.9946E-05 0.0770183 9.9946E-05 9.9946E-05 0.706387 9.9946E-05
0.0233864 0.542676 9.9973E-05 0.0667152 0.0171107 9.9973E-05 0.0816173 0.268195 9.9973E-05
9.9955E-05 0.145779 9.9955E-05 0.00739359 9.9955E-05 9.9955E-05 9.9955E-05 0.721856 0.124471
9.9964E-05 0.356416 0.0183701 9.9964E-05 0.0863357 9.9964E-05 0.0241776 0.5143 9.9964E-05
0.16172 0.434807 9.9982E-05 0.0137713 0.0475604 0.126493 0.186595 9.9982E-05 0.0288532
0.204987 0.293456 0.0252564 9.9991E-05 0.131602 0.144117 0.101116 0.0821441 0.0172216
0.128241 9.9973E-05 0.042984 9.9973E-05 0.00125964 0.0229604 0.192302 0.611953 9.9973E-05
0.146299 0.570422 0.0479366 9.9964E-05 9.9964E-05 9.9964E-05 0.0985064 0.136436 9.9964E-05
0.0999853 9.9964E-05 0.0157347 9.9964E-05 9.9964E-05 0.179707 0.356053 0.348121 9.9964E-05
0.158334 0.452636 9.9982E-05 0.00957483 9.9982E-05 0.0017958 0.0879656 0.279882 0.00961183
9.9955E-05 0.000467555 9.9955E-05 0.0859252 9.9955E-05 0.0344388 9.9955E-05 0.878669 9.9955E-05
9.9955E-05 9.9955E-05 0.0313714 0.0583273 9.9955E-05 9.9955E-05 9.9955E-05 0.890021 0.0197805
9.9964E-05 0.367671 0.045417 0.0303809 9.9964E-05 9.9964E-05 9.9964E-05 0.543492 0.0126392
9.9955E-05 0.573672 0.0618711 9.9955E-05 9.9955E-05 9.9955E-05 9.9955E-05 0.357316 0.00664148
9.99427E-05 0.376636 9.99427E-05 9.99427E-05 9.99427E-05 9.99427E-05 9.99427E-05 0.622665 9.99427E-05
9.9946E-05 0.419291 9.9946E-05 9.9946E-05 9.9946E-05 9.9946E-05 0.0983927 0.481717 9.9946E-05
9.9937E-05 0.463055 9.9937E-05 9.9937E-05 9.9937E-05 9.9937E-05 9.9937E-05 0.536245 9.9937E-05
0.0623546 0.0372305 0.0507621 0.00152041 9.9982E-05 0.00866843 0.74048 0.0987839 9.9982E-05
0.0775167 9.9991E-05 0.027942 0.0418659 0.0628419 0.0276143 0.705303 0.0511235 0.00569295
0.0444536 9.9955E-05 0.0523493 9.9955E-05 9.9955E-05 9.9955E-05 0.816482 9.9955E-05 0.0862157
9.9955E-05 0.0519423 0.113013 9.9955E-05 9.9955E-05 9.9955E-05 0.817789 0.0167564 9.9955E-05
9.9973E-05 0.407291 0.0338068 0.338357 9.9973E-05 0.0818111 0.077211 0.0612234 9.9973E-05
9.9964E-05 0.51481 0.0634266 0.353896 9.9964E-05 9.9964E-05 0.00576905 9.9964E-05 0.0616985
9.9973E-05 0.284871 9.9973E-05 0.501259 0.0838796 0.0153984 0.0751525 9.9973E-05 0.0391392
0.0507138 0.60874 9.9964E-05 0.32701 9.9964E-05 9.9964E-05 9.9964E-05 0.0048196 0.0083168
9.9964E-05 0.36566 0.0421666 0.402823 9.9964E-05 0.0793732 9.9964E-05 0.109578 9.9964E-05
0.210175 0.374295 0.0299675 0.0203787 0.0253051 0.0660899 0.209136 9.9991E-05 0.0645539
0.0245611 0.393018 9.9973E-05 0.396946 0.036058 0.090179 9.9973E-05 0.058938 9.9973E-05
9.9964E-05 0.344525 0.0239778 0.491457 0.096193 9.9964E-05 9.9964E-05 9.9964E-05 0.0434477
0.0686913 0.511555 0.0224747 0.321265 0.00928987 9.9982E-05 9.9982E-05 0.0293103 0.037214
9.9982E-05 0.41804 0.024237 0.298462 0.0307563 9.9982E-05 0.0271479 0.0898876 0.111269
0.0203797 0.452344 9.9964E-05 0.420162 9.9964E-05 9.9964E-05 0.021353 0.0853619 9.9964E-05
0.0140096 0.025352 0.0484587 0.892647 9.9964E-05 9.9964E-05 9.9964E-05 0.0191326 9.9964E-05
9.9973E-05 0.289815 0.0242393 0.569074 9.9973E-05 0.0481749 9.9973E-05 0.0108782 0.0575185
0.0270213 0.282156 9.9982E-05 0.569063 0.0178692 0.0696034 0.026327 9.9982E-05 0.0077601
9.9937E-05 9.9937E-05 9.9937E-05 0.848446 9.9937E-05 0.150854 9.9937E-05 9.9937E-05 9.9937E-05
0.0192794 0.47104 0.025233 0.298468 9.9973E-05 9.9973E-05 0.0409284 9.9973E-05 0.144751
9.9964E-05 0.0848302 9.9964E-05 0.562132 0.0251003 0.314798 9.9964E-05 0.0127399 9.9964E-05
9.9946E-05 9.9946E-05 9.9946E-05 0.826308 9.9946E-05 0.121397 9.9946E-05 0.0516961 9.9946E-05
9.9982E-05 0.535043 0.0329995 0.295927 0.0459481 0.0498882 0.0232588 0.0167354 9.9982E-05
9.9955E-05 0.203557 9.9955E-05 0.556897 9.9955E-05 9.9955E-05 0.0290394 9.9955E-05 0.210007
0.04389 0.420799 9.9982E-05 0.320992 0.011673 0.0332763 0.0398964 9.9982E-05 0.129272
0.00970345 0.518639 9.9955E-05 0.28995 9.9955E-05 9.9955E-05 9.9955E-05 9.9955E-05 0.181208
0.0485717 0.275873 0.0120367 0.020889 9.9982E-05 0.0327963 9.9982E-05 0.183713 0.425921
0.0851288 0.377405 9.9982E-05 0.297887 0.0222664 9.9982E-05 0.0211432 0.171738 0.0242308
0.00181893 0.444268 0.0442492 0.298487 0.0209764 9.9982E-05 0.0430809 9.9982E-05 0.146919
9.9955E-05 0.337291 9.9955E-05 0.588417 0.0264601 0.0473322 9.9955E-05 9.9955E-05 9.9955E-05
9.9964E-05 9.9964E-05 0.0679653 0.0211607 0.144948 9.9964E-05 0.606488 9.9964E-05 0.159038
9.9982E-05 0.042019 0.0573168 0.0481829 0.0234948 0.0183028 0.68995 9.9982E-05 0.120534
9.9973E-05 9.9973E-05 0.131226 0.0309373 0.0810335 0.020477 0.668458 9.9973E-05 0.0675681
9.9973E-05 9.9973E-05 0.0772723 0.0228407 0.11567 0.0451184 0.70544 0.0333582 9.9973E-05
9.9973E-05 0.0259805 0.089533 9.9973E-05 0.164714 0.0802067 0.587775 9.9973E-05 0.05149
9.9964E-05 0.108615 9.9964E-05 0.688976 0.0281319 9.9964E-05 0.0610361 9.9964E-05 0.112842
9.9964E-05 0.197457 0.00918246 0.54331 9.9964E-05 9.9964E-05 0.0355066 9.9964E-05 0.214143
0.0386813 0.152285 9.9955E-05 0.755379 9.9955E-05 9.9955E-05 9.9955E-05 0.0531549 9.9955E-05
0.0401046 0.292175 0.0167736 0.576418 0.00371256 0.0353458 9.9991E-05 0.0255863 0.00978374
0.0106635 0.645373 0.0341938 0.226389 9.9982E-05 0.0485501 0.0203436 0.0142871 9.9982E-05
9.9955E-05 0.391879 9.9955E-05 0.486581 9.9955E-05 9.9955E-05 0.0962206 0.0248189 9.9955E-05
0.0195435 0.534894 9.9973E-05 0.343033 0.0373559 9.9973E-05 0.0383572 9.9973E-05 0.0265161
0.027761 0.215078 9.9991E-05 0.582859 0.0666101 0.0055092 0.0257237 0.010959 0.0653995
9.9964E-05 0.379811 0.0288126 0.533903 9.9964E-05 9.9964E-05 0.0239131 9.9964E-05 0.0331604
9.9955E-05 0.318993 9.9955E-05 0.460312 0.0594765 9.9955E-05 9.9955E-05 9.9955E-05 0.160719
9.9964E-05 0.658645 9.9964E-05 9.9964E-05 0.107832 0.11939 0.0923319 9.9964E-05 0.021402
9.9955E-05 0.372804 9.9955E-05 0.476896 0.0774306 9.9955E-05 0.0723693 9.9955E-05 9.9955E-05
0.0112454 0.41685 9.9964E-05 0.42513 9.9964E-05 9.9964E-05 0.0327129 9.9964E-05 0.113663
0.411488 0.410857 0.0176162 9.9973E-05 9.9973E-05 0.0440717 0.0857674 0.0299004 9.9973E-05
0.418994 0.283579 0.0822186 9.9973E-05 9.9973E-05 0.0939189 0.109075 9.9973E-05 0.0119141
0.0414909 0.488149 9.9964E-05 0.250661 9.9964E-05 0.14486 0.0744389 9.9964E-05 9.9964E-05
0.569653 0.102988 0.0152626 9.9964E-05 9.9964E-05 0.107178 0.204518 9.9964E-05 9.9964E-05
0.441914 0.284588 0.0501477 0.0263643 9.9973E-05 9.9973E-05 0.147589 0.0490975 9.9973E-05
0.185054 0.371221 9.9982E-05 0.0632849 0.0488241 0.131625 0.109784 0.0900065 9.9982E-05
9.9973E-05 0.606863 0.0257685 9.9973E-05 0.00171189 0.240237 0.117777 9.9973E-05 0.00734187
9.9973E-05 0.48333 0.0353666 9.9973E-05 0.132768 0.193618 0.062643 0.0919744 9.9973E-05
0.478055 0.289443 0.0558905 9.9964E-05 9.9964E-05 0.0746065 0.101605 9.9964E-05 9.9964E-05
0.361058 0.504335 0.0301835 9.9955E-05 9.9955E-05 9.9955E-05 0.103924 9.9955E-05 9.9955E-05
0.384529 0.346729 9.9964E-05 9.9964E-05 9.9964E-05 0.0195881 0.208153 0.0406006 9.9964E-05
0.463035 0.280795 0.0311001 0.0255091 9.9982E-05 0.0727026 0.0983129 0.0283453 9.9982E-05
0.0673648 0.547961 0.0392964 0.0438297 0.0187164 0.269343 0.0132885 9.9982E-05 9.9982E-05
0.593417 0.160118 0.0249066 0.013183 9.9973E-05 0.0428324 0.165243 9.9973E-05 9.9973E-05
9.9973E-05 0.21905 0.024021 9.9973E-05 0.128018 0.301127 0.079205 9.9973E-05 0.248279
0.00254308 0.644774 0.000657543 9.9964E-05 9.9964E-05 0.248236 9.9964E-05 9.9964E-05 0.103389
0.103187 0.520328 0.0517348 9.9982E-05 0.0836095 0.152756 0.0580648 9.9982E-05 0.0301192
9.9982E-05 0.432629 0.000379595 0.0913853 0.0899572 0.166328 0.147039 9.9982E-05 0.072082
0.234755 0.373172 0.0883924 0.0972174 0.0531009 0.0495372 0.100126 0.00359882 9.9991E-05
0.273467 0.317658 0.000579857 9.9982E-05 9.9982E-05 0.023041 0.223098 0.0934351 0.0685206
0.504259 0.252974 9.9955E-05 9.9955E-05 9.9955E-05 9.9955E-05 0.223525 0.0187427 9.9955E-05
9.9973E-05 0.456941 0.0655261 0.0528595 9.9973E-05 0.192078 0.0484043 9.9973E-05 0.183891
0.0253585 0.242194 0.0220249 9.9982E-05 0.112206 0.563399 0.023811 0.0108068 9.9982E-05
9.9982E-05 0.395526 0.00386218 9.9982E-05 0.0245176 0.123171 0.133185 0.0378725 0.281666
0.0801805 0.478941 0.0687526 9.9982E-05 9.9982E-05 0.114231 0.161743 0.0606241 0.0353289
0.168706 9.9955E-05 9.9955E-05 9.9955E-05 9.9955E-05 0.631364 0.179794 9.9955E-05 0.0196365
0.0891938 9.99549E-05 0.0288249 9.99549E-05 9.99549E-05 0.727586 0.153896 9.99549E-05 9.99549E-05
0.106508 0.280236 0.0148679 9.9982E-05 0.109684 0.374899 0.0154097 9.9982E-05 0.0981951
0.133075 0.0384565 0.0230478 0.0566976 9.9982E-05 0.462184 0.239088 9.9982E-05 0.0472513
0.209016 9.9946E-05 9.9946E-05 9.9946E-05 9.9946E-05 0.478007 0.312377 9.9946E-05 9.9946E-05
0.077925 0.321834 0.0450281 0.0293382 0.00761239 0.239019 0.0946507 0.0765286 0.108064
0.176162 0.269225 0.0547067 9.9982E-05 9.9982E-05 0.182535 0.148803 0.0311724 0.137196
0.185725 0.248322 9.9973E-05 9.9973E-05 0.0298863 0.289253 0.21524 9.9973E-05 0.0312729
0.10955 0.0943504 0.0512547 9.9973E-05 9.9973E-05 0.554712 0.187892 9.9973E-05 0.00194191
0.0615052 0.442346 0.02563 9.9991E-05 0.0289249 0.219755 0.13793 0.0122938 0.0715144
0.102344 0.172038 0.0153836 0.0231397 9.9982E-05 0.490276 0.132783 9.9982E-05 0.0638345
9.9946E-05 9.9946E-05 0.0625866 9.9946E-05 9.9946E-05 0.680208 0.256606 9.9946E-05 9.9946E-05
0.225918 0.332563 0.0359726 0.0369747 9.99769E-05 0.266702 0.10157 9.99769E-05 9.99769E-05
0.155833 0.328216 0.035698 0.0691008 0.0204905 0.0266986 0.236741 9.9991E-05 0.127122
0.253497 0.430231 0.000954698 9.9982E-05 9.9982E-05 0.115568 0.0946655 0.0311573 0.0737265
0.330631 0.28421 9.9991E-05 0.118656 0.00413092 0.0207848 0.115426 0.0652417 0.0608188
0.125593 0.418624 0.0296528 9.9973E-05 9.9973E-05 0.0561131 0.326534 9.9973E-05 0.0431829
0.15252 0.508237 0.0119469 9.9982E-05 9.9982E-05 0.0380151 0.197061 0.0342092 0.0578111
0.198584 0.429387 0.055006 0.0525034 0.0310867 0.0167458 0.216486 9.9982E-05 9.9982E-05
0.229258 0.292386 0.0631622 9.9991E-05 0.0589501 0.0969747 0.17082 0.0136571 0.0746918
0.176698 0.123669 0.00929428 0.344889 0.0397095 9.9982E-05 0.128012 9.9982E-05 0.177527
0.135228 0.454472 0.0117865 9.9973E-05 9.9973E-05 0.0759285 0.288052 9.9973E-05 0.0342324
0.229219 0.152085 0.00567905 0.0140687 9.9991E-05 0.171011 0.343122 0.026149 0.0585666
0.305772 0.179125 0.0825556 0.0488253 9.9982E-05 0.0947341 0.227959 0.0608287 9.9982E-05
9.99639E-05 9.99639E-05 0.0294042 0.0517072 0.145054 9.99639E-05 0.75958 0.0138546 9.99639E-05
0.00319502 0.0597947 9.9982E-05 0.0411454 0.549437 9.9982E-05 0.0798091 0.0557658 0.210654
9.9946E-05 9.9946E-05 9.9946E-05 0.0376302 0.736901 9.9946E-05 9.9946E-05 9.9946E-05 0.224869
9.9946E-05 9.9946E-05 0.0308574 9.9946E-05 0.71683 9.9946E-05 9.9946E-05 9.9946E-05 0.251713
9.9946E-05 9.9946E-05 9.9946E-05 9.9946E-05 0.625534 9.9946E-05 0.00429434 9.9946E-05 0.369572
0.0313918 0.0352843 0.0268719 9.9964E-05 0.766518 9.9964E-05 9.9964E-05 9.9964E-05 0.139534
9.9964E-05 0.126392 0.0013164 0.00484196 0.813942 9.9964E-05 9.9964E-05 9.9964E-05 0.0531072
9.9955E-05 9.9955E-05 0.00973208 9.9955E-05 0.741175 9.9955E-05 0.0183027 9.9955E-05 0.230291
9.9955E-05 9.9955E-05 0.00971983 9.9955E-05 0.654378 9.9955E-05 0.185977 9.9955E-05 0.149426
9.9973E-05 0.0733559 0.0527723 0.0410185 9.9973E-05 0.0446059 0.787541 9.9973E-05 0.000406865
9.9964E-05 0.0905139 0.102017 9.9964E-05 0.1155 9.9964E-05 0.688063 9.9964E-05 0.00350559
0.0785592 9.9964E-05 0.121986 9.9964E-05 0.0414527 0.0180038 0.739598 9.9964E-05 9.9964E-05
0.0292307 9.9964E-05 0.0527411 9.9964E-05 9.9964E-05 9.9964E-05 0.746223 0.00789114 0.163514
0.0192558 0.0561422 9.9955E-05 9.9955E-05 0.0169675 9.9955E-05 0.907135 9.9955E-05 9.9955E-05
0.0451531 0.0177095 9.9973E-05 9.9973E-05 0.0580341 9.9973E-05 0.855581 0.0124592 0.0107632
0.112699 0.0627554 0.043926 9.9982E-05 9.9982E-05 0.00264137 0.695967 0.0123986 0.0694121
0.0522833 0.0805113 0.0238029 0.0158046 9.9973E-05 9.9973E-05 0.822738 9.9973E-05 0.00456039
0.0722225 9.9991E-05 0.06822 0.0521178 0.061644 0.0550375 0.639672 0.0203476 0.0306388
0.0808758 9.9964E-05 0.027577 9.9964E-05 9.9964E-05 0.00520537 0.873434 0.0125082 9.9964E-05
9.9964E-05 9.9964E-05 0.0473315 0.00573884 0.0139776 9.9964E-05 0.886563 0.0459892 9.9964E-05
0.0639098 9.9982E-05 0.0557103 0.00635902 9.9982E-05 0.00867518 0.765964 0.0908084 0.00837387
0.0155553 9.9955E-05 0.0150717 9.9955E-05 0.0308386 9.9955E-05 0.938035 9.9955E-05 9.9955E-05
9.9982E-05 0.0620325 0.0828797 9.9982E-05 0.000846175 0.0271296 0.819312 0.00587634 0.0017235
0.0679041 0.0608594 0.0836108 9.9973E-05 0.0126526 9.9973E-05 0.770752 9.9973E-05 0.00392159
0.0458956 0.117616 0.0883531 9.9955E-05 9.9955E-05 9.9955E-05 0.747635 9.9955E-05 9.9955E-05
0.116654 0.140897 9.9946E-05 9.9946E-05 9.9946E-05 9.9946E-05 0.741849 9.9946E-05 9.9946E-05
0.00697863 0.190444 0.0641863 9.9955E-05 9.9955E-05 9.9955E-05 0.737891 9.9955E-05 9.9955E-05
0.0747821 0.107636 0.0812816 9.9955E-05 9.9955E-05 9.9955E-05 0.7358 9.9955E-05 9.9955E-05
9.9982E-05 0.440639 0.0286399 0.0767219 0.0355069 0.274707 0.102973 9.9982E-05 0.0406118
9.9964E-05 0.714664 9.9964E-05 0.066122 0.0396564 0.0987249 0.0804328 9.9964E-05 9.9964E-05
9.9964E-05 0.202148 9.9964E-05 0.0951594 0.0368026 0.630141 9.9964E-05 0.0353491 9.9964E-05
9.9964E-05 0.58056 9.9964E-05 9.9964E-05 0.146774 0.198483 0.0381118 9.9964E-05 0.035671
9.9955E-05 0.25334 0.00431486 9.9955E-05 0.058419 0.683426 9.9955E-05 9.9955E-05 9.9955E-05
0.00753022 0.665087 9.9964E-05 9.9964E-05 0.00453064 0.219643 0.102809 9.9964E-05 9.9964E-05
9.9973E-05 0.467292 9.9973E-05 0.0343289 0.163377 0.297988 0.0176664 9.9973E-05 0.0190475
9.9964E-05 0.580736 9.9964E-05 9.9964E-05 0.0475762 0.217124 0.0726927 9.9964E-05 0.0814707
9.9973E-05 0.420443 9.9973E-05 0.298736 0.0347965 9.9973E-05 0.10354 0.0409586 0.101226
