0.026016 0.0774863 9.9964E-05 0.0864751 0.0358869 9.9964E-05 0.773736 9.9964E-05 9.9964E-05
0.00519798 0.0616121 9.9964E-05 9.9964E-05 9.9964E-05 0.0683822 0.857503 9.9964E-05 0.0069052
0.020053 0.0637546 0.0843903 9.9973E-05 0.0507884 9.9973E-05 0.749648 9.9973E-05 0.0310655
0.0542282 0.0192142 0.0537837 0.0593825 0.0472527 9.9973E-05 0.765839 9.9973E-05 9.9973E-05
0.035637 9.9955E-05 0.107009 9.9955E-05 9.9955E-05 0.00387213 0.852982 9.9955E-05 9.9955E-05
0.11534 0.0410889 0.0433609 9.9982E-05 0.0927121 9.9982E-05 0.523248 0.123627 0.0604231
0.0713922 0.06481 9.9964E-05 9.9964E-05 0.0170256 9.9964E-05 0.715812 0.13056 9.9964E-05
0.134864 0.0160985 0.0192022 9.9991E-05 0.0388115 0.00105395 0.666862 0.108611 0.0143963
0.048706 9.99639E-05 9.99639E-05 0.0832404 9.99639E-05 9.99639E-05 0.806704 0.0439678 0.0169818
0.131231 0.0319344 0.0490038 9.9982E-05 0.149554 0.00619195 0.519161 0.112724 9.9982E-05
0.159096 0.00794391 0.0184833 9.9973E-05 9.9973E-05 0.0479166 0.671781 0.0944793 9.9973E-05
9.9955E-05 9.9955E-05 0.0533415 0.760053 0.0865288 9.9955E-05 9.9955E-05 9.9955E-05 0.0995765
0.0151393 0.0579717 0.361305 0.467552 0.0878108 0.00992038 9.9973E-05 9.9973E-05 9.9973E-05
9.9973E-05 0.0456286 0.159011 0.694206 0.00847144 0.0744097 0.0179735 9.9973E-05 9.9973E-05
9.9955E-05 9.9955E-05 0.152776 0.657008 0.148876 9.9955E-05 0.0408405 9.9955E-05 9.9955E-05
9.9964E-05 9.9964E-05 0.294093 0.403753 0.100282 9.9964E-05 0.142648 0.058825 9.9964E-05
0.0190506 0.0219409 0.324957 0.358036 0.0948381 9.9982E-05 9.9982E-05 0.0809509 0.100027
9.9964E-05 0.00954921 0.239826 0.590508 0.0871027 9.9964E-05 0.0726139 9.9964E-05 9.9964E-05
0.00736072 0.0137097 9.9991E-05 0.891664 0.00656411 0.00091714 0.0210254 0.0538486 0.00481036
0.0610469 9.9982E-05 0.322852 0.344995 0.120622 0.0646105 9.9982E-05 0.0265914 0.059082
9.9973E-05 0.0267835 0.366962 0.28932 0.0895653 9.9973E-05 9.9973E-05 0.135038 0.0920314
0.0357721 9.9982E-05 0.575696 0.144421 9.9982E-05 0.0847128 0.118265 0.00508143 0.0358514
9.9973E-05 0.0313624 0.198505 0.667283 0.0808758 9.9973E-05 0.00885967 0.0128143 9.9973E-05
0.0308823 0.0101712 0.415538 0.322398 0.0814879 9.9991E-05 0.0115296 0.0653691 0.0625234
9.9964E-05 0.014956 0.0807758 0.792699 0.0998382 9.9964E-05 0.0113308 9.9964E-05 9.9964E-05
9.9964E-05 9.9964E-05 0.075607 0.71376 0.182558 9.9964E-05 0.00544367 0.0222311 9.9964E-05
0.014059 9.9982E-05 0.131274 0.724478 0.0122006 9.9982E-05 0.0598892 0.00853257 0.0493667
9.993E-05 0.999201 9.993E-05 9.993E-05 9.993E-05 9.993E-05 9.993E-05 9.993E-05 9.993E-05
9.993E-05 0.999201 9.993E-05 9.993E-05 9.993E-05 9.993E-05 9.993E-05 9.993E-05 9.993E-05
9.9955E-05 0.351676 0.165583 9.9955E-05 9.9955E-05 9.9955E-05 0.475023 9.9955E-05 0.00721913
9.9964E-05 0.229346 0.0827627 9.9964E-05 0.073714 9.9964E-05 0.544888 9.9964E-05 0.068889
0.0464677 0.0152286 0.565821 0.121755 9.9982E-05 0.0587261 0.0673446 9.9982E-05 0.124457
9.9973E-05 9.9973E-05 0.450257 0.0131249 0.100344 9.9973E-05 0.0207567 0.028013 0.387204
0.0827911 9.9955E-05 0.1097 0.697156 9.9955E-05 9.9955E-05 0.109853 9.9955E-05 9.9955E-05
9.999E-05 0.0132697 0.317712 0.030458 0.0198542 0.0115462 0.0382269 0.0758447 0.492988
0.0354992 9.9973E-05 0.698966 0.00606352 9.9973E-05 9.9973E-05 0.101054 0.0178188 0.140299
0.0306828 0.0223835 0.60063 0.11904 9.9982E-05 9.9982E-05 0.0564226 0.152389 0.0182508
0.0205718 0.0442311 0.61963 0.0654838 0.0276142 9.9991E-05 0.0986147 0.0878577 0.0358964
9.9955E-05 0.0419431 0.125104 0.226595 9.9955E-05 9.9955E-05 9.9955E-05 9.9955E-05 0.605858
9.9973E-05 9.9973E-05 0.625277 0.0966305 0.01211 9.9973E-05 0.00850567 0.157899 0.0992782
9.9946E-05 9.9946E-05 0.362356 9.9946E-05 9.9946E-05 0.0703527 9.9946E-05 9.9946E-05 0.566692
9.9955E-05 9.9955E-05 9.9955E-05 9.9955E-05 9.9955E-05 0.0569411 0.0400844 0.27503 0.627445
0.151927 0.0153089 0.083768 0.436989 9.9973E-05 9.9973E-05 9.9973E-05 0.109415 0.202293
9.9973E-05 0.011726 9.9973E-05 0.441186 0.0448221 0.163568 9.9973E-05 0.254084 0.0843135
0.100804 0.0129372 0.147053 0.380603 9.9982E-05 0.010478 0.100043 9.9982E-05 0.247882
0.10265 0.0168908 0.483131 0.202183 0.0455202 0.111336 9.9982E-05 0.0380889 9.9982E-05
0.0272932 0.0470699 0.332601 0.223876 0.00679479 0.146925 0.131761 9.9991E-05 0.0835798
0.098692 9.9982E-05 0.00625056 0.479691 0.0574017 9.9982E-05 0.17783 0.131978 0.0479566
0.0949061 9.9991E-05 0.310784 0.262343 0.134349 0.106209 0.0236546 0.033081 0.0345741
0.123484 0.0416973 9.9964E-05 0.686065 9.9964E-05 9.9964E-05 9.9964E-05 0.115321 0.0330327
9.9982E-05 0.043867 0.425872 0.403895 0.0424445 0.0259284 9.9982E-05 0.0107769 0.0470167
0.00991702 0.0237548 0.570909 0.0410699 0.115462 0.105359 0.0378712 0.0955574 9.9991E-05
9.999E-05 0.0242922 0.195127 0.434081 0.0402686 0.101114 0.0270996 0.0852857 0.0926317
0.0848396 0.0416394 0.353054 0.244209 0.0177842 9.9982E-05 9.9982E-05 0.0848073 0.173467
0.0634678 0.0595952 0.186778 0.500374 9.9982E-05 0.105727 9.9982E-05 0.0323258 0.0515319
0.126118 9.9946E-05 0.495516 9.9946E-05 9.9946E-05 9.9946E-05 9.9946E-05 9.9946E-05 0.377767
9.9955E-05 0.0158378 0.182044 0.150837 9.9955E-05 9.9955E-05 9.9955E-05 9.9955E-05 0.650781
0.00753304 9.9946E-05 9.9946E-05 9.9946E-05 9.9946E-05 9.9946E-05 9.9946E-05 0.0744418 0.917426
9.9946E-05 9.9946E-05 9.9946E-05 0.126899 9.9946E-05 9.9946E-05 9.9946E-05 0.0132739 0.859228
9.99371E-05 9.99371E-05 0.234956 9.99371E-05 9.99371E-05 9.99371E-05 9.99371E-05 9.99371E-05 0.764345
0.0404996 0.0492194 0.332274 0.0274863 0.0936155 9.9973E-05 9.9973E-05 9.9973E-05 0.456605
9.9982E-05 0.0185728 0.352443 0.0554789 0.0446792 9.9982E-05 0.00167887 0.0410149 0.485933
0.0863676 9.9973E-05 0.0958908 0.0497603 0.0408546 9.9973E-05 0.0334327 9.9973E-05 0.693394
0.166597 9.9955E-05 0.203871 9.9955E-05 9.9955E-05 9.9955E-05 0.0525692 9.9955E-05 0.576463
9.9973E-05 0.0270499 0.320298 0.128966 0.0338594 9.9973E-05 0.0285171 9.9973E-05 0.461009
0.0166155 0.0342178 0.38109 0.0408179 9.9982E-05 9.9982E-05 0.0341711 0.0389524 0.453936
9.9955E-05 9.9955E-05 0.43259 9.9955E-05 9.9955E-05 9.9955E-05 0.0286681 0.00412313 0.534119
0.00507514 9.9973E-05 9.9973E-05 0.0336542 0.00625867 0.0606008 9.9973E-05 0.215841 0.67827
0.0204521 0.0561294 0.115766 0.0453905 9.9964E-05 9.9964E-05 0.761862 9.9964E-05 9.9964E-05
9.9946E-05 0.137549 0.0785547 9.9946E-05 9.9946E-05 9.9946E-05 0.783297 9.9946E-05 9.9946E-05
9.9955E-05 0.122078 0.0919226 9.9955E-05 0.0351304 9.9955E-05 0.750369 9.9955E-05 9.9955E-05
9.9973E-05 0.0966597 0.0377223 9.9973E-05 0.014885 9.9973E-05 0.815393 0.0207329 0.0143071
9.9973E-05 0.0894376 0.0489353 9.9973E-05 0.0234287 0.0127995 0.79593 9.9973E-05 0.0291688
0.0329799 0.0748865 0.014887 9.9973E-05 0.0727136 9.9973E-05 0.791196 9.9973E-05 0.0130372
9.9964E-05 0.0341888 0.0634348 9.9964E-05 0.000480988 9.9964E-05 0.90058 0.000915455 9.9964E-05
9.9964E-05 9.9964E-05 0.0668343 0.171744 9.9964E-05 0.106855 0.0150205 9.9964E-05 0.639146
0.0382287 0.0339472 0.381895 0.183431 9.9964E-05 9.9964E-05 9.9964E-05 9.9964E-05 0.362098
0.0526258 9.9973E-05 0.540322 9.9973E-05 0.0571752 0.00960444 0.0426659 9.9973E-05 0.297307
9.9982E-05 0.0322754 0.501288 0.0178741 9.9982E-05 0.117611 0.111895 0.00449243 0.214364
9.9955E-05 0.0309638 0.356474 9.9955E-05 0.132208 9.9955E-05 9.9955E-05 9.9955E-05 0.479855
0.0224393 9.9955E-05 9.9955E-05 0.218482 9.9955E-05 9.9955E-05 0.0255681 9.9955E-05 0.733011
9.9955E-05 9.9955E-05 0.355646 0.0570806 9.9955E-05 9.9955E-05 9.9955E-05 0.11452 0.472254
9.9964E-05 0.00379527 0.588683 9.9964E-05 9.9964E-05 0.0979332 9.9964E-05 0.0278063 0.281382
0.0166455 0.0466787 0.412721 0.072735 9.9982E-05 0.00461508 0.04641 9.9982E-05 0.399994
0.0434637 9.9964E-05 0.293875 9.9964E-05 0.0812382 0.034849 9.9964E-05 9.9964E-05 0.546175
0.00493069 0.0238256 0.389006 0.0537596 9.9973E-05 9.9973E-05 0.0685381 9.9973E-05 0.45964
9.9973E-05 0.0169438 0.224919 0.433085 9.9973E-05 0.252262 0.00905358 0.0634368 9.9973E-05
0.189103 0.0821298 0.418421 0.210047 0.0217658 9.9973E-05 0.0782332 9.9973E-05 9.9973E-05
9.9964E-05 0.0320288 0.4797 0.405977 9.9964E-05 9.9964E-05 0.0477794 0.0341151 9.9964E-05
0.0624439 0.0488814 0.56697 0.172866 0.0494773 9.9982E-05 9.9982E-05 0.0927291 0.00643217
0.0574264 9.9973E-05 0.387284 0.443449 0.0340544 0.042042 0.0354439 9.9973E-05 9.9973E-05
9.9982E-05 0.0294049 0.524284 0.194672 9.9982E-05 0.0597807 0.105416 0.0115017 0.0747402
0.110735 0.0143386 0.517174 0.272437 9.9964E-05 0.0849156 9.9964E-05 9.9964E-05 9.9964E-05
0.0421947 9.9973E-05 0.508227 0.31433 0.0550826 0.0646453 9.9973E-05 9.9973E-05 0.0152204
0.0694304 9.9991E-05 0.516073 0.240339 0.0211797 0.0786057 0.0167154 0.0273635 0.0301929
0.0874934 0.0441917 0.242884 0.275111 0.0144617 0.149876 0.0727461 0.113136 9.9991E-05
0.0407614 9.9964E-05 0.667998 0.231971 9.9964E-05 0.0509439 0.00792545 9.9964E-05 9.9964E-05
0.0380547 9.9982E-05 0.598396 0.135575 0.048708 0.105332 0.0097932 0.0639404 9.9982E-05
0.112103 9.9973E-05 0.216933 0.457228 9.9973E-05 0.0706932 0.0611345 9.9973E-05 0.0816078
0.0834515 0.0261325 0.0090454 0.479782 0.0532747 0.156355 9.9991E-05 0.127876 0.0639829
0.148829 9.9982E-05 0.0916421 0.190033 0.015672 0.201441 9.9982E-05 0.190782 0.161402
0.0627054 9.9973E-05 0.202647 0.592694 9.9973E-05 0.0111289 0.0671567 9.9973E-05 0.0633684
0.0784375 9.9973E-05 0.422735 0.371636 9.9973E-05 0.0107488 0.0272159 9.9973E-05 0.0889268
0.149718 0.0272783 0.292519 0.401404 9.9973E-05 9.9973E-05 0.0137087 9.9973E-05 0.115072
0.11433 9.9955E-05 0.30177 0.526762 9.9955E-05 9.9955E-05 9.9955E-05 9.9955E-05 0.0566379
0.0170467 0.0181073 0.505567 0.286304 0.0592356 9.9982E-05 0.0910493 9.9982E-05 0.0224898
0.125681 9.9973E-05 0.176145 0.371821 0.068009 9.9973E-05 9.9973E-05 0.156017 0.102027
0.0620497 0.0216544 0.451924 0.0478319 0.0751535 0.101727 0.0425157 0.133015 0.0641285
0.13012 9.9982E-05 0.083642 0.0770187 9.9982E-05 0.186256 0.0960698 0.38501 0.0416837
9.9991E-05 0.00872131 0.337957 0.105914 0.0336637 0.0990889 0.0367227 0.214833 0.163
0.00425868 0.00497453 0.490145 0.0460862 0.0773918 0.0124809 0.11947 0.104838 0.140354
0.0284788 9.9973E-05 0.27719 0.0445378 9.9973E-05 9.9973E-05 0.0979894 0.365571 0.185933
0.0886726 0.0331584 0.159247 0.114201 9.9991E-05 0.229525 0.0298148 0.317193 0.0280886
0.09749 0.0191834 0.446508 0.0540669 9.9982E-05 0.16563 9.9982E-05 0.155163 0.0617585
9.9982E-05 0.00108112 9.9982E-05 0.213979 0.151484 0.109182 0.0442241 0.278886 0.200964
0.0314089 9.9973E-05 0.389706 0.178475 9.9973E-05 0.0131727 9.9973E-05 0.240753 0.146184
0.0500532 0.00511206 0.524549 0.12519 9.9982E-05 0.101783 9.9982E-05 0.164442 0.0286701
9.9973E-05 0.0192495 0.145535 0.0697255 0.210922 9.9973E-05 0.289061 0.265208 9.9973E-05
9.9946E-05 9.9946E-05 9.9946E-05 9.9946E-05 0.0926924 9.9946E-05 0.480322 0.426386 9.9946E-05
9.9955E-05 0.0273861 9.9955E-05 9.9955E-05 0.121415 9.9955E-05 0.323959 0.526741 9.9955E-05
9.9964E-05 9.9964E-05 0.0793972 0.037385 0.287804 9.9964E-05 0.381487 0.213527 9.9964E-05
9.9955E-05 9.9955E-05 0.642632 9.9955E-05 9.9955E-05 0.0102996 9.9955E-05 0.272655 0.0739137
9.9964E-05 0.0382339 0.280156 0.029529 0.621861 9.9964E-05 9.9964E-05 9.9964E-05 0.02982
9.9973E-05 0.00829473 0.331591 0.0337904 9.9973E-05 0.233527 9.9973E-05 0.315047 0.0774504
9.9955E-05 9.9955E-05 0.241148 9.9955E-05 9.9955E-05 0.22986 9.9955E-05 0.480368 0.0481243
0.038841 9.9964E-05 0.57611 9.9964E-05 0.0311018 9.9964E-05 9.9964E-05 0.234125 0.119423
9.9964E-05 0.00071112 0.494594 0.0486015 9.9964E-05 0.138545 9.9964E-05 0.317148 9.9964E-05
9.9946E-05 9.9946E-05 0.634809 9.9946E-05 9.9946E-05 0.0419539 9.9946E-05 0.322637 9.9946E-05
9.9964E-05 9.9964E-05 0.18722 0.180612 9.9964E-05 0.111461 9.9964E-05 0.503425 0.016882
9.9946E-05 9.9946E-05 9.9946E-05 9.9946E-05 0.976876 0.00958389 9.9946E-05 9.9946E-05 0.0129406
0.0226238 0.00495898 0.0998522 0.0320173 0.839062 0.00118547 9.9973E-05 9.9973E-05 9.9973E-05
0.0541627 0.00617382 0.246159 9.9964E-05 0.684846 0.00825859 9.9964E-05 9.9964E-05 9.9964E-05
9.9955E-05 9.9955E-05 0.151997 0.0139617 0.752221 9.9955E-05 9.9955E-05 9.9955E-05 0.0813202
0.00165866 9.9937E-05 9.9937E-05 9.9937E-05 0.997642 9.9937E-05 9.9937E-05 9.9937E-05 9.9937E-05
0.0828761 9.9946E-05 9.9946E-05 9.9946E-05 0.908848 9.9946E-05 9.9946E-05 0.00767598 9.9946E-05
9.9955E-05 9.9955E-05 0.128094 0.0253244 0.8254 9.9955E-05 9.9955E-05 9.9955E-05 0.020682
0.00515447 9.9946E-05 9.9946E-05 9.9946E-05 0.944781 9.9946E-05 9.9946E-05 9.9946E-05 0.0494644
9.993E-05 9.993E-05 9.993E-05 9.993E-05 0.999201 9.993E-05 9.993E-05 9.993E-05 9.993E-05
9.993E-05 9.993E-05 9.993E-05 9.993E-05 0.999201 9.993E-05 9.993E-05 9.993E-05 9.993E-05
9.9973E-05 0.0385604 0.110575 0.0886866 0.737112 0.013637 0.0111287 9.9973E-05 9.9973E-05
0.0609593 0.00652243 0.100321 9.9973E-05 0.734177 9.9973E-05 0.074848 9.9973E-05 0.0228722
9.9946E-05 0.0333734 9.9946E-05 9.9946E-05 0.920064 9.9946E-05 9.9946E-05 9.9946E-05 0.0459634
0.014034 9.9955E-05 0.100995 9.9955E-05 0.790676 9.9955E-05 0.0937948 9.9955E-05 9.9955E-05
9.9955E-05 0.0325685 0.0763022 0.0618808 0.828749 9.9955E-05 9.9955E-05 9.9955E-05 9.9955E-05
0.0086892 0.0110206 0.0136081 9.9982E-05 0.944324 0.00650054 0.0150884 9.9982E-05 0.000568937
0.00410844 9.9955E-05 0.0803614 9.9955E-05 0.865036 9.9955E-05 0.0499939 9.9955E-05 9.9955E-05
9.9937E-05 0.0238445 9.9937E-05 9.9937E-05 0.975456 9.9937E-05 9.9937E-05 9.9937E-05 9.9937E-05
0.046664 9.9973E-05 0.150099 9.9973E-05 0.645593 0.0891251 0.0608583 0.00736137 9.9973E-05
9.9964E-05 0.00286185 9.9964E-05 0.0177272 0.889692 9.9964E-05 0.0167694 9.9964E-05 0.0725498
9.9973E-05 9.9973E-05 0.0322496 0.00853381 9.9973E-05 0.00406313 0.280745 0.670322 0.00378618
0.0862704 0.00594134 0.477321 9.9973E-05 0.0261785 9.9973E-05 0.108093 0.295896 9.9973E-05
0.0135862 9.9991E-05 0.528394 0.0198448 0.00854721 0.0166875 0.208147 0.195492 0.00920043
0.0584471 0.0236441 0.173855 9.9982E-05 0.0954454 9.9982E-05 0.178466 0.454213 0.0157291
9.9982E-05 0.0450959 0.202616 0.0760723 0.0790543 0.05235 0.188571 0.356041 9.9982E-05
9.9973E-05 9.9973E-05 0.31497 9.9973E-05 0.129962 0.0149509 0.133155 0.308441 0.0982219
9.9982E-05 0.032383 0.436233 0.00643087 0.155571 9.9982E-05 0.0531453 0.287185 0.0288523
9.9964E-05 0.0021837 0.363234 9.9964E-05 0.136353 9.9964E-05 0.149027 0.348803 9.9964E-05
0.0838484 9.9973E-05 0.0804939 9.9973E-05 9.9973E-05 0.00765973 0.819639 0.00787963 0.000179518
9.9955E-05 0.0849477 9.9955E-05 9.9955E-05 0.0475945 0.0222544 0.844704 9.9955E-05 9.9955E-05
0.000662583 0.0370458 9.9964E-05 9.9964E-05 9.9964E-05 9.9964E-05 0.881105 0.0682859 0.0125007
0.0162032 0.0197573 9.9955E-05 0.0474628 9.9955E-05 9.9955E-05 0.916077 9.9955E-05 9.9955E-05
9.9973E-05 0.136973 0.035428 0.045641 0.0113905 9.9973E-05 0.750228 0.0200398 9.9973E-05
9.9964E-05 0.0202151 9.9964E-05 0.014453 0.0904452 0.0354241 0.839063 9.9964E-05 9.9964E-05
9.9955E-05 0.0117686 0.0704739 9.9955E-05 0.0759099 9.9955E-05 0.841348 9.9955E-05 9.9955E-05
9.9964E-05 0.0279152 9.9964E-05 0.00119444 0.013108 0.0878522 0.86953 9.9964E-05 9.9964E-05
9.9964E-05 0.0312087 0.0469418 9.9964E-05 0.0146769 0.0409306 0.865842 9.9964E-05 9.9964E-05
9.9964E-05 9.9964E-05 0.0119114 0.0199638 0.113626 9.9964E-05 0.802612 0.0514879 9.9964E-05
0.102751 0.0555648 9.9973E-05 0.143875 9.9973E-05 0.0830271 0.562268 9.9973E-05 0.052214
0.269417 0.0268087 9.9964E-05 0.0882801 9.9964E-05 9.9964E-05 0.552017 9.9964E-05 0.063078
0.149556 0.0619421 9.9982E-05 0.153277 9.9982E-05 0.0392785 0.450058 0.0884673 0.0572216
0.109115 9.9964E-05 9.9964E-05 0.317693 9.9964E-05 0.0505735 0.473963 9.9964E-05 0.0482552
0.0989677 9.9982E-05 0.441188 0.0525883 0.0454701 0.1385 0.0354585 9.9982E-05 0.187628
0.109747 9.9973E-05 0.472479 0.188555 0.0694394 9.9973E-05 0.0256482 9.9973E-05 0.133832
9.9982E-05 0.00611839 0.333228 0.258725 9.9982E-05 0.0438887 0.116378 0.0474223 0.19404
0.170472 9.9964E-05 0.120249 0.612965 9.9964E-05 0.00437658 9.9964E-05 9.9964E-05 0.0915379
0.00625127 0.00242297 0.573965 9.9982E-05 0.0520861 0.114828 0.101492 9.9982E-05 0.148755
9.9955E-05 9.9955E-05 0.540414 0.146745 0.0425939 9.9955E-05 9.9955E-05 9.9955E-05 0.269748
0.111645 9.9982E-05 0.497505 0.073798 0.0405445 0.0387625 9.9982E-05 0.00621731 0.231328
9.9964E-05 9.9964E-05 0.336171 9.9964E-05 0.0499713 0.0418909 9.9964E-05 0.0102351 0.561332
0.0678564 0.0111266 0.376785 0.0369473 0.0199679 0.0337282 0.0445118 9.9991E-05 0.408977
9.9955E-05 9.9955E-05 9.9955E-05 0.0208573 9.9955E-05 0.155346 9.9955E-05 0.0606054 0.762692
9.9964E-05 0.0202596 0.242396 9.9964E-05 9.9964E-05 0.102607 9.9964E-05 0.141193 0.493144
9.9964E-05 9.9964E-05 0.539871 9.9964E-05 9.9964E-05 0.0184488 0.0934622 0.0212456 0.326573
9.9955E-05 9.9955E-05 0.158696 0.189759 9.9955E-05 9.9955E-05 0.0470045 9.9955E-05 0.604041
0.870372 9.9955E-05 0.020404 9.9955E-05 9.9955E-05 9.9955E-05 0.0881805 0.0205435 9.9955E-05
0.907666 9.9964E-05 0.0136765 9.9964E-05 0.0153443 9.9964E-05 0.00777592 0.0551379 9.9964E-05
0.990358 9.9937E-05 9.9937E-05 9.9937E-05 9.9937E-05 0.00894255 9.9937E-05 9.9937E-05 9.9937E-05
0.884848 9.9955E-05 9.9955E-05 9.9955E-05 9.9955E-05 0.0522643 0.0388668 9.9955E-05 0.0235206
0.867193 0.0134337 0.0279379 9.9973E-05 0.0415411 0.0241378 9.9973E-05 0.025457 9.9973E-05
0.896271 9.9946E-05 0.0241865 9.9946E-05 0.0789424 9.9946E-05 9.9946E-05 9.9946E-05 9.9946E-05
0.00449747 0.0533244 0.0247622 9.9982E-05 0.0323603 0.0329625 0.806435 9.9982E-05 0.0454577
9.99551E-05 9.99551E-05 0.0552392 0.154586 0.00193032 9.99551E-05 0.787745 9.99551E-05 9.99551E-05
0.00590069 0.0450424 0.132882 0.00141667 0.110425 0.0247697 0.679364 9.9982E-05 9.9982E-05
9.9964E-05 0.0130081 0.0882754 0.0783679 0.083581 9.9964E-05 0.736368 9.9964E-05 9.9964E-05
9.9955E-05 9.9955E-05 0.120067 0.0653814 0.050374 9.9955E-05 0.763678 9.9955E-05 9.9955E-05
0.437098 0.00752894 9.9973E-05 0.0638817 9.9973E-05 9.9973E-05 0.350824 0.105225 0.0351423
0.400716 9.9964E-05 9.9964E-05 9.9964E-05 9.9964E-05 0.0307815 0.426566 0.109077 0.0324591
0.395369 0.0130493 9.9964E-05 9.9964E-05 9.9964E-05 0.0952128 0.43149 9.9964E-05 0.0644792
9.993E-05 0.999201 9.993E-05 9.993E-05 9.993E-05 9.993E-05 9.993E-05 9.993E-05 9.993E-05
0.47109 0.0374129 9.9982E-05 9.9982E-05 0.0192977 0.0186732 0.31263 0.0193692 0.121327
9.9955E-05 9.9955E-05 0.331241 9.9955E-05 0.294901 9.9955E-05 0.186031 0.187327 9.9955E-05
9.9955E-05 0.0323857 0.548855 9.9955E-05 0.230592 9.9955E-05 0.187668 9.9955E-05 9.9955E-05
0.0261787 9.9964E-05 0.417366 9.9964E-05 0.161316 9.9964E-05 0.245325 0.149414 9.9964E-05
9.9955E-05 0.0280117 9.9955E-05 9.9955E-05 0.327224 9.9955E-05 0.324227 0.320037 9.9955E-05
0.0374059 9.9973E-05 0.426376 0.443416 9.9973E-05 0.043078 0.000526961 0.0488972 9.9973E-05
0.0528566 9.9973E-05 0.382211 0.217408 9.9973E-05 0.191925 9.9973E-05 0.0846948 0.070605
0.0100185 0.0207315 0.22265 0.632932 9.9973E-05 9.9973E-05 0.104534 9.9973E-05 0.0088349
0.0845354 9.9982E-05 0.448803 0.109103 0.0155129 0.231677 0.00616347 9.9982E-05 0.104006
0.00713344 9.9964E-05 9.9964E-05 0.275027 9.9964E-05 0.313199 9.9964E-05 0.275997 0.128243
9.9982E-05 0.0525383 0.514288 0.229194 0.00615425 0.137075 9.9982E-05 0.0277964 0.0327533
0.038244 0.0317869 0.295687 0.57747 9.9973E-05 9.9973E-05 9.9973E-05 0.053126 0.00338622
9.9955E-05 9.9955E-05 9.9955E-05 0.523052 9.9955E-05 0.138337 9.9955E-05 0.193871 0.14424
0.0665549 0.00704175 0.429031 0.227873 0.0521951 0.0324112 9.9991E-05 0.164468 0.0203247
0.174611 0.0246617 0.515876 0.187878 0.0237312 0.0161413 9.9991E-05 0.0130557 0.0439445
0.0724877 9.9982E-05 0.323898 0.0809503 0.196076 9.9982E-05 0.111111 0.102839 0.112437
0.00544144 9.9982E-05 0.316388 0.39784 0.0556936 0.194336 9.9982E-05 0.0277049 0.00239575
0.0880598 9.9982E-05 0.393559 0.229561 0.0166749 0.161394 9.9982E-05 0.0517435 0.058807
0.00530002 9.9982E-05 0.519352 0.220206 0.00445024 0.193963 9.9982E-05 0.017885 0.0386445
0.106588 9.9973E-05 0.594377 0.132475 9.9973E-05 0.0472791 9.9973E-05 0.0745647 0.0444162
0.0262424 0.0391105 0.587275 0.138799 0.0755076 0.0499987 0.0828665 9.9982E-05 9.9982E-05
9.9955E-05 9.9955E-05 0.189368 9.9955E-05 0.0428234 0.00196657 0.765342 9.9955E-05 9.9955E-05
9.9946E-05 0.0165122 0.13774 9.9946E-05 9.9946E-05 9.9946E-05 0.845148 9.9946E-05 9.9946E-05
0.00885721 9.9955E-05 0.147064 9.9955E-05 9.9955E-05 0.0523787 0.791201 9.9955E-05 9.9955E-05
0.0119235 0.0204254 0.0408987 9.9982E-05 0.0177686 0.0541651 0.811433 9.9982E-05 0.0431852
9.9955E-05 0.0306687 0.167557 9.9955E-05 9.9955E-05 0.0103821 0.790892 9.9955E-05 9.9955E-05
0.104322 9.9973E-05 0.175182 0.630557 9.9973E-05 0.00697196 9.9973E-05 0.0727022 0.00996447
0.0329074 0.0471651 0.698331 0.15586 0.00903398 0.0475563 0.00894586 9.9982E-05 9.9982E-05
0.0979407 0.0398121 0.470113 0.254408 9.9973E-05 9.9973E-05 0.0850165 9.9973E-05 0.0524096
0.116189 9.9982E-05 0.235535 0.24877 0.0705726 0.104743 0.0158569 0.208134 9.9982E-05
0.104293 0.0228399 9.9973E-05 0.662528 9.9973E-05 9.9973E-05 0.0782754 0.10046 0.0313039
0.087511 0.0564544 0.513606 0.243669 0.027085 0.0247346 0.0334782 9.9991E-05 0.013362
0.230615 9.9982E-05 0.0389705 0.433104 0.0716473 0.109833 0.0624032 9.9982E-05 0.0532269
0.169648 0.000187409 0.282257 0.0688485 0.0895527 0.0899391 0.0529998 0.106999 0.139569
0.0660408 0.0245426 0.0400163 0.599979 9.9973E-05 0.122577 0.146544 9.9973E-05 9.9973E-05
0.0601616 0.00774957 0.100499 0.702763 0.0400086 0.0217296 0.0668888 9.9982E-05 9.9982E-05
9.9982E-05 0.0188433 0.354569 0.420031 9.9982E-05 0.124399 0.00738321 0.0602197 0.0143552
0.11938 9.9955E-05 0.357322 9.9955E-05 9.9955E-05 0.154299 9.9955E-05 0.3685 9.9955E-05
0.061127 9.9973E-05 0.597783 0.0280151 0.0333019 9.9973E-05 0.027902 0.251571 9.9973E-05
0.0539124 9.9955E-05 0.419008 9.9955E-05 9.9955E-05 9.9955E-05 9.9955E-05 0.455995 0.070585
0.0690397 0.0291858 0.455391 9.9982E-05 9.9982E-05 0.123826 0.0513024 0.205155 0.0659006
0.107089 9.9964E-05 0.0948366 9.9964E-05 9.9964E-05 0.0909976 9.9964E-05 0.470473 0.236204
0.0235068 9.9964E-05 0.285203 9.9964E-05 9.9964E-05 0.12111 9.9964E-05 0.535073 0.0347072
0.0718142 0.0138249 0.502476 0.0170521 9.9973E-05 0.111439 9.9973E-05 0.283094 9.9973E-05
0.0706869 9.9964E-05 0.182897 9.9964E-05 9.9964E-05 0.0850092 9.9964E-05 0.464541 0.196467
9.9955E-05 9.9955E-05 0.435338 0.231041 9.9955E-05 9.9955E-05 9.9955E-05 0.237261 0.095861
0.161254 9.9973E-05 0.0199329 0.678374 0.0015756 9.9973E-05 0.026533 9.9973E-05 0.112031
0.0258769 9.9982E-05 0.0778667 0.310585 0.0526473 0.276102 9.9982E-05 0.0655919 0.191131
0.0439758 0.0153861 0.221338 0.47332 0.0755996 0.114285 9.9982E-05 9.9982E-05 0.0558957
0.105168 0.0031318 0.579587 0.0810257 0.0741713 9.9991E-05 0.0395425 0.0938211 0.0234529
0.150697 9.9955E-05 0.239371 0.502499 9.9955E-05 9.9955E-05 9.9955E-05 9.9955E-05 0.106933
0.134605 0.0577309 0.43319 0.068058 0.12307 0.0834168 0.0129614 0.0423922 0.044576
0.0978803 0.0298059 0.429211 0.245484 0.0617297 0.0360907 0.0195425 9.9991E-05 0.0801555
0.0707671 9.9973E-05 0.146442 0.475396 0.0811652 0.0353015 9.9973E-05 9.9973E-05 0.190628
0.231106 9.9982E-05 0.351095 0.288672 0.0715381 0.00884055 0.00260746 9.9982E-05 0.0459397
0.0267942 9.9991E-05 0.641662 0.185234 0.0459296 0.0275074 0.0104047 0.0274791 0.034889
9.9964E-05 0.0824799 0.3952 0.283449 9.9964E-05 0.0982764 9.9964E-05 0.140195 9.9964E-05
0.126769 9.9982E-05 0.449439 0.162168 0.091253 0.103665 9.9982E-05 0.0504568 0.0160498
0.13492 0.0310119 0.323318 0.352175 0.112517 9.9982E-05 0.0300854 0.0157726 9.9982E-05
0.166868 0.00231412 0.459624 0.0988836 0.0659592 9.9991E-05 0.0637672 0.0936446 0.0488396
0.0376567 0.0972571 0.447808 9.9982E-05 0.075912 9.9982E-05 0.234889 0.084208 0.0220697
9.9991E-05 0.0189062 0.443039 0.131401 0.206646 0.0171437 0.0903408 0.0386431 0.0537801
0.0337297 0.055774 0.6187 0.00376039 0.0802976 0.0240862 0.0142605 0.116278 0.0531134
9.9982E-05 0.0360229 0.305654 0.112794 0.296411 0.023342 0.129727 9.9982E-05 0.0958498
9.9973E-05 0.006646 0.401386 0.370641 0.0713022 0.0619665 9.9973E-05 0.0877578 9.9973E-05
9.9973E-05 9.9973E-05 9.9973E-05 0.0923351 0.159412 0.0795807 0.17595 0.358229 0.134194
9.9982E-05 0.0527431 0.351101 0.205682 0.212176 0.000577754 0.0708374 0.106683 9.9982E-05
0.0187006 0.0572922 0.444707 0.0707215 0.160308 0.0990845 0.088273 0.0450977 0.0158159
9.9982E-05 0.0653061 0.190363 0.219814 0.152974 9.9982E-05 0.0876806 0.178407 0.105255
9.9973E-05 0.0510374 0.546907 0.0810798 0.176733 9.9973E-05 0.0579047 0.0860385 9.9973E-05
9.9964E-05 0.0705633 9.9964E-05 9.9964E-05 0.195666 9.9964E-05 0.32572 0.383284 0.0243675
9.9973E-05 0.0389852 0.573028 0.0304267 0.149102 9.9973E-05 0.178453 0.029705 9.9973E-05
0.0570712 0.00459214 0.568785 9.9982E-05 0.0896491 0.048084 0.178539 9.9982E-05 0.0530796
0.0415982 0.0541867 0.465265 0.0264009 0.03324 0.334306 9.9982E-05 9.9982E-05 0.0448038
9.9946E-05 9.9946E-05 9.9946E-05 0.201817 9.9946E-05 0.72985 9.9946E-05 9.9946E-05 0.0677334
0.0295265 9.99549E-05 9.99549E-05 0.0709702 9.99549E-05 0.864385 0.0346181 9.99549E-05 9.99549E-05
9.9973E-05 9.9973E-05 0.34795 0.0276552 0.302443 0.111639 0.151462 0.0585524 9.9973E-05
9.9964E-05 9.9964E-05 0.206728 9.9964E-05 0.384909 0.274952 0.0591873 0.0738235 9.9964E-05
9.9973E-05 0.0744338 0.181273 9.9973E-05 0.287783 0.197424 0.119784 0.139003 9.9973E-05
9.9973E-05 0.0680959 0.303318 9.9973E-05 0.259872 0.189427 0.140275 0.0387112 9.9973E-05
9.9964E-05 0.0129797 9.9964E-05 9.9964E-05 0.147296 0.725073 0.029978 0.0842735 9.9964E-05
9.9973E-05 0.0565495 0.143148 9.9973E-05 0.0654541 0.599746 0.0862236 0.0485793 9.9973E-05
0.0135327 0.0199217 0.459313 0.0322247 0.149222 0.325486 9.9973E-05 9.9973E-05 9.9973E-05
9.9955E-05 9.9955E-05 0.440922 9.9955E-05 0.109611 0.404052 0.0449153 9.9955E-05 9.9955E-05
9.9964E-05 0.0304082 0.193276 9.9964E-05 0.101638 0.644572 0.0297054 9.9964E-05 9.9964E-05
0.0493634 9.9973E-05 0.473865 9.9973E-05 0.116895 0.298195 0.0518766 9.9973E-05 0.00950472
9.9964E-05 9.9964E-05 0.453384 0.0189139 0.0907357 0.365243 0.0713237 9.9964E-05 9.9964E-05
0.0353993 0.0180195 0.318031 0.0409348 9.9982E-05 0.53537 0.00402628 9.9982E-05 0.0480194
9.9964E-05 0.0930129 0.375936 0.144066 9.9964E-05 0.384657 9.9964E-05 9.9964E-05 0.00192828
0.0639135 0.0218496 0.302069 0.0797912 0.0749136 0.427209 0.00385554 0.0262991 9.9991E-05
9.9964E-05 9.9964E-05 0.394304 0.0856549 9.9964E-05 0.444587 9.9964E-05 0.071441 0.00361371
0.10231 9.9955E-05 0.214231 9.9955E-05 9.9955E-05 0.681783 9.9955E-05 9.9955E-05 0.00117559
9.9973E-05 0.00178867 0.5575 9.9973E-05 0.0409738 0.343445 0.00589206 9.9973E-05 0.0501008
0.0179504 9.9955E-05 0.231164 9.9955E-05 9.9955E-05 0.722167 9.9955E-05 9.9955E-05 0.0282193
0.0508328 0.0130752 0.330362 0.0282311 0.0312224 0.490142 0.0192812 0.0367529 9.9991E-05
0.0450022 0.00488398 0.469934 9.9982E-05 0.161084 0.0341522 0.215317 0.0694268 9.9982E-05
0.122203 0.00293012 0.265027 9.9982E-05 0.233654 0.175651 0.135804 0.064531 9.9982E-05
0.000619839 0.0557105 9.9973E-05 9.9973E-05 0.121387 0.621778 0.0952216 0.104983 9.9973E-05
0.0953845 0.0106363 0.494189 9.9982E-05 0.232835 0.0757321 0.0531441 0.0378797 9.9982E-05
9.9964E-05 0.0409178 9.9964E-05 9.9964E-05 0.113251 0.332371 0.286302 0.226759 9.9964E-05
9.9955E-05 9.9955E-05 0.480072 9.9955E-05 0.159165 0.285668 0.0745959 9.9955E-05 9.9955E-05
9.9946E-05 9.9946E-05 9.9946E-05 9.9946E-05 9.9946E-05 0.895578 9.9946E-05 0.0271844 0.0766377
9.9955E-05 0.0142676 9.9955E-05 0.0479274 9.9955E-05 0.898408 9.9955E-05 9.9955E-05 0.0388974
9.9946E-05 0.0338956 0.474914 9.9946E-05 9.9946E-05 0.49059 9.9946E-05 9.9946E-05 9.9946E-05
9.9955E-05 0.0621785 0.573937 9.9955E-05 0.0210489 0.342336 9.9955E-05 9.9955E-05 9.9955E-05
9.9946E-05 9.9946E-05 0.340952 0.0243223 9.9946E-05 0.634126 9.9946E-05 9.9946E-05 9.9946E-05
9.9964E-05 9.9964E-05 0.448185 0.00893193 9.9964E-05 0.356509 0.0660382 9.9964E-05 0.119936
9.9946E-05 9.9946E-05 0.495705 9.9946E-05 0.00699783 0.496698 9.9946E-05 9.9946E-05 9.9946E-05
0.0369955 0.0547023 0.0949973 9.9982E-05 0.0477439 0.00353858 0.709456 9.9982E-05 0.0523667
0.0940268 0.0222511 9.9973E-05 9.9973E-05 0.0995993 0.0678661 0.698787 9.9973E-05 0.0171701
0.0322007 0.0313624 9.9955E-05 9.9955E-05 0.0808348 9.9955E-05 0.855102 9.9955E-05 9.9955E-05
9.9955E-05 0.0864704 0.0635049 9.9955E-05 9.9955E-05 0.0105982 0.838927 9.9955E-05 9.9955E-05
0.0840979 0.012825 0.508561 9.9991E-05 0.00996639 0.0927135 0.00208011 0.0198822 0.269774
0.018018 0.0562466 0.460847 0.095911 9.9964E-05 9.9964E-05 9.9964E-05 9.9964E-05 0.368578
0.0626124 9.9982E-05 0.241283 0.0922617 0.0288343 9.9982E-05 0.0684957 0.000919472 0.505394
9.9973E-05 0.0107461 0.556142 0.0155887 0.0696277 0.0362819 9.9973E-05 9.9973E-05 0.311314
9.9964E-05 0.0538441 0.333626 9.9964E-05 9.9964E-05 0.0395251 9.9964E-05 0.169133 0.403472
0.0467909 0.0130431 0.496884 9.9982E-05 0.112814 9.9982E-05 0.270318 0.00415966 0.0557914
0.0382969 9.9973E-05 0.359678 9.9973E-05 0.045715 0.118341 9.9973E-05 0.0603524 0.377317
0.0427509 0.011235 0.362887 0.0845463 9.9964E-05 9.9964E-05 9.9964E-05 9.9964E-05 0.498181
0.0473082 9.9973E-05 0.501787 0.0723842 0.0402138 0.0805098 9.9973E-05 9.9973E-05 0.257497
0.0715462 0.0188184 0.405804 0.0498341 9.9982E-05 0.0107476 0.00656937 9.9982E-05 0.43648
9.9964E-05 9.9964E-05 0.554267 9.9964E-05 0.04813 0.075536 9.9964E-05 0.0308186 0.290848
9.9964E-05 0.0281244 0.0357552 9.9964E-05 9.9964E-05 0.0380654 9.9964E-05 0.0266115 0.871044
9.9973E-05 0.0177286 0.273606 0.0540593 9.9973E-05 9.9973E-05 0.0149975 0.0697432 0.569565
0.0225877 0.00165687 0.398627 9.9964E-05 9.9964E-05 9.9964E-05 9.9964E-05 0.108233 0.468495
9.9937E-05 9.9937E-05 9.9937E-05 9.9937E-05 9.9937E-05 9.9937E-05 9.9937E-05 0.186505 0.812795
0.0343782 0.0513924 0.45791 0.100266 9.9964E-05 9.9964E-05 9.9964E-05 9.9964E-05 0.355653
0.0242193 0.00626681 0.0952198 9.9982E-05 0.00721292 0.0348882 9.9982E-05 0.225353 0.60664
9.9946E-05 9.9946E-05 9.9946E-05 9.9946E-05 9.9946E-05 0.101241 9.9946E-05 0.146493 0.751666
9.9982E-05 0.0669041 0.441664 9.9982E-05 0.0402824 0.0599732 0.011326 0.00864733 0.371003
9.9973E-05 0.02821 0.261956 0.136207 9.9973E-05 0.0184691 0.0474779 9.9973E-05 0.507381
0.0668012 0.000284711 0.4601 0.0535054 0.00347852 9.9991E-05 0.0459753 0.0116889 0.358066
9.9946E-05 9.9946E-05 0.499281 0.135666 9.9946E-05 9.9946E-05 9.9946E-05 9.9946E-05 0.364454
0.0857181 9.9973E-05 0.264137 0.384436 0.0746259 0.0868261 9.9973E-05 0.103957 9.9973E-05
9.9973E-05 0.0297181 0.511714 9.9973E-05 0.0444192 0.0784698 0.00158675 9.9973E-05 0.333792
9.9964E-05 0.0502446 0.432716 0.146586 0.0680143 9.9964E-05 9.9964E-05 9.9964E-05 0.302039
0.0208378 9.9955E-05 0.297454 9.9955E-05 9.9955E-05 9.9955E-05 9.9955E-05 0.0569643 0.624244
0.145564 0.0408823 9.9955E-05 0.157432 9.9955E-05 9.9955E-05 0.655622 9.9955E-05 9.9955E-05
0.0188661 0.0582702 0.0129965 0.183588 9.9982E-05 9.9982E-05 0.668451 0.034898 0.0227302
0.0570749 0.0878072 9.9982E-05 0.0993113 9.9982E-05 0.00329277 0.708903 0.0274514 0.0159594
0.0998111 0.0810717 9.9964E-05 9.9964E-05 9.9964E-05 0.0281556 0.702762 0.0878002 9.9964E-05
0.120631 0.0886886 0.0409334 0.0765206 9.9982E-05 9.9982E-05 0.630921 0.0295072 0.0125983
0.0191047 9.9973E-05 0.122352 0.169259 0.0145046 9.9973E-05 0.0480216 9.9973E-05 0.626458
0.046402 0.0256804 0.15576 0.127959 9.9973E-05 9.9973E-05 0.0433146 9.9973E-05 0.600585
9.9964E-05 9.9964E-05 0.162481 9.9964E-05 0.0203443 0.0521753 9.9964E-05 0.0125128 0.752087
0.000898456 9.9982E-05 0.327805 0.00468976 0.0315154 9.9982E-05 0.0276746 0.0359469 0.571269
9.9964E-05 9.9964E-05 0.524944 9.9964E-05 0.0404042 0.0837012 9.9964E-05 0.078181 0.27237
9.9973E-05 0.0228815 0.321418 0.0577223 0.109299 0.0030894 9.9973E-05 9.9973E-05 0.48529
0.0136175 0.0191038 0.595749 0.022952 9.9973E-05 9.9973E-05 9.9973E-05 0.0651302 0.283147
0.099532 9.9964E-05 0.28832 0.0699417 9.9964E-05 9.9964E-05 0.00979788 9.9964E-05 0.532009
9.9955E-05 0.00649867 0.452111 0.103813 9.9955E-05 9.9955E-05 9.9955E-05 9.9955E-05 0.437078
0.0501502 9.9955E-05 0.388422 0.0918678 9.9955E-05 9.9955E-05 9.9955E-05 9.9955E-05 0.469061
0.0754027 0.02393 0.630757 0.00390348 0.0242569 0.000201995 0.0441385 0.193954 0.0034551
9.9946E-05 0.0305021 0.444124 9.9946E-05 9.9946E-05 9.9946E-05 9.9946E-05 9.9946E-05 0.524775
0.0457224 9.9973E-05 0.446397 9.9973E-05 0.0173909 0.0445693 0.0279232 9.9973E-05 0.417697
0.0717053 9.9973E-05 0.338662 9.9973E-05 0.443675 0.0350481 0.0562565 0.0543537 9.9973E-05
9.9982E-05 0.0682028 0.241715 0.0421826 0.404616 0.0218217 0.078892 0.142371 9.9982E-05
9.9964E-05 9.9964E-05 0.49626 0.062493 9.9964E-05 9.9964E-05 0.0307686 0.120295 0.289784
9.9973E-05 0.0523495 0.0681556 9.9973E-05 0.580936 0.0283766 0.241848 0.0280346 9.9973E-05
9.9964E-05 0.0298246 0.356543 9.9964E-05 0.380626 9.9964E-05 0.190117 0.0424904 9.9964E-05
0.0118539 0.0357522 0.358825 9.9982E-05 0.187455 9.9982E-05 0.0852456 0.249127 0.0715417
9.9964E-05 0.0861489 0.628503 0.0516782 9.9964E-05 9.9964E-05 0.0621498 0.17112 9.9964E-05
0.0494205 0.000188415 0.503732 0.0590099 9.9982E-05 0.000919731 0.11861 0.26792 9.9982E-05
9.9973E-05 0.0727368 0.255686 9.9973E-05 0.48719 0.0559977 0.124653 0.00343676 9.9973E-05
0.00631828 9.9955E-05 0.447008 9.9955E-05 0.440968 9.9955E-05 0.105206 9.9955E-05 9.9955E-05
9.9973E-05 0.044215 0.300185 0.0197022 0.504888 9.9973E-05 0.0842844 0.0464259 9.9973E-05
9.9964E-05 9.9964E-05 0.206613 0.0395856 0.555735 0.0471592 0.150507 9.9964E-05 9.9964E-05
9.9964E-05 9.9964E-05 0.578172 9.9964E-05 0.027762 9.9964E-05 0.0747289 0.264545 0.0543921
9.9973E-05 0.06049 0.114197 0.0102977 0.59934 9.9973E-05 0.124763 0.0906117 9.9973E-05
0.194311 9.9964E-05 0.278609 0.19027 9.9964E-05 9.9964E-05 0.102255 0.234154 9.9964E-05
9.9964E-05 0.0491057 0.643556 0.004923 0.0328116 9.9964E-05 9.9964E-05 0.269203 9.9964E-05
0.021474 0.0664785 0.588015 0.100058 0.0280287 0.0257548 0.058752 0.111338 9.9991E-05
0.0529839 0.0818549 0.501378 0.111931 9.9982E-05 9.9982E-05 0.0366593 0.194601 0.0203924
9.9982E-05 0.0219893 0.359823 0.0433242 0.199262 9.9982E-05 0.19708 0.116334 0.0619878
9.9991E-05 0.0549523 0.244716 0.0965329 0.322849 0.0311251 0.155284 0.0434081 0.0510327
9.9964E-05 0.00286778 0.185523 9.9964E-05 0.543937 9.9964E-05 0.237159 0.0301136 9.9964E-05
9.9964E-05 0.0467752 0.513249 0.163921 9.9964E-05 9.9964E-05 0.0197353 0.255919 9.9964E-05
0.0807188 0.074837 0.267609 9.9964E-05 9.9964E-05 9.9964E-05 9.9964E-05 0.566333 0.010102
0.0143968 0.00759751 0.458636 0.258772 0.00849407 0.07664 0.0763473 0.0990162 9.9991E-05
9.9973E-05 0.0701242 0.45726 0.0554779 0.0985941 9.9973E-05 0.165356 0.152889 9.9973E-05
9.9946E-05 9.9946E-05 9.9946E-05 9.9946E-05 0.156879 9.9946E-05 0.207032 0.63549 9.9946E-05
9.99549E-05 0.0425026 9.99549E-05 9.99549E-05 0.0504464 9.99549E-05 0.15506 0.751491 9.99549E-05
0.00327677 0.0120362 0.213444 0.122722 0.139711 0.0206545 0.108505 0.369836 0.00981438
9.9982E-05 0.0827192 0.00099793 0.00800835 0.225519 9.9982E-05 0.175219 0.48288 0.0244571
9.9946E-05 9.9946E-05 9.9946E-05 9.9946E-05 0.209925 9.9946E-05 0.324571 0.464904 9.9946E-05
0.0348398 0.0463133 0.376263 9.9991E-05 0.0983849 0.0399798 0.0984469 0.296989 0.00868276
9.9982E-05 0.00844584 0.295102 0.0176177 0.125953 0.120256 0.214561 0.217865 9.9982E-05
0.0240456 9.9964E-05 0.246789 9.9964E-05 0.153941 9.9964E-05 0.265614 0.30921 9.9964E-05
9.9973E-05 0.059284 0.04847 0.0879273 0.147772 9.9973E-05 0.156434 0.499812 9.9973E-05
0.0209147 0.0370816 0.483052 9.9991E-05 0.11284 0.0389168 0.04999 0.23423 0.0228752
9.9982E-05 0.0799908 0.0628245 0.0755183 0.186822 9.9982E-05 0.0417821 0.470483 0.0823792
9.9955E-05 0.0448183 9.9955E-05 9.9955E-05 0.0487355 9.9955E-05 0.28736 0.618587 9.9955E-05
9.9973E-05 9.9973E-05 0.330663 0.0353534 0.205847 9.9973E-05 0.110083 0.253014 0.0647392
9.9982E-05 0.0710423 0.36894 0.10949 0.159683 9.9982E-05 0.220267 0.0520824 0.0182954
9.9964E-05 9.9964E-05 0.56002 0.0383658 0.250241 9.9964E-05 0.141296 0.00967732 9.9964E-05
9.9973E-05 9.9973E-05 0.407895 0.0380388 0.268626 0.0478521 0.157025 0.0802637 9.9973E-05
9.9973E-05 0.074095 0.239405 0.100893 0.251983 9.9973E-05 0.258902 0.074422 9.9973E-05
9.9982E-05 0.0523653 0.525799 0.0354439 0.125992 0.0467099 0.191744 9.9982E-05 0.0217459
9.9982E-05 0.0906271 0.378176 0.0102106 0.275427 9.9982E-05 0.146961 0.022243 0.0761552
0.0255131 0.0856219 0.355814 9.9991E-05 0.191196 0.0162755 0.178208 0.121741 0.0255315
0.0219383 0.00675872 0.148218 0.197574 0.154373 0.0124798 0.188417 0.0261293 0.244112
9.9964E-05 0.00282359 0.316358 9.9964E-05 0.281665 9.9964E-05 0.254141 0.144613 9.9964E-05
9.9973E-05 9.9973E-05 0.180313 0.0066816 0.228301 9.9973E-05 0.344245 0.169471 0.0706887
9.9982E-05 0.0215554 0.187217 9.9982E-05 0.300632 0.0422882 0.281826 0.11971 0.0465719
0.119496 0.030756 9.9973E-05 0.0262979 9.9973E-05 9.9973E-05 0.744489 0.0279537 0.0507072
0.460636 9.9964E-05 0.106578 0.30963 0.0128912 9.9964E-05 0.109864 9.9964E-05 9.9964E-05
0.692278 9.9955E-05 9.9955E-05 0.189081 9.9955E-05 0.0433138 9.9955E-05 9.9955E-05 0.0748274
0.699636 0.0113009 9.9946E-05 0.288463 9.9946E-05 9.9946E-05 9.9946E-05 9.9946E-05 9.9946E-05
0.774199 9.9946E-05 9.9946E-05 0.21003 0.0151714 9.9946E-05 9.9946E-05 9.9946E-05 9.9946E-05
0.698883 9.9946E-05 9.9946E-05 0.228968 0.0715496 9.9946E-05 9.9946E-05 9.9946E-05 9.9946E-05
0.75024 0.0145815 0.109518 0.125161 9.9955E-05 9.9955E-05 9.9955E-05 9.9955E-05 9.9955E-05
0.595492 0.00165774 9.9955E-05 0.374977 9.9955E-05 9.9955E-05 0.027373 9.9955E-05 9.9955E-05
0.663057 0.0450675 9.9964E-05 0.124695 0.00249544 9.9964E-05 0.164285 9.9964E-05 9.9964E-05
9.9964E-05 0.0292047 0.0710581 0.0183138 9.9964E-05 9.9964E-05 0.85043 0.0305937 9.9964E-05
0.0967547 0.0863805 0.0863706 0.019041 9.9973E-05 9.9973E-05 0.704968 9.9973E-05 0.00618539
0.0377528 0.084723 0.0696787 9.9973E-05 0.0233448 9.9973E-05 0.776644 9.9973E-05 0.00755704
9.9964E-05 0.0256168 0.0141731 0.14436 9.9964E-05 9.9964E-05 0.750771 0.0646793 9.9964E-05
0.0264858 9.99638E-05 0.0414657 9.99638E-05 0.0359756 9.99638E-05 0.895573 9.99638E-05 9.99638E-05
0.0955963 0.00948076 9.9973E-05 0.0443589 0.00870509 0.045543 0.796016 9.9973E-05 9.9973E-05
0.0734554 0.0630707 0.000684147 9.9991E-05 0.142179 0.0467139 0.627132 0.0227894 0.0238763
0.0230619 0.0613663 0.0405784 0.0274405 0.0451123 0.0156195 0.777523 0.00919812 9.9991E-05
0.119717 0.0129248 0.0234529 0.0460692 0.104637 9.9982E-05 0.688125 9.9982E-05 0.00487407
9.9964E-05 0.000266855 0.0413489 9.9964E-05 0.0541783 9.9964E-05 0.875551 9.9964E-05 0.0282547
0.067139 0.0379616 9.9955E-05 9.9955E-05 9.9955E-05 0.00795464 0.886445 9.9955E-05 9.9955E-05
0.0409061 0.0764803 0.0309534 9.9982E-05 0.0310108 0.0562061 0.756533 0.00771061 9.9982E-05
0.0345373 9.9946E-05 0.0382306 9.9946E-05 9.9946E-05 9.9946E-05 0.926632 9.9946E-05 9.9946E-05
9.9964E-05 0.0838224 0.0477653 9.9964E-05 0.0311453 9.9964E-05 0.822292 0.0145752 9.9964E-05
0.0223423 0.0795391 0.0625193 9.9964E-05 0.0504352 9.9964E-05 0.784764 9.9964E-05 9.9964E-05
9.9955E-05 0.0668506 0.0843564 9.9955E-05 0.0766065 9.9955E-05 0.771687 9.9955E-05 9.9955E-05
9.9955E-05 0.00670954 0.131095 9.9955E-05 0.10892 9.9955E-05 0.752775 9.9955E-05 9.9955E-05
9.9955E-05 0.0505964 0.15838 9.9955E-05 0.0563877 9.9955E-05 0.734136 9.9955E-05 9.9955E-05
9.9955E-05 0.0820758 0.132342 9.9955E-05 0.0456463 9.9955E-05 0.739436 9.9955E-05 9.9955E-05
0.0140976 9.9973E-05 0.454018 0.013657 9.9973E-05 9.9973E-05 0.125365 0.34528 0.0472823
0.0769159 0.021001 0.738655 0.00247601 9.9973E-05 9.9973E-05 9.9973E-05 0.125919 0.0347326
0.0389077 0.00412134 0.194792 9.9973E-05 9.9973E-05 0.00369506 9.9973E-05 0.658712 0.0994719
0.133699 0.0418249 0.556531 0.080435 9.9991E-05 0.0174546 0.0815413 0.0801472 0.00826701
0.0280911 9.9964E-05 0.208081 9.9964E-05 9.9964E-05 0.00757816 0.00178197 0.754068 9.9964E-05
0.035138 0.0423801 0.68094 9.9964E-05 9.9964E-05 9.9964E-05 0.0309184 0.210224 9.9964E-05
0.151921 9.9973E-05 0.477644 9.9973E-05 9.9973E-05 0.0231203 0.0277569 0.213519 0.105739
0.0602923 0.0125659 0.522218 0.0349413 9.9982E-05 9.9982E-05 0.0676233 0.19856 0.103598
0.0823827 9.9982E-05 0.47616 9.9982E-05 0.0315224 0.0052165 0.0421768 0.0328979 0.329444
