0.0621188 9.9964E-05 9.9964E-05 0.687572 0.0156971 0.0193129 9.9964E-05 0.184937 9.9964E-05 0.0299622
9.9955E-05 9.9955E-05 0.0218982 0.735005 9.9955E-05 9.9955E-05 9.9955E-05 0.190904 0.0205104 0.0311825
0.0360293 9.9955E-05 9.9955E-05 0.630164 9.9955E-05 9.9955E-05 0.0978976 0.152003 9.9955E-05 0.0834067
9.9973E-05 0.0188877 9.9973E-05 0.780608 0.03105 0.0177468 0.0785119 0.0359745 9.9973E-05 0.0369216
0.0921365 9.9946E-05 9.9946E-05 0.628409 9.9946E-05 0.0159602 9.9946E-05 0.262894 9.9946E-05 9.9946E-05
9.9982E-05 9.9982E-05 0.0880103 0.499466 0.037469 0.0134938 0.117854 0.0552692 0.136681 0.0515571
9.9964E-05 0.0133475 9.9964E-05 0.779155 0.0743315 0.00269072 9.9964E-05 9.9964E-05 0.0494345 0.080641
0.069263 0.0273116 0.0273292 0.608782 0.121062 9.9982E-05 9.9982E-05 0.00128909 0.0855671 0.059196
9.99729E-05 0.00476359 0.0299424 0.750828 0.0930028 9.99729E-05 9.99729E-05 0.0821759 0.0218111 0.0171758
0.0488519 0.0950951 9.9973E-05 0.656648 9.9973E-05 0.0492227 0.110324 9.9973E-05 0.0208904 0.018668
9.9964E-05 9.9964E-05 9.9964E-05 0.712374 0.0932607 0.00296121 0.0715954 0.00200501 0.117403 9.9964E-05
9.9973E-05 9.9973E-05 0.10855 0.0193485 0.454564 0.0656149 0.300804 0.00441823 0.0464001 9.9973E-05
0.0578852 0.010278 0.013899 0.0677326 0.241138 9.9982E-05 0.563389 9.9982E-05 0.0263971 0.019081
9.9973E-05 0.101572 9.9973E-05 0.0611718 0.381691 0.0441184 0.316639 9.9973E-05 0.0729744 0.0215331
9.9973E-05 0.0149687 9.9973E-05 0.0314132 0.380098 0.199338 0.340384 9.9973E-05 0.0329965 0.000501737
9.9982E-05 0.00437117 0.114056 0.187827 0.187261 0.102509 0.395084 0.00352549 9.9982E-05 0.00516754
9.9973E-05 0.0573209 9.9973E-05 0.0268846 0.185248 0.120737 0.536353 9.9973E-05 0.000184521 0.0729718
9.9982E-05 0.00681428 0.123175 9.9982E-05 0.233132 0.0939345 0.455451 0.0136059 0.0522881 0.0213998
0.119032 9.9973E-05 0.0325084 0.0403843 0.407403 0.0623516 0.315512 0.0225079 9.9973E-05 9.9973E-05
9.9973E-05 0.113703 0.0545104 0.01108 0.623035 0.0625699 9.9973E-05 9.9973E-05 0.115673 0.0191293
9.9982E-05 0.0591304 0.0534835 9.9982E-05 0.211004 0.132441 0.400383 0.0499316 0.0887533 0.00467293
0.0479895 0.0860587 9.9991E-05 0.00101768 0.273967 0.00438424 0.427088 0.0208839 0.122941 0.0155696
9.9973E-05 0.0766392 0.0286089 0.0554109 0.167448 9.9973E-05 0.587044 0.0622257 0.0223232 9.9973E-05
0.10932 0.0342958 0.04382 9.9991E-05 0.342402 0.0580947 0.299267 0.00536056 0.0836182 0.0237215
0.245706 9.9982E-05 0.0493608 0.0178314 0.138418 0.0128592 0.5016 9.9982E-05 0.0153421 0.0186821
0.0468773 9.9973E-05 0.0826799 9.9973E-05 0.19878 0.0736784 0.527522 0.0261365 9.9973E-05 0.0440259
0.0283652 0.0888539 0.0749494 0.065819 0.441199 0.0905739 0.20994 9.9973E-05 9.9973E-05 9.9973E-05
9.9964E-05 0.0137368 9.9964E-05 0.0418398 0.413205 0.18092 0.276352 9.9964E-05 0.0735466 9.9964E-05
9.9973E-05 0.0959455 0.034723 0.0428845 0.429579 0.0640965 0.289878 9.9973E-05 0.0425936 9.9973E-05
9.99201E-05 9.99201E-05 9.99201E-05 9.99201E-05 9.99201E-05 9.99201E-05 9.99201E-05 9.99201E-05 9.99201E-05 0.999101
9.99201E-05 9.99201E-05 9.99201E-05 9.99201E-05 9.99201E-05 9.99201E-05 9.99201E-05 9.99201E-05 9.99201E-05 0.999101
0.0650509 0.0124946 0.0392413 0.287997 9.9973E-05 0.0274785 9.9973E-05 0.168576 9.9973E-05 0.398862
0.111343 9.9955E-05 0.0943196 0.432833 9.9955E-05 9.9955E-05 9.9955E-05 0.0786415 9.9955E-05 0.282364
9.9973E-05 0.0591964 0.124914 9.9973E-05 0.0276404 9.9973E-05 0.613831 0.0925827 0.025164 0.0563721
0.00493932 9.9964E-05 0.227376 0.0722918 0.10117 0.0765474 0.517276 9.9964E-05 9.9964E-05 9.9964E-05
9.9955E-05 0.0424045 0.213122 0.110379 9.9955E-05 0.0181752 0.61542 9.9955E-05 9.9955E-05 9.9955E-05
9.9982E-05 0.121762 0.000903072 0.112632 0.497408 0.0264032 0.216944 0.00259174 9.9982E-05 0.0211567
9.9973E-05 0.0857013 0.542972 0.00445466 9.9973E-05 0.0238058 0.315137 0.00362579 9.9973E-05 0.0240026
0.0814612 9.9964E-05 0.207877 0.0844228 0.141903 9.9964E-05 0.413214 0.0707221 9.9964E-05 9.9964E-05
9.9973E-05 0.0114441 0.102286 9.9973E-05 9.9973E-05 0.0205025 0.737325 0.0195713 0.0841966 0.0243745
9.99819E-05 9.99819E-05 0.0622954 0.0371109 0.073286 9.99819E-05 0.589691 0.0329108 0.148511 0.0558946
9.9973E-05 9.9973E-05 0.105056 0.00780838 0.110487 9.9973E-05 0.589156 0.0735204 0.0185493 0.0951229
0.0134959 9.9964E-05 0.671023 0.0316866 0.160551 9.9964E-05 0.114668 9.9964E-05 9.9964E-05 0.00817575
0.0942879 0.00870029 0.104224 9.9982E-05 0.0428725 0.0196277 0.525352 0.0435197 0.161215 9.9982E-05
0.0621948 9.9973E-05 0.246867 0.0412489 9.9973E-05 0.0247308 0.527047 0.0452359 9.9973E-05 0.0523751
0.136897 9.9982E-05 0.160319 9.9982E-05 0.0311116 0.0337522 0.376932 0.136786 0.0779128 0.0460898
9.9946E-05 0.066477 0.606881 9.9946E-05 9.9946E-05 9.9946E-05 0.323255 9.9946E-05 9.9946E-05 0.00278759
0.109395 9.9964E-05 0.325991 9.9964E-05 0.0206648 9.9964E-05 0.514703 0.00937268 9.9964E-05 0.0194739
0.15273 9.9964E-05 0.169377 9.9964E-05 0.0404685 9.9964E-05 0.428607 0.145561 9.9964E-05 0.0628569
9.9955E-05 0.0618318 0.670173 0.0210934 9.9955E-05 9.9955E-05 9.9955E-05 0.00127424 0.245127 9.9955E-05
9.9973E-05 0.0792143 0.19805 9.9973E-05 0.395709 0.0177125 0.175693 9.9973E-05 0.131328 0.00199298
0.149614 0.190666 0.141627 9.9955E-05 0.266284 9.9955E-05 9.9955E-05 9.9955E-05 0.251309 9.9955E-05
0.114875 9.9964E-05 0.0809183 0.121057 0.0923502 9.9964E-05 0.536873 9.9964E-05 0.0535273 9.9964E-05
0.156263 0.0751717 9.9964E-05 0.0852058 0.114219 9.9964E-05 0.54368 9.9964E-05 0.0250605 9.9964E-05
0.0755586 0.00148196 0.080078 0.00984405 0.0193269 9.9991E-05 0.601809 0.0351194 0.150309 0.0263737
9.9991E-05 0.0303993 0.265645 0.0577349 0.359093 0.0335961 0.0915519 0.013793 0.122454 0.0256327
9.999E-05 0.0924509 0.0373437 0.0228693 0.204634 0.0279074 0.531057 0.0140188 0.0429192 0.0266996
0.137775 9.9982E-05 0.0133227 9.9982E-05 0.166689 0.0758064 0.473061 0.0382662 0.0456157 0.0492646
9.9982E-05 0.0948526 0.108146 0.095557 0.268429 0.071376 0.32454 0.0144087 9.9982E-05 0.0224907
0.173609 0.0298069 0.146494 0.0454437 0.393591 9.9982E-05 9.9982E-05 0.125362 0.0228366 0.062657
0.0822316 9.9973E-05 0.12893 9.9973E-05 0.0930863 0.0178431 0.528131 0.11613 9.9973E-05 0.0333481
0.2671 0.0457003 0.0879102 9.9964E-05 0.331135 9.9964E-05 0.262646 0.00510833 9.9964E-05 9.9964E-05
9.9973E-05 0.107492 0.141043 0.0377219 0.491871 9.9973E-05 0.0389768 9.9973E-05 0.084192 0.0984041
0.0961101 0.0145712 0.0855348 9.9973E-05 0.244766 9.9973E-05 0.475016 9.9973E-05 0.0424766 0.0412253
0.136469 0.119804 0.0407771 9.9973E-05 0.000724343 0.068518 0.55152 9.9973E-05 0.0818877 9.9973E-05
0.225754 9.9964E-05 0.20443 9.9964E-05 0.12137 9.9964E-05 0.400124 0.0150953 9.9964E-05 0.0328265
0.113255 0.0482137 0.111785 9.9982E-05 0.27178 0.0277495 0.279503 9.9982E-05 0.092075 0.055438
0.10158 0.0189202 0.157708 9.9982E-05 0.0922926 0.0823905 0.401224 9.9982E-05 0.11897 0.0267138
0.0403306 0.106368 0.0104449 9.9982E-05 0.166386 0.046963 0.514928 9.9982E-05 0.0454523 0.0689269
9.9973E-05 0.133994 0.0138354 9.9973E-05 0.41543 9.9973E-05 0.275333 0.00835839 0.0782329 0.0745156
0.0147448 9.9955E-05 0.398265 9.9955E-05 0.0664482 9.9955E-05 0.500265 0.0197771 9.9955E-05 9.9955E-05
9.9955E-05 9.9955E-05 0.688261 9.9955E-05 0.125322 0.000437795 0.175269 0.0102105 9.9955E-05 9.9955E-05
9.9991E-05 0.0748376 0.158513 0.0309188 0.0136935 0.0410963 0.566605 0.0252729 0.0705954 0.018367
0.0654589 0.0498317 0.132642 0.0833912 0.0118933 0.0733644 0.451457 0.0652696 0.0220356 0.0446573
0.0160852 0.0173714 0.886809 9.9955E-05 9.9955E-05 9.9955E-05 9.9955E-05 0.0285986 0.050636 9.9955E-05
9.9955E-05 0.0161628 0.932226 9.9955E-05 0.0157022 9.9955E-05 9.9955E-05 0.00504212 0.0303674 9.9955E-05
9.9946E-05 9.9946E-05 0.723093 9.9946E-05 9.9946E-05 0.0282426 0.247315 0.00075015 9.9946E-05 9.9946E-05
9.9973E-05 0.00523024 0.397547 0.0389051 0.0856392 9.9973E-05 0.429893 9.9973E-05 0.033934 0.00855197
9.9973E-05 0.0187634 0.194979 0.154365 9.9973E-05 0.0340489 0.495744 0.0649654 9.9973E-05 0.0368342
0.0298499 9.9982E-05 0.4065 0.0204483 0.0493557 9.9982E-05 0.418196 0.00461958 0.0450812 0.0257496
9.9964E-05 9.9964E-05 0.547098 0.0439555 0.174058 0.0548198 0.153627 0.026043 9.9964E-05 9.9964E-05
9.9955E-05 9.9955E-05 0.494051 0.0289253 0.246472 9.9955E-05 0.226375 9.9955E-05 9.9955E-05 0.00367715
9.9946E-05 9.9946E-05 0.275467 0.137553 9.9946E-05 0.0921882 0.494192 9.9946E-05 9.9946E-05 9.9946E-05
9.9973E-05 0.0117948 0.553575 0.00351107 0.0391909 0.0391085 0.344712 0.00780794 9.9973E-05 9.9973E-05
0.0972505 9.9964E-05 0.472869 9.9964E-05 9.9964E-05 9.9964E-05 0.346278 0.0190163 0.0311748 0.0330115
0.0147309 0.00635194 0.562141 9.9964E-05 9.9964E-05 9.9964E-05 0.363061 9.9964E-05 0.0339671 0.0193482
9.9946E-05 0.11691 0.683264 0.00507249 9.9946E-05 9.9946E-05 9.9946E-05 9.9946E-05 0.194154 9.9946E-05
0.109887 9.9955E-05 0.240564 0.099094 0.0878088 9.9955E-05 0.462146 9.9955E-05 9.9955E-05 9.9955E-05
9.9955E-05 9.9955E-05 9.9955E-05 0.682914 9.9955E-05 0.0135255 0.102315 0.18183 9.9955E-05 0.0189154
9.9946E-05 9.9946E-05 9.9946E-05 0.624698 9.9946E-05 9.9946E-05 0.0657391 0.174476 9.9946E-05 0.134487
9.9955E-05 9.9955E-05 9.9955E-05 0.574605 9.9955E-05 0.0194828 0.0419253 0.243415 9.9955E-05 0.120072
9.9955E-05 9.9955E-05 9.9955E-05 0.66916 9.9955E-05 9.9955E-05 0.0182048 0.192506 0.00875479 0.110875
0.00298232 0.0190956 0.0325965 0.687239 9.9982E-05 0.0384041 0.0183547 0.0925505 9.9982E-05 0.108577
9.9955E-05 9.9955E-05 9.9955E-05 0.738258 9.9955E-05 0.0608358 0.0383613 0.107013 9.9955E-05 0.0550319
0.0727213 0.00256632 9.9955E-05 0.737542 9.9955E-05 9.9955E-05 9.9955E-05 0.128364 9.9955E-05 0.0583065
0.112472 0.0958976 0.167704 0.0448761 0.0741098 9.9973E-05 0.431671 9.9973E-05 9.9973E-05 0.0729691
0.265971 9.9982E-05 0.123203 0.0470838 0.102356 0.00208412 0.424902 9.9982E-05 0.0313154 0.00288475
0.00918358 0.0477353 0.704666 0.0455853 0.114673 9.9964E-05 0.0777565 9.9964E-05 9.9964E-05 9.9964E-05
0.0934996 0.0575202 0.0791878 9.9991E-05 0.022318 0.0228861 0.558778 0.0260904 0.121805 0.017815
9.9964E-05 9.9964E-05 0.465661 9.9964E-05 0.122313 0.0154859 0.354421 0.00727134 9.9964E-05 0.0344481
0.00447906 9.9955E-05 0.219569 0.0559133 9.9955E-05 9.9955E-05 0.610242 0.109297 9.9955E-05 9.9955E-05
0.0725311 0.0102228 0.272115 0.0244531 9.9973E-05 9.9973E-05 0.548776 9.9973E-05 0.0708848 0.000717618
0.000945587 0.0303262 0.474506 0.0167561 0.000825398 0.101358 0.364065 9.9982E-05 9.9982E-05 0.0110172
9.9946E-05 9.9946E-05 0.708627 0.0135092 0.235904 9.9946E-05 9.9946E-05 0.0413599 9.9946E-05 9.9946E-05
0.0579838 0.0239248 0.228336 0.0789496 9.9973E-05 9.9973E-05 0.535467 0.0439509 9.9973E-05 0.0310877
9.9964E-05 0.0124066 0.206944 0.0859916 9.9964E-05 0.0402573 0.624222 9.9964E-05 0.0297789 9.9964E-05
9.9982E-05 0.0799533 0.0896664 0.082574 0.002946 0.12635 0.518885 0.0391567 0.0602683 9.9982E-05
9.9955E-05 9.9955E-05 0.472714 0.0283511 9.9955E-05 9.9955E-05 0.346299 9.9955E-05 0.111592 0.0405442
9.9955E-05 0.00464652 0.421062 0.0074087 9.9955E-05 9.9955E-05 0.541073 9.9955E-05 0.0253097 9.9955E-05
0.0181666 9.9973E-05 0.315717 9.9973E-05 0.126572 0.0133119 0.485798 0.0110163 9.9973E-05 0.0291181
0.00991527 0.00730318 0.595506 9.9973E-05 0.00374664 0.0925031 0.279325 9.9973E-05 9.9973E-05 0.0114012
0.0600059 0.0227748 0.434067 0.0559521 0.0745074 9.9973E-05 0.306416 0.0459775 9.9973E-05 9.9973E-05
0.0695108 9.9982E-05 0.196922 0.0651007 0.0884397 0.0186187 0.430743 0.107052 0.0234135 9.9982E-05
0.0442124 0.184124 0.100994 0.0182898 0.260462 9.9982E-05 0.248113 9.9982E-05 0.142199 0.0014068
9.9973E-05 0.0618799 9.9973E-05 0.0846131 0.205205 0.0387746 0.516126 9.9973E-05 0.0156348 0.0774666
0.0426794 9.9973E-05 9.9973E-05 0.0297144 0.338938 0.05414 0.439268 0.0931503 9.9973E-05 0.00180997
0.034692 0.0894742 9.9973E-05 9.9973E-05 0.156524 0.0257884 0.522211 0.11334 9.9973E-05 0.0576709
9.9991E-05 0.0131725 0.146903 0.00685571 0.0317459 0.10477 0.501036 0.106586 0.0877279 0.00110298
9.9964E-05 0.0274621 9.9964E-05 9.9964E-05 0.356171 9.9964E-05 0.524021 0.0116324 0.026993 0.0533207
0.153634 0.0559137 9.9964E-05 9.9964E-05 0.199896 9.9964E-05 0.537102 0.00812561 0.0449283 9.9964E-05
0.0814681 0.0538735 9.9955E-05 9.9955E-05 0.434009 0.0187351 0.411414 9.9955E-05 9.9955E-05 9.9955E-05
0.103617 0.128193 0.12346 0.0313608 0.137936 0.0248504 0.402502 9.9991E-05 0.00376142 0.0442187
0.111376 9.9973E-05 0.0545231 0.00686704 0.16212 9.9973E-05 0.491639 0.113423 0.0597526 9.9973E-05
9.9982E-05 0.0283138 0.0524373 0.0579976 0.191519 9.9982E-05 0.631478 0.0129065 0.0139055 0.0112427
9.9964E-05 0.027629 0.0404548 9.9964E-05 0.310023 9.9964E-05 0.548623 0.0533289 9.9964E-05 0.0195418
0.128152 9.9973E-05 0.104699 9.9973E-05 0.178778 0.0347579 0.467784 9.9973E-05 0.0846605 0.000867688
9.9973E-05 0.0476661 0.0470392 0.0908393 0.0285886 0.137307 0.50647 9.9973E-05 0.14179 9.9973E-05
0.0571029 0.0954447 0.0244591 9.9973E-05 0.193123 0.00821303 0.621025 9.9973E-05 9.9973E-05 0.000332462
0.0975475 0.0124438 0.0212535 0.0462455 0.0668616 0.02992 0.582267 0.0305819 0.112779 9.9991E-05
0.0726058 0.121559 0.00126582 9.9982E-05 0.215685 0.0462282 0.490686 0.0311979 9.9982E-05 0.0205722
0.0958559 0.126118 9.9973E-05 9.9973E-05 0.26475 9.9973E-05 0.274977 0.081766 0.131708 0.0245253
0.119208 9.9973E-05 0.0697693 0.008823 0.11984 0.10757 0.529903 9.9973E-05 0.0445862 9.9973E-05
0.104362 0.0915079 9.9964E-05 9.9964E-05 0.11704 9.9964E-05 0.633589 0.00750455 0.0455967 9.9964E-05
0.0817582 0.0802709 0.145815 0.00591903 0.417466 0.0602171 0.177672 0.00220004 0.0267317 0.00194923
9.9964E-05 0.180429 9.9964E-05 9.9964E-05 0.266479 0.015483 0.221856 9.9964E-05 0.31367 0.0016822
0.0934785 0.0137758 0.112807 9.9964E-05 0.21216 9.9964E-05 0.496839 0.0705395 9.9964E-05 9.9964E-05
9.9973E-05 0.19144 0.169936 9.9973E-05 0.306355 0.0420806 0.13156 9.9973E-05 0.141453 0.0168748
0.0877553 0.127562 0.0645291 9.9973E-05 0.412558 9.9973E-05 0.253489 9.9973E-05 0.0366788 0.0171273
9.9964E-05 0.0743265 0.0380329 0.00378806 0.331938 9.9964E-05 0.510206 9.9964E-05 0.041309 9.9964E-05
9.9955E-05 0.0709354 0.132311 9.9955E-05 0.419231 9.9955E-05 0.337494 9.9955E-05 9.9955E-05 0.039529
9.9964E-05 0.0234585 0.111744 9.9964E-05 0.490626 0.0280577 0.290921 0.0547934 9.9964E-05 9.9964E-05
0.0482586 0.132722 9.9991E-05 0.00143291 0.15333 0.061956 0.55273 0.00349753 0.0027618 0.043211
0.0900289 0.0291557 0.0129783 0.122789 0.125528 0.0284314 0.530567 9.9982E-05 0.0603222 9.9982E-05
0.032797 0.0629167 0.0675986 0.00846162 0.222491 0.0916104 0.474404 9.9982E-05 9.9982E-05 0.0395206
9.9973E-05 0.130307 0.0635269 9.9973E-05 0.26376 0.0696559 0.240192 9.9973E-05 0.226261 0.00599672
9.9973E-05 0.066829 0.0962973 0.0677473 0.0776831 9.9973E-05 0.594694 0.0531476 0.0433014 9.9973E-05
9.9973E-05 0.0053104 0.111441 0.0442218 0.0969013 0.0841924 0.451085 9.9973E-05 0.206549 9.9973E-05
9.9982E-05 0.120011 0.0743247 0.080657 0.218072 9.9982E-05 0.0769832 0.0293317 0.367505 0.0329154
9.9964E-05 0.0642577 0.107875 0.0413927 9.9964E-05 0.0308892 0.654419 9.9964E-05 0.100766 9.9964E-05
0.0703635 9.9973E-05 0.231098 0.0465882 0.0330656 0.0337395 0.311466 9.9973E-05 0.273379 9.9973E-05
0.0804982 0.0297849 0.0532657 9.9982E-05 0.0529351 9.9982E-05 0.515666 0.0319254 0.174734 0.0609903
9.9973E-05 0.0544144 0.070333 0.113797 0.0806581 9.9973E-05 0.334053 9.9973E-05 0.343521 0.00292446
9.9973E-05 0.14132 0.109609 0.0230739 0.178905 9.9973E-05 0.179985 9.9973E-05 0.305036 0.06177
9.9991E-05 0.0649363 0.051784 0.137033 0.0486125 0.083648 0.459765 0.120912 0.0287508 0.00445953
9.9973E-05 0.153819 0.0899881 0.00849275 0.123113 9.9973E-05 0.467127 0.0327006 0.12446 9.9973E-05
9.9973E-05 0.00105941 0.0835868 0.167657 0.150633 0.0279582 0.480146 9.9973E-05 0.0886588 9.9973E-05
9.9982E-05 0.0539732 0.134174 0.170415 0.151695 0.116101 0.323376 0.0234039 0.0266617 9.9982E-05
0.0718086 0.0532169 0.0148703 0.022925 0.0987515 0.0341059 0.544301 0.0933267 0.0235442 0.04315
0.140235 9.9991E-05 0.0999231 0.0962911 0.0815189 0.0826211 0.459608 0.00487041 0.0222656 0.012567
0.119202 0.189917 0.177098 0.0401898 0.134884 0.0215787 9.9982E-05 9.9982E-05 0.287289 0.0296417
9.9982E-05 0.119736 0.00474189 9.9982E-05 0.104523 0.1219 0.504748 0.103346 0.0154664 0.0253386
0.109059 0.109616 9.9973E-05 9.9973E-05 0.167807 9.9973E-05 0.451822 0.0415617 0.0558463 0.0639872
9.9955E-05 0.0560043 0.186583 9.9955E-05 0.110414 9.9955E-05 0.386627 9.9955E-05 0.259872 9.9955E-05
0.0177115 0.0914231 0.183662 0.00443018 0.105508 0.000589872 0.425562 9.9991E-05 0.162462 0.00855105
9.9973E-05 0.0464164 0.1294 0.135162 0.0270729 0.0642117 0.582028 0.0154081 9.9973E-05 9.9973E-05
0.129017 0.0793181 0.0817775 0.117235 9.9982E-05 0.0166587 0.429515 0.029162 0.117116 9.9982E-05
9.9973E-05 9.9973E-05 0.0870938 0.0782139 9.9973E-05 0.084637 0.530553 0.0969956 0.058428 0.0637786
0.0613635 0.0429841 9.9982E-05 0.189861 9.9982E-05 0.212661 0.11581 0.112675 0.255864 0.00858088
9.9946E-05 9.9946E-05 9.9946E-05 0.462772 9.9946E-05 0.103181 9.9946E-05 0.0189437 0.414503 9.9946E-05
9.9946E-05 9.9946E-05 9.9946E-05 0.313363 9.9946E-05 0.0935235 9.9946E-05 9.9946E-05 0.536263 0.0562509
0.317352 9.9955E-05 9.9955E-05 0.287414 9.9955E-05 0.16081 9.9955E-05 0.0275969 0.206328 9.9955E-05
9.99281E-05 9.99281E-05 9.99281E-05 9.99281E-05 9.99281E-05 9.99281E-05 0.735359 9.99281E-05 0.263841 9.99281E-05
9.9973E-05 0.0354151 0.0284613 0.108088 9.9973E-05 0.0725863 0.578629 9.9973E-05 0.129523 0.0469978
9.9946E-05 9.9946E-05 9.9946E-05 9.9946E-05 0.0558122 0.672524 0.253996 9.9946E-05 9.9946E-05 0.0170683
9.9955E-05 9.9955E-05 0.0521279 9.9955E-05 0.0552052 0.443864 0.370455 0.0778485 9.9955E-05 9.9955E-05
0.212731 0.0887889 9.9982E-05 0.00950923 0.0638954 0.293877 0.271244 0.031043 9.9982E-05 0.0287119
9.9955E-05 0.144703 0.10303 9.9955E-05 9.9955E-05 9.9955E-05 0.347488 9.9955E-05 0.369286 0.0349928
0.208186 0.107393 0.00806017 9.9982E-05 0.148326 9.9982E-05 0.349037 0.0107268 0.160354 0.00771711
9.9955E-05 0.274928 0.0762485 9.9955E-05 0.0165304 9.9955E-05 0.177549 9.9955E-05 0.454245 9.9955E-05
0.0155991 9.9955E-05 0.161403 9.9955E-05 0.0320754 9.9955E-05 0.612537 9.9955E-05 0.177886 9.9955E-05
0.0168012 0.238561 9.9964E-05 9.9964E-05 0.0234563 9.9964E-05 0.51745 9.9964E-05 0.202544 0.000787596
9.9964E-05 0.115231 0.0463233 9.9964E-05 0.0148949 0.0213505 0.514971 9.9964E-05 0.28683 9.9964E-05
9.9955E-05 0.151725 0.0461716 9.9955E-05 0.117063 9.9955E-05 0.286441 9.9955E-05 0.398099 9.9955E-05
9.9964E-05 9.9964E-05 0.158109 0.060655 9.9964E-05 0.0203126 0.62239 9.9964E-05 0.0680549 0.0700788
0.0239115 9.9982E-05 0.147893 0.00896852 9.9982E-05 0.127556 0.435902 0.0461312 0.160351 0.0490876
0.0406908 0.122109 0.138409 0.111168 0.020343 9.9982E-05 0.455863 0.0341932 9.9982E-05 0.0770233
0.263805 0.107936 0.0274853 0.0737727 0.0461423 0.106238 0.358454 9.9982E-05 0.0159663 9.9982E-05
0.0560529 0.0333271 0.0243873 9.9955E-05 9.9955E-05 0.871934 9.9955E-05 0.013799 9.9955E-05 9.9955E-05
9.9946E-05 0.0254214 9.9946E-05 9.9946E-05 9.9946E-05 0.80597 0.129168 0.0388408 9.9946E-05 9.9946E-05
0.142258 0.0390988 0.0630049 0.0664033 9.9973E-05 0.417088 0.243947 9.9973E-05 9.9973E-05 0.0279006
0.117902 0.0106517 9.9955E-05 9.9955E-05 0.000881509 0.547072 0.322993 9.9955E-05 9.9955E-05 9.9955E-05
9.9946E-05 9.9946E-05 0.0666605 9.9946E-05 9.9946E-05 0.765327 0.158594 9.9946E-05 9.9946E-05 0.00881832
9.9928E-05 9.9928E-05 9.9928E-05 9.9928E-05 9.9928E-05 0.974244 9.9928E-05 9.9928E-05 0.0249561 9.9928E-05
9.9937E-05 9.9937E-05 9.9937E-05 0.0188491 9.9937E-05 0.911378 9.9937E-05 9.9937E-05 0.0690737 9.9937E-05
0.0399981 9.9937E-05 9.9937E-05 9.9937E-05 9.9937E-05 0.802609 0.156693 9.9937E-05 9.9937E-05 9.9937E-05
9.9955E-05 9.9955E-05 0.000986 9.9955E-05 0.00290952 0.941839 0.0444346 9.9955E-05 9.9955E-05 0.00933101
9.99201E-05 9.99201E-05 9.99201E-05 9.99201E-05 9.99201E-05 0.999101 9.99201E-05 9.99201E-05 9.99201E-05 9.99201E-05
9.99201E-05 9.99201E-05 9.99201E-05 9.99201E-05 9.99201E-05 0.999101 9.99201E-05 9.99201E-05 9.99201E-05 9.99201E-05
0.0281357 0.0365838 9.9964E-05 9.9964E-05 9.9964E-05 0.733625 0.129993 0.00199108 9.9964E-05 0.0692717
0.173568 9.9955E-05 9.9955E-05 0.0497119 0.0512814 0.681967 0.0429723 9.9955E-05 9.9955E-05 9.9955E-05
0.0283856 9.9946E-05 0.0204118 9.9946E-05 9.9946E-05 0.946842 9.9946E-05 9.9946E-05 9.9946E-05 0.00376133
0.175305 9.9982E-05 0.071911 9.9982E-05 0.0661131 0.230354 0.30543 0.0710525 0.046123 0.0335112
9.9955E-05 9.9955E-05 9.9955E-05 9.9955E-05 0.0925792 0.587451 0.261301 0.0333565 9.9955E-05 0.0248122
0.179942 9.9955E-05 9.9955E-05 9.9955E-05 9.9955E-05 0.628733 0.118937 0.050057 9.9955E-05 0.0218316
0.0293406 9.9964E-05 9.9964E-05 9.9964E-05 0.0233471 0.797519 0.130149 9.9964E-05 0.00272085 0.0165241
0.210926 9.9928E-05 9.9928E-05 9.9928E-05 9.9928E-05 0.788275 9.9928E-05 9.9928E-05 9.9928E-05 9.9928E-05
0.0877575 9.9946E-05 9.9946E-05 0.0526511 9.9946E-05 0.79524 0.0637515 9.9946E-05 9.9946E-05 9.9946E-05
0.00742212 9.9946E-05 9.9946E-05 9.9946E-05 9.9946E-05 0.924635 9.9946E-05 0.0255996 9.9946E-05 0.0417439
0.209936 0.0292498 0.0041369 0.000647023 0.0328712 0.447969 0.192458 0.0068102 9.9991E-05 0.0758216
9.9964E-05 0.0199692 9.9964E-05 0.0303918 0.00545658 0.879219 0.0571437 9.9964E-05 0.00741967 9.9964E-05
0.0300705 0.0131134 0.000964349 0.193183 9.9973E-05 0.0277624 9.9973E-05 0.0636836 0.670923 9.9973E-05
0.0774694 0.027418 0.065814 0.107351 0.120283 0.0261723 0.362115 0.101928 0.107134 0.00431554
0.132755 0.0623997 0.0662621 0.153368 9.9991E-05 0.0239736 0.248551 0.053638 0.21709 0.0418619
0.0386154 0.0196948 9.9964E-05 0.167156 9.9964E-05 9.9964E-05 0.237047 9.9964E-05 0.509427 0.0276598
0.0966677 0.117052 9.9973E-05 0.137152 9.9973E-05 0.0860705 0.363381 0.0249362 0.17444 9.9973E-05
9.9964E-05 9.9964E-05 0.048088 0.202235 9.9964E-05 0.0625573 0.265228 9.9964E-05 0.393377 0.0281144
0.141265 0.0390844 0.203405 0.0381812 0.0831658 0.0279284 0.330324 0.0966783 0.0276516 0.0123162
0.0751451 0.0173393 0.106789 0.147169 0.0199359 0.078242 0.42507 9.9991E-05 0.122879 0.0073302
9.9964E-05 9.9964E-05 0.0658015 9.9964E-05 0.00450087 0.211563 0.296549 0.0710507 0.350135 9.9964E-05
0.232045 0.0386476 9.9973E-05 0.00111537 0.00958441 9.9973E-05 0.410853 9.9973E-05 0.23287 0.074584
0.222138 9.9964E-05 9.9964E-05 9.9964E-05 9.9964E-05 0.0459377 0.267264 0.111083 0.297226 0.0559505
0.0808981 0.0658024 0.125498 0.102216 9.9982E-05 9.9982E-05 0.435724 0.0459614 0.130992 0.0127074
0.00238481 0.0015652 0.0788055 0.185813 0.00108483 0.0825202 0.49345 9.9982E-05 0.154176 9.9982E-05
0.0115051 9.9973E-05 0.000613277 0.758625 0.0575381 9.9973E-05 0.0860727 0.0634629 0.0218832 9.9973E-05
0.075569 0.0111006 9.9973E-05 0.802801 9.9973E-05 0.0052763 9.9973E-05 0.0171144 0.0125515 0.0752873
0.00536243 9.9955E-05 9.9955E-05 0.897482 0.0362352 9.9955E-05 0.0213177 9.9955E-05 9.9955E-05 0.0391031
9.9946E-05 9.9946E-05 9.9946E-05 0.908391 0.00096211 9.9946E-05 0.0523471 9.9946E-05 9.9946E-05 0.0377004
0.00144476 9.9955E-05 9.9955E-05 0.804207 9.9955E-05 9.9955E-05 0.0759396 9.9955E-05 0.0129562 0.104952
0.0250654 0.00693492 9.9964E-05 0.684652 9.9964E-05 0.0523925 9.9964E-05 0.196288 9.9964E-05 0.0342675
9.9955E-05 9.9955E-05 9.9955E-05 0.648054 9.9955E-05 0.0709669 0.0176752 0.245858 9.9955E-05 0.0169463
0.00138792 0.0549877 9.9964E-05 0.83949 9.9964E-05 9.9964E-05 9.9964E-05 0.0571386 0.034364 0.0122318
9.9964E-05 0.0189558 0.0552642 0.859332 9.9964E-05 9.9964E-05 0.0142411 0.0179884 9.9964E-05 0.033819
0.125935 9.9946E-05 9.9946E-05 0.671881 9.9946E-05 9.9946E-05 9.9946E-05 0.171105 0.0304794 9.9946E-05
9.9973E-05 0.0848687 0.00096327 0.531885 0.28031 0.0213993 9.9973E-05 0.0424346 9.9973E-05 0.0378389
0.0553155 9.9955E-05 0.0252517 0.521832 0.344936 9.9955E-05 9.9955E-05 0.0521653 9.9955E-05 9.9955E-05
9.9973E-05 0.0376689 0.0379519 0.466384 0.267553 9.9973E-05 9.9973E-05 0.0534699 0.130191 0.00648117
9.9955E-05 0.0173256 0.0594518 0.49858 0.376402 9.9955E-05 9.9955E-05 9.9955E-05 0.0477405 9.9955E-05
0.0180098 0.0113814 0.244084 0.061028 0.133129 0.0387342 0.493334 9.9973E-05 9.9973E-05 9.9973E-05
9.9973E-05 0.0560029 0.399231 9.9973E-05 0.0423524 0.0949751 0.356042 0.0493455 9.9973E-05 0.00175132
9.9973E-05 9.9973E-05 0.243177 0.00745626 0.140642 0.0864982 0.48981 0.0213872 0.01073 9.9973E-05
0.0962972 0.00166143 0.107807 0.146577 0.116749 0.0449561 0.413291 0.00377037 0.0687916 9.9991E-05
0.00932361 9.9973E-05 0.237017 0.000789926 0.237028 9.9973E-05 0.406587 9.9973E-05 0.017529 0.0914259
9.9955E-05 9.9955E-05 0.186116 9.9955E-05 0.574462 0.0326607 0.173331 9.9955E-05 9.9955E-05 0.0329308
0.00809508 0.0959664 0.0945388 0.0749332 0.0481038 9.9973E-05 0.677614 0.00044932 9.9973E-05 9.9973E-05
9.9964E-05 0.0357948 0.231963 9.9964E-05 0.0774243 0.022802 0.552482 0.0791341 9.9964E-05 9.9964E-05
9.9964E-05 9.9964E-05 0.314525 0.043185 0.0965108 0.0152582 0.47563 9.9964E-05 0.0544905 9.9964E-05
0.109719 0.0267567 0.560814 9.9955E-05 0.016339 9.9955E-05 0.285871 9.9955E-05 9.9955E-05 9.9955E-05
0.00680439 0.0259661 0.240459 0.0987877 0.0116728 0.0593616 0.526252 9.9991E-05 0.0257147 0.00488258
0.0042832 9.9955E-05 0.449835 9.9955E-05 0.102648 9.9955E-05 0.382505 0.06023 9.9955E-05 9.9955E-05
9.9946E-05 0.217176 0.722975 9.9946E-05 0.000336746 9.9946E-05 9.9946E-05 9.9946E-05 0.0589127 9.9946E-05
9.9973E-05 0.0395647 0.232054 9.9973E-05 0.0200856 0.0762184 0.535689 9.9973E-05 0.0624502 0.0336388
9.9946E-05 9.9946E-05 0.484481 9.9946E-05 9.9946E-05 9.9946E-05 0.337964 0.0133622 0.163593 9.9946E-05
9.9964E-05 0.0202221 0.396372 9.9964E-05 9.9964E-05 9.9964E-05 0.45924 0.0280548 0.076263 0.0194475
9.9955E-05 0.0084508 0.579124 0.0614402 0.22811 9.9955E-05 0.122375 9.9955E-05 9.9955E-05 9.9955E-05
9.9946E-05 9.9946E-05 9.9946E-05 0.0413092 0.741847 9.9946E-05 9.9946E-05 0.0896924 0.126552 9.9946E-05
0.0171965 9.9955E-05 9.9955E-05 9.9955E-05 0.730348 9.9955E-05 0.0377965 0.180545 0.0336144 9.9955E-05
9.9937E-05 0.00146707 9.9937E-05 9.9937E-05 0.887215 9.9937E-05 9.9937E-05 0.110618 9.9937E-05 9.9937E-05
9.9946E-05 9.9946E-05 0.00513329 0.0151449 0.837309 9.9946E-05 9.9946E-05 0.141813 9.9946E-05 9.9946E-05
9.9946E-05 9.9946E-05 9.9946E-05 9.9946E-05 0.821198 9.9946E-05 0.0362488 0.0936009 0.0483527 9.9946E-05
0.0551595 9.9955E-05 9.9955E-05 9.9955E-05 0.766205 0.00910605 0.0440691 0.12496 9.9955E-05 9.9955E-05
0.0986286 9.9964E-05 0.0433533 0.752203 9.9964E-05 0.0297914 9.9964E-05 0.0598073 9.9964E-05 0.0158167
0.108634 9.9946E-05 9.9946E-05 0.82906 0.0303021 9.9946E-05 0.031404 9.9946E-05 9.9946E-05 9.9946E-05
0.0761485 9.9964E-05 9.9964E-05 0.631629 9.9964E-05 0.0439569 0.109751 0.0957342 9.9964E-05 0.0423814
0.112501 9.9973E-05 9.9973E-05 0.640925 0.0754331 0.0366534 0.0413918 0.0631226 9.9973E-05 0.0296735
0.00031234 9.9973E-05 0.0284249 0.778352 0.00504301 0.0799387 0.0994249 9.9973E-05 0.00820392 9.9973E-05
9.9946E-05 9.9946E-05 0.00100459 0.363668 0.567351 9.9946E-05 9.9946E-05 9.9946E-05 0.0673774 9.9946E-05
9.9946E-05 0.12482 0.0554893 0.476381 0.34271 9.9946E-05 9.9946E-05 9.9946E-05 9.9946E-05 9.9946E-05
9.9955E-05 0.135701 9.9955E-05 0.416641 0.411846 0.00117359 9.9955E-05 9.9955E-05 9.9955E-05 0.0341394
9.99201E-05 9.99201E-05 9.99201E-05 9.99201E-05 9.99201E-05 9.99201E-05 9.99201E-05 9.99201E-05 9.99201E-05 0.999101
0.0155577 9.9964E-05 0.0793434 0.310741 0.501738 9.9964E-05 9.9964E-05 0.073384 9.9964E-05 0.0188353
0.400663 9.9964E-05 9.9964E-05 9.9964E-05 9.9964E-05 0.140066 0.18134 0.103431 0.16557 0.00853024
0.197523 0.0160942 0.0161272 0.0289882 9.9982E-05 0.104494 0.502197 0.0220142 0.112362 9.9982E-05
0.265432 9.9955E-05 9.9955E-05 0.139517 9.9955E-05 0.173097 0.387401 9.9955E-05 9.9955E-05 0.0340527
0.44637 9.9973E-05 0.117161 0.099678 9.9973E-05 0.0444297 0.128709 0.0682466 0.0951057 9.9973E-05
0.0464518 0.0281391 0.0719352 0.0445934 0.0241242 0.157116 0.4629 0.0627131 0.0280264 0.0740001
0.112487 9.9955E-05 9.9955E-05 0.249894 9.9955E-05 0.204234 9.9955E-05 0.111 0.321886 9.9955E-05
9.9991E-05 0.0340324 0.0819706 0.0309525 0.282001 0.0514528 0.453738 0.00553801 0.0562173 0.00399755
0.0379476 0.280574 0.0631604 0.0223875 0.152681 9.9973E-05 0.359587 9.9973E-05 0.0833631 9.9973E-05
0.073774 0.0349302 9.9964E-05 0.0798693 0.510243 9.9964E-05 0.277469 9.9964E-05 9.9964E-05 0.023315
0.0329298 0.242071 0.102771 9.9982E-05 0.0946102 9.9982E-05 0.480549 0.0177786 0.0256742 0.00341656
9.9946E-05 0.382595 0.195265 9.9946E-05 0.194019 9.9946E-05 9.9946E-05 9.9946E-05 0.227522 9.9946E-05
0.0783098 0.0357222 0.00989911 9.9982E-05 0.215094 9.9982E-05 0.491068 0.081807 0.0445614 0.043339
9.9964E-05 0.176776 9.9964E-05 0.0243173 0.153274 9.9964E-05 0.534799 9.9964E-05 0.0872466 0.023187
9.9964E-05 0.0336328 0.0909167 0.0243963 0.382823 9.9964E-05 0.412295 9.9964E-05 0.0555369 9.9964E-05
0.0939537 0.11827 0.0061806 9.9973E-05 0.184014 0.0625844 0.460272 0.0744254 9.9973E-05 9.9973E-05
9.9955E-05 0.141132 0.138996 9.9955E-05 0.301811 9.9955E-05 0.118441 9.9955E-05 0.29912 9.9955E-05
9.9973E-05 0.157708 0.0554991 9.9973E-05 0.147729 0.0244646 0.486166 0.0168825 0.11125 9.9973E-05
9.9964E-05 9.9964E-05 0.0706856 9.9964E-05 0.222831 0.0197621 0.570158 9.9964E-05 0.0925795 0.0235836
0.37993 9.9973E-05 0.185412 0.108062 0.0639525 0.0284211 0.227453 9.9973E-05 9.9973E-05 0.00646846
9.9946E-05 0.165892 9.9946E-05 9.9946E-05 0.24052 9.9946E-05 0.431444 9.9946E-05 0.161545 9.9946E-05
9.9964E-05 0.060211 0.128029 9.9964E-05 0.239306 0.0139641 0.474187 9.9964E-05 0.0839027 9.9964E-05
0.0877892 0.149759 9.9964E-05 0.0587014 0.142438 9.9964E-05 0.50859 9.9964E-05 0.0523221 9.9964E-05
0.0188401 9.9973E-05 0.0972507 0.0151774 0.141262 9.9973E-05 0.619429 0.0292095 0.078531 9.9973E-05
0.0539658 0.0215086 0.0879187 0.0332504 0.149301 0.0301935 0.587697 0.027949 9.9991E-05 0.00811642
0.108951 9.9964E-05 0.16441 0.116096 0.122183 0.084838 0.403123 9.9964E-05 9.9964E-05 9.9964E-05
0.119365 9.9964E-05 0.0707469 0.0851658 0.0648537 9.9964E-05 0.54059 9.9964E-05 0.11888 9.9964E-05
9.99201E-05 9.99201E-05 9.99201E-05 9.99201E-05 9.99201E-05 9.99201E-05 9.99201E-05 0.999101 9.99201E-05 9.99201E-05
9.9928E-05 9.9928E-05 9.9928E-05 0.012017 9.9928E-05 9.9928E-05 9.9928E-05 0.987184 9.9928E-05 9.9928E-05
9.9964E-05 0.0283523 9.9964E-05 0.448922 0.0257388 9.9964E-05 0.0363185 0.412256 0.0480126 9.9964E-05
9.9928E-05 0.00947219 9.9928E-05 9.9928E-05 9.9928E-05 9.9928E-05 9.9928E-05 0.989728 9.9928E-05 9.9928E-05
9.9946E-05 9.9946E-05 9.9946E-05 0.0596452 9.9946E-05 9.9946E-05 0.0114721 0.887303 9.9946E-05 0.0409798
9.9964E-05 0.0234962 9.9964E-05 0.0677496 0.54843 0.0121271 0.288811 9.9964E-05 0.0589866 9.9964E-05
0.120819 0.131204 0.0129652 0.0341677 0.111432 0.0847766 0.450171 9.9982E-05 0.0542642 9.9982E-05
0.243794 0.0300968 0.11684 0.0731515 9.9982E-05 0.0589811 0.37009 9.9982E-05 0.0654633 0.0413836
0.0650194 0.0864609 9.9973E-05 9.9973E-05 0.0864094 0.0474437 0.649822 9.9973E-05 0.0454278 0.0191166
0.0178677 9.9955E-05 0.0841826 9.9955E-05 0.323414 9.9955E-05 0.50839 0.0656454 9.9955E-05 9.9955E-05
9.9955E-05 0.107335 9.9955E-05 9.9955E-05 0.303609 0.0346757 0.320885 9.9955E-05 0.232996 9.9955E-05
9.9964E-05 0.063618 0.0979304 9.9964E-05 0.608543 9.9964E-05 9.9964E-05 0.188123 0.00682742 0.0345588
0.000567589 0.0494469 9.9982E-05 9.9982E-05 0.302643 0.00667214 0.521113 0.094713 0.0140757 0.0105681
9.9964E-05 0.186331 9.9964E-05 0.0604379 0.498542 0.0828669 0.162439 9.9964E-05 9.9964E-05 0.00898333
0.107075 0.0120624 0.00995032 0.0118888 0.172765 9.9991E-05 0.417156 0.0212647 0.219036 0.0287016
0.0377232 0.150108 9.9973E-05 0.100128 0.55231 9.9973E-05 0.0906943 0.0260491 9.9973E-05 0.0426873
9.99793E-05 9.99793E-05 0.02846 9.99793E-05 0.134927 0.0477139 0.632778 0.0569061 0.0251592 0.0737566
0.0023608 0.111746 0.0457969 0.0608368 0.472131 9.9991E-05 0.227815 0.0289487 0.0318276 0.0184374
0.0422215 9.9982E-05 0.0540749 0.0412534 9.9982E-05 0.0159033 0.544794 0.110659 0.172101 0.0187934
0.00576348 0.124342 0.0344678 9.9991E-05 0.31418 0.0703494 0.343837 0.0313449 0.0729991 0.0026157
9.9982E-05 0.0107567 0.0364829 0.00637115 0.0650356 9.9982E-05 0.531249 0.0537302 0.247828 0.0483465
9.9964E-05 0.137503 0.043013 9.9964E-05 0.00340409 0.0423276 0.307671 9.9964E-05 0.465682 9.9964E-05
9.9991E-05 0.027297 0.0925402 0.0216596 0.0208504 0.018566 0.548872 0.0564056 0.197422 0.0162869
0.0342257 9.9973E-05 0.0118531 0.036293 9.9973E-05 0.0297883 0.626503 9.9973E-05 0.200842 0.0601953
9.9955E-05 0.0898959 0.0467736 9.9955E-05 0.0902548 9.9955E-05 0.361689 9.9955E-05 0.410887 9.9955E-05
9.9991E-05 0.132841 0.0634535 0.123148 0.0334086 0.00349131 0.489499 0.0781847 0.0568161 0.0190583
9.9982E-05 0.115668 0.138786 0.0586958 0.0568023 0.127691 0.468753 0.0181349 9.9982E-05 0.015269
0.00105991 0.122857 0.0842378 9.9964E-05 9.9964E-05 9.9964E-05 0.518032 0.104982 0.168431 9.9964E-05
9.9955E-05 0.117124 0.102719 9.9955E-05 0.114273 9.9955E-05 0.124067 9.9955E-05 0.541317 9.9955E-05
9.9955E-05 0.0499959 0.0950694 9.9955E-05 0.039479 9.9955E-05 0.285757 9.9955E-05 0.529199 9.9955E-05
9.9955E-05 0.0478064 9.9955E-05 9.9955E-05 0.0838412 9.9955E-05 0.549832 9.9955E-05 0.300012 0.0180088
0.107966 9.9982E-05 0.0780152 0.0860449 0.0812158 0.0561839 0.479713 9.9982E-05 0.0659586 0.044703
9.9955E-05 0.138104 0.165178 9.9955E-05 0.0924044 9.9955E-05 0.189114 9.9955E-05 0.4147 9.9955E-05
0.0243879 9.9964E-05 0.108568 9.9964E-05 0.126809 9.9964E-05 0.464571 0.0390771 0.236187 9.9964E-05
0.158955 0.0976579 0.180837 9.9964E-05 0.514749 9.9964E-05 0.0244611 9.9964E-05 9.9964E-05 0.0229405
9.9964E-05 0.239428 0.0895704 9.9964E-05 0.310319 0.0246842 0.234597 9.9964E-05 0.101002 9.9964E-05
0.0704493 0.0953668 0.097648 9.9991E-05 0.303838 0.0877364 0.284904 0.0035266 0.00395614 0.0524745
0.192175 0.0616629 0.0659278 0.00371153 0.150989 9.9982E-05 0.483567 0.0395804 0.0021863 9.9982E-05
9.9973E-05 0.012413 0.189501 9.9973E-05 0.486926 0.0586831 0.212686 9.9973E-05 0.0385588 0.000932541
0.107994 0.131493 0.0100637 0.0228655 0.101436 9.9991E-05 0.445123 0.01095 0.132789 0.037185
9.9955E-05 9.9955E-05 0.09116 9.9955E-05 0.162454 0.119672 0.529324 0.0968903 9.9955E-05 9.9955E-05
0.127552 0.113645 0.00564867 9.9973E-05 0.234033 0.0376478 0.455963 0.0252109 9.9973E-05 9.9973E-05
9.9982E-05 0.0567667 0.121325 9.9982E-05 0.198873 0.132273 0.420081 0.026083 0.0172975 0.0271022
0.0633158 0.0132589 0.197501 0.00369348 0.287107 0.0702513 0.307596 9.9982E-05 9.9982E-05 0.0570762
0.0177014 0.017131 0.17786 9.9964E-05 0.453793 0.14919 0.183923 9.9964E-05 9.9964E-05 9.9964E-05
0.0595578 0.0594363 0.217008 9.9964E-05 0.364696 0.0748406 0.224062 9.9964E-05 9.9964E-05 9.9964E-05
9.9964E-05 0.047551 0.00784983 9.9964E-05 0.148439 0.0343368 0.670022 9.9964E-05 0.0914014 9.9964E-05
9.9991E-05 0.094427 0.0591048 0.067078 0.0503731 0.0517893 0.643048 0.00779216 0.0119091 0.0143783
0.0949787 0.0489364 0.0975767 9.9973E-05 0.235375 9.9973E-05 0.35029 9.9973E-05 0.134161 0.0383823
0.0438097 0.104505 0.0910402 9.9973E-05 0.24857 0.0470115 0.432185 9.9973E-05 0.0325791 9.9973E-05
0.124139 9.9964E-05 9.9964E-05 9.9964E-05 0.333513 0.0235864 0.369936 9.9964E-05 0.0964594 0.0519665
0.127124 9.9955E-05 0.0601541 9.9955E-05 0.200967 9.9955E-05 0.540888 0.0703674 9.9955E-05 9.9955E-05
9.9973E-05 0.206146 0.00772499 0.0192197 0.164681 0.0325941 0.481365 0.0879693 9.9973E-05 9.9973E-05
0.0607159 0.0227396 0.00813224 0.0112638 0.188037 9.9982E-05 0.551851 9.9982E-05 0.0874049 0.0696549
0.133615 9.9982E-05 0.0290201 0.133304 9.9982E-05 0.0944907 0.301698 0.146407 0.129155 0.0321098
0.338336 9.9973E-05 0.141044 9.9973E-05 9.9973E-05 0.099645 0.311697 0.0744097 0.0299218 0.00464696
0.296273 9.9982E-05 0.103209 0.0110188 0.0950784 0.0644389 0.331229 9.9982E-05 0.0433526 0.0552009
9.9991E-05 0.0020304 0.00364235 0.0257521 0.0552746 0.08597 0.598047 0.0372496 0.154656 0.0372782
0.303281 9.9973E-05 0.149693 0.0928047 9.9973E-05 0.111972 0.273971 0.0197311 9.9973E-05 0.0482474
9.9955E-05 0.241695 9.9955E-05 9.9955E-05 0.152296 0.0476733 0.461409 9.9955E-05 0.0964267 9.9955E-05
0.17775 0.048798 0.0469553 0.173919 0.108771 0.02733 0.413742 9.9982E-05 9.9982E-05 0.00253411
0.257589 0.0282456 0.125921 0.111778 0.0537929 9.9964E-05 9.9964E-05 9.9964E-05 0.422274 9.9964E-05
0.175945 0.0202359 0.0579552 9.9991E-05 0.0821575 0.124507 0.321104 0.104634 0.11027 0.00309237
0.16128 0.0262474 0.0794152 0.0482195 0.0447723 0.0210307 0.517627 0.0436544 9.9991E-05 0.057654
0.171044 0.0607822 9.9982E-05 0.0646158 9.9982E-05 0.0940651 0.495084 0.0781453 0.0326457 0.00341798
0.248457 0.0292144 0.14623 0.0516095 0.142315 0.0369825 0.122205 0.0281345 0.150787 0.0440637
0.316712 0.0387464 0.0381846 0.119109 9.9964E-05 9.9964E-05 0.426299 9.9964E-05 0.0605496 9.9964E-05
0.307896 0.0798292 9.9982E-05 0.0663498 0.0178506 9.9982E-05 0.38376 0.0109989 0.0706105 0.0625053
0.0735008 9.9964E-05 9.9964E-05 0.202663 9.9964E-05 0.113769 9.9964E-05 0.164838 0.393542 0.0512877
0.0896746 9.9982E-05 0.0492018 0.0668309 0.0159792 0.120507 0.506783 9.9982E-05 0.0433718 0.107453
0.24079 9.9955E-05 9.9955E-05 0.116463 9.9955E-05 9.9955E-05 0.532867 9.9955E-05 0.0961352 0.0132447
0.0845534 0.0718304 9.9973E-05 0.00469749 9.9973E-05 0.0809905 0.551939 0.0456687 0.160021 9.9973E-05
0.183631 0.00135121 9.9973E-05 0.139058 0.031117 0.156081 0.433068 9.9973E-05 0.0553941 9.9973E-05
0.164553 0.01051 0.0318435 0.107988 0.0512959 0.0549404 0.484508 0.00540966 0.0381688 0.050783
0.0492747 0.304591 0.122855 9.9964E-05 9.9964E-05 9.9964E-05 0.408025 0.0615603 9.9964E-05 0.053294
0.20377 0.199179 0.0680875 0.0247029 0.00470845 9.9973E-05 0.451 0.048252 9.9973E-05 9.9973E-05
9.9928E-05 0.917028 9.9928E-05 9.9928E-05 0.082173 9.9928E-05 9.9928E-05 9.9928E-05 9.9928E-05 9.9928E-05
0.051823 0.153284 0.152451 0.184097 9.9964E-05 0.0759626 0.381982 9.9964E-05 9.9964E-05 9.9964E-05
9.9982E-05 0.15588 0.0582484 0.124453 9.9982E-05 0.05052 0.528478 0.0443232 0.000941949 0.0369551
9.9964E-05 0.886858 0.0364268 0.0372176 0.0302211 9.9964E-05 9.9964E-05 0.00432106 0.00455592 9.9964E-05
0.107664 0.313233 9.9955E-05 9.9955E-05 0.0385701 0.0306062 0.509427 9.9955E-05 9.9955E-05 9.9955E-05
0.12045 0.0980956 0.112672 9.9991E-05 0.0466016 0.0617618 0.363162 0.116825 0.0492148 0.0311179
0.483062 0.0882163 9.9973E-05 0.0378889 0.056907 0.0299636 0.281794 9.9973E-05 0.0218687 9.9973E-05
0.648703 0.240397 9.9964E-05 9.9964E-05 9.9964E-05 0.0437975 0.0203227 0.028459 0.0179212 9.9964E-05
0.525596 0.156073 0.0246161 0.156372 9.9982E-05 0.0172265 0.00761184 9.9982E-05 0.104301 0.00800396
0.513787 0.195674 9.9973E-05 0.0488618 0.0172712 9.9973E-05 0.173652 0.0265865 9.9973E-05 0.0238675
0.249229 0.0468319 0.0505203 0.0293164 0.0988236 0.0109722 0.403634 0.0491469 9.9991E-05 0.0614251
0.172389 0.655601 9.9946E-05 9.9946E-05 9.9946E-05 9.9946E-05 9.9946E-05 0.0388125 0.132598 9.9946E-05
0.16085 0.598049 9.9964E-05 9.9964E-05 9.9964E-05 0.015651 0.0883606 0.0484411 9.9964E-05 0.088248
0.102236 0.336597 9.9964E-05 0.00267358 9.9964E-05 0.0965694 0.444831 9.9964E-05 9.9964E-05 0.0166936
0.00389092 0.377264 9.9964E-05 0.0349481 9.9964E-05 0.120832 0.440838 9.9964E-05 9.9964E-05 0.0218269
0.192055 0.616769 9.9964E-05 9.9964E-05 9.9964E-05 0.00508042 0.109198 0.02489 9.9964E-05 0.0516072
0.139057 0.300405 0.0041679 0.0359155 0.00946449 0.0032273 0.476301 0.0182492 9.9991E-05 0.0131127
0.173949 0.26756 9.9946E-05 0.0366843 9.9946E-05 9.9946E-05 0.521206 9.9946E-05 9.9946E-05 9.9946E-05
0.188455 0.0911269 0.0475711 0.0816799 0.0569702 0.0844799 0.408962 0.0194259 0.0106734 0.0106562
9.9955E-05 0.493562 9.9955E-05 0.00526077 0.0631102 9.9955E-05 0.37177 0.0657969 9.9955E-05 9.9955E-05
0.0606899 0.443705 0.093593 9.9973E-05 0.0410518 9.9973E-05 0.321867 9.9973E-05 0.00758501 0.0312086
0.0375796 0.0373171 0.204254 0.184465 9.9964E-05 9.9964E-05 0.505744 0.0302402 9.9964E-05 9.9964E-05
0.21118 0.238044 9.9946E-05 9.9946E-05 0.106491 9.9946E-05 0.443685 9.9946E-05 9.9946E-05 9.9946E-05
0.0844254 0.288553 0.0359137 9.9991E-05 0.0174552 0.017721 0.375473 0.0353149 0.0920285 0.0530147
