9.9964E-05 0.0634803 0.825467 0.00653227 9.9964E-05 0.00641557 0.0789445 9.9964E-05 9.9964E-05 0.0187607
9.9946E-05 0.0314694 0.907081 9.9946E-05 9.9946E-05 9.9946E-05 9.9946E-05 0.0306134 9.9946E-05 0.0302366
0.0341046 0.0539186 0.775444 0.0506855 0.000454952 0.0147472 9.9973E-05 9.9973E-05 9.9973E-05 0.070345
9.9955E-05 0.0175506 0.822401 0.0626973 9.9955E-05 9.9955E-05 0.0902718 9.9955E-05 0.00657946 9.9955E-05
9.9946E-05 9.9946E-05 0.897516 0.00141673 9.9946E-05 9.9946E-05 0.0104721 0.0899956 9.9946E-05 9.9946E-05
0.303193 9.9973E-05 0.579787 0.0343998 0.0650172 9.9973E-05 0.00184148 9.9973E-05 0.0147557 0.00070625
0.153263 0.0789746 0.721938 9.9955E-05 9.9955E-05 0.0323387 9.9955E-05 9.9955E-05 0.0129859 9.9955E-05
0.220662 9.9946E-05 0.690045 9.9946E-05 9.9946E-05 9.9946E-05 9.9946E-05 0.0051648 0.0835286 9.9946E-05
9.99639E-05 0.00878453 0.760908 9.99639E-05 9.99639E-05 0.111486 0.0557348 9.99639E-05 0.0365606 0.0261259
0.22433 0.0529993 0.608393 0.0868635 9.9955E-05 9.9955E-05 9.9955E-05 9.9955E-05 0.0269149 9.9955E-05
0.213952 9.9955E-05 0.685519 0.0188051 9.9955E-05 9.9955E-05 0.0564987 9.9955E-05 0.0247252 9.9955E-05
0.0459591 9.9964E-05 0.00522204 0.0539728 0.880624 9.9964E-05 0.0116422 9.9964E-05 0.00218028 9.9964E-05
9.9937E-05 9.9937E-05 9.9937E-05 9.9937E-05 0.902694 0.0889347 9.9937E-05 0.00767174 9.9937E-05 9.9937E-05
9.9955E-05 9.9955E-05 0.101815 0.0708233 0.742475 0.00489558 9.9955E-05 0.0794912 9.9955E-05 9.9955E-05
0.015086 0.00729457 0.0516501 9.9955E-05 0.856013 9.9955E-05 0.0694562 9.9955E-05 9.9955E-05 9.9955E-05
0.037694 9.9946E-05 9.9946E-05 0.0776769 0.814142 0.0698875 9.9946E-05 9.9946E-05 9.9946E-05 9.9946E-05
9.9946E-05 0.00380465 0.024012 0.0239209 0.947663 9.9946E-05 9.9946E-05 9.9946E-05 9.9946E-05 9.9946E-05
9.9946E-05 9.9946E-05 0.0038335 0.115158 0.846168 0.0342417 9.9946E-05 9.9946E-05 9.9946E-05 9.9946E-05
0.0493575 9.9964E-05 0.0098015 9.9964E-05 0.877073 9.9964E-05 0.0261546 0.0271762 0.0100377 9.9964E-05
9.99201E-05 0.999101 9.99201E-05 9.99201E-05 9.99201E-05 9.99201E-05 9.99201E-05 9.99201E-05 9.99201E-05 9.99201E-05
9.99201E-05 0.999101 9.99201E-05 9.99201E-05 9.99201E-05 9.99201E-05 9.99201E-05 9.99201E-05 9.99201E-05 9.99201E-05
9.9973E-05 0.332779 0.497662 0.0469203 0.0927395 9.9973E-05 0.00534523 0.0120441 9.9973E-05 0.0122104
0.0123165 0.264534 0.523104 0.0525816 9.9964E-05 0.0447934 9.9964E-05 9.9964E-05 9.9964E-05 0.10227
9.9955E-05 9.9955E-05 0.0978414 0.0383855 0.668035 9.9955E-05 0.149446 9.9955E-05 9.9955E-05 0.0457925
9.9955E-05 0.0707993 9.9955E-05 9.9955E-05 0.216306 0.0334118 9.9955E-05 9.9955E-05 0.0378117 0.641171
0.110948 9.9973E-05 9.9973E-05 0.119457 9.9973E-05 0.016412 0.00707623 0.0318471 0.0312983 0.682661
0.0880511 9.9955E-05 9.9955E-05 9.9955E-05 9.9955E-05 0.25412 0.0549432 0.0175504 9.9955E-05 0.584836
0.0050108 9.9973E-05 9.9973E-05 9.9973E-05 0.521931 0.0555414 0.091394 0.110309 0.0570067 0.158507
0.163227 9.9973E-05 9.9973E-05 9.9973E-05 0.342607 0.164033 0.0184782 0.0513283 0.0570123 0.203015
9.9982E-05 0.0134524 0.0200071 0.0452387 0.410996 0.0457442 0.115279 9.9982E-05 0.100614 0.248468
0.0633584 0.0596311 0.140742 9.9982E-05 0.497674 0.0884255 0.00236005 9.9982E-05 0.0893023 0.058307
0.0751101 0.0423469 9.9973E-05 9.9973E-05 0.648405 0.0646278 9.9973E-05 0.017778 0.14837 0.00306173
0.0863912 0.0294309 9.9982E-05 0.0541796 0.551712 0.109287 0.0487342 0.00160705 9.9982E-05 0.118458
0.0412652 0.0531184 0.000151958 9.9982E-05 0.619665 0.0222115 0.114075 0.135735 0.013578 9.9982E-05
9.9964E-05 0.0300248 0.0111715 0.0056855 0.359275 9.9964E-05 9.9964E-05 9.9964E-05 0.00342728 0.590016
9.9946E-05 9.9946E-05 0.0134674 9.9946E-05 9.9946E-05 0.0240913 9.9946E-05 9.9946E-05 0.0305128 0.931329
0.0956503 9.9937E-05 9.9937E-05 9.9937E-05 0.0708629 9.9937E-05 9.9937E-05 9.9937E-05 9.9937E-05 0.832787
9.9946E-05 9.9946E-05 0.0134315 0.0977563 0.0836039 9.9946E-05 9.9946E-05 9.9946E-05 9.9946E-05 0.804609
9.9964E-05 9.9964E-05 0.0161636 0.0649147 0.260525 9.9964E-05 0.0618158 9.9964E-05 0.0347397 0.561442
9.9973E-05 0.0209081 0.0277741 0.0558765 0.203747 9.9973E-05 0.0747971 9.9973E-05 0.145746 0.470851
0.141953 9.9964E-05 9.9964E-05 9.9964E-05 9.9964E-05 0.0680832 0.0237984 0.0614014 0.0142145 0.690149
9.9955E-05 0.0401087 0.77572 0.073682 0.0713193 9.9955E-05 9.9955E-05 9.9955E-05 0.0386705 9.9955E-05
9.9946E-05 0.127779 0.809298 0.0319842 9.9946E-05 9.9946E-05 9.9946E-05 0.0303394 9.9946E-05 9.9946E-05
9.9964E-05 0.116408 0.75121 0.00953459 9.9964E-05 0.105443 9.9964E-05 9.9964E-05 0.0140046 0.00299973
9.9946E-05 0.103121 0.739535 0.00368383 9.9946E-05 0.15306 9.9946E-05 9.9946E-05 9.9946E-05 9.9946E-05
9.9973E-05 0.0920715 0.724648 0.0575338 0.0182379 0.0985908 9.9973E-05 9.9973E-05 0.00748233 0.00113626
9.9964E-05 0.0564932 0.759302 0.0485645 9.9964E-05 0.111433 9.9964E-05 0.0147935 0.00901428 9.9964E-05
9.9955E-05 0.0578222 0.823603 0.0299948 9.9955E-05 0.0835666 9.9955E-05 0.00451368 9.9955E-05 9.9955E-05
9.9937E-05 9.9937E-05 0.0349995 9.9937E-05 0.194561 9.9937E-05 9.9937E-05 9.9937E-05 9.9937E-05 0.76974
9.9946E-05 9.9946E-05 0.0608536 9.9946E-05 0.200902 9.9946E-05 9.9946E-05 9.9946E-05 0.0833147 0.65433
9.9955E-05 0.0103676 9.9955E-05 0.213143 0.045446 9.9955E-05 9.9955E-05 9.9955E-05 0.0435404 0.687004
9.9973E-05 9.9973E-05 0.0135516 0.0741406 0.376967 0.0766897 0.0894625 0.19972 9.9973E-05 0.169168
9.9964E-05 9.9964E-05 0.0413026 0.108057 0.435609 9.9964E-05 0.176202 0.105311 9.9964E-05 0.133118
9.9982E-05 0.0181626 9.9982E-05 0.02746 0.253221 0.198144 0.0575625 0.194426 0.0933804 0.157444
9.9973E-05 9.9973E-05 9.9973E-05 0.0424629 0.0803755 0.110526 0.111451 0.283335 0.170238 0.201311
9.9955E-05 9.9955E-05 0.0244712 9.9955E-05 0.720198 9.9955E-05 0.0733092 0.131878 9.9955E-05 0.0496433
0.0390786 9.9964E-05 9.9964E-05 0.0926324 0.754005 9.9964E-05 9.9964E-05 0.053807 0.0431282 0.0169493
0.103421 0.00909976 9.9991E-05 0.0567665 0.432369 0.126334 0.0578277 0.0184093 0.0170394 0.178634
0.502059 9.9973E-05 0.0916775 9.9973E-05 0.0745522 0.108365 0.0658883 0.101143 0.056015 9.9973E-05
0.182518 0.0420029 9.9991E-05 0.0107404 0.291303 0.220985 0.0730399 0.00253392 0.011904 0.164872
0.567166 0.0312843 0.0452324 9.9973E-05 0.117614 0.00233539 0.101992 0.134075 9.9973E-05 9.9973E-05
0.304023 0.01597 0.0334002 0.0930385 0.285196 9.9991E-05 0.00246634 0.0731556 0.0261042 0.166546
0.219445 0.0590826 9.9982E-05 0.0915669 0.155274 0.201057 0.00277251 0.0282272 9.9982E-05 0.242376
0.385832 0.00144218 9.9973E-05 0.0353703 0.278582 9.9973E-05 9.9973E-05 0.04169 0.0420992 0.214684
0.215325 0.0619245 0.169182 0.268775 0.00270802 0.189819 0.0602212 9.9982E-05 9.9982E-05 0.0318445
0.0262653 0.029278 0.298291 0.0680907 9.9964E-05 0.569292 0.00838302 9.9964E-05 9.9964E-05 9.9964E-05
0.0262437 0.0344127 0.155165 0.110471 9.9964E-05 0.632195 9.9964E-05 0.0411123 9.9964E-05 9.9964E-05
0.122145 0.0220475 0.194836 0.281891 0.0321566 0.318156 0.0263166 0.00225164 9.9982E-05 9.9982E-05
0.552373 0.0255723 9.9964E-05 0.11274 0.13056 9.9964E-05 9.9964E-05 0.0368328 9.9964E-05 0.141522
0.705447 9.9964E-05 9.9964E-05 0.0300932 0.0904566 9.9964E-05 0.00387671 0.153405 9.9964E-05 0.0163217
0.61706 0.0220203 9.9982E-05 0.0575135 0.142714 0.0187169 9.9982E-05 0.0347929 0.050267 0.0567148
0.0632335 9.9946E-05 0.0330625 0.90248 9.9946E-05 9.9946E-05 9.9946E-05 9.9946E-05 0.000624038 9.9946E-05
0.00951978 9.9955E-05 0.0114653 0.923911 0.0262936 9.9955E-05 0.0283106 9.9955E-05 9.9955E-05 9.9955E-05
9.9937E-05 0.0165383 9.9937E-05 0.957456 9.9937E-05 0.0253063 9.9937E-05 9.9937E-05 9.9937E-05 9.9937E-05
9.9946E-05 9.9946E-05 0.0395873 0.887493 9.9946E-05 0.0144099 0.0579103 9.9946E-05 9.9946E-05 9.9946E-05
9.9946E-05 0.0186759 9.9946E-05 0.915069 0.0531259 9.9946E-05 9.9946E-05 9.9946E-05 0.0125294 9.9946E-05
9.99201E-05 9.99201E-05 9.99201E-05 0.999101 9.99201E-05 9.99201E-05 9.99201E-05 9.99201E-05 9.99201E-05 9.99201E-05
9.99201E-05 9.99201E-05 9.99201E-05 0.999101 9.99201E-05 9.99201E-05 9.99201E-05 9.99201E-05 9.99201E-05 9.99201E-05
9.9955E-05 0.0198927 9.9955E-05 0.939452 0.0159434 9.9955E-05 9.9955E-05 9.9955E-05 0.0121522 0.0120599
9.9946E-05 0.0049756 0.0437089 0.947807 9.9946E-05 9.9946E-05 9.9946E-05 0.00290911 9.9946E-05 9.9946E-05
9.9964E-05 0.0270856 0.0590495 0.83136 0.068531 0.0129063 9.9964E-05 9.9964E-05 9.9964E-05 0.000667921
0.00326549 0.0560424 9.9937E-05 0.939993 9.9937E-05 9.9937E-05 9.9937E-05 9.9937E-05 9.9937E-05 9.9937E-05
9.9973E-05 9.9973E-05 0.0611134 0.827842 0.00282166 0.0102714 0.0429481 9.9973E-05 0.0120747 0.0426293
0.494695 9.9946E-05 0.203713 9.9946E-05 0.0148116 0.286181 9.9946E-05 9.9946E-05 9.9946E-05 9.9946E-05
0.243751 0.0631522 0.0602252 0.0858456 0.0413942 0.302293 9.9991E-05 0.0656223 0.0966065 0.0410107
0.247647 9.9973E-05 0.148159 0.0625232 0.204019 0.312155 9.9973E-05 0.00318053 9.9973E-05 0.022016
0.116043 9.9946E-05 0.807885 9.9946E-05 9.9946E-05 9.9946E-05 0.070791 9.9946E-05 9.9946E-05 0.00468153
9.9964E-05 0.0405648 0.816191 0.0872977 9.9964E-05 0.0430571 0.00838561 0.00410424 9.9964E-05 9.9964E-05
9.9955E-05 0.0130607 0.887566 9.9955E-05 9.9955E-05 0.0590221 0.0302449 9.9955E-05 9.9955E-05 0.00960685
0.0486541 9.9955E-05 0.905928 9.9955E-05 0.0233083 0.00153683 0.0200727 9.9955E-05 9.9955E-05 9.9955E-05
9.9964E-05 0.0995296 0.720544 0.0330064 0.0276058 0.0831323 0.0357818 9.9964E-05 9.9964E-05 9.9964E-05
9.9955E-05 0.0195966 0.822162 0.0668856 9.9955E-05 0.0862238 9.9955E-05 0.00463211 9.9955E-05 9.9955E-05
0.0263168 0.0585684 0.84919 0.047709 9.9973E-05 9.9973E-05 9.9973E-05 0.00246377 0.0092323 0.00622012
9.9946E-05 9.9946E-05 0.840795 9.9946E-05 9.9946E-05 0.0874271 0.0310899 0.0400881 9.9946E-05 9.9946E-05
9.9955E-05 0.0369931 0.838452 0.0151414 9.9955E-05 0.0326605 9.9955E-05 0.076253 9.9955E-05 9.9955E-05
9.9955E-05 0.0132426 0.805699 0.0550197 0.0273297 0.0982092 9.9955E-05 9.9955E-05 9.9955E-05 9.9955E-05
9.9964E-05 0.0363589 0.59356 9.9964E-05 0.139115 9.9964E-05 9.9964E-05 0.0569468 0.155856 0.0177629
9.9964E-05 9.9964E-05 0.588585 9.9964E-05 0.12393 0.0237019 0.0138593 9.9964E-05 0.184407 0.0651171
9.9982E-05 0.0482086 0.438493 9.9982E-05 0.154651 0.0775078 0.0713651 0.0123016 0.110608 0.0866645
9.9955E-05 9.9955E-05 0.461323 9.9955E-05 0.36552 9.9955E-05 9.9955E-05 0.012385 0.145602 0.0146704
0.00961246 9.9973E-05 9.9973E-05 0.00100542 0.593108 9.9973E-05 0.208256 0.0217262 0.0408547 0.125138
0.045177 9.9955E-05 9.9955E-05 0.179487 9.9955E-05 9.9955E-05 9.9955E-05 0.0223879 0.0221164 0.730332
9.9946E-05 9.9946E-05 9.9946E-05 9.9946E-05 9.9946E-05 0.0630045 0.0375399 0.110537 9.9946E-05 0.788319
9.9973E-05 0.0125891 9.9973E-05 0.0613492 9.9973E-05 0.148159 0.0294913 0.090153 0.0168771 0.641081
9.9955E-05 9.9955E-05 0.09979 9.9955E-05 0.166716 9.9955E-05 0.111594 9.9955E-05 0.0067643 0.614637
9.9946E-05 9.9946E-05 0.0124361 9.9946E-05 9.9946E-05 0.0905643 0.0418702 9.9946E-05 0.85453 9.9946E-05
0.0202788 9.9937E-05 9.9937E-05 0.0335123 9.9937E-05 9.9937E-05 9.9937E-05 9.9937E-05 0.945509 9.9937E-05
9.99201E-05 9.99201E-05 9.99201E-05 9.99201E-05 9.99201E-05 9.99201E-05 9.99201E-05 9.99201E-05 0.999101 9.99201E-05
9.9928E-05 9.9928E-05 0.0259347 9.9928E-05 9.9928E-05 9.9928E-05 9.9928E-05 9.9928E-05 0.973266 9.9928E-05
9.9946E-05 9.9946E-05 9.9946E-05 0.0331349 0.022146 9.9946E-05 9.9946E-05 9.9946E-05 0.939276 0.00484306
9.9937E-05 0.00325756 9.9937E-05 0.0566131 9.9937E-05 9.9937E-05 9.9937E-05 9.9937E-05 0.93943 9.9937E-05
9.9955E-05 0.0282073 0.783361 0.127371 9.9955E-05 0.00696592 9.9955E-05 9.9955E-05 0.0535953 9.9955E-05
9.99551E-05 9.99551E-05 0.787582 0.0333345 0.0623155 0.0595076 0.0567603 9.99551E-05 9.99551E-05 9.99551E-05
0.00737113 0.0390036 0.740582 0.147653 0.0648904 9.9955E-05 9.9955E-05 9.9955E-05 9.9955E-05 9.9955E-05
9.9955E-05 0.0113409 0.708097 0.119847 0.136979 9.9955E-05 0.0232367 9.9955E-05 9.9955E-05 9.9955E-05
0.0612274 9.9946E-05 0.742079 0.122802 0.0732926 9.9946E-05 9.9946E-05 9.9946E-05 9.9946E-05 9.9946E-05
0.105282 9.9946E-05 0.342023 9.9946E-05 9.9946E-05 9.9946E-05 0.419956 9.9946E-05 0.13214 9.9946E-05
0.0498683 9.9964E-05 0.444081 9.9964E-05 9.9964E-05 9.9964E-05 0.223917 0.065155 0.19283 0.0237495
9.9964E-05 0.0102884 0.418123 9.9964E-05 9.9964E-05 9.9964E-05 0.310739 0.0899275 0.158844 0.0116788
9.9928E-05 0.996485 9.9928E-05 9.9928E-05 9.9928E-05 9.9928E-05 0.00271574 9.9928E-05 9.9928E-05 9.9928E-05
0.0485784 0.0204744 0.347107 9.9964E-05 9.9964E-05 9.9964E-05 0.359219 9.9964E-05 0.198651 0.0255697
0.0791771 0.016057 0.0709425 0.383321 0.101435 0.278681 0.0378583 9.9991E-05 0.00781975 0.0246076
0.117066 9.9946E-05 0.260187 0.27359 9.9946E-05 0.348558 9.9946E-05 9.9946E-05 9.9946E-05 9.9946E-05
0.278317 9.9982E-05 0.0107458 0.120301 0.150534 9.9982E-05 0.106967 0.195059 0.0023447 0.135533
9.9964E-05 0.0559766 0.0470478 9.9964E-05 0.79576 0.0456558 0.0169452 9.9964E-05 0.0382146 9.9964E-05
9.9964E-05 9.9964E-05 0.0164032 0.159895 0.250956 9.9964E-05 9.9964E-05 0.16471 0.0524455 0.35519
0.135025 9.9973E-05 9.9973E-05 9.9973E-05 0.106304 0.180314 0.0635744 0.191764 0.0484808 0.274237
0.105469 0.0117892 0.0278558 9.9973E-05 0.711372 9.9973E-05 0.0600007 0.0820939 9.9973E-05 0.00111981
0.060454 9.9964E-05 9.9964E-05 9.9964E-05 0.485045 0.146058 9.9964E-05 0.0764355 0.0238111 0.207796
0.0844829 9.9973E-05 9.9973E-05 0.0647315 0.493763 0.0533041 9.9973E-05 0.175825 0.0619595 0.0656344
0.157829 9.9982E-05 9.9982E-05 0.116768 0.316085 0.0101334 0.0722715 0.132372 0.0602143 0.134127
9.9946E-05 9.9946E-05 0.766839 0.159845 9.9946E-05 9.9946E-05 9.9946E-05 0.0490692 9.9946E-05 0.0236475
0.00451559 0.035653 0.797259 0.0672535 9.9964E-05 9.9964E-05 9.9964E-05 0.00736029 9.9964E-05 0.0875583
0.00539299 9.9964E-05 0.776508 0.0644858 9.9964E-05 0.0253218 0.0464756 9.9964E-05 9.9964E-05 0.0814156
9.9964E-05 0.0364411 0.745247 0.0515741 9.9964E-05 9.9964E-05 9.9964E-05 0.0291811 0.057152 0.0800044
0.109145 0.049734 0.751887 0.0687357 9.9955E-05 9.9955E-05 9.9955E-05 9.9955E-05 0.0199984 9.9955E-05
0.00251141 0.00880281 0.0232701 0.040565 0.677215 0.0200469 0.0960543 9.9991E-05 0.100361 0.0310731
0.0279502 9.9973E-05 9.9973E-05 0.062928 0.4526 0.161508 0.0749072 0.213947 9.9973E-05 0.00585989
9.9973E-05 0.0143217 0.0509678 9.9973E-05 0.50776 0.129092 0.150247 9.9973E-05 0.0771727 0.0701394
9.9964E-05 0.0118793 0.0827492 0.0405824 0.520472 9.9964E-05 0.19314 0.150778 9.9964E-05 9.9964E-05
0.00222691 9.9973E-05 0.110631 9.9973E-05 0.511141 0.0412778 0.160575 0.167068 0.00677972 9.9973E-05
9.9964E-05 9.9964E-05 0.073649 9.9964E-05 0.647853 0.0233549 0.179688 0.0430838 9.9964E-05 0.0319718
0.072963 0.0602039 0.0437571 0.0970454 0.411957 9.9973E-05 0.0707031 0.243071 9.9973E-05 9.9973E-05
0.737308 9.9955E-05 9.9955E-05 0.010558 0.136721 9.9955E-05 0.00507626 9.9955E-05 9.9955E-05 0.109838
0.70446 9.9964E-05 9.9964E-05 9.9964E-05 9.9964E-05 0.016171 0.0194601 0.15577 0.0483468 0.0553919
0.574488 9.9955E-05 9.9955E-05 9.9955E-05 0.170553 0.117636 9.9955E-05 0.0787157 9.9955E-05 0.058108
0.637118 9.9964E-05 9.9964E-05 9.9964E-05 0.0438926 0.0386505 9.9964E-05 0.108943 0.0712798 0.0997164
9.9964E-05 0.00868863 9.9964E-05 9.9964E-05 0.642537 0.0968147 0.120707 9.9964E-05 0.0448821 0.0859707
0.0269775 9.9982E-05 9.9982E-05 0.0808773 0.335686 0.0467222 0.132958 0.181685 0.078677 0.116217
0.136557 0.00805739 9.9982E-05 0.0421664 0.539258 0.000869063 0.0982513 9.9982E-05 0.0627286 0.111913
9.9964E-05 9.9964E-05 9.9964E-05 0.0939591 0.558558 9.9964E-05 0.128186 0.014 0.0585719 0.146326
0.167744 9.9973E-05 0.110746 0.109146 0.0575684 0.338351 9.9973E-05 0.0315797 9.9973E-05 0.184565
9.9964E-05 0.0442183 0.20849 0.127623 9.9964E-05 0.559925 9.9964E-05 0.0184216 9.9964E-05 0.0409222
9.9946E-05 9.9946E-05 9.9946E-05 9.9946E-05 0.0534705 9.9946E-05 9.9946E-05 0.882115 0.000559979 0.0632545
0.0525423 9.9955E-05 9.9955E-05 9.9955E-05 9.9955E-05 9.9955E-05 0.02704 0.866442 0.0092558 0.0442201
0.0357967 0.0208281 0.0693834 0.454239 0.00529859 0.0353241 9.9982E-05 0.285323 9.9982E-05 0.0936069
9.9964E-05 0.0742341 0.1071 0.305241 0.210628 0.0879392 9.9964E-05 0.214458 9.9964E-05 9.9964E-05
9.9937E-05 9.9937E-05 0.0311569 9.9937E-05 9.9937E-05 0.124963 9.9937E-05 0.843181 9.9937E-05 9.9937E-05
9.9955E-05 0.0633348 0.0799718 0.0591161 9.9955E-05 0.122043 9.9955E-05 0.675035 9.9955E-05 9.9955E-05
9.9973E-05 0.0161034 0.0258541 0.292377 0.121073 9.9973E-05 9.9973E-05 0.514788 0.0206848 0.00881958
9.9955E-05 0.0448155 0.0393576 0.115784 9.9955E-05 0.0433242 9.9955E-05 0.756219 9.9955E-05 9.9955E-05
0.0498654 9.9964E-05 9.9964E-05 0.0173899 0.0221803 9.9964E-05 0.0607297 0.804908 0.0445265 9.9964E-05
9.9982E-05 0.00629484 0.00493464 0.0727977 0.086717 9.9982E-05 0.0310593 0.730681 0.0456844 0.0216308
9.9964E-05 0.0634973 0.106612 0.0292394 9.9964E-05 0.0878843 9.9964E-05 0.664284 0.0480837 9.9964E-05
9.9946E-05 9.9946E-05 0.309164 0.0816702 9.9946E-05 0.186428 9.9946E-05 0.422139 9.9946E-05 9.9946E-05
9.9928E-05 9.9928E-05 9.9928E-05 9.9928E-05 9.9928E-05 9.9928E-05 9.9928E-05 0.785953 9.9928E-05 0.213247
9.9946E-05 9.9946E-05 9.9946E-05 9.9946E-05 0.0204623 9.9946E-05 9.9946E-05 0.866957 0.00698157 0.104999
9.9955E-05 0.0321046 9.9955E-05 0.0835116 0.211507 9.9955E-05 9.9955E-05 0.551557 9.9955E-05 0.12082
0.130155 9.9955E-05 9.9955E-05 0.0520636 0.134443 9.9955E-05 9.9955E-05 0.552686 9.9955E-05 0.130152
9.9973E-05 0.0711598 0.712463 0.0598524 0.00734138 0.0218864 9.9973E-05 0.0999374 0.0270602 9.9973E-05
9.9973E-05 0.0320867 0.717346 0.100835 9.9973E-05 9.9973E-05 0.0282568 0.0161918 0.0195091 0.0854745
9.9955E-05 0.0229919 0.859167 0.0826471 9.9955E-05 9.9955E-05 0.00896366 9.9955E-05 0.025731 9.9955E-05
0.040699 0.0901612 0.864168 9.9946E-05 9.9946E-05 0.00437198 9.9946E-05 9.9946E-05 9.9946E-05 9.9946E-05
0.0375475 0.0202093 0.0751349 0.0394799 0.150831 9.9991E-05 0.0456887 0.0582656 0.114091 0.458652
0.00395497 0.0282407 9.9946E-05 0.00417964 9.9946E-05 9.9946E-05 9.9946E-05 9.9946E-05 9.9946E-05 0.963025
0.194838 0.0117303 0.017831 0.0519994 0.185121 9.9973E-05 9.9973E-05 0.0162214 9.9973E-05 0.521959
9.9928E-05 9.9928E-05 9.9928E-05 9.9928E-05 9.9928E-05 0.0938024 9.9928E-05 9.9928E-05 9.9928E-05 0.905398
0.320512 0.0165568 9.9964E-05 9.9964E-05 0.044386 0.0952228 0.00308199 9.9964E-05 9.9964E-05 0.51984
9.9937E-05 9.9937E-05 9.9937E-05 9.9937E-05 9.9937E-05 0.123491 9.9937E-05 0.0293868 9.9937E-05 0.846423
0.0243409 0.00356001 0.0522514 0.0999629 0.172319 9.9991E-05 0.0530832 0.00356932 0.00979072 0.581022
0.0572546 0.00469212 9.9964E-05 0.105869 0.00375244 9.9964E-05 9.9964E-05 9.9964E-05 0.0626437 0.765389
0.0158912 0.0603634 0.625477 9.9982E-05 0.0354287 9.9982E-05 0.219299 0.0158255 0.0219301 0.0055846
0.0311245 0.0599067 0.653771 0.0225948 0.0830417 0.0425717 0.0492018 9.9991E-05 0.0294741 0.028214
0.00196286 0.11305 0.70137 9.9973E-05 9.9973E-05 0.0361928 0.116286 0.0142707 0.0165671 9.9973E-05
0.0064461 0.0816463 0.697159 9.9973E-05 9.9973E-05 0.0820971 0.115789 0.00774652 0.00881648 9.9973E-05
0.0980263 0.052558 0.670559 9.9964E-05 0.0958055 9.9964E-05 0.0320917 9.9964E-05 0.0505593 9.9964E-05
9.9964E-05 9.9964E-05 0.0589004 0.00909834 0.243435 9.9964E-05 0.0311905 9.9964E-05 0.00815578 0.64882
9.9964E-05 0.0151786 0.123926 9.9964E-05 0.170328 9.9964E-05 0.105154 9.9964E-05 0.00593321 0.579081
0.0895321 9.9946E-05 9.9946E-05 0.0843667 9.9946E-05 9.9946E-05 9.9946E-05 0.024987 9.9946E-05 0.800515
0.0547184 0.0072351 0.0388857 0.0351189 0.262054 9.9982E-05 0.0369166 0.0374506 9.9982E-05 0.527421
0.0533033 0.0297586 9.9973E-05 0.0554818 0.249261 9.9973E-05 9.9973E-05 0.044293 0.0504554 0.517148
0.0498597 0.0318942 0.154023 0.600676 9.9955E-05 0.163047 9.9955E-05 9.9955E-05 9.9955E-05 9.9955E-05
0.482927 0.0489709 0.0760601 9.9955E-05 0.310153 9.9955E-05 9.9955E-05 9.9955E-05 0.0813893 9.9955E-05
0.85142 0.0337456 0.0827928 0.02575 9.9955E-05 9.9955E-05 9.9955E-05 9.9955E-05 0.00579205 9.9955E-05
9.9955E-05 9.9955E-05 9.9955E-05 0.0528204 0.0256108 0.867347 9.9955E-05 9.9955E-05 0.044886 0.00883641
9.9928E-05 9.9928E-05 9.9928E-05 9.9928E-05 9.9928E-05 0.997373 9.9928E-05 9.9928E-05 0.00182709 9.9928E-05
0.000117282 0.038651 0.102574 0.0912917 0.0344809 0.584004 9.9982E-05 9.9982E-05 0.0116654 0.137015
9.9937E-05 9.9937E-05 0.100882 0.075991 9.9937E-05 0.822428 9.9937E-05 9.9937E-05 9.9937E-05 9.9937E-05
0.126527 9.9973E-05 0.162492 0.201377 0.0683778 0.265735 9.9973E-05 0.0788834 9.9973E-05 0.0963075
9.9973E-05 0.0210707 9.9973E-05 0.0272324 0.114456 0.785879 0.00257485 9.9973E-05 0.0350894 0.0133971
9.9946E-05 9.9946E-05 9.9946E-05 0.0739995 0.171549 0.656772 9.9946E-05 9.9946E-05 9.9946E-05 0.0970804
9.99201E-05 9.99201E-05 9.99201E-05 9.99201E-05 9.99201E-05 0.999101 9.99201E-05 9.99201E-05 9.99201E-05 9.99201E-05
0.0536788 9.9964E-05 0.28244 0.239657 0.0676789 0.263907 9.9964E-05 9.9964E-05 9.9964E-05 0.0922387
9.9973E-05 0.0267701 0.24301 0.310269 0.0862807 0.160767 9.9973E-05 0.0163793 9.9973E-05 0.156223
9.9973E-05 0.0222558 0.704672 9.9973E-05 0.0122417 0.0741161 0.0898092 9.9973E-05 0.0613366 0.0352685
9.9955E-05 9.9955E-05 0.0219164 9.9955E-05 0.0124119 9.9955E-05 0.902405 0.0287685 9.9955E-05 0.0339988
9.9928E-05 0.0160351 9.9928E-05 9.9928E-05 9.9928E-05 9.9928E-05 0.983166 9.9928E-05 9.9928E-05 9.9928E-05
0.027452 9.9937E-05 9.9937E-05 9.9937E-05 9.9937E-05 9.9937E-05 0.950928 0.0209203 9.9937E-05 9.9937E-05
9.9937E-05 9.9937E-05 9.9937E-05 0.0653769 0.000306184 9.9937E-05 0.933617 9.9937E-05 9.9937E-05 9.9937E-05
0.0188778 0.00427697 9.9964E-05 0.0230502 9.9964E-05 9.9964E-05 0.913408 0.026006 0.0139809 9.9964E-05
0.0472838 9.9928E-05 9.9928E-05 9.9928E-05 9.9928E-05 9.9928E-05 0.951917 9.9928E-05 9.9928E-05 9.9928E-05
9.99307E-05 9.99307E-05 0.197243 9.99307E-05 9.99307E-05 9.99307E-05 0.801958 9.99307E-05 9.99307E-05 9.99307E-05
0.0515679 0.0497834 0.817344 0.0432542 0.032612 9.9973E-05 0.000952401 9.9973E-05 0.00418637 9.9973E-05
9.9973E-05 0.0573741 0.703475 0.0393129 0.0638518 9.9973E-05 0.0426125 0.0121695 0.0809046 9.9973E-05
0.0203081 0.0955262 0.772422 0.0553662 0.0251847 9.9973E-05 0.0267726 9.9973E-05 9.9973E-05 0.00412
0.0184403 0.04861 0.773376 9.9955E-05 0.13275 0.0263242 9.9955E-05 9.9955E-05 9.9955E-05 9.9955E-05
0.0522101 9.9946E-05 0.838213 0.0429568 9.9946E-05 0.0660202 9.9946E-05 9.9946E-05 9.9946E-05 9.9946E-05
0.0464292 9.9964E-05 0.820558 0.0329394 9.9964E-05 0.0414519 0.0336557 0.0245656 9.9964E-05 9.9964E-05
9.9964E-05 0.0807323 0.755073 0.0797971 0.0318024 0.0180279 9.9964E-05 0.0341678 9.9964E-05 9.9964E-05
9.9955E-05 0.0179462 0.866625 0.0795029 9.9955E-05 9.9955E-05 9.9955E-05 9.9955E-05 0.00515015 0.030276
9.9946E-05 0.0341477 0.923829 9.9946E-05 9.9946E-05 9.9946E-05 9.9946E-05 0.0209176 0.0205064 9.9946E-05
9.9973E-05 0.0341963 0.790633 0.0662227 0.023458 0.0444257 9.9973E-05 0.00624453 0.0345195 9.9973E-05
0.0325915 9.9955E-05 0.909417 0.00585805 9.9955E-05 0.0125972 9.9955E-05 9.9955E-05 0.0390367 9.9955E-05
9.9964E-05 0.111465 0.802207 0.0359227 9.9964E-05 9.9964E-05 0.020043 0.0109954 0.0189668 9.9964E-05
9.9946E-05 0.0664544 0.759367 0.135679 9.9946E-05 9.9946E-05 9.9946E-05 9.9946E-05 0.0378998 9.9946E-05
9.9946E-05 0.0849881 0.738556 0.133025 9.9946E-05 9.9946E-05 9.9946E-05 0.0428314 9.9946E-05 9.9946E-05
9.9955E-05 0.0280758 0.72588 0.197056 9.9955E-05 0.013794 9.9955E-05 9.9955E-05 0.0346937 9.9955E-05
9.9964E-05 0.0713909 0.694633 0.162331 0.0493201 9.9964E-05 9.9964E-05 9.9964E-05 0.0189386 0.00298641
9.9964E-05 0.0827738 0.721858 0.138583 0.0331872 9.9964E-05 9.9964E-05 0.00798749 9.9964E-05 0.0152106
0.416102 9.9955E-05 0.1437 0.100461 0.249827 9.9955E-05 9.9955E-05 9.9955E-05 9.9955E-05 0.0894099
0.822359 0.0103903 0.012693 0.0170942 9.9982E-05 0.0435045 9.9982E-05 0.00145077 0.020331 0.0719777
0.892193 9.9937E-05 0.0848893 9.9937E-05 9.9937E-05 0.0222183 9.9937E-05 9.9937E-05 9.9937E-05 9.9937E-05
9.9964E-05 9.9964E-05 9.9964E-05 0.0704647 0.129156 0.116944 0.30396 0.0826517 9.9964E-05 0.296425
0.971701 9.9928E-05 9.9928E-05 9.9928E-05 9.9928E-05 9.9928E-05 9.9928E-05 9.9928E-05 0.0274993 9.9928E-05
0.772041 9.9964E-05 0.0752363 0.00897797 9.9964E-05 0.0128174 0.0979251 9.9964E-05 9.9964E-05 0.0326024
0.510741 9.9946E-05 0.078289 0.177593 0.232777 9.9946E-05 9.9946E-05 9.9946E-05 9.9946E-05 9.9946E-05
0.0143294 0.018677 0.409871 0.117915 0.251093 0.0616984 0.0564513 0.0377586 0.0206467 0.0115588
9.9973E-05 9.9973E-05 0.185546 0.141552 9.9973E-05 0.536811 0.0673043 0.0132581 0.020778 0.0344508
9.9982E-05 0.0120597 0.311046 0.250389 0.290162 0.0650423 0.0134385 9.9982E-05 0.0398037 0.0178595
9.9964E-05 0.0917457 0.363303 0.236188 0.246539 0.0162408 9.9964E-05 9.9964E-05 9.9964E-05 0.0455838
