9.9955E-05 9.9955E-05 0.0527346 9.9955E-05 9.9955E-05 9.9955E-05 0.01073 0.0523531 0.864417 0.0192656
0.0319925 0.0527938 9.9955E-05 0.021373 9.9955E-05 9.9955E-05 0.00952719 9.9955E-05 0.883814 9.9955E-05
9.9946E-05 9.9946E-05 0.0280057 9.9946E-05 9.9946E-05 9.9946E-05 0.0524978 0.15877 0.760126 9.9946E-05
9.9946E-05 9.9946E-05 0.022685 0.120759 9.9946E-05 9.9946E-05 9.9946E-05 9.9946E-05 0.790576 0.0653807
9.9946E-05 9.9946E-05 0.0889462 9.9946E-05 9.9946E-05 9.9946E-05 9.9946E-05 0.0838259 0.79308 0.0335482
0.00248224 9.9955E-05 0.0573345 9.9955E-05 0.33367 9.9955E-05 9.9955E-05 9.9955E-05 0.545206 0.0608075
9.9937E-05 9.9937E-05 0.00530296 9.9937E-05 0.243527 9.9937E-05 9.9937E-05 9.9937E-05 0.750471 9.9937E-05
9.9946E-05 9.9946E-05 0.069156 9.9946E-05 0.22616 9.9946E-05 9.9946E-05 9.9946E-05 0.702084 0.0019994
0.0759044 0.00120396 0.0678057 9.99549E-05 9.99549E-05 9.99549E-05 0.0842883 9.99549E-05 0.770298 9.99549E-05
9.9955E-05 9.9955E-05 0.0178611 9.9955E-05 0.269428 9.9955E-05 9.9955E-05 0.0122124 0.605917 0.094081
9.9946E-05 9.9946E-05 0.0885335 9.9946E-05 0.224224 0.0156366 9.9946E-05 9.9946E-05 0.671006 9.9946E-05
0.000696063 9.9955E-05 9.9955E-05 0.0433208 9.9955E-05 0.792318 9.9955E-05 0.0575201 9.9955E-05 0.105645
9.9964E-05 9.9964E-05 0.0454276 0.0736951 9.9964E-05 0.364263 0.0499135 0.446838 9.9964E-05 0.0194627
0.00280667 0.0588579 0.0243216 9.9973E-05 9.9973E-05 0.624385 0.146161 0.121331 9.9973E-05 0.0218374
9.9946E-05 9.9946E-05 9.9946E-05 9.9946E-05 9.9946E-05 0.724243 9.9946E-05 0.113477 0.00453083 0.15715
0.0238341 9.9973E-05 9.9973E-05 9.9973E-05 0.00690642 0.484897 0.0474981 0.203994 0.0919618 0.140608
0.0657956 0.0119073 9.9982E-05 9.9982E-05 0.0368053 0.265632 0.0273979 0.54509 0.017408 0.0297634
0.012926 0.00738085 9.9973E-05 9.9973E-05 0.0430969 0.444345 0.0364782 0.416068 9.9973E-05 0.0394053
9.9955E-05 9.9955E-05 9.9955E-05 9.9955E-05 9.9955E-05 0.557378 0.0700919 0.292514 0.0512183 0.0282972
9.9946E-05 9.9946E-05 0.112542 9.9946E-05 0.0766862 0.780662 9.9946E-05 9.9946E-05 0.0295096 9.9946E-05
0.0238441 0.0486119 0.048941 9.9982E-05 0.00935344 0.399438 0.110136 0.339799 9.9982E-05 0.0196768
9.9964E-05 0.0163045 9.9964E-05 0.117456 0.0861442 0.224782 0.174055 0.380858 9.9964E-05 9.9964E-05
0.0119171 0.0156515 0.068117 0.025515 0.0941607 0.253147 0.00719741 0.506471 0.0177228 9.9991E-05
9.9946E-05 9.9946E-05 9.9946E-05 9.9946E-05 0.098401 0.680002 9.9946E-05 0.12563 9.9946E-05 0.0953672
9.9964E-05 0.0292719 9.9964E-05 0.0604901 9.9964E-05 0.180444 9.9964E-05 0.57546 0.072763 0.0811704
9.9964E-05 9.9964E-05 9.9964E-05 0.0426468 0.00542028 0.369476 0.0726011 0.454368 9.9964E-05 0.0550882
9.9928E-05 9.9928E-05 9.9928E-05 9.9928E-05 9.9928E-05 0.883969 9.9928E-05 9.9928E-05 9.9928E-05 0.115231
9.9928E-05 9.9928E-05 9.9928E-05 9.9928E-05 9.9928E-05 0.795232 9.9928E-05 9.9928E-05 9.9928E-05 0.203969
9.9973E-05 0.0536466 9.9973E-05 0.0850062 0.0073433 0.751896 9.9973E-05 0.0710528 0.00645711 0.0242981
9.9937E-05 9.9937E-05 9.9937E-05 9.9937E-05 9.9937E-05 9.9937E-05 9.9937E-05 0.186968 0.807479 0.00485391
9.99281E-05 9.99281E-05 9.99281E-05 9.99281E-05 9.99281E-05 9.99281E-05 9.99281E-05 0.190722 0.808478 9.99281E-05
9.9946E-05 9.9946E-05 9.9946E-05 9.9946E-05 9.9946E-05 0.0487804 9.9946E-05 0.167527 0.757699 0.0253939
9.99461E-05 9.99461E-05 9.99461E-05 9.99461E-05 9.99461E-05 9.99461E-05 0.0477995 0.236865 0.690876 0.0238602
0.199009 0.0326884 9.9964E-05 0.0111013 0.155829 0.137257 9.9964E-05 0.463715 9.9964E-05 9.9964E-05
0.29677 9.9973E-05 0.0117053 9.9973E-05 0.0201052 0.0513544 9.9973E-05 0.481204 0.0794627 0.0590986
0.399431 9.9946E-05 9.9946E-05 0.041628 9.9946E-05 9.9946E-05 9.9946E-05 0.537324 0.0210172 9.9946E-05
0.0704132 9.9973E-05 0.209438 0.200694 9.9973E-05 0.40247 9.9973E-05 0.0227522 0.077576 0.0163574
0.52665 9.9955E-05 9.9955E-05 0.170196 9.9955E-05 9.9955E-05 9.9955E-05 0.191947 0.03049 0.0802176
0.138761 0.0463649 0.131374 9.9964E-05 9.9964E-05 0.137818 9.9964E-05 0.522862 0.0224205 9.9964E-05
0.170136 9.9955E-05 0.031371 9.9955E-05 9.9955E-05 9.9955E-05 0.0208101 0.713888 9.9955E-05 0.0632952
0.0303356 9.9973E-05 0.0286996 0.0713486 0.262622 0.0140482 9.9973E-05 0.531286 0.0613602 9.9973E-05
0.0392174 0.0514185 9.9964E-05 9.9964E-05 0.12452 0.0449875 9.9964E-05 0.677256 0.062201 9.9964E-05
0.473032 9.9955E-05 0.0173119 9.9955E-05 9.9955E-05 0.251004 0.0382317 0.219921 9.9955E-05 9.9955E-05
0.0545949 9.9982E-05 0.0408341 9.9982E-05 0.285075 0.0281668 0.0212365 0.533714 0.00501277 0.0311654
0.210591 0.0118605 0.112123 0.00946431 0.0416068 0.00218169 9.9982E-05 0.555701 9.9982E-05 0.0562721
0.131989 0.0599907 9.9991E-05 0.0719475 0.0355318 0.0270161 0.015082 0.471291 0.110976 0.0760755
0.659332 9.9937E-05 9.9937E-05 9.9937E-05 9.9937E-05 9.9937E-05 0.00812337 0.331845 9.9937E-05 9.9937E-05
0.268522 0.036224 0.022549 9.9964E-05 9.9964E-05 9.9964E-05 0.0518758 0.614068 0.00636173 9.9964E-05
0.173421 0.0162389 0.0364533 0.0969445 0.0378453 0.0774381 0.0601623 0.386534 0.0510291 0.0639328
0.75348 9.9946E-05 9.9946E-05 9.9946E-05 0.0141958 9.9946E-05 0.218817 9.9946E-05 0.0129082 9.9946E-05
0.187002 0.0717681 0.167742 0.0913829 0.0507724 0.302987 0.0480533 0.0800915 9.9982E-05 9.9982E-05
0.0778953 0.100499 9.9964E-05 0.226987 0.0504358 0.377884 0.165898 9.9964E-05 9.9964E-05 9.9964E-05
0.0794406 9.9973E-05 9.9973E-05 0.163451 0.138075 0.089004 9.9973E-05 0.354406 0.122625 0.0526986
9.9973E-05 0.0516523 9.9973E-05 0.243882 0.0811873 0.072266 9.9973E-05 0.490966 0.0486352 0.0111117
0.00733889 0.0474216 0.0508579 0.139219 0.101932 0.0394208 0.0435534 0.476988 0.00221355 0.091055
0.213357 0.034899 0.134761 0.0284451 9.9982E-05 0.321118 0.0839715 0.141971 0.0412767 9.9982E-05
0.0430457 9.9973E-05 0.0686937 0.229653 0.0640908 0.125222 9.9973E-05 0.442829 0.0261666 9.9973E-05
0.0509158 0.00612989 0.0666701 0.0779256 9.9982E-05 0.167488 0.0347059 0.530548 0.0654172 9.9982E-05
0.0533182 0.0436447 0.0530119 9.9982E-05 0.136044 0.240112 9.9982E-05 0.354348 0.117026 0.00229623
0.0871066 0.0460612 0.0729478 0.0184258 9.9982E-05 0.481955 0.124431 9.9982E-05 0.116321 0.0525515
0.116842 0.051374 0.0926903 9.9973E-05 0.0676693 0.0222479 9.9973E-05 0.535688 0.113189 9.9973E-05
9.9973E-05 0.0408853 0.0629616 0.110516 9.9973E-05 0.336982 0.078793 0.359744 9.9973E-05 0.00981821
0.0506086 0.0500703 0.0846526 9.9973E-05 0.0406942 0.722355 0.0421971 9.9973E-05 0.00912227 9.9973E-05
0.0338069 0.0235389 0.0238127 0.0164325 9.9973E-05 0.340506 0.0573337 0.504269 9.9973E-05 9.9973E-05
0.0781823 0.187221 9.9964E-05 0.0613476 9.9964E-05 0.142764 9.9964E-05 0.44551 9.9964E-05 0.0845748
9.9973E-05 0.0470957 0.080568 0.066821 9.9973E-05 0.147952 0.0548595 0.553384 0.0490201 9.9973E-05
0.15266 0.0700794 0.0374469 0.0218137 9.9991E-05 0.462664 0.0177472 0.194179 0.0352231 0.00808653
9.9946E-05 0.0617418 9.9946E-05 0.142401 9.9946E-05 0.331837 9.9946E-05 0.463421 9.9946E-05 9.9946E-05
9.9973E-05 0.0795545 0.104984 0.0656916 0.00743366 0.108222 0.0817286 0.552086 9.9973E-05 9.9973E-05
0.113786 0.110623 0.0851959 9.9973E-05 0.062862 0.468463 9.9973E-05 0.147157 0.0116128 9.9973E-05
0.353339 9.9955E-05 0.0568053 0.0586734 0.0398716 9.9955E-05 9.9955E-05 0.490811 9.9955E-05 9.9955E-05
0.620498 9.9946E-05 9.9946E-05 9.9946E-05 9.9946E-05 0.217573 9.9946E-05 0.143395 9.9946E-05 0.0179344
0.180171 0.0103002 0.0623347 0.097196 9.9991E-05 0.0741143 0.0465975 0.446046 0.033379 0.0497614
0.907708 9.9937E-05 9.9937E-05 9.9937E-05 0.0150859 9.9937E-05 0.0765065 9.9937E-05 9.9937E-05 9.9937E-05
0.702874 0.0927719 9.9973E-05 0.111522 0.00738322 0.0756386 0.00727234 9.9973E-05 9.9973E-05 0.00223802
0.699514 9.9928E-05 9.9928E-05 9.9928E-05 9.9928E-05 9.9928E-05 9.9928E-05 0.299687 9.9928E-05 9.9928E-05
0.432549 9.9946E-05 0.0782852 9.9946E-05 0.035743 9.9946E-05 9.9946E-05 0.452823 9.9946E-05 9.9946E-05
0.140774 0.0269922 0.0444332 0.0721198 9.9982E-05 0.0757922 0.105938 0.458215 0.075535 9.9982E-05
0.399507 9.9964E-05 0.0384733 9.9964E-05 0.00611734 0.0777453 0.0651366 0.41262 9.9964E-05 9.9964E-05
0.530061 9.9964E-05 0.0727018 9.9964E-05 9.9964E-05 0.168951 9.9964E-05 0.19113 0.000237266 0.0365188
0.428591 9.9955E-05 0.240154 9.9955E-05 9.9955E-05 0.0144275 9.9955E-05 0.268313 0.0480143 9.9955E-05
0.17809 9.9973E-05 0.070545 0.095618 9.9973E-05 9.9973E-05 0.0225937 0.471456 0.0690576 0.0923392
0.486775 9.9955E-05 9.9955E-05 9.9955E-05 9.9955E-05 0.209642 9.9955E-05 0.214484 0.00612287 0.0824763
0.354217 9.99581E-05 9.99581E-05 9.99581E-05 0.116149 0.121857 9.99581E-05 0.40046 9.99581E-05 0.0068166
0.549725 9.9946E-05 9.9946E-05 9.9946E-05 0.0690224 0.0126673 9.9946E-05 0.367985 9.9946E-05 9.9946E-05
0.687366 0.0490717 9.9955E-05 0.118252 0.0065098 9.9955E-05 0.1383 9.9955E-05 9.9955E-05 9.9955E-05
0.193311 9.9973E-05 0.0476909 0.0574295 0.0518021 9.9973E-05 0.0483257 0.592373 0.0087688 9.9973E-05
9.9946E-05 9.9946E-05 9.9946E-05 0.121974 9.9946E-05 0.00451614 9.9946E-05 0.0586489 0.814261 9.9946E-05
9.9946E-05 9.9946E-05 9.9946E-05 9.9946E-05 9.9946E-05 0.0011676 0.0247193 0.115238 0.858276 9.9946E-05
9.9946E-05 9.9946E-05 9.9946E-05 9.9946E-05 9.9946E-05 9.9946E-05 0.062666 0.105872 0.827782 0.00307966
0.00362038 9.9946E-05 9.9946E-05 9.9946E-05 9.9946E-05 9.9946E-05 0.10656 0.0534759 0.835744 9.9946E-05
9.9946E-05 9.9946E-05 9.9946E-05 9.9946E-05 9.9946E-05 0.0257505 0.0426178 0.116073 0.814959 9.9946E-05
0.0233237 0.0393377 9.9964E-05 9.9964E-05 9.9964E-05 9.9964E-05 0.0684011 0.0273465 0.786423 0.0547684
9.99371E-05 9.99371E-05 9.99371E-05 9.99371E-05 9.99371E-05 0.0223109 9.99371E-05 0.0875253 0.889464 9.99371E-05
0.174917 9.9964E-05 0.0184487 0.117308 9.9964E-05 0.112869 9.9964E-05 0.511091 0.0649669 9.9964E-05
0.136846 9.9982E-05 0.0268882 0.0404883 0.0950908 0.0874796 9.9982E-05 0.448504 0.0913915 0.0731119
0.756704 0.0138802 9.9964E-05 9.9964E-05 9.9964E-05 0.16904 9.9964E-05 0.0046158 0.0350154 0.020345
0.190083 0.00965035 0.0184036 9.9982E-05 0.0468947 0.153445 9.9982E-05 0.501731 0.0387998 0.0407927
0.306378 9.9955E-05 9.9955E-05 9.9955E-05 0.017875 0.22704 9.9955E-05 0.437278 0.0109295 9.9955E-05
0.184667 9.9973E-05 0.0162698 9.9973E-05 0.103812 0.0265901 0.0130238 0.595833 0.0595049 9.9973E-05
0.240029 0.0835977 9.9973E-05 0.000150821 0.0387636 0.0798457 9.9973E-05 0.525698 0.0316156 9.9973E-05
0.430706 0.0180849 9.9964E-05 9.9964E-05 9.9964E-05 9.9964E-05 0.00469381 0.470184 0.011514 0.0644176
0.629693 9.9946E-05 0.0595375 9.9946E-05 9.9946E-05 0.267203 9.9946E-05 9.9946E-05 0.042967 9.9946E-05
0.201298 0.01114 0.0947064 9.9973E-05 0.0618554 9.9973E-05 9.9973E-05 0.505184 0.0543615 0.0711548
0.150261 9.9982E-05 0.022465 0.0192488 0.135054 9.9982E-05 0.0115438 0.576252 0.0591432 0.0258321
0.121522 9.9982E-05 0.0758843 0.203943 0.0211093 0.00614579 9.9982E-05 0.464302 0.0258576 0.0810362
0.447145 0.033956 9.9982E-05 0.227135 0.05426 9.9982E-05 0.0117961 0.187917 0.0139206 0.0236701
0.34674 0.105785 9.9964E-05 0.0196419 0.0461842 9.9964E-05 9.9964E-05 0.479555 0.00169364 9.9964E-05
0.369369 0.00289084 0.00252333 9.9964E-05 0.025196 0.129532 9.9964E-05 0.470089 9.9964E-05 9.9964E-05
0.627469 9.9946E-05 9.9946E-05 9.9946E-05 0.0357324 9.9946E-05 9.9946E-05 0.317344 9.9946E-05 0.0188553
0.313251 9.9955E-05 0.0945918 9.9955E-05 9.9955E-05 0.0643762 0.0630743 0.464206 9.9955E-05 9.9955E-05
0.158834 0.0245827 0.0850654 0.00802516 9.9982E-05 0.0158017 0.0362503 0.547992 0.123249 9.9982E-05
0.0194109 0.108682 0.0770692 0.374441 9.9982E-05 0.19123 0.122768 0.065336 0.0408633 9.9982E-05
9.9982E-05 9.9982E-05 0.176464 0.0501116 0.0964207 0.19499 0.0289768 0.307599 0.0547207 0.0905178
0.00661843 0.0890813 0.134337 0.332103 0.0356166 0.0141395 9.9982E-05 0.29641 9.9982E-05 0.0914946
0.04697 9.9964E-05 0.115933 0.219075 0.0155436 9.9964E-05 9.9964E-05 0.523081 0.0789979 9.9964E-05
9.9964E-05 9.9964E-05 0.101184 0.206837 0.0309845 0.249616 9.9964E-05 0.356507 0.0544727 9.9964E-05
9.9946E-05 9.9946E-05 0.0722003 0.167266 9.9946E-05 0.227864 9.9946E-05 0.53207 9.9946E-05 9.9946E-05
9.9955E-05 0.0119222 0.133112 0.213773 9.9955E-05 0.230853 9.9955E-05 0.40984 9.9955E-05 9.9955E-05
0.105966 0.0692974 0.122761 0.270303 9.9973E-05 9.9973E-05 0.00817418 0.411714 0.0114847 9.9973E-05
0.0389193 9.9973E-05 0.0779331 0.272858 0.13228 9.9973E-05 9.9973E-05 0.34267 0.0636191 0.0714212
0.0126699 9.9973E-05 0.0498649 0.210872 9.9973E-05 0.135252 0.0479682 0.470235 0.0728388 9.9973E-05
0.0578653 0.0865376 0.170117 0.0772422 9.9964E-05 0.151255 9.9964E-05 0.456583 9.9964E-05 9.9964E-05
9.9982E-05 0.015426 0.113566 0.216411 0.0565267 9.9982E-05 0.0489039 0.520235 0.00228855 0.0264423
0.00436559 0.0137945 0.0578719 0.126357 0.016905 9.9991E-05 0.0630579 0.634586 0.0700588 0.0129036
0.0795409 0.0225624 0.127799 0.252031 9.9973E-05 0.0634879 9.9973E-05 0.430528 9.9973E-05 0.0237514
0.0325731 0.0293979 0.0347407 0.408422 9.9973E-05 9.9973E-05 9.9973E-05 0.405642 0.0657271 0.0231971
0.0350541 9.9973E-05 0.0552592 0.367096 0.00716778 0.0321014 9.9973E-05 0.461041 9.9973E-05 0.0419808
9.9964E-05 0.0749283 9.9964E-05 0.366184 0.0295238 0.225755 9.9964E-05 0.181838 0.12137 9.9964E-05
0.0423121 9.9973E-05 0.0278974 0.323029 9.9973E-05 0.0982713 9.9973E-05 0.486139 0.0145421 0.00750844
9.9973E-05 9.9973E-05 0.0757433 0.168349 0.00201419 0.109568 0.019676 0.60512 0.0192296 9.9973E-05
0.143753 0.0703174 0.201214 0.0319992 9.9973E-05 0.300146 9.9973E-05 0.146165 9.9973E-05 0.106105
9.9982E-05 0.0784057 0.0672807 0.529472 0.0520098 0.148804 0.0402957 9.9982E-05 0.078915 0.00461728
9.9973E-05 9.9973E-05 0.100127 0.156377 0.0345816 0.233118 9.9973E-05 0.436372 0.0177434 0.0213804
0.134543 0.141645 0.202528 0.467731 9.9964E-05 0.0211061 0.0320466 9.9964E-05 9.9964E-05 9.9964E-05
0.0455297 0.00577498 0.130374 0.0875355 9.9973E-05 0.471301 9.9973E-05 0.217834 0.0413504 9.9973E-05
0.105169 9.9955E-05 0.110477 0.103653 9.9955E-05 0.302493 9.9955E-05 0.377708 9.9955E-05 9.9955E-05
0.0497061 9.9964E-05 0.140719 0.140303 9.9964E-05 0.405921 9.9964E-05 0.216467 0.0464823 9.9964E-05
0.0694734 9.9982E-05 0.161314 0.297431 0.0198067 0.289269 9.9982E-05 0.111804 0.00293398 0.047767
9.9964E-05 9.9964E-05 9.9964E-05 0.315038 0.100749 0.0757922 9.9964E-05 0.386838 0.0725705 0.048612
0.125466 0.0230655 0.0467106 0.139552 0.00772315 0.0915988 9.9991E-05 0.391105 0.0534481 0.12123
0.0480317 0.0248709 0.0421142 0.0837271 9.9973E-05 0.166809 9.9973E-05 0.537883 0.0962641 9.9973E-05
9.9955E-05 9.9955E-05 0.105123 0.670628 0.0147828 0.139857 0.0691088 9.9955E-05 9.9955E-05 9.9955E-05
0.064208 9.9964E-05 0.0477494 0.0969938 0.119636 9.9964E-05 9.9964E-05 0.499295 0.171718 9.9964E-05
0.0165356 0.167883 0.0635032 0.0155941 0.111599 0.075491 0.0764057 0.461731 9.9991E-05 0.0111576
0.178556 0.181029 0.0903003 9.9964E-05 0.352615 9.9964E-05 0.132123 9.9964E-05 0.0649772 9.9964E-05
0.10334 0.0923413 9.9982E-05 0.123193 0.0166328 0.0429941 9.9982E-05 0.492747 0.122543 0.00600848
0.157878 0.0298304 0.0105301 0.209779 0.0285418 0.0491228 0.127788 0.286496 0.0999332 9.9991E-05
0.0365975 0.0326544 9.9982E-05 0.143841 0.0591638 0.0897376 0.177065 0.408737 0.0520036 9.9982E-05
0.100765 0.0441089 0.0514832 0.173005 0.152473 0.090607 0.173494 0.168955 0.00891109 0.0361972
0.0344254 0.174269 0.0610324 9.9982E-05 0.330177 0.153921 0.0550907 0.136651 0.0542331 9.9982E-05
0.056037 0.189879 0.0892855 0.0598979 0.190371 0.0719235 0.0178605 0.324545 9.9982E-05 9.9982E-05
9.9982E-05 0.0717557 0.0435218 0.0969339 0.077836 0.142473 0.0932638 0.465017 0.00899881 9.9982E-05
0.0197775 0.0720709 0.0113272 9.9991E-05 0.172465 0.216582 0.00106503 0.335869 0.14401 0.0267329
0.160219 0.048317 9.9982E-05 0.185397 0.247879 0.127505 0.134494 9.9982E-05 0.0167213 0.0792679
9.9973E-05 0.0221486 9.9973E-05 0.17689 0.190537 0.122236 9.9973E-05 0.421092 0.0469704 0.0198264
0.09573 0.019888 9.9973E-05 0.209804 0.238433 0.223071 0.00452855 0.208245 9.9973E-05 9.9973E-05
0.207339 0.0664697 9.9973E-05 0.0890174 0.0833894 0.151569 0.0425798 0.359336 9.9973E-05 9.9973E-05
0.149821 0.0147979 9.9991E-05 0.122914 0.0920739 0.0288563 0.00945686 0.47018 0.0523587 0.0594415
9.9973E-05 9.9973E-05 9.9973E-05 0.112335 0.120562 0.0375894 0.18122 0.064104 0.254974 0.228915
9.9946E-05 9.9946E-05 9.9946E-05 9.9946E-05 0.0923729 9.9946E-05 0.442446 9.9946E-05 0.370237 0.0943442
9.9955E-05 0.0335858 9.9955E-05 9.9955E-05 0.115603 9.9955E-05 0.527652 9.9955E-05 0.248541 0.0741184
9.9973E-05 9.9973E-05 0.00654087 0.0232797 0.0578577 9.9973E-05 0.286494 0.123746 0.272578 0.229204
9.9937E-05 9.9937E-05 9.9937E-05 0.271211 0.261034 9.9937E-05 9.9937E-05 0.467055 9.9937E-05 9.9937E-05
0.0367152 0.0474227 0.0308594 0.0834889 0.165304 0.0597984 0.102208 0.474003 9.9982E-05 9.9982E-05
9.9946E-05 9.9946E-05 9.9946E-05 0.000754173 9.9946E-05 0.0539116 9.9946E-05 0.257244 9.9946E-05 0.687491
0.0991619 9.9964E-05 0.093819 0.0698337 9.9964E-05 9.9964E-05 0.00608646 0.364811 9.9964E-05 0.365888
9.9991E-05 0.0117341 0.000318431 0.0452661 0.0555436 0.106211 0.0441134 0.310483 0.0812541 0.344977
0.0594079 0.0465782 9.9964E-05 0.324128 0.414861 9.9964E-05 0.0440212 0.110604 9.9964E-05 9.9964E-05
0.109383 9.9973E-05 0.0128443 0.0832516 0.207039 9.9973E-05 9.9973E-05 0.419167 0.0949422 0.0730728
0.0683445 0.200397 9.9973E-05 0.176126 0.477536 9.9973E-05 0.00587918 0.0557583 9.9973E-05 0.0156599
0.0842854 0.0034839 9.9955E-05 0.223072 0.191489 9.9955E-05 9.9955E-05 0.49717 9.9955E-05 9.9955E-05
0.0581164 0.0706881 9.9982E-05 0.166091 0.193685 0.0634336 0.0409779 0.376876 9.9982E-05 0.0299321
9.9973E-05 0.0221587 0.0184806 0.226007 0.251643 9.9973E-05 9.9973E-05 0.466626 0.0110584 0.00372663
0.060416 0.102184 9.9973E-05 0.321815 0.391916 0.1001 0.00516656 9.9973E-05 9.9973E-05 0.0181025
0.000755093 9.9964E-05 9.9964E-05 0.378533 0.116316 9.9964E-05 9.9964E-05 0.432543 0.0174317 0.0540215
9.9955E-05 0.0573188 9.9955E-05 0.26244 0.172549 9.9955E-05 0.0563897 0.450803 9.9955E-05 9.9955E-05
0.0212295 0.023365 9.9937E-05 9.9937E-05 9.9937E-05 9.9937E-05 9.9937E-05 9.9937E-05 9.9937E-05 0.954706
9.9955E-05 0.0186254 9.9955E-05 0.0018124 0.0262641 0.036922 9.9955E-05 9.9955E-05 9.9955E-05 0.915876
0.0228203 9.9964E-05 0.0625828 9.9964E-05 9.9964E-05 0.0872248 9.9964E-05 0.220004 0.0153909 0.591577
9.9937E-05 0.0466853 9.9937E-05 9.9937E-05 9.9937E-05 9.9937E-05 9.9937E-05 0.298206 9.9937E-05 0.65441
0.00890442 9.9946E-05 9.9946E-05 9.9946E-05 0.0309352 9.9946E-05 9.9946E-05 0.164077 9.9946E-05 0.795484
9.9928E-05 9.9928E-05 9.9928E-05 9.9928E-05 9.9928E-05 9.9928E-05 0.00743946 9.9928E-05 9.9928E-05 0.991761
9.9946E-05 0.0338968 0.0155872 9.9946E-05 9.9946E-05 0.0147984 9.9946E-05 9.9946E-05 9.9946E-05 0.935118
9.9928E-05 9.9928E-05 9.9928E-05 9.9928E-05 9.9928E-05 9.9928E-05 9.9928E-05 0.186959 9.9928E-05 0.812242
9.9946E-05 9.9946E-05 0.00988749 0.0391184 9.9946E-05 0.00867587 9.9946E-05 9.9946E-05 9.9946E-05 0.941719
9.99201E-05 9.99201E-05 9.99201E-05 9.99201E-05 9.99201E-05 9.99201E-05 9.99201E-05 9.99201E-05 9.99201E-05 0.999101
9.99201E-05 9.99201E-05 9.99201E-05 9.99201E-05 9.99201E-05 9.99201E-05 9.99201E-05 9.99201E-05 9.99201E-05 0.999101
9.9955E-05 0.00983687 9.9955E-05 9.9955E-05 9.9955E-05 0.049992 0.0244883 0.188675 9.9955E-05 0.726508
9.9955E-05 9.9955E-05 0.043125 9.9955E-05 9.9955E-05 9.9955E-05 0.0708364 0.107316 0.0141281 0.764094
0.0293873 9.9937E-05 0.0319678 9.9937E-05 9.9937E-05 9.9937E-05 9.9937E-05 9.9937E-05 9.9937E-05 0.937945
0.0182426 0.0357781 0.0350951 0.0338405 0.0434264 0.118715 0.00794929 0.289306 9.9991E-05 0.417547
9.9964E-05 9.9964E-05 0.077476 0.0499366 9.9964E-05 9.9964E-05 0.0641337 0.229931 0.00444773 0.573675
9.9955E-05 9.9955E-05 0.00236407 9.9955E-05 9.9955E-05 9.9955E-05 0.120152 0.194896 0.00418283 0.677905
9.9955E-05 9.9955E-05 0.0186944 9.9955E-05 9.9955E-05 0.0441639 9.9955E-05 0.0576269 0.015208 0.863807
9.9937E-05 9.9937E-05 9.9937E-05 0.00916147 9.9937E-05 9.9937E-05 9.9937E-05 0.0549908 9.9937E-05 0.935148
9.9937E-05 9.9937E-05 9.9937E-05 9.9937E-05 9.9937E-05 9.9937E-05 9.9937E-05 0.147299 0.0677238 0.784278
9.9928E-05 9.9928E-05 9.9928E-05 9.9928E-05 0.00946856 9.9928E-05 9.9928E-05 9.9928E-05 9.9928E-05 0.989732
9.9982E-05 0.00562669 0.0195226 9.9982E-05 0.0253651 0.0811889 0.018859 0.289732 0.0086775 0.550828
0.0129024 0.00306884 9.9955E-05 9.9955E-05 9.9955E-05 0.0622537 9.9955E-05 0.0166666 9.9955E-05 0.904609
9.9955E-05 0.0580885 9.9955E-05 9.9955E-05 0.473033 0.0163459 0.316422 9.9955E-05 0.135611 9.9955E-05
0.0305634 9.9982E-05 0.0995589 9.9982E-05 0.210536 0.0330681 0.0943331 0.382222 0.0824485 0.0670696
0.0511792 9.9982E-05 0.0180409 9.9982E-05 0.218425 0.0155035 0.10536 0.372249 0.208855 0.0101867
9.9982E-05 0.0145223 0.027591 0.0591701 0.340909 9.9982E-05 0.24043 0.140201 0.117339 0.0596375
0.0248905 9.9991E-05 0.0285057 0.0361859 0.130343 0.042346 0.0767953 0.437649 0.0862033 0.136981
0.0690752 9.9973E-05 9.9973E-05 0.0117515 0.371858 9.9973E-05 0.169295 0.112904 0.160308 0.104508
0.130566 9.9982E-05 0.0256732 0.0867384 0.135278 0.0312155 9.9982E-05 0.28071 0.17399 0.135628
9.9964E-05 9.9964E-05 9.9964E-05 0.137152 0.312333 9.9964E-05 0.144003 0.259437 0.0557016 0.0909725
0.0461612 0.0132621 9.9991E-05 0.0559864 0.168532 0.0538906 0.0382352 0.404923 0.107444 0.111466
9.9964E-05 9.9964E-05 9.9964E-05 0.00628588 0.319355 9.9964E-05 0.126334 0.381629 0.0519723 0.114025
0.0270319 9.9982E-05 9.9982E-05 0.165735 0.12658 0.0446567 0.0122013 0.348942 0.176999 0.0976541
9.9964E-05 0.0522545 0.0526868 9.9964E-05 0.0659281 9.9964E-05 0.0524658 0.0094047 0.76686 9.9964E-05
0.00954238 0.0338242 0.00127303 9.9973E-05 9.9973E-05 0.0024574 0.0141753 9.9973E-05 0.873802 0.0646256
0.00649798 9.9955E-05 0.0514541 9.9955E-05 9.9955E-05 0.00799058 0.0671664 9.9955E-05 0.866391 9.9955E-05
9.9937E-05 9.9937E-05 0.0430277 9.9937E-05 9.9937E-05 9.9937E-05 9.9937E-05 0.0646878 0.891585 9.9937E-05
9.9955E-05 9.9955E-05 0.0377805 9.9955E-05 9.9955E-05 0.0446264 0.0722289 0.0149685 0.829896 9.9955E-05
9.9946E-05 0.0486834 9.9946E-05 9.9946E-05 9.9946E-05 9.9946E-05 0.0484544 9.9946E-05 0.834473 0.0677894
9.9946E-05 9.9946E-05 9.9946E-05 9.9946E-05 9.9946E-05 9.9946E-05 0.050394 0.0148865 0.830305 0.103815
9.9955E-05 0.00369108 0.0133592 9.9955E-05 9.9955E-05 9.9955E-05 0.122853 0.0251813 0.834416 9.9955E-05
0.0142909 0.0290002 9.9955E-05 9.9955E-05 9.9955E-05 9.9955E-05 0.0267456 0.0467997 0.882664 9.9955E-05
9.9946E-05 9.9946E-05 0.0141365 9.9946E-05 9.9946E-05 9.9946E-05 0.195245 0.0370708 0.752948 9.9946E-05
0.0304046 0.0360206 0.0582433 9.9973E-05 0.00556806 0.26245 9.9973E-05 9.9973E-05 0.595939 0.0110749
0.00672614 0.0138327 0.127095 9.9964E-05 9.9964E-05 0.252697 0.0505833 9.9964E-05 0.548666 9.9964E-05
9.9964E-05 0.108735 0.115355 9.9964E-05 0.0333266 0.21841 0.0391098 9.9964E-05 0.484664 9.9964E-05
0.0586853 9.9955E-05 0.0749525 9.9955E-05 0.0755793 0.320661 9.9955E-05 9.9955E-05 0.469622 9.9955E-05
0.213825 0.0582692 0.0271088 0.0216819 0.021775 0.130852 0.00830767 0.51798 9.9982E-05 9.9982E-05
0.2797 0.108073 0.0220256 9.9982E-05 0.0245055 0.0877891 9.9982E-05 0.405747 0.0041786 0.0677798
0.102278 0.0254721 0.111463 9.9973E-05 0.0770052 0.145518 9.9973E-05 0.509727 9.9973E-05 0.0282365
0.0847298 9.9964E-05 0.0655312 0.167941 9.9964E-05 0.239402 0.0844434 0.357553 9.9964E-05 9.9964E-05
0.128282 0.00450949 0.290519 0.0735396 0.0155628 0.385681 9.9982E-05 0.0490387 9.9982E-05 0.0526672
0.101137 0.0929099 0.0604441 9.9982E-05 0.0369185 0.0662616 9.9982E-05 0.583626 0.0280424 0.0304607
0.315133 0.0123958 0.0221162 0.138042 9.9955E-05 9.9955E-05 9.9955E-05 0.511813 9.9955E-05 9.9955E-05
0.334252 0.0213924 0.016844 9.9964E-05 0.0661521 0.122796 9.9964E-05 0.438163 9.9964E-05 9.9964E-05
0.444889 9.9955E-05 9.9955E-05 0.157742 0.0549696 9.9955E-05 9.9955E-05 0.262159 9.9955E-05 0.0797405
0.141504 9.9964E-05 0.0811224 0.23049 9.9964E-05 9.9964E-05 9.9964E-05 0.475149 0.0065565 0.0647779
0.377081 0.00197089 0.0804339 0.00643343 9.9964E-05 0.10045 9.9964E-05 0.433231 9.9964E-05 9.9964E-05
0.688805 0.106515 0.0200398 0.153022 9.9964E-05 0.0235286 0.00769009 9.9964E-05 9.9964E-05 9.9964E-05
0.107781 0.0741196 9.9982E-05 0.0637622 0.0181263 0.172759 0.0271963 0.497606 0.0384492 9.9982E-05
0.486926 0.0137217 9.9964E-05 0.215793 9.9964E-05 9.9964E-05 0.0942966 0.182422 0.00644146 9.9964E-05
0.367932 0.0298804 0.00906757 0.113936 0.00918103 9.9973E-05 9.9973E-05 0.446714 9.9973E-05 0.0229888
0.556996 9.9955E-05 0.093493 9.9955E-05 9.9955E-05 0.237789 9.9955E-05 0.0880015 0.023221 9.9955E-05
9.9946E-05 9.9946E-05 0.741292 9.9946E-05 0.163318 9.9946E-05 0.0579481 9.9946E-05 0.036842 9.9946E-05
0.00406497 9.9955E-05 0.79175 9.9955E-05 0.121943 9.9955E-05 9.9955E-05 0.0756283 0.00611409 9.9955E-05
9.9937E-05 0.0513026 0.830749 9.9937E-05 0.117249 9.9937E-05 9.9937E-05 9.9937E-05 9.9937E-05 9.9937E-05
0.0505789 0.00195421 0.798962 9.9955E-05 0.0896373 9.9955E-05 9.9955E-05 9.9955E-05 0.058368 9.9955E-05
9.9964E-05 0.00944874 0.770235 0.0723112 0.0463307 0.0588109 9.9964E-05 9.9964E-05 9.9964E-05 0.0424637
9.9955E-05 9.9955E-05 0.831111 9.9955E-05 0.0448979 9.9955E-05 0.0106278 0.0479913 9.9955E-05 0.0648727
0.00186828 0.00759682 9.9955E-05 9.9955E-05 9.9955E-05 9.9955E-05 9.9955E-05 0.103661 0.881641 0.00473323
9.9946E-05 9.9946E-05 0.0397912 9.9946E-05 9.9946E-05 9.9946E-05 0.032259 0.136879 0.790472 9.9946E-05
9.9955E-05 9.9955E-05 9.9955E-05 9.9955E-05 0.0531251 0.0233016 9.9955E-05 0.136339 0.69675 0.0899847
9.9946E-05 9.9946E-05 9.9946E-05 9.9946E-05 9.9946E-05 0.123229 9.9946E-05 0.0810078 0.764429 0.0307339
9.9973E-05 9.9973E-05 9.9973E-05 0.0362104 0.0382448 0.0261363 0.0148746 0.0442785 0.75775 0.0822056
0.0179527 9.9964E-05 0.453404 9.9964E-05 0.115176 0.0463023 0.0173484 9.9964E-05 0.349417 9.9964E-05
0.0402686 0.0982129 0.423225 9.9955E-05 0.0698459 9.9955E-05 9.9955E-05 9.9955E-05 0.367948 9.9955E-05
0.0342131 0.0927083 0.413869 9.9964E-05 9.9964E-05 0.019548 9.9964E-05 9.9964E-05 0.435888 0.0033732
9.9946E-05 9.9946E-05 9.9946E-05 9.9946E-05 9.9946E-05 0.0115781 9.9946E-05 0.176813 0.809145 0.00186448
0.111603 0.0572381 0.443812 9.9955E-05 9.9955E-05 9.9955E-05 0.0459726 9.9955E-05 0.340875 9.9955E-05
9.9964E-05 0.00405865 0.0458691 9.9964E-05 9.9964E-05 9.9964E-05 0.299182 0.353044 0.0526192 0.244826
9.9964E-05 9.9964E-05 9.9964E-05 0.0242026 0.0394004 9.9964E-05 0.0402815 0.594561 0.147048 0.154107
9.9955E-05 9.9955E-05 9.9955E-05 9.9955E-05 0.00184726 9.9955E-05 0.0401436 0.535755 0.169143 0.252612
0.0124098 0.0328408 9.9982E-05 0.00293632 0.00588056 9.9982E-05 0.16829 0.452222 0.207128 0.118093
0.0060888 0.00786412 0.0710883 0.0984799 0.0654775 0.0295367 0.0125995 0.421002 0.100978 0.186885
9.9946E-05 9.9946E-05 9.9946E-05 9.9946E-05 0.10381 9.9946E-05 0.367787 9.9946E-05 0.296357 0.231445
0.0662895 0.0302965 0.171244 0.173578 0.0120095 0.245938 9.9973E-05 0.300345 9.9973E-05 9.9973E-05
0.0127485 0.0923137 0.0450826 0.459979 0.0754964 0.0823474 0.0481696 0.175758 0.00800503 9.9991E-05
9.9964E-05 0.0270613 0.0665579 0.0718537 9.9964E-05 0.58761 9.9964E-05 0.154204 0.0923137 9.9964E-05
0.0680144 0.164243 0.00883521 0.433695 9.99549E-05 9.99549E-05 9.99549E-05 0.324713 9.99549E-05 9.99549E-05
0.238824 0.335585 0.0456235 0.163782 9.9964E-05 0.04461 0.171176 9.9964E-05 9.9964E-05 9.9964E-05
9.9982E-05 9.9982E-05 0.0621179 0.0410151 0.0224681 0.157005 0.0909924 0.59317 0.0215727 0.0114588
0.0652619 0.0528762 0.0709835 0.124459 0.0496975 0.166798 0.0512183 0.392137 0.0264682 9.9991E-05
0.0899166 0.0253588 0.0696104 0.0718217 0.00901544 0.463403 0.00754001 0.234969 0.0282649 9.9991E-05
0.0819919 9.9982E-05 0.0760313 0.0362678 0.0459942 0.147 0.115214 0.468361 0.0289402 9.9982E-05
0.0563887 0.0567527 9.99639E-05 0.342545 0.0867336 0.329786 0.127394 9.99639E-05 9.99639E-05 9.99639E-05
0.0257097 0.0629093 0.0380474 0.370626 0.124845 0.0510719 0.0255529 0.301038 9.9982E-05 9.9982E-05
0.0189166 0.0404963 0.0966963 0.13845 9.9982E-05 0.1943 0.00345708 0.499944 0.00753916 9.9982E-05
0.0516704 9.9982E-05 0.0505698 9.9982E-05 0.0616662 0.132018 0.056898 0.437559 0.105639 0.103779
0.00381081 0.104745 0.108822 0.343354 0.0386673 0.189279 9.9973E-05 0.211021 9.9973E-05 9.9973E-05
0.0471651 0.0498522 0.15299 0.216014 9.9973E-05 0.142215 0.0213354 0.370129 9.9973E-05 9.9973E-05
9.9982E-05 0.0646842 0.118649 0.158156 0.0639479 0.0521023 0.0766171 0.450973 9.9982E-05 0.0146698
0.0377551 0.0512813 0.0993174 0.311226 9.9982E-05 0.0215631 0.0623002 0.415052 0.00130493 9.9982E-05
9.9982E-05 9.9982E-05 0.0701447 0.275403 0.00505136 0.028041 0.0643369 0.532817 0.00262598 0.0213803
0.136961 9.9973E-05 9.9973E-05 0.246611 9.9973E-05 0.104807 0.0180111 0.347892 0.0769746 0.068443
0.0321875 9.9973E-05 0.0658346 0.108362 9.9973E-05 0.143619 0.0856038 0.510337 0.0537563 9.9973E-05
9.9946E-05 9.9946E-05 9.9946E-05 0.13721 9.9946E-05 9.9946E-05 9.9946E-05 0.023532 0.727672 0.110986
0.0711442 9.9946E-05 9.9946E-05 0.057072 9.9946E-05 9.9946E-05 9.9946E-05 9.9946E-05 0.787322 0.0838617
0.0178656 0.0706681 0.0402301 0.028645 0.0346199 9.9982E-05 0.0794057 0.0421252 0.68624 9.9982E-05
0.107445 0.00901099 0.0330647 9.9955E-05 9.9955E-05 9.9955E-05 9.9955E-05 9.9955E-05 0.79167 0.0583099
0.00819852 9.9964E-05 9.9964E-05 0.122612 0.00152821 9.9964E-05 9.9964E-05 0.0272632 0.786842 0.053156
0.033131 9.9973E-05 0.178389 0.226398 9.9973E-05 0.424133 0.0621373 0.0658982 9.9973E-05 0.00961416
9.9973E-05 0.0835755 9.9973E-05 0.307693 0.0120492 0.0705056 9.9973E-05 0.30226 0.18818 0.0354382
0.00319385 0.0724851 0.0129643 9.9982E-05 0.194382 9.9982E-05 0.0741689 0.313458 0.166807 0.162341
9.9964E-05 9.9964E-05 0.0364913 0.163351 0.0256655 0.108371 9.9964E-05 0.605732 0.0599905 9.9964E-05
0.085722 0.0458252 0.142344 0.102269 9.9973E-05 0.0734192 9.9973E-05 0.485114 0.0650068 9.9973E-05
9.9973E-05 0.187445 0.198411 0.283008 9.9973E-05 0.181681 0.0356805 0.0170075 9.9973E-05 0.0964668
9.9955E-05 9.9955E-05 0.176238 0.3217 9.9955E-05 0.376214 0.00463952 9.9955E-05 0.120708 9.9955E-05
0.0290362 0.0751323 0.212777 0.104342 9.9991E-05 0.0615882 0.0341296 0.452748 0.0261307 0.00401592
9.9973E-05 0.109724 0.279279 9.9973E-05 0.0366385 0.390211 9.9973E-05 0.126203 0.00577001 0.0518743
0.0144804 0.0371555 0.0961472 0.226189 0.107441 0.110084 0.0299021 0.263011 0.0811141 0.0344759
9.9964E-05 0.0642114 0.182836 0.227927 9.9964E-05 0.380276 0.0151379 9.9964E-05 0.129212 9.9964E-05
0.0103459 9.9964E-05 0.11193 0.31266 9.9964E-05 0.0146511 9.9964E-05 0.481909 0.0681052 9.9964E-05
0.0399132 9.9973E-05 0.187778 0.183818 0.00120635 0.397046 9.9973E-05 0.119671 0.0702668 9.9973E-05
0.0545326 0.0239048 0.0934424 0.30906 0.109794 0.135141 9.9982E-05 0.206557 0.067368 9.9982E-05
0.00882249 0.095475 9.9973E-05 0.0489327 0.213238 0.140825 0.0945133 0.397894 9.9973E-05 9.9973E-05
9.9964E-05 0.0476576 0.0315003 0.166428 0.583724 9.9964E-05 9.9964E-05 0.162053 0.0082377 9.9964E-05
9.9955E-05 9.9955E-05 9.9955E-05 0.20154 0.41851 0.0527036 9.9955E-05 0.28267 0.0440764 9.9955E-05
9.9964E-05 9.9964E-05 9.9964E-05 0.131833 0.249095 0.0741009 0.102973 0.402508 9.9964E-05 0.0390907
0.00942323 0.0948579 0.0138316 0.146626 0.481921 0.0141347 9.9973E-05 0.238906 9.9973E-05 9.9973E-05
0.00921083 0.115807 0.0086999 0.0187051 0.0876037 0.140731 9.9991E-05 0.503885 0.0808391 0.0344179
0.0513649 0.0869237 0.00464495 0.138359 0.174254 9.9964E-05 9.9964E-05 0.544053 9.9964E-05 9.9964E-05
0.0711832 0.146027 0.0230677 0.176101 0.583121 9.9955E-05 9.9955E-05 9.9955E-05 9.9955E-05 9.9955E-05
0.0642809 0.117233 0.00840515 0.0884479 0.517882 9.9973E-05 0.0501532 0.153298 9.9973E-05 9.9973E-05
9.9955E-05 0.103604 0.0754796 0.10347 0.30738 9.9955E-05 9.9955E-05 0.409567 9.9955E-05 9.9955E-05
0.11511 0.143686 0.0559559 0.142975 0.525375 0.0113426 9.9973E-05 0.00525586 9.9973E-05 9.9973E-05
0.102002 9.9955E-05 9.9955E-05 0.0872466 0.256005 0.192598 9.9955E-05 0.361649 9.9955E-05 9.9955E-05
0.0439527 9.9964E-05 0.18311 0.317613 9.9964E-05 0.431179 0.010975 9.9964E-05 0.0127697 9.9964E-05
9.9946E-05 0.136008 0.161022 0.625913 9.9946E-05 0.0764576 9.9946E-05 9.9946E-05 9.9946E-05 9.9946E-05
9.9955E-05 9.9955E-05 0.140949 0.348834 9.9955E-05 0.233688 9.9955E-05 0.194451 9.9955E-05 0.0815773
9.9964E-05 9.9964E-05 0.0648857 0.0548331 9.9964E-05 0.161095 0.0447645 0.647507 9.9964E-05 0.0265152
0.0785551 0.0217597 0.19013 0.330488 0.00183427 0.3229 9.9982E-05 0.0512802 9.9982E-05 0.0028529
9.9982E-05 0.0898885 0.054381 0.228144 9.9982E-05 0.0784698 0.0381275 0.332012 0.0657464 0.113031
9.9973E-05 9.9973E-05 0.0613874 0.230313 9.9973E-05 0.0817141 0.0225589 0.557961 0.0225933 0.0231724
9.9955E-05 9.9955E-05 0.0248872 0.359257 9.9955E-05 0.181326 9.9955E-05 0.364226 0.0698044 9.9955E-05
9.9982E-05 0.0218463 0.115022 0.281588 9.9982E-05 0.0896567 0.00445636 0.412522 0.0643348 0.0103743
0.131795 9.9964E-05 0.156365 0.164752 9.9964E-05 0.113112 9.9964E-05 0.353385 9.9964E-05 0.0801904
0.0522117 9.9964E-05 0.236557 0.326468 9.9964E-05 0.276928 9.9964E-05 0.00588647 9.9964E-05 0.101549
0.0498084 0.0250505 0.262612 0.22364 9.9973E-05 0.150418 9.9973E-05 0.183242 9.9973E-05 0.104929
0.0291044 0.05709 0.0984709 0.279081 9.9973E-05 0.0493113 9.9973E-05 0.484307 9.9973E-05 0.00233512
9.9964E-05 9.9964E-05 0.0888062 0.267093 9.9964E-05 0.0160569 0.0186353 0.567938 0.0410706 9.9964E-05
0.0870869 0.0845306 0.0820332 0.208825 9.9982E-05 0.0736046 0.0754903 0.374106 0.0141235 9.9982E-05
9.9964E-05 9.9964E-05 0.0787303 0.450589 9.9964E-05 0.0602879 0.00474093 0.370688 9.9964E-05 0.0345647
9.9982E-05 9.9982E-05 0.174483 0.29017 0.00553295 0.24579 0.0135018 0.177328 0.0633224 0.0296723
0.0696455 9.9964E-05 0.109151 0.191699 0.00513233 0.0905221 9.9964E-05 0.53345 9.9964E-05 9.9964E-05
9.9973E-05 9.9973E-05 0.18085 0.182174 0.00821655 0.102508 9.9973E-05 0.5077 0.00742379 0.0108283
9.9982E-05 9.9982E-05 0.129055 0.22819 0.0416636 0.0358237 0.0702094 0.439054 0.00648587 0.0493191
9.9955E-05 9.9955E-05 9.9955E-05 9.9955E-05 9.9955E-05 0.165594 0.0332275 0.455106 0.32796 0.0176118
0.00426747 9.9973E-05 9.9973E-05 0.129499 0.0445479 0.0241521 0.142766 0.438648 9.9973E-05 0.215819
0.059896 0.075511 9.9991E-05 0.036821 0.0202828 0.0586638 0.0795582 0.502781 0.07703 0.0893567
9.9973E-05 0.0394936 0.0616997 0.0270405 9.9973E-05 0.0770192 0.0924174 0.671943 9.9973E-05 0.0300869
0.0949017 0.0212184 9.9973E-05 9.9973E-05 9.9973E-05 0.0955891 0.00853645 0.448963 0.182463 0.148028
9.9973E-05 0.0780969 9.9973E-05 0.507704 0.000220129 0.133197 0.00839888 0.225365 9.9973E-05 0.0467188
0.0694459 9.9991E-05 0.00250005 0.0554984 0.0417224 0.0048889 0.158093 0.541901 0.107278 0.0185718
0.139606 9.9982E-05 9.9982E-05 0.100259 0.145266 0.0985763 0.330277 0.016832 0.121921 0.0470619
9.9982E-05 9.9982E-05 0.00415322 0.186684 0.0392477 0.0749297 0.0229042 0.398664 0.119139 0.154077
0.0311056 0.0344313 0.0452498 0.0702743 9.9991E-05 0.0350208 0.0719328 0.482756 0.0659215 0.163208
0.0148758 9.9982E-05 0.0702272 0.122772 9.9982E-05 0.0797984 0.121798 0.443456 0.00740402 0.139469
0.00949283 0.0390906 9.9973E-05 0.0329368 9.9973E-05 0.245322 0.216938 0.333397 0.122523 9.9973E-05
0.0197909 0.044052 0.0330683 9.9991E-05 0.0498478 0.0869644 0.0455327 0.438525 0.130158 0.151961
9.9946E-05 9.9946E-05 9.9946E-05 0.240228 9.9946E-05 9.9946E-05 9.9946E-05 0.402695 0.148805 0.207672
0.0438797 0.0564344 9.9955E-05 9.9955E-05 9.9955E-05 9.9955E-05 0.486709 9.9955E-05 0.289809 0.122669
9.9946E-05 9.9946E-05 9.9946E-05 9.9946E-05 9.9946E-05 9.9946E-05 0.0786821 0.67181 0.180004 0.0689043
0.0728278 0.0451384 9.9964E-05 9.9964E-05 9.9964E-05 9.9964E-05 0.0412545 0.539847 0.138388 0.162144
9.9973E-05 0.0465731 9.9973E-05 0.137681 0.0600038 0.102129 9.9973E-05 0.524623 0.106578 0.0221121
9.9964E-05 9.9964E-05 9.9964E-05 0.0440748 9.9964E-05 0.0294944 0.0973214 0.575543 0.149754 0.103413
9.9973E-05 0.144028 9.9973E-05 9.9973E-05 0.0760458 0.0886847 0.0164412 0.400681 0.113155 0.160665
0.109964 0.336122 0.0999651 0.00119925 9.9973E-05 9.9973E-05 0.0225942 0.415547 0.014309 9.9973E-05
9.9973E-05 0.272148 0.0524362 0.00846787 0.0200076 9.9973E-05 9.9973E-05 0.556358 0.0629059 0.0273763
0.0471073 0.762193 9.9946E-05 0.0588029 9.9946E-05 0.131297 9.9946E-05 9.9946E-05 9.9946E-05 9.9946E-05
0.0772436 0.870987 0.00612909 9.99549E-05 0.0404165 0.00472384 9.99549E-05 9.99549E-05 9.99549E-05 9.99549E-05
9.9982E-05 0.317487 0.0498601 0.0176727 9.9982E-05 0.0280275 0.0551063 0.474947 0.0124952 0.0442048
9.9982E-05 0.0509839 9.9982E-05 0.0536373 0.013347 0.0425381 0.0909483 0.381501 0.124135 0.24271
9.9946E-05 0.2092 9.9946E-05 9.9946E-05 9.9946E-05 9.9946E-05 0.17197 0.287256 9.9946E-05 0.330975
9.9982E-05 0.171463 0.0117034 0.0199234 0.0417986 9.9982E-05 0.247835 0.173101 0.0774388 0.256538
9.9964E-05 0.127238 9.9964E-05 9.9964E-05 9.9964E-05 0.140188 0.144721 0.292708 0.0924867 0.202258
9.9964E-05 0.658303 9.9964E-05 9.9964E-05 0.00623434 9.9964E-05 0.193604 0.10227 0.0327914 0.00639756
9.9946E-05 0.544808 9.9946E-05 9.9946E-05 9.9946E-05 9.9946E-05 0.216885 0.236638 0.00107006 9.9946E-05
9.9964E-05 0.367845 0.00531751 9.9964E-05 9.9964E-05 0.0340662 0.0230807 0.531923 9.9964E-05 0.0373675
9.9946E-05 0.437102 9.9946E-05 9.9946E-05 9.9946E-05 9.9946E-05 9.9946E-05 0.440503 0.0397512 0.0820444
9.9955E-05 0.670345 9.9955E-05 9.9955E-05 9.9955E-05 9.9955E-05 0.0115379 0.159316 0.0827566 0.0755441
9.9964E-05 0.301268 9.9964E-05 9.9964E-05 9.9964E-05 0.0854999 0.0492784 0.530426 0.0150474 0.0180805
0.0347181 0.315765 9.9982E-05 0.00314137 0.0206346 9.9982E-05 0.0657937 0.53203 0.0055404 0.0221776
9.9982E-05 0.0941965 0.0370555 9.9982E-05 0.0244426 0.141051 0.0588724 0.433335 0.1003 0.110546
0.0201883 0.53915 0.00289491 9.9964E-05 9.9964E-05 0.0856246 9.9964E-05 0.302316 0.049426 9.9964E-05
0.0871625 0.455464 0.00123847 9.9955E-05 9.9955E-05 0.192044 9.9955E-05 0.26359 9.9955E-05 9.9955E-05
0.142451 0.201781 0.0448102 9.9973E-05 0.0353161 0.0582617 9.9973E-05 0.473885 0.043195 9.9973E-05
0.0233215 0.299326 0.086521 0.0800207 0.106834 0.0196541 9.9991E-05 0.332461 0.0277806 0.0239811
0.0743286 0.0949026 9.9991E-05 0.104785 0.092648 0.0088454 0.00659663 0.463537 0.105031 0.0492258
9.9946E-05 0.375548 9.9946E-05 0.150243 0.103075 9.9946E-05 9.9946E-05 0.370533 9.9946E-05 9.9946E-05
9.9955E-05 0.753848 0.0067416 0.00883224 0.0491755 9.9955E-05 9.9955E-05 0.180903 9.9955E-05 9.9955E-05
0.0625518 0.318454 9.9946E-05 9.9946E-05 9.9946E-05 9.9946E-05 0.123062 0.495333 9.9946E-05 9.9946E-05
0.0588982 0.658446 9.9964E-05 0.123033 9.9964E-05 0.0230601 9.9964E-05 0.123561 9.9964E-05 0.0126015
9.9937E-05 0.537375 9.9937E-05 9.9937E-05 0.0406155 9.9937E-05 9.9937E-05 0.42131 9.9937E-05 9.9937E-05
0.0722322 0.182081 0.011951 0.0522402 0.0677686 0.0347844 0.0137164 0.488098 0.0482217 0.028907
9.9955E-05 0.275077 0.0303038 0.149007 9.9955E-05 0.0990473 9.9955E-05 0.446065 9.9955E-05 9.9955E-05
9.9982E-05 0.0823542 0.0270756 9.9982E-05 0.0843243 0.0673206 0.0246807 0.441153 0.175701 0.0971908
9.9982E-05 0.159145 0.0552272 0.086098 0.0366875 0.143233 9.9982E-05 0.248349 0.119313 0.151746
0.0316818 0.0849202 0.0564917 9.9982E-05 0.046759 9.9982E-05 0.144508 0.393814 0.0889164 0.152709
9.9982E-05 0.0693967 0.0618541 9.9982E-05 0.177959 0.056375 0.0660042 0.278966 0.139294 0.149951
0.162485 0.0915051 0.0472007 9.9982E-05 0.0297453 9.9982E-05 0.0585013 0.388385 0.108503 0.113474
0.119777 0.124081 0.0126699 0.0258704 0.0040014 9.9991E-05 0.0590142 0.474435 0.0946019 0.08545
9.9955E-05 0.592766 0.00422963 9.9955E-05 9.9955E-05 9.9955E-05 0.119146 9.9955E-05 0.148766 0.134593
9.9973E-05 0.076279 0.0614004 9.9973E-05 0.103813 9.9973E-05 0.0258423 0.507233 0.04998 0.175152
9.9946E-05 0.447535 9.9946E-05 9.9946E-05 9.9946E-05 9.9946E-05 0.220968 9.9946E-05 0.274783 0.0561138
9.9946E-05 0.328446 9.9946E-05 9.9946E-05 9.9946E-05 9.9946E-05 9.9946E-05 0.431073 0.0245996 0.215283
0.146617 0.762244 0.00744136 9.9946E-05 9.9946E-05 9.9946E-05 9.9946E-05 0.0830976 9.9946E-05 9.9946E-05
0.0755658 0.875111 9.9937E-05 9.9937E-05 9.9937E-05 0.0486232 9.9937E-05 9.9937E-05 9.9937E-05 9.9937E-05
