0.12638 9.9946E-05 9.9946E-05 9.9946E-05 0.0202348 0.0808171 9.9946E-05 0.771968 9.9946E-05 9.9946E-05
9.9946E-05 9.9946E-05 0.0398197 9.9946E-05 9.9946E-05 0.0264827 0.0179308 0.915167 9.9946E-05 9.9946E-05
0.14756 9.9964E-05 9.9964E-05 0.0133169 0.0279335 0.0418231 0.0336909 0.735276 9.9964E-05 9.9964E-05
9.9973E-05 0.02746 9.9973E-05 0.0792213 0.0355223 0.0369641 0.0382695 0.75375 9.9973E-05 0.028513
0.0205834 9.9964E-05 0.0341491 0.0585333 0.0301261 9.9964E-05 0.0291853 0.827023 9.9964E-05 9.9964E-05
9.9982E-05 0.0252133 0.0251153 0.0465549 0.0346251 0.0600394 0.0687179 0.550996 0.188538 9.9982E-05
9.9964E-05 0.00707412 9.9964E-05 0.0277672 9.9964E-05 0.0545399 0.00627625 0.755133 0.14881 9.9964E-05
9.9973E-05 0.0409955 0.00525315 0.0858069 0.0228338 0.0231627 9.9973E-05 0.663632 0.158016 9.9973E-05
0.019668 9.99639E-05 9.99639E-05 9.99639E-05 0.0528498 0.0384981 9.99639E-05 0.771511 0.0349305 0.0821422
9.9973E-05 9.9973E-05 0.011187 0.0694807 0.0191432 0.049267 0.0793221 0.67154 0.0997603 9.9973E-05
9.9964E-05 0.0525273 9.9964E-05 9.9964E-05 0.0196717 0.0158216 0.0692198 0.701386 0.140974 9.9964E-05
9.9946E-05 0.781254 9.9946E-05 0.0451847 9.9946E-05 9.9946E-05 0.145691 9.9946E-05 9.9946E-05 0.0272705
9.9964E-05 0.399727 0.0499592 0.075947 9.9964E-05 0.0145785 0.392053 9.9964E-05 0.0673354 9.9964E-05
0.0483845 0.734423 0.0727697 0.061345 9.9964E-05 0.0266316 0.056046 9.9964E-05 9.9964E-05 9.9964E-05
9.9946E-05 0.656676 9.9946E-05 0.146099 9.9946E-05 9.9946E-05 0.172433 0.0241933 9.9946E-05 9.9946E-05
9.9964E-05 0.379367 9.9964E-05 0.14665 9.9964E-05 9.9964E-05 0.291925 0.147624 0.0173646 0.0166698
0.087175 0.330975 0.0314102 0.0833053 9.9973E-05 0.00884036 0.453184 0.00481012 9.9973E-05 9.9973E-05
9.9964E-05 0.402641 0.0204149 0.132099 9.9964E-05 0.0398746 0.318379 9.9964E-05 9.9964E-05 0.0861915
0.0532837 0.566319 9.9973E-05 0.0616191 9.9973E-05 0.0163165 0.223609 0.0724108 9.9973E-05 0.00614185
9.9964E-05 0.829734 9.9964E-05 0.0180729 0.0238896 0.0163387 9.9964E-05 0.0401412 0.0714241 9.9964E-05
9.9982E-05 0.412965 0.0123112 0.102573 0.0666019 0.0460679 0.32684 9.9982E-05 0.0251285 0.00731212
0.0770021 0.322023 9.9973E-05 0.00286423 9.9973E-05 0.0421103 0.380229 9.9973E-05 0.128644 0.0468265
0.0875111 0.268535 0.0887827 0.00490025 9.9973E-05 9.9973E-05 0.481553 0.0096365 9.9973E-05 0.0587808
9.9964E-05 0.631174 9.9964E-05 0.124256 9.9964E-05 0.00645256 0.135169 9.9964E-05 0.0377461 0.064803
0.0297142 0.17987 0.0220818 0.0410415 9.9982E-05 0.0119826 0.53458 0.054398 9.9982E-05 0.126132
0.028122 0.460861 9.9955E-05 0.0701325 9.9955E-05 0.0510092 0.389375 9.9955E-05 9.9955E-05 9.9955E-05
9.9955E-05 0.788795 9.9955E-05 0.0635995 9.9955E-05 0.0299141 0.0952067 0.021985 9.9955E-05 9.9955E-05
9.9946E-05 0.72814 9.9946E-05 0.206148 9.9946E-05 9.9946E-05 0.0360554 0.0290567 9.9946E-05 9.9946E-05
9.9973E-05 0.735404 0.00346705 0.0222203 9.9973E-05 9.9973E-05 0.119784 0.0140955 0.0923535 0.0123756
9.99201E-05 9.99201E-05 9.99201E-05 9.99201E-05 9.99201E-05 0.999101 9.99201E-05 9.99201E-05 9.99201E-05 9.99201E-05
9.99201E-05 9.99201E-05 9.99201E-05 9.99201E-05 9.99201E-05 0.999101 9.99201E-05 9.99201E-05 9.99201E-05 9.99201E-05
9.9955E-05 9.9955E-05 9.9955E-05 0.0659499 9.9955E-05 0.36013 0.0669749 0.436364 9.9955E-05 0.0700814
9.9964E-05 9.9964E-05 9.9964E-05 0.0942083 0.0266166 0.298798 9.9964E-05 0.458465 0.0311255 0.0903872
9.9982E-05 0.0176685 9.9982E-05 0.00388488 0.0178046 0.0525257 0.492641 0.020989 0.0702224 0.324064
0.124044 0.0630345 9.9982E-05 0.00438685 0.0665444 0.0121256 0.48104 0.0194696 9.9982E-05 0.229156
9.9955E-05 9.9955E-05 9.9955E-05 0.00140105 9.9955E-05 0.0362144 0.552683 9.9955E-05 0.0449447 0.364258
9.9964E-05 0.624661 9.9964E-05 0.0065403 0.089502 9.9964E-05 0.0933344 0.136471 9.9964E-05 0.0490915
9.9973E-05 9.9973E-05 0.048042 0.0833359 9.9973E-05 0.0463702 0.228298 0.00969591 0.00927909 0.574679
0.0226692 0.107278 9.9964E-05 9.9964E-05 0.0655725 9.9964E-05 0.446541 0.0743015 9.9964E-05 0.283238
0.0513309 9.9973E-05 0.048028 9.9973E-05 0.076781 9.9973E-05 0.685788 0.0287479 0.0136077 0.0954165
9.9973E-05 0.00466871 9.9973E-05 0.0449156 9.9973E-05 0.00933449 0.553241 0.0632637 0.205216 0.119061
9.9982E-05 0.147298 0.0288056 0.0101078 9.9982E-05 0.0381466 0.529622 0.0809355 0.00933593 0.155549
9.9973E-05 0.234842 9.9973E-05 0.0238205 0.01683 0.0125722 0.035757 9.9973E-05 0.0484839 0.627395
9.9964E-05 0.0512899 9.9964E-05 0.0707511 9.9964E-05 9.9964E-05 0.598312 0.0359047 0.193265 0.0500784
0.0736719 0.109892 9.9973E-05 0.053595 9.9973E-05 0.0347737 0.428854 9.9973E-05 0.00210567 0.296807
0.0292762 0.0880881 9.9991E-05 0.0295043 0.00846107 0.093974 0.562927 0.0411903 0.0120249 0.134454
9.9937E-05 9.9937E-05 0.150032 9.9937E-05 9.9937E-05 9.9937E-05 0.304207 9.9937E-05 9.9937E-05 0.545061
9.9973E-05 0.018567 9.9973E-05 0.0959404 0.03566 0.0358615 0.539881 0.0173873 9.9973E-05 0.256403
0.0531133 0.0336596 9.9982E-05 0.0817215 0.0938153 0.060504 0.478475 0.0637529 9.9982E-05 0.134758
9.9964E-05 9.9964E-05 0.0442737 9.9964E-05 0.0102159 0.0109854 9.9964E-05 0.0807258 0.22167 0.631729
9.9955E-05 0.401617 9.9955E-05 9.9955E-05 0.157632 9.9955E-05 0.141902 9.9955E-05 0.0919968 0.206352
0.115435 0.373264 0.0908965 9.9964E-05 0.0173809 9.9964E-05 9.9964E-05 9.9964E-05 0.273818 0.128806
9.9982E-05 0.139796 0.00890645 0.0901199 0.0680354 9.9982E-05 0.495144 0.0895791 0.105157 0.00306219
0.0282454 0.0734176 0.0713856 0.0386629 9.9973E-05 9.9973E-05 0.611939 0.0536446 0.122405 9.9973E-05
0.127431 0.091508 0.0551786 0.0303141 0.044324 0.00282807 0.547564 0.0283081 0.0724437 9.9991E-05
0.0378594 0.347673 0.0596288 9.9991E-05 0.142019 0.0273786 0.119018 0.073525 0.0725012 0.120297
0.0518381 0.257373 0.0365937 9.9973E-05 0.0747754 0.0145222 0.525428 9.9973E-05 0.0391689 9.9973E-05
0.0612105 0.186082 0.000759214 0.032197 9.9982E-05 9.9982E-05 0.541335 0.0626086 0.051922 0.0636859
9.9982E-05 0.290019 0.00794747 0.0107446 9.9982E-05 0.0683903 0.347902 0.0858202 0.1047 0.0842769
0.11266 0.532376 9.9991E-05 0.00520419 0.0221654 0.0144204 0.00769577 0.122861 0.138583 0.0439341
0.0195937 0.00807861 0.00497508 9.9982E-05 0.0941633 0.0191361 0.517572 0.0771773 9.9982E-05 0.259103
0.192067 0.241453 0.024508 9.9964E-05 0.190804 9.9964E-05 0.320474 9.9964E-05 9.9964E-05 0.0302951
9.9964E-05 0.654672 0.0205505 9.9964E-05 0.083903 0.0710069 9.9964E-05 9.9964E-05 0.13234 0.0371278
0.0467905 0.415351 0.122384 9.9955E-05 9.9955E-05 0.00650387 0.408471 9.9955E-05 9.9955E-05 9.9955E-05
0.100712 0.150493 0.140582 9.9964E-05 9.9964E-05 0.00129339 0.546213 9.9964E-05 9.9964E-05 0.0603067
0.0268238 0.170839 0.0884975 0.00126897 0.00251294 0.0463633 0.549627 0.0483611 9.9991E-05 0.0656066
9.9991E-05 0.388512 0.115621 0.0557821 0.00209112 0.0306512 0.166715 0.0395315 0.0515657 0.149429
0.0903721 0.347174 0.00176358 9.9973E-05 9.9973E-05 0.0750582 0.407146 9.9973E-05 0.0587967 0.0193896
0.187971 0.0418529 0.0340598 9.9973E-05 0.123081 0.0863759 0.506708 9.9973E-05 9.9973E-05 0.0196516
9.9973E-05 0.547651 0.0666662 9.9973E-05 0.066268 0.0498152 0.120827 9.9973E-05 0.02327 0.125202
9.9964E-05 0.0667535 0.00674424 9.9964E-05 0.04856 0.0274604 0.446088 9.9964E-05 9.9964E-05 0.403994
9.9964E-05 0.190263 9.9964E-05 0.0333324 9.9964E-05 0.0199506 0.144131 9.9964E-05 0.00846926 0.603454
0.10023 0.0114526 0.0109186 0.0709875 0.0679371 0.0428288 0.397558 0.028113 0.0349038 0.235071
9.9955E-05 0.0208331 9.9955E-05 9.9955E-05 9.9955E-05 0.00416615 9.9955E-05 0.00813325 0.132995 0.833372
9.9946E-05 0.0481738 0.0691737 9.9946E-05 9.9946E-05 9.9946E-05 9.9946E-05 9.9946E-05 0.0702152 0.811838
9.9946E-05 9.9946E-05 9.9946E-05 9.9946E-05 0.0193678 9.9946E-05 0.233712 0.00131109 9.9946E-05 0.74501
9.9964E-05 0.132883 9.9964E-05 9.9964E-05 0.033219 0.0192764 0.437941 9.9964E-05 0.034244 0.342037
9.9955E-05 9.9955E-05 9.9955E-05 0.0591404 0.0545567 9.9955E-05 0.489228 0.157871 9.9955E-05 0.238704
0.133044 0.0152104 9.9955E-05 9.9955E-05 0.0361715 9.9955E-05 0.379002 9.9955E-05 9.9955E-05 0.436072
9.9973E-05 0.0267324 9.9973E-05 0.0579923 0.0964875 0.0253493 0.0710218 0.0434611 9.9973E-05 0.678656
0.0239046 9.9964E-05 9.9964E-05 9.9964E-05 0.224434 0.0191896 0.225211 0.00980146 9.9964E-05 0.49706
0.0530054 9.9982E-05 0.0371561 0.0127307 0.120012 0.0868306 0.395053 0.0511283 9.9982E-05 0.243884
9.9946E-05 0.0973244 9.9946E-05 0.0975353 9.9946E-05 9.9946E-05 0.176935 9.9946E-05 9.9946E-05 0.627606
0.0034497 0.176839 9.9973E-05 9.9973E-05 0.0155293 0.0358498 0.360894 0.0127514 9.9973E-05 0.394387
0.0136048 9.9946E-05 0.0311287 9.9946E-05 9.9946E-05 9.9946E-05 0.324974 9.9946E-05 9.9946E-05 0.629693
0.00196116 0.00175687 0.111705 0.0032829 0.0298447 9.9973E-05 9.9973E-05 9.9973E-05 0.196065 0.655084
9.9973E-05 9.9973E-05 0.0447845 0.00729124 0.043516 9.9973E-05 0.609302 0.028158 0.0323886 0.234259
0.0426054 0.0241552 9.9964E-05 0.0561435 9.9964E-05 0.0570106 0.0829861 0.736699 9.9964E-05 9.9964E-05
0.0382963 9.9946E-05 9.9946E-05 9.9946E-05 9.9946E-05 0.112029 0.0572817 0.791794 9.9946E-05 9.9946E-05
0.147254 9.9946E-05 9.9946E-05 9.9946E-05 9.9946E-05 0.102107 0.0271023 0.722937 9.9946E-05 9.9946E-05
0.136146 9.9946E-05 9.9946E-05 9.9946E-05 9.9946E-05 0.112141 9.9946E-05 0.713663 9.9946E-05 0.0374505
0.140279 9.9955E-05 9.9955E-05 9.9955E-05 9.9955E-05 0.11213 0.0224579 0.689238 9.9955E-05 0.0353949
0.131012 9.9964E-05 9.9964E-05 0.0247879 9.9964E-05 0.0270319 9.9964E-05 0.757768 0.00838019 0.0506203
0.170459 9.99461E-05 9.99461E-05 9.99461E-05 9.99461E-05 0.0541662 9.99461E-05 0.774502 9.99461E-05 0.000272649
9.9982E-05 0.0469289 9.9982E-05 0.0829027 0.0337615 0.0278253 0.42806 0.0885766 0.0428257 0.248919
0.120033 0.0967207 9.9982E-05 9.9982E-05 0.0220636 0.0525156 0.498209 0.0138584 0.0492095 0.14719
9.9955E-05 0.142218 0.00357129 9.9955E-05 0.000325788 9.9955E-05 9.9955E-05 0.0474971 9.9955E-05 0.805888
0.0170612 0.0900077 0.0818379 0.129269 0.0676545 0.0164627 0.447585 0.0126107 0.054982 0.0825292
9.9973E-05 0.111238 9.9973E-05 0.000975982 9.9973E-05 0.0273534 0.367335 0.0119705 0.0282967 0.45253
9.9973E-05 0.000580384 0.0838887 0.0264784 9.9973E-05 0.0650221 0.565503 0.0188089 9.9973E-05 0.239419
0.0220625 0.0665707 0.0330804 9.9973E-05 9.9973E-05 0.0324046 0.48292 0.0610993 9.9973E-05 0.301562
0.0164945 9.9964E-05 9.9964E-05 0.0641406 9.9964E-05 0.00149212 0.389783 0.0315722 9.9964E-05 0.496118
9.9955E-05 0.240349 9.9955E-05 9.9955E-05 0.0194787 9.9955E-05 9.9955E-05 0.0691574 0.010369 0.660146
0.0476829 0.00744932 0.041622 9.9973E-05 9.9973E-05 9.9973E-05 0.639296 0.10072 0.0539959 0.108935
9.9973E-05 9.9973E-05 0.0516987 0.0366944 9.9973E-05 0.0237421 0.582327 0.00482734 0.100184 0.200227
9.9982E-05 0.0345189 0.00590341 0.0866347 0.078707 0.0490626 0.531636 0.0780816 9.9982E-05 0.135255
9.9973E-05 0.0250464 0.0704785 0.0607759 9.9973E-05 0.0479617 0.15952 9.9973E-05 0.073199 0.562718
9.9955E-05 9.9955E-05 0.117365 0.0508593 9.9955E-05 0.0276134 0.441301 9.9955E-05 9.9955E-05 0.362361
0.072885 0.159883 9.9973E-05 9.9973E-05 0.0191762 9.9973E-05 0.314822 0.0255989 0.0253874 0.381947
9.9955E-05 9.9955E-05 0.0616947 0.0424946 9.9955E-05 0.00389576 0.286272 9.9955E-05 9.9955E-05 0.605143
9.9955E-05 0.0674394 9.9955E-05 9.9955E-05 0.0448572 9.9955E-05 0.360277 0.0819743 9.9955E-05 0.444953
0.0177016 9.9973E-05 9.9973E-05 9.9973E-05 0.154403 0.0457593 0.527526 0.0466991 0.0465614 0.16105
0.0514346 0.44952 0.254306 9.9964E-05 0.0376723 9.9964E-05 0.199543 0.00712454 9.9964E-05 9.9964E-05
0.180766 0.234545 9.9964E-05 9.9964E-05 0.148537 0.0624683 0.281682 9.9964E-05 9.9964E-05 0.0916009
9.9973E-05 0.138834 0.159644 0.108783 0.022974 0.0127665 0.471689 0.0850093 9.9973E-05 9.9973E-05
0.016737 9.9982E-05 9.9982E-05 0.0716702 0.134197 0.0184694 0.517134 0.0868784 0.0405274 0.114187
9.9955E-05 0.37468 0.0188747 9.9955E-05 0.0959932 0.0772682 0.432684 9.9955E-05 9.9955E-05 9.9955E-05
9.9973E-05 0.116501 0.0832727 0.131436 0.177335 9.9973E-05 0.434327 9.9973E-05 0.0244899 0.0323388
9.9955E-05 0.310175 0.0789937 9.9955E-05 0.19983 9.9955E-05 0.39544 0.0150622 9.9955E-05 9.9955E-05
0.0213747 0.130735 0.122793 0.0491091 0.0843471 9.9982E-05 0.405476 0.0872997 9.9982E-05 0.0986645
0.0676186 0.0920922 0.0152603 9.9973E-05 0.188335 9.9973E-05 0.514146 0.0268886 9.9973E-05 0.0953595
9.9973E-05 0.361739 0.0102687 9.9973E-05 9.9973E-05 0.0285291 0.538068 0.0170722 0.00225359 0.0417694
9.9964E-05 0.369383 0.00629239 9.9964E-05 0.148345 9.9964E-05 0.402746 0.0289336 9.9964E-05 0.0439005
0.0918245 9.9973E-05 0.0523113 0.0290656 0.188449 0.00581147 0.613146 9.9973E-05 9.9973E-05 0.0190922
0.128031 0.15621 0.08908 9.9964E-05 9.9964E-05 9.9964E-05 0.595131 0.00598681 0.0251613 9.9964E-05
9.9964E-05 0.157818 0.0348414 0.103919 0.0652589 9.9964E-05 0.51241 9.9964E-05 9.9964E-05 0.125353
0.0337871 0.0504553 0.0737326 0.0671732 0.0988793 0.0482953 0.524781 0.0325263 0.00904828 0.0613216
9.9982E-05 0.127782 0.0530839 0.0847225 0.0712965 0.000520497 0.474937 9.9982E-05 0.0553394 0.132118
0.107544 0.259688 0.0237907 9.9982E-05 0.0938103 0.0173312 0.332853 0.0581915 0.106592 9.9982E-05
0.0696444 0.104625 9.9982E-05 0.0252359 0.154967 0.0364378 0.597519 9.9982E-05 0.00266303 0.00870753
0.0882145 0.135053 0.0526306 9.9973E-05 0.0678483 9.9973E-05 0.639418 0.0155999 0.000936232 9.9973E-05
0.0145194 0.395303 0.037124 0.0647616 0.161208 9.9982E-05 0.14405 0.00593189 9.9982E-05 0.176902
0.0657009 0.271218 0.187833 0.00751543 0.104636 9.9982E-05 0.147509 9.9982E-05 0.204727 0.0106611
0.0458552 0.138632 9.9991E-05 0.00993461 0.200075 0.00965507 0.533125 0.0389728 0.0171945 0.00645522
9.9964E-05 0.14407 0.271744 0.0723936 0.219542 9.9964E-05 9.9964E-05 9.9964E-05 0.16315 0.128701
9.9955E-05 0.483723 0.12755 9.9955E-05 0.134168 9.9955E-05 0.246409 9.9955E-05 0.00764965 9.9955E-05
0.0076285 0.212591 0.0176638 9.9973E-05 0.130894 9.9973E-05 0.438279 9.9973E-05 0.0336932 0.158951
9.9964E-05 0.406712 9.9964E-05 9.9964E-05 0.174249 0.00351472 0.260872 0.0441342 9.9964E-05 0.110118
9.9964E-05 0.493152 0.055238 0.0336117 0.175026 9.9964E-05 0.199452 9.9964E-05 9.9964E-05 0.0431205
0.0350487 0.143335 0.0888982 0.0547959 9.9991E-05 0.0155344 0.524471 0.0457535 0.0660296 0.026033
9.9973E-05 0.158755 9.9973E-05 0.0247896 0.0389381 9.9973E-05 0.547704 0.0863792 0.102261 0.0408734
0.0959966 0.220219 0.018778 0.00425713 0.115908 0.0503255 0.412791 0.00233114 9.9991E-05 0.0792941
9.9973E-05 0.300008 0.0769682 0.115777 0.190771 9.9973E-05 0.0200107 9.9973E-05 0.153368 0.142798
9.9973E-05 0.0378857 9.9973E-05 9.9973E-05 0.0156218 0.0032683 0.568865 0.170625 0.124015 0.0794198
9.9973E-05 0.0653243 0.0554343 0.0098409 9.9973E-05 9.9973E-05 0.448953 0.0766752 0.187376 0.156096
0.0627407 0.0166483 0.206838 9.9973E-05 0.0600342 9.9973E-05 9.9973E-05 0.0876316 0.453836 0.111972
0.0673704 0.101273 0.0534931 0.0259116 9.9991E-05 0.0121169 0.586093 0.0329077 0.104124 0.0166099
0.103592 0.0462445 0.110576 0.000400029 0.0810089 9.9991E-05 0.341654 0.0398189 0.205818 0.0707877
0.00517819 0.159223 0.0376426 0.0686388 0.00921406 9.9991E-05 0.48764 0.0984588 0.0744567 0.0594471
0.111066 0.0886109 0.0799392 9.9991E-05 0.0462129 0.0294809 0.233179 0.0465904 0.295304 0.0695171
9.9973E-05 0.0553689 0.115685 9.9973E-05 0.0782797 0.0527507 0.186787 9.9973E-05 0.413302 0.0975269
9.9973E-05 0.047792 0.156562 9.9973E-05 0.0970854 9.9973E-05 0.390812 0.0629751 0.183515 0.0609581
0.0431221 0.0165868 0.0412975 9.9982E-05 0.0891491 9.9982E-05 0.463059 0.101047 0.144543 0.100996
0.0897521 0.157607 9.9991E-05 0.0339801 0.0473911 0.0155845 0.370568 0.0948285 0.125092 0.0650958
0.241242 0.150716 0.0442655 0.0569627 9.9964E-05 9.9964E-05 9.9964E-05 9.9964E-05 0.237725 0.268689
0.0308114 0.0563861 0.182683 0.0802337 0.0526851 0.0477388 0.468038 0.00163276 0.0796915 9.9991E-05
9.9946E-05 0.152035 9.9946E-05 9.9946E-05 9.9946E-05 9.9946E-05 0.344091 9.9946E-05 0.36657 0.136705
9.9955E-05 0.134528 0.162283 9.9955E-05 9.9955E-05 9.9955E-05 0.440798 9.9955E-05 0.227878 0.0340126
0.148441 0.014403 0.0307351 9.9991E-05 0.0416087 0.0399713 0.404179 0.0698879 0.100755 0.14992
0.3237 0.119623 9.9973E-05 0.1438 9.9973E-05 0.0436784 0.0575822 0.16577 0.145547 9.9973E-05
0.323407 9.9955E-05 9.9955E-05 0.00878937 9.9955E-05 0.0358615 9.9955E-05 0.359344 0.272099 9.9955E-05
0.394179 9.9955E-05 0.0130272 9.9955E-05 9.9955E-05 0.0162638 9.9955E-05 0.293058 0.282972 9.9955E-05
0.564101 0.0203753 9.9973E-05 0.10208 0.0343904 9.9973E-05 0.000890092 0.194118 0.0837446 9.9973E-05
9.9946E-05 9.9946E-05 0.0178574 9.9946E-05 9.9946E-05 9.9946E-05 0.663504 9.9946E-05 0.277708 0.0403312
9.9973E-05 9.9973E-05 0.0124559 0.0936477 0.0930431 9.9973E-05 0.558714 0.0602161 0.177964 0.00365883
0.00907158 0.053036 0.00400224 0.679652 9.9964E-05 9.9964E-05 0.238262 9.9964E-05 9.9964E-05 0.0155765
9.9964E-05 0.154443 0.0647978 0.437901 9.9964E-05 9.9964E-05 0.28446 0.0477249 9.9964E-05 0.0102727
0.0313557 0.0480376 0.0192903 0.367947 9.9973E-05 9.9973E-05 0.353663 0.119002 0.0604051 9.9973E-05
9.9964E-05 0.0819041 0.176532 0.04882 9.9964E-05 9.9964E-05 0.316756 9.9964E-05 0.373099 0.00248831
0.0185921 9.9982E-05 0.123827 0.00831586 9.9982E-05 0.00917971 0.551132 0.0835143 0.162467 0.042772
9.9955E-05 0.0936636 0.210944 9.9955E-05 9.9955E-05 9.9955E-05 0.225355 9.9955E-05 0.467848 0.00169029
0.105669 9.9955E-05 0.122233 9.9955E-05 0.0200374 9.9955E-05 0.535588 9.9955E-05 0.215972 9.9955E-05
0.0653641 0.0615749 0.116104 9.9973E-05 0.0680991 9.9973E-05 0.417533 9.9973E-05 0.172932 0.0980935
9.9982E-05 9.9982E-05 0.00168619 0.0231453 0.0917068 0.0194966 0.619528 0.00472915 0.234583 0.00492508
9.9973E-05 0.0865767 0.0779497 0.00207413 9.9973E-05 0.00344244 0.194696 9.9973E-05 0.488021 0.14694
0.0679498 9.9973E-05 0.0217181 0.0998461 0.0809233 9.9973E-05 0.530672 9.9973E-05 0.0586735 0.139917
0.0936125 0.0422937 9.9982E-05 0.0644707 0.00701229 0.00441607 0.532666 9.9982E-05 0.247745 0.0075833
0.00488243 9.9955E-05 9.9955E-05 0.916531 9.9955E-05 9.9955E-05 0.0161251 9.9955E-05 0.00595524 0.0560066
9.9946E-05 9.9946E-05 9.9946E-05 0.872197 0.0121536 9.9946E-05 0.0949291 9.9946E-05 9.9946E-05 0.0201205
0.116153 0.0267663 9.9982E-05 0.496774 0.0506025 0.0204581 0.271333 9.9982E-05 0.0139318 0.00378087
0.142502 9.9955E-05 9.9955E-05 0.538998 0.0400068 0.0176827 0.26031 9.9955E-05 9.9955E-05 9.9955E-05
0.0724607 9.9964E-05 9.9964E-05 0.680466 9.9964E-05 9.9964E-05 0.208612 0.00787224 0.012 0.0181896
9.9928E-05 9.9928E-05 9.9928E-05 0.9899 9.9928E-05 0.00930091 9.9928E-05 9.9928E-05 9.9928E-05 9.9928E-05
9.9946E-05 9.9946E-05 0.0360347 0.908869 0.0314044 9.9946E-05 9.9946E-05 0.0230927 9.9946E-05 9.9946E-05
0.117897 9.9937E-05 9.9937E-05 0.735445 9.9937E-05 9.9937E-05 0.145958 9.9937E-05 9.9937E-05 9.9937E-05
9.9928E-05 9.9928E-05 9.9928E-05 0.975915 0.0232859 9.9928E-05 9.9928E-05 9.9928E-05 9.9928E-05 9.9928E-05
9.99201E-05 9.99201E-05 9.99201E-05 0.999101 9.99201E-05 9.99201E-05 9.99201E-05 9.99201E-05 9.99201E-05 9.99201E-05
0.00301997 9.9937E-05 9.9937E-05 0.995456 9.9937E-05 0.00082463 9.9937E-05 9.9937E-05 9.9937E-05 9.9937E-05
0.0630592 0.0166693 0.00288848 0.669441 9.9964E-05 0.0476191 0.199923 9.9964E-05 9.9964E-05 9.9964E-05
0.0139139 9.9973E-05 9.9973E-05 0.72707 0.0272411 0.0203196 0.0853019 0.0876053 9.9973E-05 0.0382479
9.9937E-05 9.9937E-05 9.9937E-05 0.981949 9.9937E-05 0.00335546 9.9937E-05 9.9937E-05 9.9937E-05 0.0139956
9.9973E-05 0.0147451 9.9973E-05 0.391694 0.121534 0.0559814 0.274382 9.9973E-05 0.0114425 0.12992
0.0790893 9.9973E-05 9.9973E-05 0.594339 0.0524565 0.0340045 0.130886 0.0225459 9.9973E-05 0.0863786
0.154558 0.0278786 9.9964E-05 0.650343 0.00580609 0.0095671 0.151448 9.9964E-05 9.9964E-05 9.9964E-05
0.125058 9.9946E-05 9.9946E-05 0.75462 9.9946E-05 0.0153713 0.104352 9.9946E-05 9.9946E-05 9.9946E-05
0.0742698 9.9946E-05 9.9946E-05 0.91516 9.9946E-05 9.9946E-05 9.9946E-05 0.00751817 9.9946E-05 0.00245273
0.166335 9.9964E-05 0.0133209 0.774661 9.9964E-05 0.0132006 0.00678688 9.9964E-05 9.9964E-05 0.025296
0.012824 9.9937E-05 9.9937E-05 0.94314 9.9937E-05 0.0433363 9.9937E-05 9.9937E-05 9.9937E-05 9.9937E-05
0.0523523 9.9964E-05 0.0118494 0.59287 0.0526108 9.9964E-05 0.257848 0.0320695 9.9964E-05 9.9964E-05
9.9946E-05 9.9946E-05 0.0267333 0.858649 9.9946E-05 9.9946E-05 0.030905 0.0831131 9.9946E-05 9.9946E-05
0.124061 9.9955E-05 0.0606694 0.00991833 9.9955E-05 9.9955E-05 9.9955E-05 0.247089 0.557762 9.9955E-05
0.0268674 9.9973E-05 9.9973E-05 0.0852163 0.129298 0.0192535 0.357745 0.0978424 0.283477 9.9973E-05
9.9982E-05 9.9982E-05 0.000910655 0.090604 0.0134301 0.00950527 0.35685 0.219628 0.189412 0.11946
0.115732 9.9982E-05 9.9982E-05 0.0632462 0.00194737 0.0291567 0.186342 0.127645 0.461771 0.0139593
0.162281 9.9973E-05 0.0461923 0.0296149 9.9973E-05 9.9973E-05 0.438044 0.127426 0.0494905 0.146652
0.163658 9.9982E-05 0.10506 0.0228145 9.9982E-05 0.0337034 0.126891 0.180547 0.253336 0.11379
0.0671673 0.0647537 0.0283277 0.0131017 0.0634419 0.0100941 0.400782 0.117839 0.167839 0.0666537
0.00283335 9.9973E-05 0.0126899 0.18415 9.9973E-05 9.9973E-05 0.316218 0.0775042 0.404968 0.00133615
0.048899 0.0685869 9.9973E-05 0.151241 9.9973E-05 0.107296 0.392534 0.079549 0.151594 9.9973E-05
0.286096 9.9955E-05 9.9955E-05 0.0971343 9.9955E-05 0.0695899 0.2683 9.9955E-05 0.27838 9.9955E-05
0.0562444 0.0731992 0.0593285 0.0505285 0.00226511 9.9991E-05 0.480984 0.174699 0.101715 0.000935212
0.0770776 9.9964E-05 9.9964E-05 9.9964E-05 0.0505287 9.9964E-05 0.0310993 0.786415 0.0372313 0.0172484
0.139765 9.9946E-05 0.00619004 9.9946E-05 9.9946E-05 0.0519702 9.9946E-05 0.801475 9.9946E-05 9.9946E-05
0.152899 0.00969191 9.9955E-05 9.9955E-05 0.00749107 0.0376563 9.9955E-05 0.791762 9.9955E-05 9.9955E-05
0.0159129 9.9955E-05 9.9955E-05 0.00493253 0.0423755 9.9955E-05 0.0398157 0.896464 9.9955E-05 9.9955E-05
0.15688 0.0412836 9.9955E-05 9.9955E-05 9.9955E-05 0.0906674 9.9955E-05 0.701196 0.00947355 9.9955E-05
0.170931 9.9946E-05 0.00431982 9.9946E-05 9.9946E-05 0.0906183 9.9946E-05 0.733531 9.9946E-05 9.9946E-05
0.0427808 9.9946E-05 9.9946E-05 0.0911242 9.9946E-05 0.0577955 9.9946E-05 0.8077 9.9946E-05 9.9946E-05
0.136095 9.9964E-05 0.0534035 9.9964E-05 0.0149965 0.0332918 9.9964E-05 0.739425 0.0223884 9.9964E-05
0.0797583 9.9964E-05 0.00928083 9.9964E-05 9.9964E-05 0.0270056 0.018428 0.856622 9.9964E-05 0.00850495
0.251236 9.9937E-05 9.9937E-05 9.9937E-05 9.9937E-05 0.0312496 9.9937E-05 0.716814 9.9937E-05 9.9937E-05
9.9982E-05 0.219259 0.0132325 0.0102205 0.0293081 0.0510513 9.9982E-05 0.577294 0.0127276 0.0867073
0.0116861 0.250054 9.9964E-05 9.9964E-05 0.154794 0.0245002 9.9964E-05 0.549212 9.9964E-05 0.00935405
9.9946E-05 0.328048 9.9946E-05 9.9946E-05 0.0698117 9.9946E-05 9.9946E-05 0.510903 0.0906381 9.9946E-05
9.9964E-05 0.30622 0.00144786 9.9964E-05 0.0482449 9.9964E-05 9.9964E-05 0.534599 0.0164764 0.0926124
9.9973E-05 0.103769 0.0467513 9.9973E-05 0.00729819 0.0530398 0.449841 0.0496332 9.9973E-05 0.289368
9.9973E-05 0.0347553 0.0239891 0.0667246 0.0476535 9.9973E-05 0.438724 0.0258554 9.9973E-05 0.361999
9.9982E-05 0.144638 0.0167706 0.0330054 0.0540209 9.9982E-05 0.519075 0.0497728 0.0871974 0.0953195
0.0709941 0.293613 0.0640014 9.9991E-05 0.0462136 0.0134031 0.330093 0.0199672 0.00926393 0.152351
0.00224941 0.420571 0.0299709 0.0153746 0.269065 9.9973E-05 0.131271 9.9973E-05 9.9973E-05 0.131198
9.9982E-05 0.0738559 0.0225025 0.144603 0.0151756 9.9982E-05 0.452315 0.0650287 0.0154032 0.210916
9.9982E-05 0.0604463 0.0167207 0.0111284 0.0675855 0.0180122 0.503608 9.9982E-05 0.00775451 0.314545
0.0966374 0.0907429 9.9964E-05 9.9964E-05 0.129355 9.9964E-05 0.43785 9.9964E-05 0.0338719 0.211143
9.9955E-05 9.9955E-05 0.0592293 0.075267 9.9955E-05 9.9955E-05 0.255684 9.9955E-05 0.000214029 0.609106
0.0982281 9.9964E-05 0.0596827 9.9964E-05 0.188011 9.9964E-05 0.559235 0.0179834 9.9964E-05 0.0764594
9.9973E-05 0.182416 0.0317025 9.9973E-05 0.0646685 0.0339503 0.441321 9.9973E-05 0.023781 0.221861
9.9955E-05 9.9955E-05 0.198962 9.9955E-05 0.0906694 0.0140407 9.9955E-05 9.9955E-05 0.0486274 0.647201
0.0189835 0.046188 0.0513112 9.9973E-05 0.192007 0.0437349 0.520139 9.9973E-05 9.9973E-05 0.127336
9.9973E-05 9.9973E-05 0.114104 0.0321587 9.9973E-05 0.00823067 0.236115 0.0327681 0.145169 0.431154
0.0598971 9.9991E-05 0.0177633 0.00482144 0.0741291 0.0171397 0.430532 0.0155974 0.00777203 0.372248
9.9955E-05 0.123985 9.9955E-05 9.9955E-05 0.124914 9.9955E-05 0.0338236 0.0536612 9.9955E-05 0.663116
9.9955E-05 9.9955E-05 9.9955E-05 9.9955E-05 0.808387 0.00107978 9.9955E-05 0.0579322 0.074194 0.057907
9.9946E-05 9.9946E-05 9.9946E-05 9.9946E-05 0.73382 9.9946E-05 0.0916151 0.0366255 0.137339 9.9946E-05
9.9946E-05 9.9946E-05 0.0447327 9.9946E-05 0.884538 9.9946E-05 9.9946E-05 0.0135968 0.0565333 9.9946E-05
9.9946E-05 9.9946E-05 9.9946E-05 9.9946E-05 0.842883 9.9946E-05 9.9946E-05 0.100029 0.0405267 0.0159617
9.9955E-05 9.9955E-05 9.9955E-05 0.0263844 0.797214 0.0187616 0.0325702 9.9955E-05 0.12457 9.9955E-05
0.0895166 9.9937E-05 9.9937E-05 0.0682881 0.841496 9.9937E-05 9.9937E-05 9.9937E-05 9.9937E-05 9.9937E-05
0.106009 9.9955E-05 9.9955E-05 0.00512587 9.9955E-05 0.0623823 0.0690017 0.756982 9.9955E-05 9.9955E-05
0.151656 0.130266 9.9946E-05 9.9946E-05 9.9946E-05 9.9946E-05 0.0224324 0.695046 9.9946E-05 9.9946E-05
0.106772 9.9955E-05 9.9955E-05 0.0735734 9.9955E-05 0.0226593 0.0897818 0.706714 9.9955E-05 9.9955E-05
0.0884672 0.128129 9.9955E-05 0.0986609 9.9955E-05 0.0088287 9.9955E-05 0.675414 9.9955E-05 9.9955E-05
0.0471277 0.00459305 9.9964E-05 0.0913378 9.9964E-05 9.9964E-05 0.0764005 0.748613 0.0315278 9.9964E-05
9.9955E-05 0.131137 9.9955E-05 9.9955E-05 0.398916 9.9955E-05 9.9955E-05 0.377894 0.0431262 0.0484269
9.9964E-05 0.00762075 0.0526662 9.9964E-05 0.381397 9.9964E-05 9.9964E-05 0.483906 0.0226106 0.0514004
9.9964E-05 0.0102594 0.10074 9.9964E-05 0.385409 0.0294101 9.9964E-05 0.426747 9.9964E-05 0.0470352
9.99201E-05 9.99201E-05 9.99201E-05 9.99201E-05 9.99201E-05 0.999101 9.99201E-05 9.99201E-05 9.99201E-05 9.99201E-05
9.9982E-05 0.0432346 0.047452 0.032643 0.424503 0.0191679 9.9982E-05 0.348425 0.0235822 0.0607931
0.473493 0.0336717 0.0111744 0.115539 9.9982E-05 0.0119933 0.219388 0.0678098 0.0667305 9.9982E-05
0.156794 9.9982E-05 9.9982E-05 0.0998379 0.0439 0.00936219 0.504365 0.036786 0.107418 0.0413373
0.294888 0.010269 9.9964E-05 0.0851897 9.9964E-05 0.0430547 0.484723 0.0814764 9.9964E-05 9.9964E-05
0.242192 9.9982E-05 9.9982E-05 0.156204 0.0635185 0.0503664 0.244851 0.146365 0.0121347 0.0841686
0.00462387 0.133393 0.00670569 0.249895 0.00807889 0.0488103 0.381735 0.113649 0.0530092 9.9991E-05
0.497128 9.9946E-05 9.9946E-05 0.0298955 9.9946E-05 9.9946E-05 9.9946E-05 0.318868 0.15351 9.9946E-05
9.9964E-05 0.335141 0.0801121 9.9964E-05 0.133916 9.9964E-05 0.371984 0.0103849 9.9964E-05 0.068062
0.0132832 0.197855 0.129369 9.9982E-05 0.0979759 0.0112046 0.319677 9.9982E-05 0.0880367 0.142398
0.0453002 0.635888 9.9964E-05 9.9964E-05 0.0545993 0.0608116 0.190655 0.0123467 9.9964E-05 9.9964E-05
0.028085 0.106608 0.266252 9.9973E-05 0.114308 9.9973E-05 0.429651 9.9973E-05 0.0172291 0.0375673
9.9955E-05 0.179136 0.325067 9.9955E-05 0.0693623 9.9955E-05 9.9955E-05 9.9955E-05 0.286166 0.139769
0.00647835 0.246016 0.0622477 0.0687016 0.031883 0.0289641 0.377023 0.0462106 0.0362057 0.0962698
0.151084 0.202389 0.0716688 9.9982E-05 0.0563328 9.9982E-05 0.392545 0.00260564 0.071995 0.0511805
9.9973E-05 0.507311 0.0330971 9.9973E-05 0.0969821 0.0408531 0.235072 9.9973E-05 0.000829603 0.085555
9.9973E-05 0.105003 9.9973E-05 0.0725769 0.182442 9.9973E-05 0.441291 0.0584027 0.100687 0.0392974
0.0806622 0.544602 0.0592731 9.9955E-05 9.9955E-05 9.9955E-05 9.9955E-05 9.9955E-05 0.154452 0.16051
9.9964E-05 0.180941 0.116619 0.0672093 0.0325646 9.9964E-05 0.477565 9.9964E-05 0.1247 9.9964E-05
9.9982E-05 0.157108 0.0419696 0.0657613 0.224737 0.0414245 0.419449 9.9982E-05 0.000155248 0.0491952
0.151621 0.0070041 9.9982E-05 0.143658 0.0845267 9.9982E-05 0.340936 0.126486 0.0527402 0.0928284
9.9973E-05 0.309879 0.213258 0.0173571 0.116081 9.9973E-05 0.310085 9.9973E-05 0.0310905 0.00194883
0.106934 0.286865 0.0968102 9.9964E-05 0.0657376 9.9964E-05 0.355124 9.9964E-05 9.9964E-05 0.0881294
9.9964E-05 0.170321 0.156694 0.0977437 9.9964E-05 9.9964E-05 0.4499 9.9964E-05 0.0444649 0.0804771
0.0135864 0.186996 0.11906 9.9982E-05 0.0353901 9.9982E-05 0.504312 0.0492293 0.00877805 0.0824484
0.10217 0.0942269 0.077813 9.9982E-05 0.0850415 0.0238381 0.589695 9.9982E-05 0.0118648 0.0151508
0.108433 0.122098 0.0655636 9.9982E-05 0.068705 0.050038 0.501824 0.0602268 9.9982E-05 0.0229104
0.130414 0.0857195 9.9973E-05 9.9973E-05 0.0989051 0.06894 0.540531 9.9973E-05 0.0200386 0.0551518
9.9937E-05 9.9937E-05 9.9937E-05 0.0726687 9.9937E-05 9.9937E-05 0.130504 0.796128 9.9937E-05 9.9937E-05
0.00700636 9.9964E-05 0.0237534 0.00239333 9.9964E-05 0.014825 0.135485 0.816137 9.9964E-05 9.9964E-05
0.0283113 9.9964E-05 9.9964E-05 9.9964E-05 0.0469341 9.9964E-05 0.10533 0.769645 0.0174918 0.0318877
0.0598384 9.9982E-05 0.0669199 0.00821532 0.0436602 0.00697055 0.050321 0.758831 9.9982E-05 0.00504344
9.9955E-05 9.9955E-05 0.0165129 0.0682851 9.9955E-05 0.0569168 0.103316 0.75447 9.9955E-05 9.9955E-05
0.0732366 0.579366 9.9955E-05 9.9955E-05 0.203744 9.9955E-05 0.0998891 9.9955E-05 0.0432641 9.9955E-05
0.0747807 0.200543 0.0599049 0.0609038 0.0243673 0.0518433 0.397356 0.000941956 9.9991E-05 0.129259
0.0480892 0.0811618 9.9982E-05 0.0637014 9.9982E-05 0.0301446 0.416818 0.179404 0.165976 0.0145052
0.0174133 0.14231 0.103566 0.0443215 0.0873097 0.0278386 0.575399 9.9982E-05 0.00164281 9.9982E-05
9.9964E-05 0.258995 0.0092503 9.9964E-05 0.0734607 9.9964E-05 0.418538 0.0529664 9.9964E-05 0.186389
0.0992985 0.304501 0.199755 9.9973E-05 0.201755 0.0107358 0.156041 9.9973E-05 0.0276141 9.9973E-05
9.9973E-05 0.535723 0.0502264 9.9973E-05 0.197809 0.0388145 9.9973E-05 0.0923508 0.056752 0.0280235
9.9973E-05 0.153731 0.0603351 9.9973E-05 0.176437 0.0317048 0.489956 0.0136434 9.9973E-05 0.0738923
9.9982E-05 0.302708 0.124864 0.0941718 0.254772 9.9982E-05 0.0767854 0.0526351 0.024129 0.0697343
0.114213 0.0826012 0.173729 9.9982E-05 0.108694 9.9982E-05 0.343942 0.0617569 0.00350643 0.111357
0.0472066 0.452762 0.0898087 9.9964E-05 0.21871 9.9964E-05 9.9964E-05 0.119068 9.9964E-05 0.0720439
0.16783 0.0485758 0.0534 9.9973E-05 0.121819 0.0678569 0.518404 9.9973E-05 9.9973E-05 0.0218144
9.9973E-05 0.532983 0.073565 0.000102864 0.181943 0.0381379 0.118719 0.0542496 9.9973E-05 9.9973E-05
0.0810534 0.231697 0.0953798 0.0420332 0.167786 9.9982E-05 0.276035 9.9982E-05 0.058332 0.0474831
9.9973E-05 0.0673066 0.113919 9.9973E-05 0.00353541 0.032999 0.540177 0.0661887 0.175575 9.9973E-05
9.9955E-05 0.153848 0.111025 9.9955E-05 9.9955E-05 9.9955E-05 0.293294 0.0258326 0.415501 9.9955E-05
9.9964E-05 0.0235041 9.9964E-05 9.9964E-05 9.9964E-05 0.0037848 0.606486 0.0505613 0.262928 0.0523358
0.138856 0.0675753 0.0326141 0.0229156 9.9991E-05 0.0735543 0.440415 0.0476812 0.113764 0.0625241
9.9946E-05 9.9946E-05 0.0852351 9.9946E-05 0.0745162 9.9946E-05 0.400244 9.9946E-05 0.439405 9.9946E-05
9.9982E-05 0.104939 0.112827 0.0958608 9.9982E-05 0.0692593 0.458591 0.0371418 0.0995042 0.0216776
9.9964E-05 9.9964E-05 0.11731 9.9964E-05 0.104585 0.0268294 0.561035 9.9964E-05 0.18839 0.00145099
9.9955E-05 9.9955E-05 0.0976158 9.9955E-05 0.0800882 9.9955E-05 0.13456 9.9955E-05 0.574067 0.11317
9.9946E-05 9.9946E-05 0.0779308 9.9946E-05 9.9946E-05 9.9946E-05 0.294367 9.9946E-05 0.525516 0.101586
9.9955E-05 9.9955E-05 0.119093 9.9955E-05 0.0948685 0.027533 0.468237 9.9955E-05 0.289769 9.9955E-05
9.99549E-05 9.99549E-05 0.110113 9.99549E-05 0.0588202 9.99549E-05 0.216083 9.99549E-05 0.500474 0.114011
0.0116872 0.135636 0.0215483 9.9973E-05 0.0805946 9.9973E-05 0.452466 9.9973E-05 0.223963 0.0738053
0.120142 0.470898 0.0104263 9.9955E-05 0.215017 9.9955E-05 9.9955E-05 9.9955E-05 9.9955E-05 0.183017
0.0301608 0.249648 0.299247 9.9964E-05 0.200607 9.9964E-05 0.166737 9.9964E-05 9.9964E-05 0.0531997
0.0420127 0.328326 0.0111269 0.107329 0.254398 0.0161756 0.240332 9.9973E-05 9.9973E-05 9.9973E-05
0.133585 0.138651 0.00294523 9.9964E-05 0.0855222 9.9964E-05 0.56976 9.9964E-05 9.9964E-05 0.0691373
9.9964E-05 0.432563 0.00420817 0.0248812 0.194947 9.9964E-05 0.139915 9.9964E-05 9.9964E-05 0.203086
0.0607989 0.114838 0.114988 0.0313891 0.0655631 0.00225121 0.423048 0.0592758 0.0659377 0.06191
9.9973E-05 0.072061 0.0381176 0.0395897 0.192394 9.9973E-05 0.625694 9.9973E-05 0.00516829 0.0266752
0.121505 0.121566 0.0117098 0.00677435 0.105671 9.9973E-05 0.497042 9.9973E-05 9.9973E-05 0.135432
0.0824212 0.179695 0.0552637 0.110538 0.151698 9.9973E-05 0.350238 9.9973E-05 9.9973E-05 0.0698465
9.9982E-05 0.187366 9.9982E-05 0.0290801 0.200202 0.0313931 0.431553 0.00741795 0.00212386 0.110664
9.9964E-05 0.474768 0.0255199 0.0836914 0.182078 9.9964E-05 0.0786034 9.9964E-05 9.9964E-05 0.15494
0.080445 0.356316 0.0382598 0.0413799 0.198893 9.9973E-05 0.272486 9.9973E-05 9.9973E-05 0.0119203
0.0665623 0.164294 0.088566 0.0274472 0.107089 9.9973E-05 0.527942 9.9973E-05 9.9973E-05 0.0177996
9.9964E-05 0.159365 9.9964E-05 0.0652634 0.0566798 9.9964E-05 0.521407 0.0771511 9.9964E-05 0.119734
0.137927 0.20851 0.12396 9.9964E-05 0.154637 9.9964E-05 0.366374 9.9964E-05 9.9964E-05 0.00819252
0.00527756 0.211292 0.144555 0.0438163 0.0972253 9.9964E-05 0.497434 9.9964E-05 9.9964E-05 9.9964E-05
0.127988 0.359243 9.9964E-05 9.9964E-05 0.200043 0.0160021 0.284438 0.0118871 9.9964E-05 9.9964E-05
0.105168 0.108315 9.9964E-05 0.015093 0.0646969 9.9964E-05 0.579645 9.9964E-05 9.9964E-05 0.126683
9.9973E-05 0.225642 0.0322821 0.0866284 0.177548 9.9973E-05 0.411211 0.0252505 0.0411377 9.9973E-05
0.0917446 0.0363906 0.0322244 0.0461981 0.24011 0.00936822 0.498243 9.9991E-05 0.0338443 0.0117768
0.297801 0.0242577 9.9982E-05 0.0420205 9.9982E-05 0.00515128 0.345671 0.183505 0.0348559 0.0665372
0.180627 0.00985737 0.0958096 0.104088 9.9991E-05 0.0276548 0.369648 0.0959146 0.00634477 0.109956
0.144987 0.115256 0.0448488 0.0634995 0.0109359 0.0168854 0.510572 0.0667877 0.0261276 9.9991E-05
0.131245 0.0738484 0.036995 0.0133151 9.9991E-05 0.0261433 0.51378 0.0144422 0.0649757 0.125156
0.281374 0.0323715 0.037627 0.0887477 9.9982E-05 0.03678 0.33481 0.0944959 9.9982E-05 0.0935934
9.9973E-05 0.307637 0.106312 0.0144278 0.00773005 0.0121453 0.401977 9.9973E-05 0.149472 9.9973E-05
0.140131 0.12422 9.9982E-05 0.0944703 0.0687774 0.0612672 0.391601 0.0620615 9.9982E-05 0.0572718
0.487257 0.0876614 9.9964E-05 9.9964E-05 9.9964E-05 0.0133157 9.9964E-05 0.0316972 0.28098 0.0986889
0.0972879 0.0565083 9.9982E-05 0.131418 0.0430465 0.023301 0.446957 0.0684881 0.132792 9.9982E-05
0.0728332 9.9973E-05 0.177726 0.136079 0.0430731 0.0129072 0.456966 0.100115 9.9973E-05 9.9973E-05
0.155406 0.0733306 0.087649 0.145823 0.0291146 0.0400103 0.388549 0.0179399 9.9991E-05 0.0620773
0.291944 0.189517 0.00128837 9.9991E-05 0.037397 0.0190861 0.240528 0.0442199 0.136612 0.0393075
0.0873085 0.0470434 9.9982E-05 0.0953417 9.9982E-05 0.00691848 0.517053 0.165271 0.0666634 0.0142008
0.245304 9.9964E-05 0.00966463 0.101085 0.0389398 0.0865727 0.518034 9.9964E-05 9.9964E-05 9.9964E-05
0.436315 9.9955E-05 0.0522028 9.9955E-05 9.9955E-05 0.0644114 9.9955E-05 0.264161 0.182409 9.9955E-05
0.125139 0.143707 0.0308374 0.129351 9.9991E-05 0.0258456 0.411983 0.100953 0.013933 0.0181506
0.245673 9.9955E-05 9.9955E-05 0.0844931 0.0544402 9.9955E-05 0.48106 0.133834 9.9955E-05 9.9955E-05
0.274489 0.0326065 9.9955E-05 0.0503064 9.9955E-05 9.9955E-05 0.560402 9.9955E-05 0.0816961 9.9955E-05
0.161678 0.0248092 9.9973E-05 0.0492788 0.0190298 9.9973E-05 0.567648 0.123268 0.0539879 9.9973E-05
0.04888 0.0126361 0.0983019 0.151453 0.0976103 0.0410249 0.402048 0.0965336 0.0108107 0.0407022
9.9973E-05 9.9973E-05 0.325181 0.0156917 0.15247 0.00836416 0.418184 0.0658916 9.9973E-05 0.0139177
0.175316 9.9982E-05 0.154412 0.0201251 0.0811428 0.0277218 0.429221 0.0406069 9.9982E-05 0.0712549
9.9946E-05 0.188639 0.73859 9.9946E-05 9.9946E-05 9.9946E-05 9.9946E-05 9.9946E-05 0.0282683 0.0439029
9.99639E-05 0.0421473 0.878535 9.99639E-05 0.0362634 9.99639E-05 9.99639E-05 0.00146725 0.0257184 0.0154689
9.9955E-05 0.175685 0.272203 0.123318 9.9955E-05 0.02999 0.398304 9.9955E-05 9.9955E-05 9.9955E-05
0.439154 0.0310977 0.0751959 0.0788855 9.9964E-05 9.9964E-05 0.357693 9.9964E-05 9.9964E-05 0.0175745
0.438916 9.9955E-05 0.245055 0.0949007 9.9955E-05 0.0165642 0.204064 9.9955E-05 9.9955E-05 9.9955E-05
0.301419 0.0361442 0.124573 0.168524 9.9982E-05 0.0354139 0.0883843 0.061013 0.184329 9.9982E-05
0.410369 0.0841194 0.148542 0.0386477 9.9964E-05 9.9964E-05 0.248409 0.0695128 9.9964E-05 9.9964E-05
0.15297 9.9964E-05 0.670911 0.0407419 9.9964E-05 9.9964E-05 0.00832599 0.0349735 0.0916781 9.9964E-05
0.249255 9.9946E-05 0.693406 9.9946E-05 9.9946E-05 0.00706801 0.0496721 9.9946E-05 9.9946E-05 9.9946E-05
0.0211581 9.9955E-05 0.416142 0.0600945 9.9955E-05 0.0122024 0.489903 9.9955E-05 9.9955E-05 9.9955E-05
9.9955E-05 0.0151833 0.493267 0.101553 9.9955E-05 9.9955E-05 0.337769 0.0517281 9.9955E-05 9.9955E-05
0.105857 9.9946E-05 0.702154 9.9946E-05 9.9946E-05 0.0457877 0.145602 9.9946E-05 9.9946E-05 9.9946E-05
0.124849 0.0569904 0.290515 0.0201449 0.0197648 9.9973E-05 0.437166 0.0502691 9.9973E-05 9.9973E-05
0.157092 9.9964E-05 0.330134 9.9964E-05 0.0096743 9.9964E-05 0.447068 0.00424014 9.9964E-05 0.051392
0.103414 0.137022 0.102494 0.0971841 0.0178813 0.0333971 0.415922 0.0320441 0.0603515 0.000290946
9.9964E-05 0.0631886 0.435942 9.9964E-05 0.121256 9.9964E-05 0.316059 0.0217123 0.0414414 9.9964E-05
9.9982E-05 0.0775553 0.478413 0.0230945 0.0695695 0.0237762 0.275452 9.9982E-05 0.0173401 0.0345997
9.9973E-05 9.9973E-05 0.254143 0.0139812 0.138314 0.0410371 0.51317 0.00722822 0.0318255 9.9973E-05
9.9964E-05 9.9964E-05 0.3628 0.0191822 0.111284 0.038027 0.398935 9.9964E-05 0.0693716 9.9964E-05
0.104317 0.118186 0.207587 0.00448543 0.00518358 0.0534725 0.43767 9.9991E-05 0.0531826 0.0158157
0.0151932 0.0301927 0.385925 9.9955E-05 9.9955E-05 9.9955E-05 0.449673 9.9955E-05 0.118517 9.9955E-05
9.9955E-05 9.9955E-05 0.665973 9.9955E-05 0.0991075 9.9955E-05 0.225081 0.00463927 0.00469952 9.9955E-05
0.0699189 9.9955E-05 0.340575 9.9955E-05 9.9955E-05 9.9955E-05 0.541443 0.0302525 9.9955E-05 0.0173112
9.9964E-05 0.023772 0.68644 0.0077395 0.0326615 9.9964E-05 0.193906 9.9964E-05 9.9964E-05 0.0550817
9.9964E-05 0.0238034 0.455183 9.9964E-05 0.028084 0.004011 0.43739 0.051129 9.9964E-05 9.9964E-05
0.0704265 9.9973E-05 0.228692 0.0110252 0.0491646 0.0891843 0.496697 9.9973E-05 9.9973E-05 0.0545097
0.0239296 9.9982E-05 0.325366 0.000798236 0.0607824 0.0533923 0.461726 9.9982E-05 0.0251259 0.0486797
0.101583 0.0154181 0.0902131 0.098257 0.0175539 9.9991E-05 0.464805 0.171338 0.0160199 0.0247116
0.200678 0.0528203 0.149823 0.00153302 0.0574705 0.00255368 0.403534 0.131387 9.9982E-05 9.9982E-05
0.307808 9.9982E-05 0.0629204 0.168685 0.119633 0.0144919 0.239898 9.9982E-05 0.0854191 0.000943846
0.232616 0.0926993 0.0301884 0.0432887 0.0605049 0.0700628 0.320508 0.0498826 0.10015 9.9991E-05
0.289649 0.022888 0.00908775 0.0363606 9.9982E-05 9.9982E-05 0.47902 0.075823 0.02004 0.0669311
0.251701 9.9964E-05 0.201102 9.9964E-05 0.0288429 0.0654728 0.421313 0.0311684 9.9964E-05 9.9964E-05
0.119804 9.9973E-05 0.548042 0.0467835 0.0351043 0.0332769 9.9973E-05 0.175676 0.0410135 9.9973E-05
0.125227 0.0170592 0.0783784 0.114965 0.0293261 9.9973E-05 0.563492 9.9973E-05 0.0712536 9.9973E-05
0.117916 9.9964E-05 0.371588 0.0665173 9.9964E-05 0.0415074 9.9964E-05 0.2644 0.137672 9.9964E-05
0.0905365 9.9955E-05 0.253285 0.123992 9.9955E-05 9.9955E-05 0.511009 0.0206777 9.9955E-05 9.9955E-05
9.9955E-05 9.9955E-05 0.699592 9.9955E-05 0.00468833 9.9955E-05 0.0565787 9.9955E-05 0.084442 0.154199
9.9955E-05 0.0573502 0.89886 9.9955E-05 9.9955E-05 0.0221457 9.9955E-05 9.9955E-05 0.000147974 0.0209966
9.9964E-05 0.0478032 0.407276 9.9964E-05 9.9964E-05 0.0111004 0.459406 9.9964E-05 0.0302731 0.0437415
