0.0230473 9.9973E-05 0.0742658 9.9973E-05 9.9973E-05 0.0798308 0.822556
9.9973E-05 9.9973E-05 0.0334378 0.0549266 9.9973E-05 0.00757916 0.903757
0.0567766 0.0887316 0.0765689 9.9982E-05 9.9982E-05 0.0203569 0.757366
0.100159 9.9973E-05 0.0624951 9.9973E-05 9.9973E-05 0.0648488 0.772197
0.0350834 9.9964E-05 9.9964E-05 0.0259677 9.9964E-05 9.9964E-05 0.938549
0.0516028 0.0276902 0.00254434 0.0613639 0.179838 0.0727266 0.604234
9.9973E-05 9.9973E-05 0.036687 9.9973E-05 0.163179 0.0475918 0.752242
0.0319253 9.9991E-05 0.0175214 0.0575609 0.171771 0.0851068 0.636014
9.99729E-05 9.99729E-05 0.00346135 9.99729E-05 0.071792 0.142293 0.782154
0.0971705 9.9991E-05 0.0629499 0.11511 0.0832704 0.0270456 0.614354
0.0186423 9.9991E-05 0.00506347 0.0421497 0.0897036 0.127114 0.717227
0.225628 0.350024 9.9964E-05 9.9964E-05 9.9964E-05 0.423948 9.9964E-05
0.135733 0.15973 0.0574063 0.21421 0.0163546 0.403817 0.012749
0.192709 0.175696 0.0601441 0.188558 0.0169369 0.219865 0.146091
0.0707102 0.265212 0.0390545 0.04285 0.0443711 0.526974 0.0108282
0.229602 0.196386 0.0603803 0.197568 9.9982E-05 0.315864 9.9982E-05
0.177681 0.332463 0.0262928 0.0558443 9.9991E-05 0.359513 0.0481059
0.282121 0.31458 9.9982E-05 9.9982E-05 0.0290395 0.346906 0.0271526
0.12127 0.265427 0.046537 0.117179 0.0234199 0.403141 0.0230251
9.995E-05 9.995E-05 0.9994 9.995E-05 9.995E-05 9.995E-05 9.995E-05
9.995E-05 9.995E-05 0.9994 9.995E-05 9.995E-05 9.995E-05 9.995E-05
0.11523 0.0499559 0.331971 0.0146285 9.9982E-05 9.9982E-05 0.488015
0.102364 0.0799388 0.25146 9.9982E-05 0.0213483 9.9982E-05 0.544688
0.108103 0.188994 0.0107345 0.102638 9.9991E-05 0.513051 0.0763784
0.00123148 0.798334 0.0683392 9.9982E-05 9.9982E-05 0.10474 0.0271551
0.141574 0.737865 0.0104152 0.0883229 0.0216233 9.9982E-05 9.9982E-05
9.9964E-05 0.698503 9.9964E-05 0.0555936 0.245503 9.9964E-05 9.9964E-05
0.00281414 0.386089 0.0523167 0.129383 0.0436162 0.385681 9.9991E-05
9.9973E-05 0.323316 9.9973E-05 0.241684 0.308037 0.126662 9.9973E-05
0.0914434 0.385902 0.0330219 0.102401 9.9991E-05 0.345309 0.0418226
0.0888017 0.217209 0.0432766 0.0907432 0.0603774 0.306823 0.192769
9.999E-05 0.346793 0.0997132 0.120513 0.00196398 0.40788 0.0230361
0.118681 0.213077 0.039661 0.170919 0.121153 0.336408 9.9991E-05
0.0155506 0.186147 0.0836979 0.347162 0.0363951 0.306892 0.0241552
0.0638374 0.82658 0.0376487 9.9982E-05 9.9982E-05 0.0382547 0.0334794
9.9955E-05 0.959758 9.9955E-05 9.9955E-05 0.039742 9.9955E-05 9.9955E-05
9.9973E-05 0.97089 9.9973E-05 0.0072718 0.00325097 9.9973E-05 0.018287
0.0769173 0.907327 9.9964E-05 9.9964E-05 9.9964E-05 9.9964E-05 0.0153557
0.0688419 0.774412 0.00562808 9.9982E-05 9.9982E-05 0.101048 0.0498702
0.100391 0.571022 0.0111744 9.9982E-05 9.9982E-05 0.274389 0.0428237
9.9973E-05 0.745122 9.9973E-05 0.056808 0.197207 0.000562784 9.9973E-05
0.0869899 0.00970607 0.0744083 0.053096 9.9991E-05 0.04688 0.72882
0.00211962 0.0357939 0.144711 9.9973E-05 9.9973E-05 9.9973E-05 0.817076
0.0814404 9.9982E-05 0.118337 9.9982E-05 0.000788329 0.0320949 0.767139
0.0235962 9.9973E-05 0.1078 9.9973E-05 0.0398712 9.9973E-05 0.828433
0.0289767 0.0581147 0.107614 9.9982E-05 0.0383647 9.9982E-05 0.76673
0.0482785 9.9973E-05 0.113572 9.9973E-05 0.036778 9.9973E-05 0.801072
0.0565123 9.9973E-05 0.0382965 0.00390468 9.9973E-05 9.9973E-05 0.900987
9.9973E-05 0.736534 9.9973E-05 0.17924 9.9973E-05 0.014883 0.0690437
9.9964E-05 0.755231 9.9964E-05 9.9964E-05 9.9964E-05 0.151323 0.0930463
0.200254 0.799246 9.9955E-05 9.9955E-05 9.9955E-05 9.9955E-05 9.9955E-05
0.0813724 0.237074 0.028632 0.297717 0.0818733 0.207479 0.0658515
0.0907256 0.255739 0.0392854 0.28741 9.9991E-05 0.29427 0.0324701
0.0722046 0.0954617 0.0441531 0.386498 0.166625 0.234958 9.9991E-05
0.0680163 0.21731 0.0324671 0.325292 0.0798705 0.276944 9.9991E-05
0.077759 0.21931 0.0454553 0.326502 9.9991E-05 0.289438 0.0414362
0.126791 0.286293 0.0340116 0.164149 9.9991E-05 0.341981 0.046674
0.0838928 0.231708 0.00968681 0.202359 0.189088 0.283165 9.9991E-05
9.9982E-05 0.124721 9.9982E-05 0.31538 0.262341 0.18054 0.116819
0.0749594 0.187659 0.0626732 0.175324 0.264878 0.234406 9.9991E-05
9.9991E-05 0.23544 0.0327201 0.195355 0.286409 0.242508 0.00746788
0.110763 0.306087 0.0498737 0.39312 9.9991E-05 0.0738647 0.0661913
0.123289 0.292206 0.0380949 0.152935 0.348429 0.0449458 9.9991E-05
0.0587452 0.34715 0.0248245 0.292005 0.0924014 0.184774 9.9991E-05
0.24448 0.0903132 0.0592791 0.0223662 0.325972 0.0988934 0.158696
0.0347364 9.9973E-05 0.0316977 9.9973E-05 0.605123 9.9973E-05 0.328143
0.0588534 9.9973E-05 0.0551244 9.9973E-05 0.735042 9.9973E-05 0.15068
0.328946 9.9982E-05 0.035013 9.9982E-05 0.343172 0.0463181 0.246351
0.0594008 0.295161 0.0586665 0.40694 0.179632 9.9982E-05 9.9982E-05
0.0356282 0.183284 9.9982E-05 0.507713 0.272423 0.000752415 9.9982E-05
0.00759043 0.33286 0.00753581 0.315846 0.257203 0.0788646 9.9991E-05
0.909049 0.052947 9.9964E-05 9.9964E-05 9.9964E-05 9.9964E-05 0.0376041
0.904053 9.9973E-05 9.9973E-05 0.0674976 9.9973E-05 0.0265821 0.0015674
0.983048 9.9955E-05 9.9955E-05 9.9955E-05 0.0164518 9.9955E-05 9.9955E-05
0.907831 9.9982E-05 0.0162232 9.9982E-05 0.0173615 0.0399034 0.0184811
0.925086 9.9973E-05 0.0396822 0.00495253 9.9973E-05 0.0299795 9.9973E-05
0.9994 9.995E-05 9.995E-05 9.995E-05 9.995E-05 9.995E-05 9.995E-05
0.9994 9.995E-05 9.995E-05 9.995E-05 9.995E-05 9.995E-05 9.995E-05
0.995863 9.9955E-05 0.00363722 9.9955E-05 9.9955E-05 9.9955E-05 9.9955E-05
0.950855 0.0200696 9.9973E-05 9.9973E-05 0.0124594 9.9973E-05 0.0163159
0.859723 9.9973E-05 9.9973E-05 9.9973E-05 0.0790728 0.00393359 0.0569709
0.94647 9.9955E-05 0.0530304 9.9955E-05 9.9955E-05 9.9955E-05 9.9955E-05
0.897221 0.0164231 9.9982E-05 0.014693 9.9982E-05 0.0122962 0.0591665
0.0271904 0.0123094 9.9982E-05 0.219875 0.573634 9.9982E-05 0.166792
0.075768 0.176594 0.0907863 9.9991E-05 0.482498 0.14804 0.0262134
0.0790882 0.178107 0.0795918 0.140456 0.348249 9.9991E-05 0.174408
9.9964E-05 0.0811761 9.9964E-05 9.9964E-05 0.089514 9.9964E-05 0.82891
0.043073 9.9973E-05 0.125726 9.9973E-05 0.056338 9.9973E-05 0.774563
9.9964E-05 9.9964E-05 0.0528743 9.9964E-05 0.120432 9.9964E-05 0.826294
9.9973E-05 9.9973E-05 0.0413123 9.9973E-05 0.0395499 0.0513242 0.867514
0.0294576 9.9982E-05 0.114441 9.9982E-05 0.11425 0.000594992 0.741057
0.0725939 9.9973E-05 0.0459223 9.9973E-05 0.0169223 9.9973E-05 0.864262
0.0748878 9.9964E-05 0.0241259 9.9964E-05 9.9964E-05 9.9964E-05 0.900586
9.9973E-05 9.9973E-05 0.0399016 0.0502681 0.0680938 9.9973E-05 0.841437
0.0386199 9.9964E-05 9.9964E-05 0.0422888 9.9964E-05 9.9964E-05 0.918691
0.0464928 9.9973E-05 0.0102824 9.9973E-05 0.104641 9.9973E-05 0.838284
9.9982E-05 0.0647303 0.0730167 0.115921 9.9982E-05 0.152827 0.593305
9.9982E-05 0.0238496 0.0226628 0.0402195 9.9982E-05 0.322631 0.590437
9.9991E-05 0.121531 0.0417531 0.111167 0.0219687 0.168429 0.535051
9.9973E-05 0.149604 9.9973E-05 0.0397873 9.9973E-05 0.317586 0.492723
0.0423568 0.287895 0.0406214 0.117117 9.9982E-05 0.51181 9.9982E-05
0.181929 0.691697 9.9973E-05 0.103579 9.9973E-05 9.9973E-05 0.0224953
9.9973E-05 0.858554 9.9973E-05 0.0843681 0.0451313 0.0116466 9.9973E-05
0.0733876 0.617247 0.0271359 0.141215 0.140815 9.9982E-05 9.9982E-05
0.00224759 0.693484 9.9973E-05 9.9973E-05 9.9973E-05 0.177244 0.126725
9.9964E-05 9.9964E-05 9.9964E-05 9.9964E-05 0.0424418 0.858456 0.0987022
0.0115343 0.00857946 9.9973E-05 9.9973E-05 9.9973E-05 0.890278 0.0893086
9.9955E-05 9.9955E-05 9.9955E-05 0.0337206 9.9955E-05 0.96578 9.9955E-05
9.9955E-05 9.9955E-05 9.9955E-05 9.9955E-05 9.9955E-05 0.898229 0.101271
9.9982E-05 9.9982E-05 0.0108128 0.0781798 0.0162832 0.825 0.069524
0.0505663 9.9964E-05 9.9964E-05 9.9964E-05 0.094465 0.854569 9.9964E-05
0.0706018 0.0199047 0.0568695 0.00657067 9.9991E-05 0.00331093 0.842642
0.0324158 9.9973E-05 9.9973E-05 9.9973E-05 0.103539 0.0643215 0.799424
0.144421 9.9982E-05 0.0294701 0.0756848 9.9982E-05 0.00095665 0.749267
0.125921 0.0473684 0.0695919 0.0053482 9.9991E-05 0.0883098 0.663361
0.153699 0.051196 0.00621843 9.9982E-05 9.9982E-05 0.0481488 0.740538
9.9964E-05 0.110332 9.9964E-05 9.9964E-05 9.9964E-05 0.493975 0.395293
9.9982E-05 0.071046 9.9982E-05 0.0339559 0.117319 0.353175 0.424305
9.9973E-05 9.9973E-05 0.04943 0.132887 9.9973E-05 0.378286 0.439097
9.995E-05 9.995E-05 0.9994 9.995E-05 9.995E-05 9.995E-05 9.995E-05
9.9973E-05 0.0639228 0.00771173 9.9973E-05 9.9973E-05 0.525577 0.402489
0.452223 0.0603735 0.0411558 0.111337 0.222716 9.9991E-05 0.112096
0.260314 9.9964E-05 9.9964E-05 9.9964E-05 0.461512 9.9964E-05 0.277774
0.117126 0.234198 0.0194323 0.421879 0.0368236 0.139415 0.0311265
0.0952014 0.0464934 0.0709092 0.252354 9.9991E-05 0.503076 0.031866
0.16158 0.274678 0.0254015 0.328701 9.9991E-05 0.170884 0.0386555
9.9973E-05 0.286205 9.9973E-05 0.323999 0.202004 0.187492 9.9973E-05
0.0340026 0.220508 0.0802281 0.204056 0.0364224 0.37475 0.050032
9.9982E-05 0.26859 0.00332536 0.329394 0.17587 0.22262 9.9982E-05
0.149124 0.112762 0.0190468 0.430696 9.9982E-05 0.288172 9.9982E-05
0.15234 0.279775 0.0064579 0.330321 9.9991E-05 0.190586 0.0404196
0.153994 9.9973E-05 9.9973E-05 0.0555643 0.00760496 9.9973E-05 0.782537
0.0662381 9.9973E-05 0.0499641 0.0634442 9.9973E-05 9.9973E-05 0.820054
0.0479834 0.0938988 9.9973E-05 0.0337625 9.9973E-05 9.9973E-05 0.824055
0.0390463 0.0605226 0.0311911 0.055023 9.9982E-05 9.9982E-05 0.814017
0.0813353 9.9973E-05 0.0608816 0.0440727 9.9973E-05 9.9973E-05 0.813411
0.0930338 0.104476 0.0252019 0.22508 9.9991E-05 0.543433 0.00867526
0.120085 0.097186 0.0509183 0.237409 0.149992 0.344309 9.9991E-05
9.9991E-05 0.224343 0.0347716 0.0443508 0.0828005 0.528187 0.0854472
0.0890578 0.0670465 9.9982E-05 0.274171 9.9982E-05 0.492099 0.0774255
0.0442074 0.118504 0.0376208 0.268053 9.9991E-05 0.373499 0.158016
0.0505272 0.264478 0.0811894 0.191782 9.9991E-05 0.379984 0.0319388
0.169254 0.230403 0.01458 0.248413 0.0107395 0.285368 0.0412423
0.0330686 0.281074 0.00218335 0.376189 0.175256 0.132129 9.9991E-05
9.9973E-05 0.314422 9.9973E-05 0.289975 0.281861 0.113443 9.9973E-05
9.9973E-05 0.354711 9.9973E-05 0.291576 0.35005 0.0033639 9.9973E-05
9.9982E-05 0.271951 0.0073773 0.41852 0.227535 0.0744177 9.9982E-05
0.0217952 0.327263 9.9991E-05 0.0688444 0.0238879 0.48958 0.06853
0.129329 0.226928 9.9982E-05 0.318875 0.0429627 0.281705 9.9982E-05
0.0851519 0.28127 0.0353146 0.164145 9.9982E-05 0.433918 9.9982E-05
0.194645 0.329336 9.9973E-05 0.0869702 9.9973E-05 0.388749 9.9973E-05
0.0708983 0.289291 9.9982E-05 0.10633 0.422129 9.9982E-05 0.111152
0.118279 9.9973E-05 0.0343114 9.9973E-05 0.549503 9.9973E-05 0.297607
9.995E-05 9.995E-05 9.995E-05 0.9994 9.995E-05 9.995E-05 9.995E-05
9.9964E-05 9.9964E-05 9.9964E-05 0.950845 9.9964E-05 0.0253967 0.0233588
0.460762 9.9973E-05 9.9973E-05 0.338554 0.0720269 9.9973E-05 0.128357
0.349738 9.9982E-05 0.0442346 0.377859 0.0906589 9.9982E-05 0.137309
0.0737612 9.9973E-05 9.9973E-05 0.776927 0.114891 9.9973E-05 0.0341209
0.0569119 9.9982E-05 0.0513605 0.649228 0.157243 9.9982E-05 0.0850563
0.30148 0.0491515 0.0129596 0.531911 9.9991E-05 0.0105442 0.0938537
0.117325 9.9973E-05 0.0329254 0.753867 9.9973E-05 9.9973E-05 0.095582
9.9964E-05 9.9964E-05 9.9964E-05 0.901535 9.9964E-05 0.0509992 0.0470656
0.000365646 9.9973E-05 9.9973E-05 0.866261 9.9973E-05 0.0786965 0.0543771
0.101266 9.9991E-05 0.0449077 0.510697 0.104272 0.0351193 0.203637
0.114262 9.9982E-05 0.0143619 0.343316 0.265754 9.9982E-05 0.262106
9.9964E-05 0.0464533 9.9964E-05 0.907903 0.0452438 9.9964E-05 9.9964E-05
9.9964E-05 0.00240206 9.9964E-05 0.971846 9.9964E-05 9.9964E-05 0.0253525
0.121735 0.111689 0.0533383 0.712938 9.9973E-05 9.9973E-05 9.9973E-05
0.0455726 0.0681646 0.0385925 0.84737 9.9973E-05 9.9973E-05 9.9973E-05
0.0463875 9.9991E-05 0.119096 0.0643547 0.0748053 0.0421094 0.653147
0.0966025 9.9982E-05 0.0434964 9.9982E-05 0.135046 0.0700539 0.654601
0.136939 9.9973E-05 0.0445092 9.9973E-05 9.9973E-05 0.00774418 0.810508
9.9973E-05 9.9973E-05 0.114781 0.0206154 0.0111336 9.9973E-05 0.85317
0.0896615 0.518056 9.9982E-05 0.181146 9.9982E-05 0.148054 0.0628823
9.9973E-05 0.903388 0.0183795 0.0609585 9.9973E-05 9.9973E-05 0.016974
0.0599854 0.713683 0.0154973 0.111542 9.9991E-05 0.028795 0.070397
9.9955E-05 0.843203 9.9955E-05 9.9955E-05 0.156297 9.9955E-05 9.9955E-05
9.9982E-05 0.707586 0.000848057 0.0309505 0.253514 0.00690187 9.9982E-05
9.9964E-05 0.766941 9.9964E-05 0.069983 0.162676 9.9964E-05 9.9964E-05
0.0857345 0.747099 0.00750722 0.0602831 9.9991E-05 0.0154317 0.0838447
0.0746795 0.834194 0.0503459 0.0310722 9.9982E-05 0.00950809 9.9982E-05
9.9982E-05 0.0441668 0.0467245 9.9982E-05 0.0506533 0.22101 0.637246
9.9991E-05 0.129038 0.0727004 0.00858944 0.0493947 0.0632807 0.676896
9.9973E-05 9.9973E-05 0.142369 9.9973E-05 0.0217973 0.134563 0.70097
9.9973E-05 9.9973E-05 0.101035 9.9973E-05 0.0499537 0.0967939 0.751918
9.9982E-05 0.0632191 0.0691078 9.9982E-05 0.0395815 0.20271 0.625181
0.0256058 0.767826 9.9973E-05 9.9973E-05 9.9973E-05 0.139791 0.0664772
9.9973E-05 0.800309 0.0578542 9.9973E-05 9.9973E-05 0.0372703 0.104266
0.0771534 0.922347 9.9955E-05 9.9955E-05 9.9955E-05 9.9955E-05 9.9955E-05
0.119647 0.733242 9.9982E-05 0.0762799 9.9982E-05 0.0465843 0.0240473
0.0810445 0.650424 0.0675037 0.077604 9.9991E-05 0.101353 0.0219707
0.565879 0.00913141 0.030545 9.9982E-05 0.190327 9.9982E-05 0.203918
0.0372991 0.305425 0.0102442 0.0933863 0.168221 0.237908 0.147516
0.0355894 0.222771 0.0447673 0.221599 0.412397 0.0608879 0.00198845
0.100431 0.028664 9.9982E-05 9.9982E-05 0.830217 0.0387271 0.00176044
9.99549E-05 9.99549E-05 0.0226787 9.99549E-05 0.976821 9.99549E-05 9.99549E-05
0.12227 0.0562434 0.0523538 0.0217849 0.633079 0.034308 0.0799611
0.106247 9.9973E-05 0.0396138 9.9973E-05 0.724223 9.9973E-05 0.129616
0.183441 0.0952169 9.9982E-05 0.144674 0.342381 9.9982E-05 0.234087
0.0651093 0.03202 0.0310108 9.9991E-05 0.784623 0.0750531 0.0120835
0.0895218 0.167572 0.0271338 0.0616669 0.56418 0.010021 0.0799038
9.9964E-05 9.9964E-05 0.00106426 9.9964E-05 0.940683 9.9964E-05 0.0578529
0.214779 0.137093 9.9982E-05 0.0252345 0.327579 9.9982E-05 0.295115
0.350259 0.0727553 0.0461325 0.136819 0.179626 9.9991E-05 0.214309
9.9982E-05 0.020198 0.0492704 9.9982E-05 0.0120488 0.128824 0.789459
9.9964E-05 0.0180268 9.9964E-05 9.9964E-05 9.9964E-05 0.966908 0.0146651
9.9964E-05 9.9964E-05 0.0400314 9.9964E-05 9.9964E-05 0.956098 0.00347065
9.9955E-05 9.9955E-05 9.9955E-05 9.9955E-05 0.0126552 0.986845 9.9955E-05
0.072476 9.9964E-05 0.0473787 9.9964E-05 9.9964E-05 0.879745 9.9964E-05
0.0268649 9.9973E-05 0.00386308 0.0224111 9.9973E-05 0.946561 9.9973E-05
9.9982E-05 0.00891317 0.039649 9.9982E-05 0.0128836 0.936912 0.00144233
9.9964E-05 9.9964E-05 0.0409335 9.9964E-05 9.9964E-05 0.776183 0.182484
0.0187948 0.0396157 0.0527298 0.00132253 0.0765022 9.9991E-05 0.810935
0.0484782 0.0143155 0.0567093 9.9982E-05 9.9982E-05 0.13514 0.745157
0.0798645 9.99687E-05 0.0796496 9.99687E-05 9.99687E-05 9.99687E-05 0.840086
0.0223416 9.9982E-05 0.0944568 0.0317778 9.9982E-05 0.127265 0.723959
0.041138 0.00158858 9.9973E-05 9.9973E-05 0.0517872 9.9973E-05 0.905186
0.0206995 9.9982E-05 0.0197126 9.9982E-05 0.0508632 0.0871002 0.821424
0.0513169 0.00513204 0.0758544 0.0130227 0.0362804 0.0125058 0.805888
0.0588538 0.0208795 0.0146375 0.0454544 9.9982E-05 9.9982E-05 0.859975
9.9964E-05 9.9964E-05 0.048953 0.0408118 9.9964E-05 9.9964E-05 0.909835
0.0565466 9.9982E-05 0.0685088 0.0614677 9.9982E-05 0.0348147 0.778462
0.00416958 9.9982E-05 0.0160252 9.9982E-05 0.0129505 0.0319645 0.93469
0.00800623 9.9973E-05 0.0976861 9.9973E-05 0.0460437 9.9973E-05 0.847964
0.115175 9.9973E-05 0.0871833 9.9973E-05 9.9973E-05 0.0155305 0.781811
0.16286 9.9964E-05 0.0843093 9.9964E-05 9.9964E-05 9.9964E-05 0.752431
0.221801 9.9982E-05 0.0283983 0.000213916 0.0114661 9.9982E-05 0.73792
0.162175 9.9964E-05 0.0948306 9.9964E-05 9.9964E-05 9.9964E-05 0.742594
0.14103 0.0133487 0.0973861 9.9973E-05 9.9973E-05 9.9973E-05 0.747936
0.120332 0.315282 0.00802007 0.199188 0.0757238 0.16715 0.114304
9.9973E-05 0.245379 9.9973E-05 0.211151 0.494445 0.0487257 9.9973E-05
9.9982E-05 0.25132 9.9982E-05 0.179419 0.547018 0.00565945 0.0163827
0.0491757 0.264309 9.9982E-05 0.165302 0.172696 0.348317 9.9982E-05
9.9973E-05 0.180202 9.9973E-05 0.343776 0.386099 0.089623 9.9973E-05
9.9973E-05 0.257906 9.9973E-05 0.108412 0.511546 0.121836 9.9973E-05
0.163834 0.477994 0.0362652 0.12443 0.0813402 9.99922E-05 0.116036
0.190616 0.201463 9.9991E-05 0.000202089 0.0845169 0.0816507 0.441451
0.111233 9.9991E-05 0.0257004 0.00922284 0.613669 0.0479563 0.192119
0.263783 0.123002 0.0721273 0.0852497 0.0370782 0.117339 0.301421
0.216164 0.198763 0.126609 0.0513626 0.0835303 9.9991E-05 0.323471
