0.0638479 9.9973E-05 9.9973E-05 0.0505287 9.9973E-05 0.61267 0.272654
0.0280164 9.9964E-05 9.9964E-05 9.9964E-05 9.9964E-05 0.590099 0.381485
0.0699786 0.00108097 0.10686 9.9982E-05 9.9982E-05 0.528491 0.293389
0.042526 0.000479174 0.0679247 0.0517299 9.9991E-05 0.666087 0.171153
0.00869306 9.9973E-05 0.0377059 9.9973E-05 9.9973E-05 0.55664 0.396661
9.999E-05 0.0720906 0.0577823 0.0581657 0.166827 0.489943 0.155092
0.0593927 9.9973E-05 9.9973E-05 0.0649016 0.0635637 0.811842 9.9973E-05
0.0156884 0.0221185 9.9991E-05 0.142739 0.0858097 0.650789 0.0827556
0.0510738 9.9982E-05 9.9982E-05 0.0840304 0.0570761 0.65971 0.14791
0.0607226 0.0845424 0.0665573 0.0315924 0.0970644 0.5994 0.0601205
9.9982E-05 9.9982E-05 0.0392934 0.123035 0.094373 0.57462 0.168478
9.9982E-05 0.0771369 0.282423 0.509364 0.0135996 0.117276 9.9982E-05
0.0783948 0.0375923 0.544988 0.253933 0.0215699 0.0351873 0.0283348
0.0431666 0.0534019 0.314944 0.376577 0.120876 0.0909343 9.9991E-05
9.9982E-05 0.202997 0.326058 0.413579 0.00714348 0.0500212 9.9982E-05
0.00992978 0.0891942 0.420264 0.221487 0.0386147 0.117746 0.102764
0.052557 0.171319 0.54179 0.173599 0.00179141 0.0588436 9.9991E-05
0.0596099 0.11129 0.485967 0.179203 0.16373 9.9982E-05 9.9982E-05
9.9982E-05 0.0891706 0.406807 0.296432 0.00748628 0.199904 9.9982E-05
0.0737383 0.05351 0.0429678 0.642001 0.125103 0.0625795 9.9991E-05
9.99843E-05 0.13454 0.397332 0.1951 0.16713 9.99843E-05 0.105697
0.0311901 9.9982E-05 0.591559 9.9982E-05 0.254252 0.112852 0.00994646
9.9982E-05 0.01205 0.697177 0.173151 9.9982E-05 0.0429913 0.0744307
0.0178047 0.0786982 0.340767 0.338897 0.119682 0.104051 9.9991E-05
0.0354462 0.129633 0.63161 0.0839455 0.0058337 0.104606 0.00892536
9.9982E-05 0.121326 0.558897 0.254698 9.9982E-05 0.0569462 0.0079341
0.0637556 0.0812939 0.24875 0.488489 0.0714914 0.0461206 9.9991E-05
9.9973E-05 0.198904 0.266305 0.429679 9.9973E-05 0.104812 9.9973E-05
9.9982E-05 0.0145695 0.371809 0.409248 0.0779276 0.126246 9.9982E-05
0.9994 9.995E-05 9.995E-05 9.995E-05 9.995E-05 9.995E-05 9.995E-05
0.9994 9.995E-05 9.995E-05 9.995E-05 9.995E-05 9.995E-05 9.995E-05
0.335946 0.0653762 0.0317677 9.9982E-05 9.9982E-05 0.35083 0.21588
0.251282 0.0280609 0.144092 0.00295682 9.9991E-05 0.327303 0.246206
0.0281974 9.9982E-05 0.718306 0.121677 0.0536453 9.9982E-05 0.0779743
0.0498998 9.9991E-05 0.679772 0.0460229 0.0881587 0.0937085 0.0423377
0.029959 0.0855784 0.637713 9.9991E-05 0.228969 0.0119007 0.00578048
9.9982E-05 0.0220446 0.252586 0.574448 9.9982E-05 0.135641 0.0150812
0.0268566 0.000867446 0.514707 9.9991E-05 0.41053 0.0155491 0.0313899
0.020413 0.0440135 0.544848 0.23196 0.110072 0.0445402 0.00415334
9.9982E-05 0.0169219 0.832125 9.9982E-05 0.0216719 0.052847 0.0762338
0.036974 0.074901 0.640423 0.098275 0.014462 0.0179316 0.117033
0.126469 0.00728646 0.628051 0.162744 0.0277519 9.9991E-05 0.0475976
0.0341849 9.9973E-05 0.35907 0.266917 0.339528 9.9973E-05 9.9973E-05
9.9982E-05 0.0914724 0.528139 0.0209788 0.229048 9.9982E-05 0.130162
0.0323048 0.0840701 0.61706 0.0359868 0.147957 0.0455217 0.0371
0.00858088 0.0471396 0.56772 0.118776 0.0585344 0.0991323 0.100117
9.9964E-05 9.9964E-05 0.532521 0.0142717 0.452807 9.9964E-05 9.9964E-05
0.0315917 0.0374561 0.693969 9.9982E-05 0.0861128 9.9982E-05 0.150671
0.0725319 0.093615 0.523024 9.9982E-05 0.195884 9.9982E-05 0.114745
9.9973E-05 9.9973E-05 9.9973E-05 0.0437801 0.855448 0.0463645 0.054107
0.0138176 9.9991E-05 0.274121 0.463582 0.216695 0.00366468 0.0280203
9.9982E-05 0.0719295 0.15952 0.216648 0.510536 0.0411662 9.9982E-05
0.0574035 0.230218 0.50065 0.141179 9.9982E-05 0.0703488 9.9982E-05
0.0551102 0.135985 0.623885 0.0824316 9.9991E-05 0.0456044 0.0568846
0.0174832 0.134388 0.585772 0.0485909 0.115718 9.9991E-05 0.0979475
0.00429299 0.0251724 0.238738 0.367078 0.242184 0.122435 9.9991E-05
9.9973E-05 9.9973E-05 0.634488 0.214784 0.090915 0.0595129 9.9973E-05
0.0437391 0.137895 0.494535 0.171182 0.0516359 0.100913 9.9991E-05
0.0481125 9.9991E-05 0.411391 0.227911 0.179574 0.0876324 0.0452793
0.0136912 0.0723307 0.0698749 0.426641 0.195163 0.0990976 0.123202
0.0435379 0.162294 0.504437 0.177193 0.0372182 9.9991E-05 0.0752189
9.9991E-05 0.0532176 0.426492 0.313607 0.0884751 0.108559 0.00954939
0.0869711 9.9982E-05 0.083424 0.595936 0.183176 0.0502927 9.9982E-05
0.0210032 0.0661145 0.559399 0.299785 0.0293494 0.0242491 9.9991E-05
0.0178044 0.140919 0.549234 0.157585 0.0626912 0.0521684 0.0195979
0.139891 0.0113397 0.565716 0.172121 0.0695524 0.0412786 9.9991E-05
0.0409549 0.0904093 0.285653 0.346932 0.235851 9.9982E-05 9.9982E-05
0.0048741 0.119562 0.465798 0.216435 0.0901078 0.103123 9.9991E-05
0.00884516 0.0368275 0.52182 0.225445 0.0718075 0.0767289 0.0585258
0.0585554 9.9982E-05 0.286588 0.381521 0.216895 9.9982E-05 0.0562407
0.00466829 9.9982E-05 0.754193 0.0786769 0.156735 0.00552752 9.9982E-05
9.9973E-05 9.9973E-05 0.480781 0.200263 0.315982 9.9973E-05 0.0026732
0.0268258 0.0803898 0.656631 0.0888219 0.0513201 0.0334291 0.0625825
0.0676655 0.0724628 0.528585 0.173584 0.0829111 0.0498157 0.0249752
9.9964E-05 9.9964E-05 0.174348 0.118176 0.707076 9.9964E-05 9.9964E-05
9.9964E-05 9.9964E-05 0.207575 0.117969 0.674057 9.9964E-05 9.9964E-05
9.9964E-05 9.9964E-05 0.471356 0.099127 0.429117 9.9964E-05 9.9964E-05
0.0612524 9.9982E-05 0.590976 0.0666928 0.238174 9.9982E-05 0.0427052
0.0558846 0.0458029 0.637711 0.051024 0.0598079 0.116274 0.033496
0.0486434 0.0124423 0.500079 9.9982E-05 0.337898 9.9982E-05 0.100738
9.9973E-05 9.9973E-05 0.385121 0.32597 0.249785 0.0388236 9.9973E-05
9.9973E-05 9.9973E-05 0.432676 0.256326 0.21948 9.9973E-05 0.0912181
0.0483922 0.0904908 0.619937 9.99908E-05 0.117822 0.0439672 0.0792914
0.014692 0.035797 0.452419 0.092724 0.404168 9.9982E-05 9.9982E-05
0.000545392 9.9982E-05 0.613404 0.0895578 0.195209 9.9982E-05 0.101084
0.0250351 9.9964E-05 0.564167 9.9964E-05 0.410398 9.9964E-05 9.9964E-05
9.9964E-05 9.9964E-05 0.189854 0.0782003 0.731546 9.9964E-05 9.9964E-05
9.9982E-05 0.0772298 0.635659 0.11192 0.0711113 9.9982E-05 0.10388
0.0927635 9.9982E-05 0.0973369 0.0194118 9.9982E-05 0.55996 0.230328
0.13467 9.9973E-05 0.00151412 9.9973E-05 9.9973E-05 0.510282 0.353235
0.154571 0.0446636 9.9973E-05 9.9973E-05 9.9973E-05 0.451383 0.349083
0.119379 0.00376812 9.9973E-05 9.9973E-05 9.9973E-05 0.509787 0.366766
0.119688 0.0295189 0.0364861 9.9982E-05 9.9982E-05 0.658927 0.15518
0.0550163 0.0710161 9.9973E-05 9.9973E-05 9.9973E-05 0.527262 0.346405
0.0646334 9.9964E-05 9.9964E-05 9.9964E-05 9.9964E-05 0.657924 0.277043
0.0318143 0.0247651 0.6075 0.107558 0.0804969 0.12719 0.0206762
0.00283086 0.124116 0.52974 0.0646525 0.144283 9.9991E-05 0.134278
9.9973E-05 9.9973E-05 0.292824 0.186611 0.503544 0.0167212 9.9973E-05
0.07491 0.0739725 0.57805 0.0459104 0.146183 0.0668361 0.0141383
0.0425267 9.9982E-05 0.60919 0.14677 0.177723 0.0235899 9.9982E-05
0.0268443 0.0238773 0.682922 0.0655764 0.0729559 9.9991E-05 0.127725
0.0121025 0.0214241 0.711993 0.0501821 0.182189 0.0220096 9.9991E-05
0.0350679 0.0207537 0.678209 9.9991E-05 0.178563 0.00123602 0.0860699
9.9973E-05 9.9973E-05 0.138314 0.37981 0.438053 9.9973E-05 0.0435236
0.0244229 0.0316744 0.509131 0.0418144 0.224178 0.0708617 0.0979176
0.0696682 0.0221496 0.744183 0.0510053 0.0330173 0.0126854 0.0672916
0.0274122 0.0818069 0.676784 0.125703 9.9982E-05 9.9982E-05 0.0880946
0.0652107 9.9973E-05 0.459171 0.0109703 0.464348 9.9973E-05 9.9973E-05
0.0227294 9.9982E-05 0.702231 0.0219094 0.239039 9.9982E-05 0.0138911
0.0746492 9.9982E-05 0.570065 0.230445 0.10933 0.0153101 9.9982E-05
0.0265822 0.0407468 0.520424 0.0476571 0.36439 9.9982E-05 9.9982E-05
9.9982E-05 9.9982E-05 0.559883 0.096433 0.205547 0.0401269 0.0978101
0.0189668 0.093131 0.571017 0.147165 0.0919826 0.0342178 0.0435197
9.9982E-05 0.0948418 0.276003 0.334335 0.215807 0.0788137 9.9982E-05
0.047969 0.143902 0.42094 0.11978 0.0846203 0.155733 0.0270549
0.0112135 0.134498 0.362118 0.355639 0.00829397 0.0227761 0.105462
0.0307404 0.0768511 0.614033 0.132953 0.045355 0.0562756 0.043792
9.9991E-05 0.121517 0.570643 0.058269 0.110829 0.00247993 0.136162
0.115415 0.00493071 0.516793 0.34387 0.0168524 0.0020401 9.9991E-05
9.9982E-05 0.0579436 0.600648 0.241618 9.9982E-05 0.0559601 0.0436301
0.0535216 0.0241974 0.500937 0.338606 0.0503544 9.9991E-05 0.0322836
9.9991E-05 0.0360261 0.497477 0.187772 0.185597 0.0660254 0.0270021
0.0317899 0.0706022 0.57176 0.158516 0.0639996 9.9991E-05 0.103232
0.0397642 9.9982E-05 0.656301 0.189727 9.9982E-05 0.018821 0.0951875
0.0117802 0.0139984 0.533313 0.348474 9.9991E-05 0.00421211 0.0881222
9.9991E-05 0.10373 0.595451 0.0391404 0.153855 0.0256672 0.0820571
0.0714401 0.078263 0.656405 0.0754379 0.00988223 0.108472 9.9991E-05
9.9973E-05 0.101793 0.647651 0.228247 0.0220092 9.9973E-05 9.9973E-05
9.9982E-05 0.0707246 0.586837 0.200177 0.00388641 9.9982E-05 0.138174
0.0198133 0.0978785 0.592731 0.180888 0.0628329 0.0457558 9.9991E-05
0.0435804 0.0766838 0.347564 0.261046 0.234869 0.0359329 0.000324113
9.9973E-05 0.102479 0.68079 0.155152 9.9973E-05 9.9973E-05 0.0612796
9.9991E-05 0.0847607 0.704506 0.105979 0.00736495 0.0945161 0.0027734
9.9982E-05 0.0692822 0.279569 0.468438 0.128865 0.0536449 9.9982E-05
0.00830854 0.128013 0.163429 0.265088 0.372775 0.0200762 0.0423106
0.0143373 0.107807 0.482525 0.201639 0.0811858 9.9991E-05 0.112405
9.9973E-05 0.130751 0.0689043 0.422573 0.377472 9.9973E-05 9.9973E-05
9.9982E-05 0.00952881 0.337375 0.464503 0.119481 0.0689114 9.9982E-05
9.9973E-05 9.9973E-05 0.473386 0.359116 0.13513 0.0320676 9.9973E-05
0.0250478 9.9991E-05 0.417459 0.474706 0.0128187 0.0102587 0.0596098
9.9982E-05 9.9982E-05 0.417127 0.479341 0.0277024 0.017053 0.0585767
0.117719 0.022818 0.638835 0.143194 0.0296857 0.0476491 9.9991E-05
9.9991E-05 0.110284 0.616258 0.141241 0.0286161 0.0864727 0.0170285
0.0874197 0.026185 0.607631 0.185601 9.9982E-05 9.9982E-05 0.092963
0.0148743 0.137041 0.173598 0.386404 0.287884 9.9982E-05 9.9982E-05
9.9982E-05 9.9982E-05 0.68571 0.1048 0.0154773 0.144672 0.0491405
9.9982E-05 0.0527701 0.571589 0.0609047 0.162913 9.9982E-05 0.151623
0.0149536 9.9991E-05 0.0538481 0.139057 0.545563 0.0730069 0.173471
0.0184581 0.11317 0.643379 9.9991E-05 0.116142 0.0783639 0.0303865
9.9982E-05 0.0516058 0.419126 0.0469729 0.33196 0.150135 9.9982E-05
0.0373768 0.103797 0.472825 0.120435 0.135949 9.9991E-05 0.129518
9.9973E-05 9.9973E-05 0.349612 0.0695005 0.359256 0.221331 9.9973E-05
0.0160374 9.9991E-05 0.262169 0.170763 0.411146 0.0560438 0.0837408
0.0514427 0.12701 0.501868 0.0626077 0.112568 0.072773 0.0717303
0.0179597 9.9982E-05 0.545623 0.0931183 0.233678 0.109421 9.9982E-05
0.0309731 0.0716544 0.542437 0.0247809 0.115897 0.0775317 0.136726
0.000940968 0.0633661 0.452035 0.0897433 0.178712 0.0724802 0.142722
0.0166354 0.139877 0.455526 0.119917 0.0758522 0.128902 0.0632901
9.9991E-05 0.184136 0.55634 0.032478 0.00561984 0.137309 0.0840171
0.0286752 0.120269 0.0999429 0.0530858 0.551598 0.146329 9.9991E-05
0.0445256 0.00553878 0.614079 0.0938299 0.137822 0.00913388 0.0950709
0.0355015 0.102001 0.49795 0.124014 0.119256 0.121178 9.9991E-05
9.9973E-05 0.00261692 0.489171 0.136455 0.371457 9.9973E-05 9.9973E-05
9.9982E-05 0.0364649 0.524641 0.107199 0.315051 0.0164438 9.9982E-05
0.0264339 0.0840464 0.598807 0.0643257 0.115106 9.9991E-05 0.111181
0.0428218 0.102734 0.534632 0.159023 9.9991E-05 0.145311 0.0153781
0.0625559 0.234635 0.386256 0.117001 0.113053 0.0349457 0.051553
0.0751672 0.289813 0.0641435 0.0161441 0.262677 0.157345 0.13471
0.00229028 0.129426 9.9982E-05 9.9982E-05 0.255718 0.518535 0.0938303
0.0208753 0.139564 9.9973E-05 9.9973E-05 0.353867 0.485393 9.9973E-05
9.9991E-05 0.358682 0.016893 0.0672667 0.0937919 0.313418 0.149848
0.0466286 0.0103517 0.774693 0.00110584 0.167021 9.9982E-05 9.9982E-05
0.0236805 0.118699 0.580101 0.117101 0.0732603 9.9991E-05 0.0870578
0.0295101 0.716387 0.248501 0.00530166 9.9973E-05 9.9973E-05 9.9973E-05
9.9973E-05 0.426103 0.457415 0.0583955 9.9973E-05 9.9973E-05 0.0577864
0.0228914 0.335561 0.452888 9.9991E-05 0.0453946 0.126003 0.0171628
0.0539398 0.0387436 0.37651 9.9982E-05 0.501585 0.0290217 9.9982E-05
0.0440497 0.150234 0.482954 0.0626259 0.168127 0.0519612 0.0400478
9.9973E-05 0.050885 0.204053 9.9973E-05 0.67913 0.0656316 9.9973E-05
9.9982E-05 0.0360155 0.671133 9.9982E-05 0.244666 0.0334219 0.0145631
0.0278472 0.0477955 0.58351 0.0112691 0.265473 0.0640053 9.9991E-05
9.9973E-05 0.0875035 0.603754 9.9973E-05 0.23668 0.0717619 9.9973E-05
0.0200694 0.0323222 0.240996 0.0760813 0.608923 0.0158999 0.00570741
9.9991E-05 0.101588 0.610361 0.0777816 0.147203 0.0421128 0.0208537
9.9991E-05 0.18857 0.544065 0.0126598 0.164925 0.0670318 0.0226483
0.0478983 0.154875 0.498242 0.0650202 0.112017 0.0598546 0.0620921
9.9982E-05 0.270252 0.401755 0.139126 0.0481255 9.9982E-05 0.140541
9.9973E-05 0.910475 0.0209517 9.9973E-05 0.00576126 9.9973E-05 0.0625118
9.9964E-05 0.830609 0.117266 9.9964E-05 9.9964E-05 9.9964E-05 0.051725
9.9964E-05 0.574393 0.358512 9.9964E-05 9.9964E-05 0.0666945 9.9964E-05
9.9964E-05 0.629745 0.27866 9.9964E-05 9.9964E-05 9.9964E-05 0.0911953
0.00283037 0.767617 0.185882 9.9982E-05 9.9982E-05 0.0339814 0.0094893
9.995E-05 0.9994 9.995E-05 9.995E-05 9.995E-05 9.995E-05 9.995E-05
9.9955E-05 0.938486 9.9955E-05 9.9955E-05 9.9955E-05 9.9955E-05 0.0610147
9.9964E-05 0.847234 0.137393 9.9964E-05 9.9964E-05 9.9964E-05 0.014973
0.0135241 0.978723 9.9964E-05 0.00735346 9.9964E-05 9.9964E-05 9.9964E-05
9.995E-05 0.9994 9.995E-05 9.995E-05 9.995E-05 9.995E-05 9.995E-05
0.00823237 0.991268 9.9955E-05 9.9955E-05 9.9955E-05 9.9955E-05 9.9955E-05
0.0324951 0.791367 0.0974781 0.00773631 9.9982E-05 9.9982E-05 0.0707239
0.0367157 0.721475 0.156566 0.00965193 9.9991E-05 0.0402238 0.0352677
0.0274105 0.97209 9.9955E-05 9.9955E-05 9.9955E-05 9.9955E-05 9.9955E-05
0.00645448 0.380827 0.361318 0.0539727 9.9991E-05 0.109609 0.0877187
0.0386727 0.701381 0.12251 0.083644 9.9982E-05 9.9982E-05 0.0535919
9.9973E-05 0.79152 0.155479 9.9973E-05 9.9973E-05 0.00935924 0.0433424
0.0307765 0.897302 9.9982E-05 0.0262682 0.0253078 9.9982E-05 0.0201459
0.00608984 0.98225 9.9973E-05 9.9973E-05 0.00655883 9.9973E-05 0.00480096
9.9973E-05 0.9005 0.0470054 9.9973E-05 9.9973E-05 0.0471347 0.00505974
0.0471345 0.947487 9.9964E-05 9.9964E-05 9.9964E-05 0.00497843 9.9964E-05
0.0114368 0.633418 0.209729 0.00216249 9.9991E-05 0.0118319 0.131322
0.000105994 0.924106 9.9973E-05 0.0370072 9.9973E-05 0.0384811 9.9973E-05
9.9973E-05 0.0724605 9.9973E-05 9.9973E-05 0.527565 0.274679 0.124996
0.0308473 0.093376 0.386791 0.129449 0.180641 0.0681616 0.110734
9.9982E-05 0.13049 0.426228 9.9982E-05 0.152915 0.229994 0.0601732
0.0650239 0.0676339 0.251349 0.0183996 0.339672 0.257822 9.9991E-05
9.9973E-05 0.0807756 0.520543 9.9973E-05 0.207569 0.190812 9.9973E-05
0.0672439 0.126115 0.241913 9.9982E-05 0.330336 0.234192 9.9982E-05
0.0164476 0.125917 0.463071 9.9991E-05 0.155123 0.127207 0.112134
9.9991E-05 0.0703727 0.445405 0.0869377 0.127299 0.18481 0.085075
9.9982E-05 0.203427 0.345183 9.9982E-05 0.24188 0.139536 0.0697731
0.0737312 0.183615 0.467927 9.9982E-05 0.113641 0.160886 9.9982E-05
0.0683219 0.236812 0.257454 9.9991E-05 0.27656 0.0938096 0.0669426
0.101371 0.0799117 0.542907 9.9991E-05 0.132114 0.020011 0.123586
0.0390079 0.107227 0.434768 9.9991E-05 0.120824 0.182257 0.115816
9.9982E-05 9.9982E-05 0.0419628 0.0147846 0.00904015 0.715962 0.21805
0.0466708 0.0479129 9.9964E-05 9.9964E-05 9.9964E-05 0.905017 9.9964E-05
0.0276345 9.9973E-05 9.9973E-05 9.9973E-05 0.002689 0.917596 0.0517804
0.0302434 9.9973E-05 0.0350104 9.9973E-05 9.9973E-05 0.891398 0.0430486
0.11535 9.9973E-05 0.0578439 9.9973E-05 9.9973E-05 0.797086 0.0294206
0.0324351 0.0372405 9.9973E-05 9.9973E-05 9.9973E-05 0.691544 0.23848
0.0183066 0.0632503 9.9973E-05 9.9973E-05 9.9973E-05 0.556167 0.361976
0.0311828 9.9973E-05 9.9973E-05 9.9973E-05 0.0281963 0.737445 0.202876
9.9964E-05 9.9964E-05 0.0333349 9.9964E-05 9.9964E-05 0.756465 0.2098
9.9964E-05 0.0596641 9.9964E-05 9.9964E-05 9.9964E-05 0.69609 0.243846
0.0305782 9.9982E-05 9.9982E-05 0.286075 0.0663805 0.474495 0.142271
0.0314385 9.9982E-05 9.9982E-05 0.328627 0.00353929 0.48231 0.153885
0.0389102 9.9982E-05 9.9982E-05 0.23 0.141757 0.351399 0.237734
9.9973E-05 9.9973E-05 9.9973E-05 0.387433 0.0874749 0.458096 0.066696
0.0390629 0.00471943 0.619616 0.254658 0.00427677 9.9991E-05 0.0775669
9.9982E-05 0.0258209 0.628718 0.0881501 0.198664 9.9982E-05 0.058447
0.00805471 9.9973E-05 0.72293 0.136327 9.9973E-05 9.9973E-05 0.132388
9.9991E-05 0.131378 0.500113 0.152496 0.0787503 0.0493859 0.0877767
0.0615569 9.9982E-05 0.572576 0.259778 0.0719644 0.0339247 9.9982E-05
0.00731743 9.9982E-05 0.249495 0.665645 0.0693236 0.00801952 9.9982E-05
9.9991E-05 0.068403 0.640056 0.179181 0.0524752 0.00183616 0.0579488
9.9973E-05 9.9973E-05 0.7229 0.0314181 0.157662 9.9973E-05 0.0877203
0.00519162 0.0747963 0.603245 0.111772 0.204795 9.9982E-05 9.9982E-05
9.9982E-05 0.0457037 0.509725 0.120611 0.321227 9.9982E-05 0.00253293
0.0132258 0.00634685 0.62617 0.0716553 0.0765459 9.9991E-05 0.205957
0.0281721 9.9982E-05 0.543015 0.194297 0.190898 9.9982E-05 0.0434177
9.9964E-05 9.9964E-05 0.0571721 0.113464 0.828965 9.9964E-05 9.9964E-05
0.000721592 0.00404187 0.589747 0.291738 0.000436813 9.9991E-05 0.113214
9.9964E-05 9.9964E-05 0.466625 9.9964E-05 0.510466 0.0225087 9.9964E-05
0.012703 9.9973E-05 0.690423 9.9973E-05 0.245386 9.9973E-05 0.0511876
9.9973E-05 9.9973E-05 0.310296 0.321911 0.314914 9.9973E-05 0.0525791
0.0181426 9.9982E-05 9.9982E-05 0.771376 0.0281951 0.0407767 0.14131
9.9955E-05 9.9955E-05 9.9955E-05 0.72076 9.9955E-05 9.9955E-05 0.27874
9.9955E-05 9.9955E-05 9.9955E-05 0.844348 9.9955E-05 9.9955E-05 0.155152
9.9955E-05 9.9955E-05 9.9955E-05 0.797114 9.9955E-05 9.9955E-05 0.202386
9.9964E-05 9.9964E-05 9.9964E-05 0.778827 0.0312539 9.9964E-05 0.189519
9.9973E-05 0.0459685 0.0473979 0.706 9.9973E-05 9.9973E-05 0.200334
0.0308631 9.9973E-05 0.108226 9.9973E-05 9.9973E-05 0.792826 0.0677856
9.9973E-05 0.00202294 0.107161 0.0331588 9.9973E-05 0.857357 9.9973E-05
0.0300089 0.0520252 0.115718 9.9982E-05 9.9982E-05 0.716955 0.0850936
0.0192348 0.0485896 0.0977542 0.0571583 9.9982E-05 0.777063 9.9982E-05
9.9964E-05 0.0227218 0.152832 9.9964E-05 9.9964E-05 0.824047 9.9964E-05
9.9973E-05 9.9973E-05 9.9973E-05 0.507379 0.0414739 0.196921 0.253926
0.0224578 9.9982E-05 9.9982E-05 0.378173 0.102105 0.281398 0.215666
0.0306566 9.9982E-05 9.9982E-05 0.392045 0.0552399 0.265112 0.256747
0.9994 9.995E-05 9.995E-05 9.995E-05 9.995E-05 9.995E-05 9.995E-05
0.062488 9.9982E-05 9.9982E-05 0.470378 0.0463928 0.187997 0.232545
0.0129596 0.405906 0.247552 9.9991E-05 0.10413 0.16919 0.0601625
0.0426762 0.250341 0.52704 0.0258355 9.9982E-05 9.9982E-05 0.153907
0.00537665 0.359882 0.431617 9.9982E-05 9.9982E-05 0.0664498 0.136475
9.9991E-05 0.233558 0.332657 0.034246 0.0793199 0.153613 0.166505
9.9991E-05 0.167619 0.507816 0.0667054 0.0192936 0.145441 0.0930253
9.9973E-05 0.337867 9.9973E-05 9.9973E-05 0.223751 0.353799 0.0842822
9.9973E-05 9.9973E-05 0.571775 0.277792 0.0901771 0.0599561 9.9973E-05
9.9982E-05 0.0742017 0.377983 0.305994 0.228431 0.0131903 9.9982E-05
0.0199337 9.9973E-05 0.29532 0.54777 9.9973E-05 0.136677 9.9973E-05
0.0246519 0.0241363 0.549579 0.199355 0.167045 9.9991E-05 0.0351331
9.9955E-05 9.9955E-05 9.9955E-05 0.231343 0.768158 9.9955E-05 9.9955E-05
0.00131758 0.158977 0.43654 0.220778 0.0280812 0.154206 9.9991E-05
0.0613322 0.0341999 0.57211 0.187015 0.124044 0.0211994 9.9991E-05
0.0234035 9.9982E-05 0.363849 0.441227 0.0790897 9.9982E-05 0.0922304
9.9973E-05 0.128922 0.500463 0.227929 9.9973E-05 0.142386 9.9973E-05
9.9982E-05 0.0189471 0.161424 0.293301 0.511343 0.0147849 9.9982E-05
0.0289238 0.125409 0.485736 0.171597 0.188134 9.9982E-05 9.9982E-05
9.99822E-05 0.0795256 0.557146 0.299224 0.0332011 0.0307025 9.99822E-05
9.9991E-05 0.196511 0.438695 0.0584088 0.124039 0.146955 0.0352922
9.9973E-05 0.033297 0.444146 0.315461 0.206796 9.9973E-05 9.9973E-05
0.00302529 0.0255663 0.514114 0.251293 0.134156 0.0717451 9.9991E-05
9.9982E-05 0.127273 0.565657 0.106357 0.139687 9.9982E-05 0.0608254
0.00469423 9.9991E-05 0.646109 0.163893 0.0882148 0.0248113 0.0721771
0.0427248 0.137631 0.62304 0.151016 9.9982E-05 0.0453883 9.9982E-05
0.0632958 0.0289144 0.586468 0.141931 0.033461 0.0334438 0.112485
0.054724 0.0539753 0.475307 0.252982 0.0243804 0.138531 9.9991E-05
9.995E-05 9.995E-05 9.995E-05 9.995E-05 9.995E-05 9.995E-05 0.9994
9.9955E-05 0.00311173 9.9955E-05 9.9955E-05 9.9955E-05 9.9955E-05 0.996388
9.9982E-05 0.0449234 0.0107616 9.9982E-05 0.0388725 0.391825 0.513417
0.0261292 0.00282127 9.9991E-05 0.00464997 0.00382976 0.0641294 0.89834
0.0394882 9.9964E-05 9.9964E-05 9.9964E-05 9.9964E-05 0.0381943 0.921918
0.0102054 0.0221693 0.23832 0.56462 0.0778555 0.0867299 9.9991E-05
0.0206186 0.14692 0.460834 0.163522 0.141152 0.0668525 9.9991E-05
9.9982E-05 0.193328 0.488576 9.9982E-05 0.0491598 0.161827 0.106909
0.05006 0.0929217 0.64229 0.118519 0.0475999 0.0341147 0.0144946
9.9991E-05 0.0368156 0.528236 0.277317 0.0250204 0.0971383 0.035373
0.0448927 0.131585 0.265365 0.258094 0.29292 0.00704341 9.9991E-05
0.0393418 9.9982E-05 9.9982E-05 0.623628 0.1882 0.0533192 0.0953111
0.0608767 0.0546587 0.519277 0.285014 0.0547226 9.9991E-05 0.0253506
9.9982E-05 0.0486764 0.227951 0.512673 0.0739973 0.136503 9.9982E-05
9.9991E-05 0.0274645 0.414685 0.219442 0.232803 0.0601457 0.0453593
0.0443245 0.0284007 0.189608 0.517648 0.0731771 0.0934274 0.0534145
0.0501913 0.100203 0.592654 0.176085 9.9982E-05 9.9982E-05 0.080667
9.9973E-05 0.0232549 0.314969 0.534786 9.9973E-05 0.12669 9.9973E-05
0.0190324 0.091453 0.625936 0.0594644 0.0646922 0.123948 0.0154735
9.9982E-05 0.160228 0.309354 0.363212 0.13269 9.9982E-05 0.0343166
0.00627905 0.0917137 0.484624 0.144434 0.162288 0.0279747 0.0826869
9.9991E-05 0.0396304 0.348973 0.0436058 0.451482 0.0710169 0.0451915
9.9982E-05 9.9982E-05 0.676286 0.0317379 0.185077 0.0277094 0.0789897
0.0458879 9.9991E-05 0.610766 0.0514321 0.124062 0.01701 0.150742
0.00566979 9.9982E-05 0.425386 0.0224407 0.504841 9.9982E-05 0.0414622
0.0710367 0.12506 0.487352 0.0919918 0.0782287 9.9991E-05 0.14623
0.0814333 0.092675 0.499553 0.14508 0.0416599 0.00219205 0.137407
0.0508178 9.9973E-05 0.626167 9.9973E-05 0.166716 9.9973E-05 0.155998
0.00873961 9.9973E-05 0.17755 0.106699 0.706711 9.9973E-05 9.9973E-05
0.00472233 9.9973E-05 0.323904 9.9973E-05 0.602594 0.0684801 9.9973E-05
0.0721464 9.9982E-05 0.536823 0.0643596 0.241803 9.9982E-05 0.0846683
9.9991E-05 0.168652 0.472807 0.176236 0.0625672 0.0803744 0.039263
0.0345131 9.9982E-05 0.217982 0.0688947 0.667733 0.010677 9.9982E-05
9.9982E-05 9.9982E-05 0.535124 0.157838 0.262548 0.0411045 0.00318601
0.0258962 0.0303426 0.13577 0.662157 0.122222 0.0235124 9.9991E-05
9.9973E-05 0.0805706 0.258851 0.362541 0.297738 9.9973E-05 9.9973E-05
0.0376916 0.038991 0.464267 0.404982 0.000232638 0.00457115 0.0492648
0.0471128 0.0964483 0.660882 0.181381 9.9982E-05 0.0139755 9.9982E-05
0.00359035 0.00922714 0.320121 0.53671 0.130151 9.9982E-05 9.9982E-05
0.018146 0.205943 0.379073 0.150459 0.169546 0.00152031 0.0753117
0.0420685 0.0997272 0.565419 0.193972 9.9991E-05 0.0274353 0.0712778
9.9991E-05 0.112889 0.476336 0.214291 0.122673 0.0504793 0.0232319
0.0514789 0.120702 0.504724 0.155754 0.0717949 9.9991E-05 0.0954467
0.0552313 0.00415663 0.5712 0.32417 0.0147331 0.013155 0.0173538
0.0305001 0.0876251 0.285015 0.570874 0.0159417 9.9991E-05 0.00994377
9.9982E-05 0.14104 0.294066 0.461448 0.0703648 9.9982E-05 0.0328815
9.9973E-05 0.0678351 0.701931 0.215867 0.0140663 9.9973E-05 9.9973E-05
0.00689326 0.153746 0.61635 0.146353 0.0465409 0.0300162 9.9991E-05
0.029941 0.0413358 0.341624 0.26779 0.212784 9.99964E-05 0.106426
0.0211718 0.150793 0.466844 0.306136 0.0548541 9.9982E-05 9.9982E-05
0.0775891 0.118215 0.315836 0.432088 0.00713952 9.9991E-05 0.0490327
0.00704864 0.0176599 0.640679 0.25971 9.9982E-05 9.9982E-05 0.0747027
9.9991E-05 0.0933546 0.488319 0.256337 0.0423261 0.0747715 0.0447915
0.00943575 0.089429 0.504001 0.178907 0.0931931 0.104122 0.0209116
0.0237725 0.0557491 0.492957 0.026301 9.9991E-05 0.310574 0.0905463
0.0101011 0.197978 0.57248 9.9991E-05 0.0252645 0.150685 0.0433915
0.0540853 0.150408 0.482755 0.0658373 0.0225089 0.0601799 0.164225
0.0255574 0.20317 0.579293 0.0387351 0.0500885 0.062878 0.0402779
0.0756212 0.151171 0.451814 0.0880569 0.0265789 0.185694 0.0210644
0.0296605 0.0665292 0.520365 0.178711 0.204534 9.9982E-05 9.9982E-05
0.000716571 0.141799 0.565247 0.0682823 9.9991E-05 0.0911186 0.132737
9.9982E-05 0.185428 0.00397574 0.0192478 0.508365 0.282784 9.9982E-05
0.0426986 0.262689 0.443651 0.0923686 0.0498536 0.085174 0.0235653
0.0296944 0.14506 0.601569 0.0138924 9.9991E-05 0.0739249 0.135759
0.0446872 0.267934 0.468237 0.133084 0.0299639 9.9991E-05 0.0559929
0.0262164 0.236204 0.273581 0.146751 0.144021 0.173127 9.9991E-05
0.0256245 0.164362 0.544581 9.9982E-05 0.0060445 0.259189 9.9982E-05
0.0503865 0.163615 0.594299 0.00919273 9.9991E-05 0.16642 0.0159872
0.0575029 0.166529 9.9982E-05 9.9982E-05 0.300764 0.432712 0.0422921
0.081902 0.260716 0.441819 0.0108793 0.0803297 0.0808234 0.0435304
0.0256804 0.339802 0.422224 0.0488797 0.0121446 0.151169 9.9991E-05
0.0640051 0.131483 0.562688 9.9982E-05 0.151591 0.0900329 9.9982E-05
0.0810729 0.19613 0.520794 9.9973E-05 9.9973E-05 0.201703 9.9973E-05
9.9982E-05 0.156389 0.530709 0.0928935 9.9982E-05 0.094178 0.12563
0.0803514 0.082524 0.533796 0.103061 0.133995 9.9991E-05 0.066172
0.0172847 0.0716121 0.547492 0.151177 0.10478 0.0421566 0.0654975
9.9964E-05 9.9964E-05 0.141004 0.115999 0.742597 9.9964E-05 9.9964E-05
0.0200567 0.169924 0.461335 0.0861103 0.177989 0.0844853 9.9991E-05
0.0404754 0.165219 0.448646 0.129034 0.113115 0.0407633 0.0627474
9.9973E-05 9.9973E-05 0.0644074 0.151193 0.724482 9.9973E-05 0.0596173
0.055384 0.178705 0.410993 0.139322 0.181191 9.9991E-05 0.0343061
9.9991E-05 0.019703 0.538185 0.0591136 0.182952 0.100398 0.0995492
9.9982E-05 0.306404 0.441349 0.0982982 0.036262 0.117486 9.9982E-05
9.9973E-05 0.403733 0.331499 9.9973E-05 0.135075 0.129393 9.9973E-05
0.0554474 0.311293 0.166846 9.9982E-05 0.253841 0.212372 9.9982E-05
0.0331573 0.258162 0.407134 9.9991E-05 0.105126 0.185659 0.010661
0.0117727 0.136134 0.489869 0.0655303 0.0909974 0.0797885 0.125908
9.9973E-05 0.164467 0.0396903 9.9973E-05 0.662667 9.9973E-05 0.132876
0.024017 0.0700456 0.224163 9.9982E-05 0.522393 0.159181 9.9982E-05
0.0288698 0.197828 0.559478 0.0768486 0.115056 9.9991E-05 0.0218197
0.00761978 0.133897 0.549129 9.9991E-05 0.172473 0.0990479 0.0377338
0.0287292 0.17909 0.227079 0.0281546 0.476796 9.9991E-05 0.0600509
0.0188789 0.127656 0.530308 0.102039 0.0947041 0.0219479 0.104466
0.00616179 0.160207 0.568519 0.0129482 0.200743 9.9991E-05 0.0513211
0.0310103 0.160095 0.485848 0.0849575 0.0947582 0.143231 9.9991E-05
9.9982E-05 0.00201843 0.475601 0.0725909 0.399644 9.9982E-05 0.0499452
0.0696089 0.0397165 0.412121 0.109678 0.368675 9.9982E-05 9.9982E-05
0.0267285 0.0721862 0.499481 0.0462402 0.225634 0.12963 9.9991E-05
0.0208561 0.0438588 0.550569 0.0841861 0.193041 9.9991E-05 0.107389
0.0565547 0.108101 0.331585 0.11128 0.323461 9.9991E-05 0.0689176
0.00967203 0.0785243 0.518101 0.0397073 0.134697 0.168862 0.0504367
0.00549947 0.0899588 0.491759 0.111994 0.205802 0.0948871 9.9991E-05
9.9982E-05 0.0194316 0.589702 0.015439 0.352081 9.9982E-05 0.0231459
9.9973E-05 9.9973E-05 0.427026 0.076047 0.463532 9.9973E-05 0.0330955
9.9982E-05 0.0175221 0.668496 9.9982E-05 0.180649 0.0403855 0.0927481
0.00905078 0.0597302 0.606879 0.0418341 0.14886 0.133545 9.9991E-05
9.9982E-05 0.0292376 0.32581 0.106755 0.460733 9.9982E-05 0.0772642
0.048731 0.00875347 0.525155 0.0250419 0.361759 0.0304589 9.9991E-05
0.0294982 0.0216874 0.630308 0.028371 0.176878 9.9991E-05 0.113158
0.0441603 0.0757363 0.507553 0.0906419 0.22992 9.9991E-05 0.0518888
0.084572 0.242821 0.50551 0.0133888 0.0584025 0.00910299 0.0862024
9.9982E-05 0.24856 0.320532 0.138417 0.135929 0.156362 9.9982E-05
0.0303562 0.20946 0.3935 0.0609639 0.0624171 0.0811872 0.162115
0.0249398 0.123214 0.520667 0.0941803 0.0249945 0.12327 0.0887337
0.0124312 0.244282 0.351961 0.117708 0.106258 0.0754595 0.0919009
9.9982E-05 0.197778 0.44905 9.9982E-05 0.178207 0.0313829 0.143382
0.0312217 0.154076 0.41574 0.181486 0.0292001 0.106877 0.0813993
0.046716 0.154001 0.519724 9.9991E-05 0.0791143 0.106422 0.0939238
0.0645541 0.16414 0.0114809 9.9982E-05 0.563072 9.9982E-05 0.196553
0.0274905 0.23411 0.621088 0.0311675 9.9991E-05 0.000759581 0.0852849
0.0558982 0.14578 9.9973E-05 9.9973E-05 0.438831 0.35919 9.9973E-05
9.9973E-05 0.263551 0.461041 9.9973E-05 0.139417 9.9973E-05 0.135691
0.0915888 0.0848709 0.402265 0.0972353 0.0996072 0.136534 0.0878994
9.9955E-05 9.9955E-05 0.261997 9.9955E-05 0.737503 9.9955E-05 9.9955E-05
0.0219657 9.9982E-05 0.0656291 0.0774526 0.83409 9.9982E-05 0.00066219
0.0102921 9.9982E-05 0.661018 0.0286489 0.274472 9.9982E-05 0.0253695
0.02138 9.9973E-05 0.739271 9.9973E-05 0.138877 9.9973E-05 0.100172
9.9955E-05 9.9955E-05 0.568549 9.9955E-05 0.430951 9.9955E-05 9.9955E-05
0.00851611 9.9982E-05 0.683707 0.0078367 0.267092 0.0326481 9.9982E-05
0.0276016 0.0592748 0.615301 0.0217802 0.273858 0.00208452 9.9991E-05
0.0676651 0.004244 0.100283 9.9991E-05 0.0351086 0.521359 0.27124
0.0413222 0.0501297 9.9982E-05 0.160131 9.9982E-05 0.548598 0.199619
0.0348087 0.0472299 9.9973E-05 9.9973E-05 9.9973E-05 0.677735 0.239927
0.102631 9.9964E-05 9.9964E-05 9.9964E-05 9.9964E-05 0.52326 0.37371
0.0522574 9.9973E-05 0.601921 0.0790446 0.266477 9.9973E-05 9.9973E-05
0.0128105 0.0305668 0.658928 9.9991E-05 0.185896 0.082179 0.0295199
0.0545944 9.9973E-05 0.656892 0.0625409 0.225673 9.9973E-05 9.9973E-05
0.0261535 9.9991E-05 0.759012 0.0441308 0.0468127 0.12342 0.000370918
9.9982E-05 0.135749 0.527537 0.0663252 0.168785 9.9982E-05 0.101404
0.00417263 9.9982E-05 0.398046 0.303444 0.277758 9.9982E-05 0.0163789
9.9973E-05 0.0297236 0.723812 9.9973E-05 0.108531 9.9973E-05 0.137634
0.0551845 9.9964E-05 0.504747 9.9964E-05 0.439668 9.9964E-05 9.9964E-05
0.0420741 0.225533 0.447012 0.00849899 9.9991E-05 0.275565 0.00121682
9.9982E-05 0.0535249 0.532785 0.0238874 0.340814 0.0487895 9.9982E-05
0.0290883 9.9982E-05 0.577526 0.186199 0.19447 9.9982E-05 0.0125166
0.110161 0.025341 0.618229 0.0471773 0.0785906 0.0225219 0.0979797
9.9982E-05 0.0249141 0.694063 0.0838531 0.143754 0.0532161 9.9982E-05
9.9982E-05 9.9982E-05 0.620929 0.0953433 0.23012 0.0522247 0.00118379
0.0571369 0.0249648 0.66176 9.9982E-05 0.254242 9.9982E-05 0.00169599
0.0255231 0.00884855 0.629694 0.0236905 0.175245 9.9991E-05 0.136899
9.9955E-05 9.9955E-05 0.321624 9.9955E-05 0.677876 9.9955E-05 9.9955E-05
9.9982E-05 9.9982E-05 0.461171 0.00171811 0.493912 0.020477 0.0225223
9.9982E-05 0.00648527 0.480335 0.109266 0.354858 9.9982E-05 0.0488559
9.9955E-05 9.9955E-05 0.0754513 9.9955E-05 0.924049 9.9955E-05 9.9955E-05
0.0088182 0.156379 0.443498 0.0761699 0.0314017 0.136533 0.147201
0.0232185 9.9991E-05 0.557915 0.10319 0.235241 0.000710618 0.0796254
0.0143985 0.0175378 0.201397 0.0492069 0.71726 9.9982E-05 9.9982E-05
9.9973E-05 9.9973E-05 0.0565894 0.0347351 0.896723 0.0116526 9.9973E-05
0.0517552 0.0349952 0.611486 0.0607035 0.210897 9.9991E-05 0.0300634
9.9973E-05 9.9973E-05 0.43234 0.18958 0.309691 0.0680896 9.9973E-05
0.0311322 0.024809 0.550887 0.21266 0.126969 9.9991E-05 0.0534424
9.9982E-05 0.0497807 0.71262 9.9982E-05 0.0876074 0.089684 0.060108
9.9982E-05 0.0155314 0.693511 0.0931975 0.0897182 9.9982E-05 0.107842
9.9973E-05 0.0837578 0.428047 0.311445 0.176451 9.9973E-05 9.9973E-05
9.9982E-05 0.018791 0.695971 0.0715099 0.178548 9.9982E-05 0.0349802
0.0237056 0.0305351 0.57734 0.184366 0.0955278 0.0748021 0.0137228
0.0151859 9.9982E-05 0.544887 0.0650438 0.370824 9.9982E-05 0.00385933
0.0993822 0.0566637 0.545986 0.0400711 0.154326 9.9991E-05 0.103472
0.077404 9.9982E-05 9.9982E-05 0.218039 0.0246335 0.349699 0.330024
0.0743266 9.9991E-05 0.0218574 0.124829 0.028132 0.37115 0.379605
0.176219 9.9982E-05 9.9982E-05 0.0819393 0.00874738 0.478955 0.253939
0.141206 9.9973E-05 9.9973E-05 0.106538 9.9973E-05 0.471805 0.280152
0.0884247 9.9982E-05 9.9982E-05 0.186083 0.00295611 0.417046 0.30529
9.9973E-05 9.9973E-05 0.353248 0.306216 0.283691 0.0565446 9.9973E-05
9.9982E-05 9.9982E-05 0.313428 0.182048 0.422365 0.00370916 0.0782504
9.9955E-05 9.9955E-05 0.415081 9.9955E-05 0.58442 9.9955E-05 9.9955E-05
0.0365903 0.150353 0.552489 0.0517283 0.126849 0.0363047 0.0456863
9.9991E-05 0.0269791 0.657045 0.126354 0.0824284 0.012113 0.0949805
0.00211339 0.0353458 0.472404 9.9991E-05 0.407098 0.0229439 0.0599943
0.00525739 0.0159871 0.721553 0.0666905 0.169535 0.0133187 0.00765832
9.9973E-05 0.012812 0.577263 9.9973E-05 0.361658 9.9973E-05 0.0479668
9.9973E-05 9.9973E-05 0.630867 9.9973E-05 0.0613253 0.165636 0.141871
9.9973E-05 9.9973E-05 0.69914 0.0700584 0.0905682 9.9973E-05 0.139934
9.9982E-05 9.9982E-05 0.759559 0.00137339 0.115987 0.0891105 0.0337705
0.00845245 9.9982E-05 0.45721 0.223304 0.289559 9.9982E-05 0.0212748
0.00672376 9.9982E-05 0.510732 0.155777 0.28895 9.9982E-05 0.0376177
9.9964E-05 9.9964E-05 0.596178 0.258498 0.144924 9.9964E-05 9.9964E-05
9.9982E-05 0.0755719 0.56381 0.102211 0.0638205 9.9982E-05 0.194386
0.00266366 9.9982E-05 0.533769 0.1365 0.272611 9.9982E-05 0.0542561
0.0568359 0.0159021 0.540275 0.115255 0.250921 9.9991E-05 0.0207114
0.04386 0.4192 0.349123 0.0396375 9.9991E-05 0.0341804 0.113899
0.0147704 0.487553 0.319686 0.0651887 9.9982E-05 9.9982E-05 0.112602
9.9973E-05 0.478621 0.396999 9.9973E-05 9.9973E-05 0.0880786 0.0360016
0.0302745 0.515217 0.286243 9.9982E-05 9.9982E-05 0.130761 0.0373051
9.9982E-05 0.324543 0.435778 0.077263 9.9982E-05 0.059807 0.10241
9.9973E-05 0.040396 0.60319 9.9973E-05 0.300369 9.9973E-05 0.0557453
0.0760002 0.655771 0.00771434 9.9991E-05 0.0280767 0.175517 0.0568203
0.0412432 0.544889 0.220958 9.9982E-05 9.9982E-05 0.107537 0.0851737
0.0667019 0.20704 0.349435 0.000845388 0.222537 0.000478324 0.152963
0.00611931 0.0430406 0.570492 0.0424939 0.135289 0.0851555 0.117411
0.0159213 0.0554513 0.450909 0.144227 0.152426 0.0901151 0.0909507
9.9991E-05 0.0685991 0.609058 0.105998 0.0956714 0.0373607 0.0832136
9.9982E-05 0.0230887 0.677847 0.00617611 0.0461762 9.9982E-05 0.246512
0.0211147 0.475145 0.326395 0.00610217 9.9991E-05 0.167346 0.00379655
9.9982E-05 0.356642 0.388548 9.9982E-05 0.0192578 0.0725051 0.162848
9.9973E-05 0.508299 0.384236 9.9973E-05 9.9973E-05 0.0884809 0.0186849
0.0737845 0.301537 0.383512 0.189044 0.00287108 0.0491524 9.9991E-05
0.0212065 0.503115 0.259348 0.00925718 9.9991E-05 0.0313746 0.175598
0.0311741 0.340033 0.409135 0.11174 9.9991E-05 0.0468906 0.0609274
0.0229057 0.514235 0.212964 9.9991E-05 0.100694 0.0590615 0.0900394
0.0227218 0.432108 0.401357 0.023081 9.9991E-05 0.0448085 0.0758244
0.057938 0.0483606 0.565324 9.9991E-05 0.209404 0.0583436 0.0605299
0.0267383 0.320293 0.423888 0.0167959 9.9991E-05 0.099758 0.112427
0.0288492 0.664131 0.159026 9.9973E-05 9.9973E-05 0.147694 9.9973E-05
0.0517289 0.232369 0.493158 0.0330862 0.0648541 0.0316148 0.0931886
0.061471 0.286726 0.439575 0.0763972 9.9991E-05 0.0878724 0.047858
9.9991E-05 0.408685 0.411016 0.0426893 0.0177249 0.116935 0.00285
9.9982E-05 9.9982E-05 0.241026 0.241667 0.242331 0.0869274 0.187849
9.9991E-05 0.18121 0.532732 0.0345361 0.183559 0.0369411 0.0309224
9.9973E-05 0.271017 0.458873 0.0185832 9.9973E-05 0.251227 9.9973E-05
0.0483201 0.191946 0.327122 0.132987 0.149521 0.00104233 0.149061
0.0542351 0.112448 0.551261 0.0656777 0.0613786 0.00806591 0.146934
0.00656429 0.0396677 0.522549 0.085683 0.0845262 0.0623481 0.198661
0.0217788 0.214851 0.437404 9.9991E-05 0.055322 0.213731 0.056813
0.0263908 0.239757 0.405318 9.9991E-05 0.0278641 0.214527 0.0860432
0.0815073 0.112109 0.555416 0.0379991 0.09916 9.9991E-05 0.113708
0.0350225 0.290359 0.330114 0.108806 0.0470712 0.0343211 0.154307
9.9991E-05 0.163234 0.375193 0.00138677 0.177399 0.0254226 0.257265
9.9982E-05 0.364607 0.336518 9.9982E-05 0.0689324 0.0681662 0.161576
0.0227139 0.469162 0.380974 9.9982E-05 9.9982E-05 0.0537697 0.0731804
0.0207675 0.582902 0.1641 9.9982E-05 0.0338998 0.198131 9.9982E-05
0.018568 0.113692 0.66415 0.0120529 9.9991E-05 0.0328437 0.158593
0.0172146 9.9991E-05 0.609594 0.0358443 0.132427 0.118527 0.0862927
0.0526688 0.0939141 0.149207 9.9991E-05 0.530578 0.029763 0.14377
0.0302306 0.117005 0.590219 0.0823271 0.0331673 0.116326 0.0307245
9.9991E-05 0.101871 0.461605 0.244979 0.048203 0.0819866 0.0612545
0.0438775 0.173119 0.463312 9.9991E-05 0.137618 0.152632 0.0293416
9.9991E-05 0.111358 0.48582 0.0227663 0.169289 0.159754 0.0509129
9.9973E-05 0.19756 9.9973E-05 9.9973E-05 0.436555 0.365238 0.000346974
0.0342116 0.0962927 9.9973E-05 9.9973E-05 0.484736 0.38446 9.9973E-05
0.0215557 0.213099 0.192923 0.134292 0.274879 0.116217 0.0470341
0.0308325 0.164988 0.0493512 9.9982E-05 0.396507 0.358122 9.9982E-05
0.00192427 0.232606 9.9973E-05 9.9973E-05 0.299829 0.46534 9.9973E-05
9.9982E-05 0.160469 0.385441 0.0771449 0.197904 0.178842 9.9982E-05
0.0115303 0.199272 0.324435 0.0181241 0.164088 0.115973 0.166577
0.00293239 0.232091 0.186931 9.9991E-05 0.238296 0.299234 0.0404152
0.0262778 0.182397 0.0722377 9.9982E-05 0.329088 0.389799 9.9982E-05
0.033081 0.105642 0.525931 9.9991E-05 0.0996535 0.165768 0.0698236
0.0609438 0.141733 0.150748 9.9982E-05 0.368771 0.277605 9.9982E-05
9.9991E-05 0.083696 0.522871 0.0765642 0.0907608 0.122189 0.103818
0.00448495 0.0636125 9.9973E-05 9.9973E-05 0.388338 0.543265 9.9973E-05
0.0252394 0.310048 0.425445 0.111209 9.9982E-05 0.127858 9.9982E-05
0.0251088 0.234158 0.386761 0.0409978 0.110649 0.202226 9.9991E-05
0.0148681 0.158907 0.484642 9.9982E-05 9.9982E-05 0.284052 0.0573304
9.9973E-05 0.286774 0.484097 9.9973E-05 0.00344283 9.9973E-05 0.225387
0.0154677 0.13938 0.469472 0.073702 0.0565894 0.172238 0.0731509
0.00392989 0.244865 0.490318 0.000930716 0.0934206 0.0619346 0.104601
9.9991E-05 0.316198 0.419872 0.0421807 0.0333871 0.169218 0.0190441
0.0185564 0.305163 0.295773 9.9982E-05 0.038634 0.341673 9.9982E-05
0.0264915 0.178901 0.522992 9.9991E-05 0.0382373 0.112779 0.120499
0.0480139 0.252887 0.450656 9.9973E-05 9.9973E-05 0.248142 9.9973E-05
0.0518467 0.297405 0.270407 0.0565253 0.0562941 0.127787 0.139736
0.03585 0.198483 0.327314 0.154909 0.0980432 0.105187 0.080213
0.014361 0.217498 0.464986 0.0995016 9.9982E-05 0.203454 9.9982E-05
0.0555324 0.182792 0.561246 9.9991E-05 0.0420415 0.109616 0.0486718
0.0134488 0.149548 0.600217 9.9982E-05 0.0737354 9.9982E-05 0.162851
9.9982E-05 0.317634 0.318372 0.0165295 9.9982E-05 0.244283 0.102982
0.0216403 0.280686 0.49573 0.0177839 0.00367982 9.9991E-05 0.18038
9.9982E-05 0.240843 0.111631 9.9982E-05 0.230453 0.286931 0.129942
0.0376473 0.195071 0.510344 0.0826361 9.9982E-05 0.174101 9.9982E-05
9.9982E-05 0.404028 0.193219 9.9982E-05 0.071749 0.211826 0.118978
0.0272332 9.99729E-05 9.99729E-05 0.047214 9.99729E-05 0.0284476 0.896805
9.9991E-05 0.0219775 0.101402 0.728753 0.0540694 0.0748734 0.0188249
9.9964E-05 9.9964E-05 9.9964E-05 0.920717 9.9964E-05 0.0116466 0.0672361
0.0342308 9.9964E-05 9.9964E-05 0.919401 9.9964E-05 9.9964E-05 0.0459682
9.9964E-05 0.00337712 9.9964E-05 0.945044 9.9964E-05 0.0511788 9.9964E-05
0.0375117 9.9973E-05 0.0892331 0.771357 9.9973E-05 9.9973E-05 0.101598
0.0413981 9.9973E-05 0.0939357 0.855911 9.9973E-05 9.9973E-05 0.00845541
0.00688983 9.9973E-05 9.9973E-05 0.892795 9.9973E-05 0.0716348 0.0283806
0.05373 9.9973E-05 9.9973E-05 0.704468 9.9973E-05 0.136109 0.105394
0.0545041 0.0174287 0.0149737 0.0197989 9.9991E-05 0.718311 0.174884
0.0908199 0.0075586 0.0660548 0.0733774 9.9991E-05 0.657096 0.104993
0.110209 0.0166863 9.9982E-05 0.00230982 9.9982E-05 0.617292 0.253303
0.0307811 9.9991E-05 0.0277747 0.0676447 0.00892246 0.675147 0.18963
9.9973E-05 0.00142486 0.0330818 9.9973E-05 9.9973E-05 0.802771 0.162422
