0.0650069 9.9982E-05 0.842203 0.0427189 9.9982E-05 0.049871
0.0374612 0.0303131 0.923037 9.9982E-05 9.9982E-05 0.00898908
0.0863033 9.9991E-05 0.76087 0.024185 0.0951521 0.0333893
0.0695961 9.9982E-05 0.745129 0.118605 9.9982E-05 0.0664699
9.9982E-05 9.9982E-05 0.898725 0.046428 0.0101725 0.0444749
0.0271388 0.148673 0.628652 0.0265352 0.102198 0.0668036
0.0552263 0.0421481 0.794157 0.0365425 0.00441939 0.0675067
0.0306419 0.031417 0.732221 0.0323363 9.9991E-05 0.173284
0.0386166 0.0806304 0.806966 9.9982E-05 9.9982E-05 0.0735871
0.0576398 0.0496554 0.666003 0.0955853 0.0979783 0.0331381
9.9982E-05 0.0597346 0.770146 9.9982E-05 0.0322063 0.137714
9.9982E-05 0.143662 9.9982E-05 0.0724065 0.262034 0.521698
0.0210714 9.9982E-05 9.9982E-05 0.183171 0.521786 0.273772
0.024528 0.146224 9.9991E-05 0.120381 0.247075 0.461693
9.9991E-05 0.0368303 0.0252847 0.171744 0.319692 0.44635
0.0099805 0.160774 0.153725 0.136885 0.372904 0.16573
0.0753247 0.0636924 0.0414054 0.0856013 0.596922 0.137054
0.0158514 0.189135 0.000711994 0.10425 0.448302 0.24175
0.0757383 0.106293 0.0910121 0.089997 0.336205 0.300755
0.0184228 0.182961 9.9991E-05 0.0406576 0.028568 0.72929
0.0080119 0.199395 9.9991E-05 0.0942536 0.41018 0.288059
0.00508825 0.272914 9.9991E-05 0.0785325 0.519806 0.123559
0.00465053 0.135969 0.0245657 0.0623756 0.536233 0.236206
0.0331637 0.184979 9.9991E-05 0.15956 0.255832 0.366365
0.0521704 0.0939961 0.00101107 0.161731 0.597266 0.0938254
0.0419606 0.0814991 0.0232863 0.0945585 0.550945 0.20775
0.0306234 0.18721 9.9991E-05 0.167459 0.129418 0.48519
9.999E-05 0.106014 0.00760981 0.238935 0.19349 0.453851
9.9982E-05 0.180002 9.9982E-05 0.0292233 0.255574 0.535
0.9995 9.996E-05 9.996E-05 9.996E-05 9.996E-05 9.996E-05
0.9995 9.996E-05 9.996E-05 9.996E-05 9.996E-05 9.996E-05
0.369214 9.9991E-05 0.469323 0.0619927 0.0784321 0.0209385
0.285236 0.0458521 0.52934 0.0898047 0.049667 9.9991E-05
9.9991E-05 0.150571 0.0643969 0.0133287 0.658317 0.113286
0.0123847 0.174752 0.109619 0.0725913 0.630553 9.9991E-05
0.0542908 0.252245 0.0159323 9.9982E-05 0.677332 9.9982E-05
0.0161778 0.0769727 0.0759451 0.0459411 0.1866 0.598364
0.0515964 0.485366 0.00967349 9.9991E-05 0.398832 0.0544325
0.0249218 0.0767285 0.0418061 0.0579325 0.572751 0.22586
9.9982E-05 0.168833 0.0505048 0.0434834 0.736979 9.9982E-05
0.0252748 0.152827 0.0827852 0.0187661 0.649468 0.0708788
0.0496754 0.027361 0.0592736 0.086495 0.65767 0.119525
0.00855632 0.528928 9.9982E-05 9.9982E-05 0.278647 0.183668
9.9982E-05 0.21412 0.0880685 0.126933 0.570678 9.9982E-05
0.0497811 0.190938 0.0188818 0.0927457 0.550027 0.0976262
0.0490238 0.151298 0.147859 9.9982E-05 0.651619 9.9982E-05
9.9964E-05 0.467777 9.9964E-05 9.9964E-05 0.531823 9.9964E-05
0.0344211 0.215408 0.0701606 0.0234113 0.656499 9.9991E-05
0.112495 0.119343 0.00141681 0.0884386 0.560078 0.118228
0.0153126 0.837805 0.113338 9.9991E-05 0.0277043 0.00574049
9.9973E-05 0.252146 9.9973E-05 9.9973E-05 0.265405 0.48215
9.9991E-05 0.62708 0.0558476 0.00613032 0.0994593 0.211383
9.9991E-05 0.0590426 0.0092556 0.106057 0.582417 0.243127
0.0318287 0.0250104 0.0770973 0.0563488 0.607653 0.202062
0.0341521 0.139035 0.0578172 0.0389808 0.678445 0.0515692
0.0453761 0.30738 0.0558866 9.9991E-05 0.212025 0.379232
0.0394759 9.9982E-05 9.9982E-05 0.0121441 0.673341 0.274839
0.0676808 0.033643 0.0117962 0.13008 0.57894 0.17786
0.0337744 0.157326 0.120175 0.00632191 0.419161 0.263242
0.0784304 0.275788 0.138589 0.0591887 0.0576092 0.390395
0.070169 0.100576 0.0227473 0.0838956 0.583409 0.139203
0.000353565 0.152118 0.0433393 0.0985471 0.4004 0.305242
0.0939476 0.301686 9.9982E-05 9.9982E-05 0.0867904 0.517376
0.0103604 0.116753 9.9991E-05 0.0360275 0.585312 0.251448
0.0384243 0.186606 9.9982E-05 0.127921 0.646849 9.9982E-05
0.0307289 0.106933 0.0328382 0.104948 0.556898 0.167654
0.00818783 0.338483 0.0194297 0.0768469 0.292628 0.264425
0.0542222 0.154578 9.9991E-05 0.118108 0.436409 0.236583
0.00521793 0.0234844 0.0572769 0.0759273 0.549991 0.288102
0.0818873 0.282576 9.9982E-05 9.9982E-05 0.245553 0.389784
0.0144754 0.194544 9.9982E-05 9.9982E-05 0.673577 0.117204
9.9973E-05 0.506492 9.9973E-05 9.9973E-05 0.363382 0.129826
0.0731455 0.171469 0.0553313 0.0887132 0.536204 0.0751366
9.9973E-05 0.792547 9.9973E-05 9.9973E-05 0.16341 0.0437432
9.9973E-05 0.801486 9.9973E-05 9.9973E-05 0.132745 0.0654691
9.9973E-05 0.544836 9.9973E-05 9.9973E-05 0.423715 0.0311497
9.9973E-05 0.284145 9.9973E-05 9.9973E-05 0.551692 0.163863
0.069405 0.0893469 0.0837117 0.136929 0.549943 0.0706649
0.0259647 0.31765 9.9991E-05 0.0288902 0.476359 0.151036
0.0347767 0.393422 9.9982E-05 9.9982E-05 0.312368 0.259233
0.011531 0.295235 0.00810831 9.9991E-05 0.343669 0.341357
0.0513312 0.170941 0.0548605 0.0753167 0.557111 0.0904394
9.9991E-05 0.409544 0.043429 0.00702289 0.44329 0.0966137
0.0518219 0.299255 0.026046 9.9991E-05 0.552985 0.0697917
0.0249673 0.495763 9.9973E-05 9.9973E-05 0.47897 9.9973E-05
9.9982E-05 0.828625 0.0401587 9.9982E-05 0.109447 0.0215696
0.00478476 0.166341 0.0352674 0.103217 0.628496 0.061895
0.0685919 9.9991E-05 0.761301 0.0436164 0.0757616 0.0506293
0.162868 9.9973E-05 0.786886 9.9973E-05 0.0499463 9.9973E-05
0.135366 9.9991E-05 0.736418 0.0624111 0.0580927 0.00761156
0.138244 9.9982E-05 0.802928 0.0339236 0.0247039 9.9982E-05
0.117396 9.9982E-05 0.79062 0.0163453 0.0754386 9.9982E-05
0.0920484 0.0269068 0.803532 0.0773132 9.9982E-05 9.9982E-05
0.0835366 9.9973E-05 0.859721 9.9973E-05 0.0564426 9.9973E-05
9.9991E-05 0.110992 0.147303 0.0357426 0.59604 0.109822
0.0284747 0.174657 0.00712683 0.0843828 0.592528 0.11283
9.9982E-05 0.630259 0.0132061 9.9982E-05 0.189103 0.167231
0.0420765 0.135775 0.0968214 0.019143 0.543126 0.163058
0.0236046 0.228039 0.0291563 9.9991E-05 0.604752 0.114348
0.0241703 0.156182 9.9991E-05 0.038187 0.694068 0.0872928
9.9991E-05 0.25962 0.0350347 0.0197238 0.629994 0.0555277
0.0129178 0.296587 0.048067 0.0326452 0.609683 9.9991E-05
9.9973E-05 0.566249 9.9973E-05 9.9973E-05 0.0964372 0.337014
0.0292134 0.0576752 0.216074 9.9991E-05 0.652375 0.0445621
0.00448958 0.0947383 0.1232 9.9991E-05 0.768673 0.00879911
0.0610489 0.119975 0.0213435 0.166018 0.469741 0.161874
0.0182277 0.58301 9.9973E-05 9.9973E-05 0.398462 9.9973E-05
9.9973E-05 0.286371 0.0163005 9.9973E-05 0.697029 9.9973E-05
0.0569022 0.241849 9.9982E-05 9.9982E-05 0.557773 0.143275
9.9973E-05 0.461419 9.9973E-05 0.0741197 0.464161 9.9973E-05
9.9982E-05 0.231677 0.0973018 9.9982E-05 0.542638 0.128184
9.9982E-05 0.0736844 0.101583 9.9982E-05 0.669877 0.154655
0.0657454 0.313767 9.99994E-05 0.0138648 0.269702 0.336821
9.9991E-05 0.0503931 0.109864 0.0360969 0.473592 0.329955
0.058447 0.0590904 0.113062 9.9991E-05 0.645469 0.123832
0.025494 0.138268 0.0664376 0.0614521 0.670184 0.0381642
0.0723768 0.0143782 9.9991E-05 0.000788557 0.571429 0.340927
9.9982E-05 0.0129791 9.9982E-05 0.12667 0.560471 0.29968
0.0166882 0.0153996 0.0406291 0.0031359 0.568147 0.356001
9.9982E-05 0.106516 0.120352 9.9982E-05 0.609889 0.163043
0.0782321 0.00199293 0.0435717 0.114139 0.605772 0.156292
0.0756264 0.0623659 0.0326517 9.9991E-05 0.666693 0.162563
9.9973E-05 0.0168625 9.9973E-05 9.9973E-05 0.646108 0.33673
9.9991E-05 0.0428047 0.0759865 0.0573666 0.644202 0.179541
0.0505828 0.0894442 0.0569512 0.12795 0.540045 0.135027
9.9982E-05 0.0709819 9.9982E-05 0.0690643 0.599212 0.260542
0.051491 0.0876247 0.123558 0.0520969 0.628919 0.05631
0.0479135 0.044806 0.0117005 0.0959426 0.558303 0.241335
0.0111424 0.160743 0.0791337 0.077438 0.366096 0.305447
0.0246233 0.00314462 9.9991E-05 0.0786098 0.653876 0.239646
0.0177691 0.0523185 0.0400585 0.0108715 0.791231 0.0877517
9.9991E-05 0.197771 0.0347578 0.0628718 0.268653 0.435846
0.0130304 0.356368 0.0280941 0.111801 0.130165 0.360541
9.9982E-05 9.9982E-05 0.0964982 0.00587585 0.640952 0.256474
9.9982E-05 0.477991 9.9982E-05 0.0753824 0.105271 0.341156
0.0160279 0.151364 0.0269131 0.00529662 0.352143 0.448255
9.9982E-05 0.111647 0.045272 9.9982E-05 0.521758 0.321123
0.0621596 0.139584 9.9982E-05 9.9982E-05 0.386232 0.411824
9.9982E-05 0.0804327 9.9982E-05 0.0284224 0.368029 0.522916
0.0414147 0.149465 9.9991E-05 0.081932 0.657801 0.0692867
9.9991E-05 0.10877 0.135287 0.0915011 0.561533 0.102809
0.0589659 0.117436 0.0188371 9.9991E-05 0.59414 0.210521
9.9982E-05 0.382965 9.9982E-05 0.0793943 0.187937 0.349503
9.9973E-05 0.0799124 0.278128 9.9973E-05 0.64166 9.9973E-05
0.010424 0.231126 0.125702 0.0563078 0.535495 0.0409447
9.9982E-05 0.564665 0.202914 9.9982E-05 0.0294856 0.202736
0.0425579 0.179414 0.0381431 0.0593959 0.666969 0.0135199
9.9991E-05 0.258923 0.150174 0.0537043 0.438093 0.0990057
9.9991E-05 0.202884 0.113114 0.0590091 0.596699 0.0281949
0.0548393 0.390034 0.0763714 0.0624747 0.246372 0.169908
0.0387853 0.492338 0.109544 9.9991E-05 0.168509 0.190724
0.015818 0.290286 0.0489229 9.9991E-05 0.520636 0.124237
9.9991E-05 0.148583 0.0796966 0.122437 0.459864 0.189319
0.0352015 0.165083 0.116055 0.0327798 0.488774 0.162106
0.0149769 0.623025 0.0436269 0.181095 9.9991E-05 0.137176
0.0189376 0.190157 0.0921272 0.080807 0.535683 0.0822877
9.9973E-05 0.41692 9.9973E-05 9.9973E-05 0.429737 0.153044
9.9982E-05 0.256679 9.9982E-05 0.0178812 0.549012 0.176228
0.0223632 0.209826 0.0621579 0.0650471 0.640505 9.9991E-05
0.0870008 0.219182 0.261866 0.305859 0.0626499 0.063442
0.0282673 0.2138 0.576383 0.181349 9.9982E-05 9.9982E-05
0.0444146 0.338409 0.461305 0.155672 9.9982E-05 9.9982E-05
9.9991E-05 0.0632988 0.413388 0.343563 0.100942 0.0787091
9.9982E-05 0.295146 0.0305065 0.00708981 0.667058 9.9982E-05
9.9982E-05 0.131878 0.152832 9.9982E-05 0.646408 0.068682
0.000652598 9.9982E-05 9.9982E-05 0.707039 0.260033 0.0320745
0.0630184 0.0162219 9.9991E-05 0.436845 0.351231 0.132583
9.9991E-05 0.0326328 0.0910427 0.399091 0.394504 0.0826291
0.0418484 0.556499 0.018759 0.0556802 0.327113 9.9991E-05
0.0800669 0.0767838 0.071587 0.0602717 0.544274 0.167017
0.00372251 0.647364 0.0417986 0.0673743 0.191666 0.0480754
9.9982E-05 0.255366 0.0580655 0.0671141 0.619255 9.9982E-05
0.0271728 0.280131 0.0581868 0.0547209 0.474506 0.105282
9.9991E-05 0.276664 0.0799468 0.0599277 0.56613 0.0172312
0.00100196 0.666626 0.0381968 0.0402255 0.235912 0.0180384
0.0455015 0.124604 0.0388149 0.0899484 0.675159 0.0259717
9.9991E-05 0.252866 0.0611862 0.0854323 0.579934 0.0204813
9.9973E-05 0.0241987 9.9973E-05 0.960008 0.0154934 9.9973E-05
9.9964E-05 9.9964E-05 9.9964E-05 0.9252 0.0743999 9.9964E-05
9.9982E-05 0.0946423 0.0141957 0.656331 0.234631 9.9982E-05
0.0053866 9.9991E-05 0.0108753 0.66672 0.297266 0.0196513
0.0292691 9.9982E-05 9.9982E-05 0.862172 0.0780091 0.0303503
9.996E-05 9.996E-05 9.996E-05 0.9995 9.996E-05 9.996E-05
0.0028237 9.9973E-05 9.9973E-05 0.961139 9.9973E-05 0.0357371
9.9964E-05 9.9964E-05 9.9964E-05 0.813964 0.185636 9.9964E-05
9.9964E-05 9.9964E-05 9.9964E-05 0.974113 9.9964E-05 0.0254871
9.996E-05 9.996E-05 9.996E-05 0.9995 9.996E-05 9.996E-05
0.0104382 9.9964E-05 9.9964E-05 0.989162 9.9964E-05 9.9964E-05
0.0435351 9.9982E-05 9.9982E-05 0.774088 0.121521 0.0606557
9.9973E-05 9.9973E-05 0.0525201 0.830928 0.116252 9.9973E-05
0.00152837 0.0306306 9.9973E-05 0.967541 9.9973E-05 9.9973E-05
9.9991E-05 0.00692607 0.072093 0.405491 0.338203 0.177187
9.9982E-05 9.9982E-05 0.0573708 0.626069 0.297398 0.0189619
0.0477775 9.9991E-05 0.00174439 0.855727 0.0915339 0.00311743
0.0316204 9.9991E-05 0.000532525 0.908294 0.0458665 0.0135862
9.9964E-05 9.9964E-05 9.9964E-05 0.987258 0.0123419 9.9964E-05
9.9982E-05 0.00624063 9.9982E-05 0.920715 0.0552554 0.0175889
0.0121525 9.9964E-05 9.9964E-05 0.987448 9.9964E-05 9.9964E-05
0.0179075 9.9982E-05 0.0544649 0.615002 0.312425 9.9982E-05
0.0286035 0.00839151 9.9991E-05 0.887407 0.0314317 0.0440659
9.9973E-05 0.538947 0.438572 0.0221815 9.9973E-05 9.9973E-05
0.00672659 0.175124 0.221913 0.074094 0.444911 0.0772324
0.00880906 0.193957 0.296527 0.101288 0.391537 0.00788161
0.0668749 0.450331 0.185256 0.162083 0.132143 0.00331217
0.0243483 0.170515 0.150423 0.159396 0.440018 0.0552998
0.0422893 0.375694 0.272738 0.116382 0.192796 9.9991E-05
0.0248223 0.148215 0.245848 0.0473893 0.517216 0.0165095
9.9982E-05 0.27875 0.232738 0.138529 0.349784 9.9982E-05
0.0697783 0.113125 0.170621 0.158826 0.487549 9.9991E-05
0.0273427 0.221628 0.226144 0.170923 0.353863 9.9991E-05
0.052473 0.203553 0.179397 0.123846 0.408575 0.0321555
9.9982E-05 0.00616481 0.838455 9.9982E-05 0.0742077 0.0809727
0.0876074 9.9982E-05 0.849886 0.0409919 0.0213149 9.9982E-05
0.0900217 9.9964E-05 0.909578 9.9964E-05 9.9964E-05 9.9964E-05
0.0318617 9.9982E-05 0.914838 9.9982E-05 0.0226668 0.0304339
0.134892 9.9982E-05 0.775701 0.0204648 9.9982E-05 0.0687423
0.108447 9.9973E-05 0.807697 0.083556 9.9973E-05 9.9973E-05
0.0582865 9.9991E-05 0.832679 0.0648824 0.0296192 0.0144331
0.0314406 0.0649132 0.822233 9.9991E-05 0.0354731 0.0458397
0.0601524 9.9973E-05 0.865739 9.9973E-05 0.0738086 9.9973E-05
0.0560057 9.99989E-05 0.817119 0.089498 0.0140578 0.0232197
0.0787264 0.0925679 0.560866 9.9982E-05 9.9982E-05 0.267639
0.0469919 0.0283733 0.562787 9.9982E-05 9.9982E-05 0.361648
0.0494498 0.120649 0.498555 9.9982E-05 9.9982E-05 0.331146
9.9973E-05 0.145857 0.506355 9.9973E-05 9.9973E-05 0.347489
9.9991E-05 0.180942 0.0488549 0.0162753 0.580749 0.173079
0.00831089 0.198081 0.0121266 0.0454884 0.550165 0.185828
9.9991E-05 0.0671089 0.0452376 0.0939941 0.572503 0.221057
0.0472572 0.135741 0.044361 9.9991E-05 0.499139 0.273402
9.9982E-05 0.131459 9.9982E-05 0.00392742 0.244838 0.619576
0.0194282 0.270616 0.084842 0.0529606 0.57006 0.00209322
0.00121402 0.172443 0.0102289 0.0618595 0.650371 0.103884
9.9991E-05 0.221698 0.012208 0.00894219 0.647079 0.109972
9.9973E-05 0.408551 9.9973E-05 9.9973E-05 0.562887 0.0282626
9.9991E-05 0.154426 0.037079 0.061594 0.661824 0.0849774
0.00521002 0.273323 9.9982E-05 9.9982E-05 0.529759 0.191508
9.9973E-05 0.842508 9.9973E-05 9.9973E-05 0.0152075 0.141985
9.9991E-05 0.123529 0.124061 0.024089 0.596575 0.131646
0.0509713 0.565299 0.000651375 9.9982E-05 0.382878 9.9982E-05
0.0509132 0.265691 9.9991E-05 0.0194009 0.588398 0.0754972
9.9982E-05 0.471539 0.00269091 9.9982E-05 0.258957 0.266613
0.00921045 0.0805222 0.11819 0.0232346 9.9991E-05 0.768742
0.0157621 0.0596438 0.0778213 9.9991E-05 0.109741 0.736932
0.0151428 0.10165 0.047036 9.9982E-05 9.9982E-05 0.835971
9.9973E-05 9.9973E-05 0.136069 9.9973E-05 0.0403792 0.823252
9.9973E-05 0.0955519 9.9973E-05 0.0698897 9.9973E-05 0.834258
9.9982E-05 9.9982E-05 0.0647688 0.0698355 0.0815159 0.78368
0.109437 9.9982E-05 0.79265 0.0245775 0.0731354 9.9982E-05
0.0226091 9.9991E-05 0.801124 0.0432645 0.0550702 0.0778319
0.0931192 9.9982E-05 0.702127 0.104639 0.0999143 9.9982E-05
0.0689357 9.9991E-05 0.700161 0.0841255 0.0751945 0.0714829
0.0440592 9.9991E-05 0.778675 0.0604642 0.0929624 0.0237396
0.0146062 0.0241587 0.398877 9.9982E-05 9.9982E-05 0.562158
9.9973E-05 0.151256 0.47505 9.9973E-05 9.9973E-05 0.373394
0.0236215 0.0368601 0.428987 0.0166858 0.0041639 0.489682
0.9995 9.996E-05 9.996E-05 9.996E-05 9.996E-05 9.996E-05
0.0382451 0.0685085 0.370837 9.9982E-05 9.9982E-05 0.522209
9.9982E-05 0.102064 0.260999 0.379594 0.257142 9.9982E-05
9.9982E-05 9.9982E-05 0.143091 0.217057 0.55854 0.0811112
0.0092489 9.9982E-05 0.152595 0.314655 0.523301 9.9982E-05
0.0333836 0.102833 0.247577 0.214021 0.396385 0.00580026
0.0426839 0.0571721 0.107793 0.245834 0.474579 0.0719382
9.9973E-05 0.174906 0.473248 0.351547 9.9973E-05 9.9973E-05
0.00146022 0.188093 9.9982E-05 9.9982E-05 0.51148 0.298767
9.9982E-05 0.316599 0.051358 9.9982E-05 0.441574 0.190269
0.0932103 0.0630011 0.0326051 0.0215322 0.26001 0.529642
9.9982E-05 0.294634 9.9982E-05 0.027323 0.566612 0.111232
9.9964E-05 0.822766 9.9964E-05 9.9964E-05 9.9964E-05 0.176834
0.0541926 0.101948 0.0816974 0.0735975 0.591301 0.0972635
0.0500956 0.159035 0.0299854 0.0578187 0.494271 0.208794
0.0587857 0.209586 9.9982E-05 9.9982E-05 0.353653 0.377775
0.00642725 0.0665649 0.0445902 0.0583411 0.637095 0.186982
0.0190728 0.501134 9.9991E-05 0.0204143 0.16651 0.292769
0.00565063 0.177158 0.0368602 0.0238479 0.581401 0.175082
0.032914 0.0326179 9.9991E-05 0.0397662 0.587654 0.306948
0.00187195 0.177524 0.10244 0.215169 0.406679 0.0963148
9.9982E-05 0.257851 9.9982E-05 0.00279728 0.423657 0.315495
0.0220728 0.0976282 0.0486122 0.0170257 0.559445 0.255216
0.0337917 0.175682 0.00187732 0.103412 0.521152 0.164085
9.9991E-05 0.207591 0.0951381 0.00905233 0.568126 0.119992
9.9991E-05 0.068933 0.0969633 0.00397542 0.755564 0.074464
0.0640901 0.0621946 9.9991E-05 0.0903697 0.52933 0.253916
9.9991E-05 0.0103833 0.123719 0.0459875 0.603862 0.215948
9.9973E-05 9.9973E-05 0.77916 0.0572705 0.16327 9.9973E-05
0.000827812 0.0141495 0.823154 0.046199 0.115569 9.9991E-05
9.9982E-05 0.0509639 0.789114 9.9982E-05 0.0988956 0.0608266
0.0443924 0.0212148 0.836345 9.9991E-05 0.0863681 0.01158
0.100944 9.9973E-05 0.768969 9.9973E-05 0.129788 9.9973E-05
9.9991E-05 0.10209 0.0378008 0.0722978 0.190727 0.596984
0.0316016 0.158599 0.028956 0.0521466 0.558659 0.170038
9.9982E-05 0.0446263 0.235613 0.193209 0.526352 9.9982E-05
0.0507028 0.0741053 9.9991E-05 0.0479709 0.632826 0.194295
0.013918 0.124931 0.0333127 0.0298892 0.528704 0.269245
0.0146658 0.277389 9.9991E-05 0.0958742 0.269795 0.342176
0.0746025 0.221659 0.0737516 9.9991E-05 0.0134745 0.616413
0.0588448 9.9982E-05 0.0390594 9.9982E-05 0.577792 0.324104
0.0218752 0.137993 0.0183797 0.080013 0.156117 0.585622
9.9991E-05 0.22161 0.0838626 0.124392 0.400171 0.169864
0.0113903 0.152818 0.111883 0.0290481 0.163699 0.531162
0.055742 9.9991E-05 0.0905206 0.0597505 0.572736 0.221151
0.00259626 0.123311 0.0462902 0.0280716 0.226994 0.572736
0.0414553 0.236862 0.0447718 0.0396618 0.408929 0.22832
9.9991E-05 0.2167 0.0847496 0.0501694 0.532976 0.115305
9.9991E-05 0.475018 0.058694 0.0344656 0.304263 0.12746
9.9991E-05 0.184167 0.100362 0.0441303 0.592341 0.0789011
0.00421786 0.151465 0.145914 0.0615826 0.60432 0.0325008
9.9982E-05 0.467021 0.0479539 9.9982E-05 0.399231 0.0855948
0.069796 0.191252 0.0420556 0.108847 0.480448 0.107602
0.053115 0.305672 0.0416718 9.9991E-05 0.597343 0.00209806
9.9973E-05 0.690536 9.9973E-05 9.9973E-05 0.162012 0.147152
0.0231199 0.671383 0.00746479 9.9991E-05 0.288981 0.00895131
0.0309086 0.370063 0.0747875 9.9982E-05 0.524041 9.9982E-05
9.9982E-05 0.625087 0.0346201 9.9982E-05 0.238841 0.101252
9.9982E-05 0.344147 0.028899 9.9982E-05 0.545847 0.080907
0.0170187 0.129211 0.00969194 0.050695 0.146871 0.646513
9.9982E-05 0.359618 9.9982E-05 0.0803155 0.25095 0.308917
0.00789549 0.0401102 9.9991E-05 0.098989 0.376549 0.476357
0.0173711 0.0300799 9.9991E-05 0.0730832 0.676733 0.202633
0.0262362 0.194967 9.9991E-05 0.0108985 0.264483 0.503316
0.00443975 0.112187 0.0469706 0.15162 0.489827 0.194956
0.122566 9.9982E-05 9.9982E-05 0.125156 0.519906 0.232172
9.9982E-05 0.0756414 9.9982E-05 0.19241 0.444877 0.286871
0.0409387 0.119149 9.9991E-05 0.0712439 0.55649 0.212078
0.0412948 0.112271 0.0116113 0.0899308 0.416866 0.328026
9.9982E-05 0.0632444 9.9982E-05 0.103119 0.276112 0.557325
9.9982E-05 0.0895352 9.9982E-05 0.184449 0.287297 0.438519
9.9982E-05 0.100879 9.9982E-05 0.0840334 0.540332 0.274556
9.9991E-05 0.108933 0.0519207 0.112069 0.645286 0.0816913
0.00403479 0.232909 0.0928633 0.0354265 0.454882 0.179885
9.9982E-05 0.120405 9.9982E-05 0.152992 0.48606 0.240343
0.0471174 0.0190636 0.00162579 0.115708 0.328477 0.488009
0.0183707 0.0604238 9.9991E-05 0.0766636 0.624882 0.21956
0.0208419 0.0897538 9.9991E-05 0.0613378 0.5841 0.243867
9.9991E-05 0.0856816 0.0717207 0.150986 0.545907 0.145605
0.0425781 9.9982E-05 0.365363 0.0945945 0.497265 9.9982E-05
0.0358903 0.0861719 0.0986303 0.274834 0.470907 0.0335659
0.0319821 0.147416 0.132729 0.172354 0.494456 0.0210636
0.0589291 0.118337 0.0168202 0.180517 0.524136 0.101261
0.0954913 0.0675096 0.162527 0.247288 0.427084 9.9991E-05
0.0111183 0.23741 9.9991E-05 0.081016 0.505004 0.165352
0.0363068 0.132065 0.136847 0.132046 0.494665 0.0680688
9.9982E-05 0.500621 0.319281 0.154855 0.0250427 9.9982E-05
9.9991E-05 0.0964298 0.109085 0.228479 0.48206 0.0838467
0.123115 0.0500073 0.104057 0.10456 0.550245 0.0680164
9.9991E-05 0.109121 0.0805134 0.25663 0.523846 0.0297899
0.0485799 0.23141 0.150861 0.190013 0.23027 0.148866
0.00781592 0.103566 0.227785 0.0943102 0.566423 9.9991E-05
0.0593029 9.9991E-05 0.14575 0.178426 0.583743 0.0326773
0.0393202 0.279846 0.493996 0.186638 9.9982E-05 9.9982E-05
0.108769 0.0152248 0.114644 0.120002 0.566323 0.0750376
9.9982E-05 9.9982E-05 0.215124 0.170989 0.583534 0.0301535
0.0637299 0.0428579 0.0245922 0.13005 0.67972 0.0590506
0.0567861 0.010075 0.149468 0.25042 0.53315 9.9991E-05
0.045359 0.0290904 0.161188 0.137383 0.565131 0.0618486
0.0856568 0.309018 0.0178636 0.0211994 0.562954 0.00330861
0.0191537 0.218994 0.144849 0.105067 0.404323 0.107612
9.9982E-05 0.756517 9.9982E-05 0.00993493 0.0915957 0.141752
9.9982E-05 0.848378 9.9982E-05 0.00174205 0.0625248 0.0871555
9.9991E-05 0.262946 0.0215107 0.117708 0.493925 0.10381
9.9991E-05 0.158538 0.106437 0.301355 0.408476 0.0250953
0.0235332 0.241155 0.0589544 0.431154 0.245103 9.9991E-05
0.0337304 0.220903 0.187056 0.396633 0.109314 0.0523641
0.0632322 0.163166 0.154243 0.326066 0.293192 9.9991E-05
9.9982E-05 0.700651 0.0812714 0.15317 0.0647078 9.9982E-05
0.0321634 0.621327 0.0897745 0.149453 0.107182 9.9991E-05
9.9991E-05 0.234182 0.0161758 0.212691 0.499397 0.0374547
9.9991E-05 0.338438 0.0579683 0.112324 0.455481 0.0356887
0.0638195 0.531129 0.0576571 0.155787 0.191508 9.9991E-05
0.0142428 0.248739 0.0518327 0.176768 0.474251 0.0341664
9.9991E-05 0.26663 0.00158629 0.148781 0.571991 0.0109119
0.049001 0.277827 0.112343 0.160047 0.382625 0.0181569
0.00394083 0.441415 9.9982E-05 9.9982E-05 0.406598 0.147846
0.0465277 0.398703 9.9991E-05 0.0111045 0.411962 0.131602
0.0421762 0.2752 0.00230073 0.0568743 0.488944 0.134504
0.0432989 0.32496 9.9991E-05 0.0853709 0.423321 0.122949
9.9982E-05 0.248721 9.9982E-05 0.194373 0.411941 0.144765
9.9991E-05 0.400124 0.0288081 0.0762829 0.468688 0.0259964
9.9973E-05 0.581316 9.9973E-05 9.9973E-05 0.292514 0.12587
0.0038393 0.243883 0.070674 0.0334402 0.648064 9.9991E-05
9.9982E-05 0.676739 9.9982E-05 0.0489295 0.230986 0.0431456
0.0289093 0.445208 9.9991E-05 0.0703448 0.407376 0.0480628
0.0581642 0.165067 0.0082003 0.063461 0.63017 0.0749374
0.00817865 0.298793 9.9991E-05 0.129319 0.477476 0.0861335
0.019256 0.179855 0.141438 0.18234 0.477011 9.9991E-05
9.9991E-05 0.166695 0.226955 0.133849 0.455748 0.0166524
9.9991E-05 0.122435 0.203119 0.277725 0.327302 0.0693194
0.0267065 0.116347 0.150019 0.224354 0.286371 0.196202
9.9991E-05 0.0709358 0.158626 0.238794 0.428457 0.103088
0.0840186 0.142345 0.0987666 0.278112 0.318963 0.0777948
0.0245473 0.549221 0.190089 0.173772 9.9991E-05 0.0622711
9.9973E-05 9.9973E-05 0.120219 0.232026 0.647455 9.9973E-05
0.00994946 0.426867 0.396976 0.166008 9.9982E-05 9.9982E-05
9.9982E-05 0.152042 0.0976352 0.192959 0.557163 9.9982E-05
9.9964E-05 0.803323 9.9964E-05 9.9964E-05 0.196277 9.9964E-05
0.0327988 0.885531 9.9973E-05 9.9973E-05 9.9973E-05 0.0813706
0.0135365 0.448169 9.9982E-05 9.9982E-05 0.531909 0.00618581
0.0553735 0.237009 9.9982E-05 0.0740624 0.633356 9.9982E-05
9.9973E-05 0.465695 9.9973E-05 9.9973E-05 0.492646 0.0413594
9.9991E-05 0.356567 0.0123049 0.0268793 0.570737 0.0334114
0.0160447 0.387646 9.9982E-05 0.0282493 0.56786 9.9982E-05
0.0770198 0.0375543 0.768864 0.0354907 0.0809711 9.9991E-05
0.054923 0.00221377 0.693896 0.0703129 9.9991E-05 0.178554
0.0355642 9.9982E-05 0.876219 0.0343206 9.9982E-05 0.0536958
0.181289 9.9973E-05 0.795442 9.9973E-05 0.0229692 9.9973E-05
0.0716656 0.273499 9.9991E-05 0.00471003 0.572084 0.0779416
0.0101057 0.184166 0.0588114 9.9991E-05 0.664821 0.0819955
0.0370979 0.288071 9.9982E-05 9.9982E-05 0.600646 0.0739857
0.044996 0.144082 0.129227 9.9991E-05 0.679511 0.00208344
0.00335633 0.0598205 0.183457 0.0553695 0.603452 0.0945443
9.9982E-05 0.481086 0.0201711 9.9982E-05 0.388853 0.10969
0.0582583 0.191144 9.9991E-05 0.0120631 0.724911 0.0135231
0.0339296 0.528726 9.9973E-05 9.9973E-05 0.437045 9.9973E-05
0.0493636 9.9991E-05 0.220836 0.188755 0.469116 0.0718294
9.9982E-05 0.345994 9.9982E-05 0.0753719 0.474671 0.103763
0.0210817 0.297461 9.9982E-05 9.9982E-05 0.481256 0.200001
9.9973E-05 0.25582 9.9973E-05 9.9973E-05 0.689722 0.0541579
0.0209582 0.309412 0.00312507 9.9991E-05 0.516123 0.150281
0.0353935 0.271238 9.9982E-05 0.0108381 0.68233 9.9982E-05
0.0902606 0.200497 0.0166522 0.0752098 0.603044 0.0143368
0.033906 0.728652 9.9973E-05 9.9973E-05 0.237142 9.9973E-05
9.9982E-05 0.569597 0.018796 0.0474347 0.363972 9.9982E-05
0.0469328 0.419711 9.9982E-05 9.9982E-05 0.412811 0.120345
9.9964E-05 0.970146 9.9964E-05 9.9964E-05 0.0294544 9.9964E-05
0.00927061 0.317637 0.0202925 9.9991E-05 0.508693 0.144006
0.016972 0.728912 9.9973E-05 9.9973E-05 0.253817 9.9973E-05
9.9982E-05 0.920214 0.0170794 9.9982E-05 0.058101 0.00440536
0.00642797 0.257125 0.0635933 9.9982E-05 0.672654 9.9982E-05
9.9982E-05 0.447151 0.0538902 9.9982E-05 0.371035 0.127724
0.00906593 0.336161 9.9991E-05 0.0469994 0.554295 0.0533787
0.044403 0.133758 0.0709467 0.0377033 0.661185 0.0520047
9.9973E-05 0.218741 9.9973E-05 9.9973E-05 0.678863 0.102096
9.9982E-05 0.237301 9.9982E-05 0.0922788 0.381877 0.288343
0.0141748 0.242103 0.0128651 0.0115866 0.670125 0.0491452
0.00964052 0.24836 0.0540403 0.0223225 0.522293 0.143344
0.0211434 0.524948 9.9982E-05 9.9982E-05 0.451662 0.00204619
0.0361064 0.255695 0.067734 0.0276007 0.569477 0.0433874
0.100598 0.0341662 0.564957 0.028339 9.9991E-05 0.271841
0.0921266 0.0488095 0.672705 9.9991E-05 0.0746931 0.111565
0.136469 0.00610033 0.704209 9.9982E-05 9.9982E-05 0.153022
0.117313 0.0360622 0.729471 9.9982E-05 9.9982E-05 0.116954
0.0831395 9.9982E-05 0.656527 9.9982E-05 0.0265401 0.233593
9.9982E-05 0.440358 0.0383754 9.9982E-05 0.266748 0.254319
9.9982E-05 0.503096 0.0295441 9.9982E-05 0.287432 0.179728
9.9964E-05 0.682933 9.9964E-05 9.9964E-05 0.316667 9.9964E-05
0.0100617 0.185317 0.03974 0.102385 0.617092 0.0454048
9.9991E-05 0.152564 0.128687 0.0611838 0.592681 0.0647836
9.9982E-05 0.562801 0.013887 0.00449817 0.418614 9.9982E-05
0.0379865 0.202936 0.0188764 0.0922721 0.636216 0.0117131
9.9973E-05 0.470711 0.0982764 9.9973E-05 0.430713 9.9973E-05
0.0122171 0.194364 0.0886776 9.9991E-05 0.655734 0.0489074
9.9991E-05 0.166108 0.0529251 0.0333795 0.672236 0.0752515
9.9973E-05 0.38916 9.9973E-05 9.9973E-05 0.442276 0.168264
0.00805217 0.381827 9.9982E-05 9.9982E-05 0.495116 0.114805
0.00366127 0.272195 9.9982E-05 9.9982E-05 0.497959 0.225984
9.9973E-05 0.198055 0.179004 9.9973E-05 0.622641 9.9973E-05
0.0197392 0.263636 9.9982E-05 9.9982E-05 0.553804 0.16262
0.0244247 0.317393 9.9982E-05 9.9982E-05 0.581877 0.0761055
9.9982E-05 9.9982E-05 0.0786704 0.432827 0.395746 0.0925566
0.0696618 9.9991E-05 0.028488 0.558299 0.230747 0.112704
0.0109916 9.9982E-05 0.104298 0.445142 0.439369 9.9982E-05
0.0653893 0.00248366 0.151772 0.499104 0.281151 9.9991E-05
9.9982E-05 9.9982E-05 0.232074 0.23465 0.497722 0.0353538
0.0169186 0.32654 0.0475769 9.9982E-05 0.608765 9.9982E-05
0.0256857 0.0260234 0.220344 0.696231 0.0316157 9.9991E-05
0.0619483 0.0279439 0.0758411 0.505815 0.328351 9.9991E-05
0.0709903 0.212273 0.0915745 0.149704 0.475358 9.9991E-05
0.0574324 0.123337 0.167559 9.9991E-05 0.612794 0.0387777
9.9991E-05 0.205146 0.218366 0.027382 0.435972 0.113034
0.0497646 0.157685 0.135193 0.0207211 0.557532 0.079104
9.9991E-05 0.179318 0.104296 0.0610348 0.575098 0.0801541
0.0207842 9.9982E-05 0.183181 0.412816 0.383019 9.9982E-05
0.0345296 0.0540416 0.0620006 0.374937 0.361433 0.113058
9.9973E-05 9.9973E-05 0.0382468 0.592549 0.368905 9.9973E-05
0.0407291 9.9991E-05 0.146872 0.262776 0.459072 0.0904507
0.0151249 9.9982E-05 0.128087 0.535206 0.321383 9.9982E-05
9.9991E-05 0.0110552 0.129044 0.460826 0.365043 0.0339315
0.0490489 0.0632731 0.0724355 0.579723 0.20781 0.0277105
0.00504479 9.9991E-05 0.0743559 0.430996 0.405755 0.0837485
0.0187226 0.285069 0.0793711 0.069286 0.533433 0.0141182
0.0730196 0.0427581 0.153193 0.376492 0.260032 0.0945054
0.00150606 9.9982E-05 0.15842 0.671613 0.168262 9.9982E-05
0.0320321 0.135331 0.107263 0.423735 0.259931 0.0417081
0.0203667 0.289993 0.182622 9.9991E-05 0.244858 0.26206
0.0213772 0.184643 0.043144 0.111264 0.55392 0.0856515
9.9991E-05 0.0154174 0.156655 0.340193 0.403254 0.0843803
0.0509437 0.0826172 0.117512 0.00733039 0.599983 0.141614
0.0200894 0.15385 0.199595 9.9991E-05 0.5239 0.102466
9.9982E-05 0.169473 0.19631 0.307542 0.326474 9.9982E-05
0.0418922 0.113185 0.168116 0.326001 0.332798 0.0180082
0.00729775 0.106854 0.0912424 0.158724 0.635783 9.9991E-05
9.9991E-05 0.0546474 0.0946917 0.400112 0.445063 0.00538617
0.0498291 0.0324836 0.0734113 0.48462 0.359556 9.9991E-05
9.9973E-05 9.9973E-05 0.211277 0.647897 0.140526 9.9973E-05
0.0225282 0.118794 0.142336 0.098015 0.618226 9.9991E-05
0.0630875 0.163506 0.0850629 9.9991E-05 0.571851 0.116393
0.0521617 0.522948 0.140737 0.0638936 0.220159 9.9991E-05
0.0498706 0.083247 0.136832 0.016429 0.623869 0.0897528
9.9991E-05 0.201949 0.132884 0.113672 0.289198 0.262197
0.0901925 0.156955 0.108638 0.225021 0.419094 9.9991E-05
0.0234277 0.0662327 0.149246 0.159675 0.504044 0.0973745
9.9973E-05 0.399341 0.407903 0.192456 9.9973E-05 9.9973E-05
0.0627459 0.466524 0.338462 0.132068 9.9982E-05 9.9982E-05
0.0215872 0.294307 0.170841 0.157166 0.265066 0.0910321
0.0552479 0.395681 0.32079 0.226397 9.9991E-05 0.00178327
9.9973E-05 0.298995 0.450184 0.250521 9.9973E-05 9.9973E-05
0.0385271 0.318843 0.122384 0.219496 0.29201 0.00873913
0.0225124 0.202057 0.203253 0.229783 0.304031 0.0383634
9.9991E-05 0.238475 0.342349 0.153434 0.223209 0.0424328
0.00752953 0.35175 0.364027 0.183311 0.0932822 9.9991E-05
0.0258692 0.223289 0.114517 0.192367 0.429483 0.0144738
0.0810795 0.435976 0.177153 0.150883 0.154807 9.9991E-05
0.0578981 0.391688 0.484131 0.0660834 9.9982E-05 9.9982E-05
0.00432508 0.0165526 0.134116 0.141126 0.599556 0.104324
0.0640762 0.176021 0.110792 0.261942 0.349048 0.0381215
9.9982E-05 9.9982E-05 0.30484 0.179253 0.442364 0.0733424
0.0289842 9.9982E-05 0.138761 0.30623 0.525826 9.9982E-05
0.0389246 0.0161224 0.0861687 0.3245 0.488633 0.0456513
9.9991E-05 0.135828 0.175163 0.308106 0.32962 0.0511824
0.0381923 9.9991E-05 0.325041 0.226392 0.35861 0.0516649
0.0312298 9.9991E-05 0.1687 0.192032 0.552521 0.0554165
0.0618385 9.9982E-05 0.236102 0.325469 0.376391 9.9982E-05
0.0862772 0.132831 0.21249 0.296469 0.224809 0.0471241
0.029699 0.157161 0.146639 0.162459 0.312475 0.191567
0.00517795 0.114482 0.102114 0.144658 0.554905 0.0786637
0.0103765 0.0640703 0.153174 0.230995 0.473355 0.0680294
0.0602244 0.130808 0.0632729 0.114018 0.560942 0.0707347
0.0251351 9.9991E-05 0.288794 0.328433 0.333029 0.0245089
0.138648 0.0796166 0.134901 0.157113 0.489621 9.9991E-05
9.9982E-05 0.18113 0.40385 0.270135 0.144686 9.9982E-05
9.9982E-05 9.9982E-05 0.182145 0.187655 0.528147 0.101853
0.00912701 0.223002 0.264273 0.406943 0.0965558 9.9991E-05
0.0403753 0.0716659 0.754701 0.0240964 9.9991E-05 0.109062
9.9973E-05 9.9973E-05 0.109074 9.9973E-05 0.174399 0.716227
9.996E-05 9.996E-05 9.996E-05 9.996E-05 9.996E-05 0.9995
0.0487419 9.9964E-05 9.9964E-05 9.9964E-05 9.9964E-05 0.950858
9.9973E-05 9.9973E-05 9.9973E-05 0.0376886 0.032892 0.92912
0.0158776 9.9982E-05 9.9982E-05 0.00234595 0.0152304 0.966346
0.0201138 9.9973E-05 9.9973E-05 9.9973E-05 0.111416 0.86817
0.0167613 9.9973E-05 0.0173063 9.9973E-05 9.9973E-05 0.965632
0.0493078 9.9973E-05 0.159566 9.9973E-05 9.9973E-05 0.790826
0.100782 0.00614039 0.857392 9.9991E-05 0.0332083 0.00237662
0.0952134 9.9982E-05 0.731632 9.9982E-05 0.0547122 0.118243
0.112401 0.00810005 0.788706 0.0598231 0.0308694 9.9991E-05
0.0596211 9.9982E-05 0.799073 9.9982E-05 0.0311095 0.109997
0.0424476 9.9991E-05 0.867637 0.0645352 0.0126771 0.0126031
0.0141094 0.0191392 0.870201 0.00202363 9.9991E-05 0.0944269
0.0595255 9.9991E-05 0.67036 0.142153 0.0228354 0.105027
0.0742667 9.9982E-05 0.83995 0.0105568 0.0750269 9.9982E-05
0.077129 9.9991E-05 0.661467 0.0619942 0.0557498 0.14356
0.0373745 9.9982E-05 0.855284 0.0760123 9.9982E-05 0.031129
0.0987504 9.9973E-05 0.852851 9.9973E-05 9.9973E-05 0.048099
0.0714589 9.9991E-05 0.787926 0.0431699 0.0487095 0.0486355
0.030048 9.9991E-05 0.927056 0.0136258 0.0080981 0.0210722
0.0919275 9.9991E-05 0.818319 0.0252561 0.0400831 0.0243142
0.0711535 9.9991E-05 0.804086 0.0515687 0.0570646 0.0160275
0.0552651 9.9982E-05 0.818615 0.0257682 0.100152 9.9982E-05
0.0346583 9.9982E-05 0.771037 0.0772934 0.116811 9.9982E-05
0.0475438 9.9982E-05 0.755276 0.0660514 0.130929 9.9982E-05
0.0332366 9.9982E-05 0.799644 0.0517944 0.115125 9.9982E-05
0.0235082 0.228854 0.167012 0.0155462 0.440055 0.125024
9.9982E-05 0.102306 0.105956 9.9982E-05 0.740855 0.0506826
0.00359748 0.0403654 0.121164 0.0817051 0.663998 0.0891694
9.9973E-05 0.664915 0.130393 9.9973E-05 0.204392 9.9973E-05
0.00922665 0.150237 0.1226 0.0179488 0.576973 0.123014
9.9982E-05 0.639405 0.230326 0.0266417 0.103427 9.9982E-05
0.0269948 0.10722 0.153499 9.9982E-05 0.712086 9.9982E-05
0.0305612 0.174854 0.0865463 9.9991E-05 0.508395 0.199544
0.0084212 0.193383 0.172751 9.9991E-05 0.558278 0.0670664
9.9982E-05 0.248114 0.0767469 9.9982E-05 0.65308 0.0218588
0.0335417 0.0974182 0.110534 9.9991E-05 0.550399 0.208007
0.059669 0.140072 0.0543474 0.0253902 0.681194 0.039328
0.050299 0.131095 0.0536648 0.0112643 0.676442 0.0772345
0.0280906 0.379586 9.9991E-05 0.0253763 0.0959119 0.470936
9.9973E-05 0.769261 0.122942 9.9973E-05 9.9973E-05 0.107498
9.9991E-05 0.57501 0.170319 0.0475142 0.161895 0.0451606
0.0459905 0.0834577 0.107001 0.0881375 0.675313 9.9991E-05
9.9991E-05 0.229379 0.103007 0.027347 0.586751 0.0534164
0.0308576 0.190036 0.192036 9.9982E-05 0.586871 9.9982E-05
0.0712066 0.187688 0.109189 0.0311307 0.600686 9.9991E-05
0.0711087 0.123227 0.156345 0.106728 0.542491 9.9991E-05
0.0144673 9.9991E-05 0.177612 0.205606 0.593626 0.0085892
0.0200356 0.147 0.377263 0.169258 0.132229 0.154215
0.0419272 0.0817566 0.123186 0.0289516 0.675165 0.0490139
0.0202959 0.0784158 0.252127 0.0945454 0.508931 0.045685
9.9973E-05 0.325218 0.484496 0.189986 9.9973E-05 9.9973E-05
0.00476808 0.155942 0.285808 0.127963 0.42542 9.9991E-05
0.0016844 0.126049 0.347603 0.215401 0.249876 0.0593862
0.0558952 9.9991E-05 0.345978 0.0728171 0.488047 0.0371621
9.9982E-05 9.9982E-05 0.157127 0.275711 0.452195 0.114767
0.0587373 0.0716439 0.163987 0.13625 0.569282 9.9991E-05
0.00764794 0.0871414 0.100909 0.269753 0.523706 0.0108438
0.0364791 0.163189 0.14128 0.180046 0.445976 0.0330309
0.127345 0.0298893 0.380421 0.118963 0.322498 0.0208829
