0.0699689 9.9973E-05 0.071069 0.858662 9.9973E-05 9.9973E-05
9.9973E-05 9.9973E-05 0.0292403 0.90589 9.9973E-05 0.0645698
9.9973E-05 0.129875 9.9973E-05 0.839463 0.0303618 9.9973E-05
0.063379 0.0653057 0.0861718 0.784944 9.9982E-05 9.9982E-05
0.0643441 0.0665727 0.0116662 0.857217 9.9982E-05 9.9982E-05
0.0981961 0.0185902 0.0581381 0.59447 0.0618081 0.168798
9.9973E-05 9.9973E-05 9.9973E-05 0.823067 0.0288325 0.1478
0.0333441 9.9982E-05 0.108736 0.730085 9.9982E-05 0.127635
9.99729E-05 9.99729E-05 0.101294 0.842395 9.99729E-05 0.0560111
0.0454243 0.112563 0.0549263 0.727969 0.0337282 0.0253887
9.9973E-05 9.9973E-05 0.160923 0.715944 9.9973E-05 0.122833
0.0988823 0.197973 0.404453 9.9991E-05 0.214581 0.0840111
0.0551113 0.553197 0.139506 0.0475805 0.0993494 0.105256
0.123387 0.207745 0.438102 9.9991E-05 0.131645 0.0990209
0.124793 0.324254 0.346925 0.0624571 0.0917157 0.0498551
0.0977934 0.381651 0.183296 0.137148 0.0853138 0.114798
0.187561 0.417683 0.0909073 9.9991E-05 0.163356 0.140393
0.108804 0.374426 0.176246 9.9991E-05 0.253507 0.0869174
0.0602727 0.336666 0.326609 0.114229 0.162124 9.9991E-05
0.0976785 9.9991E-05 0.627415 0.034584 0.094653 0.14557
0.0940146 0.343434 0.220475 0.00489582 0.294936 0.0422441
0.0590973 0.385904 0.170754 0.0600214 0.120528 0.203695
9.9982E-05 0.56416 0.132905 0.0526388 0.250096 9.9982E-05
0.0670322 0.245389 0.313965 0.0480272 0.252571 0.0730153
0.085505 0.654903 0.16582 0.0824867 9.9991E-05 0.0111861
0.0833848 0.57884 0.226353 9.9991E-05 0.0604796 0.050843
0.0813037 0.158287 0.412291 0.078463 0.207651 0.0620035
0.203447 0.204127 0.332008 0.036692 0.193182 0.0305435
9.9982E-05 0.30609 0.381641 9.9982E-05 0.138991 0.173078
0.0476736 0.0999522 9.9973E-05 0.852074 9.9973E-05 9.9973E-05
0.00230245 0.164994 9.9973E-05 0.832403 9.9973E-05 9.9973E-05
0.0394396 0.139461 0.00521852 0.803626 0.0121543 9.9991E-05
0.102775 0.0477186 9.9982E-05 0.757567 0.0917389 9.9982E-05
9.9982E-05 0.537367 0.0249194 0.0689342 0.368579 9.9982E-05
0.155952 0.345866 0.0557948 0.0510719 0.354372 0.0369435
9.9982E-05 0.548203 0.045115 0.0401409 0.366341 9.9982E-05
0.00500967 0.117972 0.499772 0.132608 0.244538 9.9991E-05
0.0604075 0.237322 9.9991E-05 0.00998555 0.67155 0.0206351
9.9991E-05 0.478005 0.136811 0.0317383 0.345342 0.00800294
0.0317722 0.673657 9.9991E-05 0.00448205 0.26501 0.0249789
9.9991E-05 0.570786 0.0507115 0.162786 0.110931 0.104686
0.0410772 0.56748 0.114444 0.108591 0.158723 0.00968608
9.9982E-05 0.0334534 0.144671 0.0372285 0.784447 9.9982E-05
0.0473627 0.536747 0.0368598 0.0240392 0.166686 0.188306
0.0941802 0.500267 0.0140406 0.0760707 0.315342 9.9991E-05
0.0170951 0.680017 9.9991E-05 0.150027 0.0379191 0.114842
0.000155468 0.273775 9.9982E-05 9.9982E-05 0.706775 0.0190954
9.9973E-05 0.606098 9.9973E-05 0.113697 0.279905 9.9973E-05
0.063 0.413509 0.0320392 0.110442 0.339368 0.0416424
9.9973E-05 9.9973E-05 9.9973E-05 0.0762851 0.561821 0.361594
0.0180391 0.112923 0.395202 9.9991E-05 0.36687 0.106866
0.0123332 0.136328 0.170159 0.0113488 0.166836 0.502995
0.110996 0.495881 0.111923 0.0307914 0.154686 0.0957225
0.0238009 0.704916 0.0714299 0.0451619 0.0878197 0.0668713
0.0324958 0.459861 0.0436492 0.171282 0.187575 0.105136
0.00331862 0.176275 0.388943 0.107345 0.208559 0.11556
9.9973E-05 0.663128 0.251821 9.9973E-05 9.9973E-05 0.0847515
0.0716471 0.54911 0.152516 0.0735015 0.0971879 0.0560372
9.9991E-05 0.386828 0.191703 0.117998 0.217254 0.0861169
0.0283722 0.130224 0.317282 0.180001 0.102908 0.241213
0.0450524 0.523375 0.0609529 0.10118 0.19587 0.07357
0.0458363 0.472807 0.274998 9.9991E-05 0.037635 0.168624
9.9991E-05 0.0319037 0.427189 0.0638984 0.258999 0.21791
0.0301576 0.44345 0.257607 0.0151161 0.156628 0.0970417
0.0193473 0.673619 0.0903526 0.0109878 0.0727014 0.132991
0.0288626 0.551111 0.190901 0.104196 0.0804677 0.0444618
0.0406598 0.22242 0.291092 0.0452473 0.255913 0.144668
0.0463429 0.507946 0.0961243 0.0575332 0.138894 0.153159
0.0359553 0.576907 0.1891 0.0357678 0.115975 0.0462953
9.9982E-05 0.232082 0.393553 9.9982E-05 0.152259 0.221906
9.9973E-05 0.43737 0.0921568 9.9973E-05 0.470173 9.9973E-05
9.9982E-05 0.0914484 0.0855252 0.00756477 0.815262 9.9982E-05
0.0391919 0.487852 0.0580518 0.053792 0.313467 0.0476453
9.9964E-05 9.9964E-05 9.9964E-05 9.9964E-05 0.818356 0.181244
9.9973E-05 9.9973E-05 0.00211404 9.9973E-05 0.773081 0.224505
9.99739E-05 0.248012 9.99739E-05 9.99739E-05 0.718872 0.032816
0.0176818 0.399354 0.0650673 0.00793748 0.498516 0.0114439
0.0719499 0.550583 0.00564436 0.184806 0.186916 9.9991E-05
0.0573161 0.374752 0.0594144 0.0356698 0.472748 9.9991E-05
0.0434073 0.0476666 0.16859 0.0376865 0.702549 9.9991E-05
0.0338392 0.147742 0.212153 0.0207976 0.585368 9.9991E-05
0.0761966 0.51566 0.0287137 0.107716 0.271614 9.9991E-05
0.0121621 0.248235 0.000150225 0.0422171 0.697136 9.9991E-05
9.9991E-05 0.358989 0.0435648 0.0673489 0.523537 0.00645993
9.9973E-05 0.273924 9.9973E-05 9.9973E-05 0.647811 0.0779654
9.9973E-05 9.9973E-05 9.9973E-05 0.00761337 0.680611 0.311476
0.0751873 0.529436 0.0326238 0.00754777 0.271567 0.0836383
0.0226193 0.112021 0.0517584 0.804434 0.00906702 9.9991E-05
9.9964E-05 0.0816327 9.9964E-05 0.917967 9.9964E-05 9.9964E-05
9.9964E-05 0.137167 9.9964E-05 0.862433 9.9964E-05 9.9964E-05
9.9964E-05 0.0703042 9.9964E-05 0.929296 9.9964E-05 9.9964E-05
0.00750541 0.0693481 9.9991E-05 0.884927 0.036032 0.00208763
0.0694747 0.0407781 9.9982E-05 0.876014 9.9982E-05 0.0135331
9.9964E-05 0.0832476 9.9964E-05 0.916353 9.9964E-05 9.9964E-05
0.053768 0.478956 0.101713 0.0782086 0.287254 9.9991E-05
0.031008 0.592459 0.0379775 0.143693 0.194763 9.9991E-05
9.9991E-05 0.00448917 0.093535 0.0293177 0.858362 0.0141957
0.0569663 0.618918 9.9991E-05 0.111962 0.190365 0.0216887
0.0833939 0.326849 0.135474 0.0318659 0.422316 9.9991E-05
9.9982E-05 0.569594 0.0265441 0.0564498 0.347213 9.9982E-05
0.00967063 0.607384 0.0330968 9.9991E-05 0.216249 0.133499
0.0182084 0.535697 9.9982E-05 0.080154 0.365741 9.9982E-05
9.9973E-05 9.9973E-05 0.162538 0.0626412 0.774521 9.9973E-05
9.9991E-05 0.563513 0.0903013 0.133863 0.200091 0.012131
0.0254354 0.640785 0.0585768 0.0366572 0.206817 0.0317288
0.107058 0.521187 0.0819002 0.0668186 0.222936 9.9991E-05
0.0368569 0.224064 9.9982E-05 9.9982E-05 0.600454 0.138425
0.000795889 0.547262 9.9982E-05 9.9982E-05 0.349934 0.101808
0.0208779 0.392277 9.9982E-05 0.0698038 0.516841 9.9982E-05
0.151085 0.177658 9.9982E-05 9.9982E-05 0.667799 0.00325803
9.9982E-05 0.421944 0.078622 0.0664174 0.432817 9.9982E-05
9.9982E-05 0.553806 0.170402 0.0970126 0.178579 9.9982E-05
9.9991E-05 0.267834 0.313709 0.0817267 0.122847 0.213783
0.108249 0.439805 0.286568 0.0998418 0.0478202 0.0177161
9.9991E-05 0.58261 0.229755 0.0822591 0.0605626 0.0447125
0.0606134 0.552089 0.0970792 0.0976164 0.100669 0.091933
9.9991E-05 0.501703 0.332551 0.0235319 0.0227002 0.119414
0.00729027 0.671112 0.193996 0.0541026 0.0389256 0.034574
9.9991E-05 0.522873 0.384727 0.0262148 0.0624069 0.00367885
9.9991E-05 0.517011 0.175965 0.151471 0.0893331 0.0661197
0.0520744 0.520255 0.185046 0.0215913 0.0906768 0.130357
9.9991E-05 0.606477 0.116246 0.0282617 0.108564 0.140352
9.9973E-05 0.486871 0.416186 9.9973E-05 0.0966427 9.9973E-05
0.0923736 0.648548 0.0974576 0.00926603 9.9991E-05 0.152254
0.0140433 0.66431 0.111358 0.0683798 0.0241674 0.117742
0.0618436 0.524715 0.242372 9.9982E-05 0.17087 9.9982E-05
9.9982E-05 0.59537 0.11927 0.0457701 9.9982E-05 0.23939
0.154121 0.47821 0.198408 9.9982E-05 0.169062 9.9982E-05
9.9982E-05 0.476366 0.262008 0.0771315 9.9982E-05 0.184294
9.9991E-05 0.699174 0.157122 0.0321449 0.0489707 0.0624885
0.00747551 0.740758 0.14565 9.9982E-05 9.9982E-05 0.105917
0.153122 0.122827 0.413965 9.9991E-05 0.217635 0.0923506
0.027388 0.229199 0.248582 9.9991E-05 0.093905 0.400826
0.0292954 0.53916 0.181902 0.0630154 0.0302181 0.156409
0.0258795 0.0919271 0.350293 9.9991E-05 0.186856 0.344944
9.9991E-05 0.268502 0.390497 0.0404279 0.22825 0.0722238
0.0297142 0.430906 0.29805 9.9991E-05 0.17699 0.0642402
9.9973E-05 0.286027 0.399398 9.9973E-05 0.314276 9.9973E-05
9.9982E-05 0.274705 0.43345 9.9982E-05 0.267689 0.0239561
0.0308103 0.636119 0.10296 0.0937073 0.00719562 0.129207
0.0433285 0.631137 0.140766 0.12652 0.0472823 0.0109669
0.00448224 0.578642 0.230695 0.0710356 0.115045 9.9991E-05
0.0243375 0.203234 0.326387 9.9991E-05 0.0900406 0.355901
0.0616615 0.458321 0.0437823 0.0942651 0.182013 0.159957
0.098987 0.401895 0.146275 0.0374877 0.115375 0.19998
9.9982E-05 9.9982E-05 0.0940343 0.156149 0.187137 0.56248
0.0488667 0.602453 9.9991E-05 0.132187 0.00795997 0.208434
9.9991E-05 0.334816 0.0625061 0.0691313 0.177904 0.355543
0.0991371 0.43223 0.098984 0.110521 0.106707 0.15242
9.9991E-05 0.353347 0.0868763 0.0894568 0.00178595 0.468433
9.9991E-05 0.260394 0.132439 0.0396878 0.046524 0.520855
9.9991E-05 0.44463 0.115618 0.0419368 0.0972161 0.300499
0.00753498 0.504871 0.121042 0.0464569 9.9991E-05 0.319995
0.0278578 0.458926 0.142512 0.137851 9.9991E-05 0.232752
0.168903 0.0305557 0.0822198 0.0232016 0.173961 0.521158
0.082602 0.481916 0.103489 0.0585441 0.102649 0.1708
9.9982E-05 0.365924 0.0336866 9.9982E-05 0.233245 0.366944
9.9982E-05 0.418183 0.106116 9.9982E-05 0.283629 0.191872
0.00267357 0.518476 0.0126612 0.0647807 0.218189 0.183219
0.240187 0.160991 9.9982E-05 0.339137 9.9982E-05 0.259485
0.151749 9.9973E-05 9.9973E-05 0.510265 9.9973E-05 0.337687
0.143274 9.9973E-05 9.9973E-05 0.408531 9.9973E-05 0.447895
0.298721 0.104651 0.00628292 0.419793 9.9991E-05 0.170453
9.9973E-05 0.727252 9.9973E-05 9.9973E-05 0.0360354 0.236412
0.0707138 0.555248 0.113664 0.0984386 9.9991E-05 0.161836
0.637266 0.362334 9.9964E-05 9.9964E-05 9.9964E-05 9.9964E-05
0.477502 0.31989 0.123213 9.9982E-05 0.0791952 9.9982E-05
0.471749 0.363817 0.103775 0.00263719 9.9991E-05 0.0579216
9.9973E-05 0.41437 9.9973E-05 9.9973E-05 0.0736078 0.511723
0.0609517 0.471835 0.0553273 0.102035 0.12685 0.183001
9.9973E-05 0.257528 9.9973E-05 9.9973E-05 0.0591147 0.683058
9.9991E-05 0.620794 0.0395659 0.0274059 0.122547 0.189588
9.9991E-05 0.577817 0.00615708 0.0202743 0.0649607 0.330691
9.9982E-05 0.618873 0.0410731 0.0477118 9.9982E-05 0.292143
9.9982E-05 0.312505 0.0240554 9.9982E-05 0.0538789 0.609361
0.0507873 0.572823 0.0326253 0.0700058 0.167508 0.10625
0.0650018 0.537834 9.9991E-05 0.0777774 0.00444717 0.314839
0.998822 9.99705E-05 9.99705E-05 9.99705E-05 9.99705E-05 0.000778438
0.92287 0.0687275 9.9973E-05 9.9973E-05 9.9973E-05 0.00810223
0.575724 0.279856 0.003046 0.124723 9.9991E-05 0.0165509
0.638614 0.335062 0.0148226 0.011301 9.9982E-05 9.9982E-05
0.821589 0.124337 0.0330713 9.9991E-05 0.0144181 0.00648443
0.992818 9.9964E-05 0.00678186 9.9964E-05 9.9964E-05 9.9964E-05
0.979918 9.9964E-05 0.019682 9.9964E-05 9.9964E-05 9.9964E-05
0.797224 0.202376 9.9964E-05 9.9964E-05 9.9964E-05 9.9964E-05
0.955516 0.00355798 0.0154905 9.9982E-05 0.0252355 9.9982E-05
0.9995 9.996E-05 9.996E-05 9.996E-05 9.996E-05 9.996E-05
0.994082 9.9964E-05 9.9964E-05 0.00551864 9.9964E-05 9.9964E-05
0.832132 0.145364 9.9973E-05 0.0222039 9.9973E-05 9.9973E-05
0.786958 0.132261 0.0534405 0.0271409 9.9982E-05 9.9982E-05
0.963015 9.9964E-05 9.9964E-05 9.9964E-05 0.0365854 9.9964E-05
0.459417 0.293573 0.0195001 0.0459837 0.109284 0.0722418
0.675623 0.20355 0.00311283 0.041795 0.0758198 9.9991E-05
0.749562 0.216423 0.0032238 0.0305912 9.9982E-05 9.9982E-05
0.937517 0.0428502 0.000672534 0.0187606 9.9982E-05 9.9982E-05
0.9995 9.996E-05 9.996E-05 9.996E-05 9.996E-05 9.996E-05
0.849922 0.0571379 0.00211258 0.0906271 9.9982E-05 9.9982E-05
0.9995 9.996E-05 9.996E-05 9.996E-05 9.996E-05 9.996E-05
0.625982 0.232039 0.0771025 0.00660742 0.0581689 9.9991E-05
0.890017 0.0404372 9.9973E-05 9.9973E-05 0.0692463 9.9973E-05
0.049262 9.9973E-05 9.9973E-05 0.345422 9.9973E-05 0.605016
0.0399189 0.444562 0.155834 0.134023 0.0508039 0.174858
0.047512 0.445594 0.0154266 0.224831 9.9991E-05 0.266536
0.0802981 0.235796 9.9982E-05 0.232769 9.9982E-05 0.450937
0.131953 0.468301 0.0521031 0.118768 0.00943406 0.219441
0.0853905 0.200644 9.9991E-05 0.299081 0.0109538 0.403831
0.0261781 0.488153 0.0101075 0.299239 0.0430047 0.133318
0.128555 0.304777 9.9991E-05 0.189181 0.0660665 0.311322
0.0953558 0.495312 9.9991E-05 0.185891 0.00582889 0.217512
0.178393 0.389907 9.9982E-05 0.165194 9.9982E-05 0.266306
0.0717916 0.507184 0.0163593 0.257121 0.0615311 0.0860134
9.9991E-05 0.0759839 0.0584385 0.826907 0.00309595 0.0354744
0.0609618 9.9973E-05 9.9973E-05 0.923886 9.9973E-05 0.0148523
9.9973E-05 0.00585119 0.0264929 0.967356 9.9973E-05 9.9973E-05
9.9991E-05 0.0136084 0.00909675 0.967846 0.00171268 0.00763586
9.9982E-05 0.04651 0.0591095 0.882703 9.9982E-05 0.0114776
0.0896683 9.9973E-05 9.9973E-05 0.863383 9.9973E-05 0.0466485
0.104987 0.0342389 0.00658878 0.853986 9.9982E-05 9.9982E-05
0.000298509 9.9982E-05 9.9982E-05 0.875523 0.00211579 0.121863
9.9982E-05 0.0881188 0.0233748 0.879724 0.00858199 9.9982E-05
0.0845881 0.0202136 0.0162206 0.83937 9.9991E-05 0.0395079
9.9982E-05 9.9982E-05 0.229162 0.615938 0.118407 0.0362932
9.9982E-05 9.9982E-05 0.311759 0.593499 0.0906295 0.00391293
9.9982E-05 9.9982E-05 0.203638 0.576387 0.0424221 0.177353
9.9982E-05 9.9982E-05 0.312471 0.507939 0.119311 0.0600788
0.0212655 0.484832 0.083765 0.0460503 0.32081 0.0432767
9.9991E-05 0.483696 0.073696 0.0734391 0.328767 0.0403019
9.9982E-05 0.596703 0.185879 0.0207376 0.19648 9.9982E-05
9.9982E-05 0.469821 0.238892 9.9982E-05 0.189091 0.101996
0.00408228 0.179539 0.59115 9.9991E-05 0.198513 0.0266151
0.0499817 0.528127 0.00641119 0.0803468 0.318926 0.0162075
9.9991E-05 0.582562 0.084661 0.0123112 0.298396 0.0219699
9.9982E-05 0.52678 0.0678954 9.9982E-05 0.299262 0.105862
0.029169 0.294495 0.0686377 9.9991E-05 0.558795 0.0488034
0.0425594 0.59631 0.0790105 0.081204 0.171227 0.0296894
0.00028844 0.382831 0.141243 0.00852534 0.466041 0.00107134
9.9973E-05 9.9973E-05 0.0675596 9.9973E-05 0.685 0.24714
9.9991E-05 0.52205 0.28642 0.00209516 0.0880615 0.101273
9.9982E-05 0.242004 9.9982E-05 0.00302252 0.489503 0.265271
9.9982E-05 0.462358 0.0447109 9.9982E-05 0.370258 0.122473
9.9982E-05 0.00749841 0.141511 0.0465098 0.804281 9.9982E-05
9.9973E-05 9.9973E-05 0.754251 0.112749 9.9973E-05 0.1327
9.9982E-05 0.0780401 0.654102 0.0951823 9.9982E-05 0.172475
9.9964E-05 9.9964E-05 0.823817 9.9964E-05 9.9964E-05 0.175783
9.9982E-05 0.0110482 0.793088 0.0984697 9.9982E-05 0.0971944
0.0174536 0.0507305 0.758224 9.9982E-05 9.9982E-05 0.173392
0.0608688 0.0642294 0.774116 0.0537695 9.9991E-05 0.0469159
0.0660206 0.0427847 9.9982E-05 0.86965 0.0213449 9.9982E-05
0.067536 0.0188615 0.10754 0.805863 9.9982E-05 9.9982E-05
0.125789 0.122366 9.9982E-05 0.739342 9.9982E-05 0.0123034
0.118617 9.9973E-05 0.126268 0.754814 9.9973E-05 9.9973E-05
0.0877475 0.0581698 0.051763 0.80212 9.9982E-05 9.9982E-05
9.9982E-05 9.9982E-05 0.505487 0.40699 0.0258565 0.0614668
9.9982E-05 9.9982E-05 0.395132 0.450739 0.0616197 0.0923095
9.9973E-05 9.9973E-05 0.457786 0.4654 0.0765149 9.9973E-05
0.0186448 0.136608 0.0240632 0.820484 9.9982E-05 9.9982E-05
9.9973E-05 9.9973E-05 0.503125 0.385816 0.110759 9.9973E-05
0.381683 0.253805 9.9982E-05 0.187318 9.9982E-05 0.176994
0.236278 0.519887 0.0853494 0.158285 9.9982E-05 9.9982E-05
0.253758 0.566548 9.9973E-05 0.179394 9.9973E-05 9.9973E-05
0.2181 0.318967 0.0667535 0.20839 0.0482891 0.1395
0.0755538 0.629743 0.109581 0.110788 0.0374455 0.0368891
0.298652 9.9973E-05 9.9973E-05 0.437255 9.9973E-05 0.263794
9.9991E-05 0.432334 0.261125 0.00375193 0.25906 0.0436302
9.9991E-05 0.412649 0.165131 0.00360379 0.0471755 0.371341
9.9991E-05 0.30799 0.466099 0.0672182 0.123219 0.0353737
9.9982E-05 0.497429 0.17918 9.9982E-05 0.0304054 0.292786
9.9973E-05 9.9973E-05 0.126752 9.9973E-05 0.150189 0.72276
0.0234717 0.647222 0.099423 0.0722862 0.00091372 0.156683
9.9991E-05 0.507397 0.222806 0.0124316 0.052352 0.204914
9.9991E-05 0.417605 0.365413 0.0283948 0.162171 0.0263165
0.00434643 0.608 0.155235 0.0617706 0.0425919 0.128056
9.9982E-05 0.203544 0.264738 9.9982E-05 0.149377 0.382141
0.0191675 0.423014 0.204103 9.9991E-05 0.139601 0.214015
9.9991E-05 0.528746 0.25656 0.057634 0.113169 0.0437922
0.221508 0.378766 0.117093 0.058836 0.146292 0.0775045
0.0519432 0.370005 0.249741 9.9991E-05 0.100511 0.2277
0.0138068 0.492745 0.245814 0.0160625 0.00719263 0.224379
0.0952796 0.479139 0.133431 9.9991E-05 0.105686 0.186365
9.9982E-05 0.52304 0.241461 9.9982E-05 0.0670947 0.168203
0.00641515 0.625124 0.176592 0.0650094 0.0236752 0.103184
0.08785 0.499735 0.1578 0.0224219 0.232093 9.9991E-05
9.9991E-05 0.563263 0.220563 0.116679 0.0586653 0.0407297
0.0718349 0.157097 9.9973E-05 0.770768 9.9973E-05 9.9973E-05
0.0604494 0.0336505 9.9982E-05 0.836619 0.0690816 9.9982E-05
9.9991E-05 0.0796571 0.0295278 0.801665 0.0604625 0.0285873
0.0367331 9.9982E-05 0.037294 0.819448 0.106325 9.9982E-05
9.9964E-05 0.183712 9.9964E-05 0.815889 9.9964E-05 9.9964E-05
0.0453296 0.174152 0.612603 0.0149298 0.152885 9.9991E-05
0.0179953 0.59229 0.113072 9.9991E-05 0.130569 0.145973
0.0951993 0.543183 9.9991E-05 0.13825 0.0386762 0.184591
0.0658233 0.55761 0.183091 0.00737138 0.120495 0.0656095
0.0399152 0.526297 0.163476 0.00151639 0.189663 0.0791314
0.0191531 0.396218 0.243364 9.9982E-05 9.9982E-05 0.341064
9.9982E-05 9.9982E-05 0.519046 0.160073 0.181966 0.138715
9.9991E-05 0.542157 0.290945 0.0383692 0.108744 0.0196857
0.0397606 0.138559 0.497168 0.0618643 0.083147 0.179502
0.0830192 0.428356 0.193161 0.00837187 0.0535961 0.233496
0.00929021 0.0979102 0.475518 0.150948 0.206741 0.0595928
0.0840464 0.635821 0.156814 0.115822 0.00739724 9.9991E-05
9.9991E-05 0.195893 0.421334 0.0696853 0.208802 0.104186
0.093777 0.364685 0.319598 0.00353656 0.0406738 0.17773
9.9991E-05 0.51965 0.106797 0.0607822 0.13586 0.176811
0.0135377 0.273827 0.137561 9.9982E-05 9.9982E-05 0.574874
0.031144 0.500916 0.0154706 0.0597082 0.11539 0.277372
9.9991E-05 0.601649 0.0155631 0.119701 0.0546364 0.20835
9.9973E-05 0.372373 0.140401 9.9973E-05 9.9973E-05 0.486926
0.0914719 0.573388 0.12186 0.0515084 0.040462 0.12131
9.9991E-05 0.534463 0.019444 0.0591596 0.0493768 0.337457
9.9982E-05 0.177315 0.0209307 9.9982E-05 0.122626 0.678928
9.9973E-05 0.32802 9.9973E-05 9.9973E-05 0.0379416 0.633738
9.9982E-05 0.545325 0.0142275 9.9982E-05 0.0419622 0.398285
9.9982E-05 0.188851 0.0584524 9.9982E-05 0.243882 0.508614
9.9991E-05 0.459917 0.112951 0.0173388 0.0803301 0.329364
0.0613819 0.0739323 0.511627 9.9991E-05 0.193416 0.159543
9.9982E-05 0.295038 0.342496 9.9982E-05 0.0663675 0.295899
0.0376174 0.332099 0.401142 0.0173054 0.211736 9.9991E-05
0.0264575 0.688772 0.20408 0.00317107 0.0774192 9.9991E-05
0.0311605 0.18765 0.447703 9.9991E-05 0.324672 0.00871452
0.101497 0.503529 0.168246 0.00877063 0.0444395 0.173518
0.093406 0.579815 0.126564 9.9991E-05 0.0952513 0.104864
0.0644278 0.492112 0.240899 9.9982E-05 0.202361 9.9982E-05
0.106752 0.395254 0.27393 9.9982E-05 0.223864 9.9982E-05
9.9982E-05 0.459145 0.245279 0.0752692 0.220108 9.9982E-05
0.111757 0.203213 0.454573 9.9982E-05 0.230256 9.9982E-05
0.113949 0.322335 0.43015 0.0129477 0.0537207 0.0668973
0.0266746 0.637165 0.225816 9.9991E-05 0.0784352 0.0318094
0.0478117 0.650545 0.233389 0.00219779 0.040808 0.0252481
0.0371138 0.447685 0.219748 9.9991E-05 0.118967 0.176387
0.142692 0.468944 0.190467 9.9991E-05 0.0674248 0.130372
0.0279911 0.42993 0.388852 0.0525054 0.0371958 0.0635265
0.049985 0.626645 0.243459 9.9991E-05 0.0116999 0.0681113
0.0455517 0.570562 0.173564 0.0586717 0.151551 9.9991E-05
0.162305 0.470396 0.114169 0.161533 0.059813 0.0317838
0.0917399 0.430554 0.0119489 0.412722 0.0529355 9.9991E-05
0.220119 0.463427 9.9991E-05 0.156614 0.0125144 0.147225
0.154457 0.434453 0.063492 0.125162 0.115126 0.10731
0.153852 0.556145 0.0404847 0.0536383 0.111063 0.0848173
0.238471 0.393546 0.00984729 0.183956 0.138661 0.0355182
9.9982E-05 0.527553 0.146833 9.9982E-05 0.0199438 0.30547
0.0928762 0.506252 0.0550284 0.144823 0.121861 0.0791595
0.170993 0.0233686 9.9991E-05 0.242932 0.0572662 0.50534
0.180955 0.529779 0.0854354 0.107018 0.0388438 0.0579688
0.157441 0.463881 0.0701244 0.145549 0.057426 0.105579
0.174598 0.604074 0.0779903 0.0280529 9.9991E-05 0.115185
0.101144 0.369547 0.0813684 0.199825 0.0247381 0.223378
0.0884388 0.614597 9.9982E-05 0.171234 9.9982E-05 0.125531
0.150165 0.587648 9.9982E-05 0.100197 9.9982E-05 0.16179
0.189713 9.9973E-05 9.9973E-05 0.472855 9.9973E-05 0.337131
0.137883 0.464725 0.00695357 0.203752 0.100058 0.0866285
0.169521 0.472132 9.9991E-05 0.213764 0.0996678 0.0448152
0.037561 0.665213 9.9991E-05 0.0866024 0.00556283 0.20496
0.18209 0.52769 9.9982E-05 0.168442 9.9982E-05 0.121577
0.178128 0.439987 0.0676324 0.197075 0.0557798 0.0613979
0.0750558 0.470928 0.0119665 0.0249473 0.127973 0.289129
0.0794063 0.555155 0.105417 0.0429977 9.9991E-05 0.216924
9.9982E-05 0.0801803 0.119004 9.9982E-05 0.288944 0.511672
9.9982E-05 0.0718705 0.124213 9.9982E-05 0.1815 0.622217
0.0351708 0.596534 9.9991E-05 0.0278304 0.0389847 0.30138
0.282323 0.411179 9.9982E-05 0.111708 9.9982E-05 0.19459
0.335755 0.342013 9.9982E-05 0.0962407 9.9982E-05 0.225791
0.222977 0.22424 9.9982E-05 0.18415 9.9982E-05 0.368433
0.28576 0.358723 9.9982E-05 0.157333 9.9982E-05 0.197984
0.076205 0.164789 9.9982E-05 0.0207091 9.9982E-05 0.738097
0.0577901 0.315644 9.9982E-05 0.0507326 9.9982E-05 0.575633
0.0953646 0.535305 9.9991E-05 0.0200837 0.101378 0.247768
0.143226 0.447911 9.9991E-05 0.0134464 0.0883934 0.306924
0.0509846 0.329194 9.9991E-05 0.0600866 0.0203881 0.539247
0.118826 0.507674 9.9991E-05 0.065842 0.156197 0.151361
0.123991 0.558205 0.0685839 9.9982E-05 9.9982E-05 0.24902
0.200735 0.365944 9.9991E-05 0.128368 0.129899 0.174954
9.9982E-05 0.401666 9.9982E-05 0.013012 0.223794 0.361328
9.9982E-05 0.359404 0.0835555 9.9982E-05 0.283756 0.273085
9.9982E-05 0.665189 0.0891357 9.9982E-05 0.0105133 0.234962
0.104274 0.401758 0.147444 9.9991E-05 0.00802036 0.338403
0.0798719 0.443269 0.118995 0.0629502 9.9991E-05 0.294814
9.9982E-05 0.537623 0.00332601 9.9982E-05 0.0376036 0.421247
9.9982E-05 0.226452 0.105724 9.9982E-05 0.180908 0.486716
0.0330355 0.560775 9.9991E-05 0.0227364 0.20813 0.175223
9.9982E-05 0.278375 0.0551518 9.9982E-05 0.196117 0.470156
0.00934297 0.414053 0.014243 9.9991E-05 0.187159 0.375102
0.0116489 0.567582 0.0913989 0.0859909 0.145456 0.0979231
9.9973E-05 0.571903 9.9973E-05 9.9973E-05 0.169696 0.258102
0.215322 0.484457 0.0686031 0.175525 9.9991E-05 0.0559919
0.205409 0.370921 0.203324 0.0640837 9.9991E-05 0.156163
0.286478 0.307173 0.0449677 0.165094 0.0766948 0.119592
0.284263 0.213012 0.157962 0.118383 0.0418412 0.184539
0.206726 0.472275 0.0686537 0.128838 0.0302461 0.0932608
0.130274 0.497904 9.9991E-05 0.162034 0.0718438 0.137845
0.174843 9.9991E-05 0.0358815 0.145868 0.0157058 0.627602
0.189014 0.600116 0.0250874 0.0360291 9.9991E-05 0.149653
0.145554 9.9973E-05 9.9973E-05 0.336824 9.9973E-05 0.517322
0.27091 0.499803 9.9982E-05 0.022716 9.9982E-05 0.20637
9.9973E-05 0.125279 9.9973E-05 9.9973E-05 0.365513 0.508908
9.9973E-05 9.9973E-05 0.0406073 9.9973E-05 0.327436 0.631657
9.9973E-05 0.518168 9.9973E-05 9.9973E-05 0.207318 0.274214
0.0141674 0.576323 0.0148635 0.019139 0.167903 0.207604
9.9973E-05 0.477581 9.9973E-05 9.9973E-05 0.0969152 0.425204
0.039405 0.486866 9.9982E-05 9.9982E-05 0.267892 0.205636
9.9982E-05 0.601299 0.00570324 9.9982E-05 0.0934145 0.299383
0.0661571 0.0952332 0.0196572 0.772403 9.9991E-05 0.0464498
0.127492 9.9991E-05 0.170319 0.672518 0.00296309 0.026608
0.0668903 9.9973E-05 0.0755822 0.857228 9.9973E-05 9.9973E-05
9.9964E-05 0.0569215 9.9964E-05 0.942679 9.9964E-05 9.9964E-05
0.0143082 0.431032 0.0109075 0.0751865 0.408728 0.0598386
0.0834067 0.392424 0.046804 0.00327981 0.458621 0.0154644
9.9982E-05 0.374137 0.0339705 0.00915608 0.582537 9.9982E-05
9.9982E-05 0.574613 0.0136103 0.0790436 0.332533 9.9982E-05
0.132325 0.406766 0.0957007 0.081749 0.254465 0.0289947
0.0192355 0.166985 0.0396213 0.0666073 0.631366 0.0761849
0.0533529 0.448799 9.9973E-05 9.9973E-05 0.497548 9.9973E-05
9.9982E-05 0.275905 9.9982E-05 0.00022926 0.579539 0.144126
0.237774 0.441707 0.039027 0.229683 0.00789875 0.04391
0.0381491 0.426892 0.0363545 9.9991E-05 0.318907 0.179598
0.0108099 0.264908 0.0107054 0.0104601 0.703016 9.9991E-05
9.9973E-05 0.510589 9.9973E-05 9.9973E-05 0.465741 0.0233707
0.00992849 0.388266 0.0250562 0.0303304 0.546319 9.9991E-05
0.0174154 0.490395 9.9991E-05 0.000797957 0.433234 0.0580576
0.0227645 0.464521 9.9982E-05 0.120964 0.39155 9.9982E-05
9.9973E-05 0.0326225 9.9973E-05 9.9973E-05 0.862705 0.104373
0.0229795 0.145811 0.0413601 9.9991E-05 0.618152 0.171597
0.0119032 0.296976 9.9991E-05 0.0361142 0.515354 0.139552
9.9964E-05 9.9964E-05 9.9964E-05 9.9964E-05 0.755229 0.244371
0.0207418 0.36176 0.0929942 0.0848812 0.439523 9.9991E-05
9.9973E-05 0.10355 9.9973E-05 9.9973E-05 0.561112 0.335039
9.9964E-05 9.9964E-05 9.9964E-05 9.9964E-05 0.622971 0.376629
0.016841 0.547701 9.9991E-05 0.0533423 0.369936 0.0120802
0.0192759 0.104652 0.0905608 0.0897599 0.695652 9.9991E-05
0.121684 0.335452 0.0949398 9.9982E-05 0.447724 9.9982E-05
0.131775 0.488537 0.0769063 9.9991E-05 0.228357 0.074326
0.0440704 0.392692 0.0663874 0.0222062 0.474544 9.9991E-05
0.0698646 0.407721 0.254023 9.9982E-05 9.9982E-05 0.268192
0.0345429 0.425891 0.066085 9.9991E-05 0.464798 0.00858356
0.0573123 0.382145 0.0849306 0.0395951 0.435917 9.9991E-05
9.9982E-05 0.332091 0.0189312 9.9982E-05 0.620747 0.0280309
0.0660001 0.473088 9.9982E-05 0.148416 0.312297 9.9982E-05
9.9982E-05 9.9982E-05 0.255347 0.63098 0.0609086 0.052564
0.0304951 0.000753827 0.0505596 0.730313 0.182971 0.00490755
9.9982E-05 9.9982E-05 0.0831657 0.824567 0.0161296 0.0759378
9.9982E-05 9.9982E-05 0.155187 0.812598 0.0127755 0.0192394
9.9973E-05 0.0884373 0.19711 0.714153 9.9973E-05 9.9973E-05
0.00761463 0.0503681 0.07961 0.0900764 0.772231 9.9991E-05
9.9991E-05 0.0694876 0.099248 0.0767438 0.742494 0.011927
9.9973E-05 0.0789225 9.9973E-05 9.9973E-05 0.76611 0.154668
0.129128 0.44815 0.124712 0.0989008 0.19901 9.9991E-05
9.9982E-05 0.610952 0.0706578 0.164271 0.153919 9.9982E-05
0.05387 0.154625 9.9991E-05 0.0120874 0.695446 0.083872
0.0139644 0.62836 0.00022646 0.0149012 0.293163 0.0493844
0.0592105 0.302615 9.9982E-05 0.0592972 0.578677 9.9982E-05
9.9982E-05 0.572965 0.0481245 9.9982E-05 0.340423 0.0382874
0.0686999 0.524898 9.9982E-05 0.0423759 0.363827 9.9982E-05
0.0367278 0.181371 0.123443 9.9991E-05 0.595976 0.0623822
0.0171415 0.263791 0.0595458 0.000155386 0.659267 9.9991E-05
9.9973E-05 0.262204 0.211453 9.9973E-05 0.526042 9.9973E-05
9.9991E-05 0.601234 0.0122611 0.14416 0.0519956 0.19025
9.9973E-05 0.347275 0.0633686 9.9973E-05 0.589056 9.9973E-05
0.03012 0.374007 0.0701964 0.0270109 0.481341 0.0173247
0.412128 0.344724 0.0410964 0.0765988 0.104651 0.0208013
0.463562 0.367703 9.9982E-05 0.0783225 9.9982E-05 0.0902122
0.422115 0.433279 0.0206517 0.12036 9.9991E-05 0.00349462
0.491698 0.297492 9.9982E-05 0.115416 9.9982E-05 0.0951933
0.259996 0.527493 0.0281913 0.125134 9.9991E-05 0.0590852
0.0498299 0.405038 0.00575025 0.0643467 0.345022 0.130012
0.654826 0.0350514 9.9982E-05 0.224277 9.9982E-05 0.0856461
0.438446 0.292625 9.9982E-05 0.207874 9.9982E-05 0.0608546
0.235351 0.283871 9.9991E-05 0.155942 0.149292 0.175443
9.9982E-05 0.619219 0.0139326 0.126876 9.9982E-05 0.239772
0.0568699 0.344328 0.0769299 0.0989894 0.157211 0.265672
9.9982E-05 0.604517 9.9982E-05 0.126218 0.127264 0.141801
9.9991E-05 0.682776 0.0467234 0.104982 0.0988789 0.0665394
0.43582 0.307946 9.9982E-05 0.208013 9.9982E-05 0.0480216
0.314025 0.4172 0.0686403 0.141529 0.0585061 9.9991E-05
0.473661 0.500696 9.9973E-05 0.0253432 9.9973E-05 9.9973E-05
0.248205 0.485413 0.00859032 0.129753 0.127938 9.9991E-05
0.45507 0.314954 9.9991E-05 0.171729 0.0279356 0.0302119
0.362388 0.331314 9.9991E-05 0.0912324 0.156123 0.0588421
0.561755 0.258293 9.9991E-05 0.103234 0.00764734 0.0689705
0.414429 0.414271 9.9982E-05 0.0325523 9.9982E-05 0.138548
9.9982E-05 0.510042 9.9982E-05 0.101068 0.0845616 0.304128
0.362897 0.332692 9.9991E-05 0.195893 0.102836 0.00558091
0.638057 0.152408 9.9982E-05 0.164867 9.9982E-05 0.0444684
0.337311 0.370935 0.0879021 0.148244 0.0555084 9.9991E-05
9.9991E-05 0.171338 0.224093 0.135705 0.210635 0.258129
0.139531 0.488561 0.100608 9.9991E-05 0.00565422 0.265546
0.313462 0.343161 0.0918651 0.168783 0.0233376 0.0593915
0.0462548 0.616276 0.114105 0.0654173 9.9991E-05 0.157847
9.9991E-05 0.466264 0.102488 0.14346 0.203813 0.0838747
0.211926 0.314717 9.9991E-05 0.194709 0.20485 0.0736978
0.294485 0.327524 0.0162675 0.213769 9.9991E-05 0.147855
0.161471 0.541788 0.0463416 0.0951257 0.0248156 0.130458
0.45243 0.29135 9.9982E-05 0.102012 0.154008 9.9982E-05
0.3551 0.511406 9.9982E-05 0.0800559 9.9982E-05 0.0532389
0.603365 0.157096 0.0285678 0.192776 9.9991E-05 0.0180951
0.0316571 0.587671 0.0749309 0.0840161 0.0393373 0.182387
9.9991E-05 0.469795 0.096737 0.121917 0.107142 0.204309
0.00357707 0.299944 0.000694418 0.0832193 9.9991E-05 0.612465
0.160423 0.504968 0.0703609 0.102823 0.0224768 0.138948
0.0245245 0.425439 0.240495 0.0807733 9.9991E-05 0.228668
0.0796584 0.498425 9.9991E-05 0.230295 0.184168 0.00735349
0.124515 0.46515 0.056224 0.0927458 0.0515876 0.209777
0.199653 9.9973E-05 9.9973E-05 0.298797 9.9973E-05 0.501251
0.143022 9.9973E-05 9.9973E-05 0.283268 9.9973E-05 0.57341
0.116424 0.247735 0.108836 0.133396 9.9991E-05 0.393508
0.222813 0.0152435 9.9982E-05 0.314693 9.9982E-05 0.44705
0.205756 9.9973E-05 9.9973E-05 0.430203 9.9973E-05 0.363741
0.0504069 0.485822 9.9991E-05 0.137405 0.000285751 0.325981
0.0832438 0.373059 9.9991E-05 0.300095 0.0616338 0.181868
0.134323 0.242862 9.9982E-05 0.306224 9.9982E-05 0.316391
0.0934717 0.192306 9.9982E-05 0.288547 9.9982E-05 0.425475
0.0216219 0.615147 9.9982E-05 0.137542 9.9982E-05 0.225489
0.101252 0.182129 9.9991E-05 0.220072 0.0747202 0.421728
0.0258877 9.9973E-05 9.9973E-05 0.472326 9.9973E-05 0.501487
0.105899 0.498336 0.0253336 0.155153 0.0553542 0.159924
0.27738 0.30552 0.0815525 0.159459 9.9991E-05 0.175989
0.125343 0.469739 0.0112358 0.34493 0.00155261 0.0471996
0.199474 0.611514 9.9973E-05 0.188712 9.9973E-05 9.9973E-05
0.175139 0.522669 9.9991E-05 0.171053 0.0903116 0.0407279
0.189634 0.532974 9.9982E-05 0.133021 9.9982E-05 0.144171
0.244267 0.336372 0.0562161 0.361474 9.9991E-05 0.00157088
0.106461 0.571786 9.9982E-05 0.283853 9.9982E-05 0.0377003
0.279933 0.437746 9.9982E-05 0.196535 0.0855866 9.9982E-05
0.240237 0.336448 9.9982E-05 0.278166 9.9982E-05 0.144948
0.150971 0.239456 0.0957293 0.169525 0.283955 0.0603642
0.111939 0.499442 0.0111979 0.200852 0.0877982 0.0887706
0.183517 0.498386 0.0188079 0.133778 0.165411 9.9991E-05
0.101971 0.58123 0.0609392 0.0538495 0.20191 9.9991E-05
0.233318 0.403407 0.00791282 0.313788 9.9991E-05 0.0414744
0.148117 0.579213 0.00301557 0.196721 9.9991E-05 0.0728333
0.17735 0.211752 9.9982E-05 0.363467 9.9982E-05 0.247231
0.196642 0.49733 9.9991E-05 0.145195 0.0951503 0.0655836
0.32747 0.226638 9.9982E-05 0.220804 9.9982E-05 0.224888
9.9982E-05 9.9982E-05 0.0693321 0.78819 0.122429 0.019848
9.9991E-05 0.0730826 0.716491 0.136347 0.0193055 0.0546732
9.996E-05 9.996E-05 0.9995 9.996E-05 9.996E-05 9.996E-05
9.996E-05 9.996E-05 0.9995 9.996E-05 9.996E-05 9.996E-05
0.0134926 0.0296138 0.956594 9.9973E-05 9.9973E-05 9.9973E-05
0.0485992 0.00407393 0.937728 0.00939879 9.9982E-05 9.9982E-05
9.9964E-05 0.0912853 0.908315 9.9964E-05 9.9964E-05 9.9964E-05
9.9964E-05 9.9964E-05 0.93833 0.0612704 9.9964E-05 9.9964E-05
9.9973E-05 0.00102952 0.832542 0.166128 9.9973E-05 9.9973E-05
9.9982E-05 0.0534439 0.0276459 0.911695 9.9982E-05 0.00701528
9.9982E-05 0.0588186 0.124081 0.809874 0.00702641 9.9982E-05
0.0330204 0.00856086 0.0120635 0.876263 0.0699926 9.9991E-05
9.9982E-05 0.0550885 0.0912909 0.818025 9.9982E-05 0.0353954
0.0822034 0.0184832 0.0647688 0.834345 9.9982E-05 9.9982E-05
0.0391962 9.9982E-05 0.0747447 0.838625 9.9982E-05 0.047234
0.106874 0.0700731 0.0871942 0.729076 9.9991E-05 0.00668255
0.0921061 0.0378112 0.0321618 0.837721 9.9982E-05 9.9982E-05
0.0484054 0.0556769 0.0479957 0.748337 0.0695977 0.0299877
0.0664518 9.9973E-05 9.9973E-05 0.904858 0.0283903 9.9973E-05
9.9973E-05 9.9973E-05 0.0423193 0.946122 0.0112587 9.9973E-05
0.0300795 0.0437263 0.041465 0.874717 9.9991E-05 0.00991222
0.0173207 9.9973E-05 0.0490331 0.933346 9.9973E-05 9.9973E-05
9.9982E-05 0.0711954 0.0156583 0.902352 9.9982E-05 0.0105939
0.0242019 0.05978 0.0248455 0.85062 0.0404526 9.9991E-05
0.0206201 0.107187 9.9973E-05 0.871893 9.9973E-05 9.9973E-05
0.0915918 0.124898 9.9973E-05 0.78321 9.9973E-05 9.9973E-05
0.113021 0.13158 9.9973E-05 0.7551 9.9973E-05 9.9973E-05
0.0779755 0.129778 9.9973E-05 0.791947 9.9973E-05 9.9973E-05
9.9991E-05 0.418951 0.104928 0.147218 0.0847274 0.244075
9.9991E-05 0.699339 0.0135504 0.0895484 0.0900092 0.107453
0.0615215 0.622856 9.9991E-05 0.150126 0.134651 0.0307465
9.9991E-05 0.194057 0.0398018 0.0080993 0.0579404 0.700001
9.9991E-05 0.548691 0.0558284 0.110338 0.0714601 0.213582
0.0290635 0.118346 9.9982E-05 0.121992 9.9982E-05 0.730398
0.0155228 0.642307 0.00288347 0.0883237 0.0367334 0.214229
9.9991E-05 0.43817 0.139657 0.0473471 0.120606 0.254119
9.9991E-05 0.53052 0.0899694 0.0430657 0.169182 0.167163
0.0345789 0.408754 0.0419028 0.0338869 0.372888 0.10799
9.9991E-05 0.480929 0.0967758 0.0875847 0.120453 0.214158
9.9982E-05 0.715919 9.9982E-05 0.0509654 0.0159367 0.216979
9.9991E-05 0.549722 0.0825304 0.0731655 0.0916093 0.202873
0.0800348 0.0812961 0.432253 9.9991E-05 0.142874 0.263442
9.9973E-05 0.00475182 0.0733054 9.9973E-05 9.9973E-05 0.921643
9.9982E-05 0.237444 0.0481268 0.0267444 9.9982E-05 0.687485
0.0341025 0.641659 0.0694017 0.111771 9.9991E-05 0.142966
9.9982E-05 0.578154 0.0731443 0.13486 9.9982E-05 0.213642
9.9982E-05 0.541411 9.9982E-05 0.0983203 0.0106326 0.349436
0.0512292 0.611734 9.9991E-05 0.107835 0.136329 0.0927727
0.202506 0.44206 9.9991E-05 0.155972 0.0891519 0.11021
0.15278 0.595703 0.0777869 0.17353 9.9982E-05 9.9982E-05
0.15243 0.150594 0.130031 0.425435 0.00459188 0.136919
0.0633248 0.616101 0.159095 0.0823208 0.00262197 0.0765369
0.118506 0.454502 0.0180245 0.25055 0.00986532 0.148552
0.193364 9.9973E-05 9.9973E-05 0.373396 9.9973E-05 0.43294
0.233676 0.293999 9.9991E-05 0.217747 0.080593 0.173884
0.183683 0.26753 9.9991E-05 0.325561 0.0925943 0.130532
0.0355043 0.480772 0.114974 0.330136 0.0304817 0.00813235
0.146564 0.474939 9.9991E-05 0.199003 0.124947 0.0544464
0.130489 0.600534 9.9982E-05 0.195714 9.9982E-05 0.0730627
0.0275069 0.714551 0.0162264 0.225443 9.9991E-05 0.0161721
0.228804 0.356885 9.9991E-05 0.112328 0.0406316 0.261252
0.14389 0.305608 9.9982E-05 0.451899 0.0984032 9.9982E-05
