0.0996029 9.999E-05 0.900297
0.0466002 9.9991E-05 0.9533
0.14823 0.0248051 0.826964
0.173639 9.9991E-05 0.826261
0.132961 9.9991E-05 0.866939
0.12095 0.225131 0.653919
0.0484851 0.052521 0.898994
0.0528093 0.16871 0.778481
9.9991E-05 0.0605271 0.939373
0.182902 0.077419 0.739679
0.00778001 0.201794 0.790426
0.174656 0.730242 0.0951023
0.299176 0.653299 0.0475242
0.119939 0.705423 0.174638
0.2664 0.593081 0.140519
0.340133 0.497947 0.16192
0.306048 0.692598 0.0013541
0.206796 0.609969 0.183235
9.9991E-05 0.77437 0.22553
0.257452 0.671364 0.0711841
0.292554 0.594699 0.112747
0.259138 0.684187 0.0566748
0.196436 0.658807 0.144756
0.345462 0.602544 0.0519948
0.15246 0.70432 0.14322
0.26905 0.610638 0.120313
0.115379 0.758366 0.126255
0.222811 9.9991E-05 0.777089
0.225813 9.9991E-05 0.774087
0.237196 9.9991E-05 0.762704
0.207092 0.0537159 0.739192
0.317202 0.682698 9.9991E-05
0.342162 0.657738 9.9991E-05
0.0096391 0.790933 0.199428
0.135226 0.839172 0.0256017
0.387054 0.612846 9.9991E-05
0.277354 0.624957 0.0976889
0.337408 0.575864 0.0867288
0.00188026 0.926951 0.071169
0.364599 0.615473 0.019928
0.135254 0.864646 9.9991E-05
9.9991E-05 0.833753 0.166147
9.9991E-05 0.887145 0.112755
0.0388652 0.847941 0.113194
0.0310067 0.75983 0.209163
0.312428 0.665822 0.0217497
0.185523 0.660262 0.154215
0.0643364 0.604888 0.330776
0.27993 0.642745 0.0773245
9.9991E-05 0.776616 0.223284
0.258378 0.741522 9.9991E-05
0.398841 0.601059 9.9991E-05
0.131909 0.735179 0.132912
0.25798 0.63239 0.10963
0.0663662 0.752221 0.181413
0.228536 0.771364 9.9991E-05
0.102367 0.897533 9.9991E-05
9.9991E-05 0.958578 0.041322
9.999E-05 0.9998 9.999E-05
0.0923276 0.901175 0.0064976
0.227626 0.772275 9.9991E-05
0.259837 0.740063 9.9991E-05
0.10887 0.804232 0.0868983
0.124333 0.85909 0.0165768
0.14857 0.820477 0.0309523
0.243601 0.724761 0.031638
0.175756 0.824144 9.9991E-05
9.9991E-05 0.917328 0.0825725
0.134818 0.0142369 0.850945
0.0902831 9.9991E-05 0.909617
0.133622 9.9991E-05 0.866278
0.100874 9.9991E-05 0.899026
0.135615 9.9991E-05 0.864285
0.15108 9.9991E-05 0.84882
0.119032 9.9991E-05 0.880868
9.9991E-05 0.960117 0.0397831
0.262025 0.737875 9.9991E-05
0.368375 0.628434 0.00319066
0.340513 0.659387 9.9991E-05
0.31254 0.68736 9.9991E-05
9.9991E-05 0.892755 0.107145
0.157675 0.812509 0.0298164
0.281599 0.718301 9.9991E-05
0.237039 0.69604 0.0669205
0.240984 0.758916 9.9991E-05
0.180742 0.73602 0.083238
0.0988721 0.742519 0.158608
0.282587 0.579194 0.138219
0.228337 0.692394 0.0792682
0.330079 0.641212 0.0287093
0.262537 0.668302 0.0691613
0.298815 0.70049 0.000694474
0.204985 0.731487 0.0635281
0.355575 0.644325 9.9991E-05
0.365706 0.634194 9.9991E-05
0.211725 0.605845 0.18243
0.319267 0.670043 0.0106902
0.395228 0.558531 0.0462412
0.164212 0.74695 0.088838
0.102765 0.768883 0.128351
0.0673302 0.893724 0.0389454
0.101753 0.762671 0.135576
0.130845 0.783698 0.0854574
0.113111 0.773671 0.113219
0.10171 0.797967 0.100323
0.348809 0.583305 0.0678856
0.105099 0.834471 0.0604302
0.36139 0.627815 0.0107955
9.9991E-05 0.701334 0.298566
0.188488 0.701975 0.109537
0.34351 0.562724 0.0937666
0.102613 0.699779 0.197608
0.0288453 0.799158 0.171997
0.212494 0.737227 0.0502781
0.121446 0.665156 0.213398
0.133618 0.866282 9.9991E-05
0.240241 0.759659 9.9991E-05
0.383241 0.251308 0.365451
0.18413 0.0794706 0.736399
0.171326 0.170712 0.657962
0.413648 0.137005 0.449347
0.358838 0.641062 9.9991E-05
0.855704 0.144196 9.9991E-05
0.164327 0.793997 0.041676
0.10976 0.796667 0.0935729
0.299421 0.700479 9.9991E-05
0.220885 0.718949 0.0601664
0.347852 0.640396 0.0117517
0.100182 0.800546 0.0992723
0.931136 9.9991E-05 0.0687637
0.968051 0.0318492 9.9991E-05
0.896136 0.0835617 0.020302
0.898949 0.0605065 0.0405448
0.9998 9.999E-05 9.999E-05
0.929731 9.9991E-05 0.0701687
0.928774 0.0463829 0.0248431
0.954634 0.0142921 0.0310741
0.9998 9.999E-05 9.999E-05
0.9998 9.999E-05 9.999E-05
0.885992 0.078584 0.0354239
0.838669 0.0600843 0.101247
0.977424 9.9991E-05 0.0224765
0.891101 0.0446906 0.0642088
0.932293 0.0130783 0.0546285
0.9998 9.999E-05 9.999E-05
0.957203 9.9991E-05 0.0426971
0.982542 9.9991E-05 0.0173581
0.761615 0.159976 0.0784088
0.931457 9.9991E-05 0.068443
0.0911821 0.451477 0.457341
0.26864 0.519731 0.211629
0.318669 0.453215 0.228116
0.217143 0.468218 0.314639
0.223038 0.429129 0.347833
0.343176 0.44937 0.207454
0.38757 0.430911 0.181518
0.40484 0.398915 0.196245
0.0616699 0.068942 0.869388
0.0817025 9.9991E-05 0.918197
9.999E-05 9.999E-05 0.9998
0.0479956 9.9991E-05 0.951904
0.110191 9.9991E-05 0.889709
0.142432 9.9991E-05 0.857468
0.167347 9.9991E-05 0.832553
0.0915917 0.00750698 0.900901
0.0959411 0.00724428 0.896815
0.163143 9.9991E-05 0.836757
0.0256245 0.303221 0.671154
9.9991E-05 0.301919 0.697981
9.9991E-05 0.330908 0.668992
9.9991E-05 0.424067 0.575833
0.319987 0.679913 9.9991E-05
0.277733 0.651932 0.0703349
0.219506 0.77906 0.00143311
0.00468192 0.846061 0.149257
0.377024 0.622876 9.9991E-05
0.308467 0.691433 9.9991E-05
0.254676 0.745224 9.9991E-05
0.241557 0.758343 9.9991E-05
0.196939 0.802961 9.9991E-05
9.999E-05 0.9998 9.999E-05
0.115152 0.847883 0.0369647
0.257686 0.742214 9.9991E-05
9.9991E-05 0.911084 0.0888162
9.9991E-05 0.648889 0.351011
9.9991E-05 0.703368 0.296532
9.9991E-05 0.735409 0.264491
9.9991E-05 0.69133 0.30857
9.9991E-05 0.743481 0.256419
0.0135785 0.701322 0.285099
0.167589 9.9991E-05 0.832311
0.122413 0.0163925 0.861195
0.227478 0.0100374 0.762485
0.205916 0.0315677 0.762516
0.229398 9.9991E-05 0.770502
9.9991E-05 0.486248 0.513652
9.9991E-05 0.404205 0.595695
9.9991E-05 0.398154 0.601746
0.222264 9.9991E-05 0.777636
9.9991E-05 0.464553 0.535347
0.525145 0.231278 0.243576
0.585151 0.277475 0.137374
0.441429 0.312167 0.246405
0.396632 0.0739069 0.529462
0.22735 0.714854 0.0577964
0.149703 0.826369 0.0239279
0.126339 0.66866 0.205002
0.211049 0.735201 0.0537493
9.9991E-05 0.941894 0.0580056
0.241142 0.691795 0.0670624
0.0838709 0.773047 0.143082
9.9991E-05 0.930505 0.0693945
0.275108 0.695428 0.0294638
0.28742 0.71248 9.9991E-05
0.399381 0.49426 0.106359
0.20169 0.784891 0.013419
0.186197 0.728478 0.0853255
0.299123 0.700777 9.9991E-05
0.270554 0.709235 0.0202109
0.420873 0.546703 0.0324237
0.227708 9.9991E-05 0.772192
0.144918 0.0199135 0.835169
0.0823054 0.0865157 0.831179
0.101774 0.0918858 0.80634
0.114397 0.0550084 0.830595
0.0704419 0.782119 0.147439
0.383924 0.615976 9.9991E-05
0.291236 0.639075 0.0696891
0.174258 0.709461 0.116281
9.9991E-05 0.721601 0.278299
0.298162 0.660107 0.0417312
0.0588793 0.721284 0.219836
0.272755 0.671201 0.0560443
0.0315597 0.688053 0.280387
0.0576061 0.748307 0.194087
0.22579 0.691867 0.0823426
0.125072 0.812217 0.0627109
0.245653 0.683329 0.0710185
0.123829 0.871119 0.00505144
0.310741 0.668219 0.0210404
0.00907609 0.95011 0.0408139
0.0905815 0.877552 0.0318667
0.208531 0.744893 0.0465757
9.9991E-05 0.928563 0.0713368
0.269416 0.730484 9.9991E-05
9.9991E-05 0.815603 0.184297
0.119068 0.880832 9.9991E-05
0.24578 0.638627 0.115593
0.383156 0.612121 0.00472336
0.0706773 0.891247 0.0380755
0.352716 0.640868 0.00641593
0.275398 0.655288 0.0693139
0.199045 0.698933 0.102022
0.197029 0.721758 0.0812133
0.327833 0.67105 0.00111701
0.196024 0.673158 0.130818
0.353995 0.632175 0.0138303
0.193343 0.662402 0.144255
0.225344 0.696435 0.0782216
0.379265 0.29945 0.321285
0.486833 0.397982 0.115185
0.443506 0.535797 0.0206964
0.470422 0.337308 0.192269
0.236091 0.763809 9.9991E-05
0.184652 0.501561 0.313787
0.497761 0.43075 0.0714889
0.480023 0.44691 0.0730673
0.311481 0.512014 0.176505
0.468161 0.376451 0.155388
0.217047 0.156998 0.625955
0.535249 0.337621 0.127131
0.405296 0.490175 0.104528
0.332762 0.593625 0.0736137
9.999E-05 0.9998 9.999E-05
9.9991E-05 0.913391 0.0865091
0.569543 0.315071 0.115386
0.550298 0.29946 0.150242
0.38315 0.31835 0.2985
0.480207 0.30133 0.218463
0.156765 0.650938 0.192297
0.229846 0.592826 0.177328
0.410546 0.589354 9.9991E-05
0.413976 0.55958 0.0264442
0.298903 0.63615 0.0649469
0.366962 0.571159 0.0618784
0.383188 0.609369 0.00744302
0.137125 0.832462 0.0304138
0.243988 0.744741 0.0112714
0.243827 0.702018 0.0541554
0.25111 0.74879 9.9991E-05
0.0934702 0.871331 0.0351984
0.360325 0.629635 0.0100396
0.128099 0.824541 0.04736
0.282146 0.717754 9.9991E-05
0.464419 0.346346 0.189235
0.382541 0.380969 0.23649
0.179854 0.551226 0.26892
0.551285 0.38254 0.0661744
0.150459 0.297425 0.552116
0.502348 0.430643 0.0670093
9.9991E-05 0.990978 0.00892192
9.9991E-05 0.966543 0.0333566
0.180743 0.819157 9.9991E-05
0.378311 0.621589 9.9991E-05
0.12412 0.87578 9.9991E-05
0.233226 0.766674 9.9991E-05
0.268613 0.731287 9.9991E-05
0.164859 0.0795749 0.755566
0.159647 0.0668559 0.773497
0.134217 9.9991E-05 0.865683
0.095575 9.9991E-05 0.904325
0.243247 0.734786 0.0219671
0.184852 0.815048 9.9991E-05
0.136095 0.809191 0.0547139
0.325724 0.674176 9.9991E-05
0.174425 0.825475 9.9991E-05
0.407964 0.383936 0.2081
0.287081 0.712819 9.9991E-05
0.134032 0.865868 9.9991E-05
0.253717 0.746183 9.9991E-05
0.238099 0.761801 9.9991E-05
0.290344 0.709556 9.9991E-05
9.999E-05 0.9998 9.999E-05
0.119078 0.880822 9.9991E-05
0.157009 0.842891 9.9991E-05
9.999E-05 0.9998 9.999E-05
0.250425 0.703978 0.0455969
0.0604038 0.895716 0.0438798
9.9991E-05 0.954473 0.0454268
0.338081 0.634885 0.0270332
0.0710965 0.870696 0.0582076
0.273671 0.70465 0.0216794
0.269449 0.712262 0.0182893
0.215973 0.770565 0.0134623
0.241591 0.758309 9.9991E-05
0.236905 0.703493 0.0596023
0.151054 0.848846 9.9991E-05
9.9991E-05 0.230937 0.768963
0.066494 0.155746 0.777759
9.9991E-05 0.0837797 0.91612
9.9991E-05 0.116255 0.883645
9.9991E-05 0.190237 0.809663
0.0414629 0.870233 0.0883043
0.0270317 0.886821 0.0861475
0.0720105 0.92789 9.9991E-05
0.148267 0.806765 0.0449673
0.35287 0.64703 9.9991E-05
0.196202 0.765329 0.0384686
0.288885 0.711015 9.9991E-05
0.114301 0.88264 0.00305834
0.169273 0.830627 9.9991E-05
0.131854 0.868046 9.9991E-05
0.382398 0.577221 0.0403805
0.197809 0.791898 0.0102926
0.253202 0.746698 9.9991E-05
0.657036 0.249403 0.0935609
0.706666 0.107094 0.18624
0.25847 0.709523 0.0320078
0.70968 9.9991E-05 0.29022
0.687061 0.182665 0.130275
0.351767 0.471205 0.177028
0.301692 0.580799 0.11751
0.248338 0.615674 0.135988
0.703937 0.0720071 0.224056
0.732658 0.12753 0.139811
0.701578 0.146145 0.152277
0.709748 0.136298 0.153954
0.316921 0.599122 0.083957
0.73568 0.0408215 0.223499
0.0445688 0.707186 0.248246
0.394023 0.605877 9.9991E-05
0.306144 0.635709 0.058147
0.244519 0.58168 0.173801
0.422839 0.415653 0.161509
0.507737 0.305017 0.187246
0.733812 0.0125229 0.253665
0.200976 0.661431 0.137593
0.134916 0.62067 0.244413
0.209698 0.644043 0.146259
0.387227 0.405552 0.207221
0.164566 0.348831 0.486602
0.144912 0.308662 0.546427
0.260449 0.48767 0.251881
0.269491 0.340951 0.389558
0.307724 0.163099 0.529177
0.343979 0.475101 0.18092
0.363716 0.453717 0.182567
0.292912 0.357839 0.349249
0.234513 0.372177 0.393309
0.368062 0.469435 0.162503
0.21808 0.489037 0.292882
0.122949 0.243719 0.633332
0.394261 0.422429 0.18331
0.394386 0.333762 0.271852
0.620248 0.307638 0.0721144
0.502791 0.339494 0.157715
0.390333 0.236368 0.373299
0.461274 0.353045 0.185681
0.506512 0.207714 0.285775
0.445914 0.311309 0.242777
0.304091 0.510402 0.185508
0.473156 0.259756 0.267088
0.323741 0.245029 0.431229
0.482691 0.207621 0.309687
0.00979027 0.1101 0.88011
9.9991E-05 0.701992 0.297908
9.9991E-05 0.725912 0.273988
9.9991E-05 0.692616 0.307284
9.9991E-05 0.808539 0.191361
9.9991E-05 0.743798 0.256102
9.9991E-05 0.804025 0.195875
9.9991E-05 0.735408 0.264492
9.9991E-05 0.570597 0.429303
0.0758264 0.00226422 0.921909
0.0851446 0.079027 0.835828
0.110847 9.9991E-05 0.889053
0.0806334 0.0797758 0.839591
0.109682 9.9991E-05 0.890218
0.0817785 0.0242795 0.893942
0.196095 0.061302 0.742603
0.152369 9.9991E-05 0.847531
0.130608 0.142821 0.726571
0.129862 9.9991E-05 0.870038
0.0214754 9.9991E-05 0.978425
0.153459 9.9991E-05 0.846441
0.0452643 9.9991E-05 0.954636
0.112171 9.9991E-05 0.887729
0.167698 9.9991E-05 0.832202
0.188842 9.9991E-05 0.811058
0.247018 9.9991E-05 0.752882
0.243971 9.9991E-05 0.755929
0.207147 9.9991E-05 0.792753
0.215035 0.604829 0.180137
0.336889 0.663011 9.9991E-05
0.0679681 0.803479 0.128553
0.257865 0.610544 0.131591
0.0890991 0.701833 0.209068
0.355054 0.533902 0.111044
0.151051 0.730353 0.118596
0.229394 0.68701 0.0835964
0.338312 0.661588 9.9991E-05
0.217698 0.653166 0.129136
0.275471 0.635557 0.0889714
0.0299235 0.878124 0.0919527
9.9991E-05 0.803089 0.196811
0.0484335 0.771816 0.179751
0.259546 0.653515 0.0869383
0.30922 0.610813 0.0799677
0.467723 0.37236 0.159917
0.448937 0.402018 0.149044
0.213724 0.291447 0.494829
0.30985 0.43862 0.251531
0.229228 0.242997 0.527774
0.438015 0.316467 0.245518
0.358924 0.313077 0.327998
0.349066 0.387484 0.26345
0.455893 0.371978 0.172129
0.342963 0.448377 0.20866
0.386328 0.199549 0.414123
