0.871251 9.9991E-05 0.128649
0.947816 9.9991E-05 0.0520839
0.762357 0.0595696 0.178073
0.808512 0.0370589 0.154429
0.865343 9.9991E-05 0.134557
0.699636 0.211049 0.0893149
0.917742 0.0424042 0.0398533
0.768676 0.154524 0.0767995
0.923112 0.076788 9.9991E-05
0.74754 0.0710892 0.181371
0.773081 0.197134 0.0297851
0.100844 0.774905 0.124251
0.084226 0.647682 0.268092
0.128215 0.722855 0.14893
0.152345 0.562301 0.285354
0.176123 0.567792 0.256085
0.00786571 0.726091 0.266043
0.187286 0.59594 0.216774
0.228002 0.771898 9.9991E-05
0.0471043 0.714502 0.238394
0.131349 0.608049 0.260601
0.0608945 0.6657 0.273405
0.120851 0.692347 0.186802
0.0427411 0.594621 0.362638
0.136739 0.69872 0.16454
0.107829 0.616494 0.275677
0.114659 0.787925 0.0974166
0.808927 9.9991E-05 0.190973
0.774818 9.9991E-05 0.225082
0.772623 0.0306749 0.196702
0.728814 0.0545591 0.216627
0.00121313 0.699931 0.298855
9.9991E-05 0.665998 0.333902
0.228434 0.745483 0.0260822
9.9991E-05 0.85017 0.14973
9.9991E-05 0.629528 0.370372
0.0952234 0.599607 0.30517
0.051159 0.630851 0.31799
0.0280393 0.896149 0.075812
9.9991E-05 0.579224 0.420676
9.9991E-05 0.840601 0.159299
0.153506 0.846394 9.9991E-05
0.114486 0.878938 0.00657525
0.156064 0.817393 0.0265424
0.198717 0.759379 0.0419036
0.0186195 0.721686 0.259694
0.189942 0.621313 0.188745
0.343778 0.60313 0.0530914
0.0691537 0.647783 0.283063
0.22531 0.77459 9.9991E-05
0.00633273 0.707373 0.286294
0.0262403 0.587071 0.386689
0.0969908 0.730628 0.172382
0.0285741 0.718386 0.25304
0.166023 0.823042 0.0109347
9.9991E-05 0.789025 0.210875
0.0134625 0.913595 0.0729422
0.048876 0.951024 9.9991E-05
9.999E-05 0.9998 9.999E-05
9.9991E-05 0.910309 0.0895914
9.9991E-05 0.76838 0.23152
9.9991E-05 0.758343 0.241557
0.069556 0.81935 0.111094
0.107935 0.80145 0.0906148
0.00383201 0.811961 0.184207
0.0586075 0.737089 0.204304
9.9991E-05 0.797595 0.202305
0.0789123 0.920988 9.9991E-05
0.790862 0.0821698 0.126968
0.895016 9.9991E-05 0.104884
0.863278 9.9991E-05 0.136622
0.874746 9.9991E-05 0.125154
0.85792 9.9991E-05 0.14198
0.859075 9.9991E-05 0.140825
0.895823 9.9991E-05 0.104077
0.024425 0.975475 9.9991E-05
0.0405483 0.731453 0.227999
0.026505 0.600144 0.373351
0.0170057 0.677108 0.305886
9.9991E-05 0.65489 0.34501
0.113337 0.886563 9.9991E-05
0.0209675 0.882419 0.0966139
9.9991E-05 0.758784 0.241116
9.9991E-05 0.786206 0.213694
9.9991E-05 0.779103 0.220797
0.102411 0.757556 0.140033
0.133897 0.766929 0.099174
0.15588 0.592469 0.251651
0.110178 0.725686 0.164137
9.9991E-05 0.708037 0.291863
0.00573901 0.75321 0.241051
0.0557164 0.695254 0.24903
0.0255533 0.75885 0.215597
9.9991E-05 0.631277 0.368623
9.9991E-05 0.645503 0.354397
0.172476 0.659893 0.167631
9.9991E-05 0.625331 0.374569
9.9991E-05 0.600204 0.399696
0.13082 0.781412 0.0877681
0.110751 0.788121 0.101128
0.0569926 0.880962 0.0620458
0.111 0.829847 0.0591521
0.0501959 0.727095 0.222709
0.0988381 0.854469 0.0466924
0.0758265 0.788937 0.135237
9.9991E-05 0.627364 0.372536
0.130442 0.792897 0.0766612
0.061388 0.647289 0.291322
0.264459 0.735441 9.9991E-05
0.128417 0.685798 0.185785
0.0772842 0.556646 0.36607
0.156714 0.755993 0.087293
0.176378 0.819011 0.00461081
0.0695588 0.710824 0.219618
0.198379 0.677545 0.124076
0.00323326 0.86012 0.136647
0.0297498 0.742827 0.227423
0.385826 0.244652 0.369522
0.719348 0.0716261 0.209026
0.620215 0.215777 0.164007
0.448677 0.136325 0.414999
9.9991E-05 0.653027 0.346873
9.9991E-05 0.0979222 0.901978
0.0196812 0.834186 0.146133
0.102286 0.80811 0.0896038
9.9991E-05 0.67977 0.32013
9.9991E-05 0.731898 0.268002
0.000723969 0.662414 0.336862
0.0558842 0.85217 0.0919456
0.0295439 9.9991E-05 0.970356
0.0222873 0.00387006 0.973843
0.00223657 0.107992 0.889771
0.0332202 0.113328 0.853451
9.999E-05 9.999E-05 0.9998
0.0871004 9.9991E-05 0.9128
9.9991E-05 0.0519616 0.947938
0.0187019 9.9991E-05 0.981198
0.0146014 9.9991E-05 0.985299
9.999E-05 9.999E-05 0.9998
0.0803637 0.0583616 0.861275
0.081881 0.0191309 0.898988
0.0113586 9.9991E-05 0.988541
0.082762 0.0750864 0.842152
0.0759801 9.9991E-05 0.92392
0.0297992 9.9991E-05 0.970101
0.0793926 9.9991E-05 0.920507
0.0151554 9.9991E-05 0.984745
0.0743298 0.187036 0.738634
0.0580924 9.9991E-05 0.941808
0.446849 0.470393 0.0827576
0.177387 0.564772 0.257841
0.237231 0.443278 0.319491
0.297569 0.471587 0.230843
0.319933 0.423586 0.256481
0.161062 0.441907 0.397031
0.171438 0.409782 0.41878
0.225466 0.346107 0.428427
0.874273 0.0691669 0.05656
0.900401 9.9991E-05 0.0994989
0.964685 9.9991E-05 0.0352147
0.944152 9.9991E-05 0.0557478
0.901506 9.9991E-05 0.0983935
0.884155 9.9991E-05 0.115745
0.878558 9.9991E-05 0.121342
0.937675 0.0180521 0.0442725
0.890657 9.9991E-05 0.109243
0.854628 9.9991E-05 0.145272
0.681174 0.318726 9.9991E-05
0.716049 0.283851 9.9991E-05
0.634873 0.365027 9.9991E-05
0.580282 0.419618 9.9991E-05
9.9991E-05 0.683241 0.316659
0.0243455 0.7031 0.272554
0.080377 0.735968 0.183655
0.119983 0.869319 0.0106976
0.00903863 0.651935 0.339026
9.9991E-05 0.665727 0.334173
9.9991E-05 0.725708 0.274192
9.9991E-05 0.795626 0.204274
0.0408487 0.750232 0.20892
0.00937815 0.990522 9.9991E-05
0.039625 0.83553 0.124845
9.9991E-05 0.725096 0.274804
0.0936449 0.894389 0.0119659
0.351885 0.648015 9.9991E-05
0.289737 0.710163 9.9991E-05
0.251783 0.748117 9.9991E-05
0.331996 0.667904 9.9991E-05
0.220496 0.779404 9.9991E-05
0.315334 0.68441 0.000255145
0.835662 0.0129546 0.151383
0.820664 0.0475957 0.13174
0.766877 9.9991E-05 0.233023
0.806315 9.9991E-05 0.193585
0.768841 0.0511972 0.179962
0.562132 0.437768 9.9991E-05
0.560527 0.439373 9.9991E-05
0.602451 0.397449 9.9991E-05
0.794066 9.9991E-05 0.205834
0.503725 0.496175 9.9991E-05
0.17919 0.27433 0.54648
0.144738 0.210325 0.644936
0.228914 0.276973 0.494113
0.50892 0.120648 0.370432
0.0221969 0.791195 0.186608
0.0900051 0.738537 0.171458
0.217783 0.713468 0.0687489
0.0205142 0.747065 0.23242
0.0602605 0.939639 9.9991E-05
0.0331441 0.69695 0.269906
0.129562 0.78029 0.0901477
0.115547 0.879642 0.00481028
9.9991E-05 0.687156 0.312744
0.0342728 0.708836 0.256892
0.161634 0.480521 0.357845
0.0168393 0.791879 0.191282
0.0266811 0.778779 0.19454
0.0220738 0.658933 0.318993
9.9991E-05 0.720005 0.279895
0.0233886 0.586369 0.390242
0.69522 0.0329384 0.271841
0.83588 0.0116026 0.152517
0.834389 0.116378 0.0492332
0.780139 0.0939007 0.12596
0.822825 9.9991E-05 0.177075
0.148464 0.774479 0.0770571
0.0291949 0.557397 0.413408
0.13481 0.639119 0.226071
0.0847808 0.746704 0.168515
0.295344 0.704556 9.9991E-05
0.0435303 0.671928 0.284541
0.175103 0.758528 0.0663688
0.0925482 0.640584 0.266868
0.281703 0.718197 9.9991E-05
0.212223 0.716007 0.0717708
0.109215 0.702886 0.187898
0.0952727 0.723577 0.181151
0.0619514 0.697923 0.240125
0.0503454 0.849262 0.100393
0.0526997 0.649216 0.298084
0.0501679 0.949732 9.9991E-05
0.0474174 0.893311 0.0592713
0.0557231 0.650009 0.294268
0.0897822 0.910118 9.9991E-05
0.0300578 0.749605 0.220337
0.177788 0.817377 0.00483459
9.9991E-05 0.895593 0.104307
0.0950692 0.693459 0.211471
9.9991E-05 0.650221 0.349679
0.0746984 0.836336 0.0889658
9.9991E-05 0.662043 0.337857
0.081798 0.703336 0.214866
0.0578421 0.801532 0.140626
0.0473079 0.71654 0.236152
9.9991E-05 0.687315 0.312585
0.0707426 0.672646 0.256611
9.9991E-05 0.661709 0.338191
0.16886 0.645588 0.185552
0.094294 0.597768 0.307938
0.303197 0.266659 0.430145
0.126644 0.375571 0.497784
0.0373673 0.532495 0.430138
0.0908269 0.407078 0.502095
9.9991E-05 0.710813 0.289087
0.323137 0.48019 0.196673
0.0851671 0.458514 0.456319
0.110881 0.440133 0.448987
0.195667 0.51537 0.288963
0.115797 0.376234 0.507969
0.631497 0.130511 0.237992
0.0798006 0.378355 0.541844
0.176785 0.46876 0.354455
9.9991E-05 0.701207 0.298693
0.0138961 0.986004 9.9991E-05
0.0749514 0.924949 9.9991E-05
0.121049 0.328949 0.550003
0.111291 0.308768 0.579941
0.268438 0.315131 0.416431
0.158156 0.330301 0.511543
0.170534 0.675709 0.153757
0.198321 0.633167 0.168512
9.9991E-05 0.581727 0.418173
0.00249846 0.53602 0.461482
0.101694 0.645638 0.252668
0.0419988 0.566764 0.391237
9.9991E-05 0.591246 0.408654
9.9991E-05 0.833755 0.166145
0.00869994 0.786882 0.204418
0.0610783 0.715688 0.223234
0.0381515 0.723707 0.238142
9.9991E-05 0.87005 0.12985
9.9991E-05 0.613597 0.386303
0.0367675 0.840138 0.123094
0.0237763 0.780558 0.195665
0.167556 0.361407 0.471037
0.196224 0.423465 0.380311
0.326717 0.546208 0.127076
9.9991E-05 0.422784 0.577116
0.541617 0.289561 0.168822
0.00620881 0.490511 0.503281
9.9991E-05 0.990386 0.00951419
0.0098975 0.990003 9.9991E-05
9.9991E-05 0.711459 0.288441
9.9991E-05 0.609172 0.390728
9.9991E-05 0.824944 0.174956
9.9991E-05 0.702932 0.296968
9.9991E-05 0.678998 0.320902
0.788026 0.0690432 0.142931
0.805317 0.0586957 0.135987
0.873262 9.9991E-05 0.126638
0.902632 9.9991E-05 0.0972678
0.0585421 0.713689 0.227769
9.9991E-05 0.745638 0.254262
0.0963326 0.803923 0.0997447
9.9991E-05 0.660877 0.339023
9.9991E-05 0.820525 0.179375
0.199069 0.321391 0.47954
9.9991E-05 0.740838 0.259062
9.9991E-05 0.81529 0.18461
9.9991E-05 0.705529 0.294371
0.0264552 0.773369 0.200176
9.9991E-05 0.673339 0.326561
9.9991E-05 0.962534 0.0373658
9.9991E-05 0.834088 0.165813
0.0377991 0.808007 0.154194
9.999E-05 0.9998 9.999E-05
0.0555851 0.683533 0.260882
0.0354885 0.918974 0.0455377
0.0261254 0.973775 9.9991E-05
9.9991E-05 0.714879 0.285021
0.0456624 0.833279 0.121059
9.9991E-05 0.711118 0.288782
9.9991E-05 0.752654 0.247246
0.0316609 0.760911 0.207428
9.9991E-05 0.682685 0.317215
9.9991E-05 0.693166 0.306734
9.9991E-05 0.851234 0.148666
0.785264 0.214636 9.9991E-05
0.775043 0.150048 0.0749093
0.938157 0.0617434 9.9991E-05
0.911285 0.0886146 9.9991E-05
0.813379 0.186521 9.9991E-05
0.0821506 0.885685 0.0321644
0.158884 0.841016 9.9991E-05
9.9991E-05 0.92087 0.0790304
0.00877434 0.809705 0.18152
9.9991E-05 0.619102 0.380798
9.9991E-05 0.736646 0.263254
9.9991E-05 0.746178 0.253722
9.9991E-05 0.89551 0.10439
0.018039 0.814728 0.167232
9.9991E-05 0.869846 0.130054
0.0840148 0.60284 0.313145
0.0156555 0.781707 0.202638
9.9991E-05 0.753699 0.246201
0.0874486 0.190278 0.722274
0.181567 0.158677 0.659757
0.00272136 0.676246 0.321032
0.275334 9.9991E-05 0.724566
0.178065 0.161448 0.660488
0.140646 0.415094 0.44426
0.116164 0.638465 0.245371
0.149287 0.577704 0.27301
0.151247 0.202258 0.646495
0.0545531 0.168869 0.776578
0.153562 0.176128 0.67031
0.106331 0.120994 0.772675
0.134162 0.626779 0.239059
0.150779 0.092725 0.756496
0.226516 0.707475 0.0660089
0.0150232 0.588084 0.396893
0.161708 0.460285 0.378007
0.134254 0.611465 0.254281
0.237203 0.378644 0.384153
0.233152 0.290492 0.476357
0.250949 0.0436291 0.705422
0.138756 0.701115 0.160129
0.200361 0.619133 0.180507
0.130606 0.6248 0.244594
0.213853 0.382194 0.403953
0.437842 0.371913 0.190245
0.465386 0.388996 0.145618
0.186177 0.520831 0.292992
0.409271 0.377077 0.213652
0.54656 0.183077 0.270364
0.144429 0.452614 0.402957
0.200835 0.439569 0.359596
0.365899 0.34023 0.293871
0.381063 0.404177 0.21476
0.117079 0.484987 0.397934
0.276437 0.492978 0.230585
0.610677 0.281716 0.107607
0.153919 0.41952 0.426562
0.250618 0.322372 0.42701
0.0738084 0.316428 0.609763
0.120522 0.335766 0.543713
0.31565 0.235371 0.448978
0.136586 0.372137 0.491278
0.241544 0.272457 0.485999
0.248216 0.309007 0.442777
0.230574 0.507074 0.262352
0.247567 0.262307 0.490126
0.408824 0.216438 0.374737
0.255501 0.210794 0.533705
0.841995 0.13627 0.0217347
0.297115 0.702785 9.9991E-05
0.291469 0.708431 9.9991E-05
0.254694 0.745206 9.9991E-05
0.238648 0.761252 9.9991E-05
0.295572 0.704328 9.9991E-05
0.175477 0.824423 9.9991E-05
0.271529 0.728371 9.9991E-05
0.445098 0.554802 9.9991E-05
0.887826 0.0121032 0.100071
0.811452 0.07417 0.114378
0.860632 9.9991E-05 0.139268
0.831934 0.087493 0.0805732
0.89949 9.9991E-05 0.10041
0.893024 0.0169089 0.0900672
0.711228 0.0667323 0.222039
0.825302 0.0109572 0.163741
0.759357 0.133665 0.106978
0.868839 9.9991E-05 0.131061
0.973451 9.9991E-05 0.0264492
0.843915 9.9991E-05 0.155985
0.971947 9.9991E-05 0.0279526
0.881615 9.9991E-05 0.118285
0.841231 9.9991E-05 0.158669
0.78228 9.9991E-05 0.21762
0.717282 9.9991E-05 0.282618
0.781302 9.9991E-05 0.218598
0.772867 0.00371916 0.223413
0.197082 0.609489 0.193429
0.0312874 0.622182 0.346531
0.164119 0.760514 0.075367
0.139278 0.530095 0.330627
0.226895 0.681451 0.0916538
0.0804495 0.511316 0.408234
0.147505 0.678785 0.17371
0.0778815 0.679922 0.242196
0.0499425 0.67631 0.273747
0.0920535 0.680238 0.227709
0.0692687 0.565495 0.365236
0.110154 0.875571 0.0142759
0.190991 0.808909 9.9991E-05
0.204102 0.774599 0.0212986
0.0867043 0.58945 0.323846
0.0657563 0.60526 0.328983
0.135704 0.420139 0.444157
0.138624 0.34441 0.516966
0.472079 0.29255 0.235371
0.216141 0.403608 0.380251
0.498434 0.26476 0.236806
0.246621 0.276012 0.477367
0.3407 0.270312 0.388988
0.279665 0.393159 0.327176
0.173707 0.366878 0.459415
0.194563 0.422521 0.382916
0.43174 0.203125 0.365134
