0.845858 0.0951711 0.0588709 9.9991E-05
0.959345 9.9982E-05 9.9982E-05 0.0404554
0.80839 0.0653008 0.124443 0.0018661
0.827693 0.0822882 0.089919 9.9991E-05
0.893786 0.0343627 0.0717512 9.9991E-05
0.66665 0.0972832 0.0870963 0.148971
0.872011 0.0542913 0.0157143 0.057983
0.760511 0.0922953 0.0158891 0.131305
0.889575 0.110225 9.9982E-05 9.9982E-05
0.71517 0.0639864 0.154939 0.065905
0.740214 0.138045 0.0449954 0.0767455
9.999E-05 0.53723 0.185366 0.277303
9.999E-05 0.397306 0.30805 0.294544
0.0721927 0.540854 0.196904 0.190049
0.025767 0.462899 0.311667 0.199667
0.141833 0.294305 0.308071 0.255792
0.0291391 0.227714 0.233482 0.509664
0.103399 0.385821 0.27741 0.23337
0.0502674 0.725096 0.0492944 0.175342
9.9991E-05 0.353519 0.296591 0.349789
9.9991E-05 0.344568 0.25598 0.399352
9.9991E-05 0.359425 0.303304 0.337171
0.0351908 0.397431 0.230338 0.33704
9.9991E-05 0.316633 0.353242 0.330025
0.0689875 0.520297 0.163951 0.246765
0.0738712 0.457515 0.288252 0.180362
0.0202664 0.51392 0.132841 0.332973
0.815182 9.9982E-05 0.184618 9.9982E-05
0.802574 0.0319281 0.165398 9.9991E-05
0.788178 0.0809292 0.130792 9.9991E-05
0.769187 9.9991E-05 0.175364 0.0553494
9.9991E-05 0.130833 0.273329 0.595739
9.99873E-05 9.99873E-05 0.312766 0.687034
0.110884 0.649 0.0451659 0.19495
9.9991E-05 0.0856796 0.116989 0.797231
9.9991E-05 0.126484 0.334563 0.538853
0.0671724 0.200071 0.274682 0.458075
0.0381832 0.217783 0.292782 0.451252
0.0327269 0.224998 0.0163509 0.725924
0.0357736 0.114494 0.341454 0.508278
9.9991E-05 0.00582678 0.0896622 0.904411
0.16807 9.9982E-05 9.9982E-05 0.83173
9.9982E-05 0.524685 9.9982E-05 0.475115
0.1325 0.208144 9.9991E-05 0.659256
0.127992 0.352001 0.0241649 0.495842
0.000156743 0.302659 0.316873 0.38031
0.123489 0.331353 0.157877 0.387282
0.244612 0.406703 0.0908707 0.257814
0.0664309 0.283871 0.304351 0.345347
0.118038 0.589908 9.9991E-05 0.291954
9.9991E-05 0.412356 0.244065 0.343478
9.9991E-05 0.131759 0.356154 0.511987
0.0451087 0.331592 0.182535 0.440764
0.0599138 0.261549 0.259748 0.418789
0.0672267 0.489161 0.0375596 0.406053
9.9991E-05 0.186812 0.166687 0.646402
9.9991E-05 0.21412 0.0639046 0.721875
0.0537214 0.00576784 9.9991E-05 0.940411
0.0223009 0.0174618 9.9991E-05 0.960137
9.9991E-05 0.0527418 0.0927023 0.854456
9.9991E-05 0.0859629 0.239835 0.674102
0.023063 0.0781436 0.21691 0.681883
9.9991E-05 0.357334 0.0884855 0.554081
0.0375358 0.311059 0.060478 0.590928
0.0586533 0.159335 0.159273 0.622739
0.0401071 0.131791 0.194795 0.633307
0.043882 0.0389918 0.0834221 0.833704
0.108462 9.9982E-05 9.9982E-05 0.891338
0.815137 0.0831429 0.10162 9.9991E-05
0.924511 9.9982E-05 0.0752887 9.9982E-05
0.877654 9.9982E-05 0.122146 9.9982E-05
0.929926 9.9991E-05 0.0649346 0.00503929
0.870902 9.9991E-05 0.0748694 0.0541289
0.890796 9.9991E-05 0.0805458 0.028558
0.94742 9.9991E-05 0.0495406 0.0029394
0.0468606 0.152796 9.9991E-05 0.800244
9.9991E-05 0.228508 0.183689 0.587703
0.0350422 0.00730885 0.282437 0.675212
0.0420051 0.0395638 0.27159 0.646842
9.9982E-05 9.9982E-05 0.280423 0.719377
0.0868331 0.242572 9.9991E-05 0.670494
0.0704477 0.0116755 0.0914769 0.8264
0.0155543 9.9991E-05 0.221644 0.762702
9.9991E-05 0.265059 0.196534 0.538307
9.9991E-05 0.0657899 0.213647 0.720464
0.0293322 0.202477 0.148287 0.619904
0.119459 0.374583 0.0549818 0.450976
0.0464485 0.443128 0.298484 0.21194
0.0350574 0.3766 0.212987 0.375356
0.00482205 0.442411 0.309794 0.242973
9.9991E-05 0.483909 0.240338 0.275653
0.0271592 0.243799 0.232742 0.4963
9.9991E-05 0.483167 0.221836 0.294898
9.9991E-05 0.3602 0.289877 0.349823
9.9991E-05 0.244116 0.374159 0.381625
0.0955923 0.261264 0.21972 0.423424
9.9991E-05 0.282878 0.381572 0.33545
0.0130422 0.272996 0.363439 0.350522
0.025301 0.460585 0.167325 0.346788
0.0625761 0.379009 0.118223 0.440192
0.0396535 0.406305 0.0384623 0.515579
0.00758703 0.615128 0.126307 0.250977
9.9991E-05 0.325564 0.182358 0.491979
0.0134065 0.498762 0.0920651 0.395766
9.9991E-05 0.577876 0.100756 0.321268
0.0540445 0.229168 0.363668 0.35312
0.0260081 0.390899 0.118538 0.464556
0.0989385 0.0896404 0.323777 0.487644
0.273347 0.194172 9.9991E-05 0.532381
0.146906 0.146642 0.159635 0.546818
0.109849 0.0466072 0.306678 0.536866
0.177815 0.16556 0.0871645 0.56946
0.175242 0.134715 9.9991E-05 0.689943
0.00533443 0.232862 0.229037 0.532766
0.262143 0.0736252 0.0990164 0.565216
0.00302772 0.218904 0.124311 0.653757
9.9991E-05 0.272424 0.174591 0.552886
0.418535 0.00111684 0.339068 0.24128
0.766428 9.9991E-05 0.0966197 0.136852
0.684003 9.9991E-05 0.0606948 0.255202
0.446483 0.0232621 0.338601 0.191654
9.9982E-05 9.9982E-05 0.316876 0.682924
9.9991E-05 0.0922848 0.805659 0.101956
0.0744468 9.9991E-05 0.137773 0.78768
0.10082 9.9991E-05 0.0576564 0.841423
9.9991E-05 0.041205 0.267875 0.69082
0.0426892 0.07585 0.239685 0.641776
9.9991E-05 0.0935665 0.30097 0.605363
0.147315 0.0694185 0.00735882 0.775908
0.0286814 9.9982E-05 0.971119 9.9982E-05
0.0136921 9.9982E-05 0.986108 9.9982E-05
0.0140733 9.9991E-05 0.833812 0.152015
0.132505 0.0183589 0.823035 0.0261015
0.0263415 9.9982E-05 0.973459 9.9982E-05
0.054196 9.9982E-05 0.945604 9.9982E-05
9.9982E-05 0.0418275 0.957973 9.9982E-05
9.998E-05 9.998E-05 0.9997 9.998E-05
0.0034185 9.9982E-05 0.996382 9.9982E-05
9.998E-05 9.998E-05 0.9997 9.998E-05
0.0845997 0.0530371 0.862263 9.9991E-05
0.0806538 0.0530833 0.847939 0.018324
0.0611799 9.9982E-05 0.93862 9.9982E-05
0.0887233 0.00446611 0.850775 0.0560354
0.0864982 0.010847 0.902555 9.9991E-05
0.0437899 9.9982E-05 0.95601 9.9982E-05
0.106061 9.9982E-05 0.893739 9.9982E-05
0.0574341 9.9982E-05 0.942366 9.9982E-05
0.104458 0.0828732 0.703781 0.108888
0.111663 9.9982E-05 0.888137 9.9982E-05
0.533012 9.9982E-05 9.9982E-05 0.466788
0.172214 0.254392 0.223005 0.35039
0.252196 0.0276494 0.270689 0.449466
0.331197 0.0544913 0.153191 0.461121
0.36649 9.9991E-05 0.155366 0.478044
0.21969 9.9991E-05 0.347109 0.433101
0.151263 0.147264 0.362398 0.339076
0.258276 0.0275489 0.370565 0.34361
0.857492 0.0873592 9.9991E-05 0.0550487
0.916382 9.9982E-05 0.0834182 9.9982E-05
0.986717 0.0130826 9.9982E-05 9.9982E-05
0.963837 0.0305662 0.00549701 9.9991E-05
0.874018 0.0562208 0.0696613 9.9991E-05
0.907894 9.9982E-05 0.0919062 9.9982E-05
0.875139 0.0115915 0.11317 9.9991E-05
0.93748 0.0428331 0.00887546 0.0108113
0.907879 0.0293589 0.0505243 0.012238
0.89905 9.9982E-05 0.10075 9.9982E-05
0.631338 0.295697 9.9991E-05 0.0728651
0.602136 0.397664 9.9982E-05 9.9982E-05
0.578283 0.347804 9.9991E-05 0.0738126
0.525597 0.375614 9.9991E-05 0.0986888
9.9991E-05 0.172579 0.319098 0.508224
9.9991E-05 0.30453 0.288988 0.406382
9.9991E-05 0.27879 0.227305 0.493804
9.9991E-05 0.671179 0.0489972 0.279724
0.0204562 0.125307 0.271831 0.582405
9.9991E-05 0.212737 0.299851 0.487312
9.9991E-05 0.112917 0.23802 0.648963
9.9982E-05 9.9982E-05 0.258616 0.741184
9.9991E-05 0.228217 0.204399 0.567285
0.0332576 0.0405272 9.9991E-05 0.926115
0.0779792 0.0413615 0.0270606 0.853599
9.9991E-05 0.0442359 0.281715 0.673949
0.0306549 0.300956 0.0255454 0.642843
0.113976 0.885824 9.9982E-05 9.9982E-05
0.112943 0.886857 9.9982E-05 9.9982E-05
0.0348428 0.964957 9.9982E-05 9.9982E-05
0.0663982 0.933402 9.9982E-05 9.9982E-05
0.00858407 0.906953 0.050282 0.0341813
0.0746464 0.863615 0.0616389 9.9991E-05
0.860962 9.9991E-05 0.0731789 0.0657589
0.852026 0.0639458 0.0839282 9.9991E-05
0.753629 0.0619715 0.184299 9.9991E-05
0.717981 0.128073 0.153846 9.9991E-05
0.779267 0.0784585 0.142175 9.9991E-05
0.399781 0.588594 9.9991E-05 0.0115244
0.490404 0.491673 9.9991E-05 0.0178231
0.469 0.512577 9.9991E-05 0.0183229
0.772135 0.0617791 0.165986 9.9991E-05
0.37978 0.60044 0.0134535 0.00632624
0.193492 0.043053 0.530777 0.232679
0.17354 0.0657174 0.593133 0.167609
0.227846 0.0652133 0.427831 0.27911
0.52455 9.9991E-05 0.326469 0.148881
9.9991E-05 0.353734 0.190305 0.455861
9.9991E-05 0.360877 0.153332 0.485691
0.0491287 0.640521 0.122239 0.188111
9.9991E-05 0.212909 0.196126 0.590865
0.0431919 0.235967 9.9991E-05 0.720741
9.9991E-05 0.358259 0.216185 0.425457
9.9991E-05 0.495509 0.120189 0.384202
0.0662192 0.320322 9.9991E-05 0.613359
9.9991E-05 0.334495 0.304515 0.36089
9.9991E-05 0.378828 0.267017 0.354054
0.111889 0.123881 0.379257 0.384973
9.9991E-05 0.389257 0.171886 0.438757
9.9991E-05 0.293499 0.219353 0.487048
0.0230052 0.197827 0.291756 0.487411
9.9991E-05 0.238375 0.2692 0.492325
9.9991E-05 0.242686 0.397619 0.359595
0.801079 9.9991E-05 0.161312 0.0375089
0.872999 9.9991E-05 0.105019 0.0218818
0.847777 0.0339659 0.0591571 0.0591004
0.799615 0.0343475 0.084568 0.08147
0.822189 0.0315623 0.0989196 0.0473295
9.9991E-05 0.692674 0.119298 0.187928
9.9991E-05 0.210545 0.367419 0.421935
0.0204828 0.336367 0.225471 0.417679
0.0328672 0.383142 0.175749 0.408242
0.121262 0.730768 9.9991E-05 0.14787
9.9991E-05 0.40722 0.287991 0.304689
0.0563973 0.593007 0.124672 0.225924
0.122532 0.129263 0.216503 0.531702
0.131213 0.611626 0.0422069 0.214954
0.0849795 0.618529 0.11309 0.183401
9.9991E-05 0.442213 0.204161 0.353526
0.129726 0.0575918 0.0977279 0.714954
0.144999 0.0217789 0.199307 0.633916
0.0722357 0.119991 0.0842592 0.723514
0.112012 0.0260097 0.198682 0.663296
0.0872502 0.0819841 9.9991E-05 0.830666
0.0896357 0.069274 0.0230184 0.818072
0.0432541 0.137991 0.161743 0.657012
0.0807339 0.089239 9.9991E-05 0.829927
0.0488698 0.219468 0.129338 0.602324
0.0446127 0.654014 9.9991E-05 0.301274
9.9991E-05 0.357273 0.132741 0.509886
0.00715293 0.40615 0.263767 0.32293
9.9991E-05 0.309095 0.394502 0.296303
9.9991E-05 0.532765 0.132863 0.334273
9.9991E-05 0.343975 0.268804 0.38712
9.9991E-05 0.340502 0.244968 0.41443
9.9991E-05 0.55323 0.138874 0.307796
9.9991E-05 0.520283 0.269601 0.210016
9.9991E-05 0.275187 0.391037 0.333676
0.104455 0.232961 0.159825 0.502759
9.9991E-05 0.33549 0.298526 0.365885
0.0932088 0.474136 0.19587 0.236785
9.9991E-05 0.311159 0.321215 0.367527
0.289016 0.0782151 0.386526 0.246243
0.143094 0.0612279 0.410002 0.385676
0.0140197 0.178748 0.393134 0.414098
0.158455 0.167129 0.455056 0.21936
9.9991E-05 0.280778 0.215812 0.503311
0.364987 0.0157069 0.0838885 0.535418
0.062982 0.227136 0.398293 0.311589
0.0741166 0.106387 0.404688 0.414808
0.22714 0.185165 0.260959 0.326736
0.182818 0.0568617 0.459198 0.301122
0.63005 9.9991E-05 0.117017 0.252834
0.157208 0.0752114 0.493441 0.27414
0.156302 0.15519 0.379491 0.309017
0.00281342 0.204897 0.248322 0.543967
9.9982E-05 0.109308 9.9982E-05 0.890492
0.115034 0.103799 9.9991E-05 0.781067
0.139193 0.117713 0.485679 0.257415
0.138348 9.9991E-05 0.497638 0.363914
0.347144 9.9991E-05 0.301853 0.350904
0.235682 0.0227141 0.454037 0.287567
0.213881 9.9991E-05 0.0889495 0.697069
0.226226 9.9991E-05 0.106544 0.667131
9.9991E-05 0.0430374 0.414382 0.54248
0.0574191 9.9991E-05 0.389656 0.552825
0.106343 9.9991E-05 0.228932 0.664625
0.0857891 0.128906 0.376681 0.408624
0.0245466 0.0790287 0.336255 0.56017
0.102825 0.172002 0.0523232 0.672849
0.048287 0.10044 0.186763 0.66451
0.0760365 0.118562 0.217279 0.588122
0.0234316 0.0577152 0.211774 0.707079
0.0550696 0.128628 0.0172037 0.799099
0.0065452 0.020094 0.283886 0.689475
0.0390261 0.16369 0.0722615 0.725022
0.0143694 0.0623353 0.202906 0.720389
0.161075 0.0817431 0.414261 0.342921
0.151795 0.244032 0.370435 0.233738
0.34651 0.0149783 0.127343 0.511168
0.0279638 0.0225437 0.529814 0.419678
0.561566 9.9991E-05 0.0893069 0.349028
0.0301769 0.0316844 0.503801 0.434338
0.0696212 9.9982E-05 9.9982E-05 0.930179
0.0682398 0.0169015 9.9991E-05 0.914759
9.9991E-05 0.0760043 0.23468 0.689216
9.9991E-05 0.0473626 0.33665 0.615887
0.000911875 0.0215005 0.122992 0.854596
9.9991E-05 0.0996593 0.239921 0.660319
9.9982E-05 9.9982E-05 0.254579 0.745221
0.839522 0.0245823 0.0808642 0.0550315
0.763155 0.0988174 0.137928 9.9991E-05
0.929966 9.9982E-05 0.0698337 9.9982E-05
0.942791 9.9982E-05 0.0570093 9.9982E-05
0.0577904 0.11362 0.25083 0.57776
9.9991E-05 0.107712 0.188207 0.703981
0.0810134 0.136883 0.0811943 0.700909
9.9982E-05 9.9982E-05 0.320058 0.679742
0.047091 9.9991E-05 0.127144 0.825665
0.212267 0.0965256 0.441178 0.250029
9.9991E-05 0.0648823 0.201813 0.733204
9.9991E-05 0.234807 0.150747 0.614345
9.9991E-05 0.0850547 0.237185 0.67766
0.0230169 0.168549 0.14177 0.666665
9.9982E-05 9.9982E-05 0.223172 0.776628
0.00192845 9.9982E-05 9.9982E-05 0.997872
9.9991E-05 0.0550927 0.112547 0.832261
0.00842332 0.0549423 0.12784 0.808794
0.00706629 9.9982E-05 9.9982E-05 0.992734
9.9991E-05 0.248104 0.156978 0.594818
0.0896382 9.9982E-05 9.9982E-05 0.910162
0.0706009 9.9982E-05 9.9982E-05 0.929199
9.9991E-05 0.0665366 0.310655 0.622708
0.0444728 0.140467 0.0748613 0.740199
9.9991E-05 0.26304 0.329306 0.407554
9.9991E-05 0.166231 0.187582 0.646087
9.9991E-05 0.314069 0.20912 0.476711
0.00818816 0.104968 0.287817 0.599028
0.00715902 0.230021 0.21405 0.54877
9.9991E-05 0.00702167 0.112395 0.880484
0.70472 0.29508 9.9982E-05 9.9982E-05
0.767016 0.182485 0.0281587 0.0223412
0.822427 0.177373 9.9982E-05 9.9982E-05
0.865069 0.134731 9.9982E-05 9.9982E-05
0.756145 0.189262 9.9991E-05 0.0544927
0.016209 0.28969 0.0608247 0.633276
0.0972957 0.218097 0.026041 0.658567
9.9982E-05 9.9982E-05 0.0278411 0.971959
0.0177664 0.042949 0.137624 0.80166
9.9991E-05 0.0889506 0.331204 0.579745
0.0385718 9.9991E-05 0.200913 0.760415
9.9991E-05 0.134013 0.276377 0.589509
9.9991E-05 0.237573 0.0919011 0.670426
9.9991E-05 0.225332 0.145512 0.629056
9.9991E-05 0.248423 0.0803174 0.671159
0.123979 0.122598 0.331383 0.42204
9.9991E-05 0.147283 0.167411 0.685206
9.9991E-05 0.275566 0.235237 0.489096
0.14062 0.088656 0.678304 0.0924197
0.140414 9.9991E-05 0.651846 0.20764
0.0683847 0.0109107 0.238964 0.68174
0.276391 9.9982E-05 0.723409 9.9982E-05
0.114153 0.135565 0.685486 0.0647955
0.159244 9.9991E-05 0.323961 0.516695
0.0887951 0.172091 0.300228 0.438886
0.0960497 0.173757 0.244703 0.48549
0.221045 9.9991E-05 0.677689 0.101166
0.0898055 0.00554775 0.693933 0.210714
0.141976 0.0337367 0.660985 0.163302
0.184089 9.9991E-05 0.648199 0.167612
0.109674 0.0281928 0.24003 0.622103
0.230201 9.9991E-05 0.704396 0.0653036
0.199197 0.293641 0.0832224 0.42394
9.9991E-05 0.104898 0.379158 0.515844
0.123009 0.202176 0.319676 0.355139
0.15497 0.154893 0.275752 0.414386
0.2257 0.0627745 0.383177 0.328348
0.199271 0.0365196 0.413702 0.350507
0.238232 9.9991E-05 0.6572 0.104468
0.114242 0.126693 0.173832 0.585233
0.259032 0.0438709 0.068529 0.628568
0.219406 0.168823 0.187643 0.424128
0.171165 0.0903999 0.379676 0.35876
0.49266 9.9991E-05 0.115871 0.391369
0.533717 9.9991E-05 0.0594118 0.406771
0.207657 0.130916 0.254982 0.406445
0.450212 9.9991E-05 0.158049 0.39164
0.566138 9.9991E-05 0.180984 0.252779
0.151807 0.105368 0.2719 0.470925
0.219199 0.113076 0.329112 0.338614
0.340855 0.0358711 0.260675 0.362598
0.417602 0.0398983 0.136267 0.406232
0.155493 0.107402 0.311975 0.425129
0.321459 9.9991E-05 0.152758 0.525684
0.663883 9.9991E-05 0.0333527 0.302664
0.233859 0.0797251 0.306243 0.380173
0.294332 0.0332037 0.377646 0.294818
0.128714 0.0146368 0.560552 0.296097
0.192518 0.093003 0.45071 0.263769
0.35018 0.108425 0.394624 0.146771
0.211253 0.100869 0.423334 0.264544
0.202013 0.0828271 0.500576 0.214584
0.262251 0.107079 0.428026 0.202644
0.191325 0.212915 0.292509 0.303251
0.269272 0.130592 0.484468 0.115668
0.464289 9.9991E-05 0.268643 0.266967
0.314686 9.9991E-05 0.447194 0.23802
0.807068 0.192732 9.9982E-05 9.9982E-05
0.0833708 0.820908 9.9991E-05 0.0956215
9.998E-05 0.9997 9.998E-05 9.998E-05
9.998E-05 0.9997 9.998E-05 9.998E-05
9.998E-05 0.9997 9.998E-05 9.998E-05
9.9982E-05 0.975825 0.023975 9.9982E-05
9.9982E-05 0.986622 9.9982E-05 0.0131778
0.0352658 0.964534 9.9982E-05 9.9982E-05
0.208176 0.791624 9.9982E-05 9.9982E-05
0.886537 0.0371471 0.0762163 9.9991E-05
0.798689 0.154485 0.0467268 9.9991E-05
0.896124 9.9982E-05 0.103676 9.9982E-05
0.839406 0.154149 0.00570384 0.000741168
0.919366 9.9982E-05 0.0804337 9.9982E-05
0.885793 0.0561183 0.057989 9.9991E-05
0.746316 0.034941 0.14988 0.0688627
0.85146 9.9982E-05 0.14834 9.9982E-05
0.747401 0.12967 0.105893 0.0170356
0.904234 9.9991E-05 0.0798404 0.0158254
0.98301 0.0167897 9.9982E-05 9.9982E-05
0.878977 0.0281871 0.0856359 0.00719959
0.99949 0.000310341 9.9982E-05 9.9982E-05
0.900964 9.9991E-05 0.0883677 0.0105682
0.884324 9.9982E-05 0.115476 9.9982E-05
0.827861 9.9982E-05 0.171939 9.9982E-05
0.738947 9.9982E-05 0.260853 9.9982E-05
0.792319 9.9991E-05 0.200516 0.00706459
0.797339 9.9991E-05 0.182031 0.0205296
0.192025 0.130691 0.154255 0.523029
0.0151659 0.0903909 0.335837 0.558607
0.21205 0.0114806 9.9991E-05 0.77637
0.120572 0.179081 0.285517 0.41483
0.273037 9.9982E-05 9.9982E-05 0.726763
0.05972 0.0484557 0.31925 0.572574
0.0836034 0.236061 0.173927 0.506409
0.102673 0.119002 0.2131 0.565225
0.0275383 0.117883 0.206942 0.647636
0.114856 0.223894 0.19306 0.46819
0.059755 0.214142 0.297265 0.428838
0.0224085 0.465161 0.0242127 0.488218
0.150344 0.139307 9.9991E-05 0.710249
0.210823 9.9982E-05 9.9982E-05 0.788977
0.0713682 0.137566 0.266875 0.524191
0.116263 0.0407934 0.207616 0.635328
0.151787 0.178542 0.392152 0.27752
0.0758683 0.123253 0.517837 0.283042
0.469574 0.178067 0.19756 0.154799
0.170353 0.202934 0.386932 0.23978
0.575065 9.9991E-05 0.150115 0.27472
0.321705 9.9991E-05 0.367626 0.31057
0.311568 0.188197 0.345848 0.154388
0.269699 0.249617 0.306551 0.174134
0.129186 0.167979 0.432465 0.27037
0.131702 0.103361 0.409229 0.355708
0.452997 0.00461634 0.307733 0.234654
