9.9991E-05 0.0257282 0.128904 0.845268
0.0198007 9.9982E-05 9.9982E-05 0.979999
9.999E-05 0.133621 0.0902588 0.77602
9.999E-05 0.0862526 0.110182 0.803466
9.999E-05 0.090893 0.0159401 0.893067
0.192085 0.082282 0.031667 0.693966
0.102711 9.9982E-05 9.9982E-05 0.897089
0.0767009 0.0282282 0.107572 0.787499
9.9982E-05 9.9982E-05 0.122391 0.877409
0.0780756 0.162325 0.020071 0.739528
0.0886043 9.9991E-05 0.15367 0.757626
0.339898 0.160617 0.499385 9.9991E-05
0.29065 0.322662 0.386588 9.9991E-05
0.200565 0.170245 0.578188 0.0510025
0.221678 0.258139 0.45756 0.0626222
0.380267 0.216723 0.250821 0.152188
0.400381 0.292899 0.285274 0.021446
0.267719 0.203086 0.434877 0.094319
0.186979 0.0447325 0.713709 0.0545801
0.403171 0.279643 0.273234 0.0439517
0.506256 0.263989 0.179437 0.0503181
0.405248 0.271954 0.304915 0.0178836
0.377342 0.217084 0.349308 0.0562662
0.323356 0.361151 0.315393 9.9991E-05
0.273755 0.182902 0.508254 0.0350892
0.179161 0.26091 0.530778 0.0291505
0.396799 0.123165 0.426053 0.0539826
9.9982E-05 0.188559 9.9982E-05 0.811241
9.9991E-05 0.184535 0.044112 0.771253
0.0651053 0.143556 9.9991E-05 0.791238
0.0809531 0.161998 0.0203456 0.736703
0.513208 0.241469 0.203415 0.0419077
0.691714 0.271399 0.0273092 0.00957804
0.214551 0.092113 0.635206 0.0581307
0.792808 0.159105 9.9991E-05 0.047987
0.577739 0.364476 0.0193607 0.0384237
0.474048 0.252676 0.199667 0.0736092
0.477574 0.35023 0.145461 0.0267358
0.669016 0.00220171 0.264385 0.0643969
0.520065 0.327952 0.103428 0.048555
0.892902 0.0941255 0.00964032 0.00333263
0.82266 9.9991E-05 0.00853072 0.168709
0.456984 0.0225218 0.520394 9.9991E-05
0.668856 0.0262806 0.204076 0.100787
0.436971 0.042572 0.378898 0.141559
0.545293 0.244057 0.210551 9.9991E-05
0.386868 0.191227 0.322087 0.0998184
0.334432 0.0673274 0.350154 0.248086
0.327772 0.281897 0.362579 0.0277524
0.372892 9.9991E-05 0.534093 0.0929152
0.411229 0.25444 0.334231 9.9991E-05
0.544091 0.34071 0.115099 9.9991E-05
0.460552 0.156281 0.281019 0.102147
0.371816 0.291148 0.336936 9.9991E-05
0.439749 0.0640349 0.448671 0.0475449
0.643848 0.1794 0.176653 9.9991E-05
0.643478 0.095387 0.261035 9.9991E-05
0.874502 9.9991E-05 0.0867086 0.0386895
0.846992 9.9991E-05 0.122439 0.030469
0.892529 0.0883838 0.0189875 9.9991E-05
0.652024 0.168051 0.179825 9.9991E-05
0.632121 0.230814 0.136965 9.9991E-05
0.589929 0.0598058 0.332353 0.0179121
0.590839 0.076357 0.31941 0.0133936
0.680607 0.132485 0.176612 0.0102965
0.58725 0.217381 0.195269 9.9991E-05
0.821565 0.109187 0.0514896 0.017758
0.908289 9.9982E-05 9.9982E-05 0.0915105
9.9991E-05 0.075053 0.109573 0.815274
0.00071961 0.0552982 9.9991E-05 0.943882
9.9991E-05 0.0785636 0.0142085 0.907128
9.9982E-05 0.0731175 9.9982E-05 0.926683
0.00238431 0.134984 9.9991E-05 0.862531
9.9982E-05 0.138346 9.9982E-05 0.861454
9.9982E-05 0.0511273 9.9982E-05 0.948673
0.824604 9.9991E-05 0.152984 0.0223124
0.606654 0.241332 0.151914 9.9991E-05
0.615491 0.282628 0.0652677 0.0366131
0.661647 0.268874 0.0693793 9.9991E-05
0.709158 0.240866 0.0498763 9.9991E-05
0.68656 9.9991E-05 0.235693 0.0776465
0.837535 0.11995 0.0196767 0.0228392
0.720716 0.247139 0.0320458 9.9991E-05
0.571904 0.213267 0.196905 0.0179233
0.737164 0.179481 0.0832547 9.9991E-05
0.572348 0.183843 0.201388 0.0424211
0.445751 0.16377 0.361465 0.0290138
0.21185 0.313176 0.380287 0.0946875
0.372318 0.214155 0.379866 0.0336608
0.284871 0.393944 0.321085 9.9991E-05
0.370096 0.23038 0.367481 0.0320425
0.462511 0.296273 0.214852 0.0263641
0.377895 0.217555 0.40445 9.9991E-05
0.402791 0.335011 0.262098 9.9991E-05
0.394445 0.319464 0.285992 9.9991E-05
0.432166 0.23498 0.257472 0.0753822
0.41975 0.338735 0.234373 0.00714123
0.416864 0.379729 0.203308 9.9991E-05
0.328791 0.195763 0.436925 0.0385209
0.540759 0.0804306 0.301696 0.0771139
0.569105 0.0487381 0.382057 9.9991E-05
0.34392 0.124762 0.531218 9.9991E-05
0.40942 0.217272 0.372202 0.00110626
0.320468 0.158001 0.52143 9.9991E-05
0.300795 0.167826 0.53128 9.9991E-05
0.432522 0.344001 0.218804 0.00467262
0.509573 0.104913 0.336561 0.0489526
0.473644 0.341714 0.135987 0.0486552
0.536704 9.9991E-05 0.201257 0.261939
0.628951 0.161022 0.105118 0.104909
0.47225 0.302631 0.0883506 0.136768
0.596775 0.101456 0.141881 0.159888
0.712062 9.9991E-05 0.0848848 0.202953
0.539807 0.189993 0.215574 0.0546257
0.616729 0.0887462 0.103866 0.190659
0.72731 0.0938982 0.178692 9.9991E-05
0.641994 0.167178 0.190728 9.9991E-05
0.267041 0.304495 0.025471 0.402993
0.132938 0.0969995 9.9991E-05 0.769963
0.259773 0.0893614 9.9991E-05 0.650765
0.149002 0.389436 0.0528408 0.408721
0.685059 0.314741 9.9982E-05 9.9982E-05
0.0587643 0.923066 0.0180701 9.9991E-05
0.854857 0.0822998 9.9991E-05 0.0627429
0.823884 0.0414228 9.9991E-05 0.134594
0.731434 0.268366 9.9982E-05 9.9982E-05
0.651253 0.205675 0.0801341 0.0629375
0.625484 0.298628 0.0171338 0.0587547
0.747728 0.0487356 0.0839677 0.119569
9.9982E-05 0.956039 9.9982E-05 0.0437615
0.0207878 0.958631 9.9991E-05 0.020481
0.0246497 0.882481 0.0880162 0.00485307
0.0893604 0.863242 9.9991E-05 0.047298
9.9982E-05 0.990393 9.9982E-05 0.00940661
9.9991E-05 0.904459 0.0272654 0.0681758
0.02763 0.97217 9.9982E-05 9.9982E-05
9.9991E-05 0.95394 0.020891 0.0250688
9.9982E-05 0.986235 9.9982E-05 0.0135652
9.9982E-05 0.980564 9.9982E-05 0.0192363
0.0619273 0.846663 9.9991E-05 0.0913101
9.9991E-05 0.862024 0.0608131 0.0770633
9.9982E-05 0.95856 9.9982E-05 0.0412399
0.0237788 0.819587 0.0428377 0.113797
0.00685032 0.906934 0.0391476 0.0470685
9.9982E-05 0.958876 9.9982E-05 0.040924
9.9982E-05 0.882105 9.9982E-05 0.117695
9.9982E-05 0.970796 9.9982E-05 0.0290036
0.144873 0.710009 0.060278 0.0848402
9.9982E-05 0.896491 9.9982E-05 0.103309
0.515094 9.9982E-05 9.9982E-05 0.484706
0.339174 0.233697 0.224706 0.202424
0.472231 0.224447 0.030028 0.273294
0.462742 0.193367 9.9991E-05 0.343792
0.531035 0.135474 9.9991E-05 0.333391
0.508672 0.321053 9.9991E-05 0.170175
0.383462 0.399153 0.0379658 0.179419
0.376973 0.337341 9.9991E-05 0.285586
0.0421187 0.0358223 0.0697896 0.852269
9.9982E-05 0.0811217 9.9982E-05 0.918678
9.9982E-05 9.9982E-05 0.0323409 0.967459
9.9991E-05 0.0167701 0.0853744 0.897756
9.9991E-05 0.072882 0.0401096 0.886908
9.9982E-05 0.0838905 9.9982E-05 0.91591
9.9982E-05 0.129284 9.9982E-05 0.870516
0.0312436 9.9991E-05 0.0469824 0.921674
9.9991E-05 0.0436148 0.0357441 0.920541
0.0128393 0.124986 9.9991E-05 0.862074
0.0251938 0.0264844 0.330773 0.617548
9.9982E-05 9.9982E-05 0.371452 0.628348
0.100231 9.9991E-05 0.301087 0.598582
0.106798 9.9991E-05 0.394156 0.498946
0.503538 0.271582 0.22478 9.9991E-05
0.438184 0.273417 0.288299 9.9991E-05
0.464393 0.110703 0.383743 0.041161
0.240481 0.0602622 0.699157 9.9991E-05
0.56337 0.352613 0.0743884 0.00962916
0.634333 0.248471 0.117096 9.9991E-05
0.661732 0.226316 0.111851 9.9991E-05
0.756189 0.158533 0.0851787 9.9991E-05
0.612666 0.187736 0.199498 9.9991E-05
0.857048 9.9982E-05 0.142752 9.9982E-05
0.878772 0.0314624 0.068957 0.0208082
0.675707 0.279645 0.0445483 9.9991E-05
0.661154 0.0142091 0.303526 0.0211105
0.00708851 9.9991E-05 0.860424 0.132388
9.9991E-05 0.0362532 0.86613 0.0975172
9.998E-05 9.998E-05 0.9997 9.998E-05
9.9982E-05 9.9982E-05 0.898454 0.101346
9.998E-05 9.998E-05 0.9997 9.998E-05
9.9991E-05 0.10531 0.873134 0.0214557
0.0261403 0.0871229 0.0115949 0.875142
9.9991E-05 0.0733107 0.0964885 0.830101
0.0379722 0.196295 0.00419062 0.761543
9.9991E-05 0.160755 0.10323 0.735915
0.0242591 0.135339 0.0677165 0.772685
0.0156265 9.9991E-05 0.626851 0.357422
0.0275644 9.9991E-05 0.466763 0.505572
0.0412679 9.9991E-05 0.530191 0.428441
9.9991E-05 0.181286 0.0459855 0.772629
0.00972365 9.9991E-05 0.600712 0.389464
0.288749 0.486856 9.9991E-05 0.224295
0.19424 0.600159 0.0484729 0.157128
0.29798 0.401462 0.0792956 0.221262
0.149562 0.294732 9.9991E-05 0.555606
0.400174 0.252637 0.347089 9.9991E-05
0.542695 0.128259 0.279926 0.0491192
0.158335 0.147475 0.664805 0.0293861
0.594554 0.223458 0.181888 9.9991E-05
0.705185 9.9991E-05 0.260291 0.0344237
0.46152 0.236056 0.24431 0.0581142
0.379626 0.127356 0.453543 0.0394751
0.676549 9.9991E-05 0.299626 0.0237246
0.539125 0.300263 0.160512 9.9991E-05
0.362235 0.327729 0.309936 9.9991E-05
0.335867 0.360251 0.158657 0.145224
0.465389 0.193293 0.341218 9.9991E-05
0.534112 0.201389 0.264399 9.9991E-05
0.480854 0.297532 0.221514 9.9991E-05
0.564852 0.223587 0.203762 0.00779842
0.456151 0.32276 0.220989 9.9991E-05
9.9982E-05 0.210196 9.9982E-05 0.789604
0.0332821 0.102004 9.9991E-05 0.864614
0.105021 0.0387419 0.0544249 0.801813
0.0828616 0.0713475 0.0645307 0.78126
0.0167458 0.121835 0.0523459 0.809073
0.28612 0.104476 0.590692 0.018711
0.356499 0.41567 0.227731 9.9991E-05
0.381892 0.225877 0.391703 0.000528929
0.44151 0.122957 0.417045 0.0184883
0.209436 9.9991E-05 0.631051 0.159413
0.324324 0.322051 0.353525 9.9991E-05
0.274414 0.107634 0.546925 0.0710274
0.500301 0.174307 0.219663 0.105729
0.263392 0.0624185 0.550574 0.123615
0.276701 0.0704488 0.609427 0.0434239
0.456489 0.178688 0.364723 9.9991E-05
0.682734 0.107738 0.0963254 0.113203
0.503228 0.311072 0.0710375 0.114662
0.774789 0.0690362 0.10762 0.0485551
0.587226 0.2343 0.178374 9.9991E-05
0.865666 9.9991E-05 0.0902776 0.0439564
0.838665 0.00730997 0.0507564 0.103269
0.547444 0.213833 0.192975 0.0457477
0.805139 9.9991E-05 0.0675095 0.127251
0.533958 0.210199 0.239244 0.0165988
0.283026 0.0232717 0.693602 9.9991E-05
0.528471 0.107258 0.364171 9.9991E-05
0.315291 0.235977 0.448633 9.9991E-05
0.352331 0.358421 0.289148 9.9991E-05
0.38201 0.117748 0.500142 9.9991E-05
0.33271 0.366145 0.301045 9.9991E-05
0.405027 0.239271 0.355602 9.9991E-05
0.358405 0.150974 0.490521 9.9991E-05
0.283196 0.270536 0.446168 9.9991E-05
0.414097 0.323184 0.26262 9.9991E-05
0.446942 0.187391 0.304039 0.061627
0.435779 0.274758 0.289363 9.9991E-05
0.2777 0.209648 0.420428 0.0922249
0.335025 0.294488 0.370387 9.9991E-05
0.319321 0.3525 0.00378929 0.32439
0.324455 0.456579 0.0917574 0.127208
0.368466 0.466077 0.130169 0.0352883
0.329522 0.449528 0.0876039 0.133347
0.465326 0.248396 0.286178 9.9991E-05
0.557441 0.0799079 9.9991E-05 0.362552
0.363504 0.376832 0.162409 0.0972551
0.382345 0.453745 0.114878 0.0490324
0.335101 0.268682 0.158686 0.237531
0.269101 0.4811 0.120173 0.129625
0.223844 0.10668 9.9991E-05 0.669376
0.269383 0.514448 0.0079399 0.208229
0.341157 0.390876 0.143006 0.124961
0.649381 0.24483 0.105689 9.9991E-05
0.894478 9.9991E-05 0.104952 0.000470031
0.846767 9.9991E-05 0.0595104 0.0936224
0.304099 0.508372 0.0829344 0.104594
0.335023 0.535179 9.9991E-05 0.129698
0.352531 0.33157 0.00623752 0.309662
0.337709 0.459274 9.9991E-05 0.202917
0.679498 0.0879336 9.9991E-05 0.232469
0.661197 0.130579 9.9991E-05 0.208124
0.591548 0.373268 0.0192162 0.0159674
0.53425 0.346568 0.0368965 0.0822854
0.661997 0.199518 9.9991E-05 0.138385
0.448899 0.391231 0.107756 0.0521145
0.578864 0.33172 0.000853214 0.088562
0.696407 0.0940662 0.183886 0.025641
0.633634 0.221268 0.107232 0.0378663
0.481641 0.262855 0.255404 9.9991E-05
0.657664 0.221344 0.120892 9.9991E-05
0.767155 0.0268626 0.138063 0.067919
0.692898 0.269277 0.0377245 9.9991E-05
0.809989 0.0813676 0.0796689 0.0289748
0.601021 0.196665 0.161934 0.0403794
0.322887 0.377902 0.0519155 0.247296
0.291168 0.391539 0.138031 0.179262
0.553998 0.074665 0.0230266 0.34831
0.330438 0.528658 0.112008 0.0288955
0.322179 0.124736 9.9991E-05 0.552985
0.53865 0.418498 0.0427521 9.9991E-05
0.95275 9.9982E-05 9.9982E-05 0.0470503
0.883856 9.9991E-05 0.0657031 0.0503413
0.76199 0.166532 0.0713779 9.9991E-05
0.602595 0.349207 0.0480983 9.9991E-05
0.815863 0.152019 0.0320178 9.9991E-05
0.697364 0.226309 0.0762268 9.9991E-05
0.684139 0.25402 0.0607481 0.00109291
0.0775592 0.107158 0.0498224 0.76546
9.9991E-05 0.0916006 0.172358 0.735941
9.9991E-05 0.10679 0.022663 0.870447
9.9982E-05 0.0636187 9.9982E-05 0.936181
0.65058 0.216388 0.114299 0.0187335
0.66415 0.222875 0.112876 9.9991E-05
0.667391 0.0759328 0.210485 0.046191
0.640822 0.341907 0.0171715 9.9991E-05
0.853066 0.130378 9.9991E-05 0.0164564
0.259383 0.427889 0.0982201 0.214508
0.791819 0.152368 0.0557128 9.9991E-05
0.684989 0.1386 0.176311 9.9991E-05
0.678395 0.269722 0.0517837 9.9991E-05
0.64111 0.149956 0.208834 9.9991E-05
0.741551 0.258249 9.9982E-05 9.9982E-05
0.983288 9.9982E-05 9.9982E-05 0.0165123
0.799012 0.0960529 0.0919812 0.0129542
0.751934 0.129702 0.102841 0.0155221
0.977345 9.9982E-05 9.9982E-05 0.0224549
0.624935 0.189248 0.185717 9.9991E-05
0.919643 9.9991E-05 0.00275778 0.0774993
0.933784 9.9982E-05 9.9982E-05 0.0660157
0.594749 0.329803 0.0753476 9.9991E-05
0.699968 0.0973826 0.172082 0.0305673
0.499997 0.249889 0.250014 9.9991E-05
0.672129 0.194317 0.133454 9.9991E-05
0.453287 0.222515 0.324098 9.9991E-05
0.659513 0.216245 0.124141 9.9991E-05
0.592537 0.217212 0.190151 9.9991E-05
0.892611 0.106663 0.000625801 9.9991E-05
0.00459048 9.9991E-05 0.286234 0.709076
0.125474 0.0380168 0.111987 0.724521
9.9982E-05 9.9982E-05 0.18576 0.81404
0.00400803 9.9991E-05 0.151255 0.844637
9.9982E-05 9.9982E-05 0.247217 0.752583
0.561082 0.0743418 0.33428 0.0302964
0.661959 9.9991E-05 0.243531 0.0944093
0.993032 0.00676794 9.9982E-05 9.9982E-05
0.82897 0.0839788 0.0062123 0.0808394
0.6352 0.289341 0.075359 9.9991E-05
0.72514 0.196577 0.0438127 0.0344698
0.586661 0.232755 0.180483 9.9991E-05
0.681057 0.0797101 0.239133 9.9991E-05
0.620191 0.132441 0.247268 9.9991E-05
0.613118 0.116617 0.270165 9.9991E-05
0.551358 0.30448 0.0642529 0.0799084
0.65387 0.205494 0.135211 0.00542368
0.58553 0.167854 0.190516 0.0561003
0.229656 0.707601 9.9991E-05 0.0626426
0.199858 0.659853 0.0181877 0.122102
0.763938 0.186073 9.9991E-05 0.0498887
9.9982E-05 0.681113 9.9982E-05 0.318687
0.156942 0.641767 9.9991E-05 0.201191
0.461186 0.340645 9.9991E-05 0.198069
0.489864 0.300943 0.107604 0.101588
0.473159 0.224106 0.19274 0.109995
0.129007 0.625665 9.9991E-05 0.245228
0.185219 0.723771 9.9991E-05 0.0909097
0.180312 0.659376 9.9991E-05 0.160212
0.149132 0.655322 0.00151147 0.194035
0.642158 0.26253 9.9991E-05 0.0952122
0.0684601 0.680716 9.9991E-05 0.250724
0.441037 0.0703412 0.301434 0.187188
0.564945 0.427823 0.00713196 9.9991E-05
0.427876 0.311373 0.132705 0.128047
0.50132 0.282959 0.0865041 0.129217
0.389415 0.413754 0.0663476 0.130483
0.210553 0.490022 0.0768523 0.222573
0.0931223 0.678529 9.9991E-05 0.228249
0.519309 0.214037 0.169902 0.0967518
0.636899 0.0891736 9.9991E-05 0.273828
0.388237 0.266621 0.201866 0.143275
0.320745 0.397531 0.0849666 0.196758
0.417436 0.0904655 9.9991E-05 0.491998
0.396648 0.0752501 9.9991E-05 0.528002
0.44915 0.223644 0.0845978 0.242608
0.404657 0.129799 9.9991E-05 0.465444
0.290493 0.156196 9.9991E-05 0.553211
0.515415 0.274721 9.9991E-05 0.209764
0.37552 0.276617 0.0708406 0.277023
0.321494 0.261736 0.101874 0.314896
0.403408 0.12397 0.0121001 0.460522
0.462607 0.286797 0.0119598 0.238636
0.504408 0.153712 9.9991E-05 0.34178
0.32914 0.0304949 9.9991E-05 0.640265
0.343028 0.366862 0.0583 0.23181
0.25149 0.396845 0.109735 0.24193
0.341712 0.542219 0.0122152 0.103854
0.251981 0.429549 0.151488 0.166982
0.172016 0.361957 0.0937581 0.372268
0.313857 0.443483 0.0534392 0.189221
0.138176 0.462509 0.149204 0.250111
0.227314 0.434998 0.130485 0.207203
0.419025 0.232391 0.151657 0.196927
0.173242 0.428929 0.133085 0.264744
0.296889 0.278434 9.9991E-05 0.424577
0.296658 0.419218 9.9991E-05 0.284024
9.9982E-05 9.9982E-05 0.176661 0.823139
0.150713 0.0295698 0.74391 0.075808
9.998E-05 9.998E-05 0.9997 9.998E-05
9.998E-05 9.998E-05 0.9997 9.998E-05
9.998E-05 9.998E-05 0.9997 9.998E-05
9.9991E-05 0.00954435 0.98627 0.00408599
9.9982E-05 0.0164212 0.983379 9.9982E-05
0.00572225 9.9991E-05 0.980633 0.0135445
9.9991E-05 0.020636 0.777694 0.20157
9.9991E-05 0.0923781 0.0487036 0.858818
9.9991E-05 0.0612169 0.151842 0.786841
9.9991E-05 0.0714571 0.0158979 0.912545
9.9991E-05 0.0356644 0.176543 0.787692
9.9991E-05 0.0741929 0.0172194 0.908488
9.9991E-05 0.0208484 0.0757771 0.903275
9.9991E-05 0.207437 0.0784406 0.714022
9.9991E-05 0.109967 0.0398658 0.850068
0.0121067 0.100783 0.209265 0.677845
9.9982E-05 0.110347 9.9982E-05 0.889453
9.9982E-05 9.9982E-05 0.00554378 0.994256
9.9991E-05 0.0836734 0.0760403 0.840186
9.9982E-05 0.0312132 9.9982E-05 0.968587
0.00904207 0.0689481 0.0102585 0.911751
9.9991E-05 0.107364 0.027924 0.864612
9.9982E-05 0.171919 9.9982E-05 0.827881
9.9982E-05 0.237856 9.9982E-05 0.761944
9.9991E-05 0.153273 0.0171848 0.829442
9.9982E-05 0.176109 9.9982E-05 0.823691
0.529072 0.213202 0.112062 0.145663
0.494491 0.330484 0.149167 0.0258577
0.789931 0.0183905 0.00117531 0.190503
0.448179 0.272884 0.158614 0.120322
0.722094 9.9982E-05 9.9982E-05 0.277706
0.609748 0.266919 0.042294 0.0810388
0.525735 0.20479 0.202934 0.0665411
0.565997 0.225463 0.141119 0.0674205
0.51759 0.25852 0.22379 9.9991E-05
0.472034 0.200627 0.235457 0.0918816
0.479839 0.25552 0.203937 0.0607039
0.453453 0.0609246 0.474358 0.0112639
0.713076 9.9991E-05 0.117108 0.169716
0.755241 0.0216303 0.0116605 0.211468
0.541307 0.30361 0.0713597 0.0837224
0.484621 0.28916 0.142355 0.083863
0.307821 0.455703 0.0556875 0.180788
0.275076 0.464403 0.169289 0.0912322
0.112679 0.221688 0.215525 0.450107
0.300666 0.322659 0.155298 0.221376
0.336301 0.113946 9.9991E-05 0.549653
0.34548 0.375876 9.9991E-05 0.278544
0.153942 0.373216 0.141347 0.331495
0.243113 0.320083 0.159039 0.277764
0.280791 0.423362 0.0811998 0.214647
0.410657 0.352199 0.00714914 0.229995
0.22016 0.255432 0.0626177 0.46179
