0.0470961 0.0323654 9.9964E-05 9.9964E-05 0.0358597 9.9964E-05 9.9964E-05 0.884279
0.04197 0.00680499 0.00383601 0.0192154 9.9991E-05 0.00510885 0.0243019 0.898663
0.0883896 0.0226671 9.9973E-05 9.9973E-05 0.0167426 0.138921 9.9973E-05 0.732979
0.0516972 0.0843008 9.9973E-05 9.9973E-05 0.0805091 0.0382146 9.9973E-05 0.744978
9.9964E-05 9.9964E-05 9.9964E-05 0.0383809 0.0199975 0.101666 9.9964E-05 0.839556
0.017751 0.0600505 0.142302 9.9991E-05 0.0231356 0.0651346 0.118677 0.572849
0.0657435 0.0279969 0.0977224 9.9964E-05 9.9964E-05 9.9964E-05 9.9964E-05 0.808137
0.055236 0.114135 0.0829612 0.0311802 0.0120826 9.9982E-05 9.9982E-05 0.704205
0.0187855 0.0593059 0.028124 0.0226936 9.9982E-05 9.9982E-05 0.0656655 0.805225
0.0358228 0.0236465 0.057395 0.0800143 0.0449202 0.0899562 9.9991E-05 0.668145
0.00657669 0.136734 0.134792 9.9973E-05 9.9973E-05 0.0395524 9.9973E-05 0.682045
9.9973E-05 0.483164 0.0836381 9.9973E-05 0.07476 0.239219 0.118918 9.9973E-05
0.0560388 0.255424 0.078481 9.9973E-05 0.00913775 0.600618 9.9973E-05 9.9973E-05
0.0344406 0.40249 0.0945529 0.103346 0.105518 0.226262 0.027553 0.00583694
0.0493268 0.394267 0.0430707 0.128083 0.103319 0.281734 9.9982E-05 9.9982E-05
0.0273955 0.206608 0.105158 0.0274757 0.123882 0.321241 0.0898686 0.0983715
9.9982E-05 0.127221 0.14381 9.9982E-05 0.118995 0.487988 0.088413 0.0333726
0.0607934 0.234536 0.0562634 0.125412 0.0488067 0.445284 0.0288048 9.9991E-05
0.0409459 0.342262 9.9982E-05 9.9982E-05 0.0886185 0.348576 0.0751866 0.104211
0.012583 0.666396 0.145353 9.9973E-05 0.0981194 9.9973E-05 0.0772486 9.9973E-05
0.0518147 0.280662 0.124536 0.0592315 0.0567369 0.387924 0.0389945 9.9991E-05
9.999E-05 0.123003 0.1736 0.106539 0.00918867 0.491713 0.0468867 0.0489693
0.00474956 0.219189 0.0390769 0.0458655 0.0412653 0.524083 0.12059 0.00518053
0.0284892 0.348387 0.0793821 0.0221653 0.114967 0.234997 0.171512 9.9991E-05
9.9991E-05 0.0350699 0.0216158 0.0950568 0.132214 0.573909 0.0787346 0.0632995
9.9964E-05 0.229443 0.133746 9.9964E-05 0.157097 0.479314 9.9964E-05 9.9964E-05
0.0368996 0.439226 0.101142 9.9982E-05 0.146204 0.160247 0.116082 9.9982E-05
9.9973E-05 0.476512 0.0751563 9.9973E-05 0.198886 0.160449 0.088697 9.9973E-05
9.9973E-05 0.452638 0.0865116 0.0756795 9.9973E-05 0.278007 0.106864 9.9973E-05
0.9993 9.994E-05 9.994E-05 9.994E-05 9.994E-05 9.994E-05 9.994E-05 9.994E-05
0.9993 9.994E-05 9.994E-05 9.994E-05 9.994E-05 9.994E-05 9.994E-05 9.994E-05
0.337238 9.9964E-05 9.9964E-05 9.9964E-05 9.9964E-05 0.108914 0.0680223 0.485425
0.270109 9.9982E-05 0.00787845 9.9982E-05 0.10205 0.110382 0.0103634 0.499017
0.014879 0.0982782 0.0557787 0.0104485 0.0222229 0.510634 0.261047 0.0267117
9.999E-05 0.0331242 0.00813659 0.0298852 0.0774126 0.509528 0.248864 0.092949
0.0605501 9.9964E-05 9.9964E-05 9.9964E-05 9.9964E-05 0.460667 0.447762 0.0306206
0.0274445 0.551523 0.0351981 0.0350639 0.00952229 0.155707 0.125581 0.0599594
0.0511942 9.9991E-05 0.0209 0.0615228 0.100203 0.249399 0.511496 0.00518454
9.9991E-05 0.165352 0.0418842 0.0366982 0.00747649 0.536528 0.14283 0.0691311
0.0538891 0.00216257 9.9982E-05 0.000603492 0.101516 0.597353 0.244276 9.9982E-05
0.0702588 0.0461503 0.124444 9.9982E-05 9.9982E-05 0.618027 0.0689047 0.0720155
0.0423601 0.0211165 0.0627708 9.9982E-05 9.9982E-05 0.660034 0.170284 0.0432341
0.0377602 0.143072 0.0207114 9.9973E-05 9.9973E-05 0.184819 0.613337 9.9973E-05
9.9964E-05 9.9964E-05 0.270096 9.9964E-05 0.0548195 0.560669 0.114016 9.9964E-05
0.0109719 0.0898316 0.049686 9.9991E-05 0.113936 0.512962 0.200019 0.0224931
0.00369717 9.9982E-05 0.032353 9.9982E-05 0.0707642 0.592293 0.122459 0.178234
9.9955E-05 9.9955E-05 9.9955E-05 0.0490457 9.9955E-05 0.325454 0.625001 9.9955E-05
0.0211949 0.0333757 9.9973E-05 9.9973E-05 9.9973E-05 0.649656 0.225592 0.0698809
0.00391702 9.9982E-05 0.00391226 9.9982E-05 0.0715678 0.499646 0.22848 0.192277
9.9955E-05 9.9955E-05 0.280736 9.9955E-05 9.9955E-05 9.9955E-05 0.656676 0.0620882
9.9973E-05 0.473286 0.118641 0.0709391 9.9973E-05 0.15587 0.180964 9.9973E-05
9.999E-05 0.238938 0.282775 0.137365 0.0297199 0.0166562 0.24658 0.0478664
9.9991E-05 0.219612 0.00602748 0.019055 0.103137 0.490238 0.0846093 0.0772204
0.00455244 0.0451517 0.193448 0.0379037 9.9982E-05 0.607858 9.9982E-05 0.110886
0.0344679 0.015851 9.9991E-05 0.207031 0.0130659 0.577019 0.068702 0.0837627
0.0502859 0.329105 0.15557 0.011271 9.9991E-05 0.15579 0.256942 0.0409358
0.0397408 0.285456 0.0483748 0.0740579 9.9973E-05 0.55207 9.9973E-05 9.9973E-05
0.0299366 0.142766 0.126477 9.9991E-05 0.0774086 0.527879 0.0451872 0.0502466
0.0470794 0.26097 0.0941869 0.0702423 0.0323758 0.342458 0.106495 0.0461934
0.0173464 0.388165 0.251487 0.0134084 0.0738918 0.0386304 0.0903778 0.126693
0.019928 0.0918129 0.0399005 0.00729116 0.0113668 0.499138 0.207884 0.122679
0.0066181 0.256804 0.0100825 0.0957677 0.020118 0.452466 0.0410182 0.117125
0.0731195 0.574555 0.16861 0.0266902 9.9982E-05 0.0362115 0.120614 9.9982E-05
0.00600139 0.193956 0.0791139 0.0775221 9.9991E-05 0.558057 0.0824423 0.00280744
0.0160638 0.0117197 0.1813 0.165975 0.0960306 0.528711 9.9982E-05 9.9982E-05
0.115468 0.174554 0.032028 0.0368845 0.096483 0.473993 0.0522873 0.0183033
0.00782624 0.3256 0.13778 0.0219722 0.108419 0.20435 0.177647 0.0164049
0.0809443 0.201393 0.252897 9.9973E-05 0.0517285 0.412737 9.9973E-05 9.9973E-05
0.0843871 0.167431 0.0505441 0.0404868 0.00968204 0.541161 0.106208 9.9991E-05
0.0618201 0.377894 0.130585 0.0439049 9.9982E-05 0.193928 0.191668 9.9982E-05
9.9973E-05 0.0562949 0.0190989 9.9973E-05 0.0147502 0.529234 0.380322 9.9973E-05
0.0413397 0.0715319 0.0132553 9.9973E-05 9.9973E-05 0.188917 0.684656 9.9973E-05
0.00560206 0.0546915 9.9991E-05 0.120444 0.0305227 0.485894 0.170205 0.13254
9.9946E-05 9.9946E-05 0.145707 9.9946E-05 9.9946E-05 9.9946E-05 0.853693 9.9946E-05
9.9964E-05 0.0407815 0.0730137 0.0618348 9.9964E-05 9.9964E-05 0.82397 9.9964E-05
9.9955E-05 0.00843827 9.9955E-05 9.9955E-05 9.9955E-05 0.247385 0.743677 9.9955E-05
0.00944625 0.0638514 9.9982E-05 9.9982E-05 0.0202597 0.441608 0.45865 0.00598432
0.0106083 0.0021523 9.9991E-05 0.133698 0.0857733 0.48609 0.0960373 0.185541
9.9991E-05 0.0954594 0.00742062 0.017682 0.0107332 0.436432 0.427004 0.00516923
0.0138102 0.210159 9.9982E-05 9.9982E-05 0.053989 0.108334 0.589602 0.0239064
9.9964E-05 0.247144 9.9964E-05 9.9964E-05 9.9964E-05 0.238141 0.47969 0.0346255
0.0038112 0.0652593 9.9991E-05 0.119574 0.130154 0.403092 0.221494 0.0565155
9.9973E-05 0.101777 9.9973E-05 0.0569653 9.9973E-05 0.280078 0.526131 0.0347483
0.0377654 0.00214777 9.9973E-05 9.9973E-05 9.9973E-05 0.362738 0.546459 0.0505899
9.9964E-05 9.9964E-05 0.0181909 9.9964E-05 9.9964E-05 0.364131 0.601184 0.0160935
9.9973E-05 9.9973E-05 0.160368 0.0432453 0.0367024 9.9973E-05 0.744064 0.0153207
9.9982E-05 0.0258571 0.0330497 9.9982E-05 0.0107376 0.688123 0.192336 0.0496957
0.0543129 0.0330954 9.9964E-05 9.9964E-05 9.9964E-05 0.127673 9.9964E-05 0.784519
0.097332 9.9955E-05 9.9955E-05 9.9955E-05 9.9955E-05 0.104009 9.9955E-05 0.79816
0.131031 9.9955E-05 9.9955E-05 9.9955E-05 9.9955E-05 0.0963342 9.9955E-05 0.772135
0.0984145 9.9982E-05 0.000781197 9.9982E-05 0.018495 0.0149248 0.0295555 0.837629
0.0893543 9.9955E-05 9.9955E-05 9.9955E-05 9.9955E-05 0.107329 9.9955E-05 0.802817
0.0594629 9.9982E-05 0.0130109 0.0305796 0.0209754 0.0624635 9.9982E-05 0.813308
0.0546145 9.9955E-05 9.9955E-05 9.9955E-05 9.9955E-05 0.0720545 9.9955E-05 0.872831
0.000966251 0.118637 9.9982E-05 9.9982E-05 0.0641086 0.452923 0.264276 0.0988882
9.9982E-05 0.0691026 0.0730847 0.0306846 9.9982E-05 0.561871 0.196212 0.0688449
9.9973E-05 0.0794836 9.9973E-05 0.0280912 9.9973E-05 0.0398361 0.821467 0.0308222
0.0162907 0.0823343 0.0296404 0.0920575 0.022045 0.551293 0.1291 0.0772389
0.00504588 0.0882858 0.020925 9.9991E-05 0.0394051 0.442079 0.378788 0.0253718
0.0212827 0.0017892 9.9973E-05 9.9973E-05 9.9973E-05 0.576743 0.347071 0.052815
9.9973E-05 9.9973E-05 9.9973E-05 0.147189 0.0207801 0.50175 0.288648 0.0413329
0.0382196 9.9973E-05 0.0159876 9.9973E-05 0.0675068 0.481949 0.396037 9.9973E-05
9.9964E-05 0.197279 9.9964E-05 0.00257035 9.9964E-05 9.9964E-05 0.753878 0.0458729
0.0105679 0.12209 0.0726293 0.0861848 0.0425025 0.53381 0.0636274 0.0685882
9.9982E-05 0.0271127 0.0589724 0.0738689 9.9982E-05 0.668665 0.111446 0.0597356
0.0244362 0.17608 9.9982E-05 9.9982E-05 0.162204 0.415817 0.157942 0.0633197
0.07417 9.9973E-05 0.0634647 9.9973E-05 0.0132943 0.302071 0.5467 9.9973E-05
9.9964E-05 9.9964E-05 9.9964E-05 0.139756 9.9964E-05 0.48279 0.293544 0.0835093
0.0865992 0.0950106 9.9964E-05 9.9964E-05 9.9964E-05 0.434604 0.383387 9.9964E-05
9.9955E-05 9.9955E-05 9.9955E-05 9.9955E-05 0.0668717 0.282303 0.650326 9.9955E-05
0.0320869 0.0495696 9.9982E-05 0.0159531 9.9982E-05 0.449269 0.413233 0.0396885
0.0910477 0.0978745 9.9982E-05 0.0407886 9.9982E-05 0.564803 0.0683167 0.13697
0.00683704 0.32626 0.14587 0.281196 9.9982E-05 0.198937 9.9982E-05 0.040701
0.071719 0.331242 0.00790025 9.9991E-05 0.126304 0.304949 0.109537 0.0482487
0.0795198 0.129204 0.0416513 0.0490904 9.9982E-05 0.620637 9.9982E-05 0.0796984
9.9982E-05 0.11155 9.9982E-05 0.0148924 0.0869526 0.560309 0.171477 0.0546191
0.0507463 0.354011 9.9964E-05 0.0947761 9.9964E-05 0.500067 9.9964E-05 9.9964E-05
9.9964E-05 0.282215 9.9964E-05 0.0838404 0.0327893 0.600755 9.9964E-05 9.9964E-05
9.9973E-05 0.360929 9.9973E-05 0.088935 9.9973E-05 0.462822 0.0610246 0.0259898
0.00801196 0.128656 0.123024 0.127536 9.9991E-05 0.502251 0.0379528 0.0724682
0.0236706 0.183981 0.102426 9.9991E-05 0.125733 0.428113 0.118735 0.0172418
0.0231128 0.18862 0.025351 0.11739 9.9991E-05 0.556982 0.0401988 0.0482456
0.0192403 0.350362 0.0427567 0.0429216 9.9991E-05 0.468891 0.0595007 0.0162282
0.0176353 0.132087 0.06917 0.0361272 0.000296525 0.630912 9.9991E-05 0.113673
0.0530534 0.12357 0.0895436 0.0577793 9.9982E-05 0.580806 9.9982E-05 0.0950477
9.9982E-05 0.19013 9.9982E-05 0.126796 0.0406923 0.584517 0.0573197 0.000345237
0.0457742 0.103754 0.0873327 0.0826776 0.0864549 0.565738 9.9991E-05 0.0281692
0.0145688 0.152929 0.015683 0.115468 0.043301 0.577587 0.0803627 9.9991E-05
0.0953421 0.286468 0.172552 0.117109 0.00379297 0.319829 9.9991E-05 0.00480695
9.9982E-05 0.249433 0.0769622 9.9982E-05 0.0559687 0.559677 0.000979866 0.0567797
9.9991E-05 0.140244 0.0522918 0.0671283 0.0541808 0.653904 0.0306809 0.00147089
9.9991E-05 0.429713 0.026789 0.0999335 0.0655391 0.234806 0.139564 0.00355519
9.9991E-05 0.290094 0.222909 0.241322 0.0330126 0.160054 0.049313 0.00319596
0.0678332 0.175783 0.0122194 0.0155805 0.00759218 0.538831 0.18206 9.9991E-05
9.9982E-05 0.329564 0.152027 0.289429 0.06439 0.0035872 0.160803 9.9982E-05
9.9973E-05 0.423972 9.9973E-05 0.11515 9.9973E-05 0.348228 0.0448799 0.0674696
9.9973E-05 0.32101 9.9973E-05 0.107729 9.9973E-05 0.406362 0.151597 0.0130013
0.0443358 0.471992 9.9982E-05 0.0397643 9.9982E-05 0.300682 0.137546 0.00547987
9.9982E-05 0.49116 0.0100961 0.0857538 0.0231868 0.315777 0.073827 9.9982E-05
0.090674 0.141923 0.112966 9.9982E-05 0.0249542 0.60392 0.0253626 9.9982E-05
9.9982E-05 0.117974 0.0928646 9.9982E-05 0.052051 0.616927 0.0341543 0.0858296
0.0272792 0.261223 0.0431585 0.104198 0.0376443 0.526297 9.9982E-05 9.9982E-05
9.9982E-05 0.386421 0.208712 0.0565687 0.0435927 0.158292 0.146214 9.9982E-05
0.0396089 0.137179 0.12856 9.9982E-05 9.9982E-05 0.541545 0.0446482 0.108259
9.9991E-05 0.00659864 0.246236 0.028295 0.0543558 0.488105 0.128021 0.0482892
0.00145449 0.155186 0.459137 0.119165 9.9991E-05 0.0276993 0.138255 0.0990025
0.0355766 9.9991E-05 0.0719793 0.118531 0.0151715 0.580275 0.044274 0.134093
0.0123976 0.061679 0.211268 0.20155 9.9991E-05 0.3864 0.0753184 0.0512874
9.9982E-05 0.105409 0.149626 0.111775 9.9982E-05 0.563372 0.0240437 0.0455748
0.0357198 0.0546903 0.433509 9.9982E-05 9.9982E-05 0.3242 0.118137 0.0335447
0.0518102 0.207404 0.389397 0.0858406 9.9982E-05 0.200778 0.0645702 9.9982E-05
0.0344322 0.16305 0.180645 0.100674 9.9991E-05 0.460951 0.0476445 0.0125021
0.00402937 0.133644 0.225011 9.9982E-05 9.9982E-05 0.527646 0.0537531 0.055717
0.0159877 0.118235 0.127123 0.138163 0.0678973 0.335815 0.0871539 0.109625
9.9991E-05 0.133259 0.317281 0.153432 0.154985 0.00744241 0.212056 0.0214449
0.0687027 0.0092743 0.147791 0.0370939 0.0556157 0.493942 0.113471 0.0741085
9.9973E-05 0.085271 0.367237 0.00391898 9.9973E-05 0.387355 0.155919 9.9973E-05
0.0072481 0.121311 0.142312 0.0944861 9.9982E-05 0.444676 0.189767 9.9982E-05
0.0164252 0.101238 0.0140352 0.0849225 9.9991E-05 0.639701 0.0299752 0.113603
0.0656055 9.9982E-05 0.279955 9.9982E-05 0.233584 0.133057 0.0179783 0.269619
9.9955E-05 9.9955E-05 0.392691 9.9955E-05 0.137249 9.9955E-05 9.9955E-05 0.46956
0.0435091 9.9964E-05 0.488025 9.9964E-05 0.131528 9.9964E-05 9.9964E-05 0.336538
0.0148073 9.9973E-05 0.23575 9.9973E-05 0.263488 0.116915 9.9973E-05 0.368739
9.9964E-05 9.9964E-05 0.241962 0.0200798 9.9964E-05 0.687426 0.0501321 9.9964E-05
9.9991E-05 0.0109612 0.0935156 0.0792736 0.0195385 0.61382 0.0372244 0.145567
0.0170069 0.00342358 9.9973E-05 9.9973E-05 0.747976 0.202929 0.0283652 9.9973E-05
0.0520085 0.0754528 0.0310479 9.9982E-05 0.361176 0.387186 0.0929294 9.9982E-05
0.0568758 0.0548022 0.0574414 0.102511 0.437854 0.290316 9.9982E-05 9.9982E-05
9.9973E-05 0.0108507 0.471793 0.0648712 9.9973E-05 0.304936 0.147249 9.9973E-05
9.9982E-05 0.100501 0.169548 0.0562766 0.0734794 0.51129 0.0887054 9.9982E-05
9.9964E-05 9.9964E-05 0.514367 0.140656 9.9964E-05 0.226317 0.11826 9.9964E-05
9.9991E-05 0.00900779 0.139737 0.0150925 0.00529426 0.64326 0.178588 0.00892064
0.0115878 0.0159273 0.231476 0.196459 0.00905414 0.460875 0.0745214 9.9991E-05
9.9982E-05 0.0519955 0.215494 0.074386 0.05651 0.55577 0.045644 9.9982E-05
9.9982E-05 0.0454959 0.443014 0.13741 0.0132288 0.192777 0.167874 9.9982E-05
0.00773618 9.9991E-05 0.136624 0.0819677 0.140987 0.567199 0.0113082 0.0540777
0.0277425 0.0526211 0.205774 0.0288855 0.0484919 0.586915 0.0492419 0.000328521
9.9946E-05 9.9946E-05 9.9946E-05 9.9946E-05 0.980815 9.9946E-05 0.0185855 9.9946E-05
9.9955E-05 0.0170172 9.9955E-05 9.9955E-05 0.90166 0.0808233 9.9955E-05 9.9955E-05
0.0102737 0.0959651 9.9982E-05 0.0230977 0.670286 0.174984 0.025193 9.9982E-05
0.0155022 0.0112807 9.9973E-05 0.0296332 0.688196 0.255088 9.9973E-05 9.9973E-05
0.00870717 9.9982E-05 0.0471737 9.9982E-05 0.776893 0.154027 0.0111064 0.00189251
0.0177702 9.9946E-05 9.9946E-05 9.9946E-05 0.98163 9.9946E-05 9.9946E-05 9.9946E-05
0.0110982 0.0460504 9.9955E-05 9.9955E-05 0.942352 9.9955E-05 9.9955E-05 9.9955E-05
9.9955E-05 9.9955E-05 9.9955E-05 0.00195806 0.857035 0.140507 9.9955E-05 9.9955E-05
9.9946E-05 0.0499605 9.9946E-05 9.9946E-05 0.94944 9.9946E-05 9.9946E-05 9.9946E-05
9.994E-05 9.994E-05 9.994E-05 9.994E-05 0.9993 9.994E-05 9.994E-05 9.994E-05
0.00444301 9.9946E-05 9.9946E-05 9.9946E-05 0.994957 9.9946E-05 9.9946E-05 9.9946E-05
0.068683 0.0142356 9.9973E-05 0.00561525 0.729857 0.181309 9.9973E-05 9.9973E-05
0.00488072 9.9982E-05 0.0347981 9.9982E-05 0.815513 0.0650367 0.0584083 0.0211636
9.9946E-05 9.9946E-05 9.9946E-05 9.9946E-05 0.946921 9.9946E-05 0.0524794 9.9946E-05
0.00757606 0.0512085 0.0149384 9.9991E-05 0.330208 0.317519 0.147308 0.131142
0.0114847 0.0799759 0.0235823 9.9982E-05 0.627587 0.210249 9.9982E-05 0.046921
0.0136072 9.9982E-05 0.0135622 0.0477273 0.748993 0.137095 9.9982E-05 0.0388151
0.0231021 0.0429795 9.9964E-05 9.9964E-05 0.873738 0.0597809 9.9964E-05 9.9964E-05
0.00171032 9.9964E-05 9.9964E-05 9.9964E-05 0.9654 0.0290458 9.9964E-05 0.00344357
0.00791092 0.0841077 9.9982E-05 0.00129175 0.85182 0.0108509 9.9982E-05 0.043819
0.00734861 9.9946E-05 9.9946E-05 9.9946E-05 0.992052 9.9946E-05 9.9946E-05 9.9946E-05
0.0129201 0.0937572 9.9991E-05 0.0011564 0.572248 0.278055 0.00933567 0.0324271
9.9973E-05 0.0464957 9.9973E-05 0.0102491 0.895934 0.0232271 0.0237942 9.9973E-05
9.9964E-05 9.9964E-05 0.6481 0.0541339 0.0397215 9.9964E-05 9.9964E-05 0.257644
0.05055 0.0559074 0.202945 0.00852072 0.00999844 0.493064 0.0238165 0.155197
9.9982E-05 9.9982E-05 0.242936 0.00907029 0.0422153 0.471156 0.030489 0.203933
0.0716592 9.9973E-05 0.511968 9.9973E-05 0.0734182 0.217709 9.9973E-05 0.124946
0.030913 0.0743584 0.267831 9.9991E-05 0.135839 0.356009 0.0625556 0.0723929
0.0379153 9.9991E-05 0.392925 0.0274232 0.106577 0.172704 0.0723227 0.190033
9.9991E-05 0.0958397 0.150362 0.0306185 0.0883165 0.40902 0.00797087 0.217773
0.0133448 9.9982E-05 0.385956 0.0486735 0.181299 0.283521 9.9982E-05 0.0870053
0.0626848 0.0140554 0.263819 0.0194487 0.103658 0.420028 9.9991E-05 0.116206
0.0313732 9.9973E-05 0.394001 9.9973E-05 0.22832 0.306078 9.9973E-05 0.0399276
0.0286574 9.9982E-05 0.205332 0.0470235 0.0252927 0.500624 9.9982E-05 0.19287
9.9973E-05 0.0648805 0.0953944 0.0145563 9.9973E-05 0.0379943 9.9973E-05 0.786874
0.054398 9.9964E-05 9.9964E-05 0.0291718 0.0602266 9.9964E-05 9.9964E-05 0.855804
0.0543937 0.0407036 9.9955E-05 9.9955E-05 9.9955E-05 9.9955E-05 9.9955E-05 0.904403
0.0109257 0.0440273 9.9964E-05 9.9964E-05 9.9964E-05 0.0250952 9.9964E-05 0.919552
0.170316 0.0948831 9.9955E-05 9.9955E-05 9.9955E-05 9.9955E-05 9.9955E-05 0.734301
0.0767714 9.9964E-05 9.9964E-05 0.0381353 0.0989073 9.9964E-05 9.9964E-05 0.785786
0.0786666 0.0213927 9.9964E-05 9.9964E-05 0.0838444 9.9964E-05 9.9964E-05 0.815696
0.0308711 9.9973E-05 9.9973E-05 0.0653545 9.9973E-05 0.00189462 0.0154665 0.886113
0.0327576 9.9982E-05 9.9982E-05 0.0203118 0.0217444 0.00264758 0.0287274 0.893611
0.00219043 9.9973E-05 0.0497073 9.9973E-05 0.0308398 0.055135 9.9973E-05 0.861827
0.0761828 0.239882 0.022126 0.0176652 9.9982E-05 9.9982E-05 0.111618 0.532326
0.0760483 0.279036 0.0210261 9.9973E-05 9.9973E-05 9.9973E-05 0.0491672 0.574423
0.0545212 0.275609 0.0668955 0.10692 9.9973E-05 9.9973E-05 9.9973E-05 0.495754
0.002002 0.305994 0.136731 0.0144628 9.9982E-05 9.9982E-05 0.0613369 0.479273
9.9973E-05 0.245984 9.9973E-05 0.0196467 9.9973E-05 0.48518 0.201628 0.0472617
9.9973E-05 0.122404 9.9973E-05 0.150538 0.070827 0.442585 0.213346 9.9973E-05
9.9964E-05 0.17108 0.032927 9.9964E-05 9.9964E-05 0.549065 0.246529 9.9964E-05
0.0245338 0.307203 9.9982E-05 0.0582049 9.9982E-05 0.390455 0.201656 0.0177482
9.9982E-05 0.60003 0.0774879 0.0403552 0.00017151 0.178617 0.103139 9.9982E-05
9.9982E-05 0.0305908 9.9982E-05 0.0417796 0.0651179 0.632335 0.15371 0.0762671
9.9973E-05 0.0657421 9.9973E-05 0.04057 0.00353131 0.621029 0.268828 9.9973E-05
0.024689 0.0875724 0.0490886 0.0729041 9.9982E-05 0.542361 0.223185 9.9982E-05
9.9973E-05 9.9973E-05 0.0778346 0.0452988 0.0692404 0.347074 0.460252 9.9973E-05
9.9982E-05 0.140501 0.0906525 0.019301 0.0148662 0.591092 0.143388 9.9982E-05
0.0162428 0.178865 9.9973E-05 0.0980678 9.9973E-05 0.428972 0.277552 9.9973E-05
9.9964E-05 0.102759 0.0643125 0.138112 9.9964E-05 9.9964E-05 0.694416 9.9964E-05
9.9982E-05 0.155892 0.0887096 0.0602564 9.9982E-05 0.578265 0.0508359 0.0658414
0.0268011 0.0283225 0.109357 0.105251 9.9982E-05 0.23775 0.492318 9.9982E-05
9.9973E-05 0.00803505 9.9973E-05 0.140933 9.9973E-05 0.49874 0.321471 0.0305212
9.9973E-05 0.268685 9.9973E-05 0.0178491 9.9973E-05 0.11477 0.564119 0.0342775
0.00971171 0.671369 0.132365 9.9973E-05 9.9973E-05 9.9973E-05 0.0674118 0.118842
9.9964E-05 0.699694 0.132933 9.9964E-05 9.9964E-05 0.0946236 9.9964E-05 0.0723492
0.0135829 0.789783 0.0425757 0.0926114 9.9991E-05 0.00913927 0.0289179 0.0232894
9.9964E-05 0.809143 0.0080189 9.9964E-05 9.9964E-05 9.9964E-05 0.0531107 0.129328
0.0294677 0.756436 0.113576 0.045601 0.0090867 0.0456322 9.9982E-05 9.9982E-05
9.9973E-05 0.773554 0.0422411 9.9973E-05 0.0286688 0.0830922 9.9973E-05 0.0721437
0.0654921 9.9964E-05 9.9964E-05 9.9964E-05 9.9964E-05 0.100154 0.00275506 0.831199
0.0612911 0.0262923 9.9964E-05 9.9964E-05 9.9964E-05 0.11938 9.9964E-05 0.792637
0.0743905 9.9964E-05 9.9964E-05 9.9964E-05 0.0714332 0.147509 9.9964E-05 0.706268
0.0555902 0.0810926 9.9973E-05 9.9973E-05 0.0516756 0.0784113 9.9973E-05 0.73293
0.0417329 0.0430836 9.9982E-05 0.00413979 0.0482062 0.0842353 9.9982E-05 0.778402
0.00589777 0.506309 0.10571 9.9964E-05 9.9964E-05 9.9964E-05 9.9964E-05 0.381683
0.00637993 0.402132 0.0280749 0.0992764 9.9982E-05 9.9982E-05 0.0383018 0.425635
0.00817494 0.461859 0.0214357 0.0610332 0.00994536 9.9982E-05 9.9982E-05 0.437352
0.9993 9.994E-05 9.994E-05 9.994E-05 9.994E-05 9.994E-05 9.994E-05 9.994E-05
0.0273034 0.498001 0.0338647 0.0473331 9.9982E-05 9.9982E-05 0.0724137 0.320884
9.9973E-05 9.9973E-05 0.125212 0.117089 0.334706 0.252963 9.9973E-05 0.16973
0.015749 0.0379356 0.0527438 0.00404559 0.193245 0.560199 0.0419625 0.0941198
0.00758851 9.9964E-05 9.9964E-05 9.9964E-05 0.2671 0.56106 9.9964E-05 0.163851
0.0219801 9.9982E-05 0.162356 9.9982E-05 0.15699 0.368204 0.0349905 0.25528
0.0856601 0.0584881 0.0412002 9.9991E-05 0.198034 0.454219 0.0705058 0.091793
9.9955E-05 9.9955E-05 0.261379 9.9955E-05 0.290294 9.9955E-05 9.9955E-05 0.447828
0.0189457 0.396286 9.9982E-05 0.0442465 0.01388 0.399578 0.126864 9.9982E-05
9.9982E-05 0.238218 0.125601 0.300756 0.0261452 0.299814 0.00926575 9.9982E-05
0.0478006 0.500828 9.9982E-05 0.0871686 9.9982E-05 0.263471 0.0612729 0.0392584
0.000720315 0.0878221 9.9973E-05 0.290353 9.9973E-05 0.514701 0.106104 9.9973E-05
9.9964E-05 0.189866 0.347831 0.369824 9.9964E-05 9.9964E-05 0.0920797 9.9964E-05
0.040778 0.145048 0.110342 0.0204703 0.0464426 0.476181 0.0566049 0.104134
9.9991E-05 0.186426 0.0414246 0.266408 0.0634074 0.389792 0.0246798 0.0277627
0.0408087 0.360023 9.9982E-05 0.0386723 9.9982E-05 0.335227 0.153801 0.0712681
9.9982E-05 0.148987 0.114859 0.105352 0.0374236 0.521766 9.9982E-05 0.0714117
0.0175443 0.285077 0.274225 0.142338 9.9982E-05 0.0867632 0.193852 9.9982E-05
9.9973E-05 0.137469 0.146613 0.166758 0.0591108 0.489749 9.9973E-05 9.9973E-05
0.0237161 0.29901 9.9982E-05 0.0153806 0.0398583 0.528047 0.0937879 9.9982E-05
9.9982E-05 0.127781 0.027699 9.9982E-05 0.16614 0.386311 0.145502 0.146368
9.9973E-05 0.283842 0.0895021 0.203907 9.9973E-05 0.370564 0.0518857 9.9973E-05
9.9982E-05 0.285898 0.00364477 0.171002 9.9982E-05 0.443935 0.066646 0.0286744
9.9982E-05 0.142928 0.0757698 0.198276 0.0850968 0.391935 0.105793 9.9982E-05
9.9982E-05 0.173177 0.070518 0.0997011 9.9982E-05 0.54003 0.0660481 0.0503262
0.0106826 0.119482 0.0273875 0.0468101 0.0571426 0.635196 0.0960662 0.00723289
0.0659813 0.0759609 9.9991E-05 0.130993 0.0618717 0.544709 0.0718407 0.0485434
0.0230294 0.216616 9.9991E-05 0.0306815 0.0311361 0.519567 0.130935 0.0479342
9.9955E-05 9.9955E-05 9.9955E-05 9.9955E-05 0.0596289 0.160313 9.9955E-05 0.779558
9.9964E-05 9.9964E-05 9.9964E-05 0.011025 9.9964E-05 0.134188 0.00935837 0.845028
9.9982E-05 0.0541663 0.01981 0.0287179 9.9982E-05 0.0927804 0.0206924 0.783633
0.0112294 0.00197869 9.9982E-05 0.0248067 9.9982E-05 0.0985361 0.0559993 0.80725
0.0601162 9.9973E-05 9.9973E-05 9.9973E-05 0.0198965 0.125205 0.0209298 0.773552
9.9973E-05 0.58256 0.117175 0.0592376 0.0505871 0.19014 9.9973E-05 9.9973E-05
0.0183046 0.152093 0.0410197 0.18685 0.00869755 0.497112 0.0544086 0.0415139
9.9973E-05 0.0516939 0.153127 9.9973E-05 0.130114 0.461457 9.9973E-05 0.203309
0.0029375 0.170276 0.0281936 0.0699199 0.0474696 0.663643 9.9991E-05 0.0174602
9.9973E-05 0.202405 9.9973E-05 0.112847 9.9973E-05 0.549643 0.0958902 0.0389137
9.9973E-05 0.351286 0.148954 0.22133 0.120632 0.157498 9.9973E-05 9.9973E-05
0.0412211 0.640765 0.154086 9.9982E-05 9.9982E-05 0.0152834 0.0900427 0.0584019
0.0382285 0.294945 9.9991E-05 0.0306557 0.0696848 0.455806 0.108357 0.00222377
0.0616152 0.476353 9.9991E-05 0.221273 0.0479313 0.128181 0.0553055 0.00924124
0.000720449 0.13241 0.0682511 0.187276 0.124477 0.313053 0.12689 0.046922
9.9991E-05 0.537721 0.0138838 0.111377 0.0394883 0.0402919 0.131242 0.125896
0.06926 0.164831 0.0555741 9.9982E-05 0.0245567 0.613591 9.9982E-05 0.0719864
0.0377242 0.541767 0.000341036 0.0690153 0.0220569 0.158379 0.110374 0.0603436
0.0389448 0.304824 0.0612645 0.0952059 0.0677844 0.307432 0.124444 9.9991E-05
0.00315965 0.108503 0.235459 0.0330888 0.0338866 0.46968 0.0627866 0.0534367
9.9964E-05 0.117364 0.504424 0.0876847 9.9964E-05 0.290127 9.9964E-05 9.9964E-05
9.9982E-05 9.9982E-05 0.230072 0.00643934 0.0278928 0.509464 0.181454 0.0444783
9.9964E-05 0.100131 0.291856 9.9964E-05 9.9964E-05 0.493103 9.9964E-05 0.11451
9.9973E-05 0.13216 0.398823 0.0515669 9.9973E-05 0.369843 0.0473068 9.9973E-05
0.0553007 0.036061 0.159057 0.0523054 9.9982E-05 0.592262 0.104814 9.9982E-05
9.9964E-05 9.9964E-05 0.275954 0.09298 9.9964E-05 0.602801 0.0278651 9.9964E-05
9.9973E-05 0.0727874 0.532815 0.13361 9.9973E-05 0.10099 0.159497 9.9973E-05
9.9964E-05 9.9964E-05 0.564784 0.0815735 9.9964E-05 0.254464 0.0987788 9.9964E-05
9.9973E-05 0.0917941 0.241163 0.0931623 9.9973E-05 0.504061 0.0695205 9.9973E-05
9.9973E-05 0.0862892 0.521096 0.101364 9.9973E-05 0.124803 0.166148 9.9973E-05
9.9964E-05 0.13852 0.329643 9.9964E-05 9.9964E-05 0.485741 0.045695 9.9964E-05
0.011536 0.614655 0.061842 0.0652377 0.0332627 0.0899205 0.123446 9.9991E-05
9.9982E-05 0.359507 0.00309707 0.342101 0.0328838 0.225356 0.0368553 9.9982E-05
0.0490575 0.400374 9.9982E-05 0.00883324 0.0632311 0.380155 0.0981498 9.9982E-05
0.0492268 0.197596 9.9982E-05 0.0261755 0.0947318 0.615419 0.0166508 9.9982E-05
9.9982E-05 0.45784 0.0481238 0.0871431 0.0211281 0.225565 0.16 9.9982E-05
9.9982E-05 0.162277 0.127296 0.101339 0.154289 0.448334 0.00626561 9.9982E-05
0.0615352 0.240991 0.0692605 9.9982E-05 0.0759869 0.541096 0.0109306 9.9982E-05
9.9982E-05 0.295238 0.0117574 0.118764 0.11931 0.425851 9.9982E-05 0.0288803
0.0137525 0.308354 9.9982E-05 0.0943903 0.0684309 0.506551 0.0083219 9.9982E-05
0.0118256 0.395118 9.9973E-05 9.9973E-05 0.0401821 0.408333 0.144241 9.9973E-05
9.9973E-05 0.515069 9.9973E-05 0.0310945 0.136819 0.152919 0.163799 9.9973E-05
9.9982E-05 0.418566 0.0101341 0.119657 0.107843 0.259854 0.0837461 9.9982E-05
9.9982E-05 0.226413 0.038213 0.0662589 0.0543341 0.579237 0.0353438 9.9982E-05
0.0237249 0.177329 0.0145882 0.092815 0.0617777 0.569157 0.0605086 9.9991E-05
0.0393291 0.262827 9.9991E-05 0.143731 0.00786044 0.459052 0.0420156 0.0450857
0.00401447 0.268399 9.9973E-05 0.17958 0.108408 0.439298 9.9973E-05 9.9973E-05
0.00216959 0.464644 0.108513 9.9982E-05 0.0242738 0.377661 9.9982E-05 0.0225393
0.00548081 0.239457 9.9982E-05 0.0618745 9.9982E-05 0.55586 0.0962507 0.0408763
9.9973E-05 0.247084 9.9973E-05 0.0613794 0.0637718 0.540079 9.9973E-05 0.0873861
0.0479643 0.215484 9.9982E-05 9.9982E-05 0.0307131 0.50573 0.11172 0.0881882
0.044733 9.9982E-05 0.0304338 9.9982E-05 0.0653957 0.405213 0.0876893 0.366335
0.0480266 9.9982E-05 9.9982E-05 0.0981435 0.236664 0.43008 0.0567352 0.130151
0.0486427 0.0230263 0.0951982 0.0275542 0.150419 0.525303 0.0246083 0.105248
0.063363 0.0697671 0.0147104 0.147077 0.116241 0.55536 0.0272573 0.00622402
0.0118287 0.013557 0.0277115 0.041359 0.186056 0.462386 0.0833044 0.173796
9.9964E-05 0.188666 0.160231 0.214916 9.9964E-05 0.435787 9.9964E-05 9.9964E-05
0.0150875 9.9991E-05 0.0137907 0.00514317 0.0768603 0.614939 0.109103 0.164977
0.00835669 9.9973E-05 0.463691 9.9973E-05 0.123069 9.9973E-05 0.217516 0.187068
0.0278797 0.217806 0.114998 9.9973E-05 0.16567 0.473347 9.9973E-05 9.9973E-05
0.0190995 0.0149131 0.0277307 0.0880347 0.167329 0.512261 9.9991E-05 0.170532
0.00174502 0.0339303 0.111753 0.12956 0.15662 0.460237 0.0268688 0.0792861
0.00692786 0.135982 0.20576 0.0189138 0.202594 0.25056 0.0700055 0.109258
9.9982E-05 0.0330148 0.164916 9.9982E-05 0.240734 0.352036 0.0514398 0.157659
0.0627906 0.0209147 0.0269775 0.111324 0.148528 0.518832 9.9991E-05 0.110533
0.0499794 9.9973E-05 0.316883 9.9973E-05 0.204973 9.9973E-05 0.0455031 0.382361
0.0336663 9.9982E-05 0.15389 0.0538202 0.135176 0.494378 9.9982E-05 0.12887
0.0182935 0.0293558 0.0571237 0.00774261 0.226239 0.490083 0.00626029 0.164903
9.9982E-05 0.0667181 0.026056 0.0571507 0.0754572 0.615619 9.9982E-05 0.158799
0.000134744 9.9973E-05 0.107856 9.9973E-05 0.128353 0.564351 9.9973E-05 0.199006
0.014607 0.123914 0.0386361 0.0765541 0.0747085 0.451416 0.0348915 0.185273
0.0389296 0.0235061 9.9991E-05 0.423663 0.0470347 0.345614 0.0604687 0.0606836
9.9982E-05 0.0735678 0.0839295 0.227275 0.016499 0.578512 9.9982E-05 0.020017
9.9964E-05 0.0354352 0.0287423 0.816753 9.9964E-05 9.9964E-05 0.11867 9.9964E-05
9.9964E-05 0.0498308 9.9964E-05 0.932777 9.9964E-05 9.9964E-05 0.0156287 0.00136346
9.9982E-05 0.0382544 9.9982E-05 0.330511 0.0119063 0.496733 0.0140157 0.108379
9.9982E-05 0.0160388 0.07039 0.142941 0.296933 0.374118 9.9982E-05 0.0993783
0.0265374 9.9982E-05 0.017265 0.246563 0.38157 0.240662 9.9982E-05 0.0872027
0.0323852 9.9982E-05 0.167684 0.211182 0.239134 0.141962 9.9982E-05 0.207453
9.9991E-05 0.0233691 0.0497004 0.170566 0.275434 0.279686 0.0174327 0.183712
9.9973E-05 9.9973E-05 0.161839 0.647269 0.0780268 0.0272214 9.9973E-05 0.0853438
0.0382464 9.9973E-05 9.9973E-05 0.677445 0.0599999 0.0980812 9.9973E-05 0.125928
0.0392647 0.0471436 9.9991E-05 0.287705 0.0911521 0.516017 0.0111877 0.00742918
9.9964E-05 9.9964E-05 9.9964E-05 0.492452 0.075819 0.359287 9.9964E-05 0.072042
0.0343716 9.9973E-05 9.9973E-05 0.699382 0.124717 0.0900499 9.9973E-05 0.0511793
9.9982E-05 0.0130019 9.9982E-05 0.342061 0.0908007 0.489558 0.00168974 0.062688
0.0483243 9.9973E-05 9.9973E-05 0.380023 0.0372961 0.523201 0.0108559 9.9973E-05
0.021009 0.115966 0.0553311 0.215651 0.114448 0.385845 9.9991E-05 0.0916494
0.00467886 0.00658333 0.0526796 0.549808 9.9982E-05 0.230491 0.15556 9.9982E-05
0.0301793 0.0813134 0.00382643 0.573512 0.0642895 0.193618 0.0531619 9.9991E-05
9.9982E-05 9.9982E-05 0.069668 0.251217 0.0386118 0.451656 0.0859716 0.102675
0.0675345 0.0668996 0.069229 0.322003 0.00523116 0.33015 0.111202 0.0277508
9.9991E-05 0.125925 0.0656506 0.262874 0.111497 0.291566 0.091285 0.0511035
9.9973E-05 0.00205839 0.00821784 0.47958 9.9973E-05 0.488255 0.021589 9.9973E-05
9.9973E-05 0.0263114 0.0157103 0.777701 9.9973E-05 0.174523 0.00545525 9.9973E-05
0.00374347 9.9982E-05 9.9982E-05 0.342401 0.0333067 0.4889 0.0785879 0.0528608
9.9964E-05 9.9964E-05 9.9964E-05 0.756898 9.9964E-05 0.168746 0.0681311 0.00582489
0.0169359 9.9955E-05 9.9955E-05 0.613213 9.9955E-05 0.369352 9.9955E-05 9.9955E-05
0.0610193 9.9973E-05 9.9973E-05 0.289237 0.0355409 0.46377 0.150133 9.9973E-05
9.9973E-05 0.0794743 9.9973E-05 0.388326 9.9973E-05 0.426738 0.0705315 0.0346304
0.019178 0.027455 0.0872447 0.0711408 0.108962 0.563708 9.9991E-05 0.122212
9.9982E-05 0.054005 0.128969 0.238387 0.210373 0.282745 9.9982E-05 0.0853213
0.0325534 0.0254354 0.230155 0.0271572 0.233133 0.364906 0.00635175 0.0803088
0.0478246 0.104253 0.0903969 0.111049 0.226705 0.312843 9.9991E-05 0.106828
0.00608522 0.10246 0.00280234 9.9991E-05 0.159521 0.45531 0.0992407 0.174481
0.0659657 0.0310829 0.0262513 0.0808278 0.0530995 0.563841 9.9991E-05 0.178832
9.9964E-05 9.9964E-05 0.0908371 0.606555 0.118013 9.9964E-05 9.9964E-05 0.184194
9.9973E-05 0.0136253 9.9973E-05 0.0902848 0.0928787 0.643771 9.9973E-05 0.15914
0.0241822 9.9973E-05 0.147776 0.367635 0.0932154 9.9973E-05 9.9973E-05 0.366891
9.9973E-05 9.9973E-05 9.9973E-05 0.261671 0.198489 0.45614 0.0470823 0.036317
9.9946E-05 9.9946E-05 9.9946E-05 0.804993 9.9946E-05 9.9946E-05 0.194407 9.9946E-05
0.000348419 9.9964E-05 0.00537312 0.894045 9.9964E-05 9.9964E-05 0.099834 9.9964E-05
0.0221203 0.00565241 9.9964E-05 0.511703 9.9964E-05 0.460125 9.9964E-05 9.9964E-05
0.057114 9.9973E-05 9.9973E-05 0.310406 0.0171852 0.610967 9.9973E-05 0.00402742
9.9973E-05 0.00956991 0.0257262 0.546273 9.9973E-05 0.336688 0.0814431 9.9973E-05
0.00346914 9.9973E-05 9.9973E-05 0.494657 0.0213624 0.394285 0.0859264 9.9973E-05
0.0228564 9.9964E-05 9.9964E-05 0.513961 9.9964E-05 0.458298 0.00448426 9.9964E-05
0.0968865 9.9982E-05 9.9982E-05 0.0548099 0.0557958 0.0491089 0.0417431 0.701456
0.0365701 0.139807 9.9973E-05 0.0214315 0.0990401 9.9973E-05 9.9973E-05 0.702851
0.0257612 0.0398536 9.9964E-05 9.9964E-05 0.0794366 9.9964E-05 9.9964E-05 0.854549
0.110425 9.9955E-05 9.9955E-05 9.9955E-05 9.9955E-05 0.0355402 9.9955E-05 0.853535
0.0387341 0.0625058 9.9991E-05 0.0680292 0.024805 0.461769 0.316695 0.0273618
0.0163585 0.0232657 0.0173864 9.9991E-05 0.0378819 0.465909 0.324285 0.114813
0.0186423 0.0401277 9.9973E-05 0.00495995 9.9973E-05 0.451487 0.484483 9.9973E-05
0.0484162 0.0872797 9.9973E-05 9.9973E-05 9.9973E-05 0.514578 0.306448 0.0429778
9.9982E-05 0.0513016 0.0504387 9.9982E-05 0.023245 0.573186 0.240288 0.061341
9.9991E-05 0.190376 0.0652779 0.00414802 0.0238168 0.186927 0.521247 0.00810758
0.0156591 9.9964E-05 9.9964E-05 0.0622556 9.9964E-05 0.594626 0.327059 9.9964E-05
0.0558563 9.9964E-05 0.134865 9.9964E-05 9.9964E-05 0.301675 0.507204 9.9964E-05
0.0224554 0.0361706 0.0775848 0.0159077 0.109156 0.490514 9.9991E-05 0.248112
9.9982E-05 0.0410551 0.0336336 0.100504 0.101528 0.365728 0.35735 9.9982E-05
0.0353947 0.133659 9.9964E-05 9.9964E-05 9.9964E-05 0.368016 0.462531 9.9964E-05
9.9973E-05 0.000227926 0.0178995 0.0826501 9.9973E-05 0.586656 0.312267 9.9973E-05
0.0281424 0.0954765 9.9982E-05 0.0243792 0.0158042 0.368508 0.467489 9.9982E-05
9.9964E-05 9.9964E-05 9.9964E-05 0.0675926 0.0661334 0.52705 0.338824 9.9964E-05
0.0477142 9.9973E-05 9.9973E-05 0.00524841 9.9973E-05 0.534856 0.36645 0.0454314
0.00714756 9.9982E-05 0.0124723 0.0361583 0.000535424 0.116597 0.826889 9.9982E-05
0.00611859 9.9982E-05 0.0811918 0.0517714 9.9982E-05 0.294824 0.539957 0.0259381
9.9982E-05 0.0821031 0.00316949 0.105415 9.9982E-05 0.264678 0.51365 0.0307842
9.9955E-05 9.9955E-05 0.136841 0.00681998 9.9955E-05 9.9955E-05 0.85584 9.9955E-05
9.9982E-05 0.142914 9.9982E-05 0.0947158 0.0297853 0.415957 0.288924 0.0275041
9.9973E-05 9.9973E-05 0.236434 0.0467749 0.00246915 0.120251 0.593771 9.9973E-05
9.9955E-05 9.9955E-05 0.152003 0.127853 9.9955E-05 9.9955E-05 0.719644 9.9955E-05
0.033524 9.9964E-05 9.9964E-05 9.9964E-05 9.9964E-05 0.60262 0.311751 0.0517047
0.0162006 0.121922 9.9973E-05 9.9973E-05 9.9973E-05 0.190402 0.635235 0.0359407
9.9982E-05 0.104838 0.105769 9.9982E-05 0.0304214 0.494105 0.256402 0.00826501
9.9991E-05 0.00659443 0.0252877 0.0424075 0.0469749 0.661078 0.145183 0.0723743
9.9973E-05 0.109835 0.00379329 9.9973E-05 9.9973E-05 0.527775 0.309272 0.0490254
9.9982E-05 0.263298 0.0964753 0.209132 0.0826439 0.337857 0.0103934 9.9982E-05
0.00762282 0.100999 9.9991E-05 0.0100464 0.00347894 0.542584 0.330019 0.00514987
0.0248719 0.0843582 9.9982E-05 0.0307007 9.9982E-05 0.470285 0.361765 0.0278185
9.9955E-05 9.9955E-05 0.0190373 9.9955E-05 9.9955E-05 0.334338 0.646125 9.9955E-05
9.9982E-05 0.118529 9.9982E-05 0.0264763 0.0523662 0.472951 0.206484 0.122994
0.0543511 0.263247 0.0900566 9.9973E-05 9.9973E-05 9.9973E-05 0.0209568 0.571089
0.091246 0.0666977 9.9973E-05 9.9973E-05 9.9973E-05 0.0163756 0.118705 0.706676
0.109736 0.151666 0.0273845 9.9964E-05 9.9964E-05 9.9964E-05 9.9964E-05 0.710814
0.0725754 0.137165 0.0490017 9.9964E-05 9.9964E-05 9.9964E-05 9.9964E-05 0.740858
0.0409347 0.20906 0.0163147 9.9973E-05 9.9973E-05 0.024659 9.9973E-05 0.708731
9.9973E-05 0.162123 9.9973E-05 9.9973E-05 0.00423063 0.14918 0.612361 0.0718062
0.0343735 0.127913 0.0191839 9.9982E-05 9.9982E-05 0.104751 0.665525 0.0480526
9.9964E-05 9.9964E-05 0.0760165 9.9964E-05 0.0116953 0.134865 0.777024 9.9964E-05
9.9982E-05 0.042887 9.9982E-05 0.0126756 0.11981 0.506451 0.18696 0.131016
0.0252297 9.9991E-05 0.13917 0.0724453 0.0663521 0.450508 0.205745 0.0404502
9.9982E-05 9.9982E-05 0.0750489 0.00630927 0.046478 0.272097 0.59109 0.00877746
0.0665978 9.9973E-05 0.0425336 9.9973E-05 9.9973E-05 0.700133 0.180716 0.00971959
9.9964E-05 9.9964E-05 9.9964E-05 9.9964E-05 0.00465937 0.451834 0.427945 0.115162
0.00408124 0.0833708 9.9982E-05 9.9982E-05 0.0475805 0.526558 0.317327 0.0208831
9.9982E-05 0.117047 9.9982E-05 0.0352418 0.0401274 0.509631 0.268683 0.0290699
9.9973E-05 0.195095 9.9973E-05 9.9973E-05 0.0688559 0.194185 0.539911 0.0016531
0.0475378 0.0649887 9.9964E-05 9.9964E-05 9.9964E-05 0.331457 0.555616 9.9964E-05
9.9955E-05 0.202452 9.9955E-05 9.9955E-05 9.9955E-05 0.330107 0.466942 9.9955E-05
0.000730069 0.0138014 0.248315 9.9973E-05 9.9973E-05 0.573045 9.9973E-05 0.163808
9.9973E-05 0.0315994 9.9973E-05 0.0326309 9.9973E-05 0.386071 0.498878 0.0505215
9.9982E-05 0.0454726 0.0275712 9.9982E-05 0.0150157 0.511883 0.378742 0.0211159
9.9964E-05 9.9964E-05 9.9964E-05 0.064025 0.339987 0.458768 9.9964E-05 0.13682
0.0290677 0.0163917 9.9973E-05 9.9973E-05 0.368703 0.470761 9.9973E-05 0.114776
0.00282072 9.9982E-05 0.0241449 9.9982E-05 0.450733 0.387847 0.0077283 0.126526
0.0392248 9.9982E-05 0.0590192 0.00541322 0.488346 0.339518 9.9982E-05 0.0682782
0.0290502 9.9982E-05 0.104665 0.0552215 0.189671 0.51581 9.9982E-05 0.105382
9.9973E-05 9.9973E-05 0.167046 0.0606355 0.0458009 0.501334 0.224884 9.9973E-05
0.022147 9.9982E-05 0.0330005 0.019173 0.571581 0.109303 9.9982E-05 0.244596
0.00725325 9.9982E-05 9.9982E-05 0.0191673 0.469733 0.327539 0.0252783 0.150828
0.0244064 0.0208716 0.198796 9.9991E-05 0.145645 0.308936 0.19195 0.109294
0.06179 0.0538643 0.296487 9.9973E-05 9.9973E-05 0.540183 9.9973E-05 0.0473759
0.0511443 0.0830309 0.332611 9.9982E-05 0.00255193 0.474747 9.9982E-05 0.055715
0.0280948 9.9973E-05 0.256123 9.9973E-05 0.0183367 0.632519 9.9973E-05 0.0646269
0.0209981 0.0408888 0.191682 0.0243586 9.9991E-05 0.567322 0.07623 0.0784199
0.0372705 9.9973E-05 9.9973E-05 9.9973E-05 0.406761 0.377495 0.0200926 0.15808
0.107621 0.0888197 9.9991E-05 0.0101989 0.387683 0.298421 0.0293072 0.0778492
9.9955E-05 9.9955E-05 9.9955E-05 9.9955E-05 0.41937 0.49387 9.9955E-05 0.0862602
0.0991289 0.0381071 0.101825 0.0735282 0.276025 0.357986 9.9991E-05 0.0532995
0.0371986 9.9973E-05 9.9973E-05 9.9973E-05 0.52252 0.248186 0.0895149 0.102281
0.0705973 9.9973E-05 9.9973E-05 9.9973E-05 0.272513 0.364187 0.150749 0.141654
0.0314168 0.0266492 0.00728419 0.0684432 0.586964 0.155488 9.9991E-05 0.123655
0.00543256 0.013723 0.0587603 0.0795528 0.309353 0.438314 9.9991E-05 0.0947649
0.0270047 9.9964E-05 0.347439 9.9964E-05 9.9964E-05 0.570191 0.0549652 9.9964E-05
0.0693567 0.0789131 9.9991E-05 0.0257663 0.336559 0.320099 0.0065279 0.162678
9.9964E-05 9.9964E-05 0.0245567 9.9964E-05 0.649256 0.161006 9.9964E-05 0.164782
9.9982E-05 0.00281066 9.9982E-05 0.0357445 0.292058 0.375511 0.104198 0.189478
0.0460842 0.160009 0.340125 9.9982E-05 9.9982E-05 0.188843 0.16729 0.0974489
9.9964E-05 0.0367556 0.324652 9.9964E-05 0.0403128 0.597879 9.9964E-05 9.9964E-05
9.9982E-05 0.0304773 9.9982E-05 0.0912379 0.278314 0.358049 0.0127713 0.22895
0.102789 0.0747336 0.114233 0.0724948 9.9991E-05 0.60256 0.0182336 0.0148557
0.023838 0.055935 0.244099 9.9982E-05 9.9982E-05 0.519562 0.059202 0.0971635
0.101841 9.9982E-05 0.0434429 9.9982E-05 0.173824 0.322236 0.176628 0.181827
9.9973E-05 9.9973E-05 0.0261927 0.17494 0.310262 0.272085 9.9973E-05 0.216221
0.00532142 0.0432836 0.0829979 0.0921461 0.0840702 0.556558 9.9991E-05 0.135523
9.9982E-05 9.9982E-05 0.0294288 0.00360088 0.338338 0.459108 0.031669 0.137656
9.9982E-05 0.013853 0.0221853 0.0182758 0.420634 0.430027 9.9982E-05 0.0948252
0.00582101 0.00953345 0.0163929 9.9982E-05 0.539921 0.199048 9.9982E-05 0.229083
0.0728602 0.0446708 0.175235 0.00709723 9.9982E-05 0.621208 9.9982E-05 0.0787288
0.0364866 0.117698 0.282528 9.9982E-05 9.9982E-05 0.445475 0.0808904 0.0367216
0.0519864 9.9982E-05 0.637834 9.9982E-05 0.0493136 0.108336 0.127452 0.0248784
0.102661 0.0545049 0.086904 0.00941901 0.00701016 0.589175 0.12343 0.0268964
9.9991E-05 0.241145 0.15505 0.0441075 0.0287902 0.465841 0.0147766 0.0501888
0.00700024 0.0114645 0.112417 0.0359374 0.106502 0.420102 0.0830924 0.223484
0.103799 0.0437273 0.149239 0.10665 0.0231874 0.505552 0.0210841 0.0467606
9.9955E-05 9.9955E-05 0.53476 9.9955E-05 0.177917 9.9955E-05 9.9955E-05 0.286823
0.0328257 9.9964E-05 0.70357 9.9964E-05 0.0898159 9.9964E-05 9.9964E-05 0.173389
0.0065015 0.0305846 0.477467 0.0141042 0.100765 0.279883 9.9991E-05 0.090595
