0.0501843 9.9973E-05 0.00604987 0.88798 9.9973E-05 0.0313366 9.9973E-05 0.0241493
9.9955E-05 9.9955E-05 0.00477893 0.952123 0.0425983 9.9955E-05 9.9955E-05 9.9955E-05
0.0207826 9.9973E-05 0.0150203 0.837495 9.9973E-05 0.0293506 0.0970517 9.9973E-05
9.9964E-05 9.9964E-05 0.0702081 0.805006 9.9964E-05 0.037828 0.0865582 9.9964E-05
9.9955E-05 9.9955E-05 9.9955E-05 0.868776 0.0174532 9.9955E-05 0.113271 9.9955E-05
9.9964E-05 0.034866 9.9964E-05 0.577766 9.9964E-05 0.0714624 9.9964E-05 0.315506
9.9946E-05 9.9946E-05 9.9946E-05 0.784032 9.9946E-05 9.9946E-05 9.9946E-05 0.215368
9.9964E-05 9.9964E-05 0.023774 0.679891 9.9964E-05 0.00651496 9.9964E-05 0.28942
0.0874639 0.00959672 0.0887788 0.779332 0.0345284 9.99729E-05 9.99729E-05 9.99729E-05
9.9964E-05 9.9964E-05 9.9964E-05 0.678218 9.9964E-05 0.0927024 0.0202736 0.208406
9.9955E-05 9.9955E-05 0.0328333 0.699368 9.9955E-05 9.9955E-05 9.9955E-05 0.267299
9.9973E-05 0.256961 0.410253 9.9973E-05 9.9973E-05 0.081329 0.182929 0.0682286
0.0653732 0.0247944 0.303984 9.9982E-05 9.9982E-05 0.0782723 0.491418 0.0359587
0.0852221 0.16174 0.394825 9.9982E-05 0.0651781 0.0892643 0.203571 9.9982E-05
0.0664894 0.139836 0.349827 9.9982E-05 0.022401 0.165875 0.255371 9.9982E-05
0.00010863 0.173145 0.175968 0.147985 9.9991E-05 0.125585 0.325155 0.0519528
0.0803316 0.0903629 0.0931902 0.0421675 9.9991E-05 0.00604122 0.649521 0.0382854
0.111157 0.114773 0.203772 0.0260471 0.00553589 9.9991E-05 0.442026 0.0965891
0.139804 0.196785 0.287097 0.0363649 9.9982E-05 0.0677723 0.271977 9.9982E-05
0.0249334 0.147595 0.554866 0.036304 9.9982E-05 0.0689587 9.9982E-05 0.167144
0.0659802 0.100603 0.243259 9.9982E-05 0.0878154 0.0904505 0.411692 9.9982E-05
0.0923824 0.0588691 0.181652 9.9991E-05 0.0766643 0.0350919 0.464728 0.0905125
9.999E-05 0.09696 0.140538 0.0903766 0.0441067 0.0307258 0.510199 0.086994
9.9973E-05 0.276427 0.300005 9.9973E-05 9.9973E-05 0.148864 0.170348 0.104055
9.9982E-05 0.0731626 0.141214 0.110056 9.9982E-05 0.0041862 0.577728 0.0934535
0.0449212 0.0738974 0.265044 0.00811643 9.9991E-05 0.0639508 0.473416 0.0705541
0.0286785 0.263975 0.473714 9.9982E-05 9.9982E-05 0.128346 0.0973023 0.00778416
0.0673021 0.191065 0.382645 9.9982E-05 9.9982E-05 0.189811 0.109485 0.0594924
0.0395727 0.25904 0.418194 0.00875511 0.00418797 0.0132236 0.177635 0.0793911
9.9955E-05 9.9955E-05 9.9955E-05 0.817526 9.9955E-05 0.0551804 0.126794 9.9955E-05
9.9946E-05 9.9946E-05 9.9946E-05 0.819216 9.9946E-05 9.9946E-05 0.180185 9.9946E-05
0.0189155 0.00704553 9.9973E-05 0.753651 9.9973E-05 0.0157794 0.204308 9.9973E-05
0.0530879 0.0593845 9.9973E-05 0.694394 9.9973E-05 0.0743129 0.118521 9.9973E-05
9.9982E-05 0.25806 0.0446938 0.0308013 0.0545603 9.9982E-05 0.538143 0.0735408
0.0379251 0.282549 0.0299361 0.0495264 0.0167658 0.0188372 0.46881 0.0956505
9.9973E-05 0.226859 9.9973E-05 0.0752985 0.0308299 9.9973E-05 0.599947 0.0667655
0.0576871 0.195853 0.504444 0.0882484 0.00780994 0.00226713 0.143591 9.9991E-05
0.0823439 0.493903 9.9973E-05 9.9973E-05 0.10715 0.0272839 0.289019 9.9973E-05
0.0303232 0.250762 0.0944452 0.0465646 0.00239328 0.0344951 0.540917 9.9991E-05
0.00108089 0.121462 9.9982E-05 0.0640398 9.9982E-05 0.0157216 0.670222 0.127273
9.9973E-05 0.105199 9.9973E-05 0.0856442 9.9973E-05 0.103633 0.373204 0.33202
9.9973E-05 0.115544 0.0246362 0.0936475 9.9973E-05 9.9973E-05 0.5333 0.232573
0.0690663 0.718551 0.134211 0.00132321 9.9991E-05 0.0173929 0.0383706 0.020985
0.0620841 0.0460431 0.0301408 0.0147681 9.9982E-05 9.9982E-05 0.520441 0.326323
9.9991E-05 0.250352 0.0135918 0.0670339 0.0588037 0.0273686 0.571469 0.0112804
9.9982E-05 0.233918 9.9982E-05 0.118408 0.0554706 0.0778426 0.413951 0.10021
0.0716673 0.593646 9.9964E-05 9.9964E-05 0.0821238 9.9964E-05 0.252164 9.9964E-05
0.0191485 0.241413 0.0318628 0.0136314 0.0430481 9.9982E-05 0.650696 9.9982E-05
0.00394985 0.179389 0.0905724 0.0827427 0.0149982 0.0999592 0.502664 0.0257249
0.213307 0.547829 9.9964E-05 0.0382396 0.200224 9.9964E-05 9.9964E-05 9.9964E-05
0.0785903 0.256116 0.431882 9.9982E-05 0.0537823 9.9982E-05 0.156496 0.0229343
0.279638 0.163006 0.192544 9.9982E-05 0.216325 9.9982E-05 0.0417872 0.106501
9.9982E-05 0.14219 0.14601 0.0342348 9.9982E-05 0.102072 0.494327 0.0809646
0.0414483 0.0373985 9.9991E-05 0.104488 0.0945049 0.0990931 0.506079 0.116889
0.127707 0.0716753 0.0280222 0.0100693 0.0173646 0.0322453 0.627846 0.0850702
0.104051 0.243323 0.298521 0.0410566 0.128445 9.9991E-05 0.153197 0.0313063
0.0880948 0.0308015 0.269133 9.9973E-05 0.050575 9.9973E-05 0.561096 9.9973E-05
0.0758795 0.00155802 0.136623 0.00314462 0.0325175 0.081075 0.515201 0.154002
9.999E-05 0.243489 0.124331 0.136542 0.0377875 0.0270583 0.342456 0.0882362
0.145561 0.157408 0.318595 0.13356 0.0922612 0.0666419 0.0282199 0.0577535
0.00992149 0.188697 0.110814 0.106171 0.00188215 9.9982E-05 0.582314 9.9982E-05
0.110087 0.0294193 0.262131 9.9991E-05 0.120682 0.0133204 0.451945 0.0123147
0.14521 0.243779 0.455712 9.9973E-05 0.103965 9.9973E-05 9.9973E-05 0.0510329
0.0712821 0.214392 0.213438 9.9964E-05 9.9964E-05 9.9964E-05 0.500487 9.9964E-05
0.112271 0.0276401 0.0490574 0.00472395 0.110378 0.0419663 0.525871 0.128093
0.0985017 9.9991E-05 0.224643 0.0581391 0.0649643 0.0636618 0.45343 0.0365605
0.130072 0.274593 0.207741 0.0139016 0.0817403 0.0559495 0.235903 9.9991E-05
0.150269 0.165949 0.1462 9.9973E-05 0.021487 9.9973E-05 0.515795 9.9973E-05
0.088706 0.133693 0.0812496 0.0441829 0.081229 0.00457579 0.531908 0.0344553
0.0731182 0.31393 0.382537 9.9982E-05 0.101494 9.9982E-05 0.101721 0.0269994
9.9955E-05 0.441217 0.0879225 9.9955E-05 9.9955E-05 9.9955E-05 0.47036 9.9955E-05
9.9973E-05 0.800799 0.035229 0.0182957 9.9973E-05 0.007564 0.137812 9.9973E-05
0.038356 0.129414 0.0158279 0.131897 9.9991E-05 0.0310654 0.586075 0.0672654
0.0685372 0.810572 9.9964E-05 9.9964E-05 0.0693687 9.9964E-05 9.9964E-05 0.0511226
0.0505563 0.841631 9.9955E-05 9.9955E-05 0.107312 9.9955E-05 9.9955E-05 9.9955E-05
9.9955E-05 0.763295 9.9955E-05 9.9955E-05 0.000351781 9.9955E-05 0.235854 9.9955E-05
0.00687908 0.509777 0.069902 0.0311675 9.9982E-05 9.9982E-05 0.375869 0.00620514
0.0407687 0.121187 0.0890253 0.10564 0.0502297 0.110392 0.478813 0.00394479
0.0500313 0.552683 9.9964E-05 9.9964E-05 9.9964E-05 0.0526517 0.344235 9.9964E-05
9.9973E-05 0.737959 0.121556 0.0508541 9.9973E-05 0.0708617 0.0184691 9.9973E-05
9.9973E-05 0.504118 0.241962 0.0564532 9.9973E-05 9.9973E-05 0.176792 0.0203754
0.0567387 0.292661 0.0261059 0.0577247 9.9982E-05 0.174466 0.392104 9.9982E-05
9.9982E-05 0.597858 0.034295 0.0431126 9.9982E-05 0.0291604 0.20126 0.0941142
9.9973E-05 0.490214 0.0458392 0.0735639 9.9973E-05 9.9973E-05 0.345462 0.044621
9.9973E-05 0.532737 9.9973E-05 0.0201512 0.0674192 9.9973E-05 0.265351 0.114041
0.07432 0.667981 9.9964E-05 9.9964E-05 0.191568 9.9964E-05 9.9964E-05 0.0657317
0.0554496 0.245633 0.000114579 0.0250815 0.0738466 0.0213154 0.57252 0.00603959
9.9964E-05 9.9964E-05 0.0307345 0.842959 9.9964E-05 0.0115733 0.114333 9.9964E-05
9.99461E-05 9.99461E-05 9.99461E-05 0.900725 9.99461E-05 9.99461E-05 0.0986755 9.99461E-05
9.9955E-05 9.9955E-05 9.9955E-05 0.858836 9.9955E-05 0.0249049 0.115759 9.9955E-05
0.075719 0.00267607 9.9964E-05 0.853594 9.9964E-05 9.9964E-05 0.0676111 9.9964E-05
0.0582975 0.0227597 9.9973E-05 0.813064 9.9973E-05 9.9973E-05 0.101607 0.00397169
0.11337 9.9964E-05 9.9964E-05 0.79056 9.9964E-05 0.0489106 0.0467601 9.9964E-05
0.0347878 9.99551E-05 9.99551E-05 0.905908 9.99551E-05 9.99551E-05 0.0588047 9.99551E-05
0.0721372 0.223058 0.189912 0.0490454 0.0227347 9.9991E-05 0.439013 0.00400037
0.096641 0.208761 0.0775447 0.0675391 9.9982E-05 0.0480798 0.501234 9.9982E-05
9.9973E-05 0.807364 0.0822268 0.0534603 0.0546837 9.9973E-05 0.00196526 9.9973E-05
0.100912 0.181073 0.0199854 9.9991E-05 0.0521091 0.107644 0.521964 0.0162118
9.9982E-05 0.456184 0.133535 0.00517057 9.9982E-05 0.0763258 0.300813 0.0277728
9.9964E-05 0.342968 9.9964E-05 0.079028 9.9964E-05 9.9964E-05 0.523667 0.0539374
9.9973E-05 0.20834 9.9973E-05 0.0635575 0.0683416 9.9973E-05 0.578127 0.0813338
9.9973E-05 0.43627 9.9973E-05 0.0163662 0.0961982 0.0660316 0.384834 9.9973E-05
0.0195564 0.777396 0.131978 0.058964 0.011806 9.9973E-05 9.9973E-05 9.9973E-05
0.125934 0.102347 0.15879 0.0186544 0.0249109 0.0708258 0.498438 9.9991E-05
0.0526317 0.177247 9.9991E-05 0.0902345 0.0101062 0.0284449 0.550545 0.0906907
0.0671305 0.11351 0.141538 0.053899 9.9991E-05 0.10743 0.472579 0.0438129
0.11196 0.558854 9.9973E-05 9.9973E-05 0.0824605 9.9973E-05 0.221915 0.0245111
9.9955E-05 0.375657 9.9955E-05 9.9955E-05 0.105967 9.9955E-05 0.517876 9.9955E-05
0.00582172 0.450753 0.098511 0.00838534 9.9982E-05 9.9982E-05 0.384003 0.0523252
9.9973E-05 0.603816 9.9973E-05 9.9973E-05 0.0128262 0.0806991 0.218648 0.0837109
9.9973E-05 0.458782 0.00101147 0.112023 9.9973E-05 9.9973E-05 0.385136 0.0427481
0.0178847 0.133713 0.00978474 0.16612 0.123864 9.9982E-05 0.548434 9.9982E-05
0.147372 0.0663767 0.294207 9.9973E-05 0.21518 9.9973E-05 0.276564 9.9973E-05
0.0989305 9.9982E-05 0.292799 0.0579635 9.9982E-05 0.0204961 0.349831 0.17978
9.9982E-05 0.103417 0.192184 9.9982E-05 0.152057 0.113284 0.434955 0.00390217
0.0854177 0.0576639 0.0693933 0.110583 0.00993386 0.0381004 0.628808 9.9991E-05
0.0573148 0.00246776 0.270846 0.0496056 0.12309 9.9982E-05 0.496476 9.9982E-05
0.0925797 9.9973E-05 0.227526 9.9973E-05 0.100354 0.00976316 0.569477 9.9973E-05
9.9982E-05 0.0978399 0.384032 0.000801202 0.0978121 0.0473753 0.37194 9.9982E-05
0.0211929 0.109403 0.162155 0.0397812 0.06621 9.9991E-05 0.522414 0.0787441
0.0107178 0.035781 0.219924 0.0726352 9.9982E-05 9.9982E-05 0.577348 0.083394
0.0138824 0.103712 0.150943 0.0525739 0.0552905 9.9991E-05 0.57151 0.0519881
9.9964E-05 9.9964E-05 0.340075 0.0096684 0.125129 9.9964E-05 0.524728 9.9964E-05
0.02769 9.9982E-05 0.113303 9.9982E-05 0.00300449 0.0777353 0.585512 0.192556
0.040819 0.0441226 0.261628 0.00914368 0.0293094 0.0769904 0.484833 0.053154
0.0125348 0.0542117 0.273682 0.0104175 0.0505892 9.9982E-05 0.598365 9.9982E-05
9.9982E-05 0.0912609 0.12205 0.0617396 9.9982E-05 0.0927605 0.515156 0.116833
0.0282632 0.0760575 0.0973382 0.0826008 0.11422 0.113349 0.488071 9.9991E-05
0.193831 9.9982E-05 0.240353 0.0496357 0.0793489 9.9982E-05 0.387494 0.049138
0.0671495 9.9973E-05 0.191351 9.9973E-05 0.0455877 0.0856569 0.609955 9.9973E-05
0.128829 9.9973E-05 0.0925828 9.9973E-05 0.0409637 9.9973E-05 0.721468 0.0158567
9.9982E-05 0.252411 0.383513 0.00725963 0.100467 0.106022 0.150127 9.9982E-05
0.249341 0.0923353 0.318243 9.9973E-05 0.174022 9.9973E-05 0.165759 9.9973E-05
0.0166175 0.0533465 0.272406 0.00412204 0.0293969 0.0708458 0.474978 0.0782873
0.144734 0.15732 0.262694 9.9982E-05 0.361423 0.00249121 0.0711382 9.9982E-05
0.00397491 0.196718 0.381338 0.0330304 0.0505725 9.9991E-05 0.284433 0.049833
9.9973E-05 0.112777 0.336057 9.9973E-05 0.0837792 9.9973E-05 0.44078 0.0263073
9.9964E-05 0.186269 0.416577 0.0452801 9.9964E-05 9.9964E-05 0.351474 9.9964E-05
0.00485053 0.192375 0.449537 0.0210831 0.0478394 0.0349557 0.222401 0.0269581
9.9982E-05 0.0149137 0.173538 0.0776216 0.0344185 0.0202054 0.679103 9.9982E-05
0.129554 0.0482066 0.128153 0.0796545 0.0133192 0.0795186 0.521494 9.9991E-05
0.0112677 0.144257 0.132824 0.123957 0.0769662 0.0266124 0.484016 9.9991E-05
0.0937169 0.151594 0.405183 9.9991E-05 0.119217 0.0986583 0.0853979 0.0461323
9.9991E-05 0.11617 0.0175327 0.135986 0.155061 0.00686556 0.53208 0.0362054
0.110653 0.0591696 0.018904 0.0473162 0.114675 9.9991E-05 0.458267 0.190915
0.163699 0.0534748 0.0995144 0.105728 0.279344 9.9982E-05 9.9982E-05 0.29804
9.9982E-05 0.0447813 9.9982E-05 0.129557 0.130082 0.0431902 0.582426 0.0697636
0.192637 0.141098 0.0501108 0.0692487 0.150433 0.00883475 0.34219 0.0454474
0.140624 0.214776 0.0286295 0.0252838 0.0348244 0.0203515 0.535411 9.9991E-05
0.275075 0.0993551 0.088175 9.9982E-05 0.0270041 9.9982E-05 0.256294 0.253897
0.145079 0.0646906 0.129556 9.9982E-05 0.207328 9.9982E-05 0.180116 0.273031
0.00737319 9.9982E-05 0.160875 0.0114156 0.257532 9.9982E-05 0.413368 0.149237
0.158806 9.9982E-05 0.145614 0.04335 0.0968596 9.9982E-05 0.504915 0.0502549
0.0920579 0.106477 0.0612848 0.156623 9.9982E-05 9.9982E-05 0.362477 0.220881
0.19423 0.302884 0.0903694 9.9982E-05 0.0942789 0.13 9.9982E-05 0.188037
0.0497248 0.0949074 0.0774845 0.028978 0.0417073 0.0782743 0.445852 0.183072
0.0858835 0.223017 0.0304425 9.9982E-05 0.107636 9.9982E-05 0.286895 0.265926
0.0265988 0.187155 0.0896598 9.9982E-05 0.123522 9.9982E-05 0.369735 0.20313
0.103728 0.126636 0.0140789 0.0881211 0.00192411 9.9991E-05 0.577457 0.0879549
0.212706 0.106378 0.0119199 0.201196 0.0079936 0.239224 0.0781194 0.142463
0.456834 9.9964E-05 9.9964E-05 0.380336 9.9964E-05 0.064658 9.9964E-05 0.0977723
0.504707 9.9964E-05 9.9964E-05 0.315678 0.0595737 0.119642 9.9964E-05 9.9964E-05
0.304851 9.9982E-05 0.0166884 0.287838 9.9982E-05 0.235171 0.132329 0.0229231
9.9964E-05 0.112739 9.9964E-05 9.9964E-05 0.0328666 9.9964E-05 0.518091 0.335904
9.9991E-05 0.0227882 0.125441 0.0381761 0.140784 0.0958654 0.388375 0.18847
9.9964E-05 9.9964E-05 0.0140571 9.9964E-05 0.000498097 0.736924 0.248121 9.9964E-05
0.00498646 0.069852 0.064285 0.0464823 9.9982E-05 0.438619 0.375575 9.9982E-05
0.056779 0.0107834 0.0839575 0.0822001 0.00679513 0.377691 0.353575 0.0282194
0.0620167 0.113737 0.0162349 9.9991E-05 0.20881 0.0173484 0.210741 0.371013
0.075819 0.0904836 0.116636 0.0154902 0.0865446 9.9991E-05 0.589189 0.025738
0.0294949 0.01991 9.9973E-05 9.9973E-05 0.328149 9.9973E-05 0.0952177 0.526928
0.126469 0.0438917 0.0165523 9.9982E-05 0.0837816 9.9982E-05 0.591582 0.137523
9.9982E-05 0.0633218 0.059069 0.0109025 0.205877 9.9982E-05 0.41863 0.241999
0.0718542 9.9964E-05 9.9964E-05 9.9964E-05 0.0651485 9.9964E-05 0.539671 0.322927
0.108671 0.144196 0.0154324 9.9991E-05 0.165133 0.000697026 0.0687974 0.496974
9.9982E-05 0.054879 0.0497909 9.9982E-05 0.0489946 0.0683575 0.668171 0.109607
0.0125765 0.08004 0.00435741 0.0302291 0.116803 0.0366516 0.485313 0.23403
9.9955E-05 0.0258347 9.9955E-05 9.9955E-05 0.0216952 0.95197 9.9955E-05 9.9955E-05
9.9955E-05 9.9955E-05 9.9955E-05 9.9955E-05 0.0281563 0.924511 0.046833 9.9955E-05
9.9982E-05 0.070196 0.0319226 9.9982E-05 0.0100528 0.696595 0.043672 0.147361
9.9955E-05 9.9955E-05 0.0185491 9.9955E-05 9.9955E-05 0.675275 0.305676 9.9955E-05
9.9964E-05 9.9964E-05 9.9964E-05 0.0242587 9.9964E-05 0.781758 0.11219 0.0813928
9.994E-05 9.994E-05 9.994E-05 9.994E-05 9.994E-05 0.9993 9.994E-05 9.994E-05
0.00972018 9.9964E-05 0.0202594 9.9964E-05 9.9964E-05 0.960113 9.9964E-05 0.00950774
9.9946E-05 9.9946E-05 9.9946E-05 9.9946E-05 9.9946E-05 0.860622 0.138779 9.9946E-05
9.9946E-05 9.9946E-05 0.0496884 9.9946E-05 9.9946E-05 0.949712 9.9946E-05 9.9946E-05
9.994E-05 9.994E-05 9.994E-05 9.994E-05 9.994E-05 0.9993 9.994E-05 9.994E-05
9.994E-05 9.994E-05 9.994E-05 9.994E-05 9.994E-05 0.9993 9.994E-05 9.994E-05
9.9964E-05 9.9964E-05 9.9964E-05 0.0470051 0.00486935 0.770297 0.177429 9.9964E-05
0.0560469 0.0314889 0.00224966 0.0138679 9.9982E-05 0.725717 0.17043 9.9982E-05
9.9946E-05 0.0252675 9.9946E-05 9.9946E-05 9.9946E-05 0.974133 9.9946E-05 9.9946E-05
9.9982E-05 9.9982E-05 0.0905002 0.0833206 0.0288632 0.409176 0.328855 0.0590857
0.0992572 0.0312013 0.06516 9.9982E-05 9.9982E-05 0.617205 0.173995 0.0129811
0.0285281 0.0232598 9.9973E-05 0.022159 9.9973E-05 0.744057 0.181696 9.9973E-05
0.0128064 9.9973E-05 0.00882057 0.0398191 9.9973E-05 0.794216 0.144038 9.9973E-05
0.00826724 9.9946E-05 9.9946E-05 9.9946E-05 9.9946E-05 0.991133 9.9946E-05 9.9946E-05
0.0434339 9.9955E-05 9.9955E-05 9.9955E-05 9.9955E-05 0.894957 0.0611097 9.9955E-05
9.9946E-05 0.0208063 9.9946E-05 9.9946E-05 9.9946E-05 0.978594 9.9946E-05 9.9946E-05
9.9982E-05 0.0273932 0.00341094 0.0871628 9.9982E-05 0.61962 0.216892 0.0453216
9.9973E-05 0.0347998 9.9973E-05 0.00669528 0.0422026 0.904437 9.9973E-05 0.0115655
0.241243 9.9973E-05 9.9973E-05 0.198618 0.0973189 0.0164881 9.9973E-05 0.446032
0.0648435 9.9991E-05 0.0908366 0.169419 0.0187221 0.0582455 0.357119 0.240714
0.0504127 0.012262 9.9991E-05 0.223629 0.0897317 0.00762257 0.41013 0.206112
0.245108 0.0307135 9.9991E-05 0.135116 0.00793928 0.0338278 0.161178 0.386017
0.0635683 0.0512445 9.9991E-05 0.0774037 0.0317115 0.16902 0.410232 0.196721
0.0845 0.0706623 9.9991E-05 0.21021 0.109194 0.124484 0.0609 0.339949
0.00815669 0.0264247 9.9991E-05 0.253195 0.124675 0.0203321 0.438265 0.128851
0.118438 9.9982E-05 9.9982E-05 0.0706395 0.00339806 0.192583 0.225848 0.388893
0.06218 9.9982E-05 9.9982E-05 0.131823 0.0519564 0.124004 0.446788 0.183048
0.178057 9.9973E-05 9.9973E-05 0.0724088 9.9973E-05 0.195879 0.242008 0.311348
0.0699098 0.0721072 0.00774897 0.180088 0.0560033 0.0898693 0.388856 0.135418
0.0160236 0.0212134 0.0365576 0.808742 9.9982E-05 9.9982E-05 0.0125216 0.104742
0.0299207 9.9964E-05 9.9964E-05 0.918583 0.0015597 0.0495363 9.9964E-05 9.9964E-05
0.102868 0.0290306 9.9955E-05 0.867602 9.9955E-05 9.9955E-05 9.9955E-05 9.9955E-05
0.0562051 9.9964E-05 0.0404255 0.89338 9.9964E-05 9.9964E-05 0.0095898 9.9964E-05
0.0556372 9.9964E-05 9.9964E-05 0.845155 9.9964E-05 9.9964E-05 0.0465528 0.0522547
0.0263123 9.9964E-05 9.9964E-05 0.859431 0.0413555 0.0725013 9.9964E-05 9.9964E-05
9.9964E-05 0.0311511 9.9964E-05 0.871919 9.9964E-05 0.0810664 0.0154642 9.9964E-05
0.111131 9.9973E-05 0.0576447 0.791059 0.00531387 9.9973E-05 0.0345508 9.9973E-05
0.0305635 0.0281372 9.9982E-05 0.919442 0.000789125 0.0108645 0.0100032 9.9982E-05
0.102655 9.9964E-05 9.9964E-05 0.797481 9.9964E-05 0.0664227 0.0330415 9.9964E-05
0.0196215 0.121546 0.253274 0.580098 0.0159804 0.00928013 9.9982E-05 9.9982E-05
0.0596488 0.0678862 0.33314 0.529964 0.00906134 9.9973E-05 9.9973E-05 9.9973E-05
0.163552 0.0362462 0.312485 0.451234 0.0361833 9.9973E-05 9.9973E-05 9.9973E-05
9.9973E-05 0.132814 0.25665 0.507651 0.0661571 9.9973E-05 9.9973E-05 0.0364279
0.0635924 0.181526 0.0764373 0.0489162 9.9991E-05 0.0169836 0.567707 0.0447375
9.9982E-05 0.300835 0.0468048 9.9982E-05 0.173021 0.111681 0.363794 0.00366416
0.0468763 0.218013 0.152512 0.00334053 9.9991E-05 0.0384286 0.511406 0.0293237
0.164019 0.261096 0.184507 9.9973E-05 0.0071532 9.9973E-05 0.382924 9.9973E-05
9.9982E-05 0.195856 0.523228 9.9982E-05 0.0369368 0.0420176 0.104425 0.0973365
9.9991E-05 0.239319 0.0208676 0.0592149 0.0667466 0.0470157 0.524173 0.0425634
0.0367323 0.349086 0.0888233 9.9964E-05 9.9964E-05 9.9964E-05 0.524959 9.9964E-05
0.0528803 0.212662 0.114471 9.9982E-05 0.0320113 9.9982E-05 0.516158 0.0716184
9.9973E-05 0.466673 9.9973E-05 9.9973E-05 0.16061 0.0379448 0.289753 0.0447192
0.0161075 0.110978 0.00277361 0.074484 0.0134471 9.9991E-05 0.67856 0.10355
9.9991E-05 0.39938 0.108859 0.0796686 0.050606 0.0241249 0.298722 0.0385395
9.9964E-05 0.461311 0.140327 0.0143087 0.383654 9.9964E-05 9.9964E-05 9.9964E-05
0.132605 0.0761313 0.0851391 9.9982E-05 0.16715 9.9982E-05 0.504735 0.0340397
0.135844 0.378029 9.9973E-05 9.9973E-05 0.172635 9.9973E-05 0.231216 0.0819761
9.9973E-05 0.308601 0.00636239 9.9973E-05 0.160013 0.00285307 0.52187 9.9973E-05
9.9973E-05 0.712959 0.156709 0.0989374 0.0120008 9.9973E-05 0.0190936 9.9973E-05
9.9964E-05 9.9964E-05 0.669391 0.112977 0.0150556 9.9964E-05 9.9964E-05 0.202176
9.9964E-05 9.9964E-05 0.622158 0.0590084 9.9964E-05 9.9964E-05 0.0234775 0.294957
9.9964E-05 9.9964E-05 0.777283 0.00452709 0.0217576 9.9964E-05 9.9964E-05 0.196033
9.9955E-05 9.9955E-05 0.732582 0.121055 9.9955E-05 9.9955E-05 9.9955E-05 0.145863
9.9973E-05 9.9973E-05 0.705883 0.0138525 0.0250526 0.0491395 9.9973E-05 0.205773
9.9973E-05 9.9973E-05 0.734593 0.0301897 9.9973E-05 0.0772625 0.0266803 0.130974
0.0275044 9.9964E-05 9.9964E-05 0.845395 9.9964E-05 0.0407291 0.0859722 9.9964E-05
0.0362925 9.9982E-05 0.0537473 0.776798 9.9982E-05 0.0218961 0.095748 0.0153177
0.0230195 9.9973E-05 9.9973E-05 0.741751 9.9973E-05 0.124867 0.0765019 0.033561
0.0442091 0.0266388 0.0590646 0.710411 9.9973E-05 0.159377 9.9973E-05 9.9973E-05
9.9964E-05 9.9964E-05 9.9964E-05 0.793773 9.9964E-05 0.0578616 0.0551064 0.092859
0.0422989 0.0276366 0.495651 0.355044 9.9973E-05 9.9973E-05 9.9973E-05 0.0790693
0.0450409 0.0407849 0.365538 0.433943 0.0576891 9.9982E-05 9.9982E-05 0.0568043
9.9964E-05 0.070363 0.449262 0.428393 0.0515819 9.9964E-05 9.9964E-05 9.9964E-05
9.9964E-05 9.9964E-05 0.000468762 0.817693 9.9964E-05 0.0180304 0.163408 9.9964E-05
9.9973E-05 0.0699697 0.457746 0.395215 9.9973E-05 0.027737 9.9973E-05 0.0490323
0.203511 9.9973E-05 9.9973E-05 0.163584 0.0295204 0.250988 0.352096 9.9973E-05
0.0494164 0.00565785 9.9991E-05 0.114151 0.0035297 0.201088 0.602047 0.0240109
0.0760029 9.9964E-05 9.9964E-05 0.149825 9.9964E-05 0.185642 0.58813 9.9964E-05
0.0716469 0.0471622 0.00664075 0.211329 9.9991E-05 0.189411 0.335563 0.138147
0.116028 9.9991E-05 0.042425 0.140522 0.0174462 0.0925426 0.542481 0.0484547
0.345997 9.9964E-05 9.9964E-05 0.364449 9.9964E-05 0.25476 9.9964E-05 0.0343938
9.9973E-05 0.119278 0.340849 9.9973E-05 0.0357797 9.9973E-05 0.449297 0.0544965
0.126087 0.172118 0.189806 9.9973E-05 0.113979 9.9973E-05 0.39771 9.9973E-05
0.00974886 0.050484 0.47594 0.0713758 0.0271027 9.9982E-05 0.365149 9.9982E-05
0.0428202 9.9973E-05 0.0791126 0.00890768 0.33661 9.9973E-05 0.53225 9.9973E-05
0.175801 0.153459 0.194472 9.9964E-05 0.475869 9.9964E-05 9.9964E-05 9.9964E-05
0.0509455 0.202764 0.135769 0.0835855 9.9973E-05 9.9973E-05 0.526636 9.9973E-05
9.9991E-05 0.111693 0.173314 0.0516242 0.144978 0.0188886 0.477592 0.0218106
0.05746 0.224475 0.397317 0.0044576 9.9973E-05 9.9973E-05 0.31599 9.9973E-05
9.9982E-05 0.0940067 0.167457 0.148324 9.9982E-05 0.0493516 0.461198 0.0794624
0.164139 0.240636 0.262599 9.9982E-05 0.197513 9.9982E-05 0.0982127 0.0367013
9.9982E-05 0.0838445 0.183648 9.9982E-05 0.149661 0.0676676 0.485328 0.0296507
0.039669 0.152063 0.250826 9.9982E-05 9.9982E-05 0.0750854 0.462791 0.0193656
0.118535 0.0640542 0.0784355 0.104475 0.0259062 0.167954 0.437529 0.00311064
0.0399875 0.00301932 0.279057 9.9991E-05 0.247708 0.00408603 0.399355 0.0266871
0.0692194 0.038964 0.260339 0.0167402 0.123142 9.9982E-05 0.491396 9.9982E-05
9.9991E-05 0.176705 0.0969161 0.000377082 0.0916089 0.0382342 0.430657 0.165402
0.00709781 0.0360407 0.174016 9.9982E-05 0.144737 9.9982E-05 0.574953 0.0629556
9.9982E-05 0.035815 0.159623 0.050734 9.9982E-05 0.152136 0.544754 0.0567384
9.9982E-05 0.114077 0.0340684 0.121957 0.0991108 0.025508 0.605079 9.9982E-05
0.0892206 0.069143 0.160773 0.00667989 9.9991E-05 0.0472802 0.532391 0.0944122
9.9964E-05 9.9964E-05 9.9964E-05 0.795624 0.00786475 0.0703784 0.125733 9.9964E-05
9.9973E-05 0.05963 9.9973E-05 0.815931 0.0221674 0.0673877 0.0345843 9.9973E-05
0.0370773 0.0421335 0.0331391 0.729934 0.0925817 0.0153303 0.00841403 0.0413898
9.9964E-05 0.0453581 9.9964E-05 0.809749 0.077981 0.0665125 9.9964E-05 9.9964E-05
9.9982E-05 9.9982E-05 0.0419891 0.779674 0.0214924 0.0959344 0.0369834 0.0237266
0.105315 0.177113 0.531528 9.9982E-05 9.9982E-05 0.00208033 0.175125 0.00863955
0.0519308 0.0499629 0.161561 0.0536205 0.132014 9.9982E-05 0.550711 9.9982E-05
0.0562824 0.0771557 9.9982E-05 0.1966 9.9982E-05 0.208766 0.360688 0.100308
0.0591301 0.0188094 0.11656 0.0620935 0.0567303 0.01207 0.627743 0.0468643
0.0139539 0.0435234 0.217938 0.0163284 0.145697 0.0470044 0.515455 9.9991E-05
0.135699 9.9964E-05 0.390951 9.9964E-05 0.203694 9.9964E-05 0.269256 9.9964E-05
0.167687 0.191185 0.58299 0.0577379 9.9964E-05 9.9964E-05 9.9964E-05 9.9964E-05
9.9991E-05 0.0570247 0.278883 0.0363296 0.0553837 0.0411168 0.529563 0.00159913
9.9991E-05 0.0676689 0.453426 0.0784177 0.16482 0.0730929 0.145235 0.0172389
0.120096 0.135023 0.176786 9.9991E-05 0.117184 0.00796976 0.379141 0.0637001
0.0534413 0.102995 0.553897 0.0746898 0.110532 0.0613429 0.0430029 9.9991E-05
9.9973E-05 0.0949648 0.148743 0.0852833 9.9973E-05 9.9973E-05 0.624682 0.0460274
0.0199464 0.0599947 0.523615 0.0678981 0.0773942 0.0103574 0.240694 9.9991E-05
0.0736765 0.0208424 0.263468 0.0109626 0.184876 0.0733149 0.318887 0.0539729
0.0125248 0.0909377 0.0423815 9.9991E-05 0.0349399 0.101619 0.35944 0.358058
0.0686442 9.9982E-05 0.0952492 0.00760229 0.135568 9.9982E-05 0.186644 0.506093
9.9991E-05 0.0111675 0.0580131 0.0133364 0.0405654 0.0334791 0.48568 0.357658
9.9982E-05 0.0806936 0.0122019 0.127174 0.108566 9.9982E-05 0.433483 0.237682
0.040219 9.9973E-05 0.0164386 9.9973E-05 0.137865 9.9973E-05 0.27922 0.525958
0.0730686 0.19375 0.0671172 0.0311854 9.9991E-05 0.0366129 0.449266 0.148899
0.0694034 0.0373904 9.9973E-05 9.9973E-05 0.108697 9.9973E-05 0.548823 0.235386
9.9964E-05 0.0307108 0.0218356 9.9964E-05 0.290237 9.9964E-05 9.9964E-05 0.656817
0.0956857 0.09166 9.9973E-05 9.9973E-05 0.130073 9.9973E-05 0.148829 0.533452
9.9964E-05 9.9964E-05 0.0569196 9.9964E-05 0.126783 9.9964E-05 0.423012 0.392885
9.9973E-05 0.0916877 0.0176538 9.9973E-05 0.239618 9.9973E-05 0.0697962 0.580944
0.0466357 0.0852782 0.0752233 9.9982E-05 0.0170648 9.9982E-05 0.388439 0.387159
0.0966795 0.249682 0.534719 9.9973E-05 0.0217176 9.9973E-05 0.0969019 9.9973E-05
0.0187147 0.0581151 0.293474 9.9973E-05 0.347406 9.9973E-05 0.281991 9.9973E-05
0.0172174 0.188495 0.398713 9.9982E-05 0.0106581 0.070151 0.314566 9.9982E-05
9.9982E-05 0.133281 0.149224 0.051675 0.00571851 0.113456 0.546446 9.9982E-05
0.0159731 0.210689 0.501308 9.9973E-05 0.0381557 9.9973E-05 0.233574 9.9973E-05
0.0766675 0.123041 0.0835566 0.0468055 0.127483 0.0155243 0.526823 9.9991E-05
9.9982E-05 9.9982E-05 0.183439 0.0986019 0.0753988 0.0812245 0.513173 0.0479625
9.9973E-05 0.107606 0.27718 9.9973E-05 0.0909861 0.109692 0.414236 9.9973E-05
0.0244687 0.0300914 0.262435 9.9982E-05 0.149986 0.0705801 0.462239 9.9982E-05
9.9973E-05 0.173265 0.266972 0.0910904 9.9973E-05 9.9973E-05 0.42904 0.0393322
0.0108494 0.247733 0.464006 9.9973E-05 9.9973E-05 0.084536 0.192576 9.9973E-05
0.0289126 0.0401114 0.320615 9.9991E-05 0.137268 0.115173 0.32882 0.0289999
9.9982E-05 0.148487 0.207423 9.9982E-05 0.0556343 0.0388983 0.52453 0.0248279
0.0540292 0.0973041 0.142874 0.0747644 9.9982E-05 0.032235 0.598594 9.9982E-05
0.0852174 0.12687 0.194927 9.9982E-05 0.148239 9.9982E-05 0.444351 0.000196379
0.0691609 9.9964E-05 0.207043 9.9964E-05 0.125724 9.9964E-05 0.597672 9.9964E-05
0.070698 0.0574526 0.446422 9.9973E-05 9.9973E-05 0.0317409 0.393386 9.9973E-05
9.9964E-05 0.102162 0.178873 0.0483782 9.9964E-05 9.9964E-05 0.670188 9.9964E-05
9.9982E-05 0.0932296 0.252353 0.0561759 0.049899 0.0137961 0.534346 9.9982E-05
0.135593 0.00476361 0.12252 0.0302421 0.0729505 9.9991E-05 0.564055 0.0697761
0.110427 0.0661811 9.9982E-05 0.267278 9.9982E-05 0.128931 0.367829 0.0591548
0.120496 0.0395497 9.9991E-05 0.0866018 0.0636156 0.175384 0.491481 0.0227724
0.0801205 0.0399346 0.111131 0.128172 0.0219728 0.0802848 0.525437 0.0129474
0.0915554 0.115312 0.066269 0.0220627 0.103264 0.0380898 0.560522 0.00292531
0.148047 0.0332772 9.9973E-05 0.184497 9.9973E-05 0.122556 0.511323 9.9973E-05
0.0256526 9.9973E-05 0.173154 9.9973E-05 0.190866 9.9973E-05 0.511083 0.0989444
9.9973E-05 0.0599243 0.0907838 0.154088 9.9973E-05 0.0464679 0.648436 9.9973E-05
0.488188 0.194902 0.0116853 0.121739 0.029754 0.0568746 0.0423111 0.0545446
0.133841 0.00495735 0.0792879 9.9982E-05 0.11869 0.16052 0.502504 9.9982E-05
0.0463091 0.0410226 0.00368761 0.189838 0.00971364 0.10545 0.559051 0.0449279
9.9991E-05 0.0208666 0.0219767 0.10183 0.142688 0.283123 0.417815 0.0115998
0.126689 0.110055 0.0988149 0.129 0.10103 0.111666 0.291197 0.0315473
0.146878 0.0676846 9.9982E-05 0.143737 0.0305245 0.0798665 0.531109 9.9982E-05
0.111047 9.9973E-05 9.9973E-05 0.151318 0.0479822 0.0892743 0.600079 9.9973E-05
0.456121 9.9964E-05 9.9964E-05 0.310814 0.0932512 0.139414 9.9964E-05 9.9964E-05
0.126293 0.0700899 9.9982E-05 0.107834 9.9982E-05 0.128227 0.54487 0.0224865
0.11003 0.0014889 0.0152209 0.128297 0.0211784 0.173276 0.499262 0.0512469
0.0254505 0.137753 0.0578712 0.0760361 9.9991E-05 0.137425 0.48716 0.0782043
0.0872916 9.9964E-05 9.9964E-05 0.214684 9.9964E-05 0.0679507 0.629674 9.9964E-05
9.9991E-05 0.0533433 0.115627 0.154479 0.0231783 0.12841 0.461943 0.0629191
9.9973E-05 0.0650635 9.9973E-05 0.0257246 0.380903 0.0785817 0.449427 9.9973E-05
9.9982E-05 0.0166617 9.9982E-05 0.128402 0.252972 0.0836529 0.461964 0.0561479
9.9982E-05 0.0806347 0.008483 9.9982E-05 0.858025 0.00197111 0.0360285 0.0146573
9.9964E-05 9.9964E-05 0.0256009 0.018029 0.949931 9.9964E-05 0.00603893 9.9964E-05
9.9982E-05 0.0551956 0.132264 0.0192168 0.191271 0.0781836 0.523668 9.9982E-05
0.148157 9.9991E-05 0.0399444 0.0289999 0.0155643 0.2641 0.401087 0.102047
0.194792 9.9973E-05 9.9973E-05 0.0162857 0.156292 0.318745 0.313586 9.9973E-05
0.232655 9.9991E-05 0.00265548 0.125538 0.11235 0.223824 0.213173 0.0897043
0.14818 9.9973E-05 9.9973E-05 0.122911 0.141892 0.220672 0.366045 9.9973E-05
0.136611 9.9973E-05 9.9973E-05 0.0249715 0.656319 0.0855592 0.0962397 9.9973E-05
0.150158 9.9973E-05 9.9973E-05 0.0737683 0.583592 0.033463 0.158718 9.9973E-05
0.0255268 9.9964E-05 9.9964E-05 9.9964E-05 0.36544 0.114822 0.493811 9.9964E-05
9.9973E-05 0.00997905 9.9973E-05 0.0583627 0.428542 0.100583 0.402233 9.9973E-05
0.087179 9.9973E-05 9.9973E-05 0.0237488 0.608013 0.0347838 0.245975 9.9973E-05
0.00046535 9.99848E-05 0.0218902 0.0648244 0.299883 0.102246 0.510491 9.99848E-05
9.9964E-05 9.9964E-05 9.9964E-05 0.00283694 0.390225 0.156595 0.449944 9.9964E-05
0.0511819 9.9991E-05 0.0507019 0.0966992 0.274398 0.171719 0.327047 0.0281526
9.9964E-05 9.9964E-05 0.0287566 0.0386777 0.570388 9.9964E-05 0.361778 9.9964E-05
9.9973E-05 9.9973E-05 0.0319499 9.9973E-05 0.44592 0.138106 0.276871 0.106853
0.0356152 0.140565 9.9982E-05 0.0587918 0.22106 9.9982E-05 0.492657 0.0511108
9.9991E-05 0.0281658 0.0759117 0.0596962 0.337144 0.0189003 0.443786 0.0362957
0.0702373 0.104169 0.130658 0.0747594 0.17827 0.0524632 0.346742 0.0427007
9.9982E-05 0.0154775 0.0207921 0.00439332 0.376058 9.9982E-05 0.50542 0.0776591
9.9964E-05 9.9964E-05 0.0626191 9.9964E-05 0.681001 9.9964E-05 0.228159 0.0278214
9.9964E-05 9.9964E-05 9.9964E-05 0.0864909 0.32587 9.9964E-05 0.543963 0.0432764
9.9964E-05 0.0183234 9.9964E-05 9.9964E-05 0.741839 9.9964E-05 0.2386 0.000837765
9.9955E-05 9.9955E-05 9.9955E-05 0.0243406 0.534476 9.9955E-05 0.440683 9.9955E-05
9.9973E-05 0.0354763 9.9973E-05 0.0757259 0.232881 9.9973E-05 0.555496 0.100121
0.0327075 0.0115148 0.0721765 9.9982E-05 0.355901 0.082658 0.444842 9.9982E-05
0.11805 0.0972731 9.9982E-05 0.0878671 0.00288007 0.149794 0.543936 9.9982E-05
0.0732756 9.9991E-05 0.137392 0.0883342 0.192374 0.13202 0.344377 0.0321269
0.0950893 0.0250513 0.0895503 0.113809 0.0317425 0.219627 0.336151 0.0889802
0.078531 9.9991E-05 0.059408 0.0949153 0.083477 0.18658 0.353154 0.143834
0.0387854 0.0616473 0.16277 0.134697 9.9991E-05 0.20847 0.355052 0.038479
0.0636954 0.00557637 9.9982E-05 0.137978 0.202349 0.14772 0.442482 9.9982E-05
0.102986 9.9964E-05 9.9964E-05 0.179715 0.581657 0.135243 9.9964E-05 9.9964E-05
9.9982E-05 9.9982E-05 0.0472638 0.0481584 0.0807612 0.194401 0.534019 0.0951965
0.195979 9.9964E-05 9.9964E-05 0.301746 0.399646 0.10223 9.9964E-05 9.9964E-05
9.9964E-05 9.9964E-05 9.9964E-05 0.0536057 0.229538 0.162665 0.553791 9.9964E-05
0.0298631 0.0963781 9.9973E-05 9.9973E-05 0.767536 9.9973E-05 0.104947 0.000976117
9.9955E-05 0.0507821 9.9955E-05 0.0192602 0.929458 9.9955E-05 9.9955E-05 9.9955E-05
9.9964E-05 0.0446138 9.9964E-05 9.9964E-05 0.444606 9.9964E-05 0.489482 0.0208989
0.00130474 0.0470698 9.9982E-05 0.00956853 0.342486 0.0263339 0.573037 9.9982E-05
9.9964E-05 0.0590639 9.9964E-05 9.9964E-05 0.536283 9.9964E-05 0.348914 0.0553387
9.9973E-05 0.044407 9.9973E-05 0.0163379 0.479278 0.00653097 0.453146 9.9973E-05
9.9955E-05 9.9955E-05 9.9955E-05 9.9955E-05 0.467589 0.0368321 0.495079 9.9955E-05
0.0285388 9.9973E-05 9.9973E-05 0.793946 0.0782694 0.0206527 0.0782936 9.9973E-05
9.9973E-05 9.9973E-05 0.059151 0.710708 0.0655068 0.135829 9.9973E-05 0.0285056
9.9955E-05 9.9955E-05 0.0343735 0.903864 9.9955E-05 0.0612624 9.9955E-05 9.9955E-05
0.0174547 9.9955E-05 9.9955E-05 0.903052 9.9955E-05 9.9955E-05 0.0789938 9.9955E-05
0.00157164 0.254972 0.0415507 0.0600252 0.136025 0.0784219 0.42274 0.00469364
0.00901913 0.421355 9.9973E-05 0.0857455 0.0720961 9.9973E-05 0.411484 9.9973E-05
9.9955E-05 0.542045 0.0167829 9.9955E-05 9.9955E-05 9.9955E-05 0.440672 9.9955E-05
0.0181444 0.211911 9.9973E-05 0.111923 9.9973E-05 9.9973E-05 0.573447 0.0842748
9.9982E-05 0.0980222 0.100331 0.0840401 9.9982E-05 0.0424851 0.419714 0.255209
9.9982E-05 0.530245 0.118173 9.9982E-05 0.027905 0.00754305 0.206383 0.109551
9.9964E-05 0.440496 9.9964E-05 9.9964E-05 0.018783 0.0468777 0.493443 9.9964E-05
0.0204922 0.488214 9.9982E-05 0.0114489 0.0612773 9.9982E-05 0.242518 0.17585
0.0145991 9.9991E-05 0.0179915 0.311227 0.0683737 0.0862051 0.460173 0.0413302
0.06314 0.329321 0.0675818 9.9982E-05 0.0798517 0.0213826 0.438523 9.9982E-05
9.9964E-05 0.576501 0.126251 0.0433913 9.9964E-05 9.9964E-05 0.253457 9.9964E-05
9.9964E-05 0.350304 0.00707259 9.9964E-05 0.130355 9.9964E-05 0.511869 9.9964E-05
9.9982E-05 0.412717 0.00533103 0.00525994 0.0793326 9.9982E-05 0.361794 0.135366
0.0927207 0.315254 9.9973E-05 9.9973E-05 0.0266127 9.9973E-05 0.537389 0.0277235
0.0394296 0.421177 9.9973E-05 9.9973E-05 9.9973E-05 0.0752842 0.402131 0.0616778
9.9955E-05 0.798604 9.9955E-05 9.9955E-05 0.160861 9.9955E-05 0.0400355 9.9955E-05
0.0704007 0.643409 0.00738883 0.0258547 0.0752241 0.00165162 0.175971 9.9991E-05
0.0691348 0.509787 0.0217704 0.00711098 0.0850398 9.9982E-05 0.306956 9.9982E-05
0.0232345 0.795173 9.9955E-05 9.9955E-05 0.181093 9.9955E-05 9.9955E-05 9.9955E-05
9.9991E-05 0.335589 0.0790623 0.0436101 0.0690644 0.00397804 0.440986 0.0276108
0.0857997 0.543975 9.9973E-05 9.9973E-05 0.152995 9.9973E-05 0.0409958 0.175935
0.140042 0.580426 9.9955E-05 9.9955E-05 0.279032 9.9955E-05 9.9955E-05 9.9955E-05
9.9982E-05 0.273731 0.0280803 0.0256186 0.0829327 0.117124 0.472313 9.9982E-05
9.9991E-05 0.676302 0.0702669 0.0322381 0.00762024 0.046959 0.0748129 0.0917009
9.9982E-05 0.523592 0.00747161 0.0513232 9.9982E-05 0.0706529 0.296167 0.0505934
0.0500075 0.283144 9.9982E-05 0.0526745 9.9982E-05 0.0671378 0.49813 0.0487061
9.9955E-05 0.504753 0.0561788 9.9955E-05 9.9955E-05 9.9955E-05 0.438568 9.9955E-05
0.0478049 0.104698 0.274225 9.9991E-05 0.234796 0.0420684 0.29603 0.000277268
9.9982E-05 0.333779 0.0731923 9.9982E-05 0.10218 0.119512 0.323119 0.0480187
9.9982E-05 0.415499 0.052565 0.0579183 0.0240766 0.118731 0.331009 9.9982E-05
0.0244599 0.663796 9.9973E-05 9.9973E-05 0.0252431 9.9973E-05 0.255404 0.0307967
0.0216931 0.180921 0.039227 0.0789124 0.064898 0.0577965 0.530773 0.0257783
0.0531659 9.9973E-05 0.23848 0.568403 0.055754 9.9973E-05 9.9973E-05 0.0838976
0.0821431 0.050508 0.0949302 0.736561 9.9973E-05 9.9973E-05 0.0355575 9.9973E-05
0.0848051 0.00272745 0.132877 0.776992 0.00229839 9.9973E-05 9.9973E-05 9.9973E-05
0.0758324 9.9964E-05 0.133611 0.76814 0.0220172 9.9964E-05 9.9964E-05 9.9964E-05
9.9955E-05 9.9955E-05 0.171997 0.711013 9.9955E-05 9.9955E-05 9.9955E-05 0.116491
9.9964E-05 0.805456 0.100572 0.0466854 9.9964E-05 0.0468871 9.9964E-05 9.9964E-05
9.9982E-05 0.657821 0.152302 0.0653692 0.113691 9.9982E-05 0.00917738 0.00143976
9.9973E-05 0.719834 9.9973E-05 9.9973E-05 0.129542 0.0409559 0.0402575 0.0691112
0.0167447 0.21657 0.0244319 0.0962028 9.9982E-05 0.0676534 0.578197 9.9982E-05
9.9991E-05 0.269001 0.0206098 0.0241386 0.0764067 0.106483 0.427487 0.075773
0.0676048 0.519269 9.9982E-05 9.9982E-05 0.0618708 0.032004 0.293978 0.0250732
9.9964E-05 0.345388 9.9964E-05 9.9964E-05 9.9964E-05 0.166247 0.446091 0.0418737
9.9973E-05 0.493587 9.9973E-05 0.0610378 0.128048 0.0334729 0.283555 9.9973E-05
0.00698751 0.329872 0.0314165 0.0101857 9.9991E-05 0.00962203 0.505161 0.106655
9.9973E-05 0.340211 0.0280131 9.9973E-05 9.9973E-05 0.0459875 0.560907 0.0245816
9.9982E-05 0.638345 0.0967808 9.9982E-05 0.0477534 0.0142509 0.14306 0.0596096
9.9964E-05 0.645023 0.0494474 9.9964E-05 9.9964E-05 9.9964E-05 0.28312 0.0220092
9.9964E-05 0.528718 0.0964524 9.9964E-05 9.9964E-05 9.9964E-05 0.313946 0.0604833
0.0601976 9.9973E-05 0.0508744 0.015529 9.9973E-05 9.9973E-05 0.559796 0.313303
9.9964E-05 0.597807 0.021067 0.0265735 9.9964E-05 9.9964E-05 0.354153 9.9964E-05
9.9982E-05 0.538674 0.00591228 0.0451274 9.9982E-05 0.0251935 0.330588 0.0543052
9.9973E-05 9.9973E-05 0.00161642 0.0846814 9.9973E-05 0.334772 0.414574 0.164056
0.0301253 9.9982E-05 0.051542 0.0322017 9.9982E-05 0.517091 0.24145 0.127391
0.0755914 9.9973E-05 9.9973E-05 0.10896 9.9973E-05 0.42124 0.349972 0.0439369
0.17448 0.0116584 9.9973E-05 0.0271616 9.9973E-05 0.441373 0.345027 9.9973E-05
0.0272172 9.9991E-05 0.03501 0.128213 0.00869661 0.293532 0.429046 0.0781856
0.129952 0.345174 9.9982E-05 9.9982E-05 0.031912 0.0291437 0.365715 0.0979044
0.215511 9.9964E-05 9.9964E-05 0.180655 9.9964E-05 0.575858 0.0275768 9.9964E-05
0.0441704 9.9973E-05 9.9973E-05 0.208847 9.9973E-05 0.465523 0.269192 0.0119674
9.9973E-05 0.041779 9.9973E-05 0.121714 9.9973E-05 0.17218 0.327577 0.33645
9.9964E-05 9.9964E-05 0.0269091 0.162944 9.9964E-05 9.9964E-05 0.477132 0.332615
9.9973E-05 9.9973E-05 9.9973E-05 0.079359 0.0201016 0.0363245 0.326827 0.537088
9.9964E-05 9.9964E-05 9.9964E-05 0.0753372 9.9964E-05 0.0425831 0.475855 0.405825
0.0443965 0.106647 9.9982E-05 0.0895575 9.9982E-05 0.00738488 0.587197 0.164617
9.9964E-05 0.0107895 9.9964E-05 0.197172 9.9964E-05 0.493558 0.298081 9.9964E-05
0.130839 9.9973E-05 0.15197 0.0709332 9.9973E-05 0.308522 0.337436 9.9973E-05
0.0828569 9.9964E-05 9.9964E-05 0.0027127 9.9964E-05 0.487303 0.426727 9.9964E-05
9.9982E-05 9.9982E-05 0.0541124 0.172904 0.0275137 0.303214 0.351026 0.0910292
0.163227 9.9964E-05 9.9964E-05 0.054404 9.9964E-05 0.488455 0.293514 9.9964E-05
0.0616935 0.122793 9.9982E-05 0.10669 0.00403349 0.326153 0.378437 9.9982E-05
0.130167 9.9973E-05 9.9973E-05 0.0568174 0.0272224 0.541387 0.244107 9.9973E-05
0.095397 9.9973E-05 0.051341 0.0396349 9.9973E-05 0.366966 0.446362 9.9973E-05
0.0119962 0.0778737 9.9964E-05 9.9964E-05 9.9964E-05 9.9964E-05 0.443256 0.466475
9.9982E-05 0.141432 0.0159479 0.181109 9.9982E-05 0.389907 0.251057 0.0203475
0.167919 9.9964E-05 9.9964E-05 0.0969742 9.9964E-05 0.579704 0.155003 9.9964E-05
0.0556555 0.130368 0.0498314 0.139702 9.9982E-05 0.257669 0.366574 9.9982E-05
9.9973E-05 0.114712 0.143084 0.107413 9.9973E-05 0.047112 9.9973E-05 0.587379
0.0382495 0.00243202 9.9973E-05 9.9973E-05 9.9973E-05 0.0895611 0.40858 0.460878
0.0446822 0.0617122 0.038021 0.172702 9.9991E-05 0.33776 0.308436 0.0365871
9.9982E-05 9.9982E-05 0.104278 0.0750663 0.036645 0.0557903 0.455958 0.272062
9.9973E-05 0.090291 9.9973E-05 0.129052 9.9973E-05 0.0117141 0.373028 0.395615
0.114236 0.0757022 9.9991E-05 0.206818 0.0327567 0.135755 0.39214 0.0424914
0.108995 0.0095818 0.0248612 0.193645 0.0859309 0.264515 0.312371 9.9991E-05
0.0169745 0.0198191 0.0229685 0.170344 9.9991E-05 0.0929381 0.523932 0.152924
0.0620046 0.0989187 9.9982E-05 0.053937 9.9982E-05 0.371175 0.267402 0.146363
0.0400329 9.9973E-05 9.9973E-05 0.0588957 0.028938 0.488724 0.38311 9.9973E-05
0.13717 9.9964E-05 9.9964E-05 0.168345 9.9964E-05 0.57316 0.120926 9.9964E-05
0.0878369 9.9991E-05 0.0794085 0.00241383 0.0189316 0.0122233 0.55322 0.245866
9.9973E-05 0.0912348 0.0021794 0.0971207 9.9973E-05 9.9973E-05 0.342544 0.466621
0.186516 9.9982E-05 9.9982E-05 0.00325886 0.0983511 0.0151914 0.0616642 0.634819
9.9973E-05 0.142189 9.9973E-05 0.131242 9.9973E-05 0.113483 0.436484 0.176302
0.0416612 0.0403954 0.200692 0.0364604 0.218527 0.0207739 0.365639 0.0758507
0.277359 0.0246812 0.020695 0.12543 9.9991E-05 0.0991996 0.438569 0.0139655
0.216458 0.0627384 0.13919 0.0397143 0.0262342 0.0922302 0.422244 0.00119144
0.879584 9.9964E-05 0.0396089 9.9964E-05 9.9964E-05 0.0667051 0.0137025 9.9964E-05
0.9993 9.994E-05 9.994E-05 9.994E-05 9.994E-05 9.994E-05 9.994E-05 9.994E-05
0.4805 0.0463309 0.0543141 9.9991E-05 0.0343199 0.000868903 0.330336 0.0532304
