9.9982E-05 0.0217266 0.0375808 0.0492957 0.883354 0.00784252 9.9982E-05
9.9955E-05 9.9955E-05 9.9955E-05 9.9955E-05 0.929078 9.9955E-05 0.0704226
9.9982E-05 0.0483187 0.0289681 0.0777821 0.78378 0.0609511 9.9982E-05
9.9964E-05 9.9964E-05 0.124247 9.9964E-05 0.79527 0.0800824 9.9964E-05
9.9964E-05 9.9964E-05 9.9964E-05 0.100693 0.872687 9.9964E-05 0.0262205
0.199629 0.0286328 0.0701267 0.0962785 0.537004 0.0682288 9.9991E-05
0.135899 9.9973E-05 9.9973E-05 0.018221 0.786112 9.9973E-05 0.0594682
0.138786 9.9991E-05 0.106098 0.018815 0.667482 0.0397595 0.0289595
0.0204442 0.0337569 0.0826299 9.99729E-05 0.862869 9.99729E-05 9.99729E-05
0.140384 9.9982E-05 9.9982E-05 0.105532 0.650487 0.0642729 0.039125
0.164481 0.00487806 0.111671 0.0319123 0.686857 9.9982E-05 9.9982E-05
0.0590516 0.228713 0.451673 0.17833 9.9991E-05 0.0775051 0.0046269
9.9982E-05 0.0511675 0.3494 0.538077 9.9982E-05 0.0548451 0.00631045
0.0518849 9.9982E-05 0.433371 0.154893 9.9982E-05 0.14703 0.21262
9.999E-05 0.159644 0.329718 0.221895 0.0374358 0.207369 0.0438379
0.0276753 0.175417 0.164999 0.298001 0.128035 0.205773 9.9991E-05
0.00769637 0.0183402 0.195508 0.529843 0.0543088 0.146535 0.0477685
0.0811715 0.200473 0.199527 0.389233 9.9991E-05 0.0555273 0.0739693
0.0116327 0.140761 0.346233 0.30715 0.100941 0.0819952 0.0112873
0.0845517 0.110619 0.613864 0.0158764 0.0206599 0.0822061 0.0722222
0.0219684 0.172253 0.24431 0.309889 0.0129103 0.146298 0.0923722
0.175051 0.131771 0.144279 0.437727 0.0487773 0.0622948 9.9991E-05
0.068721 0.0692817 0.214157 0.525599 0.0133492 0.0119866 0.0969056
0.0384854 0.158767 0.333444 0.19938 0.0211848 0.15738 0.0913582
9.9991E-05 0.0222545 0.127733 0.60779 0.144943 0.0453061 0.0518733
0.0690988 9.9973E-05 0.258183 0.614284 9.9973E-05 0.058134 9.9973E-05
0.0105548 0.185254 0.468639 0.122959 0.0123657 0.129545 0.0706829
0.0634597 0.186045 0.376014 0.184889 9.9982E-05 0.189392 9.9982E-05
0.0105001 0.0788632 0.481723 0.255434 0.00321484 0.048178 0.122086
9.9964E-05 9.9964E-05 9.9964E-05 0.148444 0.797113 0.0540431 9.9964E-05
9.9964E-05 9.9964E-05 9.9964E-05 0.204937 0.783494 0.0111692 9.9964E-05
9.9964E-05 9.9964E-05 9.9964E-05 0.237528 0.760517 0.00155504 9.9964E-05
0.026445 0.0965906 0.00168031 0.0382215 0.737989 0.098974 9.9991E-05
0.00895894 0.264595 0.088205 0.534578 0.0341327 0.0167824 0.0527476
0.0511995 0.276966 0.0690401 0.45556 0.0871133 0.0207645 0.0393573
0.0990699 0.336812 9.9991E-05 0.487087 0.00904973 0.0551079 0.0127731
9.9991E-05 0.0937291 0.604998 0.149128 0.0354545 0.0570447 0.0595457
0.127377 0.487344 0.00858454 0.266767 0.0144449 0.0346439 0.0608381
9.999E-05 0.24128 0.086826 0.454778 0.0761712 0.00443175 0.136413
0.0286867 0.208194 9.9982E-05 0.653549 0.0673127 9.9982E-05 0.0420582
0.198971 0.0396856 0.0708841 0.578279 0.0799348 9.9991E-05 0.0321456
0.00755831 0.166452 0.128117 0.458482 0.163398 0.0584697 0.0175224
9.9973E-05 0.578152 0.165358 0.203217 0.0529733 9.9973E-05 9.9973E-05
0.191399 0.145472 0.0366054 0.58927 9.9982E-05 0.0370535 9.9982E-05
0.02359 0.371329 0.0506995 0.371236 0.0460004 0.137045 9.9991E-05
0.155815 0.0435836 0.0372491 0.645886 0.0561175 9.9991E-05 0.0612488
9.9973E-05 0.653441 0.00959077 0.267996 9.9973E-05 9.9973E-05 0.0686717
9.9982E-05 0.211329 0.0655395 0.624495 0.0590844 0.0393517 9.9982E-05
0.0869127 0.186747 9.9982E-05 0.647944 0.0725157 0.00567994 9.9982E-05
0.255348 0.625478 9.9973E-05 9.9973E-05 0.0366316 9.9973E-05 0.0822421
0.0297735 0.225454 0.493219 0.165228 9.9982E-05 9.9982E-05 0.0861251
0.316659 0.191006 0.185324 0.00875248 0.00203084 0.0414374 0.25479
0.0547455 9.9982E-05 0.193974 0.59524 9.9982E-05 0.0386517 0.117188
0.142632 0.0183167 0.0675904 0.609563 0.106733 0.0392581 0.0159072
0.0507992 0.127767 0.0602532 0.601946 0.068212 0.0874792 0.00354322
0.0609082 0.315003 0.362937 0.142358 0.0949373 0.0237568 9.9991E-05
0.139895 9.9991E-05 0.208983 0.539549 0.0145952 0.000350549 0.0965273
0.173323 0.0226979 0.114887 0.56987 9.9991E-05 0.115233 0.00388866
0.0486037 0.158699 0.18345 0.414616 0.121123 9.9991E-05 0.0734083
0.11667 0.14756 0.364551 9.9991E-05 0.177999 0.13171 0.0614102
9.9982E-05 0.216259 0.157145 0.521709 0.101966 9.9982E-05 0.00272118
0.0625368 0.13332 0.215433 0.408293 0.0904758 0.0815389 0.00840263
0.0960258 0.180276 0.52684 0.0764143 0.0733751 9.9991E-05 0.0469689
0.114776 0.0707409 0.196849 0.466125 9.9991E-05 0.0698099 0.0815987
0.116682 9.9991E-05 0.0216219 0.678629 0.00363276 0.0436597 0.135675
9.9991E-05 0.113716 0.131303 0.548333 0.0739391 0.0330533 0.0995556
0.133686 0.139898 0.239062 0.287292 0.0598416 0.0355601 0.10466
0.0905766 0.102088 0.180489 0.392845 9.9991E-05 0.110709 0.123192
9.9991E-05 0.106905 0.144682 0.508616 0.0858257 0.102656 0.0512147
0.134897 0.142126 0.425801 0.287298 9.9982E-05 0.00967835 9.9982E-05
0.010509 0.389474 0.0772829 0.522434 9.9973E-05 9.9973E-05 9.9973E-05
9.9973E-05 0.692803 0.118075 0.183957 0.00486522 9.9973E-05 9.9973E-05
0.0136238 0.159957 9.9991E-05 0.584845 0.13749 0.0267437 0.0772412
0.0454708 0.323857 0.0402568 0.450167 0.0483579 0.09179 9.9991E-05
0.0860179 0.913482 9.9955E-05 9.9955E-05 9.9955E-05 9.9955E-05 9.9955E-05
0.0429373 0.905417 9.9964E-05 9.9964E-05 9.9964E-05 9.9964E-05 0.0512457
9.9964E-05 0.787797 9.9964E-05 0.211636 9.9964E-05 0.000166508 9.9964E-05
9.9973E-05 0.528351 9.9973E-05 0.408561 0.0430916 9.9973E-05 0.0196964
9.9982E-05 0.15099 0.0161796 0.670962 0.134852 9.9982E-05 0.0268168
9.9973E-05 0.551574 0.0209132 0.330437 9.9973E-05 0.0967764 9.9973E-05
9.9991E-05 0.605734 0.190456 0.116433 0.0145672 0.0676063 0.00510403
9.9982E-05 0.578851 0.240666 0.156163 0.0190071 0.00511375 9.9982E-05
0.00912558 0.307618 0.053462 0.438779 0.0747602 0.100031 0.0162234
9.9991E-05 0.621824 0.0414177 0.226427 0.0143043 0.080932 0.0149951
0.00752449 0.420884 0.0593327 0.484857 0.0272016 9.9982E-05 9.9982E-05
0.00677628 0.548982 9.9973E-05 0.441159 9.9973E-05 9.9973E-05 0.00278276
0.131397 0.680375 9.9973E-05 9.9973E-05 0.0400512 9.9973E-05 0.147877
0.0153188 0.277938 0.122426 0.513034 9.9982E-05 0.071083 9.9982E-05
9.9982E-05 0.0132847 0.0538978 0.0955911 0.83551 9.9982E-05 0.00151652
9.9955E-05 9.9955E-05 9.9955E-05 0.0935875 0.905913 9.9955E-05 9.9955E-05
9.9973E-05 9.9973E-05 0.0175823 0.0863347 0.858454 0.0373291 9.9973E-05
0.0062054 9.9964E-05 9.9964E-05 0.079075 0.91432 9.9964E-05 9.9964E-05
0.0265406 0.007583 9.9982E-05 0.0940333 0.840514 0.0311294 9.9982E-05
9.9973E-05 0.0398438 9.9973E-05 0.0211428 0.913705 0.0250085 9.9973E-05
9.99551E-05 9.99551E-05 9.99551E-05 0.0887587 0.910742 9.99551E-05 9.99551E-05
0.0410412 0.269929 0.0133929 0.506622 0.111354 0.057561 9.9991E-05
0.012918 0.157662 0.0778872 0.585415 0.0223329 0.0947999 0.0489847
9.9982E-05 0.765158 0.110094 0.0416016 0.0192412 9.9982E-05 0.0637047
0.0981655 0.166971 0.0411895 0.595125 0.0607473 9.9991E-05 0.0377015
9.9982E-05 0.368665 0.118555 0.46334 0.0378156 0.0114246 9.9982E-05
9.9982E-05 0.298709 0.0152893 0.549516 0.0538534 9.9982E-05 0.0824317
0.0195546 0.245936 0.0521306 0.457703 0.0204038 0.0543989 0.149874
9.9973E-05 0.403359 9.9973E-05 0.407279 9.9973E-05 0.0636658 0.125396
9.9973E-05 0.68338 0.204704 9.9973E-05 0.0576569 9.9973E-05 0.0539597
9.9982E-05 0.117326 0.0477143 0.504695 0.180091 9.9982E-05 0.149973
0.015182 0.177516 0.0667152 0.569033 0.0693887 0.0120238 0.0901406
9.9991E-05 0.151428 0.0296718 0.615629 0.11867 0.0547014 0.0297996
0.156214 0.533619 0.0146485 0.233406 0.016003 0.0460093 9.9991E-05
0.0252264 0.335047 9.9973E-05 0.522108 9.9973E-05 9.9973E-05 0.117319
9.9973E-05 0.38741 0.151691 0.44899 0.0116092 9.9973E-05 9.9973E-05
9.9973E-05 0.625791 9.9973E-05 0.250338 9.9973E-05 0.100974 0.0225968
9.9973E-05 0.485386 0.0321851 0.364847 0.117281 9.9973E-05 9.9973E-05
9.9982E-05 0.219744 0.0632925 0.518139 0.187659 9.9982E-05 0.0109651
0.0837787 0.0245493 0.33935 0.293494 0.003941 9.9991E-05 0.254787
0.104349 9.9982E-05 0.0348707 0.583499 0.144743 9.9982E-05 0.132338
0.102031 0.0928811 0.341903 0.358619 0.0185309 0.0859356 9.9991E-05
0.00866241 0.0692222 0.0758159 0.575984 0.167091 9.9991E-05 0.103124
0.0523635 0.171056 0.121511 0.537269 0.0436441 0.0247956 0.0493605
0.0343427 0.135905 0.256966 0.494281 0.0597881 9.9991E-05 0.018618
0.0433281 0.0484034 0.217657 0.568779 0.0392671 0.0595514 0.0230141
9.9991E-05 0.0817648 0.324786 0.445455 0.0276806 0.0319942 0.0882194
0.130481 0.123341 0.111683 0.522939 0.0639549 0.0360811 0.0115197
0.0292619 0.19993 0.0774059 0.526486 0.097925 0.0392064 0.0297847
0.0525069 0.0786924 0.183958 0.593188 0.0159176 9.9991E-05 0.0756374
9.9982E-05 0.0731068 0.242754 0.547034 0.056415 9.9982E-05 0.0804896
0.1148 0.127985 0.0542132 0.541398 9.9991E-05 0.121199 0.0403041
0.0760511 0.00579401 0.12093 0.557258 0.05189 0.100859 0.0872184
9.9982E-05 9.9982E-05 0.245851 0.538861 0.0140517 0.0743574 0.126679
0.0257338 0.0774123 0.123573 0.550847 0.079837 0.0361582 0.106439
0.0213986 0.0753677 0.23118 0.468315 9.9991E-05 0.109408 0.09423
0.158382 9.9991E-05 0.200289 0.35409 0.0563884 0.00681842 0.223932
0.0414995 0.0167445 0.192615 0.696818 0.0458227 0.00640034 9.9991E-05
0.0995814 9.9982E-05 0.230874 0.629537 9.9982E-05 0.0093045 0.0305028
0.0146614 0.170152 0.411594 0.233747 0.0136259 0.0698178 0.0864025
0.215073 0.0208132 0.244322 0.116634 9.9991E-05 0.0825139 0.320545
0.0458586 0.173306 0.21558 0.549655 9.9982E-05 0.0153997 9.9982E-05
0.150658 0.184751 0.303781 0.00629509 9.9991E-05 0.101926 0.252488
0.0287104 0.173402 0.419886 0.282007 0.0133834 9.9991E-05 0.0825114
0.0131845 0.1961 0.333034 0.43123 0.00420651 9.9991E-05 0.0221447
9.9973E-05 0.105409 0.49304 0.325122 9.9973E-05 9.9973E-05 0.0761287
9.9982E-05 0.190656 0.478362 0.29325 0.00623324 0.031299 9.9982E-05
0.0582944 9.9982E-05 0.215672 0.644054 0.0095645 9.9982E-05 0.0722148
0.0156174 0.110759 0.150548 0.543155 0.0539874 0.0993008 0.0266319
0.0204739 0.157903 0.142539 0.559984 0.0143364 0.0672529 0.0375117
0.18634 0.0635484 0.386858 0.14063 9.9991E-05 0.082602 0.139921
0.0513521 0.0823266 0.122903 0.424473 0.201846 9.9991E-05 0.117
0.278688 0.00858766 0.0784149 0.569029 0.00506628 9.9991E-05 0.0601136
0.410825 0.0982131 0.193501 0.00845057 0.1495 9.9991E-05 0.13941
0.0775208 0.14585 0.0263733 0.6656 0.084456 9.9982E-05 9.9982E-05
0.112281 0.107008 0.1203 0.343546 0.0882519 0.0623099 0.166302
0.174237 0.133255 0.0525668 0.503612 0.0839214 9.9991E-05 0.0523081
0.40416 0.174223 0.0669107 0.251732 0.067724 9.9991E-05 0.0351498
0.415211 0.0654691 0.185815 0.197408 0.0450468 9.9991E-05 0.0909499
0.0710637 0.167205 9.9991E-05 0.420913 0.186054 0.0574097 0.0972541
0.212423 0.105034 0.0912833 0.427564 0.00131614 9.9991E-05 0.162279
0.085855 0.076903 0.197956 0.49468 0.14108 9.9991E-05 0.00342689
0.260445 0.074775 0.0762062 0.478007 0.0870173 0.00254223 0.0210076
0.050439 0.243258 0.000429022 0.465311 0.106362 0.134101 9.9991E-05
0.101492 0.0831009 0.0496899 0.503688 0.0718078 0.190121 9.9991E-05
0.295433 0.24303 0.131724 9.9991E-05 0.0674938 0.157788 0.104431
0.0334832 0.0568388 0.00469651 0.618594 0.0561876 0.0269942 0.203205
0.0916998 0.133439 0.151453 0.466223 0.108437 0.0486483 9.9991E-05
0.254596 0.294172 0.10512 0.34356 9.9982E-05 9.9982E-05 0.00235192
0.219381 0.166183 0.117899 0.379589 9.9991E-05 0.0445997 0.0722479
0.052012 0.0568414 0.0831651 0.530573 0.0663946 0.0380388 0.172976
0.17235 0.168283 0.126076 0.395455 0.0265509 0.111186 9.9991E-05
0.204598 0.0358949 9.9982E-05 0.439384 0.118067 0.201856 9.9982E-05
0.302531 9.9982E-05 0.0286181 0.161608 0.275222 0.231821 9.9982E-05
0.413868 9.9964E-05 9.9964E-05 9.9964E-05 0.447197 0.138536 9.9964E-05
0.494579 9.9964E-05 9.9964E-05 9.9964E-05 0.376773 0.128249 9.9964E-05
0.258198 9.9982E-05 0.007071 0.0776899 0.357938 0.298902 9.9982E-05
0.324537 0.0602563 9.9973E-05 0.598414 9.9973E-05 9.9973E-05 0.0164928
0.0627656 0.0369967 0.170047 0.512709 9.9991E-05 0.0829995 0.134382
9.9955E-05 9.9955E-05 9.9955E-05 0.358134 9.9955E-05 0.641366 9.9955E-05
9.9991E-05 0.0801767 0.0829825 0.338531 0.0243673 0.465589 0.00825347
0.0153331 0.0801224 0.0976758 0.313161 0.120999 0.372608 9.9991E-05
0.37759 0.148839 9.9973E-05 0.332271 9.9973E-05 9.9973E-05 0.141001
0.0739006 0.286243 9.9982E-05 0.474425 0.12617 9.9982E-05 0.039062
0.470072 0.0372125 9.9973E-05 0.15258 9.9973E-05 9.9973E-05 0.339835
0.276925 0.0604683 0.0171594 0.597807 9.9982E-05 9.9982E-05 0.0474406
0.232029 9.9973E-05 0.0903253 0.457796 9.9973E-05 9.9973E-05 0.21955
0.337083 9.9973E-05 0.0293408 0.523405 9.9973E-05 9.9973E-05 0.10987
0.456661 0.146136 0.0615647 0.184497 9.9982E-05 9.9982E-05 0.150941
0.150679 0.161657 0.0369789 0.456673 9.9991E-05 0.148853 0.0450599
0.317105 0.0279231 0.030729 0.488243 0.0825526 0.0533473 9.9991E-05
0.16101 0.131585 0.148497 0.457391 0.0833636 0.0180529 9.9991E-05
0.0330023 9.9991E-05 0.179177 0.441827 0.111474 0.139333 0.0950862
9.9964E-05 0.0169574 9.9964E-05 9.9964E-05 9.9964E-05 0.957677 0.0249663
9.9964E-05 0.0609613 9.9964E-05 0.058602 9.9964E-05 0.880037 9.9964E-05
0.0101708 0.156783 0.0513148 0.113222 0.0769651 0.591445 9.9991E-05
9.9982E-05 9.9982E-05 0.0148595 0.235969 0.0195609 0.649946 0.0794648
0.0060968 0.0833994 0.00415635 0.123779 0.000125324 0.782343 9.9991E-05
9.995E-05 9.995E-05 9.995E-05 9.995E-05 9.995E-05 0.9994 9.995E-05
9.9964E-05 9.9964E-05 9.9964E-05 9.9964E-05 0.027121 0.912469 0.0600099
9.9955E-05 9.9955E-05 9.9955E-05 0.193576 9.9955E-05 0.805924 9.9955E-05
9.9955E-05 9.9955E-05 0.0363992 9.9955E-05 9.9955E-05 0.963101 9.9955E-05
9.995E-05 9.995E-05 9.995E-05 9.995E-05 9.995E-05 0.9994 9.995E-05
9.995E-05 9.995E-05 9.995E-05 9.995E-05 9.995E-05 0.9994 9.995E-05
0.0254423 9.9991E-05 0.0181281 0.19733 0.0161219 0.712236 0.0306417
9.9973E-05 9.9973E-05 0.0463374 0.138026 0.0738876 0.741449 9.9973E-05
9.9955E-05 0.0145117 9.9955E-05 9.9955E-05 9.9955E-05 0.984989 9.9955E-05
9.9991E-05 0.112633 0.0494081 0.356726 0.141031 0.303824 0.0362784
9.9973E-05 9.9973E-05 0.080904 0.273315 0.0245282 0.620953 9.9973E-05
9.9973E-05 9.9973E-05 0.046963 0.17727 0.0333903 0.742077 9.9973E-05
9.9982E-05 9.9982E-05 0.0370651 0.0234668 0.00570507 0.928591 0.00497183
9.995E-05 9.995E-05 9.995E-05 9.995E-05 9.995E-05 0.9994 9.995E-05
9.9964E-05 9.9964E-05 9.9964E-05 0.121372 0.0230851 0.855143 9.9964E-05
9.995E-05 9.995E-05 9.995E-05 9.995E-05 9.995E-05 0.9994 9.995E-05
9.9991E-05 0.0491433 0.0586077 0.203017 0.0115548 0.638473 0.0391042
0.0171784 0.0625403 9.9982E-05 9.9982E-05 0.0197537 0.893491 0.00683644
0.646901 9.9973E-05 9.9973E-05 9.9973E-05 0.28107 0.0525272 0.0192018
0.225369 0.0110791 0.158306 0.409913 0.090642 0.104591 9.9991E-05
0.315035 9.9991E-05 0.0118387 0.407287 0.17563 0.0689432 0.0211651
0.568639 9.9973E-05 9.9973E-05 0.267555 0.128114 0.0353911 9.9973E-05
0.222257 0.0771697 0.0557878 0.404322 0.110227 0.0707419 0.0594948
0.413531 0.090782 9.9982E-05 0.159169 0.223861 0.112457 9.9982E-05
0.151329 9.9991E-05 0.124444 0.374653 0.160362 0.0976004 0.0915117
0.102659 9.9991E-05 0.160131 0.464902 0.195946 0.0634597 0.0128017
0.408754 0.0139684 9.9982E-05 0.37318 0.0921647 0.111733 9.9982E-05
0.240332 9.9982E-05 0.0173219 0.450669 0.145495 0.145982 9.9982E-05
0.279223 9.9973E-05 9.9973E-05 0.418298 0.142624 0.159556 9.9973E-05
0.166041 0.0562468 0.0171895 0.497081 0.0844104 0.0944783 0.0845529
0.140958 0.0972006 0.0233005 0.38997 0.166983 0.179895 0.00169309
0.0663686 9.9973E-05 0.0679725 0.047569 0.81779 9.9973E-05 9.9973E-05
0.0054329 9.9973E-05 9.9973E-05 0.0455153 0.884039 0.0647127 9.9973E-05
0.0142772 0.0206118 0.0212221 9.9973E-05 0.943589 9.9973E-05 9.9973E-05
0.00855453 9.9973E-05 0.0350103 0.0235253 0.93261 9.9973E-05 9.9973E-05
0.00199256 9.9982E-05 0.0123688 0.0872201 0.891394 0.00682474 9.9982E-05
9.9964E-05 9.9964E-05 9.9964E-05 9.9964E-05 0.870672 0.101164 0.0277637
9.9964E-05 9.9964E-05 9.9964E-05 0.0495542 0.878278 0.0717684 9.9964E-05
0.0905714 9.9964E-05 9.9964E-05 9.9964E-05 0.836781 9.9964E-05 0.0722473
9.9964E-05 9.9964E-05 9.9964E-05 0.0382587 0.918872 9.9964E-05 0.0424692
0.0906123 9.9973E-05 0.0112698 9.9973E-05 0.793825 0.103993 9.9973E-05
9.9982E-05 0.0523545 0.24069 9.9982E-05 0.583526 0.0186475 0.104582
9.9982E-05 0.0070444 0.382233 0.00773487 0.578452 9.9982E-05 0.0243358
0.0731955 0.0906418 0.316717 9.9982E-05 0.506349 9.9982E-05 0.0128973
0.0696614 0.099439 0.337133 9.9982E-05 0.478244 9.9982E-05 0.015322
0.0308026 0.234587 0.179211 0.454148 0.0295655 9.9991E-05 0.0715859
9.9991E-05 0.266764 0.0741632 0.554297 0.029007 0.00752043 0.0681483
0.0240612 0.204647 0.228122 0.499291 0.00114348 0.0426358 9.9991E-05
0.0998493 0.023368 0.184325 0.411042 0.0612168 0.0858195 0.134379
0.0651451 0.259541 0.236033 0.438981 9.9973E-05 9.9973E-05 9.9973E-05
9.9973E-05 0.148413 0.605797 0.179048 9.9973E-05 9.9973E-05 0.0664425
9.9982E-05 0.250371 9.9982E-05 0.593333 0.0830557 0.00489932 0.0681408
9.9982E-05 0.358343 0.0583301 0.482717 9.9982E-05 0.0776184 0.0227914
0.0141331 0.355602 0.103687 0.42491 9.9991E-05 0.0243782 0.0771893
9.9973E-05 0.573979 9.9973E-05 0.214571 9.9973E-05 0.106441 0.104709
0.0707124 0.18728 0.106729 0.60819 0.00698468 0.0200038 9.9991E-05
0.0258537 0.347409 0.0784571 0.442256 9.9982E-05 9.9982E-05 0.105824
0.0686409 0.723872 0.0229061 9.9973E-05 9.9973E-05 9.9973E-05 0.184281
9.9982E-05 0.109366 0.102354 0.591073 0.0999175 9.9982E-05 0.0970901
0.189392 0.480149 9.9973E-05 0.28001 9.9973E-05 9.9973E-05 0.0501485
0.0407777 0.348658 0.00801891 0.484882 9.9991E-05 0.0326476 0.0849161
9.9973E-05 0.663473 0.18971 0.11557 0.0309468 9.9973E-05 9.9973E-05
0.0720136 9.9964E-05 0.834672 9.9964E-05 0.0929146 9.9964E-05 9.9964E-05
9.9964E-05 9.9964E-05 0.828674 0.0849245 0.0860017 9.9964E-05 9.9964E-05
0.0304612 9.9973E-05 0.939402 9.9973E-05 0.0283853 9.9973E-05 0.00145187
0.027642 0.0446528 0.827262 9.9982E-05 0.0979595 9.9982E-05 0.00228376
0.0355502 0.00973409 0.878128 0.0461881 9.9982E-05 0.0302001 9.9982E-05
0.00420639 9.9982E-05 0.798993 0.103931 0.0391862 0.0534831 9.9982E-05
9.9964E-05 9.9964E-05 9.9964E-05 0.123003 0.868215 0.00838285 9.9964E-05
9.9973E-05 9.9973E-05 0.155377 0.0435369 0.7924 0.00838615 9.9973E-05
9.9973E-05 9.9973E-05 9.9973E-05 0.128264 0.774997 0.0880111 0.00842794
9.9973E-05 9.9973E-05 0.10962 0.0412188 0.710055 0.138806 9.9973E-05
0.0518148 9.9982E-05 0.0162536 0.115905 0.749785 0.0660417 9.9982E-05
0.0863737 9.9964E-05 0.53866 9.9964E-05 0.374566 9.9964E-05 9.9964E-05
0.0322436 0.00970694 0.43578 9.9982E-05 0.450709 9.9982E-05 0.0713606
9.9973E-05 0.000582646 0.492449 9.9973E-05 0.417427 9.9973E-05 0.089241
9.9973E-05 9.9973E-05 0.0245801 0.147812 0.792986 0.0343218 9.9973E-05
0.0509606 0.040917 0.48992 9.9991E-05 0.36651 0.0270623 0.0245294
0.220014 9.9991E-05 0.00370957 0.219742 0.13822 0.38647 0.0317445
0.0700427 0.0703767 0.0624705 0.472788 0.0830594 0.241163 9.9991E-05
9.9973E-05 0.0154801 9.9973E-05 0.436659 0.212141 0.33542 9.9973E-05
0.179705 9.9982E-05 0.0176927 0.394609 0.196913 0.210881 9.9982E-05
0.0927108 0.101853 9.9982E-05 0.436145 0.171996 0.197096 9.9982E-05
0.319728 9.9964E-05 9.9964E-05 9.9964E-05 0.326311 0.353561 9.9964E-05
0.100473 0.0572122 0.322895 0.424493 9.9982E-05 9.9982E-05 0.0947268
0.0913893 0.0583271 0.188707 0.384446 0.00866789 9.9991E-05 0.268363
9.9982E-05 0.00813258 0.492341 0.366461 0.0739559 9.9982E-05 0.0589094
0.0951406 0.0997213 0.201291 0.436979 9.9982E-05 9.9982E-05 0.166669
0.276633 0.123191 0.191364 9.9973E-05 9.9973E-05 9.9973E-05 0.408512
0.0463716 0.0373208 0.226566 0.466435 0.0609691 0.103939 0.0583983
0.113764 0.0379777 0.182417 0.525056 0.0136827 9.9991E-05 0.127002
0.0609396 0.119411 0.374536 0.427465 0.000906281 9.9991E-05 0.0166426
0.0592828 0.101542 0.190596 0.57259 0.0577686 0.0181209 9.9991E-05
0.257247 0.168087 0.271422 0.0614214 9.9982E-05 9.9982E-05 0.241624
0.108411 0.0993458 0.203759 0.404761 9.9991E-05 0.0133632 0.170261
0.0914919 0.0396497 0.273891 0.553512 9.9991E-05 0.0319429 0.00941297
0.150502 0.137721 0.0226334 0.381891 0.112514 0.194639 9.9991E-05
0.0645445 0.0501867 0.373135 0.349099 9.9982E-05 9.9982E-05 0.162834
0.0669847 0.117345 0.210659 0.4365 0.0315495 9.9991E-05 0.136862
0.117307 0.143397 0.132606 0.416498 9.9991E-05 0.0314147 0.158677
0.0275238 0.0319711 0.150645 0.566171 0.0337623 9.9991E-05 0.189826
9.9991E-05 0.0615413 0.103913 0.709512 0.081568 0.00617118 0.0371947
0.0226171 0.12685 0.132931 0.509248 0.0476186 0.0315421 0.129193
0.125914 0.0556994 0.157755 0.56064 0.0997907 9.9982E-05 9.9982E-05
9.9964E-05 9.9964E-05 9.9964E-05 0.190238 0.770126 0.0392356 9.9964E-05
9.9973E-05 0.0173969 9.9973E-05 0.129468 0.824651 0.0281841 9.9973E-05
0.000997852 0.104614 0.0374908 0.0481077 0.80859 9.9982E-05 9.9982E-05
9.9973E-05 0.139602 0.0299045 9.9973E-05 0.786699 0.0434943 9.9973E-05
9.9964E-05 9.9964E-05 9.9964E-05 0.16038 0.834101 0.00511843 9.9964E-05
0.0597149 0.074059 0.593301 0.194989 9.9991E-05 0.0375081 0.0403283
0.0622525 0.0212172 0.0671595 0.518525 0.0746898 0.0630637 0.193093
0.0822331 0.0602046 9.9991E-05 0.468882 0.197426 0.0972283 0.0939263
0.0630432 0.029589 0.103502 0.695858 0.029208 0.0267168 0.0520827
9.9973E-05 0.0710492 0.372023 0.543708 9.9973E-05 0.0129191 9.9973E-05
0.202681 9.9982E-05 0.334669 0.252958 9.9982E-05 0.0414002 0.168092
0.129721 0.0978278 0.592397 0.0164971 0.103021 9.9991E-05 0.0604366
0.0986798 0.0455769 0.340442 0.442958 9.9982E-05 9.9982E-05 0.0721443
9.9982E-05 9.9982E-05 0.511484 0.232914 0.0738297 0.00792172 0.173651
0.103104 0.154568 0.134827 0.45868 0.0680018 9.9991E-05 0.0807184
0.0238029 9.9991E-05 0.506902 0.113827 0.111226 0.0350588 0.209084
0.030632 9.9991E-05 0.228363 0.643826 0.0570741 0.0372609 0.00274376
9.9991E-05 0.068877 0.554607 0.2105 0.0733254 0.0242723 0.0683179
9.9991E-05 0.124697 0.0463936 0.478511 0.166713 0.092726 0.090859
0.121889 0.105204 0.215553 0.296391 9.9991E-05 0.104227 0.156636
0.171427 9.9991E-05 0.148784 0.454049 0.0784007 0.0244916 0.122747
0.526172 9.9973E-05 0.053289 0.280452 9.9973E-05 9.9973E-05 0.139787
0.264929 0.115345 9.9982E-05 0.580399 0.0360147 0.00311182 9.9982E-05
0.218217 0.0848452 0.0695712 0.407238 0.101304 0.118725 9.9991E-05
0.528867 0.0751989 0.0256829 0.338886 9.9982E-05 9.9982E-05 0.0311653
0.100241 0.213323 9.9991E-05 0.393794 0.165818 0.0905881 0.0361352
0.223065 0.147992 0.101135 0.475037 0.0315632 0.0211074 9.9991E-05
0.219056 0.148923 0.0376877 0.532268 0.0290768 9.9991E-05 0.0328887
0.630094 0.136673 0.0456978 0.0634449 9.9982E-05 9.9982E-05 0.12389
0.560415 0.0457817 0.030953 0.215026 9.9982E-05 9.9982E-05 0.147624
0.321458 0.108215 0.0378973 0.472487 9.9982E-05 9.9982E-05 0.0597423
0.126882 0.0690299 0.0652129 0.441189 0.114274 0.0807209 0.102692
0.427031 0.210357 0.0893649 0.118327 9.9982E-05 9.9982E-05 0.154721
0.344235 0.110778 0.100447 0.44424 9.9973E-05 9.9973E-05 9.9973E-05
9.9982E-05 0.102655 0.630884 0.0923799 9.9982E-05 0.0443287 0.129552
0.0731074 0.0845394 0.278376 0.223903 9.9991E-05 0.0159086 0.324066
9.9991E-05 0.147625 0.344204 0.32965 0.00481096 0.0893085 0.0843011
0.075276 0.0681306 0.150994 0.62592 0.0270726 0.0257016 0.0269053
9.9982E-05 0.230444 0.432692 0.281862 9.9982E-05 0.00842032 0.0463823
0.0891665 0.00771677 0.0574536 0.502406 0.0543291 0.137488 0.15144
0.0139181 0.0523796 0.206434 0.520931 0.0721071 0.0459704 0.0882602
9.9991E-05 0.0729227 0.255559 0.500491 0.0361648 0.0319298 0.102832
9.9991E-05 0.0736441 0.249972 0.494191 0.0526954 0.0572581 0.0721392
9.9982E-05 0.210516 0.253957 0.436096 9.9982E-05 0.0829507 0.0162801
9.9982E-05 0.140325 0.44111 0.311864 9.9982E-05 0.0784251 0.0280758
0.0295512 0.116742 0.367324 0.324789 9.9991E-05 0.110584 0.0509101
9.9982E-05 0.0398945 0.215503 0.555127 9.9982E-05 0.0687363 0.120539
9.9991E-05 0.156532 0.200684 0.499112 0.0461577 0.0320537 0.0653602
0.0802114 0.119783 0.176526 0.337874 0.0428806 9.9991E-05 0.242625
9.9973E-05 9.9973E-05 0.272162 0.544842 9.9973E-05 0.0423267 0.140369
0.0434874 0.0115052 0.377684 0.419604 0.0732725 0.0273552 0.0470912
0.0404091 0.0366112 0.178282 0.633588 0.00666172 0.0385489 0.0658993
0.00236823 9.9991E-05 0.320499 0.432403 0.016075 0.112512 0.116042
0.0861871 9.9991E-05 0.230454 0.520942 0.0585618 0.0969658 0.00678931
0.0453892 0.0672801 0.00505396 0.439936 0.315628 0.126612 9.9991E-05
0.0997652 0.142047 9.9982E-05 0.3749 0.131858 0.25123 9.9982E-05
0.0382791 0.193563 9.9991E-05 0.30802 0.161926 0.248593 0.0495189
0.114037 9.9991E-05 0.102468 0.554021 0.00748389 0.170389 0.0515003
0.0553491 0.0694164 9.9991E-05 0.444976 0.162576 0.157628 0.109954
0.0521195 0.027688 0.217087 0.4314 9.9991E-05 0.0294824 0.242123
0.0623895 0.0923348 0.0210568 0.555595 0.0852361 0.183288 9.9991E-05
0.437901 0.144627 0.0025854 9.9991E-05 0.182753 0.141049 0.0909846
0.130101 0.0416932 0.0910025 0.443604 0.0290589 0.216307 0.048233
9.9991E-05 0.0282099 0.105727 0.451239 0.105503 0.176051 0.133171
9.9982E-05 9.9982E-05 0.063372 0.546313 0.114158 0.204103 0.071854
0.174327 0.0689996 0.0784599 0.319715 0.174901 0.0793402 0.104257
0.107179 9.9982E-05 9.9982E-05 0.511424 0.180764 0.118523 0.0819094
0.0937454 9.9982E-05 9.9982E-05 0.581222 0.137938 0.145254 0.0416401
0.347129 9.9973E-05 9.9973E-05 9.9973E-05 0.425958 0.183531 0.0430817
9.9991E-05 0.0411374 0.0321369 0.469385 0.193879 0.205323 0.0580388
0.0466008 0.0327111 9.9991E-05 0.505304 0.133815 0.197584 0.0838852
0.170102 9.9991E-05 0.00733928 0.627978 0.0809574 0.0631727 0.0503499
0.0988014 9.9982E-05 0.0202231 0.546103 0.202844 0.131829 9.9982E-05
0.0322427 0.0313752 0.0673341 0.569881 0.209834 0.0425981 0.0467349
9.9991E-05 0.100982 0.00619217 0.414799 0.0307368 0.0364535 0.410737
9.9991E-05 0.0246089 0.138616 0.491748 0.0900974 0.057902 0.196928
9.9964E-05 0.0659785 0.0297812 9.9964E-05 9.9964E-05 9.9964E-05 0.903841
9.9982E-05 0.126437 9.9982E-05 0.37844 0.047487 0.219923 0.227513
9.9991E-05 0.194763 0.0939801 0.45521 0.181959 0.0125783 0.0614096
9.9973E-05 0.0442517 0.056427 9.9973E-05 0.0562712 9.9973E-05 0.84275
9.9982E-05 0.0846005 0.0793966 0.463363 9.9982E-05 0.125711 0.24673
0.0832551 0.026012 0.126555 0.37785 0.0780036 0.121617 0.186708
0.0529583 9.9991E-05 0.0699248 0.402924 0.134861 0.294752 0.0444802
9.9973E-05 9.9973E-05 9.9973E-05 0.294604 0.104968 0.317752 0.282377
0.152408 9.9991E-05 0.0225355 0.190399 0.205947 0.267782 0.160829
0.0650608 9.9982E-05 9.9982E-05 0.325549 0.18873 0.266922 0.153538
0.0171412 0.0369507 0.113871 0.486435 0.173172 0.17233 9.9991E-05
0.127709 9.9973E-05 9.9973E-05 9.9973E-05 0.0894847 0.111558 0.670949
0.0415124 9.9982E-05 9.9982E-05 0.0897091 0.12115 0.127875 0.619554
9.9982E-05 9.9982E-05 0.0574191 0.479555 0.0450854 0.0962324 0.321508
9.9973E-05 9.9973E-05 9.9973E-05 0.383347 0.0913816 0.13151 0.393462
9.9973E-05 9.9973E-05 9.9973E-05 0.16575 0.0627176 0.096751 0.674481
9.9982E-05 0.0958292 9.9982E-05 0.441592 0.0528696 0.0949505 0.314559
9.9973E-05 9.9973E-05 9.9973E-05 0.472623 0.0262285 0.0985188 0.40233
0.151804 9.9991E-05 0.00931489 0.498344 0.0865233 0.079575 0.174339
9.9973E-05 9.9973E-05 0.0881782 0.35109 0.0349986 9.9973E-05 0.525433
0.0633709 9.9991E-05 0.0723259 0.379911 0.0279999 0.0102685 0.446023
0.0594432 0.169222 9.9991E-05 0.356196 0.190699 0.0453773 0.178964
0.0180095 0.0896801 0.0810795 0.52348 0.0656796 9.9991E-05 0.221971
9.9991E-05 0.130658 0.138678 0.354669 0.0524778 0.0279591 0.295459
0.0865703 0.0431821 0.102902 0.425232 0.0834077 0.13986 0.118845
0.153233 0.0793155 0.0631671 0.403661 0.104183 0.0472269 0.149213
0.103209 0.00695866 9.9982E-05 0.452507 9.9982E-05 0.0286969 0.408429
0.0322561 0.009125 0.0931695 0.184197 9.9982E-05 9.9982E-05 0.681052
9.9973E-05 9.9973E-05 9.9973E-05 0.602504 0.0345924 0.00546984 0.357133
9.9991E-05 0.13094 0.0469283 0.455697 0.125435 0.0817064 0.159194
9.9982E-05 9.9982E-05 0.0510766 0.23892 0.0021484 0.00825445 0.6994
0.0903533 9.9973E-05 9.9973E-05 0.430484 0.0231225 9.9973E-05 0.455741
9.9982E-05 0.0756853 0.0245665 0.550936 0.0712498 9.9982E-05 0.277362
0.00449329 0.107856 9.9991E-05 0.292714 0.114194 0.0932428 0.3874
0.0768034 0.131862 9.9982E-05 0.422411 0.172903 0.19582 9.9982E-05
0.0283044 9.9991E-05 0.110175 0.373236 0.105477 0.1917 0.191008
0.194017 0.00782982 0.0655377 0.336122 0.108533 0.28786 9.9991E-05
0.0782086 9.9991E-05 0.111809 0.540321 0.100812 0.139094 0.0296564
0.138549 9.9991E-05 0.14852 0.371358 0.129209 0.136452 0.0758117
0.0915915 0.0739981 0.0560544 0.47008 0.14963 0.119511 0.0391353
0.0449774 0.120359 0.116756 0.388634 0.180738 0.148435 9.9991E-05
0.100659 9.9991E-05 0.0134467 0.41879 0.121786 0.184059 0.161159
0.0324553 9.9973E-05 9.9973E-05 9.9973E-05 0.222692 0.153237 0.591315
0.146679 0.0107363 0.0343154 0.519322 0.0265338 0.187825 0.0745879
0.172863 9.9973E-05 9.9973E-05 9.9973E-05 0.367116 0.115401 0.34432
9.9973E-05 9.9973E-05 9.9973E-05 0.563782 0.0565665 0.138876 0.240475
0.0327598 0.0921792 0.0645807 0.416448 0.18009 0.143423 0.07052
9.9955E-05 0.0326332 9.9955E-05 9.9955E-05 9.9955E-05 9.9955E-05 0.966867
9.9964E-05 0.0932226 9.9964E-05 9.9964E-05 0.00160188 9.9964E-05 0.904776
9.9955E-05 9.9955E-05 9.9955E-05 0.405366 9.9955E-05 9.9955E-05 0.594135
9.9964E-05 9.9964E-05 9.9964E-05 0.627059 0.0266002 9.9964E-05 0.345941
9.9964E-05 0.00523862 9.9964E-05 0.360851 9.9964E-05 9.9964E-05 0.633511
9.9964E-05 0.0938985 9.9964E-05 0.520185 9.9964E-05 9.9964E-05 0.385516
9.9964E-05 0.00727347 9.9964E-05 0.500568 9.9964E-05 9.9964E-05 0.491759
9.9973E-05 9.9973E-05 9.9973E-05 0.0566574 0.797283 0.0615801 0.08418
0.0572145 9.9973E-05 0.105466 9.9973E-05 0.733499 0.103521 9.9973E-05
9.9964E-05 9.9964E-05 0.00830247 9.9964E-05 0.887493 0.103805 9.9964E-05
9.9964E-05 9.9964E-05 9.9964E-05 0.0451363 0.929043 9.9964E-05 0.0254207
9.9982E-05 0.394172 9.9982E-05 0.439441 0.0585153 0.0315239 0.0761479
9.9991E-05 0.392881 0.0244239 0.479779 0.0400443 0.0172373 0.0455351
9.9991E-05 0.46783 0.00693856 0.473973 0.0316403 0.0105475 0.00897062
0.0257057 0.241764 9.9982E-05 0.631742 0.0857921 0.0147967 9.9982E-05
9.9991E-05 0.28163 0.0746549 0.484332 0.0472068 0.0600785 0.0519973
0.0604978 0.58366 0.133082 0.217606 0.00495449 9.9982E-05 9.9982E-05
9.9973E-05 0.378062 0.010919 0.557803 9.9973E-05 0.0529158 9.9973E-05
0.156998 0.492064 9.9973E-05 0.277293 9.9973E-05 9.9973E-05 0.0733454
0.034409 0.0938316 9.9982E-05 0.475849 0.228945 0.166765 9.9982E-05
9.9982E-05 0.385792 0.0709214 0.420401 9.9982E-05 0.0326558 0.0900306
0.0364476 0.618194 0.0384319 0.306626 9.9973E-05 9.9973E-05 9.9973E-05
0.135177 0.0654929 0.02744 0.564825 0.136837 9.9991E-05 0.0701286
9.9982E-05 0.316271 0.0240589 0.589982 9.9982E-05 0.0199204 0.049568
9.9982E-05 0.358311 0.140792 0.423787 0.0122937 9.9982E-05 0.0646175
0.0192052 0.403405 9.99792E-05 0.525586 9.99792E-05 9.99792E-05 0.0515039
9.9973E-05 0.378721 9.9973E-05 0.566759 0.0414805 0.0127402 9.9973E-05
9.9964E-05 0.859339 9.9964E-05 0.0645757 9.9964E-05 9.9964E-05 0.0756851
0.127222 0.540319 0.0324222 0.25501 9.9982E-05 9.9982E-05 0.044827
9.9973E-05 0.56093 0.0474779 0.374737 9.9973E-05 9.9973E-05 0.0165557
0.175346 0.811103 9.9964E-05 9.9964E-05 9.9964E-05 9.9964E-05 0.0131509
0.0210312 9.9991E-05 0.0938095 0.480808 0.190541 0.117461 0.09625
9.9982E-05 0.419554 0.134216 0.339798 0.0346846 0.0715476 9.9982E-05
0.261014 0.623566 9.9973E-05 9.9973E-05 9.9973E-05 0.024462 0.0906582
0.154378 0.697253 9.9964E-05 9.9964E-05 9.9964E-05 9.9964E-05 0.147969
9.9982E-05 0.345507 9.9982E-05 0.496008 0.029469 0.0722038 0.056613
9.9991E-05 0.58953 0.158175 0.197744 0.012342 0.0327689 0.00933965
0.130778 0.335709 0.126623 0.344977 0.0200314 0.0417823 9.9991E-05
9.9973E-05 0.258753 9.9973E-05 0.629683 0.101262 9.9973E-05 0.0100018
0.00282136 0.394151 0.0893086 0.415959 9.9982E-05 0.0975593 9.9982E-05
0.0527135 0.0554095 0.263606 0.283047 9.9991E-05 0.115278 0.229845
0.0360526 0.307356 0.0744649 0.5458 0.0361263 9.9982E-05 9.9982E-05
9.9982E-05 0.294338 0.125897 0.357076 9.9982E-05 0.119705 0.102784
0.0685289 0.653097 9.9964E-05 0.277974 9.9964E-05 9.9964E-05 9.9964E-05
0.0540122 0.159086 0.0711842 0.573692 0.0471773 0.00305677 0.0917911
9.9964E-05 0.0497216 0.272786 9.9964E-05 0.677092 9.9964E-05 9.9964E-05
0.0976581 0.0580246 0.0979204 0.0282998 0.717897 9.9982E-05 9.9982E-05
0.0285142 9.9964E-05 0.153154 9.9964E-05 0.817932 9.9964E-05 9.9964E-05
0.0806498 0.0487423 0.0649414 9.9982E-05 0.804175 9.9982E-05 0.00129156
0.0848837 9.9973E-05 0.206724 0.0300839 0.678008 9.9973E-05 9.9973E-05
9.9982E-05 0.753589 0.161844 0.0221508 0.0263882 0.0358282 9.9982E-05
9.9973E-05 0.623487 0.144044 0.12682 0.105349 9.9973E-05 9.9973E-05
9.9973E-05 0.771734 9.9973E-05 0.130921 9.9973E-05 0.0156698 0.0813749
0.161594 0.234937 0.0433261 0.448497 0.0328572 0.0716118 0.00717729
0.0419767 0.263785 9.9973E-05 0.571598 0.12234 9.9973E-05 9.9973E-05
0.119835 0.551306 9.9991E-05 0.198418 0.0165122 0.0812972 0.0325312
0.0887857 0.212047 0.000510596 0.634667 9.9991E-05 0.0523013 0.0115881
0.0551861 0.371075 9.9991E-05 0.443123 0.0221938 0.00297896 0.105344
0.0791664 0.12271 0.0426429 0.48832 0.124627 0.0292842 0.11325
0.053834 0.262251 9.9982E-05 0.533595 0.0720097 9.9982E-05 0.07811
0.0828882 0.238883 0.0611336 0.590133 0.0137605 0.000724548 0.0124775
0.0132515 0.626928 0.114609 0.15193 9.9991E-05 0.0465519 0.0466302
0.0158257 0.543215 0.109355 0.331304 9.9973E-05 9.9973E-05 9.9973E-05
9.9964E-05 0.5173 0.176772 0.305528 9.9964E-05 9.9964E-05 9.9964E-05
0.203073 0.0428527 0.0121819 0.586276 0.0857674 0.062564 0.00728485
9.9973E-05 0.536709 9.9973E-05 0.395171 0.0157105 9.9973E-05 0.0521092
0.0103641 0.411258 0.118104 0.384374 9.9982E-05 0.0756995 9.9982E-05
0.0543397 9.9991E-05 0.0347221 0.464444 0.0464955 0.381839 0.0180601
0.0859071 0.0474025 0.0642091 0.26716 0.0763571 0.458864 9.9991E-05
0.05481 9.9982E-05 9.9982E-05 0.448563 0.091219 0.392272 0.012936
0.0591731 9.9982E-05 9.9982E-05 0.307204 0.15303 0.477062 0.00333165
0.0907059 9.9991E-05 0.00482708 0.460539 0.0825696 0.318448 0.0428101
0.231027 0.272386 9.9982E-05 0.416646 9.9982E-05 0.0186695 0.061072
0.0592967 9.9973E-05 9.9973E-05 0.0937944 0.214653 0.631956 9.9973E-05
9.9982E-05 0.0650537 9.9982E-05 0.269577 0.15283 0.481098 0.0312407
0.268276 0.131331 9.9991E-05 0.330228 0.0972991 0.155767 0.0169994
0.274534 0.0132073 0.0145951 0.535879 0.105504 9.9991E-05 0.0561808
0.396884 0.0167551 0.0621548 0.462499 0.0615071 9.9982E-05 9.9982E-05
0.276942 9.9973E-05 0.0593948 0.609526 0.0538372 9.9973E-05 9.9973E-05
0.140968 0.090091 0.126174 0.547238 0.0541588 9.9991E-05 0.0412706
0.0482425 9.9973E-05 9.9973E-05 0.286484 0.159765 0.505209 9.9973E-05
9.9982E-05 9.9982E-05 0.164064 0.377302 0.15009 0.282203 0.0261405
0.0345031 9.9973E-05 9.9973E-05 0.447735 0.0715833 0.445878 9.9973E-05
0.07253 0.00809592 0.0608749 0.442494 0.0493237 0.366581 9.9991E-05
9.9973E-05 0.0682507 9.9973E-05 0.272795 0.133164 0.52549 9.9973E-05
0.0138234 0.106972 0.00906493 0.31302 0.108705 0.398637 0.049778
0.00957235 9.9982E-05 9.9982E-05 0.302919 0.148188 0.462495 0.0766262
9.9991E-05 0.0952984 0.0769521 0.322097 0.0020784 0.481699 0.0217746
0.331853 0.104511 9.9982E-05 0.525287 0.00553976 0.0326089 9.9982E-05
9.9991E-05 0.0776708 0.0223269 0.373672 0.172376 0.27534 0.0785136
0.0557973 9.9973E-05 9.9973E-05 0.21187 0.147467 0.584566 9.9973E-05
0.0670222 0.0861557 0.0881889 0.37235 0.103168 0.245141 0.037974
9.9982E-05 0.0991429 9.9982E-05 0.385146 0.155696 0.300914 0.0589009
0.0471755 0.000947178 0.0196949 0.390623 0.0976762 0.303442 0.140442
0.331127 0.126021 0.274175 0.15839 0.110087 9.9982E-05 9.9982E-05
0.31323 0.0318541 0.00137907 0.597042 0.00503972 0.0513546 9.9991E-05
0.0573286 0.0882229 0.0299289 0.351675 0.121663 0.311073 0.0401082
9.9991E-05 0.213875 0.117149 0.223583 0.229287 0.104803 0.111202
0.236333 9.9982E-05 0.063696 0.587605 0.0932021 0.0189644 9.9982E-05
0.26069 0.0953768 0.0240028 0.509142 0.101669 0.00901903 9.9991E-05
0.0947446 0.0848464 0.0405801 0.39903 0.183007 0.142318 0.0554732
0.106815 9.9991E-05 0.00052361 0.296239 0.205544 0.304607 0.0861704
0.100686 0.0692715 0.0323548 0.55344 0.0452361 0.0973742 0.101637
0.0620457 9.9982E-05 0.139024 0.399657 0.0910871 0.307987 9.9982E-05
0.137969 0.138879 9.9982E-05 0.318966 0.219256 0.18473 9.9982E-05
9.9973E-05 0.0918686 9.9973E-05 0.431332 0.205546 0.270953 9.9973E-05
9.9973E-05 9.9973E-05 9.9973E-05 0.368955 0.14297 0.418429 0.0693457
0.015321 9.9982E-05 9.9982E-05 0.156377 0.201018 0.56986 0.0572241
0.178661 9.9982E-05 0.0156065 0.704319 0.0998089 9.9982E-05 0.00140372
0.338286 0.0592615 0.0958861 0.465747 0.0387508 9.9991E-05 0.0019677
0.64337 9.9991E-05 0.0373618 0.242054 0.0408737 0.0099191 0.0263215
0.180965 9.9982E-05 0.0552049 0.640583 0.102894 0.0201539 9.9982E-05
0.19347 0.123152 0.175431 0.385203 0.0542858 0.0683585 9.9991E-05
0.160687 0.156213 9.9991E-05 0.453394 0.142904 0.0823245 0.00437795
0.0605917 0.141576 0.11714 0.477817 0.108449 0.0943265 9.9991E-05
0.616488 9.9964E-05 9.9964E-05 9.9964E-05 0.217644 0.165469 9.9964E-05
0.694816 9.9964E-05 9.9964E-05 9.9964E-05 0.204576 0.100208 9.9964E-05
0.427232 9.9991E-05 0.0129856 0.327982 0.0676868 0.157746 0.00626756
0.472886 9.9991E-05 0.000853296 0.0336606 0.264442 0.191692 0.0363664
0.439636 9.9964E-05 9.9964E-05 9.9964E-05 0.332798 0.227167 9.9964E-05
0.300546 9.9991E-05 0.0306719 0.399636 0.0701735 0.1081 0.090772
0.212723 0.00867349 0.0125769 0.322207 0.201697 0.136537 0.105585
0.391922 9.9982E-05 0.0178469 0.165942 0.238751 0.185337 9.9982E-05
0.574517 9.9982E-05 0.0139047 0.0253314 0.205369 0.180678 9.9982E-05
0.240204 0.00574458 0.0969496 0.431882 0.0512813 0.142951 0.0309874
0.497555 0.0721327 0.0208256 0.127801 0.134005 0.147581 9.9991E-05
0.157905 0.0372307 0.0563448 0.53584 0.149547 0.023944 0.0391889
0.633725 9.9964E-05 9.9964E-05 9.9964E-05 0.338989 0.0268862 9.9964E-05
0.0996384 0.0558714 0.0553386 0.409072 0.166615 0.146374 0.0670907
0.311859 9.9982E-05 0.0390507 0.341952 0.138908 0.16803 9.9982E-05
0.0889425 0.0512399 0.00954106 0.364677 0.28104 0.204459 9.9991E-05
0.0242074 0.0364167 9.9982E-05 0.481619 0.179241 0.278316 9.9982E-05
0.0492995 9.9991E-05 0.0576368 0.528137 0.218826 0.0948825 0.0511182
0.0283749 0.0447393 0.00697432 0.588917 0.129582 0.134968 0.0664434
0.0339386 0.0477882 9.9991E-05 0.493955 0.20163 0.174542 0.0480473
0.082214 9.9982E-05 9.9982E-05 0.377262 0.383025 0.149974 0.00732582
0.072415 9.9991E-05 0.00389871 0.502644 0.209597 0.134779 0.0765666
0.0117836 0.112738 9.9982E-05 0.436764 0.179498 0.259017 9.9982E-05
0.170729 9.9991E-05 0.0318063 0.36838 0.177696 0.189284 0.0620054
0.018798 0.249876 0.103655 0.246435 0.160559 0.139163 0.081513
0.118744 0.0898629 0.0862454 0.501509 0.14071 0.0628287 9.9991E-05
0.085125 9.9982E-05 0.0714359 0.594762 0.139706 0.108771 9.9982E-05
9.9991E-05 0.113859 0.0557093 0.51681 0.0761375 0.165668 0.0717168
0.134446 9.9982E-05 0.0205498 0.36964 0.208768 0.266396 9.9982E-05
0.0372981 0.0498583 0.0732638 0.485321 0.194806 0.159353 9.9991E-05
0.269941 0.00847068 9.9982E-05 0.119059 0.328777 0.273552 9.9982E-05
9.9982E-05 9.9982E-05 0.00515198 0.503952 0.0833585 0.257618 0.149719
0.216633 0.0416464 9.9991E-05 0.148806 0.208673 0.345747 0.0383945
0.00925788 0.0596506 0.133757 0.0127542 0.784381 9.9982E-05 9.9982E-05
9.9982E-05 0.0657587 0.719126 0.122928 0.0809088 9.9982E-05 0.011078
9.9964E-05 9.9964E-05 0.968953 9.9964E-05 0.0103365 9.9964E-05 0.0203109
9.995E-05 9.995E-05 0.9994 9.995E-05 9.995E-05 9.995E-05 9.995E-05
0.0137306 9.9955E-05 0.98577 9.9955E-05 9.9955E-05 9.9955E-05 9.9955E-05
9.9964E-05 9.9964E-05 0.918021 0.0366166 9.9964E-05 0.0449625 9.9964E-05
9.9964E-05 9.9964E-05 0.894562 0.101364 0.00367359 9.9964E-05 9.9964E-05
0.00771829 9.9964E-05 0.9252 9.9964E-05 0.0666816 9.9964E-05 9.9964E-05
9.9964E-05 9.9964E-05 0.760264 9.9964E-05 0.219729 0.0196069 9.9964E-05
0.0428851 0.0150312 0.0195471 0.0256316 0.870625 0.0261798 9.9991E-05
9.9964E-05 9.9964E-05 0.121002 0.112723 0.765875 9.9964E-05 9.9964E-05
0.0177869 9.9973E-05 9.9973E-05 0.0713805 0.888539 0.0219934 9.9973E-05
0.0544783 9.9982E-05 0.0855026 0.0507502 0.787729 9.9982E-05 0.0213401
9.9982E-05 0.0233229 0.00956738 0.0643988 0.867761 0.0347502 9.9982E-05
0.0243384 9.9982E-05 0.0656685 9.9982E-05 0.819077 0.0433499 0.0473665
