0.819659 9.9982E-05 0.0611438 0.0138325 0.0841542 9.9982E-05 0.0210111
0.5857 9.9964E-05 0.023083 9.9964E-05 0.390817 9.9964E-05 9.9964E-05
0.499739 0.0281829 0.0786662 0.0360099 0.331848 9.9991E-05 0.0254543
0.665952 0.0197059 0.0266245 0.0650275 0.185727 0.0368636 9.9991E-05
0.781914 9.9964E-05 9.9964E-05 0.044908 0.172779 9.9964E-05 9.9964E-05
0.70779 9.9982E-05 0.00165766 0.0752775 9.9982E-05 0.11598 0.0990951
0.848418 9.9982E-05 0.0209572 0.0229706 9.9982E-05 0.107193 0.000261186
0.715396 0.0182756 9.9982E-05 0.0315523 0.000344613 0.234231 9.9982E-05
0.629008 0.0897998 0.00525496 9.99729E-05 0.275637 9.99729E-05 9.99729E-05
0.561611 9.9991E-05 0.0389316 0.0869368 0.109766 0.175134 0.0275205
0.702441 0.0201377 9.9991E-05 0.0103921 0.0696478 0.148995 0.0482858
0.0477272 0.34933 9.9973E-05 0.182595 9.9973E-05 9.9973E-05 0.420048
0.0436112 0.371396 0.0492029 0.148395 9.9991E-05 0.111615 0.27568
0.138486 0.244252 0.00979472 0.212021 0.0237986 9.9991E-05 0.371547
0.0778686 0.417198 0.0415172 0.0720781 9.9991E-05 0.0444751 0.346763
9.9982E-05 0.272456 0.0431932 0.184969 0.0302458 9.9982E-05 0.468936
9.9982E-05 0.367963 0.0431853 0.200706 0.0225017 9.9982E-05 0.365444
0.0928121 0.209295 0.0349057 0.19577 9.9982E-05 9.9982E-05 0.467017
0.0480046 0.295561 9.9991E-05 0.0831968 0.0375804 0.0740751 0.461482
9.995E-05 9.995E-05 0.9994 9.995E-05 9.995E-05 9.995E-05 9.995E-05
9.995E-05 9.995E-05 0.9994 9.995E-05 9.995E-05 9.995E-05 9.995E-05
0.200432 9.9982E-05 0.321303 9.9982E-05 0.372745 0.0378158 0.0675039
0.316702 9.9982E-05 0.260072 0.06664 0.279646 9.9982E-05 0.076739
0.128772 0.453097 0.00836083 0.0775757 9.9982E-05 9.9982E-05 0.331995
0.0816417 0.0520938 0.0563909 9.9973E-05 9.9973E-05 9.9973E-05 0.809574
9.9964E-05 9.9964E-05 9.9964E-05 0.0882672 9.9964E-05 0.0620491 0.849284
0.0743611 9.9964E-05 9.9964E-05 9.9964E-05 9.9964E-05 0.260558 0.664681
0.0236699 0.382405 0.0115491 0.0447376 9.9991E-05 0.1525 0.385038
9.999E-05 0.174832 0.0137239 0.0381409 0.0212862 0.421926 0.329991
0.0374436 0.244943 0.0530862 0.00436584 0.11453 0.0464215 0.49921
0.141723 0.362935 0.0130175 0.0757974 0.0711466 0.106361 0.229019
0.0532991 0.438691 0.0642327 9.9982E-05 9.9982E-05 0.0888054 0.354772
9.9991E-05 0.253437 0.0702761 0.111436 0.0725679 0.0711687 0.421013
9.999E-05 0.316051 0.0700771 0.014263 0.0695456 0.143213 0.38675
9.9982E-05 0.0449885 0.0304915 0.0496148 0.0169616 9.9982E-05 0.857744
0.0243326 9.9973E-05 9.9973E-05 9.9973E-05 0.00359449 0.0907611 0.881012
0.0251593 9.9964E-05 9.9964E-05 9.9964E-05 9.9964E-05 0.087214 0.887227
9.9973E-05 0.0106579 9.9973E-05 0.0735552 0.0470283 9.9973E-05 0.868459
0.0850105 0.0896751 9.9973E-05 0.128755 9.9973E-05 9.9973E-05 0.69626
9.9973E-05 0.220431 9.9973E-05 0.065358 0.0616371 9.9973E-05 0.652274
0.0158369 9.9964E-05 9.9964E-05 9.9964E-05 9.9964E-05 0.283131 0.700632
0.354683 0.0831983 0.0354182 0.0221638 0.504337 9.9982E-05 9.9982E-05
0.358268 9.9964E-05 0.116822 9.9964E-05 0.52451 9.9964E-05 9.9964E-05
0.41996 9.9973E-05 0.0790114 0.0268173 0.473911 9.9973E-05 9.9973E-05
0.46583 9.9973E-05 0.0855528 0.0122222 0.436095 9.9973E-05 9.9973E-05
0.298487 9.9991E-05 0.0672513 0.00894244 0.573902 0.00376479 0.0475533
0.541062 9.9973E-05 0.0340926 0.0545339 0.370011 9.9973E-05 9.9973E-05
0.473251 9.9973E-05 0.0420328 0.00990103 0.474515 9.9973E-05 9.9973E-05
9.9955E-05 9.9955E-05 9.9955E-05 9.9955E-05 0.0937416 9.9955E-05 0.905759
0.0885956 0.0953502 9.9964E-05 9.9964E-05 9.9964E-05 9.9964E-05 0.815654
9.9991E-05 0.0515081 0.00805071 0.193285 0.0174166 0.0348767 0.694763
0.0498556 0.24916 0.0409586 0.0735641 9.9991E-05 0.19286 0.393502
9.9991E-05 0.273894 0.0188712 0.108989 0.0495525 0.0608325 0.487761
9.9991E-05 0.300814 0.0231084 0.0700767 0.0757577 0.259348 0.270795
9.9973E-05 0.314847 9.9973E-05 0.0245764 9.9973E-05 0.334653 0.325624
0.0768903 0.31726 0.0276618 0.0693519 0.0322878 9.9991E-05 0.476448
0.0774731 0.443198 9.9973E-05 0.1123 9.9973E-05 9.9973E-05 0.366729
9.9982E-05 0.306075 9.9982E-05 0.113228 0.0212859 0.241564 0.317648
0.102906 0.16017 0.0256837 9.9991E-05 0.0239891 0.553891 0.133261
0.076933 0.0980396 0.0416474 0.0881064 9.9991E-05 0.432938 0.262236
0.0512051 0.217946 9.9973E-05 9.9973E-05 9.9973E-05 0.555616 0.174933
9.9991E-05 0.133752 0.0174011 0.0724935 0.0829827 0.285571 0.407699
0.142568 0.0118762 0.0165465 0.0990332 9.9991E-05 0.429099 0.300777
9.9982E-05 0.0750787 0.0252192 0.050694 9.9982E-05 0.34649 0.502318
0.149668 0.0532987 0.0891321 0.281464 0.108444 0.317893 9.9991E-05
0.429363 9.9982E-05 0.0108267 0.0932437 0.102943 0.363424 9.9982E-05
0.265825 9.9982E-05 0.0103319 0.144509 0.107764 0.471371 9.9982E-05
0.274905 0.0223221 0.0302611 0.300022 0.068402 0.303988 9.9991E-05
9.9973E-05 9.9973E-05 0.0155422 0.101857 9.9973E-05 0.506105 0.376196
9.9973E-05 0.0501931 9.9973E-05 0.0144397 9.9973E-05 0.696159 0.238908
0.0149085 0.032359 0.00890931 0.0156647 9.9991E-05 0.553803 0.374256
9.9964E-05 9.9964E-05 9.9964E-05 0.923932 0.0247511 9.9964E-05 0.0509165
0.0575979 0.0542916 9.9982E-05 0.88037 0.00661674 9.9982E-05 0.000923339
9.995E-05 9.995E-05 9.995E-05 0.9994 9.995E-05 9.995E-05 9.995E-05
0.0336359 0.0546517 0.0109716 0.900441 9.9973E-05 9.9973E-05 9.9973E-05
0.0030934 0.00430992 0.0388647 0.928354 9.9982E-05 9.9982E-05 0.0251776
9.995E-05 9.995E-05 9.995E-05 0.9994 9.995E-05 9.995E-05 9.995E-05
9.995E-05 9.995E-05 9.995E-05 0.9994 9.995E-05 9.995E-05 9.995E-05
9.9955E-05 9.9955E-05 0.0256857 0.973815 9.9955E-05 9.9955E-05 9.9955E-05
0.0131208 9.9964E-05 9.9964E-05 0.919379 9.9964E-05 9.9964E-05 0.0671001
0.0807433 0.00225539 0.00996651 0.906735 9.9973E-05 9.9973E-05 9.9973E-05
0.0243502 9.9964E-05 0.016513 0.958737 9.9964E-05 9.9964E-05 9.9964E-05
0.0245251 9.9973E-05 0.0234824 0.852311 9.9973E-05 9.9973E-05 0.0993817
0.226043 9.9964E-05 9.9964E-05 9.9964E-05 0.117252 0.656305 9.9964E-05
0.190649 0.0111047 0.0686883 0.173586 9.9991E-05 0.455523 0.100349
0.0960885 9.9991E-05 0.00695378 0.166905 0.116071 0.503114 0.110768
0.71905 0.0764406 9.9982E-05 9.9982E-05 0.140441 0.0339761 0.0298925
0.761149 9.9973E-05 0.05393 0.0384686 0.146153 9.9973E-05 9.9973E-05
0.952218 9.9964E-05 0.0314998 9.9964E-05 9.9964E-05 9.9964E-05 0.0158821
0.956249 0.0225363 0.00343288 0.017482 9.9973E-05 9.9973E-05 9.9973E-05
0.755119 9.9973E-05 0.0961936 0.0674576 0.0809299 9.9973E-05 9.9973E-05
0.514217 9.9973E-05 0.0159679 0.0463372 0.423178 9.9973E-05 9.9973E-05
0.502302 9.9973E-05 0.00124989 0.060669 0.435479 9.9973E-05 9.9973E-05
0.689105 0.00779105 0.0229086 0.0204573 0.216863 0.042775 9.9991E-05
0.771559 9.9973E-05 9.9973E-05 0.0612814 0.153969 9.9973E-05 0.0128912
0.568087 0.00323952 9.9982E-05 0.0725151 0.330648 0.0253109 9.9982E-05
0.676285 0.108244 0.0354563 9.9973E-05 9.9973E-05 9.9973E-05 0.179715
0.513254 0.300801 0.0210691 9.9982E-05 0.0943918 9.9982E-05 0.0702842
0.582477 0.195105 0.0187547 9.9982E-05 9.9982E-05 0.024738 0.178725
0.55264 0.257908 9.9964E-05 9.9964E-05 9.9964E-05 9.9964E-05 0.189053
0.0440763 0.451538 0.022078 0.0395707 9.9991E-05 0.0444595 0.398178
9.9973E-05 0.0383769 9.9973E-05 0.196511 9.9973E-05 0.0297452 0.735067
9.9955E-05 9.9955E-05 9.9955E-05 9.9955E-05 9.9955E-05 0.151377 0.848124
9.9982E-05 9.9982E-05 0.0557108 0.0345206 0.0063758 0.23608 0.667112
0.0857716 0.12826 9.9973E-05 9.9973E-05 0.021671 9.9973E-05 0.763998
0.124935 0.759425 9.9964E-05 9.9964E-05 9.9964E-05 0.11524 9.9964E-05
9.9964E-05 0.843066 9.9964E-05 9.9964E-05 0.101225 0.0553089 9.9964E-05
9.995E-05 0.9994 9.995E-05 9.995E-05 9.995E-05 9.995E-05 9.995E-05
0.0592833 0.886481 9.9964E-05 9.9964E-05 0.0538354 9.9964E-05 9.9964E-05
9.9964E-05 0.912459 9.9964E-05 9.9964E-05 0.045763 0.0413779 9.9964E-05
9.9973E-05 0.852089 9.9973E-05 0.0934922 0.0268927 0.0272265 9.9973E-05
0.756697 9.9982E-05 0.0546056 0.08964 0.0774223 9.9982E-05 0.0214352
0.855269 0.0312909 0.0207579 0.0401883 9.9991E-05 0.0403081 0.0120863
0.659949 0.0155189 0.0110058 0.164607 0.148719 9.9982E-05 9.9982E-05
0.77539 0.0521888 0.0168855 0.134338 9.9982E-05 9.9982E-05 0.0209972
0.830373 9.9964E-05 9.9964E-05 0.101442 9.9964E-05 9.9964E-05 0.0677851
0.383077 0.504089 0.00721981 9.9991E-05 0.0605423 0.0347917 0.0101798
0.50538 0.37951 9.9973E-05 9.9973E-05 9.9973E-05 0.0397661 0.0750439
0.466631 0.47595 9.9991E-05 0.00986353 0.0212176 0.000361428 0.0258769
9.995E-05 9.995E-05 0.9994 9.995E-05 9.995E-05 9.995E-05 9.995E-05
0.41728 0.478815 0.0274381 9.9973E-05 9.9973E-05 9.9973E-05 0.0761672
0.0665981 0.0151528 9.9991E-05 0.390722 0.231492 0.116405 0.17953
0.163721 9.9973E-05 9.9973E-05 0.270142 0.211769 0.354067 9.9973E-05
9.9982E-05 0.19962 9.9982E-05 0.108436 0.0873251 0.11275 0.491669
0.107679 0.406334 0.0460211 0.121026 9.9982E-05 9.9982E-05 0.318741
9.9982E-05 0.192437 9.9982E-05 0.1175 0.0911185 0.13354 0.465204
9.9964E-05 0.169403 9.9964E-05 9.9964E-05 9.9964E-05 0.50807 0.322127
0.0112102 0.32594 0.0742312 0.039457 0.0239214 0.159597 0.365643
9.9973E-05 0.202266 0.00972019 9.9973E-05 9.9973E-05 0.396218 0.391496
9.9973E-05 0.356661 9.9973E-05 0.158993 9.9973E-05 0.130743 0.353303
0.0834762 0.240961 0.00490423 0.139847 9.9991E-05 0.0374922 0.493219
9.9955E-05 9.9955E-05 9.9955E-05 0.00681542 0.992685 9.9955E-05 9.9955E-05
9.9955E-05 9.9955E-05 9.9955E-05 9.9955E-05 0.994012 9.9955E-05 0.00548819
0.450768 0.00137765 9.9991E-05 0.0106092 0.425964 0.0511869 0.0599945
9.9973E-05 0.0786128 0.00594026 9.9973E-05 0.905242 9.9973E-05 0.00990472
0.209951 9.9991E-05 0.0657774 0.0105589 0.698412 0.00363579 0.0115654
9.9991E-05 0.498928 0.0221075 0.106887 0.0166209 0.114908 0.240448
9.9991E-05 0.352922 0.0483455 0.0863917 0.0223638 0.338949 0.150928
9.9982E-05 0.503652 0.0344111 9.9982E-05 0.146057 0.08721 0.22847
0.107742 0.409912 0.0327765 0.101589 9.9991E-05 0.0123198 0.335561
9.9991E-05 0.432645 0.0364054 0.0195682 0.152411 0.0307699 0.3281
9.9982E-05 0.466285 0.0332165 0.0819855 0.0895396 9.9982E-05 0.328774
9.9982E-05 0.232783 0.0544987 0.178062 9.9982E-05 0.182436 0.352021
9.9973E-05 0.151873 9.9973E-05 0.0286942 9.9973E-05 0.560939 0.258194
9.9964E-05 0.136222 9.9964E-05 9.9964E-05 9.9964E-05 0.697885 0.165493
9.9973E-05 0.0353682 0.0072327 9.9973E-05 9.9973E-05 0.661726 0.295373
0.00965883 0.107135 0.0162878 9.9982E-05 9.9982E-05 0.622592 0.244127
0.0335822 0.488273 0.0118374 0.0382122 0.0156704 0.0476594 0.364765
9.9973E-05 0.236055 9.9973E-05 0.0848609 9.9973E-05 0.24816 0.430624
9.9982E-05 0.382619 9.9982E-05 0.0619642 0.0497951 0.109587 0.395835
9.9964E-05 0.446187 9.9964E-05 0.199166 9.9964E-05 9.9964E-05 0.354246
0.225752 9.9982E-05 9.9982E-05 0.120093 0.00616382 0.419882 0.22791
0.0707639 9.9982E-05 0.0203078 0.142024 0.397004 0.3697 9.9982E-05
9.9964E-05 0.116852 9.9964E-05 9.9964E-05 9.9964E-05 0.401363 0.481385
9.9973E-05 0.0766494 9.9973E-05 9.9973E-05 0.00554679 0.504227 0.413277
0.0364442 9.9991E-05 0.0255843 0.443025 0.0853931 0.231401 0.178052
0.0014575 0.0163384 0.079308 0.38377 0.106818 0.229745 0.182563
9.9973E-05 9.9973E-05 9.9973E-05 0.0541037 0.084608 0.638869 0.22212
0.0277495 0.00234034 0.113503 0.0981708 9.9991E-05 0.429843 0.328294
9.9982E-05 9.9982E-05 0.0175713 0.304599 0.0715236 0.198008 0.408098
9.9982E-05 9.9982E-05 0.0501 0.162236 0.0164325 0.363667 0.407364
9.9973E-05 0.112524 9.9973E-05 0.0427113 9.9973E-05 0.396325 0.44814
9.9982E-05 0.12485 9.9982E-05 0.0157463 0.0942002 0.288495 0.476508
0.192076 0.0430784 0.0473527 0.100646 9.9991E-05 0.5545 0.0622466
0.279797 9.9982E-05 0.0149381 0.100774 0.0865663 0.517725 9.9982E-05
9.9955E-05 9.9955E-05 9.9955E-05 9.9955E-05 9.9955E-05 0.518516 0.480985
9.9964E-05 9.9964E-05 0.0125693 9.9964E-05 9.9964E-05 0.46717 0.519861
9.9982E-05 9.9982E-05 0.0021809 0.173639 0.0182404 0.202815 0.602926
9.9982E-05 0.0475191 0.00605251 0.0940587 9.9982E-05 0.385969 0.466201
0.39896 0.0364127 0.0604634 0.0652733 0.365179 0.0369872 0.0367236
0.738077 0.0181792 0.0528941 0.0859497 0.0501334 9.9991E-05 0.0546666
0.638481 9.9973E-05 0.0138779 0.0750437 0.272298 9.9973E-05 9.9973E-05
0.703523 9.9964E-05 0.08633 9.9964E-05 0.209747 9.9964E-05 9.9964E-05
0.104049 0.158456 0.00755245 0.107998 9.9991E-05 0.00971673 0.612128
0.017565 9.9964E-05 0.0244939 9.9964E-05 9.9964E-05 9.9964E-05 0.957541
0.0324228 9.9973E-05 9.9973E-05 0.0729473 9.9973E-05 0.147181 0.747149
9.9955E-05 9.9955E-05 9.9955E-05 9.9955E-05 9.9955E-05 0.236767 0.762733
0.00253858 9.9973E-05 0.00105164 9.9973E-05 9.9973E-05 0.345763 0.650346
9.9955E-05 9.9955E-05 9.9955E-05 9.9955E-05 9.9955E-05 0.228505 0.770995
0.098632 0.0711996 0.0162513 0.0214467 9.9982E-05 9.9982E-05 0.79227
9.9991E-05 0.0209996 0.0444086 0.0719774 0.0394006 0.0041656 0.818948
0.554967 0.223052 0.0346656 9.9982E-05 0.158179 0.0289363 9.9982E-05
0.330064 0.125805 0.0789319 0.0290744 0.369768 0.0528458 0.0135106
0.635008 0.11386 0.14818 9.9973E-05 0.102652 9.9973E-05 9.9973E-05
0.672112 0.0446391 0.111321 9.9991E-05 0.11931 0.00846084 0.044057
0.572951 0.146049 0.0728497 9.9991E-05 0.155937 0.0499823 0.00213134
0.0686959 0.148162 0.00975021 0.00907138 9.9982E-05 9.9982E-05 0.764121
0.143945 0.0866373 9.9964E-05 9.9964E-05 9.9964E-05 9.9964E-05 0.769017
9.9964E-05 9.9964E-05 9.9964E-05 0.0517998 9.9964E-05 0.0526449 0.895155
0.0210478 0.113591 9.9982E-05 0.0802013 0.0273555 9.9982E-05 0.757604
9.9982E-05 0.0646033 0.0553991 0.0728277 0.0809094 9.9982E-05 0.726061
0.130329 9.9991E-05 0.0271627 0.575483 0.128605 0.0984384 0.0398814
0.097328 0.268626 0.0305864 0.047368 0.0405907 0.368625 0.146875
0.114076 0.0910445 0.0463619 0.05323 9.9991E-05 0.592919 0.102269
0.0927202 0.0227427 9.9982E-05 0.104156 0.192287 0.587895 9.9982E-05
0.104348 9.9973E-05 0.071047 9.9973E-05 0.170175 0.65413 9.9973E-05
0.116999 9.9991E-05 0.0542796 0.128858 0.166569 0.523282 0.00991181
0.135409 9.9982E-05 0.00107231 0.135597 0.260272 0.46745 9.9982E-05
0.186224 0.0828094 9.9991E-05 0.197726 0.121012 0.352597 0.0595316
0.147833 0.00466402 0.0454181 0.0609547 0.166665 0.574365 9.9991E-05
0.0189844 9.9991E-05 0.0692535 0.119516 0.140246 0.555996 0.0959045
0.303972 9.9973E-05 0.0147615 9.9973E-05 0.0686939 0.612273 9.9973E-05
0.147735 9.9991E-05 0.00593341 0.271248 0.170786 0.297977 0.106221
0.0278708 9.9991E-05 0.00633368 0.313269 0.347998 0.233798 0.0706311
9.99549E-05 0.117355 9.99549E-05 9.99549E-05 0.882146 9.99549E-05 9.99549E-05
9.9964E-05 0.928137 9.9964E-05 9.9964E-05 0.0466124 9.9964E-05 0.0248513
9.9955E-05 0.92817 0.0713301 9.9955E-05 9.9955E-05 9.9955E-05 9.9955E-05
0.00453695 0.993329 9.9964E-05 0.00173447 9.9964E-05 9.9964E-05 9.9964E-05
9.9964E-05 0.929914 0.0473212 0.0223652 9.9964E-05 9.9964E-05 9.9964E-05
9.9964E-05 0.897296 0.0722593 9.9964E-05 9.9964E-05 9.9964E-05 0.0300454
0.0401277 0.871462 0.0611982 9.9973E-05 9.9973E-05 9.9973E-05 0.0269123
0.230793 0.694758 0.0405672 9.9973E-05 9.9973E-05 0.0335814 9.9973E-05
0.589187 9.9982E-05 0.0343184 0.0311863 0.317601 9.9982E-05 0.0275073
0.638134 0.107016 0.0404516 0.0329926 0.181206 9.9982E-05 9.9982E-05
0.646867 0.0135715 0.0587409 0.0413231 0.235688 9.9991E-05 0.00370911
0.510306 0.113639 0.0530089 9.9982E-05 0.315329 0.00751703 9.9982E-05
0.639335 9.9964E-05 9.9964E-05 0.0199661 0.340299 9.9964E-05 9.9964E-05
0.765195 0.0379028 9.9964E-05 9.9964E-05 0.196503 9.9964E-05 9.9964E-05
0.806353 9.9982E-05 0.0186537 0.116224 0.0525383 9.9982E-05 0.00603152
0.362687 9.9973E-05 0.0539822 0.0363609 0.54667 9.9973E-05 9.9973E-05
0.454072 9.9964E-05 0.0466706 9.9964E-05 0.498857 9.9964E-05 9.9964E-05
0.29314 0.00499012 0.0324844 0.0353856 0.576304 0.0487441 0.00895097
0.659499 0.00137443 9.9973E-05 0.0368283 0.301998 9.9973E-05 9.9973E-05
0.331023 0.0197243 0.0580707 9.9973E-05 0.590882 9.9973E-05 9.9973E-05
0.0387363 0.00486703 0.0552026 9.9973E-05 0.900894 9.9973E-05 9.9973E-05
0.0619287 9.9973E-05 0.0519636 0.0694291 0.816379 9.9973E-05 9.9973E-05
9.9955E-05 9.9955E-05 9.9955E-05 0.0855244 0.913976 9.9955E-05 9.9955E-05
9.9964E-05 9.9964E-05 0.0264539 0.0478105 0.925336 9.9964E-05 9.9964E-05
9.9964E-05 9.9964E-05 0.010424 0.0177078 0.971468 9.9964E-05 9.9964E-05
9.9982E-05 0.0949925 9.9982E-05 0.117208 0.157871 0.316787 0.312941
0.0150977 0.0662297 9.9982E-05 0.0507773 9.9982E-05 0.732924 0.134772
9.9964E-05 9.9964E-05 9.9964E-05 9.9964E-05 0.11414 0.860848 0.0246115
9.9973E-05 0.398736 9.9973E-05 0.0741761 9.9973E-05 0.224963 0.301824
9.9964E-05 0.157938 9.9964E-05 9.9964E-05 9.9964E-05 0.787994 0.0536677
0.0519766 0.1714 9.9973E-05 9.9973E-05 9.9973E-05 0.76381 0.0125138
9.9991E-05 0.069234 0.0207405 0.170701 0.178986 0.220068 0.34017
0.36413 0.131902 0.012099 0.165159 0.102464 0.0754228 0.148824
0.200638 9.9982E-05 0.00896921 0.204523 0.141957 0.443712 9.9982E-05
0.255318 0.0975588 0.0312381 0.321308 0.0511286 0.0609586 0.18249
0.178794 0.0255022 0.0726312 0.216299 0.2536 0.10586 0.147313
