0.0151027 0.971502 9.9991E-05 0.0132957
9.9982E-05 0.984468 0.0153318 9.9982E-05
0.106819 0.861718 9.9991E-05 0.0313636
0.0601258 0.832129 0.0320275 0.0757173
0.0519348 0.912001 0.00405297 0.0320111
0.0827181 0.65054 0.164772 0.101969
9.999E-05 0.885034 0.113971 0.000894934
0.00365784 0.745969 0.206364 0.0440092
9.9982E-05 0.841746 0.158054 9.9982E-05
0.0881193 0.760181 0.100672 0.0510279
0.0771211 0.79075 0.132029 9.9991E-05
0.372364 0.0125558 0.538607 0.0764731
0.567452 0.0831794 0.288366 0.0610027
0.363569 0.140123 0.451188 0.0451193
0.372864 0.0757482 0.367276 0.184112
0.400922 0.167228 0.27894 0.15291
0.631936 0.136552 0.138211 0.0933019
0.56809 9.9991E-05 0.313535 0.118275
0.433403 0.183711 0.304273 0.078613
0.143019 0.169144 0.658772 0.0290659
0.503123 0.0212492 0.320007 0.155621
0.420602 0.0659963 0.385572 0.127829
0.637118 0.0818128 0.225041 0.056028
0.407923 0.054659 0.468093 0.0693248
0.660248 0.219939 0.0614947 0.0583178
0.561496 0.0498387 0.274883 0.113782
0.327133 0.0554834 0.541476 0.0759078
0.298035 0.106053 0.41989 0.176022
0.353408 0.0123752 0.607129 0.0270881
0.0806755 0.849814 9.9991E-05 0.0694101
0.14972 0.85008 9.9982E-05 9.9982E-05
0.180431 0.779827 9.9991E-05 0.0396415
0.103885 0.775772 9.9991E-05 0.120243
0.670395 0.0211114 0.273014 0.0354798
0.6392 0.0199618 0.279602 0.0612364
0.764723 0.0280536 0.187435 0.0197883
0.230506 0.180092 0.559635 0.0297666
0.568655 9.9991E-05 0.40081 0.0304348
0.61036 0.136317 0.20627 0.0470526
0.815014 0.00552341 0.0737952 0.105667
0.733615 0.190539 0.0757458 9.9991E-05
0.738489 0.136701 0.12471 9.9991E-05
0.388242 0.00172264 0.609935 9.9991E-05
0.598292 0.0604656 0.200986 0.140256
0.682163 0.0264895 0.186087 0.10526
0.619915 0.126964 0.0951111 0.15801
0.631148 9.9982E-05 0.368652 9.9982E-05
0.845892 9.9991E-05 0.125183 0.0288249
0.551545 0.109569 0.167081 0.171805
0.0688957 0.0922219 0.838782 9.9991E-05
0.305836 9.9991E-05 0.658709 0.0353557
0.116008 0.0179304 0.77637 0.0896917
0.518862 0.0828001 0.229148 0.16919
0.632418 0.0406411 0.166965 0.159975
0.54091 0.0830778 0.185259 0.190753
0.31043 0.116028 0.566655 0.00688667
0.573741 0.0497488 0.300987 0.0755237
0.46926 0.0254671 0.259964 0.245309
0.471829 0.120787 0.389616 0.0177674
0.141871 0.245548 0.538073 0.0745087
0.664604 0.0481298 0.190913 0.0963536
0.430403 0.143759 0.331882 0.0939562
0.132424 0.0879782 0.779498 9.9991E-05
0.632452 0.0581461 0.265799 0.0436024
0.647562 0.040167 0.16583 0.146441
0.619561 0.13068 0.203934 0.0458246
0.384463 0.0988615 0.46646 0.0502145
0.550089 0.0222373 0.29267 0.135003
0.66526 0.0671685 0.244408 0.023164
0.289972 0.0828739 0.627054 9.9991E-05
0.722534 9.9991E-05 0.274859 0.00250783
0.513516 9.9982E-05 0.486284 9.9982E-05
0.748869 0.107594 0.120614 0.0229225
0.253562 9.9982E-05 0.746238 9.9982E-05
0.284125 9.9982E-05 0.715675 9.9982E-05
0.541818 9.9982E-05 0.457982 9.9982E-05
0.645754 0.0727583 0.281388 9.9991E-05
0.707808 0.150258 0.0686816 0.0732524
0.672217 0.00602658 0.321359 0.000397819
0.442918 0.0617291 0.495253 9.9991E-05
0.510405 0.0274608 0.462034 9.9991E-05
0.703184 0.103676 0.126016 0.0671238
0.495926 0.0210288 0.475738 0.00730748
0.594768 0.0727393 0.332393 9.9991E-05
0.654704 9.9982E-05 0.345096 9.9982E-05
0.200301 9.9991E-05 0.776569 0.0230302
0.741032 0.0602001 0.181863 0.0169051
0.118544 0.843826 9.9991E-05 0.0375304
0.0598862 0.939914 9.9982E-05 9.9982E-05
0.111824 0.881746 9.9991E-05 0.00633013
0.0490267 0.950773 9.9982E-05 9.9982E-05
0.119794 0.880007 9.9982E-05 9.9982E-05
0.0487124 0.92041 9.9991E-05 0.0307777
0.0331006 0.966699 9.9982E-05 9.9982E-05
0.676338 0.110391 0.202997 0.0102742
0.638667 0.0781721 0.160587 0.122573
0.343772 9.9982E-05 0.656028 9.9982E-05
0.663884 0.099061 0.141921 0.0951341
0.633188 0.0434636 0.323248 9.9991E-05
0.790724 0.0675793 0.141596 9.9991E-05
0.748467 0.0683845 0.183049 9.9991E-05
0.653125 9.9991E-05 0.234715 0.112061
0.21467 0.0268707 0.758359 9.9991E-05
0.594655 0.124041 0.186959 0.0943453
0.780495 0.0450642 0.136576 0.0378648
0.645805 0.12818 0.0938037 0.132212
0.547048 9.9982E-05 0.452752 9.9982E-05
0.685648 9.9982E-05 0.314152 9.9982E-05
0.65278 0.0220483 0.325072 9.9991E-05
0.532639 9.9991E-05 0.382871 0.0843907
0.64641 0.0630371 0.290453 9.9991E-05
0.694006 0.128813 0.177081 9.9991E-05
0.205253 0.0494312 0.631672 0.113644
0.400961 0.161203 0.304339 0.133497
0.632394 0.159313 0.155689 0.0526039
0.696599 0.0911384 0.124271 0.0879922
0.607751 0.101218 0.290931 9.9991E-05
0.700173 0.0937227 0.179463 0.0266413
0.547178 0.102337 0.323185 0.0272998
0.650938 0.149861 0.176469 0.0227314
0.621284 0.088362 0.184962 0.105392
0.67671 0.0675215 0.255669 9.9991E-05
0.655482 0.0641308 0.280287 9.9991E-05
0.706809 0.079752 0.105947 0.107493
0.631018 0.146834 0.177169 0.0449792
0.668418 9.9991E-05 0.272861 0.0586205
0.556767 0.108033 0.208471 0.126729
0.603284 9.9991E-05 0.263158 0.133458
0.444551 0.15459 0.33755 0.0633089
0.666278 0.0481879 0.206612 0.078922
0.688283 0.00088584 0.192066 0.118765
0.226794 0.0700292 0.587454 0.115723
0.186833 0.064589 0.635823 0.112756
0.68189 0.0859876 0.186544 0.0455785
0.0731977 9.9991E-05 0.810568 0.116134
0.424686 0.082946 0.492268 9.9991E-05
0.551395 0.0875372 0.354902 0.00616646
0.425396 0.0948323 0.479672 9.9991E-05
0.407176 0.0816761 0.511048 9.9991E-05
0.639879 0.10732 0.163085 0.0897149
0.54789 0.000464984 0.264644 0.187001
0.578624 0.0400541 0.277445 0.103877
0.148471 9.9991E-05 0.702508 0.148921
0.549547 0.113162 0.234777 0.102513
0.488401 0.0741719 0.32483 0.112597
0.0222121 0.206255 0.716125 0.0554079
0.689645 0.120604 0.121953 0.0677986
0.376935 0.144994 0.401946 0.0761248
0.529324 0.0405648 0.290256 0.139855
0.323793 0.169918 0.427216 0.0790736
0.301605 0.128044 0.570251 9.9991E-05
0.602619 0.0676651 0.329616 9.9991E-05
0.525231 0.0900164 0.228152 0.156601
0.468337 0.135189 0.250746 0.145728
0.0294719 0.0653159 0.65383 0.251383
0.619213 0.158222 0.128723 0.0938425
0.568473 9.9982E-05 0.431327 9.9982E-05
0.587035 0.00358073 0.353398 0.0559861
0.546426 0.0779538 0.235628 0.139992
0.14904 0.331424 0.19824 0.321296
9.9991E-05 0.59662 0.177445 0.225835
9.9991E-05 0.526334 0.249487 0.224079
0.0727245 0.472157 0.112481 0.342637
0.755551 9.9991E-05 0.217172 0.0271773
0.648937 0.16625 0.154131 0.0306817
0.321729 9.9982E-05 9.9982E-05 0.678071
0.402131 0.0482793 0.1221 0.42749
0.415732 0.092499 0.0541506 0.437618
0.376747 0.021347 0.510509 0.0913971
0.578969 0.118798 0.228792 0.0734406
0.288605 9.9991E-05 0.630814 0.0804817
0.714828 0.0761434 0.186287 0.0227418
0.538884 0.0745204 0.349447 0.0371488
0.638589 0.0525235 0.235327 0.0735603
0.236102 0.00826516 0.648162 0.107471
0.729323 0.0812755 0.160011 0.0293912
0.636318 0.0577792 0.170956 0.134947
0.0104284 9.9982E-05 9.9982E-05 0.989372
0.108802 9.9982E-05 9.9982E-05 0.890998
0.347375 0.0182412 9.9991E-05 0.634284
0.307987 0.032274 9.9991E-05 0.659639
0.138913 9.9982E-05 9.9982E-05 0.860887
9.998E-05 9.998E-05 9.998E-05 0.9997
9.9991E-05 0.00793178 0.000968278 0.991
0.160952 9.9982E-05 9.9982E-05 0.838848
9.998E-05 9.998E-05 9.998E-05 0.9997
9.998E-05 9.998E-05 9.998E-05 0.9997
9.998E-05 9.998E-05 9.998E-05 0.9997
0.113141 0.0685539 9.9991E-05 0.818205
0.17447 0.0677439 9.9991E-05 0.757686
9.998E-05 9.998E-05 9.998E-05 0.9997
0.308381 0.0705884 0.162439 0.458592
0.277327 0.0474799 0.0105684 0.664625
0.119503 0.0648791 9.9991E-05 0.815518
0.0811567 0.0173582 9.9991E-05 0.901385
9.998E-05 9.998E-05 9.998E-05 0.9997
0.013964 0.00748269 9.9991E-05 0.978453
9.998E-05 9.998E-05 9.998E-05 0.9997
0.241993 0.0748755 0.0217332 0.661399
9.9982E-05 9.9982E-05 0.0707594 0.929041
9.9991E-05 0.365717 0.484726 0.149457
0.474045 0.232741 0.206245 0.086969
0.441666 0.27307 0.174215 0.111049
0.202611 0.26809 0.386188 0.143111
0.427447 0.110118 0.216031 0.246404
0.217977 0.326335 0.287073 0.168614
0.478235 0.234263 0.193896 0.0936055
0.320238 0.177605 0.242667 0.25949
0.453621 0.174357 0.154398 0.217624
0.431702 0.230287 0.169817 0.168194
0.481355 0.187783 0.120731 0.210131
0.036464 0.881439 0.0819966 9.9991E-05
9.9982E-05 0.939816 9.9982E-05 0.0599845
0.00913625 0.990664 9.9982E-05 9.9982E-05
0.0352948 0.964505 9.9982E-05 9.9982E-05
0.0359151 0.916225 0.0108757 0.0369846
9.9982E-05 0.883956 9.9982E-05 0.115844
0.0128111 0.915681 9.9991E-05 0.0714082
0.0523951 0.903794 0.0437109 9.9991E-05
0.0284906 0.960639 9.9991E-05 0.01077
9.9982E-05 0.875174 9.9982E-05 0.124626
9.9991E-05 0.63427 0.355738 0.00989164
0.00196399 0.662008 0.314821 0.0212075
9.9982E-05 0.572363 0.427437 9.9982E-05
9.9982E-05 0.561172 0.438628 9.9982E-05
0.697241 0.104674 0.197985 9.9991E-05
0.639049 0.0233731 0.25642 0.0811582
0.670104 0.0612564 0.200254 0.0683853
0.58586 0.103609 0.310431 9.9991E-05
0.299863 0.0733378 0.626699 9.9991E-05
0.6359 0.0458354 0.199201 0.119064
0.709812 9.9991E-05 0.252301 0.0377869
0.629623 9.9991E-05 0.317959 0.0523173
0.632204 9.9982E-05 0.367596 9.9982E-05
0.817385 0.10451 0.0780052 9.9991E-05
0.566146 0.0261812 0.371073 0.0365995
0.158602 9.9991E-05 0.834902 0.00639646
0.571094 0.0333235 0.260248 0.135335
0.527145 9.9982E-05 0.472655 9.9982E-05
0.703128 0.00488339 0.285572 0.00641701
0.36238 0.0458116 0.591708 9.9991E-05
0.0705805 0.252209 0.677111 9.9991E-05
0.110877 0.217831 0.671192 9.9991E-05
0.0341022 0.185761 0.780037 9.9991E-05
0.00626862 0.246896 0.746736 9.9991E-05
0.0519744 0.149038 0.767476 0.0315119
0.141925 0.199833 0.658142 9.9991E-05
0.0699209 0.870092 9.9991E-05 0.0598871
0.099658 0.868049 0.0110767 0.0212167
0.0982143 0.770458 9.9991E-05 0.131228
0.0643869 0.796175 0.00380768 0.135631
0.0638414 0.832309 9.9991E-05 0.10375
9.9982E-05 0.500813 0.498987 9.9982E-05
9.9982E-05 0.530241 0.469559 9.9982E-05
9.9982E-05 0.502388 0.497412 9.9982E-05
0.102301 0.842671 9.9991E-05 0.0549288
9.9982E-05 0.473499 0.526301 9.9982E-05
0.281895 0.291655 0.0687519 0.357699
0.496204 0.0970995 0.127411 0.279286
0.452988 0.244061 9.9991E-05 0.302851
0.387524 0.221627 0.0879279 0.302922
0.570381 0.175975 0.0477407 0.205904
9.9991E-05 0.506767 0.141462 0.351671
0.563963 0.0392429 0.396694 9.9991E-05
0.368451 0.0278243 0.541414 0.062311
0.357284 0.195657 0.44696 9.9991E-05
0.547641 9.9991E-05 0.419532 0.0327274
9.998E-05 9.998E-05 0.9997 9.998E-05
0.58983 0.0910999 0.199701 0.11937
0.599199 0.131013 0.254096 0.015692
0.444056 0.109278 0.446566 9.9991E-05
0.646749 0.125876 0.162316 0.06506
0.171147 0.043483 0.772248 0.0131225
0.439072 0.00851095 0.419278 0.133139
0.587369 0.0443044 0.295464 0.0728627
0.375195 0.102108 0.246821 0.275876
0.474171 9.9991E-05 0.447656 0.0780725
0.555585 0.0777515 0.311803 0.0548604
0.515094 9.9991E-05 0.316165 0.16864
0.607864 0.0373837 0.336261 0.0184908
0.735531 0.0557034 0.0887218 0.120043
0.635807 0.213533 0.15056 9.9991E-05
0.68299 0.158438 0.128587 0.0299846
0.0900333 0.814194 9.9991E-05 0.0956728
0.0820446 0.882296 9.9991E-05 0.0355596
0.0760687 0.82742 0.0893025 0.0072092
0.0295571 0.86279 0.0364022 0.0712507
0.0993689 0.838478 9.9991E-05 0.0620535
0.246889 0.0700255 0.613718 0.0693669
0.66426 0.0798017 0.217985 0.0379531
0.422971 0.174644 0.177976 0.224409
0.643785 0.0606146 0.145136 0.150464
0.651018 0.110426 0.238456 9.9991E-05
0.366063 0.0179149 0.471688 0.144334
0.0898843 0.244692 0.665323 9.9991E-05
0.596509 0.0673865 0.284925 0.0511795
0.233514 0.119133 0.571874 0.0754785
0.481277 0.0595676 0.333472 0.125684
0.134325 0.203019 0.614939 0.0477163
0.684722 0.179807 0.0856016 0.0498701
0.223803 0.125813 0.57179 0.0785942
0.39525 0.034882 0.451437 0.118432
0.506818 0.140007 0.308749 0.0444257
0.336041 0.114333 0.474968 0.074658
0.671302 0.133803 0.179446 0.0154494
0.548212 0.172259 0.181094 0.0984352
0.462598 0.0665156 0.470787 9.9991E-05
0.503035 0.112781 0.210866 0.173319
0.692713 0.0570553 0.220965 0.0292667
0.251576 9.9982E-05 0.748224 9.9982E-05
0.41654 0.0148706 0.554015 0.0145748
0.611345 0.117178 0.271377 9.9991E-05
0.348021 0.032326 0.619553 9.9991E-05
0.575754 9.9991E-05 0.379352 0.0447941
0.224448 0.0871368 0.688315 9.9991E-05
0.337179 9.9991E-05 0.620998 0.0417222
0.392227 0.0770501 0.385706 0.145017
0.631919 0.0122517 0.176052 0.179778
0.404721 0.00371358 0.591465 9.9991E-05
0.555017 0.0970253 0.275849 0.0721093
0.687859 0.055933 0.141517 0.114691
0.511879 0.0504545 0.305384 0.132282
0.433888 0.061028 0.310281 0.194803
0.508733 0.096296 0.380937 0.0140343
0.294598 0.00976025 0.586075 0.109567
0.531731 0.058891 0.370217 0.0391612
0.686858 0.0406429 0.24239 0.0301097
0.631813 0.0953236 0.172486 0.100378
0.496996 0.085177 0.402366 0.0154603
0.528714 0.017855 0.315722 0.137709
0.397257 0.139207 0.38926 0.0742772
0.73716 9.9991E-05 0.227151 0.0355891
0.486234 0.0614042 0.276578 0.175784
0.522176 0.121104 0.212359 0.14436
0.486359 0.364003 9.9991E-05 0.149538
0.566866 0.135456 0.0736169 0.224061
0.480115 0.222599 0.160337 0.136949
0.647292 0.0511621 0.13005 0.171497
0.495071 0.217631 0.0416739 0.245624
0.434327 9.9991E-05 0.42306 0.142513
0.569295 0.181154 0.0522286 0.197322
9.9991E-05 0.288137 0.47607 0.235693
0.478443 0.0850164 0.163544 0.272996
0.595673 0.173492 0.0176364 0.213198
0.461746 0.0977893 0.127809 0.312656
0.422683 0.267584 0.21877 0.0909635
0.593306 0.211029 0.0236747 0.17199
0.628905 0.191413 9.9991E-05 0.179582
9.9991E-05 0.498717 0.237482 0.263701
0.525066 0.199647 0.0564508 0.218837
0.487909 0.184098 0.00711775 0.320875
0.52805 0.0469359 0.173008 0.252006
0.558582 0.240111 9.9991E-05 0.201207
0.684008 0.165214 0.0165279 0.13425
0.565794 9.9991E-05 0.348568 0.0855379
0.630715 0.0604607 0.254101 0.0547239
0.146818 9.9991E-05 0.806368 0.0467138
0.112082 9.9991E-05 0.843988 0.0438297
0.473386 0.0604993 0.331189 0.134925
0.49377 0.101635 0.0691576 0.335437
0.374357 0.0867749 0.109441 0.429426
0.134269 0.219239 0.285399 0.361094
0.381459 0.195855 0.100564 0.322121
0.111312 0.0985627 0.586804 0.203321
0.240594 0.118986 0.435588 0.204832
0.589596 0.0112747 0.252417 0.146712
0.603735 0.0842742 0.198816 0.113175
0.230475 0.0490425 0.480949 0.239533
0.620991 0.0304076 0.218877 0.129725
0.650198 9.9991E-05 0.176584 0.173118
0.520541 0.109546 0.21718 0.152732
0.468654 0.0292558 0.501991 9.9991E-05
0.49362 9.9991E-05 0.459215 0.0470645
0.544044 0.0340213 0.293878 0.128057
0.478462 0.1044 0.380095 0.0370428
0.500207 0.0575782 0.273154 0.169061
0.649384 0.0141773 0.332878 0.00356079
0.263883 0.00933029 0.663402 0.0633852
0.702756 0.00454499 0.230423 0.0622769
0.32179 9.9991E-05 0.610973 0.0671368
0.514127 0.0760868 0.373988 0.0357974
0.664836 0.0828886 0.236879 0.0153962
0.570577 0.0160917 0.366229 0.0471025
0.622992 0.252466 0.0337987 0.0907429
0.381641 0.172074 0.221705 0.224581
0.427835 0.202847 0.136561 0.232758
0.319813 0.252474 0.198484 0.229229
0.432506 0.119635 0.132698 0.315161
0.405251 0.138538 0.168165 0.288046
9.9991E-05 0.174463 0.560056 0.265382
0.643754 0.0811072 0.0438096 0.231329
9.9991E-05 0.408411 0.37172 0.219768
0.477703 0.0136153 0.148977 0.359705
0.308058 9.9982E-05 0.691742 9.9982E-05
0.106598 9.9991E-05 0.854993 0.0383091
0.620377 9.9991E-05 0.356825 0.0226977
0.768038 0.0326699 0.175031 0.0242604
0.60445 9.9982E-05 0.39535 9.9982E-05
0.587094 0.00976994 0.335043 0.0680937
0.676978 0.0140853 0.283652 0.0252849
0.0358429 0.853915 0.048725 0.0615172
0.00713649 0.752431 0.123248 0.117185
9.9982E-05 0.925805 9.9982E-05 0.0739946
0.0407261 0.959074 9.9982E-05 9.9982E-05
0.646106 0.0161569 0.304917 0.0328208
0.642262 0.0627452 0.23645 0.0585435
0.715386 9.9982E-05 0.284414 9.9982E-05
0.738243 0.120931 0.140726 9.9991E-05
0.600536 0.0825502 0.224216 0.0926972
0.456173 9.9982E-05 0.543627 9.9982E-05
0.812955 0.0130704 0.130556 0.0434184
0.574742 0.0232632 0.401895 9.9991E-05
0.4152 0.246016 0.0978912 0.240893
0.560968 9.9991E-05 0.346787 0.0921444
0.592295 9.9982E-05 0.407505 9.9982E-05
0.708633 9.9982E-05 0.291167 9.9982E-05
0.692668 0.0103906 0.296841 9.9991E-05
0.824152 9.9991E-05 0.162344 0.0134037
0.664342 0.0737915 0.230538 0.0313289
0.409128 9.9982E-05 0.590672 9.9982E-05
0.457231 9.9991E-05 0.478687 0.0639818
0.540272 9.9982E-05 0.459528 9.9982E-05
0.206619 9.9982E-05 0.793182 9.9982E-05
0.628172 0.068094 0.303634 9.9991E-05
0.384961 9.9982E-05 0.614839 9.9982E-05
0.165004 9.9982E-05 0.834796 9.9982E-05
0.811641 0.0523412 0.12563 0.0103876
0.457292 0.0351094 0.507498 9.9991E-05
0.575504 0.0648408 0.311482 0.0481736
0.63543 0.088771 0.204667 0.0711325
0.691812 0.0486569 0.259431 9.9991E-05
0.29614 9.9991E-05 0.527402 0.176359
0.752442 0.0623968 0.165722 0.0194396
0.6908 0.069925 0.224818 0.0144568
0.525815 9.9982E-05 0.473985 9.9982E-05
0.713415 0.0880706 0.187165 0.0113486
9.9982E-05 0.711034 0.288766 9.9982E-05
0.0917239 0.812971 0.0952056 9.9991E-05
9.9982E-05 0.857331 0.142469 9.9982E-05
9.9982E-05 0.86954 0.13026 9.9982E-05
0.00960435 0.795586 0.194709 9.9991E-05
0.458143 0.0477419 0.494015 9.9991E-05
0.368942 0.0520374 0.578921 9.9991E-05
0.466609 9.9982E-05 0.533191 9.9982E-05
0.656361 0.0805245 0.18688 0.0762348
0.696156 9.9991E-05 0.22422 0.0795238
0.552697 0.0498632 0.39734 9.9991E-05
0.730446 9.9991E-05 0.150188 0.119267
0.564858 0.0239317 0.303533 0.107677
0.752185 0.0206038 0.227111 9.9991E-05
0.815217 0.0205686 0.154922 0.00929305
0.464424 0.00236378 0.522394 0.0108187
0.602895 9.9982E-05 0.396905 9.9982E-05
0.572092 9.9982E-05 0.427708 9.9982E-05
0.6911 0.182031 0.126769 9.9991E-05
0.652842 0.03228 0.314778 9.9991E-05
0.660508 0.0879 0.251492 9.9991E-05
0.442655 0.0809089 9.9991E-05 0.476336
0.373429 0.137069 9.9991E-05 0.489402
0.423065 0.120239 0.00248854 0.454208
0.286253 0.153008 0.0042554 0.556483
0.47583 0.165561 0.0118708 0.346738
0.637708 0.0821298 0.249585 0.0305769
0.00952844 0.279223 0.0082682 0.70298
0.29563 0.202885 9.9991E-05 0.501385
0.483061 0.166798 0.131801 0.21834
0.715154 0.200742 0.0840042 9.9991E-05
0.526672 0.182722 0.251146 0.03946
0.700388 0.225208 0.0206613 0.0537429
0.661314 0.112523 0.144025 0.0821382
0.296786 0.215998 9.9991E-05 0.487117
0.426568 0.193351 0.00439219 0.375688
0.397359 0.0366637 9.9991E-05 0.565877
0.572089 0.158609 0.00708723 0.262215
0.326697 0.0799009 0.00444302 0.588959
0.521626 0.169946 9.9991E-05 0.308328
0.307645 0.128681 0.000309783 0.563365
0.507409 0.114451 9.9991E-05 0.378041
0.65687 0.149473 0.164654 0.0290025
0.461895 0.233676 9.9991E-05 0.304329
0.157277 0.180001 9.9991E-05 0.662621
0.281218 0.138858 0.173961 0.405963
0.295567 0.23347 0.470863 9.9991E-05
0.602252 0.0446444 0.236114 0.116989
0.435851 0.184884 9.9991E-05 0.379165
0.588219 0.124816 0.168191 0.118775
0.655594 0.215766 0.12854 9.9991E-05
0.453592 0.245901 0.0656299 0.234877
0.357217 0.263198 0.0729429 0.306641
0.582373 0.139276 0.098932 0.179419
0.32534 0.177663 0.0610636 0.435934
0.413723 0.0720774 9.9991E-05 0.514099
0.098936 0.234439 0.0214277 0.645198
0.586848 0.177546 0.14156 0.094046
0.570585 0.153733 0.275582 9.9991E-05
0.197786 0.147667 0.545407 0.10914
0.612125 0.224217 0.121268 0.0423898
0.365224 0.16938 0.352231 0.113165
0.564464 0.31055 9.9991E-05 0.124885
0.567201 0.15233 0.156533 0.123936
9.9991E-05 0.368989 0.369433 0.261477
9.9991E-05 0.384939 0.404968 0.209993
0.280189 0.200488 0.33879 0.180533
0.0141655 0.351741 0.331701 0.302393
9.9991E-05 0.484624 0.187927 0.327349
0.410426 0.136989 0.232213 0.220372
0.394605 0.271349 0.153713 0.180333
0.227971 0.337725 0.248112 0.186192
0.0494175 0.360525 0.34815 0.241908
0.535133 0.107035 0.195723 0.162109
0.174825 0.219936 0.410059 0.19518
9.9991E-05 0.537393 0.338041 0.124466
0.547408 0.229096 0.0772929 0.146202
0.339225 0.176031 0.17123 0.313514
0.458294 0.363178 9.9991E-05 0.178429
0.572334 0.160474 9.9991E-05 0.267092
0.593615 0.139094 0.0308333 0.236458
0.486567 0.180058 0.0660471 0.267328
0.389303 0.346861 9.9991E-05 0.263736
0.641695 0.152256 0.0720995 0.133949
0.488727 0.256247 9.9991E-05 0.254926
0.340449 0.294456 0.0912689 0.273827
0.440405 0.160254 0.280227 0.119114
0.558212 0.187553 0.0919409 0.162294
0.587523 0.207624 0.0381122 0.166741
0.648937 0.16619 0.0969426 0.0879308
0.418383 0.310891 9.9991E-05 0.270626
0.55292 0.220889 0.0461534 0.180038
0.150527 0.440849 0.142289 0.266335
0.494722 0.237998 9.9991E-05 0.26718
0.206069 0.315083 0.108237 0.37061
9.9991E-05 0.821624 0.160524 0.0177519
0.216346 0.203027 0.580527 9.9991E-05
9.9982E-05 0.183371 0.816429 9.9982E-05
0.0495777 0.177371 0.772951 9.9991E-05
0.111028 0.136503 0.752369 9.9991E-05
0.057031 0.134991 0.792454 0.0155234
0.154057 0.124179 0.721665 9.9991E-05
9.9982E-05 0.190729 0.809071 9.9982E-05
0.102108 0.32569 0.572102 9.9991E-05
0.0607571 0.937559 9.9991E-05 0.00158349
0.0461221 0.892246 0.0506306 0.0110016
9.9991E-05 0.901166 0.0152696 0.0834648
0.0572719 0.856197 0.0864311 9.9991E-05
0.021643 0.946159 9.9991E-05 0.0320982
9.9991E-05 0.930054 0.0607057 0.00914038
0.0321835 0.836119 0.0323301 0.0993676
0.0926086 0.887751 9.9991E-05 0.0195399
0.123132 0.776964 0.0837053 0.0161989
9.9982E-05 0.926054 9.9982E-05 0.0737457
9.9982E-05 0.988931 0.0108689 9.9982E-05
0.0309054 0.903943 0.0360612 0.0290906
9.9982E-05 0.973408 9.9982E-05 0.0263919
0.0268191 0.931914 9.9991E-05 0.041167
0.0897406 0.882847 9.9991E-05 0.0273125
0.0925038 0.849572 9.9991E-05 0.0578239
0.0676281 0.767919 9.9991E-05 0.164353
0.100083 0.811832 9.9991E-05 0.0879848
0.148644 0.799689 9.9991E-05 0.0515661
0.481435 0.182639 0.291337 0.0445887
0.801459 0.128923 0.0695174 9.9991E-05
0.634577 0.191333 0.145395 0.0286956
0.175163 0.109343 0.625821 0.0896725
0.60645 0.168071 0.186259 0.0392195
0.11898 0.222758 0.570723 0.0875387
0.722673 0.122725 0.115733 0.0388695
0.609794 0.115277 0.274829 9.9991E-05
0.68775 0.13734 0.170687 0.00422385
0.733396 0.0921301 0.173399 0.00107525
0.564079 0.124694 0.311127 9.9991E-05
0.72955 0.137169 0.133182 9.9991E-05
0.653251 0.136396 0.210253 9.9991E-05
0.084411 9.9991E-05 0.806497 0.108992
0.0207176 0.107673 0.87151 9.9991E-05
0.208043 0.101178 0.578127 0.112652
0.65665 0.0962573 0.151306 0.0957869
0.599607 0.0882247 0.224584 0.0875841
0.589607 0.23755 0.172743 9.9991E-05
0.720294 0.0885416 0.0998441 0.0913199
0.5014 0.27636 0.00313616 0.219104
0.541355 0.149755 0.0846986 0.224191
0.186588 0.405269 0.196285 0.211858
0.715254 0.149799 0.102331 0.0326161
0.47017 0.226298 0.126656 0.176876
9.9991E-05 0.478704 0.320823 0.200372
0.427189 0.290285 0.0530803 0.229446
0.328722 0.32795 0.110422 0.232906
0.441709 0.375991 0.0664468 0.115853
0.496455 0.108765 0.141611 0.25317
0.476342 0.197541 0.108711 0.217406
0.535655 0.126065 0.0637174 0.274562
0.476071 0.224429 0.158812 0.140688
0.336027 0.462021 0.0509302 0.151022
