9.9991E-05 0.0427603 0.90557 0.0515697
9.999E-05 0.0298243 0.965195 0.00488049
9.999E-05 0.166803 0.784058 0.0490392
9.999E-05 0.147854 0.793866 0.05818
9.999E-05 0.10208 0.864056 0.0337645
0.169526 0.0828468 0.704723 0.0429039
0.0126764 9.9991E-05 0.897678 0.0895459
0.016379 0.0323552 0.780984 0.170282
9.9982E-05 9.9982E-05 0.873878 0.125922
0.0269249 0.178809 0.716056 0.07821
0.0501187 0.0365941 0.783617 0.129671
0.152165 0.228859 9.9991E-05 0.618876
0.256538 0.369112 9.9991E-05 0.37425
0.253923 0.19799 0.0487729 0.499314
0.177142 0.314224 0.0286283 0.480006
0.24963 0.334022 0.132385 0.283964
0.390277 0.427279 0.00109281 0.181351
0.444936 0.266089 9.9991E-05 0.288876
0.188782 0.319604 0.078122 0.413493
0.1338 0.035732 0.0993533 0.731115
0.386765 0.292722 0.00811484 0.312398
0.505869 0.289723 0.0919293 0.112479
0.441151 0.362817 0.000985818 0.195046
0.294397 0.273878 9.9991E-05 0.431625
0.373848 0.452686 0.0424554 0.131011
0.280474 0.393672 9.9991E-05 0.325754
0.280692 0.181716 0.0478422 0.48975
0.189549 0.339128 0.0081384 0.463185
0.317653 0.130323 0.0276329 0.524392
9.9982E-05 0.173113 0.826687 9.9982E-05
9.9982E-05 0.156946 0.842854 9.9982E-05
0.0590847 0.131062 0.786723 0.0231311
0.0338224 0.159398 0.80668 9.9991E-05
0.552494 0.27573 9.9991E-05 0.171676
0.500451 0.296538 0.0965885 0.106422
0.670654 0.329146 9.9982E-05 9.9982E-05
0.176181 0.119888 0.0449994 0.658932
0.765203 0.182352 0.0287078 0.0237367
0.428794 0.324895 0.0666513 0.17966
0.536181 0.412659 9.9991E-05 0.0510597
0.477352 0.336319 0.0434105 0.142919
0.450371 0.3262 0.078021 0.145408
0.624361 0.0788104 0.00884571 0.287983
0.48845 0.407719 0.0153634 0.0884678
0.535294 0.429489 0.0351171 9.9991E-05
0.360057 0.329861 0.118214 0.191869
0.837768 0.147491 9.9991E-05 0.0146409
0.479502 0.387439 9.9991E-05 0.132958
0.45029 0.414321 0.0509553 0.0844344
0.802766 9.9982E-05 0.197034 9.9982E-05
0.442572 0.0238693 9.9991E-05 0.533459
0.593618 9.9991E-05 0.156059 0.250223
0.448713 0.395158 0.0281988 0.127931
0.36305 0.408845 0.100833 0.127272
0.37979 0.41977 0.00132428 0.199116
0.473978 0.0839265 0.084415 0.35768
0.456949 0.320893 9.9991E-05 0.222058
0.304715 0.387497 9.9991E-05 0.307689
0.418453 0.205348 0.104962 0.271237
0.300357 0.0454029 0.261369 0.392872
0.396781 0.343875 0.0400463 0.219298
0.361536 0.255776 0.053656 0.329032
0.302905 9.9991E-05 0.0954412 0.601554
0.38607 0.318173 9.9991E-05 0.295657
0.529364 0.449404 9.9991E-05 0.0211324
0.347342 0.388819 0.0770923 0.186747
0.464118 0.157722 0.0760084 0.302151
0.457907 0.266796 9.9991E-05 0.275197
0.306874 0.373092 9.9991E-05 0.319933
0.456874 0.0235874 0.0518321 0.467706
0.607728 0.263703 9.9991E-05 0.128469
0.765024 0.0421921 0.0223811 0.170403
0.401048 0.350619 0.0170872 0.231246
0.939691 9.9982E-05 0.0601093 9.9982E-05
0.904173 9.9991E-05 0.067322 0.028405
0.901907 0.0833224 9.9991E-05 0.0146704
0.608492 0.22251 9.9991E-05 0.168899
0.430906 0.300015 0.165826 0.103253
0.651424 0.235339 9.9991E-05 0.113137
0.577603 0.087139 0.0302059 0.305052
0.603312 0.0909822 0.0286883 0.277018
0.42346 0.386192 0.0508021 0.139546
0.738309 0.128901 0.0122147 0.120576
0.644885 0.225376 9.9991E-05 0.129639
0.816254 0.13559 0.048056 9.9991E-05
0.796955 9.9991E-05 0.118425 0.0845196
0.585166 0.376994 9.9991E-05 0.0377396
9.9991E-05 0.117086 0.82802 0.0547936
9.9982E-05 0.113654 0.886146 9.9982E-05
9.9982E-05 0.127142 0.872658 9.9982E-05
9.9982E-05 0.0608313 0.938969 9.9982E-05
9.9982E-05 0.128943 0.870857 9.9982E-05
9.9982E-05 0.113022 0.886778 9.9982E-05
9.9982E-05 0.0867302 0.91307 9.9982E-05
0.460943 0.310334 0.0560568 0.172667
0.447129 0.386392 0.0290059 0.137473
0.821842 9.9991E-05 0.067101 0.110957
0.475577 0.342727 0.0750671 0.106629
0.634194 0.202735 9.9991E-05 0.162971
0.613256 0.34012 9.9991E-05 0.0465238
0.662131 0.291617 0.00871935 0.0375325
0.670986 0.328814 9.9982E-05 9.9982E-05
0.647494 9.9991E-05 0.106775 0.245631
0.402036 0.33756 0.0438644 0.216539
0.492252 0.403329 9.9991E-05 0.104319
0.397034 0.313418 0.087516 0.202031
0.802019 0.101395 0.0964861 9.9991E-05
0.728206 0.23884 0.00904995 0.0239034
0.554124 0.251642 0.0060139 0.18822
0.761388 0.238412 9.9982E-05 9.9982E-05
0.549649 0.242367 0.016691 0.191293
0.479925 0.366701 0.125413 0.0279607
0.433639 0.094839 0.110528 0.360994
0.201294 0.324985 0.0752157 0.398505
0.351505 0.388541 0.0278916 0.232063
0.377397 0.459752 9.9991E-05 0.162751
0.337526 0.265136 0.00526778 0.392071
0.340754 0.366962 9.9991E-05 0.292184
0.261336 0.264736 9.9991E-05 0.473828
0.421862 0.267682 0.0666973 0.243759
0.271023 0.436974 9.9991E-05 0.291903
0.43439 0.291882 0.037618 0.236109
0.37187 0.241679 9.9991E-05 0.386352
0.444891 0.419736 9.9991E-05 0.135273
0.383102 0.4543 0.00537902 0.157219
0.318828 0.430033 9.9991E-05 0.251039
0.387846 0.403975 0.0216565 0.186523
0.274151 0.39678 9.9991E-05 0.328969
0.316988 0.240151 0.104054 0.338807
0.407653 0.405984 9.9991E-05 0.186263
0.368109 0.43551 9.9991E-05 0.196281
0.326556 0.182843 0.00514635 0.485455
0.427922 0.0747035 0.091167 0.406208
0.358811 0.287463 9.9991E-05 0.353626
0.615136 0.014808 9.9991E-05 0.369956
0.357993 0.122066 0.0166411 0.5033
0.463752 0.192571 9.9991E-05 0.343577
0.396203 0.0721023 0.0503157 0.481379
0.320007 0.175394 9.9991E-05 0.504499
0.380843 0.41295 9.9991E-05 0.206107
0.359331 0.355473 9.9991E-05 0.285096
0.421268 0.354774 9.9991E-05 0.223858
0.512268 0.0984137 0.0721725 0.317146
0.508157 0.363944 0.118046 0.0098524
0.498213 0.346757 0.00303731 0.151993
0.645242 9.9991E-05 0.264243 0.0904146
0.482507 0.455013 0.0623801 9.9991E-05
0.615366 0.196441 0.168078 0.0201153
0.473103 0.300426 0.054695 0.171775
0.545126 0.106716 0.173873 0.174285
0.640796 0.00170495 0.196913 0.160586
0.544709 0.20768 0.0163277 0.231284
0.543155 0.319893 0.0825061 0.0544455
0.388911 0.324329 0.116059 0.170702
0.585048 0.062442 0.217289 0.135221
0.422327 0.361 0.0500912 0.166581
0.805824 0.0802942 9.9991E-05 0.113782
0.631233 0.246757 0.00731043 0.1147
0.37239 0.421012 0.000492802 0.206105
0.235245 0.296758 0.458756 0.00924034
0.140101 0.112529 0.74727 9.9991E-05
0.2284 0.0833765 0.688124 9.9991E-05
0.129109 0.369163 0.44677 0.0549578
0.601236 0.356257 9.9991E-05 0.0424068
0.388341 0.395974 0.113446 0.10224
0.0066641 0.911218 9.9991E-05 0.0820184
0.188041 0.657796 0.0590242 0.0951388
0.220522 0.571992 0.122651 0.0848347
0.715973 0.151641 0.118549 0.0138366
0.500106 0.381531 0.118264 9.9991E-05
0.810691 0.0493098 0.139899 9.9991E-05
0.652996 0.277523 9.9991E-05 0.0693809
0.605181 0.19415 0.0116651 0.189004
0.48931 0.363006 0.0873272 0.060357
0.789381 0.0412572 0.149635 0.0197266
0.496147 0.410835 0.0246115 0.0684067
0.550449 0.4342 0.0112172 0.00413376
9.9982E-05 0.952391 0.047409 9.9982E-05
9.9982E-05 0.947228 0.0525719 9.9982E-05
0.180984 0.690904 0.128013 9.9991E-05
0.0499724 0.875593 0.0185376 0.0558972
9.9991E-05 0.849845 0.118348 0.0317064
9.9982E-05 0.88722 0.11258 9.9982E-05
9.9982E-05 0.873951 0.125849 9.9982E-05
9.9982E-05 0.972853 0.0269466 9.9982E-05
9.9982E-05 0.961652 0.0381479 9.9982E-05
9.9982E-05 0.935562 0.0642383 9.9982E-05
9.9982E-05 0.915928 0.0838723 9.9982E-05
9.9982E-05 0.883569 0.116231 9.9982E-05
9.9982E-05 0.878602 0.121198 9.9982E-05
9.9982E-05 0.923452 0.0763479 9.9982E-05
0.242568 0.617762 0.0939563 0.0457132
0.00883018 0.772782 0.127609 0.0907796
9.9982E-05 0.892808 0.106992 9.9982E-05
9.9982E-05 0.897294 0.102506 9.9982E-05
9.9982E-05 0.930454 0.0693459 9.9982E-05
9.9982E-05 0.859216 0.140584 9.9982E-05
9.9982E-05 0.937453 0.0623473 9.9982E-05
9.9991E-05 0.77674 0.104466 0.118694
9.9982E-05 0.929364 0.070436 9.9982E-05
0.452883 9.9982E-05 0.546917 9.9982E-05
0.42131 0.279337 0.234995 0.0643577
0.423417 0.316114 0.248323 0.012147
0.468567 0.169608 0.361725 9.9991E-05
0.479025 0.321657 0.139992 0.0593252
0.477998 0.148603 0.373298 9.9991E-05
0.340468 0.346752 0.175097 0.137684
0.436926 0.309021 0.253953 9.9991E-05
0.397227 0.338939 0.263734 9.9991E-05
0.416038 0.375577 0.208285 9.9991E-05
0.517258 0.331319 0.147165 0.00425805
0.0365984 0.0449906 0.862152 0.0562588
9.9982E-05 0.0668114 0.932989 9.9982E-05
9.9991E-05 0.00882162 0.952174 0.038904
9.9991E-05 0.0433058 0.901652 0.0549424
9.9991E-05 0.0611399 0.902437 0.0363234
9.9982E-05 0.0821841 0.917616 9.9982E-05
9.9982E-05 0.115796 0.884004 9.9982E-05
0.0439997 0.0145 0.9414 9.9991E-05
9.9982E-05 0.0620167 0.937783 9.9982E-05
9.9991E-05 0.0864028 0.912814 0.000682844
0.0626038 9.9991E-05 0.64273 0.294566
0.0125154 0.0102508 0.62942 0.347814
0.0658371 9.9991E-05 0.603919 0.330144
0.0889063 9.9991E-05 0.531905 0.379088
0.460316 0.298615 0.0419218 0.199148
0.599446 0.266311 0.0141406 0.120103
0.490899 0.311886 9.9991E-05 0.197115
0.49136 0.163384 0.0111578 0.334098
0.257069 0.0918247 9.9991E-05 0.651006
0.539227 0.363751 9.9991E-05 0.0969217
0.515764 0.371435 9.9991E-05 0.112701
0.704253 0.202894 9.9991E-05 0.0927528
0.816242 0.183558 9.9982E-05 9.9982E-05
0.424649 0.400784 9.9991E-05 0.174467
0.608311 0.171742 9.9991E-05 0.219847
0.862401 9.9991E-05 0.0480066 0.0894927
0.421485 0.357217 0.0448377 0.17646
0.805561 0.0757057 0.0663645 0.0523686
0.691446 0.185653 9.9991E-05 0.122801
0.688334 9.9991E-05 0.0775531 0.234013
0.0822387 9.9991E-05 0.162551 0.755111
0.0491902 0.0298882 0.104802 0.81612
0.0105108 9.9991E-05 0.0897668 0.899622
0.0122522 9.9991E-05 0.122954 0.864694
0.0988367 0.0246802 0.0424253 0.834058
0.0223656 0.059055 0.0700297 0.84855
9.9982E-05 0.10683 0.89297 9.9982E-05
9.9991E-05 0.101154 0.783052 0.115694
9.9991E-05 0.213974 0.753539 0.0323869
9.9991E-05 0.158659 0.773155 0.0680858
9.9991E-05 0.144002 0.802687 0.0532108
9.9982E-05 9.9982E-05 0.417586 0.582214
0.078661 9.9991E-05 0.503867 0.417372
0.0475261 9.9991E-05 0.485548 0.466826
9.9991E-05 0.173811 0.803303 0.0227864
0.0828941 9.9991E-05 0.426369 0.490637
0.244647 0.472617 0.277654 0.00508218
0.296882 0.567625 0.0745614 0.0609315
0.18585 0.632841 0.121857 0.0594516
0.289601 0.410824 0.26 0.0395749
0.342313 0.425116 0.0816065 0.150965
0.132061 0.266631 0.601207 9.9991E-05
0.449983 0.200244 9.9991E-05 0.349673
0.584219 0.165681 0.0512431 0.198857
0.252781 0.123021 0.0548547 0.569344
0.64005 0.231488 9.9991E-05 0.128361
0.648188 9.9991E-05 0.0748347 0.276877
0.461175 0.282712 0.0722445 0.183869
0.457463 0.262347 9.9991E-05 0.28009
0.380556 0.13446 0.0536447 0.43134
0.421283 0.334643 0.00946087 0.234613
0.581512 9.9991E-05 0.0699367 0.348451
0.599029 0.274362 0.0233502 0.103259
0.406963 0.32424 9.9991E-05 0.268697
0.300846 0.401949 0.14915 0.148055
0.518855 0.187614 9.9991E-05 0.293431
0.394354 0.248309 0.00664065 0.350696
0.507957 0.331964 0.0385891 0.12149
0.527187 0.295483 9.9991E-05 0.17723
0.452541 0.344358 0.0313303 0.17177
0.340667 0.423536 0.0789089 0.156888
0.322982 0.350072 0.0521396 0.274807
9.9982E-05 0.250335 0.749465 9.9982E-05
0.0222511 0.125914 0.851735 9.9991E-05
0.084124 0.0531782 0.806861 0.0558368
9.9991E-05 0.112429 0.848263 0.039208
9.9991E-05 0.149591 0.808666 0.0416421
0.201822 0.129587 9.99913E-05 0.668492
0.358068 0.381095 9.9991E-05 0.260737
0.399683 0.344101 0.178697 0.0775193
0.362569 0.474025 9.9991E-05 0.163306
0.336288 0.312296 9.9991E-05 0.351316
0.420027 0.174079 0.0612952 0.344599
0.158966 9.9991E-05 0.164988 0.675946
0.273862 0.320866 9.9991E-05 0.405172
0.288278 0.0545663 0.0884728 0.568683
0.554636 0.232296 0.12458 0.0884873
0.24177 0.0186498 0.181125 0.558455
0.264484 0.438976 0.0414964 0.255044
0.295044 0.0680155 0.0813762 0.555565
0.411219 0.258682 0.0207026 0.309397
0.537961 0.293185 0.0321974 0.136656
0.706188 0.075309 0.119211 0.0992921
0.55556 0.295199 0.0204517 0.128789
0.347459 0.3361 0.126282 0.190159
0.724654 0.114799 0.0728459 0.0877012
0.544383 0.232552 0.0813897 0.141676
0.664836 0.234925 0.0497065 0.0505322
0.840662 9.9991E-05 0.05733 0.101908
0.817953 0.0379837 0.109883 0.0341807
0.641262 0.208302 0.0769591 0.0734765
0.762782 9.9991E-05 0.143929 0.0931893
0.567109 0.18488 0.0213293 0.226681
0.169695 0.0682982 0.018721 0.743286
0.496392 0.11797 9.9991E-05 0.385538
0.218189 0.287131 9.9991E-05 0.494579
0.317243 0.422596 9.9991E-05 0.260061
0.35533 0.0853745 9.9991E-05 0.559196
0.37778 0.357295 0.0359667 0.228958
0.30367 0.380698 9.9991E-05 0.315532
0.298686 0.271515 9.9991E-05 0.429699
0.30536 0.3921 9.9991E-05 0.30244
0.365734 0.281464 9.9991E-05 0.352702
0.281856 0.147644 9.9991E-05 0.5704
0.242259 0.26799 9.9991E-05 0.489652
0.363892 0.353995 9.9991E-05 0.282013
0.312059 0.380292 9.9991E-05 0.30755
0.466837 0.252953 0.0355929 0.244617
0.315354 0.403891 9.9991E-05 0.280656
0.317503 0.213622 0.0336817 0.435194
0.367391 0.37187 9.9991E-05 0.260639
0.30379 0.32883 0.0108536 0.356527
0.321348 0.354384 9.9991E-05 0.324168
0.175486 0.399555 0.294178 0.13078
0.363057 0.448898 0.187946 9.9991E-05
0.217591 0.527681 0.078637 0.176091
0.298885 0.482167 0.0171465 0.201802
0.335637 0.439592 0.224671 9.9991E-05
0.519043 0.262432 9.9991E-05 0.218425
0.226092 0.428553 0.120953 0.224401
0.526443 0.0670796 0.406377 9.9991E-05
0.311665 0.509885 0.0456127 0.132838
0.315197 0.48516 0.0613785 0.138264
0.369954 0.512287 0.0365547 0.0812043
0.311668 0.328411 0.196079 0.163843
0.310415 0.421773 0.227956 0.0398554
0.313499 0.529287 0.0721658 0.0850486
0.228176 0.0999324 0.671792 9.9991E-05
0.258224 0.492801 0.189169 0.059806
0.338103 0.499439 0.161903 0.000554235
0.398229 0.448104 0.058357 0.0953094
0.222581 0.520138 0.187362 0.069919
0.371184 0.384009 0.15044 0.0943676
0.62477 0.236743 0.0809439 0.0575428
0.458576 0.308751 0.0590394 0.173634
0.76794 9.9991E-05 0.0423189 0.189641
0.809914 9.9991E-05 0.0909051 0.0990804
0.468806 0.349432 0.0467224 0.13504
0.313903 0.543495 0.141879 0.000723136
0.318617 0.531982 0.149301 9.9991E-05
0.307937 0.352078 0.298318 0.0416669
0.321039 0.445147 0.233714 9.9991E-05
0.697803 0.0848247 0.217272 9.9991E-05
0.638172 0.154714 0.207014 9.9991E-05
0.516836 0.421351 9.9991E-05 0.0617131
0.532022 0.336869 0.0785244 0.0525844
0.622743 0.178511 0.186654 0.0120921
0.472994 0.38835 0.0352124 0.103443
0.539744 0.401291 9.9991E-05 0.0588658
0.422917 0.428769 0.059812 0.0885019
0.716985 0.0905478 0.0991827 0.0932843
0.677677 0.159703 9.9991E-05 0.16252
0.629304 0.288681 0.0819145 9.9991E-05
0.5892 0.137402 0.0764306 0.196968
0.347777 0.386159 0.0856217 0.180443
0.670006 0.208659 0.0442397 0.077096
0.797857 0.0401311 0.0551239 0.106888
0.642616 0.357184 9.9982E-05 9.9982E-05
0.800044 0.0739957 0.080629 0.0453309
0.645687 0.232534 0.000413864 0.121365
0.474818 0.33002 0.0295497 0.165613
0.535023 0.281426 0.0287438 0.154808
0.486763 0.336113 0.177023 9.9991E-05
0.304484 0.407534 0.142275 0.145707
0.27267 0.467253 0.181482 0.0785958
0.300186 0.404491 0.197494 0.0978285
0.384647 0.396759 0.142631 0.075963
0.326411 0.414506 0.155846 0.103237
0.536756 0.0709866 0.351951 0.040306
0.272014 0.58469 0.0357005 0.107596
0.330746 0.0569848 0.612169 9.9991E-05
0.402369 0.557554 0.0399774 9.9991E-05
0.962726 9.9982E-05 0.0370742 9.9982E-05
0.828037 9.9991E-05 0.122706 0.0491561
0.674689 0.241952 9.9991E-05 0.0832596
0.564825 0.381931 9.9991E-05 0.0531445
0.728118 0.176668 0.0119113 0.0833034
0.704652 0.265715 0.0110234 0.0186093
0.623369 0.303346 9.9991E-05 0.0731856
0.096369 0.0846477 0.818883 9.9991E-05
9.9991E-05 0.103058 0.78225 0.114592
9.9991E-05 0.0956806 0.903582 0.000637122
9.9982E-05 0.0537769 0.946023 9.9982E-05
0.618111 0.294221 0.00349361 0.0841744
0.638031 0.329998 0.0261734 0.00579748
0.747298 0.177524 9.9991E-05 0.075078
0.4999 0.357019 0.0305113 0.112569
0.462609 0.307908 0.088585 0.140898
0.648624 0.0941737 0.00774167 0.249461
0.610717 0.310621 9.9991E-05 0.0785621
0.815874 0.133102 0.0509242 9.9991E-05
0.245203 0.419896 0.319868 0.015033
0.661938 0.274575 9.9991E-05 0.0633873
0.688508 0.115717 9.9991E-05 0.195675
0.621416 0.271884 9.9991E-05 0.106599
0.680878 0.185296 9.9991E-05 0.133726
0.708652 0.291148 9.9982E-05 9.9982E-05
0.635584 0.31345 9.9991E-05 0.0508662
0.9997 9.998E-05 9.998E-05 9.998E-05
0.815155 0.0988466 0.0139367 0.0720615
0.680333 0.179234 0.019139 0.121294
0.998611 9.9982E-05 0.00118944 9.9982E-05
0.573079 0.25022 9.9991E-05 0.176601
0.916096 0.0030358 0.0690876 0.0117803
0.891531 9.9982E-05 0.108269 9.9982E-05
0.630801 0.305194 0.0350897 0.0289157
0.729633 0.0457909 0.0569438 0.167632
0.560254 0.244031 9.9991E-05 0.195614
0.510722 0.390979 0.0981992 9.9991E-05
0.650243 0.216548 9.9991E-05 0.133109
0.39814 0.250118 9.9991E-05 0.351642
0.57838 0.348214 9.9991E-05 0.0733055
0.620835 0.195084 9.9991E-05 0.183981
0.883704 0.102292 9.9991E-05 0.0139042
0.514553 0.333637 9.9991E-05 0.15171
0.0471448 9.9991E-05 0.667094 0.285662
0.0370127 0.0395917 0.790615 0.132781
0.00719589 9.9991E-05 0.869882 0.122822
9.9982E-05 9.9982E-05 0.877311 0.122489
0.0459346 0.0130094 0.746436 0.19462
0.644128 0.0857153 0.0369031 0.233254
0.716709 9.9991E-05 0.111185 0.172006
0.966729 0.0330713 9.9982E-05 9.9982E-05
0.445033 0.38185 0.0774443 0.0956726
0.474604 0.405166 0.100044 0.0201858
0.791738 0.122375 0.0844268 0.00146008
0.599785 0.385172 9.9991E-05 0.0149427
0.713193 0.209072 9.9991E-05 0.0776353
0.55078 0.344837 9.9991E-05 0.104283
0.524796 0.356638 9.9991E-05 0.118466
0.703614 0.128124 9.9991E-05 0.168162
0.688531 0.18347 9.9991E-05 0.127899
0.656909 0.142555 9.9991E-05 0.200436
0.459611 0.372875 0.102589 0.0649252
0.637893 0.240726 9.9991E-05 0.121281
0.665535 0.231327 9.9991E-05 0.103038
0.235232 0.627028 0.0754446 0.0622952
0.210361 0.676949 0.0797844 0.0329048
0.137331 0.738242 0.124327 9.9991E-05
0.15697 0.687041 0.155889 9.9991E-05
0.251578 0.580687 0.118629 0.0491062
0.68667 0.274665 0.0385655 9.9991E-05
9.9982E-05 0.646245 0.353555 9.9982E-05
0.131574 0.693114 0.175212 9.9991E-05
0.45461 0.424349 0.12094 9.9991E-05
0.485634 0.288904 0.152406 0.0730562
0.505658 0.24751 0.136751 0.110082
0.451692 0.368751 0.117214 0.0623428
0.450712 0.335789 0.0813645 0.132135
0.0575317 0.730644 0.211724 9.9991E-05
0.126354 0.620407 0.107582 0.145658
0.158899 0.745786 0.0952148 9.9991E-05
0.140094 0.599089 0.0599698 0.200848
0.145003 0.667401 0.187496 9.9991E-05
0.282059 0.531552 0.186289 9.9991E-05
0.0844184 0.709434 0.184048 0.022099
0.22401 0.597366 0.0837869 0.0948366
0.529411 0.293085 0.0666522 0.110853
0.299228 0.511534 0.189138 9.9991E-05
9.9982E-05 0.742584 0.257216 9.9982E-05
0.223475 0.514506 0.124796 0.137223
0.483022 0.0464225 0.240824 0.229731
0.488905 0.429249 9.9991E-05 0.0817457
0.1516 0.553501 0.144224 0.150674
0.413917 0.391743 0.0120547 0.182284
0.472722 0.293732 0.132053 0.101493
0.292479 0.455927 0.237549 0.0140454
0.253245 0.480358 0.228381 0.0380163
0.30426 0.497812 0.106498 0.0914299
0.255149 0.634756 0.109995 9.9991E-05
0.148294 0.672182 0.145972 0.0335524
0.044449 0.696452 0.254748 0.00435175
0.399173 0.363445 0.0722465 0.165135
0.541894 0.21447 0.113667 0.12997
0.655362 0.0581332 0.286405 9.9991E-05
0.46181 0.324721 0.122606 0.0908636
0.345925 0.26454 0.10946 0.280075
0.4254 0.348733 0.225698 0.000169034
0.34548 0.42179 0.0705927 0.162136
0.359998 0.123787 0.516114 9.9991E-05
0.431211 0.0181018 0.550588 9.9991E-05
0.458781 0.247182 0.293937 9.9991E-05
0.336698 0.159867 0.503335 9.9991E-05
0.23152 0.16974 0.59864 9.9991E-05
0.508917 0.305462 0.180944 0.00467688
0.396809 0.335664 0.267427 9.9991E-05
0.376144 0.222967 0.365151 0.0357374
0.37071 0.163431 0.465759 9.9991E-05
0.395299 0.391037 0.126239 0.0874246
0.475411 0.151361 0.373129 9.9991E-05
0.323445 9.9982E-05 0.676355 9.9982E-05
0.316277 0.454858 0.0874607 0.141404
0.332669 0.376104 0.253658 0.0375693
0.265486 0.440864 0.287094 0.00655529
0.240298 0.622099 0.137422 0.000181254
0.311727 0.528573 0.0975039 0.0621955
0.34468 0.465507 0.189713 9.9991E-05
0.126634 0.457362 0.36197 0.0540332
0.230877 0.45937 0.242329 0.0674244
0.165953 0.52585 0.214533 0.0936635
0.255392 0.407009 0.292386 0.0452126
0.410002 0.215965 0.213573 0.16046
0.278587 0.439064 0.106011 0.176338
0.296159 0.462428 0.0634009 0.178012
0.409078 0.393023 0.0902063 0.107693
0.135005 0.55984 0.221105 0.0840501
0.240393 0.518009 0.201332 0.0402657
0.256891 0.272555 0.470454 9.9991E-05
0.208749 0.542491 0.0876464 0.161113
0.248887 0.393475 0.357538 9.9991E-05
0.0136278 0.00039885 0.82908 0.156893
0.0585147 0.0663984 0.0766191 0.798468
9.9982E-05 9.9982E-05 0.0343817 0.965418
9.998E-05 9.998E-05 9.998E-05 0.9997
9.998E-05 9.998E-05 9.998E-05 0.9997
9.9982E-05 0.0169396 9.9982E-05 0.98286
9.9982E-05 0.0215965 9.9982E-05 0.978204
9.9982E-05 9.9982E-05 0.0787146 0.921085
9.9982E-05 9.9982E-05 0.206554 0.793246
9.9991E-05 0.0380853 0.926535 0.0352802
9.9991E-05 0.0585406 0.815986 0.125374
9.9991E-05 0.0789114 0.901946 0.0190426
0.023641 9.9991E-05 0.874894 0.101365
9.9991E-05 0.0859053 0.909435 0.00455987
0.000202308 0.021948 0.921199 0.0566509
9.9991E-05 0.228903 0.759162 0.0118353
9.9982E-05 0.130517 0.869283 9.9982E-05
0.0491376 0.107749 0.763082 0.0800308
9.9982E-05 0.0641826 0.935617 9.9982E-05
9.9991E-05 0.00888821 0.964997 0.026015
9.9991E-05 0.0917951 0.877048 0.0310568
9.9982E-05 0.0485122 0.951288 9.9982E-05
9.9982E-05 0.0958127 0.903987 9.9982E-05
9.9991E-05 0.113939 0.876796 0.00916538
9.9982E-05 0.144703 0.855097 9.9982E-05
9.9982E-05 0.215872 0.783928 9.9982E-05
9.9982E-05 0.22213 0.77767 9.9982E-05
0.00640647 0.178976 0.814517 9.9991E-05
0.479881 0.231772 0.157769 0.130577
0.582482 0.323658 0.00471974 0.0891399
0.436019 0.369019 0.104945 0.0900163
0.778049 9.9982E-05 0.221751 9.9982E-05
0.42193 0.320383 0.0961595 0.161528
0.707924 9.9982E-05 0.291876 9.9982E-05
0.558789 0.358671 0.0824406 9.9991E-05
0.518005 0.179031 0.108366 0.194598
0.516853 0.267087 0.106968 0.109092
0.573973 0.296181 0.0215561 0.10829
0.49385 0.254943 0.11633 0.134877
0.453906 0.425337 0.0625165 0.0582405
0.474779 0.291185 0.0158424 0.218194
0.435812 0.0261552 0.0471278 0.490905
0.698086 9.9991E-05 0.214361 0.0874532
0.706661 0.0113424 0.25807 0.0239266
0.55343 0.406041 0.0404299 9.9991E-05
0.519559 0.291012 0.118697 0.0707324
0.56794 0.253941 0.156476 0.0216436
0.551379 0.322803 0.125718 9.9991E-05
0.263612 0.462473 0.201884 0.07203
0.245086 0.521438 0.142893 0.0905831
0.217455 0.209411 0.45679 0.116343
0.405715 0.327729 0.108757 0.157799
0.281531 0.416015 0.204583 0.0978711
0.273323 0.1043 0.596275 0.026102
0.356287 0.350978 0.292635 9.9991E-05
0.165613 0.35554 0.355416 0.123431
0.144441 0.381869 0.215385 0.258305
0.248155 0.503264 0.114295 0.134287
0.30945 0.461473 0.173514 0.0555626
0.358217 0.520645 0.0784606 0.0426772
0.404215 0.363772 0.189158 0.0428546
0.151492 0.3695 0.477693 0.00131542
