0.106275 0.888824 9.9991E-05 0.0048003
0.0347205 0.906101 0.0590788 9.9991E-05
0.178725 0.778649 9.9991E-05 0.0425261
0.0994698 0.789919 9.9991E-05 0.110512
0.149617 0.850183 9.9982E-05 9.9982E-05
0.156418 0.606099 0.11013 0.127353
0.0633479 0.783319 0.153233 9.9991E-05
0.0674822 0.730432 0.135086 0.0669996
9.9982E-05 0.889362 0.110438 9.9982E-05
0.167804 0.606164 0.19682 0.0292109
0.0269748 0.746362 0.121974 0.104689
0.0733433 0.130812 0.0422305 0.753614
0.257257 0.0851936 9.9991E-05 0.657449
0.125832 0.142033 0.0916707 0.640464
0.243551 0.122732 0.0642546 0.569462
0.237815 0.160578 0.0280528 0.573554
0.272256 0.0419572 0.131618 0.554169
0.153986 0.205789 9.9991E-05 0.640125
9.9991E-05 0.217354 0.102876 0.67967
0.190214 0.0768851 0.0995461 0.633355
0.171021 0.101463 0.231833 0.495683
0.194841 0.048131 0.0898456 0.667182
0.165707 0.0592378 0.137713 0.637342
0.327326 0.00132145 0.0390397 0.632313
0.118551 0.157385 9.9991E-05 0.723963
0.239203 0.136937 0.0102423 0.613618
0.0258168 0.151268 0.0643832 0.758532
0.190607 0.809193 9.9982E-05 9.9982E-05
0.187012 0.753282 9.9991E-05 0.0596057
0.199383 0.734545 9.9991E-05 0.0659716
0.187128 0.691318 0.0699698 0.0515842
0.199266 0.07968 0.0175338 0.703521
0.249751 9.9991E-05 0.0355331 0.714616
0.00137096 0.232326 0.0510595 0.715244
0.0983569 0.0273315 0.20592 0.668391
0.321408 9.9982E-05 9.9982E-05 0.678392
0.245769 0.101836 0.0431753 0.60922
0.325581 0.0406419 0.0812898 0.552488
9.9991E-05 0.0691237 0.144374 0.786403
0.303229 9.9991E-05 0.17555 0.521121
0.0663975 9.9991E-05 0.215226 0.718276
9.9982E-05 9.9982E-05 0.691754 0.308046
9.9991E-05 0.0909763 0.151605 0.757318
9.9991E-05 0.045227 0.522076 0.432597
9.9991E-05 0.180067 0.147127 0.672705
0.167707 0.0491596 0.0443513 0.738782
0.118702 0.147024 0.129565 0.604708
0.00251862 0.282876 0.23431 0.480296
0.195267 0.101565 0.0938543 0.609314
9.9991E-05 0.161123 0.150839 0.687938
0.156777 0.00120378 0.0738235 0.768196
0.375568 9.9991E-05 0.0520223 0.57231
0.113944 0.12233 0.123219 0.640507
0.20444 0.134482 0.0412237 0.619854
9.9991E-05 0.103556 0.18634 0.710004
0.157893 9.9991E-05 0.0585394 0.783468
9.9982E-05 9.9982E-05 0.166855 0.832945
9.9982E-05 9.9982E-05 0.423896 0.575904
9.9982E-05 9.9982E-05 0.393014 0.606786
0.0678255 9.9991E-05 0.176751 0.755323
0.168034 9.9991E-05 0.0582075 0.773658
0.202994 9.9991E-05 0.113216 0.68369
0.0445613 0.0473202 0.139511 0.768607
0.00702455 0.107149 0.0681866 0.81764
0.0832416 0.019683 0.122161 0.774915
0.192176 0.050863 0.108737 0.648224
0.0841449 9.9991E-05 0.196277 0.719478
9.9982E-05 9.9982E-05 0.555606 0.444194
0.128941 0.804547 9.9991E-05 0.0664112
0.0868892 0.907112 9.9991E-05 0.00589923
0.168945 0.830855 9.9982E-05 9.9982E-05
0.112631 0.88717 9.9982E-05 9.9982E-05
0.160314 0.829353 0.0102329 9.9991E-05
0.135289 0.864511 9.9982E-05 9.9982E-05
0.0841199 0.91568 9.9982E-05 9.9982E-05
9.9991E-05 0.00590824 0.256733 0.737259
0.140242 0.0198833 0.0333713 0.806504
0.283659 9.9991E-05 0.00848309 0.707758
0.248211 9.9991E-05 0.170883 0.580806
0.294607 9.9991E-05 0.0722271 0.633066
9.9991E-05 0.0734993 0.205607 0.720794
0.12205 9.9991E-05 0.300509 0.577341
0.227204 9.9991E-05 0.158678 0.614019
0.110585 0.0531048 0.0664089 0.769901
0.182862 9.9991E-05 0.171538 0.6455
0.13969 0.0535224 0.00491073 0.801876
0.0767915 0.0905244 0.221687 0.610997
0.247007 0.162438 9.9991E-05 0.590455
0.17284 0.111683 0.0300071 0.68547
0.237008 0.0554676 0.0347427 0.672781
0.13549 0.0641427 0.0385899 0.761778
0.234835 0.0812743 0.055219 0.628671
0.138524 0.0895183 9.9991E-05 0.771858
0.327039 9.9991E-05 0.0943066 0.578555
0.259153 0.0526521 0.0726384 0.615556
0.12547 0.107725 0.202875 0.563931
0.296577 9.9982E-05 9.9982E-05 0.703223
0.348447 9.9982E-05 9.9982E-05 0.651353
0.0576488 0.164837 0.0583578 0.719157
0.0315437 0.108467 0.359327 0.500662
0.0570748 9.9991E-05 0.384858 0.557967
0.0387018 0.141306 9.9991E-05 0.819892
0.137463 0.0495469 0.0341535 0.778836
0.0191424 0.0964564 0.0563325 0.828069
0.0368267 0.128678 9.9991E-05 0.834395
0.264718 0.0674895 0.0321758 0.635616
0.0627685 0.0445423 0.263027 0.629662
0.233312 0.0417247 0.216573 0.50839
9.9991E-05 0.167041 0.570649 0.26221
0.138164 0.107057 0.279037 0.475742
0.305919 0.103218 0.109054 0.481808
0.0755244 0.128035 0.426771 0.36967
9.9991E-05 0.0667655 0.494643 0.438491
0.142343 0.0379614 0.242707 0.576988
0.147501 0.0511787 0.525542 0.275779
0.0851099 9.9991E-05 0.269193 0.645597
0.137082 9.9991E-05 0.213172 0.649646
0.363529 0.299664 0.309254 0.0275537
0.106539 0.504501 0.38886 9.9991E-05
0.0864724 0.414831 0.498596 9.9991E-05
0.390513 0.358316 0.251071 9.9991E-05
0.296875 9.9991E-05 0.20112 0.501905
0.834219 9.9982E-05 9.9982E-05 0.165581
0.0773986 9.9991E-05 0.536111 0.386391
0.0529337 9.9991E-05 0.669227 0.277739
0.249928 9.9991E-05 0.20778 0.542192
0.197413 0.00247949 0.339169 0.460938
0.297994 9.9991E-05 0.273014 0.428892
0.0762106 9.9991E-05 0.582018 0.341672
0.981612 0.00325985 0.0150277 9.9991E-05
0.956318 9.9982E-05 0.0434824 9.9982E-05
0.83165 9.9982E-05 9.9982E-05 0.16815
0.857446 0.0528697 0.00846578 0.0812185
0.994601 0.0051991 9.9982E-05 9.9982E-05
0.954666 0.0229905 0.0222437 9.9991E-05
0.957609 9.9982E-05 9.9982E-05 0.0421914
0.9997 9.998E-05 9.998E-05 9.998E-05
0.9997 9.998E-05 9.998E-05 9.998E-05
0.9997 9.998E-05 9.998E-05 9.998E-05
0.826841 0.024841 0.00893658 0.139381
0.822317 0.077026 0.0356126 0.0650444
0.980692 0.0191084 9.9982E-05 9.9982E-05
0.841375 0.0696197 9.9991E-05 0.0889054
0.902686 0.0354797 9.9991E-05 0.061734
0.978221 0.0215789 9.9982E-05 9.9982E-05
0.944996 0.0535134 0.0013908 9.9991E-05
0.9997 9.998E-05 9.998E-05 9.998E-05
0.705404 0.105259 0.00559754 0.183739
0.906242 0.093558 9.9982E-05 9.9982E-05
0.074108 0.265631 0.660161 9.9991E-05
0.262482 0.133305 0.226757 0.377456
0.292427 0.144012 0.240453 0.323108
0.225399 0.154998 0.538741 0.0808625
0.208731 0.197417 0.450697 0.143155
0.279738 0.157418 0.354253 0.208591
0.405637 0.12546 0.231441 0.237462
0.386743 0.107278 0.409871 0.0961085
0.0690085 0.824094 0.0655189 0.0413781
0.0862478 0.913552 9.9982E-05 9.9982E-05
0.0120906 0.927544 0.0602651 9.9991E-05
0.0478628 0.941307 0.0107303 9.9991E-05
0.129182 0.863765 9.9991E-05 0.0069526
0.144927 0.82969 0.0252831 9.9991E-05
0.156851 0.842949 9.9982E-05 9.9982E-05
0.0612814 0.853202 0.0854168 9.9991E-05
0.098863 0.883768 0.00874226 0.00862694
0.174415 0.785592 0.0398939 9.9991E-05
9.9991E-05 0.704303 0.0380689 0.257528
9.9982E-05 0.722145 9.9982E-05 0.277655
9.9991E-05 0.588783 0.185352 0.225765
9.9991E-05 0.576767 0.0426608 0.380472
0.208142 0.0180744 0.0330184 0.740765
0.200835 0.0288859 9.9991E-05 0.770179
0.126637 0.0715442 0.043371 0.758448
9.9991E-05 0.139283 0.0430157 0.817602
0.357458 9.9982E-05 9.9982E-05 0.642342
0.260858 9.9982E-05 9.9982E-05 0.738942
0.190724 9.9991E-05 0.053585 0.755591
0.128575 9.9991E-05 0.223234 0.648091
0.134524 9.9991E-05 0.130322 0.735054
9.9982E-05 9.9982E-05 0.554105 0.445695
0.0270738 9.9991E-05 0.429364 0.543463
0.210769 9.9991E-05 0.0617716 0.727359
9.9991E-05 0.0831957 0.126966 0.789739
9.9991E-05 0.304373 0.106915 0.588611
9.9991E-05 0.32016 0.0328602 0.64688
9.9991E-05 0.2639 0.0308157 0.705185
9.9982E-05 0.331544 9.9982E-05 0.668256
9.9982E-05 0.25236 9.9982E-05 0.74744
0.000694658 0.292578 9.9991E-05 0.706628
0.150712 0.829875 9.9991E-05 0.0193129
0.139863 0.802331 0.0112844 0.0465214
0.234082 0.738574 9.9991E-05 0.0272434
0.196341 0.733821 9.9991E-05 0.0697378
0.169578 0.771858 9.9991E-05 0.0584636
9.9991E-05 0.566429 0.0607879 0.372683
9.9991E-05 0.584955 0.107206 0.307739
9.9991E-05 0.594744 0.0421508 0.363005
0.175909 0.795909 9.9991E-05 0.0280817
9.9991E-05 0.506915 0.124246 0.368738
0.501928 0.136008 0.22493 0.137134
0.540661 0.167621 9.9991E-05 0.291619
0.41514 0.207988 0.141148 0.235724
0.334844 0.380188 0.284868 9.9991E-05
0.148866 0.0434914 0.0185364 0.789106
0.145552 0.0228688 0.213485 0.618094
0.0365394 0.230722 9.9991E-05 0.732639
0.190944 9.9991E-05 0.113459 0.695496
9.9982E-05 9.9982E-05 0.701468 0.298332
0.19728 0.046726 0.145686 0.610308
0.035615 0.165044 0.0406949 0.758646
9.9982E-05 9.9982E-05 0.473114 0.526686
0.245714 0.0210456 0.18444 0.548801
0.237608 0.00761832 0.0198179 0.734956
0.330528 0.149392 0.0169169 0.503163
0.156114 9.9991E-05 0.233339 0.610447
0.177919 0.0160487 0.137834 0.668198
0.289006 0.069251 0.0469325 0.594811
0.199816 0.0390345 0.0821714 0.678978
0.304887 0.054231 0.0144068 0.626475
0.202841 0.746682 9.9991E-05 0.0503763
0.172514 0.798334 0.0290522 9.9991E-05
0.113095 0.762029 0.0689763 0.0558998
0.109864 0.805198 9.9991E-05 0.0848383
0.154999 0.769604 9.9991E-05 0.0752968
0.0122226 0.181837 0.0894277 0.716513
0.358889 9.9982E-05 9.9982E-05 0.640911
0.138611 0.129385 9.9991E-05 0.731903
0.145749 0.0561229 0.298392 0.499737
9.9991E-05 0.25755 0.0998506 0.642499
0.22979 0.0620255 9.9991E-05 0.708084
9.9991E-05 0.241707 0.0534114 0.704781
0.156493 0.0310746 0.291576 0.520856
9.9991E-05 0.269749 0.0775842 0.652567
0.00118671 0.200457 0.0747269 0.72363
0.156766 0.0480535 0.181391 0.61379
0.0953451 0.0165819 0.461725 0.426348
0.213406 0.0575719 0.223435 0.505588
0.104845 9.9991E-05 0.519722 0.375333
0.244988 9.9991E-05 0.266235 0.488677
9.9982E-05 9.9982E-05 0.686615 0.313185
0.0406287 9.9991E-05 0.609431 0.34984
0.211325 9.9991E-05 0.352978 0.435596
9.9991E-05 0.00460842 0.610337 0.384955
0.161669 9.9991E-05 0.284557 0.553673
9.9991E-05 0.160289 0.100946 0.738665
0.0563361 9.9991E-05 0.339255 0.604309
0.161505 0.107394 0.0283035 0.702797
0.264259 0.0610977 9.9991E-05 0.674544
0.0671383 0.0772481 0.0630131 0.7926
0.299384 0.0549737 0.0219919 0.623651
0.133465 0.134737 9.9991E-05 0.731698
0.125154 0.0685896 0.00766269 0.798593
0.174987 0.0689342 0.0683761 0.687703
0.235775 9.9991E-05 0.0591407 0.704984
0.179634 0.0508187 0.228674 0.540873
0.252862 0.00156782 0.0926944 0.652876
0.157784 0.198931 0.0157384 0.627546
0.294962 0.0723225 0.0478237 0.584892
0.363134 0.266043 0.0943331 0.27649
0.455502 0.162322 0.0120898 0.370086
0.375248 0.022027 0.125586 0.477139
0.429279 0.156763 0.0740436 0.339914
0.25858 9.9991E-05 0.111595 0.629725
0.175535 0.177351 0.583186 0.0639285
0.400143 0.0304191 0.0764311 0.493007
0.399588 0.128545 0.0539753 0.417891
0.23907 0.178759 0.30644 0.275731
0.40837 0.0955285 0.0497843 0.446317
0.146529 0.454624 0.398747 9.9991E-05
0.450583 0.141068 0.043049 0.365301
0.369194 0.162329 0.00677507 0.461702
0.229408 9.9991E-05 0.2016 0.568892
9.9982E-05 9.9982E-05 0.575451 0.42435
9.9982E-05 9.9982E-05 0.605072 0.394728
0.560662 0.0615626 0.110211 0.267564
0.538096 0.0159259 0.257195 0.188783
0.406636 0.178221 0.415043 9.9991E-05
0.449978 0.148147 0.169732 0.232142
0.173512 0.0287492 0.688232 0.109507
0.175147 0.0641083 0.531802 0.228943
0.415994 9.9991E-05 0.0853078 0.498598
0.320161 9.9991E-05 0.212531 0.467208
0.21025 9.9991E-05 0.465646 0.324005
0.350363 0.0217775 0.13445 0.49341
0.305071 9.9991E-05 0.238539 0.45629
0.0792825 9.9991E-05 0.27555 0.645068
0.204384 0.00209438 0.26574 0.527781
0.237203 0.00261841 0.311506 0.448673
0.205692 9.9991E-05 0.308015 0.486193
0.0558638 9.9991E-05 0.399069 0.544967
0.261049 9.9991E-05 0.158901 0.57995
0.0688357 9.9991E-05 0.402763 0.528301
0.195579 9.9991E-05 0.28534 0.518981
0.38831 0.156585 0.192257 0.262848
0.348489 0.224307 0.15092 0.276284
0.164904 0.146216 0.616783 0.0720968
0.501499 0.0255304 9.9991E-05 0.472871
0.127152 0.337069 0.535679 9.9991E-05
0.482459 9.9991E-05 0.0861152 0.431326
9.9982E-05 9.9982E-05 0.595467 0.404333
9.9982E-05 9.9982E-05 0.673944 0.325856
0.142621 9.9991E-05 0.191182 0.666097
0.309508 9.9991E-05 0.0683135 0.622078
0.0868246 9.9991E-05 0.344654 0.568421
0.220463 9.9991E-05 0.178431 0.601007
0.232309 9.9991E-05 0.219118 0.548472
0.170733 0.728811 0.0291219 0.0713344
0.167184 0.769807 0.0596772 0.0033324
0.114443 0.885357 9.9982E-05 9.9982E-05
0.097818 0.901982 9.9982E-05 9.9982E-05
0.217409 0.0191379 0.156792 0.606661
0.153785 0.0380926 0.0192461 0.788876
0.0862605 0.000780363 0.215594 0.697365
0.278429 9.9991E-05 0.0724349 0.649036
0.0553948 9.9991E-05 0.368066 0.57644
0.357936 0.277252 9.9991E-05 0.364712
0.221733 9.9991E-05 0.192078 0.586088
0.122782 0.00977481 0.0556755 0.811768
0.190568 9.9991E-05 0.032976 0.776356
0.132475 0.0196679 0.0682017 0.779655
0.227006 9.9991E-05 0.0790348 0.69386
9.9982E-05 9.9982E-05 0.427744 0.572056
0.0641103 9.9991E-05 0.311602 0.624188
0.106234 9.9991E-05 0.27756 0.616106
9.9982E-05 9.9982E-05 0.616448 0.383352
0.149345 0.0472582 0.0780263 0.725371
9.9982E-05 9.9982E-05 0.544981 0.454819
9.9982E-05 9.9982E-05 0.658774 0.341026
0.311299 9.9991E-05 0.113451 0.57515
0.0359642 0.0579162 0.164272 0.741848
0.211088 0.0136878 0.0781735 0.69705
0.195477 0.0182566 9.9991E-05 0.786167
0.179769 9.9991E-05 0.16843 0.651701
0.228228 0.0110209 0.0777834 0.682968
0.239919 0.0249757 0.0695101 0.665595
0.0899653 9.9991E-05 0.21606 0.693875
9.9991E-05 0.755297 0.0135581 0.231045
0.0391192 0.776482 9.9991E-05 0.184299
9.9991E-05 0.866507 0.058132 0.0752605
0.00677022 0.834206 0.120044 0.03898
9.9991E-05 0.770155 0.0386255 0.19112
9.9991E-05 0.0844036 0.148441 0.767055
9.9991E-05 0.105436 0.149125 0.745339
0.0517543 9.9991E-05 0.330596 0.61755
0.120592 9.9991E-05 0.265324 0.613984
0.314236 9.9982E-05 9.9982E-05 0.685564
0.224556 9.9991E-05 0.200281 0.575063
0.240078 9.9991E-05 0.107372 0.65245
0.0978466 0.00153744 0.158738 0.741878
0.0822287 9.9991E-05 0.0843191 0.833352
0.0852243 9.9991E-05 0.0389872 0.875689
0.233151 0.123032 0.0850956 0.558721
0.127331 0.0167199 0.0760545 0.779894
0.182933 9.9991E-05 0.126714 0.690252
0.652135 0.100421 0.000727263 0.246717
0.552461 0.181307 0.0525945 0.213637
0.22651 9.9991E-05 0.195911 0.577479
0.67374 0.27773 0.0484297 9.9991E-05
0.675436 0.133209 0.0497056 0.14165
0.394083 0.0762583 0.253153 0.276505
0.289736 0.0899542 0.0761575 0.544153
0.194355 0.0682117 0.257346 0.480087
0.615476 0.179145 0.00345018 0.201928
0.72443 0.0587779 0.0709374 0.145855
0.65689 0.105574 9.9991E-05 0.237436
0.725542 0.0716364 0.138027 0.064795
0.249143 9.9991E-05 0.299199 0.451558
0.688249 0.192329 0.0856256 0.0337965
0.0363542 0.211088 0.267317 0.485241
0.373656 9.9991E-05 0.182824 0.44342
0.293494 0.136788 0.0398915 0.529827
0.217135 0.156393 0.122271 0.5042
0.367032 0.162506 0.157349 0.313113
0.458999 0.204891 0.124397 0.211713
0.72926 0.200458 0.0701828 9.9991E-05
0.181157 0.0803552 0.126731 0.611756
0.14863 0.0783021 0.634015 0.139053
0.191971 0.155362 0.146867 0.5058
0.424337 0.111013 0.166688 0.297962
0.159963 0.292721 0.547216 9.9991E-05
0.0915163 0.219651 0.688733 9.9991E-05
0.204918 0.169128 0.332427 0.293526
0.207843 0.299762 0.492295 9.9991E-05
0.210013 0.340133 0.449754 9.9991E-05
0.291268 0.138756 0.337234 0.232742
0.351204 0.177749 0.24584 0.225207
0.29957 0.225843 0.339893 0.134694
0.204229 0.2613 0.534371 9.9991E-05
0.290305 0.085876 0.18694 0.436879
0.227178 0.180805 0.492127 0.09989
0.0490471 0.383098 0.567755 9.9991E-05
0.362845 0.137692 0.220668 0.278795
0.332752 0.328659 9.9991E-05 0.338489
0.557162 0.0887054 9.9991E-05 0.354032
0.451558 0.156702 0.0607059 0.331035
0.396885 0.292883 0.0278922 0.282339
0.443787 0.159496 0.102281 0.294436
0.487893 0.18242 9.9991E-05 0.329587
0.41552 0.218901 0.0558132 0.309766
0.21959 0.213542 0.116647 0.450221
0.418445 0.31855 0.0330674 0.229938
0.34358 0.308673 0.328284 0.0194631
0.485188 0.285727 0.175059 0.0540254
9.9991E-05 0.836729 0.0339031 0.129268
9.9982E-05 0.287286 9.9982E-05 0.712515
9.9982E-05 0.27943 9.9982E-05 0.72037
9.9982E-05 0.252692 9.9982E-05 0.747108
9.9991E-05 0.248592 0.00298798 0.74832
9.9982E-05 0.254283 9.9982E-05 0.745517
9.9982E-05 0.195017 9.9982E-05 0.804784
9.9982E-05 0.284344 9.9982E-05 0.715456
9.9982E-05 0.403606 9.9982E-05 0.596194
0.111305 0.850024 0.0385712 9.9991E-05
0.0604652 0.810848 9.9991E-05 0.128587
0.136266 0.863534 9.9982E-05 9.9982E-05
0.0517272 0.832278 0.0661461 0.0498485
0.0916356 0.908164 9.9982E-05 9.9982E-05
0.0629722 0.878573 0.015639 0.0428162
0.23078 0.710357 0.0218902 0.0369732
0.13822 0.84028 9.9991E-05 0.0214003
0.0994702 0.704181 0.0945429 0.101806
0.0888279 0.860522 0.0505497 9.9991E-05
0.00781767 0.986708 9.9991E-05 0.00537409
0.140119 0.818034 9.9991E-05 0.0417465
0.0726234 0.927177 9.9982E-05 9.9982E-05
0.110571 0.860079 0.0292501 9.9991E-05
0.162916 0.836884 9.9982E-05 9.9982E-05
0.204958 0.794842 9.9982E-05 9.9982E-05
0.272066 0.727734 9.9982E-05 9.9982E-05
0.230274 0.769526 9.9982E-05 9.9982E-05
0.2227 0.7771 9.9982E-05 9.9982E-05
0.15864 0.0508135 0.330237 0.460309
0.269237 9.9991E-05 0.144912 0.58575
0.0802981 9.9991E-05 0.677277 0.242325
0.257767 0.135352 0.0637553 0.543126
0.0605409 0.0806808 0.724231 0.134547
0.365542 0.0303441 0.127681 0.476433
0.16021 0.0603244 0.138003 0.641463
0.174354 0.107164 0.13133 0.587152
0.22904 9.9991E-05 0.130927 0.639933
0.225682 0.0676593 0.205706 0.500953
0.26412 0.0897327 0.051874 0.594274
0.0460495 0.0445971 0.345511 0.563843
9.9982E-05 9.9982E-05 0.78159 0.21821
0.0482272 0.0409274 0.693665 0.217181
0.272067 0.0723746 0.196908 0.458651
0.21334 0.105934 0.19727 0.483457
0.44921 0.186864 0.00593423 0.357992
0.452784 0.115235 9.9991E-05 0.431881
0.20412 0.491889 0.0803965 0.223594
0.346002 0.216322 9.9991E-05 0.437576
0.171143 0.358595 0.470162 9.9991E-05
0.415403 0.217109 0.218581 0.148907
0.281346 0.345884 0.0560192 0.316751
0.262604 0.302945 0.036937 0.397514
0.385549 0.150569 0.0128865 0.450995
0.387175 0.123269 0.135467 0.354089
0.332721 0.422333 0.0347188 0.210228
