0.0349062 0.0628594 9.9991E-05 0.902134
9.9982E-05 9.9982E-05 0.0262471 0.973553
0.123603 0.0582973 0.00545398 0.812646
0.115368 0.120213 9.9991E-05 0.76432
0.0696595 0.0239897 9.9991E-05 0.906251
0.0960943 0.100086 0.105449 0.698371
0.0794792 0.0671008 0.028566 0.824854
0.051835 0.0718864 0.132335 0.743943
9.9982E-05 0.122477 9.9982E-05 0.877323
0.112302 0.0854517 0.0907075 0.711539
9.9991E-05 0.0912135 0.120827 0.787859
0.166854 0.593451 0.239595 9.9991E-05
0.296656 0.411829 0.284746 0.00676891
0.190719 0.57065 0.209543 0.0290893
0.317672 0.517079 0.15586 0.00938891
0.306291 0.361674 0.25948 0.0725556
0.2642 0.278234 0.457466 9.9991E-05
0.246971 0.448095 0.216186 0.0887478
0.0426693 0.671583 0.193663 0.0920852
0.271559 0.373602 0.35474 9.9991E-05
0.302218 0.225104 0.427321 0.0453568
0.292805 0.234038 0.455308 0.0178479
0.212153 0.485511 0.302235 9.9991E-05
0.355454 0.313748 0.330699 9.9991E-05
0.18643 0.605083 0.185998 0.0224889
0.298263 0.566511 0.135125 9.9991E-05
0.164192 0.592726 0.242982 9.9991E-05
0.165342 0.0234916 9.9991E-05 0.811067
0.18281 9.9982E-05 9.9982E-05 0.81699
0.150901 0.012997 0.0331264 0.802976
0.125825 9.9991E-05 0.118725 0.75535
0.2947 0.174318 0.530882 9.9991E-05
0.302267 9.9991E-05 0.644753 0.0528799
0.0815919 0.707099 0.142417 0.0688922
0.126454 0.0737525 0.763174 0.0366191
0.379335 9.9991E-05 0.580931 0.0396339
0.25362 0.216306 0.467411 0.0626632
0.317849 0.139649 0.490219 0.0522829
0.0269118 0.24551 0.666628 0.0609499
0.33661 0.0583176 0.538186 0.0668871
0.130834 9.9982E-05 0.868966 9.9982E-05
9.9982E-05 9.9982E-05 0.808876 0.190924
0.0139606 0.561526 0.424413 9.9991E-05
9.9991E-05 0.182342 0.671056 0.146502
0.0602288 0.4319 0.421643 0.0862286
0.304797 0.284731 0.410372 9.9991E-05
0.132518 0.240152 0.482129 0.145202
0.0431798 0.34908 0.338346 0.269394
0.271378 0.440484 0.264242 0.0238962
9.9991E-05 0.68272 0.27079 0.0463902
0.233405 0.385124 0.38137 9.9991E-05
0.403097 0.0773468 0.519218 0.00033827
0.160171 0.304688 0.491903 0.0432381
0.280718 0.348463 0.351643 0.0191759
0.0742887 0.474641 0.391187 0.0598835
0.228984 0.0530148 0.717901 9.9991E-05
0.0562469 0.195541 0.736371 0.0118418
9.9991E-05 0.000748954 0.943153 0.055998
9.9982E-05 0.069108 0.930692 9.9982E-05
0.0784086 0.0427683 0.878723 9.9991E-05
0.134843 0.140975 0.724082 9.9991E-05
0.209075 0.115652 0.640965 0.0343078
0.0640402 0.286353 0.594631 0.0549757
0.0458252 0.399682 0.51692 0.0375722
0.16112 0.0712975 0.72822 0.039363
0.161248 0.130962 0.662232 0.0455579
0.133158 9.9991E-05 0.839441 0.0273013
9.9991E-05 0.064903 0.863495 0.0715016
0.102356 0.114785 9.9991E-05 0.78276
0.047211 9.9982E-05 9.9982E-05 0.952589
0.0941754 9.9982E-05 9.9982E-05 0.905625
0.0527789 9.9982E-05 9.9982E-05 0.947021
0.125674 9.9982E-05 9.9982E-05 0.874126
0.0691657 9.9982E-05 9.9982E-05 0.930634
0.0585331 9.9982E-05 9.9982E-05 0.941267
9.9991E-05 0.280291 0.70519 0.0144194
0.186321 0.237567 0.576012 9.9991E-05
0.295886 0.130253 0.571009 0.00285239
0.220373 0.0490023 0.711316 0.0193083
0.286905 9.9991E-05 0.643342 0.0696532
9.9991E-05 0.27896 0.649278 0.0716619
0.0682095 9.9991E-05 0.884865 0.0468252
0.170966 9.9991E-05 0.76465 0.0642842
0.183086 0.216193 0.571004 0.029717
0.172728 0.0410184 0.786153 9.9991E-05
0.165199 0.13423 0.642234 0.0583369
0.0872071 0.3599 0.477616 0.075276
0.25273 0.446358 0.203901 0.0970112
0.194713 0.429871 0.342495 0.0329206
0.30302 0.385223 0.311657 9.9991E-05
0.256544 0.476509 0.266848 9.9991E-05
0.256312 0.274612 0.458231 0.0108451
0.210258 0.42355 0.366093 9.9991E-05
0.340216 0.340351 0.319333 9.9991E-05
0.299511 0.248605 0.451784 9.9991E-05
0.13453 0.283603 0.428791 0.153076
0.412118 0.256428 0.331355 9.9991E-05
0.342679 0.199216 0.443507 0.0145973
0.143773 0.465554 0.349915 0.040757
0.0913846 0.326612 0.533275 0.0487284
0.0297425 0.432056 0.538101 9.9991E-05
0.118122 0.505654 0.376124 9.9991E-05
0.179308 0.462602 0.35799 9.9991E-05
0.0970648 0.59991 0.302925 9.9991E-05
0.169726 0.524345 0.268328 0.0376014
0.333427 0.166436 0.500038 9.9991E-05
0.106487 0.408047 0.423288 0.0621784
0.273747 0.0486723 0.522386 0.155195
9.9991E-05 0.128139 0.578687 0.293074
0.157708 0.0351305 0.673736 0.133425
0.328377 0.191769 0.45263 0.027224
0.0518702 0.0770898 0.66657 0.20447
9.9991E-05 0.123661 0.678665 0.197574
0.211715 0.162295 0.600538 0.0254518
0.0793807 0.130419 0.568409 0.221791
0.103077 0.174987 0.698478 0.0234581
0.186867 0.104133 0.708899 9.9991E-05
0.361592 0.0991581 0.169308 0.369942
0.113937 9.9991E-05 0.093534 0.792429
0.101857 9.9991E-05 0.218404 0.679639
0.320094 9.9991E-05 0.163061 0.516744
0.289336 0.0572374 0.653326 9.9991E-05
0.861336 0.126684 0.0118798 9.9991E-05
0.0683949 9.9991E-05 0.838438 0.0930674
0.0448494 9.9991E-05 0.850949 0.104101
0.240882 0.0759849 0.683033 9.9991E-05
0.185745 0.0906805 0.68945 0.0341253
0.276664 0.0493549 0.635475 0.0385065
9.9991E-05 0.0468862 0.850168 0.102846
0.967523 9.9982E-05 9.9982E-05 0.0322766
0.967562 9.9982E-05 9.9982E-05 0.0322381
0.89928 9.9991E-05 0.0931305 0.00748939
0.835238 9.9991E-05 0.0908399 0.0738223
0.994118 9.9982E-05 9.9982E-05 0.00568166
0.94526 9.9982E-05 9.9982E-05 0.05454
0.977508 0.0222925 9.9982E-05 9.9982E-05
0.9997 9.998E-05 9.998E-05 9.998E-05
0.9997 9.998E-05 9.998E-05 9.998E-05
0.9997 9.998E-05 9.998E-05 9.998E-05
0.873848 0.0883217 0.00777973 0.0300507
0.80432 0.0833738 0.0131831 0.0991231
0.984849 9.9982E-05 9.9982E-05 0.0149507
0.855713 0.00529971 0.0660061 0.0729814
0.934185 0.0194195 9.9991E-05 0.0462953
0.969054 9.9982E-05 9.9982E-05 0.0307462
0.902322 9.9982E-05 9.9982E-05 0.0974785
0.992267 9.9982E-05 9.9982E-05 0.00753313
0.683301 9.9991E-05 0.163208 0.153391
0.913967 0.0293333 9.9991E-05 0.0565994
9.9982E-05 9.9982E-05 0.492812 0.506988
0.239297 0.128182 0.466332 0.16619
0.28334 0.0669661 0.390611 0.259083
0.147336 0.0387545 0.474528 0.339382
0.15721 9.9991E-05 0.476569 0.366121
0.325005 9.9991E-05 0.458557 0.216338
0.364483 0.00450834 0.474621 0.156388
0.348738 9.9991E-05 0.399151 0.252011
0.00897479 0.141984 0.0171193 0.831922
0.0639245 9.9982E-05 9.9982E-05 0.935876
9.9982E-05 0.0557191 9.9982E-05 0.944081
0.0201778 0.0625363 9.9991E-05 0.917186
0.0362386 0.0641388 9.9991E-05 0.899523
0.119625 9.9982E-05 9.9982E-05 0.880175
0.111178 0.0188397 9.9991E-05 0.869882
0.0479094 9.9991E-05 0.019666 0.932325
0.0737272 0.0632153 9.9991E-05 0.862957
0.0932965 9.9982E-05 9.9982E-05 0.906504
9.9982E-05 0.351248 9.9982E-05 0.648552
9.9982E-05 0.396785 9.9982E-05 0.603015
9.9991E-05 0.394298 0.0566307 0.548971
9.9991E-05 0.414775 0.101874 0.483251
0.279019 0.188216 0.528366 0.00439991
0.271917 0.326195 0.401788 9.9991E-05
0.141866 0.327976 0.471007 0.059152
0.0867458 0.688537 0.224617 9.9991E-05
0.323159 0.132657 0.544084 9.9991E-05
0.284924 0.106107 0.608869 9.9991E-05
0.198852 0.129473 0.671574 9.9991E-05
0.176759 0.0132677 0.809874 9.9991E-05
0.184627 0.269705 0.532494 0.0131738
9.9991E-05 0.121768 0.861567 0.0165652
0.0734029 0.0115417 0.86754 0.0475155
0.256988 0.0239167 0.718995 9.9991E-05
0.00640132 0.337177 0.601179 0.0552426
9.9982E-05 0.856711 9.9982E-05 0.143089
9.9991E-05 0.810112 0.0774018 0.112386
9.998E-05 0.9997 9.998E-05 9.998E-05
9.9982E-05 0.894714 9.9982E-05 0.105086
0.0249848 0.96139 9.9991E-05 0.013525
0.0623528 0.915804 9.9991E-05 0.0217434
0.0870243 0.0107556 0.0114753 0.890745
0.0761095 0.119011 9.9991E-05 0.80478
0.180298 0.0044301 0.0314992 0.783772
0.190975 0.0634334 9.9991E-05 0.745492
0.161674 0.0398245 9.9991E-05 0.798402
9.9982E-05 0.544556 9.9982E-05 0.455244
9.9991E-05 0.401264 0.113309 0.485327
9.9982E-05 0.539504 9.9982E-05 0.460296
0.164373 0.0689852 9.9991E-05 0.766542
9.9991E-05 0.57444 0.0416151 0.383845
0.538347 0.00590883 0.22261 0.233134
0.571097 9.9991E-05 0.254389 0.174414
0.407432 0.104764 0.218831 0.268974
0.338174 9.9991E-05 0.122812 0.538913
0.204528 0.387886 0.407485 9.9991E-05
0.18956 0.298424 0.500665 0.0113504
0.114125 0.671591 0.166526 0.0477577
0.21833 0.216178 0.565392 9.9991E-05
9.9991E-05 0.285675 0.688173 0.0260514
0.323028 0.28211 0.37783 0.0170324
0.118138 0.530043 0.348531 0.00328828
9.9991E-05 0.355859 0.586264 0.0577774
0.264119 0.253488 0.449034 0.0333586
0.248663 0.3556 0.395637 9.9991E-05
0.389121 0.127508 0.369773 0.113598
0.174584 0.346874 0.478442 9.9991E-05
0.218754 0.305897 0.475249 9.9991E-05
0.316604 0.232086 0.45121 9.9991E-05
0.230894 0.251246 0.51776 9.9991E-05
0.315426 0.217917 0.45498 0.0116764
0.16755 9.9991E-05 0.0394419 0.792908
0.129721 9.9991E-05 0.0205618 0.849617
0.0530313 0.0227508 0.105214 0.819004
0.0414126 0.0318778 0.0979927 0.828717
0.100507 9.9991E-05 0.0553684 0.844024
0.108554 0.63783 0.24851 0.00510551
0.384028 0.176673 0.439198 9.9991E-05
0.277295 0.414533 0.303541 0.00463136
0.199181 0.410704 0.390016 9.9991E-05
9.9991E-05 0.718033 0.133659 0.148208
0.273562 0.455429 0.270909 9.9991E-05
0.144734 0.5598 0.215934 0.0795323
0.193686 0.231108 0.519089 0.0561174
0.0556 0.630521 0.215876 0.0980029
0.0746262 0.626054 0.25443 0.04489
0.178869 0.385193 0.421009 0.0149297
0.0484517 0.10382 0.714547 0.133182
0.273971 0.052825 0.58934 0.0838632
0.00829552 0.0348277 0.832056 0.124821
0.211259 0.0575025 0.633875 0.0973635
9.9991E-05 0.138678 0.803064 0.0581578
9.9991E-05 0.00678872 0.8266 0.166512
0.18078 0.166078 0.5967 0.0564419
9.9991E-05 0.0449587 0.821022 0.133919
0.186482 0.16278 0.650637 9.9991E-05
0.0808072 0.727837 0.191256 9.9991E-05
0.120142 0.437598 0.442159 9.9991E-05
0.239968 0.511191 0.236799 0.0120424
0.376747 0.273658 0.349495 9.9991E-05
0.0695491 0.529078 0.401273 9.9991E-05
0.271987 0.344455 0.338219 0.0453388
0.237754 0.2383 0.514782 0.00916314
0.159392 0.590867 0.249641 9.9991E-05
0.250134 0.48892 0.260845 9.9991E-05
0.32324 0.327377 0.349282 9.9991E-05
0.188274 0.204209 0.493581 0.113936
0.33684 0.250181 0.412879 9.9991E-05
0.244318 0.536837 0.200527 0.018318
0.299308 0.403665 0.284193 0.0128342
0.355287 0.0992465 0.24374 0.301727
0.446606 0.00371003 0.425065 0.124619
0.414063 0.217638 0.351131 0.0171676
0.429708 0.0185634 0.390021 0.161707
0.25033 0.258662 0.490908 9.9991E-05
0.12792 9.9991E-05 0.536919 0.335062
0.421752 0.120521 0.363282 0.0944449
0.495061 0.117072 0.367216 0.0206512
0.293254 0.142074 0.364877 0.199795
0.489898 0.164056 0.233656 0.112389
0.115351 9.9991E-05 0.213017 0.671532
0.509528 0.110797 0.229506 0.15017
0.389754 0.173077 0.311372 0.125797
0.248575 0.14286 0.543305 0.0652594
9.9982E-05 0.144438 0.855362 9.9982E-05
9.9991E-05 0.114708 0.771556 0.113636
0.500333 0.131203 0.234964 0.1335
0.479572 9.9991E-05 0.355471 0.164857
0.393252 9.9991E-05 0.333169 0.273479
0.424329 0.0277678 0.305945 0.241958
0.117068 9.9991E-05 0.67922 0.203611
0.131152 9.9991E-05 0.672413 0.196335
0.390216 0.0517064 0.547496 0.0105814
0.368493 0.0229933 0.535657 0.0728568
0.206368 9.9991E-05 0.655126 0.138406
0.353472 0.242176 0.391074 0.0132776
0.378228 0.0794413 0.541921 0.000408785
0.0609155 0.124365 0.72983 0.0848892
0.169808 0.116992 0.649898 0.0633023
0.213511 0.168856 0.545854 0.0717789
0.201935 0.120791 0.677174 9.9991E-05
0.0413698 0.180153 0.763157 0.0153205
0.301432 0.0103662 0.67085 0.0173518
0.074482 0.161995 0.763423 9.9991E-05
0.211334 0.108637 0.671959 0.00807014
0.430935 0.0848598 0.306603 0.177602
0.362056 0.199188 0.318138 0.120618
0.0746038 9.9991E-05 0.557791 0.367505
0.51171 0.123942 0.324417 0.0399311
0.0836757 9.9991E-05 0.359814 0.556411
0.460613 0.0455171 0.446963 0.0469066
9.9982E-05 9.9982E-05 0.97057 0.0292297
9.9991E-05 0.0256055 0.88332 0.0909748
0.217214 0.130785 0.651901 9.9991E-05
0.315875 0.0966155 0.584418 0.0030918
0.138543 0.0192758 0.842082 9.9991E-05
0.245176 0.0998581 0.654866 9.9991E-05
0.255502 0.0230614 0.721337 9.9991E-05
0.086102 9.9991E-05 0.0730796 0.840718
0.0896878 0.141124 9.9991E-05 0.769088
0.0861793 0.041817 9.9991E-05 0.871904
0.0309057 9.9991E-05 0.00924154 0.959753
0.242771 0.121001 0.636128 9.9991E-05
0.158646 0.119869 0.721384 9.9991E-05
0.0904764 0.210109 0.628238 0.0711773
0.294882 0.0339689 0.671049 9.9991E-05
0.0622011 9.9991E-05 0.89207 0.0456288
0.413974 0.0650877 0.247296 0.273643
0.227995 0.0741665 0.697738 9.9991E-05
0.0965396 0.236223 0.667137 9.9991E-05
0.27764 0.0764654 0.645794 9.9991E-05
0.105774 0.176497 0.709535 0.00819355
0.219569 9.9982E-05 0.780231 9.9982E-05
9.9982E-05 9.9982E-05 0.974288 0.0255117
0.0994014 0.00890898 0.864075 0.0276146
0.146677 0.102367 0.750856 9.9991E-05
9.998E-05 9.998E-05 0.9997 9.998E-05
0.251768 0.220797 0.515537 0.011897
9.9991E-05 0.0462416 0.882202 0.0714565
9.9982E-05 9.9982E-05 0.928704 0.0710965
0.305045 0.0694997 0.624352 0.00110348
0.0882334 0.210232 0.699374 0.00215992
0.278943 0.129118 0.588053 0.00388644
0.271918 0.146583 0.5814 9.9991E-05
0.239183 0.370317 0.3904 9.9991E-05
0.22815 0.117954 0.643968 0.00992763
0.205782 0.227739 0.546653 0.0198261
0.119993 0.0562606 0.814613 0.0091333
9.9982E-05 0.290815 9.9982E-05 0.708985
0.044819 0.162875 0.0358879 0.756419
9.9982E-05 0.116747 9.9982E-05 0.883053
9.9982E-05 0.154751 9.9982E-05 0.845049
9.9991E-05 0.260824 0.0348027 0.704274
0.0749075 0.282775 0.606605 0.0357119
9.9991E-05 0.216897 0.745033 0.03797
0.0491978 9.9982E-05 0.950602 9.9982E-05
0.110098 9.9991E-05 0.767515 0.122287
0.323381 0.125276 0.551243 9.9991E-05
0.202812 0.0123791 0.761503 0.0233055
0.252318 0.127897 0.619685 9.9991E-05
0.0712489 0.180592 0.748059 9.9991E-05
0.14054 0.215989 0.643371 9.9991E-05
0.150454 0.235923 0.613523 9.9991E-05
0.253737 0.111003 0.529452 0.105808
0.125102 0.148297 0.726501 9.9991E-05
0.252562 0.228788 0.51855 9.9991E-05
0.667932 9.9991E-05 0.293099 0.0388686
0.618161 9.9991E-05 0.176532 0.205207
0.227189 0.00479454 0.726284 0.0417325
0.677396 9.9991E-05 0.0248959 0.297608
0.622338 9.9991E-05 0.189283 0.188279
0.299222 9.9991E-05 0.481355 0.219323
0.284095 0.131212 0.458842 0.125851
0.217229 0.134577 0.490106 0.158088
0.679105 9.9991E-05 0.139913 0.180882
0.670186 0.0651957 0.0872287 0.17739
0.659668 9.9991E-05 0.158199 0.182033
0.629914 0.00297258 0.175389 0.191724
0.262498 9.9991E-05 0.629261 0.108141
0.675337 9.9991E-05 0.0780371 0.246526
0.0480079 0.345001 0.405106 0.201885
0.335661 0.0279059 0.593104 0.0433289
0.328822 0.154352 0.388612 0.128214
0.224932 0.10269 0.49922 0.173158
0.324215 0.0514894 0.401926 0.222369
0.446771 0.0547009 0.30908 0.189448
0.686985 9.9991E-05 0.0535253 0.25939
0.173978 0.167061 0.538363 0.120598
0.068858 0.0125334 0.644304 0.274304
0.180776 0.300164 0.401948 0.117112
0.313814 0.129977 0.360472 0.195737
0.109279 9.9991E-05 0.380495 0.510126
0.0414064 9.9991E-05 0.41404 0.544453
0.167676 0.0403778 0.487911 0.304035
0.180072 9.9991E-05 0.374266 0.445562
0.1921 9.9991E-05 0.252447 0.555353
0.293516 0.150128 0.420034 0.136322
0.317141 0.0634729 0.394705 0.224681
0.259344 0.0552638 0.292922 0.392471
0.134621 9.9991E-05 0.40328 0.461999
0.299205 9.9991E-05 0.546184 0.154511
0.178946 9.9991E-05 0.507655 0.313299
0.00621831 9.9991E-05 0.312992 0.680689
0.375743 0.0454442 0.344502 0.23431
0.390814 0.0886294 0.238752 0.281805
0.506812 9.9991E-05 0.362483 0.130605
0.423589 0.173192 0.229538 0.173682
0.404287 0.0835142 0.172376 0.339823
0.452024 0.151846 0.222713 0.173416
0.476812 0.0294181 0.245671 0.248099
0.418217 0.0920111 0.277074 0.212698
0.244022 0.147329 0.359228 0.249421
0.428522 0.00888605 0.20756 0.355031
0.297198 9.9991E-05 0.286918 0.415785
0.396147 9.9991E-05 0.242532 0.361221
9.9982E-05 0.144731 9.9982E-05 0.855069
0.021201 0.865294 0.030803 0.0827018
9.9982E-05 0.951611 9.9982E-05 0.0481895
9.998E-05 0.9997 9.998E-05 9.998E-05
9.9982E-05 0.982024 9.9982E-05 0.0177757
0.0317923 0.944131 9.9991E-05 0.0239771
9.998E-05 0.9997 9.998E-05 9.998E-05
9.9982E-05 0.91462 9.9982E-05 0.0851799
9.9982E-05 0.762573 9.9982E-05 0.237227
0.0369203 0.0418791 0.0316363 0.889564
0.0703753 0.137779 9.9991E-05 0.791746
0.0713582 0.0386697 9.9991E-05 0.889872
0.0600242 0.10708 0.0213023 0.811593
0.0575445 0.0202034 9.9991E-05 0.922152
0.0598723 0.0987659 0.00416248 0.837199
0.191958 0.0905012 9.9991E-05 0.717441
0.112307 0.0391216 9.9991E-05 0.848472
0.0582382 0.173815 0.0577349 0.710212
0.094925 9.9982E-05 9.9982E-05 0.904875
9.9982E-05 0.0192349 9.9982E-05 0.980565
0.0930103 0.0269644 9.9991E-05 0.879925
0.0106985 0.0145592 9.9991E-05 0.974642
0.0370367 0.0137458 9.9991E-05 0.949117
0.122754 0.0159991 9.9991E-05 0.861147
0.170868 9.9982E-05 9.9982E-05 0.828932
0.244921 9.9982E-05 9.9982E-05 0.754879
0.185524 9.9991E-05 0.00132302 0.813053
0.18405 9.9982E-05 9.9982E-05 0.81575
0.190128 0.069073 0.561143 0.179656
0.288558 0.130783 0.574524 0.00613588
9.9982E-05 9.9982E-05 0.788569 0.211231
0.249906 0.246651 0.444251 0.0591914
0.0127842 9.9991E-05 0.690058 0.297057
0.287522 0.0995431 0.524889 0.088046
0.196024 0.222949 0.504188 0.0768382
0.220535 0.176564 0.505634 0.0972662
0.268558 0.198001 0.533341 9.9991E-05
0.246145 0.243569 0.408106 0.10218
0.308625 0.157386 0.459862 0.0741275
0.0437577 0.521911 0.399048 0.0352836
9.9991E-05 0.0946891 0.735812 0.169399
9.9991E-05 0.0437563 0.748627 0.207517
0.243242 0.109762 0.497541 0.149455
0.25308 9.9991E-05 0.572429 0.174391
0.427721 0.131599 0.291559 0.14912
0.419774 0.103729 0.337398 0.139099
0.20667 0.210564 0.10651 0.476256
0.312418 0.149862 0.33598 0.20174
0.166279 9.9991E-05 0.266955 0.566666
0.381289 9.9991E-05 0.30401 0.314601
0.319483 0.143832 0.231188 0.305497
0.299616 0.165714 0.259208 0.275462
0.444553 0.102509 0.327483 0.125454
0.333191 0.0751588 0.384335 0.207315
0.348839 0.0687831 0.179801 0.402577
