0.0974887 0.902411 9.9991E-05
0.0401319 0.959768 9.9991E-05
0.177043 0.81674 0.00621709
0.1566 0.832655 0.0107453
0.142102 0.857798 9.9991E-05
0.127447 0.672037 0.200516
0.0564165 0.8852 0.0583836
0.0463462 0.779521 0.174133
9.9991E-05 0.955738 0.0441622
0.196293 0.700521 0.103186
0.0403407 0.784945 0.174715
0.171792 0.0927113 0.735497
0.358755 0.0105298 0.630715
0.150747 0.151669 0.697583
0.308823 0.136803 0.554374
0.323071 0.177153 0.499776
0.500207 0.0334227 0.46637
0.314261 0.0693999 0.616339
0.280509 0.188518 0.530973
9.9991E-05 0.256048 0.743852
0.314705 0.0457209 0.639574
0.291058 0.066941 0.642001
0.33161 0.0562724 0.612117
0.22634 0.095501 0.678159
0.483046 0.0417401 0.475214
0.325276 0.0142368 0.660487
0.126944 0.169042 0.704014
0.272465 0.133504 0.594031
0.103311 0.133909 0.76278
0.217177 0.782723 9.9991E-05
0.195424 0.783306 0.0212705
0.236252 0.763648 9.9991E-05
0.248694 0.751206 9.9991E-05
0.332009 9.9991E-05 0.667891
0.324503 0.0828164 0.59268
0.291192 0.00431568 0.704492
0.0450788 0.22179 0.733132
0.171252 9.9991E-05 0.828648
0.321374 0.0979668 0.580659
0.452654 9.9991E-05 0.547246
0.374525 0.00217592 0.623299
0.42418 0.0267149 0.549105
0.0878431 0.0664024 0.845754
0.380338 0.0261648 0.593497
0.438111 0.0396719 0.522217
0.488661 0.0779067 0.433432
0.147184 9.9991E-05 0.852716
0.45081 9.9991E-05 0.54909
0.361435 0.0515001 0.587065
9.9991E-05 0.149553 0.850347
0.0266493 0.111702 0.861649
0.0331011 0.138994 0.827905
0.393768 0.0597824 0.546449
0.448023 0.0177546 0.534222
0.479895 0.0422624 0.477843
0.035752 0.196115 0.768133
0.318269 0.0197383 0.661993
0.441125 0.053268 0.505607
0.226292 0.125883 0.647825
0.0320369 0.344891 0.623072
0.375582 9.9991E-05 0.624318
0.274161 0.0857098 0.640129
9.9991E-05 0.242226 0.757674
0.307993 0.00421337 0.687793
0.403404 9.9991E-05 0.596496
0.386144 0.0299339 0.583922
0.222457 0.127017 0.650526
0.364318 9.9991E-05 0.635582
0.333941 0.0287616 0.637297
0.0151592 0.150177 0.834663
0.250971 9.9991E-05 0.748929
0.118121 9.99933E-05 0.881779
0.343247 0.0564335 0.60032
0.383587 0.083452 0.532961
9.9991E-05 0.0401136 0.959786
9.9991E-05 0.0256593 0.974241
0.144996 9.9991E-05 0.854904
0.248426 9.9991E-05 0.751474
0.343742 0.0875908 0.568667
0.317418 9.9991E-05 0.682482
0.121249 0.0805457 0.798206
0.0859549 0.0691317 0.844913
0.41104 0.0199418 0.569018
0.187602 0.028105 0.784293
0.256294 0.0406033 0.703103
0.233122 9.9991E-05 0.766778
9.9991E-05 0.0848761 0.915024
0.369616 9.9991E-05 0.630284
0.161252 0.838648 9.9991E-05
0.123321 0.876579 9.9991E-05
0.13281 0.86709 9.9991E-05
0.0896093 0.910291 9.9991E-05
0.130807 0.859446 0.00974635
0.102729 0.897171 9.9991E-05
0.106939 0.892961 9.9991E-05
0.37463 0.0921642 0.533206
0.459202 9.9991E-05 0.540698
9.9991E-05 0.0344664 0.965434
0.482971 0.0625979 0.454431
0.276684 9.9991E-05 0.723216
0.37023 9.9991E-05 0.62967
0.362861 9.9991E-05 0.637039
0.3655 9.9991E-05 0.6344
9.9991E-05 0.104921 0.894979
0.403059 0.0791867 0.517755
0.448242 9.9991E-05 0.551658
0.486162 0.0442386 0.4696
0.210997 9.9991E-05 0.788903
0.29091 9.9991E-05 0.70899
0.255676 0.0123594 0.731964
0.259967 9.9991E-05 0.739933
0.261695 0.0475222 0.690783
0.398632 0.0747336 0.526634
0.101278 0.114004 0.784718
0.381205 0.06717 0.551625
0.280452 0.124797 0.594751
0.397443 0.0508094 0.551747
0.494554 0.0638545 0.441591
0.234279 0.137732 0.627989
0.40824 9.9991E-05 0.59166
0.285311 0.0138223 0.700867
0.332171 0.0844801 0.583349
0.407471 9.9991E-05 0.592429
0.391145 9.9991E-05 0.608755
0.267084 0.0272679 0.705648
0.393489 0.0383727 0.568138
0.425766 0.0349362 0.539298
0.406723 9.9991E-05 0.593177
0.400432 0.0892512 0.510317
0.366348 9.9991E-05 0.633552
0.199507 0.155014 0.64548
0.441651 0.0183675 0.539982
0.443075 9.9991E-05 0.556825
0.180954 0.107281 0.711765
0.0831715 0.134492 0.782336
0.386504 0.00789084 0.605605
0.0697872 0.0493595 0.880853
0.0878037 0.114291 0.797905
0.199883 0.0094862 0.790631
0.11659 0.131836 0.751574
0.1147 0.11048 0.77482
0.471878 9.9991E-05 0.528022
0.455363 0.0448365 0.4998
0.348461 0.0342184 0.61732
0.0963225 0.12035 0.783327
0.391779 0.0563316 0.551889
0.397252 0.014198 0.58855
9.9991E-05 0.315815 0.684085
0.445549 0.0229325 0.531519
0.252056 0.0741786 0.673766
0.337882 0.091968 0.57015
0.143442 0.141794 0.714765
0.0344339 0.160912 0.804654
0.331486 0.127129 0.541385
0.229448 0.0519771 0.718575
0.358251 0.109968 0.531781
0.338632 0.0828956 0.578472
0.294587 0.195093 0.51032
0.479129 0.091029 0.429842
0.112543 0.227354 0.660103
0.470685 0.0141433 0.515172
0.328875 0.104461 0.566664
0.162383 9.9991E-05 0.837517
0.252886 9.9991E-05 0.747014
0.474304 0.011091 0.514605
0.484992 0.135501 0.379507
0.444456 0.108918 0.446626
0.343805 0.406516 0.24968
0.134985 0.755819 0.109196
0.10754 0.692804 0.199656
0.412052 0.479739 0.108209
0.396754 9.9991E-05 0.603146
0.306039 0.106883 0.587079
0.903377 9.9991E-05 0.0965234
0.697619 0.0225302 0.279851
0.681969 0.0676757 0.250355
0.167003 0.0631749 0.769822
0.372276 9.9991E-05 0.627624
0.0781872 0.08525 0.836563
0.375232 9.9991E-05 0.624668
0.23024 0.0396758 0.730085
0.413566 0.00604396 0.58039
0.0659749 0.119565 0.81446
0.418975 0.0155783 0.565447
0.430691 0.0608306 0.508479
0.36152 0.15513 0.48335
0.499896 0.0968222 0.403282
0.952181 0.0477189 9.9991E-05
0.954648 0.0452523 9.9991E-05
0.745719 0.0728465 0.181435
0.93824 0.0340219 0.0277377
0.87542 0.0594426 0.0651377
0.974516 0.025384 9.9991E-05
0.930839 0.0690608 9.9991E-05
0.988246 0.011654 9.9991E-05
0.981339 0.0185612 9.9991E-05
0.9593 0.0406 9.9991E-05
0.935189 0.0647107 9.9991E-05
0.871867 0.120728 0.00740444
0.87859 0.10674 0.01467
0.956346 0.0435535 9.9991E-05
0.556382 0.0601592 0.383459
0.751564 0.110789 0.137647
0.842029 0.157871 9.9991E-05
0.949389 0.0505106 9.9991E-05
0.918954 0.0809459 9.9991E-05
0.896907 0.102993 9.9991E-05
0.941562 0.0583382 9.9991E-05
0.754487 0.111067 0.134446
0.893415 0.106485 9.9991E-05
0.0417597 0.508886 0.449355
0.296879 0.209396 0.493725
0.333552 0.240593 0.425855
0.202754 0.314812 0.482434
0.44039 0.123936 0.435675
0.242504 0.324312 0.433184
0.402731 0.0632474 0.534021
0.318771 0.158457 0.522772
0.425668 0.174494 0.399838
0.436646 0.127403 0.435952
0.450278 0.266575 0.283147
0.428793 0.124427 0.44678
0.380164 0.133761 0.486075
0.0660037 0.889933 0.0440637
0.0965154 0.903385 9.9991E-05
0.00746008 0.986025 0.00651446
0.0416346 0.958265 9.9991E-05
0.100639 0.899261 9.9991E-05
0.127572 0.872328 9.9991E-05
0.144229 0.855671 9.9991E-05
0.0927637 0.907136 9.9991E-05
0.0993937 0.900506 9.9991E-05
0.140895 0.859005 9.9991E-05
9.9991E-05 0.685999 0.313901
9.9991E-05 0.697399 0.302501
9.9991E-05 0.656691 0.34321
9.9991E-05 0.590058 0.409842
0.320924 0.0144202 0.664656
0.332444 9.9991E-05 0.667456
0.322305 9.9991E-05 0.677595
0.313521 0.0915679 0.594911
0.234554 0.0721463 0.6933
9.9991E-05 0.127999 0.871901
0.420006 9.9991E-05 0.579894
0.346255 9.9991E-05 0.653645
0.34896 9.9991E-05 0.65094
0.274427 9.9991E-05 0.725473
0.395465 9.9991E-05 0.604435
0.224469 9.9991E-05 0.775431
9.9991E-05 0.0145215 0.985379
0.31715 0.0350148 0.647835
0.151678 9.9991E-05 0.848222
0.337704 9.9991E-05 0.662196
0.0110945 0.104301 0.884605
9.9991E-05 0.318424 0.681476
9.9991E-05 0.28752 0.71238
9.9991E-05 0.248863 0.751037
9.9991E-05 0.294632 0.705268
9.9991E-05 0.224326 0.775574
0.00275398 0.271785 0.725461
0.139152 0.860748 9.9991E-05
0.169896 0.826879 0.00322425
0.243608 0.756292 9.9991E-05
0.229501 0.763148 0.00735142
0.209375 0.78838 0.00224454
9.9991E-05 0.524541 0.475359
9.9991E-05 0.610317 0.389583
9.9991E-05 0.6009 0.399
0.193924 0.805976 9.9991E-05
9.9991E-05 0.530096 0.469804
0.565078 0.227288 0.207635
0.51984 0.124681 0.355478
0.665729 0.155037 0.179234
0.483897 0.219648 0.296455
0.549435 0.168658 0.281907
0.359269 0.555418 0.085313
0.225658 9.9991E-05 0.774242
0.200432 0.0258342 0.773734
0.142309 0.197163 0.660528
0.246024 0.00601864 0.747958
9.9991E-05 0.0681784 0.931722
0.32408 0.0933561 0.582563
0.278 0.0782708 0.643729
0.144165 0.0901183 0.765717
0.396139 0.0697241 0.534137
9.9991E-05 0.0854675 0.914432
0.299071 0.00868482 0.692244
0.363992 9.9991E-05 0.635908
0.437958 0.110907 0.451135
0.245849 0.00485609 0.749295
0.224743 0.0281471 0.74711
0.390352 9.9991E-05 0.609548
0.34944 0.0219876 0.628573
0.434922 9.9991E-05 0.564978
0.398886 0.0394706 0.561644
0.34868 0.0608067 0.590514
0.234621 0.765279 9.9991E-05
0.186909 0.812991 9.9991E-05
0.0859128 0.821188 0.0928996
0.0745539 0.813288 0.112158
0.182282 0.817618 9.9991E-05
0.0904447 0.165284 0.744271
0.420442 0.0452603 0.534297
0.485535 0.173517 0.340948
0.458636 9.9991E-05 0.541264
0.315386 0.0431319 0.641482
0.178306 0.11608 0.705614
9.9991E-05 0.267437 0.732463
0.351112 0.00944862 0.639439
0.0615665 0.185297 0.753137
0.243021 0.101072 0.655907
0.0256029 0.248551 0.725847
0.441075 0.0894776 0.469448
0.0661865 0.220551 0.713263
0.341492 0.121011 0.537496
0.263842 0.0711745 0.664984
0.345913 9.9991E-05 0.653987
0.132697 0.145844 0.721459
0.331502 0.0760498 0.592448
0.319221 0.0796869 0.601092
0.156629 0.0344269 0.808944
0.376596 0.0997523 0.523651
0.332544 0.0671966 0.600259
0.342866 9.9991E-05 0.657034
9.9991E-05 0.0616307 0.938269
0.075853 0.0529736 0.871173
0.295901 0.0545175 0.649582
0.349695 0.17053 0.479776
9.9991E-05 0.111659 0.888241
0.259516 9.9991E-05 0.740384
0.030526 0.190915 0.778559
0.15331 9.9991E-05 0.84659
0.247548 0.0352124 0.71724
0.404068 9.9991E-05 0.595832
0.098954 0.0783111 0.822735
0.409232 0.0613274 0.52944
0.375882 0.057639 0.566479
0.404718 9.9991E-05 0.595182
0.370372 0.0412455 0.588382
0.241857 0.0553999 0.702743
0.172604 0.0494276 0.777969
0.295959 0.0421294 0.661911
0.367211 9.9991E-05 0.632689
0.362366 0.0412429 0.596391
0.232201 0.0867866 0.681013
0.396697 9.9991E-05 0.603203
0.199542 0.147472 0.652986
0.387435 9.9991E-05 0.612465
0.325395 9.9991E-05 0.674505
0.42344 0.0588926 0.517668
0.438543 0.319819 0.241639
0.594576 0.0800367 0.325387
0.510069 0.11274 0.377191
0.484436 9.9991E-05 0.515464
0.518007 0.155671 0.326322
0.244376 9.9991E-05 0.755524
0.366385 0.121158 0.512456
0.141501 0.338622 0.519878
0.468495 0.0755829 0.455922
0.500882 0.0928067 0.406311
0.494044 0.0724927 0.433463
0.32923 0.258447 0.412323
0.488403 0.120578 0.391019
0.600988 0.0816607 0.317351
0.19143 0.659709 0.148861
0.594917 0.116972 0.288112
0.599613 0.0788717 0.321515
0.456383 0.0413617 0.502255
0.564343 0.143044 0.292613
0.485578 0.166561 0.347861
0.332581 0.0130257 0.654393
0.352969 0.0562489 0.590782
9.999E-05 9.999E-05 0.9998
0.411823 0.0696657 0.518511
0.447689 0.0581477 0.494164
9.9991E-05 0.111425 0.888475
0.361648 0.00362243 0.63473
0.378073 0.141538 0.480389
0.586418 0.117511 0.296071
0.55005 0.154631 0.295318
0.441176 0.25859 0.300235
0.469482 0.23573 0.294788
0.541714 0.0805485 0.377737
0.170096 0.178218 0.651686
0.233639 0.174787 0.591574
0.469275 9.9991E-05 0.530625
0.478029 0.0222651 0.499706
0.234981 0.108469 0.65655
0.402601 0.0377772 0.559622
0.41423 0.00367797 0.582092
0.49778 0.109231 0.392989
0.17444 0.0299472 0.795613
0.237578 0.0275653 0.734857
0.323102 0.211214 0.465684
0.38837 0.00125189 0.610378
0.276652 0.0765417 0.646806
0.334231 0.0772651 0.588504
0.398465 0.0937844 0.50775
0.322677 9.9991E-05 0.677223
0.119296 0.0109069 0.869797
0.370661 9.9991E-05 0.629239
0.372361 0.134068 0.493571
0.151305 0.0257557 0.822939
0.219342 0.0614565 0.719202
0.322255 0.061473 0.616272
0.32285 0.0168667 0.660283
0.521462 0.0921786 0.386359
0.331942 0.122804 0.545254
0.46097 0.194404 0.344626
0.465354 0.111956 0.422691
0.418853 0.227008 0.354139
0.42173 0.192311 0.385959
0.517838 0.0885339 0.393628
0.433667 0.18293 0.383403
0.120351 0.349416 0.530233
0.605713 0.0196261 0.374661
0.138758 0.571971 0.289271
0.524369 0.0461069 0.429524
0.348796 0.166734 0.48447
9.9991E-05 0.0080354 0.991865
9.9991E-05 0.056118 0.943782
0.276302 9.9991E-05 0.723598
0.416669 9.9991E-05 0.583231
0.230736 9.9991E-05 0.769164
0.317411 9.9991E-05 0.682489
0.352188 9.9991E-05 0.647712
0.147612 0.816537 0.0358517
0.105278 0.772493 0.122229
0.102395 0.897505 9.9991E-05
0.0686497 0.93125 9.9991E-05
0.298712 0.0157403 0.685548
0.35108 9.9991E-05 0.64882
0.308197 9.9991E-05 0.691703
0.388404 0.0299222 0.581673
0.387517 0.0260564 0.586427
0.106876 0.0475455 0.845579
0.381033 9.9991E-05 0.618867
0.209419 9.9991E-05 0.790481
0.529614 0.20062 0.269766
0.307976 9.9991E-05 0.691924
0.184422 9.9991E-05 0.815478
0.385158 0.0767715 0.53807
0.365515 9.9991E-05 0.634385
0.283944 9.9991E-05 0.715956
0.320203 9.9991E-05 0.679697
0.422889 9.9991E-05 0.577011
9.999E-05 9.999E-05 0.9998
0.157742 9.9991E-05 0.842158
0.189882 9.9991E-05 0.810018
9.999E-05 9.999E-05 0.9998
0.507453 0.156708 0.335839
0.324157 9.9991E-05 0.675743
0.0789968 0.0663346 0.854669
9.9991E-05 0.0490422 0.950858
0.376722 0.0230381 0.60024
0.159361 0.0251487 0.81549
0.269982 0.0534787 0.676539
0.433528 0.00251598 0.563956
0.27696 9.9991E-05 0.72294
0.217254 9.9991E-05 0.782646
0.336534 9.9991E-05 0.663366
0.347829 0.0502417 0.60193
0.142851 9.9991E-05 0.857049
0.421699 0.0273309 0.55097
9.9991E-05 0.759467 0.240433
0.0562642 0.791195 0.152541
9.9991E-05 0.913356 0.0865438
0.0148813 0.883164 0.101954
0.0140285 0.805758 0.180213
0.0905137 0.0413296 0.868157
0.0377534 0.102354 0.859893
0.112151 9.9991E-05 0.887749
0.453963 0.0341277 0.51191
0.443536 0.0267022 0.529761
0.244326 9.9991E-05 0.755574
0.441001 9.9991E-05 0.558899
0.266073 9.9991E-05 0.733827
0.376919 0.0628655 0.560216
0.343731 9.9991E-05 0.656169
0.370699 9.9991E-05 0.629201
0.0895908 0.0304239 0.879985
0.212364 9.9991E-05 0.787536
0.160789 9.9991E-05 0.839111
0.407868 0.0707908 0.521341
0.234224 9.9991E-05 0.765676
0.338554 9.9991E-05 0.661346
0.703598 9.9991E-05 0.296302
0.710638 0.115854 0.173508
0.690871 0.0806228 0.228506
0.768924 0.131285 0.0997914
0.591802 0.084062 0.324136
0.316283 0.0131388 0.670578
0.727815 0.272085 9.9991E-05
0.715617 0.163674 0.120708
0.43814 0.209763 0.352097
0.320191 0.110364 0.569446
0.268094 0.155647 0.576259
0.314492 0.0941522 0.591356
0.441091 0.0588462 0.500063
0.734262 0.223426 0.0423119
0.626938 0.105303 0.267759
0.819605 0.104515 0.0758805
0.569447 0.118387 0.312167
0.790005 0.112178 0.0978163
0.644308 0.137597 0.218096
0.78514 0.14256 0.0722996
0.679336 0.102723 0.217941
0.374861 0.0502493 0.57489
0.587799 0.184664 0.227537
0.784425 0.215475 9.9991E-05
0.447062 0.149098 0.40384
0.486306 0.177597 0.336097
0.553209 0.148622 0.298169
0.0462728 0.24923 0.704497
0.468541 0.00125208 0.530207
0.608788 0.10182 0.289392
0.408706 0.135522 0.455772
0.353939 0.0827566 0.563304
0.296058 0.176782 0.527159
0.456912 0.181176 0.361912
0.530717 0.231819 0.237465
0.463157 0.0227164 0.514127
0.465359 0.0968956 0.437746
0.451621 0.20746 0.34092
0.598858 0.136768 0.264375
0.735661 0.104739 0.1596
0.738111 0.261789 9.9991E-05
0.410488 0.0556002 0.533911
0.224288 0.136073 0.639638
0.131793 0.227226 0.640981
0.491675 9.9991E-05 0.508225
0.248874 0.0815946 0.669531
0.492547 0.142134 0.365318
0.395707 0.108275 0.496019
0.141406 0.483541 0.375054
0.13856 0.490393 0.371047
0.31298 0.202942 0.484079
0.216396 0.444022 0.339582
0.231373 0.566233 0.202394
0.363045 0.145053 0.491902
0.406851 0.17768 0.415469
0.289941 0.371414 0.338645
0.184179 0.462124 0.353697
0.387183 0.13207 0.480747
0.199413 0.318371 0.482216
0.414443 0.134552 0.451005
0.0760867 0.628802 0.295111
0.506378 0.135335 0.358287
0.430577 0.172976 0.396447
0.458372 0.228045 0.313583
0.652343 0.0664708 0.281186
0.383041 0.184571 0.432387
0.546522 0.130062 0.323416
0.525416 0.174099 0.300486
0.49174 0.363189 0.14507
0.501529 0.184513 0.313958
0.480897 0.218852 0.30025
0.421144 0.258368 0.320488
0.323099 0.181563 0.495338
0.449099 0.102871 0.448031
0.523157 0.118233 0.35861
0.377706 0.0513376 0.570957
0.571933 0.252825 0.175242
0.535133 0.13222 0.332647
0.34666 0.41521 0.23813
0.546363 0.152699 0.300938
0.491064 0.305025 0.203911
0.0389464 0.83654 0.124513
9.9991E-05 0.229999 0.769901
9.9991E-05 0.272366 0.727534
9.9991E-05 0.263882 0.736018
9.9991E-05 0.254552 0.745348
9.9991E-05 0.285267 0.714634
9.9991E-05 0.208576 0.791324
9.9991E-05 0.250976 0.748924
9.9991E-05 0.427306 0.572594
0.084708 0.915192 9.9991E-05
0.104216 0.802759 0.0930256
0.105143 0.894757 9.9991E-05
0.0435053 0.852922 0.103572
0.0819474 0.917953 9.9991E-05
0.0729586 0.926941 9.9991E-05
0.247259 0.672918 0.0798237
0.142526 0.843086 0.0143875
0.0875577 0.785139 0.127303
0.127845 0.872055 9.9991E-05
0.0151183 0.966713 0.0181686
0.103737 0.880296 0.0159671
0.0303297 0.96957 9.9991E-05
0.0981541 0.901746 9.9991E-05
0.147225 0.852675 9.9991E-05
0.188064 0.811836 9.9991E-05
0.25733 0.74257 9.9991E-05
0.218512 0.781388 9.9991E-05
0.208817 0.791083 9.9991E-05
0.236825 0.160183 0.602991
0.369689 0.0472031 0.583108
0.455288 0.123751 0.420962
0.0572026 0.180079 0.762719
0.332943 0.11177 0.555287
0.0751515 0.253203 0.671646
0.415324 0.0784121 0.506264
0.196944 0.12806 0.674996
0.271134 0.0814478 0.647418
0.292359 9.9991E-05 0.707541
0.214486 0.109696 0.675818
0.431091 0.0695728 0.499336
0.340341 0.0562137 0.603446
0.0486091 0.107709 0.843681
9.9991E-05 0.188302 0.811598
0.0397555 0.218481 0.741764
0.442918 0.0469144 0.510168
0.312997 0.129504 0.5575
0.359502 0.123942 0.516556
0.409744 0.0235806 0.566676
0.48045 0.154726 0.364824
0.493039 0.105597 0.401364
0.227354 0.524653 0.247993
0.397262 0.100874 0.501864
0.370081 0.236405 0.393513
0.154342 0.572644 0.273013
0.459242 0.327421 0.213338
0.385332 0.350173 0.264496
0.374513 0.307772 0.317715
0.545629 0.0945851 0.359785
0.460029 0.142426 0.397545
0.553465 0.037664 0.408871
0.489871 0.10481 0.405319
0.395088 0.47203 0.132882
