0.957873 0.0400513 0.0020761
0.979657 0.00456115 0.0157821
0.867643 0.0917583 0.0405989
0.86401 0.0963995 0.0395903
0.933044 0.0668564 9.9991E-05
0.681893 0.0646713 0.253436
0.903276 9.9991E-05 0.0966241
0.757549 0.0570878 0.185363
0.912153 9.9991E-05 0.0877474
0.730894 0.144504 0.124602
0.786475 0.0401821 0.173343
0.106543 0.150729 0.742728
0.120622 0.17894 0.700439
0.183395 0.216117 0.600488
0.154933 0.0326076 0.812459
0.109193 0.225503 0.665304
0.131427 0.157877 0.710696
0.11553 0.255376 0.629094
0.0821009 0.125382 0.792517
0.841854 0.158046 9.9991E-05
0.832576 0.106346 0.0610782
0.869641 0.101915 0.0284446
0.78057 0.164942 0.0544882
0.188221 0.068256 0.743523
0.0465655 0.102312 0.851123
9.9991E-05 0.166782 0.833118
0.0790047 9.9991E-05 0.920895
0.0767627 0.0300569 0.89318
0.0609936 0.119426 0.819581
0.230908 0.0303465 0.738745
0.317873 0.0801219 0.602005
0.179722 9.9991E-05 0.820178
0.109336 0.167322 0.723342
0.11905 0.049415 0.831535
9.9991E-05 0.127681 0.872219
9.9991E-05 0.0506362 0.949264
0.00158863 0.019704 0.978707
9.9991E-05 0.12514 0.87476
0.0363077 0.121806 0.841886
0.0533496 0.113819 0.832832
0.021036 0.0456361 0.933328
0.885737 0.0590593 0.0552035
0.964854 0.0350455 9.9991E-05
0.911056 0.0888438 9.9991E-05
0.931034 0.0688664 9.9991E-05
0.886851 0.113049 9.9991E-05
0.88351 0.11639 9.9991E-05
0.924293 0.075607 9.9991E-05
0.0377864 9.9991E-05 0.962114
0.0817199 9.9991E-05 0.91818
9.9991E-05 0.228469 0.771431
0.154669 0.119891 0.725441
0.100619 0.148974 0.750407
0.0965699 0.11791 0.78552
9.9991E-05 0.10272 0.89718
0.0605411 0.104507 0.834952
0.139814 0.116914 0.743273
0.0650506 0.110349 0.8246
0.255061 9.9991E-05 0.744839
0.155857 0.146749 0.697394
0.165625 0.0288319 0.805543
0.0863299 0.172225 0.741446
0.115335 0.207838 0.676826
9.9991E-05 0.150733 0.849167
0.339926 0.395934 0.26414
0.65807 0.235081 0.106849
0.505973 0.273993 0.220034
0.419076 0.411372 0.169551
0.0028328 0.183695 0.813472
0.000774081 0.164524 0.834702
0.00894194 0.150826 0.840232
0.014928 0.959025 0.0260469
9.9991E-05 0.952109 0.0477909
9.999E-05 0.9998 9.999E-05
0.0261091 0.934905 0.0389858
9.9991E-05 0.995293 0.00460698
9.999E-05 0.9998 9.999E-05
9.999E-05 0.9998 9.999E-05
9.999E-05 0.9998 9.999E-05
0.0155127 0.964425 0.0200622
0.104388 0.895512 9.9991E-05
0.0261573 0.973743 9.9991E-05
0.015234 0.934585 0.0501811
0.36799 0.160269 0.471741
0.275584 0.233478 0.490938
0.298082 0.237517 0.464401
0.844636 0.0179791 0.137385
0.936439 0.0634608 9.9991E-05
0.998559 9.9991E-05 0.00134139
0.987556 0.0123443 9.9991E-05
0.924593 0.0753068 9.9991E-05
0.908615 0.0912846 9.9991E-05
0.893366 0.106534 9.9991E-05
0.92808 0.062914 0.00900606
0.937261 0.0626393 9.9991E-05
0.871497 0.128403 9.9991E-05
0.674303 9.9991E-05 0.325597
0.689038 9.9991E-05 0.310862
0.605836 9.9991E-05 0.394064
0.550783 9.9991E-05 0.449117
0.100316 0.013542 0.886142
9.9991E-05 0.21346 0.78644
9.999E-05 9.999E-05 0.9998
9.9991E-05 0.162644 0.837256
0.0598633 0.0116513 0.928485
0.300261 9.9991E-05 0.699639
0.268605 9.9991E-05 0.731295
0.196152 9.9991E-05 0.803749
0.255626 9.9991E-05 0.744274
0.209937 9.9991E-05 0.789963
0.279523 9.9991E-05 0.720377
0.89689 0.096859 0.00625127
0.870711 0.0753563 0.0539323
0.836578 0.162682 0.000739466
0.777334 0.177113 0.0455529
0.787461 0.196994 0.0155447
0.533057 9.9991E-05 0.466843
0.541306 9.9991E-05 0.458594
0.553509 9.9991E-05 0.446391
0.854102 0.145798 9.9991E-05
0.508083 9.9991E-05 0.491817
0.200487 0.546382 0.253131
0.481088 0.379621 0.139291
0.0330044 0.193592 0.773403
0.197809 0.0812238 0.720967
0.0447134 0.211302 0.743984
9.999E-05 9.999E-05 0.9998
0.164185 0.0398714 0.795944
0.0216271 0.0524005 0.925972
9.9991E-05 0.233148 0.766752
0.0588192 0.185212 0.755968
0.799534 0.166086 0.0343801
0.856518 0.116274 0.0272081
0.846017 0.0971557 0.0568277
0.834215 0.0772765 0.0885085
0.866848 0.0781231 0.055029
0.11967 0.0844083 0.795922
0.11693 0.135399 0.747671
0.231169 9.9991E-05 0.768731
0.190717 0.0940111 0.715272
0.262754 0.0283936 0.708852
0.213772 0.0658858 0.720342
0.12929 0.213629 0.65708
0.0233354 0.133372 0.843292
0.0107522 0.0294179 0.95983
0.018151 0.124488 0.857361
0.070734 0.0445559 0.88471
0.142736 0.0204239 0.83684
9.9991E-05 0.141025 0.858875
0.0234243 0.137044 0.839531
0.002913 0.203579 0.793508
0.232241 0.233585 0.534174
0.518164 0.28622 0.195616
9.9991E-05 0.0393104 0.96059
0.0382851 0.0261288 0.935586
0.108202 0.534469 0.357329
0.203854 0.448819 0.347327
0.153052 0.203198 0.64375
0.10823 0.248535 0.643235
0.0418982 0.415296 0.542806
0.034803 0.321044 0.644153
9.9991E-05 0.14729 0.85261
0.0132786 0.144199 0.842522
0.212954 0.232612 0.554434
0.423181 0.2573 0.319519
9.9991E-05 0.0152359 0.984664
9.9991E-05 0.0441669 0.955733
9.9991E-05 0.198272 0.801628
9.9991E-05 0.168271 0.831629
0.837096 0.0974939 0.0654104
0.799894 0.100784 0.0993222
0.918613 0.0812872 9.9991E-05
0.970008 0.0298917 9.9991E-05
0.0447905 0.121883 0.833326
9.9991E-05 0.0348054 0.965095
9.9991E-05 0.162861 0.83704
9.9991E-05 0.00669933 0.993201
0.0165846 0.0968607 0.886555
9.9991E-05 0.00194124 0.997959
0.0345826 0.131159 0.834259
9.9991E-05 0.158115 0.841786
0.777814 9.9991E-05 0.222086
0.772052 0.0321544 0.195793
0.89519 9.9991E-05 0.10471
0.904862 9.9991E-05 0.0950381
0.822587 9.9991E-05 0.177313
0.109326 0.0698772 0.820797
0.137692 9.9991E-05 0.862208
9.9991E-05 0.160214 0.839686
9.9991E-05 0.121831 0.878069
0.034742 0.123167 0.842091
0.287976 0.662161 0.0498625
0.263189 0.0427869 0.694024
0.17275 0.136311 0.690939
0.385599 0.2595 0.354901
0.426351 0.166255 0.407395
0.368609 0.244009 0.387382
0.501203 0.336469 0.162329
0.372271 0.270798 0.356931
0.411853 0.206292 0.381855
0.284337 0.254 0.461663
0.548832 0.172003 0.279165
0.424788 0.342477 0.232735
0.337761 0.426957 0.235283
0.868477 9.9991E-05 0.131423
0.214645 9.9991E-05 0.785255
0.235855 9.9991E-05 0.764045
0.217021 9.9991E-05 0.782879
0.26601 9.9991E-05 0.73389
0.209048 9.9991E-05 0.790852
0.203973 9.9991E-05 0.795927
0.456885 9.9991E-05 0.543015
0.930201 0.0560891 0.0137101
0.860886 0.0194967 0.119617
0.931784 0.068116 9.9991E-05
0.896923 9.9991E-05 0.102977
0.924318 0.0755825 9.9991E-05
0.908787 0.0319727 0.0592398
0.860678 0.139222 9.9991E-05
0.902448 0.0974525 9.9991E-05
0.9998 9.999E-05 9.999E-05
0.890955 0.07513 0.033915
0.976273 0.0236268 9.9991E-05
0.937032 0.062868 9.9991E-05
0.879014 0.120886 9.9991E-05
0.841636 0.158264 9.9991E-05
0.778944 0.220956 9.9991E-05
0.804642 0.195258 9.9991E-05
0.852958 0.146942 9.9991E-05
0.157746 0.192507 0.649747
0.0848873 0.124392 0.790721
0.221994 0.0906901 0.687316
0.0223291 0.11841 0.859261
0.0937283 0.0526198 0.853652
0.13535 0.102421 0.762229
0.154015 0.219644 0.626341
0.496086 0.201406 0.302508
0.406735 0.314394 0.278871
0.351909 0.339444 0.308646
0.473399 0.282628 0.243974
