9.9991E-05 0.920325 0.0795754
0.00855825 0.942935 0.0485065
9.999E-05 0.822751 0.177149
0.0048606 0.816058 0.179081
9.9991E-05 0.880426 0.119474
0.183845 0.707334 0.108821
0.0736847 0.889114 0.0372014
0.121798 0.802246 0.0759561
0.0707863 0.929114 9.9991E-05
0.0448133 0.743304 0.211883
0.184567 0.81291 0.00252339
0.713757 0.107984 0.178259
0.661221 0.00930763 0.329472
0.692256 0.14001 0.167733
0.561252 0.113587 0.325161
0.540644 0.0936101 0.365745
0.496083 0.00307206 0.500845
0.567736 0.0423044 0.38996
0.549791 0.207558 0.242651
0.787119 0.208897 0.0039843
0.665143 0.0454725 0.289385
0.652497 0.0187963 0.328706
0.552111 0.072571 0.375318
0.720054 0.0679787 0.211967
0.487651 0.0596132 0.452736
0.590535 0.0374922 0.371973
0.714868 0.144817 0.140315
0.622164 0.122385 0.255451
0.789592 0.0885657 0.121843
9.9991E-05 0.820043 0.179857
9.9991E-05 0.815601 0.184299
0.0150939 0.796076 0.18883
9.9991E-05 0.767439 0.232461
0.622671 9.9991E-05 0.377229
0.592609 0.0739124 0.333479
0.552887 9.9991E-05 0.447013
0.75201 0.234894 0.0130959
0.765315 9.9991E-05 0.234585
0.620679 0.0404291 0.338892
0.519786 9.9991E-05 0.480114
0.551848 0.082522 0.36563
0.559243 0.0280695 0.412688
0.853812 0.0750631 0.0711245
0.573225 9.9991E-05 0.426675
0.498593 9.9991E-05 0.501307
0.372789 0.0568178 0.570393
0.808229 9.9991E-05 0.191671
0.507883 0.0391108 0.453006
0.496279 0.0405694 0.463151
0.829641 0.170259 9.9991E-05
0.888919 0.0574183 0.0536628
0.834628 0.13736 0.0280126
0.45894 0.0426072 0.498453
0.531758 0.0232317 0.445011
0.563944 9.9991E-05 0.435956
0.747155 0.217245 0.0356007
0.672364 0.00873339 0.318903
0.570333 0.00112513 0.428542
0.576364 0.211741 0.211895
0.60355 0.326194 0.0702558
0.559074 0.067714 0.373212
0.644263 0.0809484 0.274788
0.782153 0.217747 9.9991E-05
0.706903 9.9991E-05 0.292997
0.546275 9.9991E-05 0.453625
0.491269 0.0939605 0.414771
0.697846 0.120195 0.181958
0.611162 9.9991E-05 0.388738
0.592579 0.0293909 0.37803
0.863998 0.129359 0.00664367
0.714343 9.9991E-05 0.285558
0.882394 0.0242075 0.0933988
0.625407 0.0341141 0.340479
0.949176 0.0507238 9.9991E-05
0.996274 0.00362562 9.9991E-05
0.818817 9.9991E-05 0.181083
0.718497 0.000708451 0.280795
0.504572 0.0226269 0.472801
0.654228 9.9991E-05 0.345673
0.836873 0.0575665 0.10556
0.808078 0.0565537 0.135368
0.540747 0.0409348 0.418318
0.764388 0.0340442 0.201568
0.698206 9.9991E-05 0.301694
0.73486 9.9991E-05 0.26504
0.907635 0.092265 9.9991E-05
0.557483 9.9991E-05 0.442417
0.012093 0.839088 0.148819
9.9991E-05 0.916696 0.0832038
9.9991E-05 0.845997 0.153903
9.9991E-05 0.897606 0.102294
9.9991E-05 0.870673 0.129227
9.9991E-05 0.913556 0.0863439
9.9991E-05 0.90184 0.0980603
0.487844 0.113825 0.39833
0.507652 0.0566967 0.435651
0.898114 0.101786 9.9991E-05
0.548022 0.0316413 0.420337
0.714692 0.00471322 0.280595
0.55991 0.040954 0.399136
0.610426 9.9991E-05 0.389474
0.605525 9.9991E-05 0.394375
0.886446 0.113454 9.9991E-05
0.527475 0.0802032 0.392322
0.56549 9.9991E-05 0.43441
0.462387 0.0789686 0.458644
0.798888 9.9991E-05 0.201012
0.643949 9.9991E-05 0.355951
0.726075 9.9991E-05 0.273825
0.718815 9.9991E-05 0.281085
0.691901 0.0276168 0.280482
0.542572 0.0559282 0.4015
0.752035 0.107738 0.140226
0.515117 0.128156 0.356727
0.557878 0.0301059 0.412016
0.594003 0.016628 0.389368
0.639176 0.073482 0.287342
0.606737 0.0137156 0.379548
0.624818 0.0564215 0.31876
0.540532 0.0580615 0.401406
0.566654 0.0789131 0.354433
0.603014 9.9991E-05 0.396886
0.729593 0.0048933 0.265513
0.522416 9.9991E-05 0.477484
0.426329 0.115042 0.458629
0.555917 9.9991E-05 0.443983
0.524624 0.0127468 0.462629
0.5409 0.0621935 0.396906
0.648503 0.149572 0.201925
0.523819 9.9991E-05 0.476081
0.562517 9.9991E-05 0.437383
0.766649 0.0709776 0.162373
0.749504 0.118088 0.132409
0.617542 0.0261451 0.356313
0.862527 0.0549069 0.0825663
0.775697 0.117747 0.106556
0.73687 0.0568139 0.206316
0.767826 0.0907332 0.14144
0.711587 0.100545 0.187868
0.534104 9.9991E-05 0.465796
0.543131 0.0550223 0.401847
0.585447 0.0807327 0.33382
0.847158 0.0959042 0.0569378
0.539373 0.17393 0.286697
0.57754 0.0544553 0.368005
0.68344 0.31646 9.9991E-05
0.505876 0.0529097 0.441214
0.601218 0.106768 0.292014
0.571324 0.071833 0.356843
0.678367 0.187178 0.134455
0.773342 0.185296 0.0413625
0.691856 0.0505884 0.257556
0.573348 0.101287 0.325365
0.651459 0.11025 0.238292
0.634974 0.234662 0.130364
0.582768 0.0548929 0.362339
0.835851 0.000736456 0.163412
0.742195 9.9991E-05 0.257705
0.505446 0.00769553 0.486858
0.208884 0.399037 0.392079
0.0623931 0.75138 0.186227
0.189567 0.660975 0.149458
0.0694919 0.528734 0.401774
0.508446 9.9991E-05 0.491454
0.536677 9.9991E-05 0.463223
0.0284788 9.9991E-05 0.971421
0.289147 0.103981 0.606873
0.272919 0.0854053 0.641675
0.748729 0.0552425 0.196028
0.537989 0.00387184 0.458139
0.789723 0.103092 0.107186
0.641435 9.9991E-05 0.358465
0.686179 0.083834 0.229987
0.589972 9.9991E-05 0.409928
0.820924 0.0946519 0.0844242
0.49817 9.9991E-05 0.50173
0.519235 0.0564403 0.424325
9.9991E-05 0.0588629 0.941037
9.9991E-05 0.0683942 0.931506
0.181917 0.0904937 0.727589
9.9991E-05 0.0378973 0.962003
0.0107824 0.0859237 0.903294
9.9991E-05 0.0709949 0.928905
9.9991E-05 0.0896727 0.910227
9.999E-05 9.999E-05 0.9998
9.9991E-05 0.0306436 0.969256
9.9991E-05 0.0544304 0.94547
9.9991E-05 0.0935084 0.906392
9.9991E-05 0.128176 0.871724
9.9991E-05 0.152319 0.847581
9.9991E-05 0.0601624 0.939738
0.357004 0.0156147 0.627382
0.0663037 0.129443 0.804253
9.9991E-05 0.141901 0.857999
9.9991E-05 0.0840519 0.915848
9.9991E-05 0.07099 0.92891
9.9991E-05 0.150759 0.849141
9.9991E-05 0.0817234 0.918177
0.183571 0.082909 0.73352
9.9991E-05 0.131465 0.868435
0.465206 0.534694 9.9991E-05
0.460419 0.209548 0.330033
0.424196 0.248134 0.32767
0.484926 0.303564 0.211511
0.443756 0.162158 0.394086
0.434769 0.330141 0.23509
0.472509 0.162084 0.365407
0.434731 0.213894 0.351376
0.386129 0.14816 0.465711
0.282589 0.241267 0.476144
0.465577 0.181021 0.353402
0.0533496 0.880367 0.0662835
9.9991E-05 0.919659 0.0802407
9.9991E-05 0.960502 0.0393979
9.9991E-05 0.93055 0.0693503
9.9991E-05 0.904079 0.0958209
9.9991E-05 0.885001 0.114899
9.9991E-05 0.880082 0.119818
0.0180445 0.898243 0.0837126
9.9991E-05 0.914434 0.0854659
9.9991E-05 0.889898 0.110002
0.294367 0.705533 9.9991E-05
0.300178 0.699722 9.9991E-05
0.339805 0.660095 9.9991E-05
0.399054 0.600846 9.9991E-05
0.689805 0.00504161 0.305154
0.623418 9.9991E-05 0.376482
0.655699 9.9991E-05 0.344201
0.751355 0.014935 0.23371
0.849015 0.137608 0.0133772
0.539887 9.9991E-05 0.460013
0.625344 9.9991E-05 0.374556
0.677193 9.9991E-05 0.322707
0.738759 9.9991E-05 0.261141
0.540511 0.0201485 0.43934
0.738036 9.9991E-05 0.261864
0.945604 0.0542956 9.9991E-05
0.643378 0.0380344 0.318587
0.837742 0.0402832 0.121975
0.640565 9.9991E-05 0.359335
0.878199 0.0776951 0.0441063
0.66298 0.33692 9.9991E-05
0.68026 0.31964 9.9991E-05
0.735151 0.264749 9.9991E-05
0.716661 0.283239 9.9991E-05
0.773701 0.226199 9.9991E-05
0.710535 0.262146 0.0273188
9.9991E-05 0.85438 0.14552
9.9991E-05 0.836213 0.163687
9.9991E-05 0.738214 0.261686
9.9991E-05 0.764488 0.235412
9.9991E-05 0.797215 0.202685
0.431638 0.568262 9.9991E-05
0.41159 0.58831 9.9991E-05
0.426028 0.573872 9.9991E-05
9.9991E-05 0.812109 0.187791
0.456136 0.543764 9.9991E-05
0.164596 0.262411 0.572992
0.276752 0.132587 0.590661
0.149096 0.145236 0.705668
0.296866 0.243391 0.459743
0.393679 0.115505 0.490816
0.0311178 0.602782 0.3661
0.753904 0.0316014 0.214495
0.733784 0.0540694 0.212147
0.688824 0.205459 0.105717
0.698485 9.9991E-05 0.301415
0.910752 0.0891482 9.9991E-05
0.506552 0.0891977 0.404251
0.675289 0.0201757 0.304536
0.788406 0.0778823 0.133711
0.569636 0.06397 0.366394
0.869465 0.0876464 0.042889
0.672901 0.0130655 0.314034
0.653085 0.000468013 0.346447
0.405993 0.146474 0.447533
0.772733 9.9991E-05 0.227167
0.659872 0.0469379 0.29319
0.653543 9.9991E-05 0.346357
0.631587 9.9991E-05 0.368313
0.536907 9.9991E-05 0.462993
0.491102 0.0920629 0.416835
0.540817 0.0471642 0.412019
9.9991E-05 0.791322 0.208578
9.9991E-05 0.856157 0.143743
0.133157 0.794363 0.0724796
0.0278822 0.837481 0.134637
9.9991E-05 0.824277 0.175623
0.751359 0.144837 0.103805
0.571197 0.0808686 0.347934
0.356891 0.231422 0.411687
0.552395 9.9991E-05 0.447505
0.6268 0.0596183 0.313582
0.669204 0.112389 0.218407
0.718501 0.281399 9.9991E-05
0.664632 0.0482925 0.287075
0.734359 0.173289 0.0923522
0.636068 0.0454318 0.3185
0.704003 0.255176 0.0408217
0.482073 0.0809025 0.437024
0.78874 0.197061 0.0141992
0.662369 0.0715293 0.266102
0.636097 0.0782798 0.285623
0.739841 0.0907906 0.169369
0.568404 0.0529069 0.378689
0.533197 0.0152837 0.451519
0.812867 0.0313367 0.155797
0.563919 0.0569114 0.37917
0.611078 0.0371857 0.351737
0.939227 0.0606732 9.9991E-05
0.872118 0.050542 0.07734
0.638939 0.0363165 0.324745
0.873686 0.110653 0.0156618
0.77207 9.9991E-05 0.22783
0.808559 0.191097 0.000344053
0.890092 9.9991E-05 0.109808
0.7246 0.0642309 0.211169
0.529884 0.00683996 0.463276
0.892746 0.0090753 0.0981786
0.584935 0.0786409 0.336424
0.552165 0.0697661 0.378069
0.571461 0.0778898 0.35065
0.646813 9.9991E-05 0.353087
0.727584 0.0226659 0.24975
0.792798 0.0224776 0.184725
0.706241 0.0555478 0.238211
0.603991 9.9991E-05 0.395909
0.522609 0.00988227 0.467508
0.706379 0.0467215 0.246899
0.624586 9.9991E-05 0.375314
0.657884 0.103844 0.238272
0.613826 0.0138934 0.37228
0.515261 0.0677558 0.416983
0.595916 0.0764524 0.327632
0.227338 0.321001 0.451661
0.349488 0.134182 0.51633
0.336737 0.118524 0.54474
0.453395 0.0252274 0.521378
0.267306 0.133647 0.599047
0.730034 9.9991E-05 0.269866
0.397594 0.162094 0.440312
0.472585 0.387831 0.139585
0.427728 0.0663202 0.505952
0.361367 0.106255 0.532377
0.409904 0.0688182 0.521278
0.438371 0.192203 0.369426
0.363338 0.17408 0.462582
0.396698 0.0624368 0.540865
0.137438 0.673055 0.189508
0.38551 0.100371 0.514119
0.355562 0.0771505 0.567287
0.47762 0.0745845 0.447795
0.258494 0.202695 0.538811
0.387546 0.159433 0.453021
0.657214 9.9991E-05 0.342687
0.581266 0.027174 0.39156
0.970261 0.0296387 9.9991E-05
0.915844 0.0840564 9.9991E-05
0.553858 0.018395 0.427747
0.244754 0.156112 0.599135
0.280797 0.15736 0.561843
0.240563 0.343741 0.415697
0.305851 0.194605 0.499544
0.66118 0.177102 0.161718
0.636181 0.156308 0.207511
0.492557 9.9991E-05 0.507343
0.541399 9.9991E-05 0.458501
0.643401 0.109913 0.246686
0.537786 0.0334685 0.428746
0.504017 0.0564297 0.439553
0.45456 0.138723 0.406718
0.801687 0.0484866 0.149827
0.756738 0.0157491 0.227513
0.628134 0.041846 0.33002
0.640985 0.102584 0.256431
0.517449 0.108679 0.373871
0.754072 9.9991E-05 0.245828
0.885849 0.0517002 0.0624508
0.584563 9.9991E-05 0.415337
0.848283 9.9991E-05 0.151617
0.655842 0.0288009 0.315357
0.586235 9.9991E-05 0.413665
0.684542 0.0196045 0.295854
0.38851 0.1485 0.46299
0.484643 0.0999352 0.415422
0.316544 0.188859 0.494596
0.42444 0.163853 0.411708
0.406312 0.142712 0.450977
0.403326 0.152428 0.444247
0.519367 0.336985 0.143648
0.341615 0.03701 0.621375
0.316701 0.551949 0.13135
0.397353 9.9991E-05 0.602547
0.943203 0.013037 0.0437598
0.926907 0.0729933 9.9991E-05
0.737615 9.9991E-05 0.262285
0.571794 9.9991E-05 0.428106
0.792437 9.9991E-05 0.207463
0.652941 9.9991E-05 0.346959
0.657673 9.9991E-05 0.342227
0.0409039 0.802261 0.156835
0.118209 0.762294 0.119497
9.9991E-05 0.924507 0.0753932
9.9991E-05 0.901839 0.0980608
0.688276 0.00808896 0.303635
0.605473 0.00101044 0.393517
0.710438 9.9991E-05 0.289462
0.607732 9.9991E-05 0.392168
0.587073 0.0609111 0.352016
0.863517 0.0180067 0.118477
0.645392 9.9991E-05 0.354508
0.807485 9.9991E-05 0.192415
0.27888 0.259601 0.461519
0.677651 9.9991E-05 0.322249
0.791537 9.9991E-05 0.208363
0.687541 9.9991E-05 0.312359
0.769403 9.9991E-05 0.230497
0.651055 9.9991E-05 0.348845
0.584853 0.0257413 0.389406
0.9998 9.999E-05 9.999E-05
0.845471 0.00973126 0.144798
0.805876 9.9991E-05 0.194024
0.991919 0.00798088 9.9991E-05
0.727343 9.9991E-05 0.272557
0.922563 0.0199372 0.0575001
0.900111 0.0997886 9.9991E-05
0.626073 9.9991E-05 0.373827
0.80698 0.0584945 0.134525
0.673073 9.9991E-05 0.326827
0.4906 9.9991E-05 0.5093
0.723019 9.9991E-05 0.276881
0.791849 0.0152837 0.192867
0.623587 9.9991E-05 0.376313
0.671593 0.0137471 0.31466
0.805261 9.9991E-05 0.194639
0.565334 0.0239864 0.41068
0.257954 0.741946 9.9991E-05
0.12631 0.820472 0.0532186
0.0985708 0.901329 9.9991E-05
0.127531 0.870104 0.00236494
0.189281 0.810619 9.9991E-05
0.890457 0.0477018 0.0618415
0.858679 0.107611 0.0337097
0.897108 9.9991E-05 0.102792
0.558002 0.0380615 0.403936
0.529406 0.0810741 0.38952
0.753281 0.0151789 0.23154
0.592833 9.9991E-05 0.407067
0.658442 0.0711919 0.270366
0.652773 9.9991E-05 0.347127
0.594487 9.9991E-05 0.405413
0.842792 9.9991E-05 0.157108
0.793371 9.9991E-05 0.206529
0.844654 9.9991E-05 0.155246
0.521178 0.0982173 0.380605
0.740282 9.9991E-05 0.259618
0.71444 9.9991E-05 0.28546
0.258929 0.0372089 0.703862
0.213262 0.129762 0.656976
0.157813 0.134792 0.707395
0.0907429 0.177226 0.732031
0.264766 0.141043 0.594191
0.628142 9.9991E-05 0.371758
9.9991E-05 0.315099 0.684801
0.134891 0.166086 0.699023
0.400068 0.141218 0.458714
0.487458 0.131515 0.381027
0.640145 0.104503 0.255352
0.457652 0.154313 0.388036
0.569951 9.9991E-05 0.429949
0.102104 0.250837 0.647058
0.228185 0.1194 0.652415
0.0518008 0.106285 0.841914
0.272815 0.132572 0.594613
0.149562 0.173471 0.676967
0.223067 0.156177 0.620756
0.049359 0.228568 0.722073
0.213913 0.12239 0.663697
0.566233 0.0611705 0.372597
0.259639 0.189843 0.550518
9.9991E-05 0.216398 0.783502
0.226048 0.200033 0.573919
0.624704 0.24988 0.125416
0.537669 9.9991E-05 0.462231
0.227999 0.177344 0.594656
0.521283 0.104981 0.373736
0.507394 0.18289 0.309716
0.331162 0.231908 0.436931
0.237113 0.232074 0.530813
0.45319 0.0754557 0.471354
0.246171 0.126589 0.62724
0.190931 0.0515897 0.757479
9.9991E-05 0.297207 0.702693
0.464496 0.106194 0.42931
0.625642 0.108245 0.266113
0.617289 0.257871 0.12484
0.517412 0.0992843 0.383304
0.615132 0.0977965 0.287072
0.390754 0.199794 0.409451
0.442538 0.149305 0.408157
0.312407 0.498569 0.189024
0.306496 0.524389 0.169114
0.53439 0.15453 0.31108
0.275613 0.508338 0.216049
0.108695 0.600201 0.291104
0.463667 0.169282 0.367051
0.365525 0.242459 0.392016
0.29206 0.361909 0.346031
0.300031 0.433307 0.266663
0.438769 0.203236 0.357994
0.424154 0.345362 0.230484
0.268109 0.645851 0.0860396
0.406403 0.0743172 0.51928
0.266462 0.237658 0.495881
0.257893 0.231178 0.510929
0.241221 0.127429 0.63135
0.343086 0.083464 0.57345
0.371312 0.142996 0.485692
0.197199 0.334144 0.468657
0.240837 0.225318 0.533845
0.171367 0.262077 0.566555
0.270727 0.327522 0.401751
0.433168 0.226334 0.340498
0.400221 0.146793 0.452987
0.433873 0.0477679 0.518359
0.488801 0.0442139 0.466985
0.186403 0.273846 0.539751
0.304686 0.178552 0.516762
0.22666 0.426316 0.347024
0.28527 0.0998151 0.614915
0.176394 0.358068 0.465539
0.105124 0.851345 0.0435309
0.727205 0.272695 9.9991E-05
0.755603 0.244297 9.9991E-05
0.751177 0.248723 9.9991E-05
0.808412 0.191488 9.9991E-05
0.746217 0.253683 9.9991E-05
0.815779 0.184121 9.9991E-05
0.717033 0.282867 9.9991E-05
0.570676 0.429224 9.9991E-05
9.9991E-05 0.92586 0.0740401
0.0495063 0.861497 0.088997
9.9991E-05 0.873199 0.126701
0.124472 0.872629 0.00289928
9.9991E-05 0.895776 0.104124
0.0202875 0.952562 0.0271506
0.00150206 0.778102 0.220396
9.9991E-05 0.863279 0.136621
0.13661 0.73056 0.13283
9.9991E-05 0.873129 0.126771
9.9991E-05 0.979638 0.0202616
0.0119006 0.89442 0.0936791
9.9991E-05 0.938658 0.0612418
9.9991E-05 0.894007 0.105893
9.9991E-05 0.847482 0.152418
9.9991E-05 0.832509 0.167391
9.9991E-05 0.759115 0.240785
9.9991E-05 0.784306 0.215594
9.9991E-05 0.790192 0.209708
0.546759 0.16369 0.289551
0.555764 9.9991E-05 0.444136
0.521586 0.00709697 0.471317
0.76087 0.195512 0.0436173
0.548775 0.125004 0.326221
0.635425 0.286099 0.0784764
0.526778 0.085708 0.387514
0.663156 0.106733 0.230111
0.585044 0.0859694 0.328986
0.651889 9.9991E-05 0.348011
0.670334 0.118753 0.210914
0.551126 0.0563744 0.3925
0.573815 0.0459873 0.380197
0.855292 0.130475 0.0142336
0.805869 0.194031 9.9991E-05
0.702524 0.209005 0.0884713
0.56588 0.0620923 0.372028
0.563708 0.084868 0.351424
0.540092 0.112535 0.347373
0.491404 0.0236009 0.484995
0.350416 0.19335 0.456234
0.344969 0.132088 0.522943
0.276705 0.481045 0.242249
0.443344 0.101739 0.454917
0.330243 0.197119 0.472637
0.244146 0.618749 0.137106
0.264769 0.337375 0.397856
0.254388 0.371506 0.374106
0.288708 0.318887 0.392405
0.347059 0.139127 0.513813
0.291475 0.120751 0.587774
0.304723 0.127729 0.567548
0.374285 0.193903 0.431813
0.169293 0.462375 0.368333
