0.0904661 9.9991E-05 0.909434
0.0430188 9.9991E-05 0.956881
0.188704 0.0006836 0.810613
0.146939 0.0328663 0.820195
0.145127 9.9991E-05 0.854773
0.109235 0.204981 0.685784
0.0572344 0.0523603 0.890405
0.0443929 0.140294 0.815313
9.9991E-05 0.0581622 0.941738
0.149381 0.106972 0.743647
0.0042701 0.159161 0.836569
0.155438 0.790937 0.0536241
0.325214 0.650537 0.0242489
0.163043 0.662666 0.174291
0.28633 0.61723 0.0964394
0.321289 0.53789 0.140821
0.45358 0.487313 0.059107
0.318266 0.681634 9.9991E-05
0.24403 0.554908 0.201062
9.9991E-05 0.758601 0.241299
0.253546 0.706548 0.0399061
0.312315 0.611351 0.0763339
0.369684 0.588431 0.0418852
0.201621 0.715611 0.0827685
0.484393 0.515507 9.9991E-05
0.430215 0.537392 0.0323931
0.116592 0.710499 0.172909
0.25685 0.607819 0.135332
0.0642766 0.808092 0.127631
0.199813 9.9991E-05 0.800087
0.197587 9.9991E-05 0.802313
0.204905 0.00158417 0.79351
0.231622 0.0309634 0.737414
0.345941 0.653959 9.9991E-05
0.389409 0.575234 0.0353569
0.361898 0.638002 9.9991E-05
9.9991E-05 0.748106 0.251794
0.225744 0.774156 9.9991E-05
0.374821 0.586854 0.038325
0.50015 0.49975 9.9991E-05
0.364233 0.588525 0.0472414
0.404394 0.526201 0.0694055
0.0537617 0.896713 0.0495249
0.428605 0.571295 9.9991E-05
0.430493 0.549998 0.0195087
0.357602 0.506753 0.135646
0.150674 0.849226 9.9991E-05
0.453391 0.546509 9.9991E-05
0.435375 0.510193 0.0544319
9.9991E-05 0.86568 0.13422
0.0261012 0.907105 0.0667935
0.0337086 0.827842 0.138449
0.39419 0.527038 0.0787727
0.479709 0.520191 9.9991E-05
0.443394 0.535059 0.0215465
0.0597595 0.744653 0.195588
0.310622 0.689278 9.9991E-05
0.434144 0.491412 0.0744439
0.213276 0.667031 0.119694
0.0679637 0.604784 0.327252
0.331846 0.609825 0.058329
0.298796 0.605914 0.0952901
9.9991E-05 0.785272 0.214628
0.307075 0.692825 9.9991E-05
0.365231 0.588795 0.0459736
0.449054 0.477118 0.0738286
0.169628 0.684215 0.146157
0.322754 0.626141 0.0511046
0.402913 0.569786 0.0273017
0.0348879 0.819525 0.145587
0.21846 0.78144 9.9991E-05
0.117855 0.867227 0.0149176
0.433574 0.505802 0.060624
9.9991E-05 0.952734 0.0471658
9.9991E-05 0.971386 0.0285137
0.140068 0.859832 9.9991E-05
0.234842 0.75017 0.0149875
0.371045 0.540734 0.0882211
0.307744 0.692156 9.9991E-05
0.088354 0.859809 0.0518368
0.142627 0.790437 0.0669355
0.352583 0.529618 0.117799
0.191026 0.776678 0.0322955
0.28838 0.688482 0.023138
0.204333 0.795567 9.9991E-05
9.9991E-05 0.950081 0.0498186
0.398483 0.601417 9.9991E-05
0.144385 0.0505491 0.805066
0.110721 9.9991E-05 0.889179
0.140365 9.9991E-05 0.859535
0.103015 9.9991E-05 0.896885
0.156405 9.9991E-05 0.843495
0.0986756 9.9991E-05 0.901224
0.0897796 9.9991E-05 0.91012
0.389529 0.569339 0.0411318
0.380484 0.578987 0.0405292
9.9991E-05 0.940972 0.058928
0.382578 0.540669 0.0767531
0.277302 0.714959 0.00773906
0.384124 0.569075 0.0468005
0.373368 0.621366 0.00526664
0.334331 0.665569 9.9991E-05
9.9991E-05 0.885113 0.114787
0.347834 0.555514 0.0966521
0.421534 0.569752 0.00871335
0.318822 0.602272 0.0789063
0.19343 0.799961 0.00660824
0.314506 0.685394 9.9991E-05
0.226494 0.773406 9.9991E-05
0.23479 0.76511 9.9991E-05
0.240146 0.708903 0.0509508
0.328866 0.54285 0.128284
0.0867519 0.76535 0.147899
0.252079 0.56121 0.186711
0.321576 0.545619 0.132804
0.490575 0.469345 0.0400799
0.284439 0.702816 0.0127448
0.375013 0.61584 0.00914777
0.265007 0.668528 0.0664649
0.31622 0.620171 0.0636095
0.416615 0.55821 0.0251754
0.335255 0.604667 0.0600779
0.252626 0.720834 0.0265409
0.462687 0.537213 9.9991E-05
0.460453 0.523069 0.0164776
0.408084 0.591816 9.9991E-05
0.436141 0.563759 9.9991E-05
0.448983 0.537178 0.0138384
0.170016 0.671725 0.158259
0.405434 0.594466 9.9991E-05
0.459687 0.540213 9.9991E-05
0.149973 0.771814 0.0782127
0.0873458 0.762334 0.15032
0.337749 0.625197 0.0370533
0.0794045 0.870297 0.050298
0.0954744 0.758526 0.145999
0.209351 0.790549 9.9991E-05
0.118152 0.769556 0.112292
0.125301 0.78888 0.0858188
0.407137 0.568571 0.0242915
0.359366 0.524173 0.11646
0.342299 0.603453 0.0542478
0.0706034 0.833865 0.0955313
0.352576 0.554997 0.0924274
0.410196 0.589704 9.9991E-05
9.9991E-05 0.691384 0.308516
0.454438 0.507339 0.0382232
0.211806 0.661936 0.126258
0.392416 0.52313 0.0844534
0.120257 0.637248 0.242495
0.0422773 0.758937 0.198785
0.290869 0.66464 0.0444911
0.448456 0.523076 0.0284677
0.263724 0.605328 0.130947
0.151017 0.644811 0.204172
0.408849 0.503598 0.0875531
0.180625 0.819275 9.9991E-05
0.282625 0.712332 0.00504344
0.386846 0.52687 0.0862834
0.352202 0.281506 0.366292
0.168671 0.0861231 0.745206
0.112943 0.210101 0.676956
0.421833 0.0916065 0.486561
0.376565 0.623335 9.9991E-05
0.411563 0.562937 0.0255002
0.91733 0.08257 9.9991E-05
0.619331 0.328744 0.0519251
0.680065 0.24479 0.0751445
0.211233 0.759538 0.0292284
0.300537 0.626645 0.0728183
0.117792 0.803222 0.078985
0.373701 0.626199 9.9991E-05
0.293166 0.675137 0.0316971
0.39948 0.60042 9.9991E-05
0.128384 0.807641 0.0639749
0.448789 0.551111 9.9991E-05
0.381603 0.536098 0.0822994
0.902472 9.9991E-05 0.0974282
0.94481 9.9991E-05 0.05509
0.780889 0.128277 0.0908339
0.93099 0.0689101 9.9991E-05
0.898884 0.0173152 0.0838005
0.948374 9.9991E-05 0.0515262
0.903272 9.9991E-05 0.0966281
0.9935 9.9991E-05 0.00640011
0.950511 9.9991E-05 0.0493892
0.93263 9.9991E-05 0.0672702
0.93006 9.9991E-05 0.0698404
0.867081 0.0283975 0.104522
0.847015 9.9991E-05 0.152885
0.899492 9.9991E-05 0.100408
0.586265 0.30554 0.108196
0.767321 0.0835329 0.149146
0.895803 9.9991E-05 0.104097
0.903733 9.9991E-05 0.0961667
0.955845 9.9991E-05 0.0440549
0.880506 9.9991E-05 0.119394
0.946962 9.9991E-05 0.0529381
0.769051 0.139486 0.0914639
0.869997 9.9991E-05 0.129903
0.0165371 0.486294 0.497168
0.242721 0.501943 0.255336
0.34262 0.42893 0.22845
0.208284 0.44482 0.346897
0.377425 0.437575 0.185
0.205777 0.462586 0.331637
0.316582 0.519929 0.163489
0.41606 0.426081 0.157859
0.437111 0.419331 0.143558
0.408532 0.396946 0.194522
0.468322 0.374467 0.157211
0.0471002 0.0727202 0.88018
0.0823552 9.9991E-05 0.917545
0.0428236 9.9991E-05 0.957076
0.0496966 9.9991E-05 0.950203
0.0790575 9.9991E-05 0.920843
0.103407 9.9991E-05 0.896493
0.125347 9.9991E-05 0.874553
0.062721 9.9991E-05 0.937179
0.0985455 9.9991E-05 0.901354
0.145446 9.9991E-05 0.854454
9.9991E-05 0.307375 0.692525
9.9991E-05 0.273625 0.726275
9.9991E-05 0.319393 0.680507
9.9991E-05 0.41257 0.58733
0.283036 0.683217 0.0337468
0.318551 0.681349 9.9991E-05
0.384364 0.600743 0.014893
0.219118 0.737605 0.0432776
0.0156368 0.842323 0.14204
0.440985 0.558915 9.9991E-05
0.345809 0.654091 9.9991E-05
0.290647 0.709253 9.9991E-05
0.252077 0.747823 9.9991E-05
0.396717 0.603183 9.9991E-05
0.243569 0.750576 0.00585515
9.9991E-05 0.973485 0.0264153
0.308959 0.690941 9.9991E-05
0.157894 0.813441 0.0286649
0.340219 0.659681 9.9991E-05
9.9991E-05 0.931471 0.0684289
9.9991E-05 0.679774 0.320126
9.9991E-05 0.691014 0.308886
9.9991E-05 0.748985 0.250915
9.9991E-05 0.690179 0.309721
9.9991E-05 0.768953 0.230947
0.00681227 0.675832 0.317356
0.156271 9.9991E-05 0.843629
0.156798 0.0252302 0.817971
0.237055 9.9991E-05 0.762845
0.215403 9.9991E-05 0.784497
0.170385 9.9991E-05 0.829515
9.9991E-05 0.476091 0.523809
9.9991E-05 0.396025 0.603875
9.9991E-05 0.433277 0.566623
0.194189 9.9991E-05 0.805711
9.9991E-05 0.45933 0.54057
0.60116 0.151136 0.247704
0.524515 0.339115 0.13637
0.700762 0.159347 0.139891
0.455509 0.277231 0.26726
0.471806 0.374841 0.153352
0.325939 0.0965139 0.577547
0.169645 0.820239 0.010116
0.198084 0.77242 0.0294962
0.0967019 0.729492 0.173806
0.297067 0.702833 9.9991E-05
9.9991E-05 0.902382 0.0975175
0.347359 0.607176 0.0454643
0.29264 0.649872 0.0574886
0.121161 0.789718 0.0891211
0.394022 0.521661 0.0843168
0.00328796 0.868222 0.12849
0.319098 0.652665 0.0282364
0.33539 0.66451 9.9991E-05
0.409448 0.425895 0.164657
0.178945 0.820955 9.9991E-05
0.272065 0.642605 0.0853293
0.391041 0.608859 9.9991E-05
0.266958 0.732942 9.9991E-05
0.442878 0.557022 9.9991E-05
0.427558 0.552922 0.0195199
0.343798 0.56538 0.0908224
0.221909 9.9991E-05 0.777991
0.161256 9.9991E-05 0.838644
0.0433661 0.100547 0.856087
0.100597 0.0518332 0.84757
0.179003 9.9991E-05 0.820897
0.0812073 0.798923 0.11987
0.378175 0.574422 0.0474037
0.441068 0.379635 0.179297
0.461576 0.538324 9.9991E-05
0.324181 0.647568 0.0282508
0.229966 0.728926 0.0411089
9.9991E-05 0.711492 0.288408
0.340496 0.659404 9.9991E-05
0.0466466 0.739721 0.213632
0.264536 0.64357 0.0918943
0.019794 0.703281 0.276925
0.386773 0.541821 0.0714055
0.0809937 0.675319 0.243688
0.200571 0.707616 0.0918132
0.390738 0.586686 0.0225761
0.18002 0.727371 0.0926085
0.33891 0.612704 0.0483859
0.35437 0.617565 0.0280655
0.139625 0.80123 0.0591452
0.320871 0.642706 0.036423
0.309204 0.619136 0.07166
9.9991E-05 0.930336 0.0695641
0.114975 0.81907 0.065955
0.333968 0.665932 9.9991E-05
0.0132595 0.87368 0.113061
0.18522 0.81468 9.9991E-05
9.9991E-05 0.849079 0.150821
0.16972 0.83018 9.9991E-05
0.224476 0.668043 0.107482
0.479247 0.520653 9.9991E-05
0.0895901 0.874273 0.0361373
0.357384 0.616149 0.0264678
0.416671 0.552887 0.0304418
0.343249 0.656651 9.9991E-05
0.357069 0.611847 0.0310834
0.268425 0.676013 0.0555623
0.191304 0.784092 0.0246044
0.23399 0.687074 0.0789353
0.382181 0.617719 9.9991E-05
0.405276 0.586996 0.00772839
0.222338 0.664571 0.113091
0.364787 0.635113 9.9991E-05
0.264665 0.635607 0.0997281
0.367827 0.632073 9.9991E-05
0.353598 0.569868 0.0765336
0.382388 0.519612 0.0979996
0.391779 0.285837 0.322384
0.523834 0.353884 0.122282
0.489711 0.412957 0.0973323
0.502234 0.497666 9.9991E-05
0.514597 0.361434 0.123969
0.248282 0.751618 9.9991E-05
0.478537 0.43637 0.085093
0.167003 0.465094 0.367902
0.494726 0.396035 0.10924
0.555368 0.430063 0.0145688
0.540836 0.38635 0.0728143
0.328563 0.469707 0.20173
0.538269 0.279796 0.181935
0.536064 0.361456 0.10248
0.159798 0.161608 0.678593
0.489291 0.312385 0.198324
0.59412 0.310202 0.0956775
0.502605 0.391333 0.106062
0.596555 0.293928 0.109517
0.472979 0.4093 0.117721
0.310143 0.672596 0.0172605
0.398865 0.568578 0.0325573
9.999E-05 0.9998 9.999E-05
9.9991E-05 0.8984 0.1015
0.388265 0.568933 0.0428014
0.590436 0.325862 0.0837023
0.568106 0.280537 0.151358
0.425631 0.298786 0.275583
0.537758 0.252288 0.209954
0.168725 0.649189 0.182086
0.219565 0.617734 0.162701
0.427659 0.572241 9.9991E-05
0.415481 0.539531 0.0449877
0.241605 0.641627 0.116767
0.435021 0.547652 0.0173269
0.451466 0.536493 0.0120404
0.356733 0.527397 0.11587
0.127973 0.85833 0.0136974
0.221444 0.776409 0.0021467
0.298877 0.666012 0.0351113
0.20206 0.717354 0.0805856
0.359226 0.564554 0.0762201
0.296215 0.703685 9.9991E-05
0.0888254 0.879175 0.0319994
0.380921 0.618979 9.9991E-05
0.0833168 0.877604 0.0390792
0.238995 0.711503 0.0495011
0.392107 0.607793 9.9991E-05
0.312847 0.665044 0.022109
0.531055 0.360051 0.108894
0.424245 0.365644 0.210111
0.436072 0.363239 0.200689
0.418148 0.322007 0.259845
0.529753 0.376093 0.0941541
0.478038 0.360948 0.161015
0.0835421 0.564372 0.352086
0.58966 0.41024 9.9991E-05
0.0892 0.29614 0.61466
0.520058 0.39634 0.0836027
0.0114118 0.959554 0.0290337
9.9991E-05 0.92179 0.0781096
0.295661 0.704239 9.9991E-05
0.423926 0.575974 9.9991E-05
0.225953 0.773947 9.9991E-05
0.291842 0.708058 9.9991E-05
0.342317 0.657583 9.9991E-05
0.0927706 0.0755662 0.831663
0.123664 0.0915137 0.784823
0.122579 9.9991E-05 0.877321
0.0833547 9.9991E-05 0.916545
0.397212 0.602688 9.9991E-05
0.364327 0.635573 9.9991E-05
0.27313 0.72677 9.9991E-05
0.3945 0.578205 0.0272952
0.322166 0.605043 0.0727916
0.0945743 0.847592 0.0578341
0.354162 0.645738 9.9991E-05
0.153526 0.846374 9.9991E-05
0.500223 0.277503 0.222274
0.286489 0.713411 9.9991E-05
0.188811 0.811089 9.9991E-05
0.344261 0.655639 9.9991E-05
0.211118 0.788782 9.9991E-05
0.33866 0.66124 9.9991E-05
0.36278 0.603888 0.0333316
0.0252721 0.974628 9.9991E-05
0.176669 0.811135 0.0121956
0.208812 0.791088 9.9991E-05
9.999E-05 0.9998 9.999E-05
0.22364 0.77626 9.9991E-05
0.0246395 0.918197 0.0571633
9.9991E-05 0.932033 0.0678675
0.356822 0.643078 9.9991E-05
0.120848 0.852077 0.0270744
0.300212 0.699688 9.9991E-05
0.449292 0.505246 0.0454623
0.258683 0.741217 9.9991E-05
0.187825 0.795214 0.0169617
0.386794 0.613106 9.9991E-05
0.35932 0.64058 9.9991E-05
0.136049 0.863851 9.9991E-05
0.357225 0.642675 9.9991E-05
9.9991E-05 0.245391 0.754509
0.0972435 0.123992 0.778764
9.9991E-05 0.083852 0.916048
9.9991E-05 0.106881 0.893019
0.0205976 0.165901 0.813501
0.0669493 0.878897 0.0541535
9.9991E-05 0.894683 0.105217
0.0977645 0.902136 9.9991E-05
0.467611 0.525732 0.00665637
0.362208 0.597575 0.0402173
0.217482 0.726974 0.0555442
0.428288 0.571612 9.9991E-05
0.277004 0.681218 0.041778
0.297428 0.702472 9.9991E-05
0.408783 0.591117 9.9991E-05
0.166164 0.831619 0.00221693
0.182434 0.817466 9.9991E-05
0.153372 0.846528 9.9991E-05
0.323074 0.609364 0.067562
0.219724 0.780176 9.9991E-05
0.254608 0.722879 0.022513
0.776701 0.223199 9.9991E-05
0.729797 0.177107 0.0930959
0.706216 0.188546 0.105238
0.700068 0.122377 0.177555
0.663024 0.261899 0.0750769
0.30911 0.69079 9.9991E-05
0.65369 9.9991E-05 0.34621
0.681827 0.0949368 0.223236
0.453656 0.392698 0.153645
0.320517 0.592621 0.0868624
0.279343 0.55499 0.165667
0.410593 0.527625 0.0617822
0.41104 0.571955 0.0170051
0.734298 0.0267356 0.238966
0.601729 0.277233 0.121038
0.74928 0.140981 0.109738
0.646931 0.212063 0.141006
0.745284 0.0942468 0.160469
0.618617 0.278333 0.10305
0.722671 0.115307 0.162023
0.643595 0.25015 0.106254
0.3338 0.563647 0.102552
0.623392 0.217267 0.159342
0.76757 9.9991E-05 0.23233
0.579966 0.278855 0.141179
0.129284 0.615569 0.255147
0.43784 0.56206 9.9991E-05
0.479787 0.274387 0.245826
0.412035 0.533694 0.0542713
0.299479 0.559091 0.141429
0.504057 0.276902 0.219042
0.480427 0.250512 0.269061
0.403699 0.458269 0.138032
0.603069 0.302276 0.0946551
0.708678 0.185474 0.105847
0.697477 9.9991E-05 0.302423
0.465431 0.511625 0.0229436
0.310277 0.568908 0.120816
0.166732 0.621802 0.211466
0.416844 0.495666 0.0874897
0.275861 0.568175 0.155964
0.487347 0.308519 0.204135
0.357086 0.525218 0.117696
0.168559 0.351957 0.479484
0.0946841 0.363585 0.541731
0.299864 0.506109 0.194027
0.231083 0.293201 0.475716
0.258934 0.130932 0.610134
0.369359 0.440419 0.190222
0.39287 0.362984 0.244146
0.294987 0.351952 0.353061
0.213578 0.383157 0.403265
0.43746 0.439782 0.122758
0.228155 0.468301 0.303545
0.0416768 0.263546 0.694777
0.504713 0.445282 0.0500042
0.382046 0.374654 0.243301
0.506034 0.225282 0.268684
0.597761 0.259605 0.142633
0.49095 0.34501 0.164039
0.541388 0.300638 0.157974
0.454749 0.174783 0.370468
0.471826 0.355021 0.173153
0.557337 0.224686 0.217978
0.482329 0.267868 0.249802
0.279777 0.495459 0.224764
0.409794 0.455645 0.134561
0.399019 0.419973 0.181007
0.448604 0.495162 0.0562335
0.502039 0.199329 0.298632
0.562772 0.298609 0.138619
0.328215 0.247272 0.424513
0.510455 0.309755 0.17979
0.429276 0.217428 0.353296
0.041865 0.112083 0.846052
9.9991E-05 0.715506 0.284394
9.9991E-05 0.719621 0.280279
9.9991E-05 0.742353 0.257547
9.9991E-05 0.763311 0.236589
9.9991E-05 0.755745 0.244155
9.9991E-05 0.797541 0.202359
9.9991E-05 0.702966 0.296934
9.9991E-05 0.586131 0.413769
0.0961102 9.9991E-05 0.90379
0.120063 0.0634082 0.816529
0.089985 9.9991E-05 0.909915
0.0436518 0.0997818 0.856566
0.101343 9.9991E-05 0.898557
0.0516372 9.9991E-05 0.948263
0.223087 0.0143667 0.762546
0.147212 9.9991E-05 0.852688
0.134318 0.138593 0.727089
0.115408 9.9991E-05 0.884492
0.0665634 9.9991E-05 0.933337
0.131204 9.9991E-05 0.868696
0.0736127 9.9991E-05 0.926287
0.101735 9.9991E-05 0.898165
0.181646 0.00133362 0.81702
0.172383 9.9991E-05 0.827517
0.248281 9.9991E-05 0.751619
0.221028 9.9991E-05 0.778872
0.205685 9.9991E-05 0.794215
0.217487 0.628882 0.153631
0.368046 0.576443 0.0555109
0.437664 0.511608 0.0507285
0.0588852 0.735375 0.20574
0.291318 0.619107 0.0895751
0.0997077 0.627619 0.272673
0.495378 0.455963 0.0486591
0.250278 0.648516 0.101206
0.344736 0.648478 0.0067861
0.274273 0.725001 0.000726017
0.282276 0.583926 0.133798
0.347747 0.580579 0.0716741
0.313543 0.622668 0.0637893
9.9991E-05 0.895261 0.104639
9.9991E-05 0.799777 0.200123
0.0571274 0.737186 0.205687
0.4132 0.576038 0.0107622
0.323645 0.571091 0.105264
0.324512 0.579279 0.0962096
0.458706 0.541194 9.9991E-05
0.496186 0.351871 0.151943
0.553291 0.264351 0.182358
0.247831 0.304212 0.447958
0.37273 0.512829 0.114442
0.407512 0.405958 0.18653
0.166086 0.23735 0.596563
0.401931 0.244628 0.353441
0.442768 0.210137 0.347095
0.353563 0.380385 0.266052
0.462249 0.359133 0.178618
0.525511 0.307716 0.166773
0.555484 0.37977 0.0647456
0.474457 0.399322 0.126221
0.410489 0.0890521 0.500459
