0.0403635 0.0565266 9.9982E-05 0.90291 9.9982E-05
9.9973E-05 9.9973E-05 9.9973E-05 0.93156 0.0681403
0.0290888 0.0478109 0.120265 0.802735 9.9991E-05
0.037492 0.113159 0.034492 0.814757 9.9991E-05
0.00589176 9.9982E-05 0.0939299 0.899978 9.9982E-05
0.0205865 0.0455487 0.166241 0.615887 0.151737
0.026413 9.9982E-05 9.9982E-05 0.849981 0.123406
9.999E-05 0.0915902 0.0456951 0.705372 0.157242
9.9982E-05 0.0843004 9.9982E-05 0.851757 0.0637423
0.117251 0.0361089 0.0764939 0.688424 0.0817224
9.999E-05 0.0763789 0.0510365 0.755277 0.117207
0.117186 0.532853 0.231087 9.9991E-05 0.118773
0.184897 0.358411 0.455767 0.000824778 9.9991E-05
0.19375 0.523869 0.134039 9.9991E-05 0.148242
0.188268 0.435789 0.271616 9.9991E-05 0.104228
0.134563 0.260781 0.436287 0.131033 0.0373365
0.160589 0.11516 0.560231 0.0510833 0.112936
0.0810707 0.243718 0.493078 0.0276281 0.154505
0.110787 0.359451 0.351611 0.130693 0.0474582
0.0520865 0.651872 0.0669943 0.0662217 0.162825
0.0767582 0.338555 0.436017 0.0379787 0.110691
0.0891516 0.127579 0.548762 0.0768231 0.157685
0.0833159 0.188216 0.619709 0.055949 0.0528097
0.145568 0.402419 0.329379 9.9991E-05 0.122535
0.152125 0.185727 0.581168 0.0208064 0.0601742
0.136793 0.292888 0.565354 0.00486481 9.9991E-05
0.166023 0.568048 0.207916 9.9991E-05 0.0579126
0.224751 0.532261 0.193303 9.9991E-05 0.0495852
0.0758931 0.50502 0.275078 9.9991E-05 0.143909
0.0341347 9.9982E-05 0.118071 0.847595 9.9982E-05
9.9973E-05 9.9973E-05 0.189668 0.810032 9.9973E-05
0.0358492 9.9982E-05 0.174511 0.78944 9.9982E-05
0.063108 9.9982E-05 0.182339 0.754353 9.9982E-05
0.00427483 0.15242 0.660787 0.0631722 0.119346
0.0402939 0.175209 0.64016 0.0708199 0.0735163
9.9982E-05 9.9982E-05 0.720109 0.0490109 0.23068
0.0731578 0.640565 0.168633 0.0285486 0.0890961
0.0224612 0.130773 0.430738 9.9991E-05 0.415928
0.0789122 0.237515 0.529141 0.0312218 0.12321
0.00956587 0.0111079 0.829105 0.0180951 0.132126
0.0606842 0.12983 0.565157 0.113002 0.131327
9.9991E-05 0.0370152 0.703035 0.168784 0.0910653
9.9982E-05 0.316763 0.37841 9.9982E-05 0.304627
0.0286379 0.00460412 0.689126 0.0983376 0.179295
0.0868054 9.9991E-05 0.697254 0.0562365 0.159604
0.0903276 0.010095 0.606811 0.172526 0.120241
9.9982E-05 0.00645707 0.543371 9.9982E-05 0.449972
0.1354 0.0102174 0.695174 0.0159963 0.143212
0.0444844 0.10758 0.691097 0.0852219 0.0716166
9.9982E-05 0.0562134 9.9982E-05 0.0736527 0.869934
9.9982E-05 0.498042 0.205886 9.9982E-05 0.295872
0.0407649 0.178493 0.192825 9.9991E-05 0.587817
0.0906536 0.0960385 0.62163 0.107245 0.0844332
0.039413 0.0389129 0.650764 0.158901 0.112009
0.0213043 0.0579431 0.695702 0.0438199 0.18123
9.9991E-05 0.382288 0.255943 0.10105 0.260619
0.0559156 0.232522 0.607987 0.00432437 0.0992507
0.0940573 0.105594 0.600687 0.0903186 0.109343
9.9991E-05 0.196804 0.544336 0.0964421 0.162318
0.101232 0.410533 0.0687815 0.186935 0.232519
0.0555968 0.152111 0.656105 0.0511044 0.0850832
0.0853071 0.297919 0.456294 0.057304 0.103176
9.9991E-05 0.641029 0.0724876 0.0351358 0.251248
0.0962195 0.3285 0.517188 0.0100414 0.0480513
9.9991E-05 0.0650604 0.706496 0.0744179 0.153925
0.0963186 0.109728 0.58342 0.112434 0.0980985
0.0360644 0.356354 0.358659 0.0426956 0.206227
0.132103 0.293429 0.408958 0.0231898 0.14232
0.0742026 0.159342 0.672582 9.9991E-05 0.0937737
0.0135264 0.499075 0.288685 9.9991E-05 0.198613
9.9982E-05 0.0677188 0.704134 9.9982E-05 0.227947
9.9982E-05 0.319244 0.426382 9.9982E-05 0.254174
0.0651204 0.172621 0.593034 0.0688637 0.10036
0.140266 0.0532168 0.546112 0.168359 0.0920463
9.9982E-05 0.0306572 0.239007 9.9982E-05 0.730135
9.9982E-05 0.063079 0.217052 9.9982E-05 0.719669
9.9982E-05 0.00494368 0.496042 9.9982E-05 0.498815
9.9991E-05 0.0765938 0.649466 0.0120278 0.261813
0.106478 0.111615 0.553257 0.089587 0.139063
0.0022809 0.0492577 0.646112 0.011518 0.290832
0.0407535 0.333908 0.3604 9.9991E-05 0.264838
9.9991E-05 0.339457 0.399243 0.00253014 0.25867
0.0259335 0.113223 0.661981 0.125766 0.0730962
0.0406739 0.116023 0.466941 0.0139196 0.362442
0.0114628 0.0645261 0.642661 0.047766 0.233584
9.9991E-05 0.0549864 0.664365 0.000668859 0.27988
9.9991E-05 0.0550377 0.214987 0.0178246 0.712051
0.0111914 0.0117578 0.696072 0.0667567 0.214222
9.9982E-05 0.0554433 0.110699 0.833658 9.9982E-05
9.9973E-05 9.9973E-05 0.0942529 0.905447 9.9973E-05
0.0868099 0.0240602 0.00772889 0.881301 9.9991E-05
9.9973E-05 9.9973E-05 0.0585345 0.941166 9.9973E-05
0.0425702 9.9991E-05 0.0519653 0.873034 0.0323306
0.0280445 9.9991E-05 0.0316724 0.929773 0.01041
9.9973E-05 9.9973E-05 0.0592669 0.940433 9.9973E-05
0.0574828 0.141114 0.64323 0.102923 0.0552499
0.109057 0.0524315 0.676529 0.0198262 0.142157
9.9982E-05 0.231497 0.251312 9.9982E-05 0.51699
0.14641 0.0422552 0.510467 0.148546 0.152321
9.9991E-05 0.0889514 0.620434 0.0586986 0.231816
9.9982E-05 9.9982E-05 0.837897 0.0534716 0.108432
9.9991E-05 0.105706 0.651027 0.0419956 0.201172
0.0693038 9.9982E-05 0.654893 9.9982E-05 0.275603
9.9991E-05 0.347668 0.121724 0.00476213 0.525745
0.137196 0.192505 0.560336 0.0526086 0.0573549
0.0564375 0.00789431 0.706958 0.109608 0.119103
0.106419 0.193526 0.597183 0.0684076 0.0344642
9.9982E-05 0.0183988 0.465944 9.9982E-05 0.515458
0.0480149 9.9991E-05 0.652839 0.000770761 0.298275
9.9991E-05 0.211149 0.573869 0.00804856 0.206834
0.0382318 0.0365142 0.539929 0.000691451 0.384633
9.9991E-05 0.136161 0.606615 0.0738487 0.183276
0.0199252 0.0688964 0.71925 0.124853 0.0670757
0.0974261 0.350621 0.276854 0.0195513 0.255548
0.194724 0.122201 0.533907 0.134049 0.0151191
9.9982E-05 0.331981 0.48467 0.183149 9.9982E-05
0.0954729 0.26621 0.53769 0.0879013 0.0127258
0.117079 0.175905 0.651318 0.055598 9.9991E-05
9.9991E-05 0.364281 0.498244 0.0836629 0.0537117
0.157623 0.260079 0.559237 0.0117971 0.0112634
0.0367306 0.389449 0.46602 9.9991E-05 0.107701
0.0230204 0.144227 0.619017 0.115408 0.0983274
0.116167 0.0993399 0.654463 0.070173 0.0598572
9.9991E-05 0.0682201 0.626261 0.0725368 0.232882
9.9991E-05 0.289369 0.63079 0.0294674 0.0502735
0.15138 0.204664 0.55795 9.9991E-05 0.0859056
0.0697995 0.129276 0.604485 0.116562 0.0798769
0.0898519 0.265728 0.59723 9.9991E-05 0.0470902
0.0855616 0.187283 0.578162 0.0688174 0.0801761
0.128046 0.178055 0.610368 9.9991E-05 0.0834301
9.9991E-05 0.304308 0.366872 0.152293 0.176428
0.105123 0.193035 0.667199 0.00643813 0.028205
0.0938075 0.218414 0.687579 9.9982E-05 9.9982E-05
0.0560811 0.454665 0.322291 0.0470252 0.119938
0.0552612 0.341723 0.1749 9.9991E-05 0.428016
0.126374 0.22159 0.489182 0.0118508 0.151003
0.105567 0.344513 0.118238 9.9991E-05 0.431582
9.9991E-05 0.418407 0.382062 0.00665612 0.192775
0.0526363 0.299426 0.466808 9.9991E-05 0.18103
9.9982E-05 0.525087 0.39293 9.9982E-05 0.0817829
0.0537881 0.583003 0.334994 0.0052958 0.0229188
0.0959741 0.156173 0.679469 0.0116274 0.0567567
0.262249 0.188118 0.439329 0.0542117 0.0560925
0.106158 0.176151 0.513896 0.0930604 0.110735
0.077206 0.404803 0.178488 0.00708912 0.332413
0.0205558 0.120668 0.661125 0.13866 0.0589904
0.0727092 0.0842772 0.553548 0.0579194 0.231546
9.9991E-05 0.200794 0.0662124 0.20525 0.527644
0.0492305 9.9991E-05 0.768673 0.0395225 0.142474
0.0338285 0.142791 0.407145 0.0619365 0.354299
0.130132 0.0712983 0.516906 0.142333 0.139331
0.0262736 0.037874 0.322295 0.146202 0.467355
9.9991E-05 0.108188 0.291342 0.0911359 0.509234
0.0746775 0.0889261 0.486798 0.223178 0.12642
9.9991E-05 0.181121 0.545031 0.0656614 0.208087
0.11406 0.0759822 0.550282 0.0548401 0.204836
0.0665208 0.194383 0.430946 0.127259 0.180892
0.0614117 0.0907929 0.541647 0.164693 0.141455
0.133692 0.000483784 0.641531 0.143959 0.0803346
0.17229 0.198988 0.0486987 0.0936307 0.486393
0.0729994 0.0560099 0.617981 0.0886128 0.164397
0.0883826 0.0738633 0.594173 0.110083 0.133498
9.9982E-05 0.0969996 0.482592 9.9982E-05 0.420208
0.0232275 0.0506825 0.517215 0.0395436 0.369332
0.110038 0.0940681 0.628041 0.057061 0.110792
0.103642 0.0888327 0.505585 0.194274 0.107667
0.278253 0.0271571 0.45484 0.100129 0.139621
0.268545 9.9991E-05 0.111063 0.350979 0.269313
0.151031 9.9982E-05 9.9982E-05 0.56434 0.284428
0.135939 9.9982E-05 9.9982E-05 0.466753 0.397108
0.392256 9.9982E-05 9.9982E-05 0.432056 0.175488
0.0212343 9.9982E-05 0.756225 9.9982E-05 0.222341
0.044288 0.0937008 0.59214 0.108154 0.161718
0.727776 9.9973E-05 0.271924 9.9973E-05 9.9973E-05
0.491169 0.0675259 0.40688 0.0343244 9.9991E-05
0.399003 0.137421 0.327321 0.11551 0.0207451
9.9991E-05 0.0353995 0.420257 0.035273 0.508971
0.123892 0.0991163 0.47468 0.0316283 0.270684
0.0442552 9.9991E-05 0.260344 0.00735631 0.687945
0.0325359 0.000531463 0.66643 0.00684734 0.293656
0.0543152 0.0780877 0.509763 0.009583 0.348251
0.0603539 9.9991E-05 0.617599 0.0341917 0.287755
0.0305897 0.0460366 0.266387 0.0304804 0.626507
0.09254 0.0306552 0.673804 0.0506335 0.152368
0.0874737 0.0255722 0.557782 0.058815 0.270357
0.0813309 0.0137393 0.554562 0.178125 0.172243
0.274336 0.171771 0.373561 0.107648 0.0726846
0.989 9.9973E-05 9.9973E-05 0.0106996 9.9973E-05
0.888858 0.0482275 0.0610489 9.9991E-05 0.0017654
0.627351 0.0549622 0.242703 0.0748836 9.9991E-05
0.738056 0.0181893 0.234156 0.00949803 9.9991E-05
0.856443 0.0412494 0.0731785 0.0213245 0.00780435
0.9996 9.997E-05 9.997E-05 9.997E-05 9.997E-05
0.963277 0.0332757 9.9982E-05 9.9982E-05 0.00324711
0.899658 9.9973E-05 0.100042 9.9973E-05 9.9973E-05
0.932944 0.00126427 0.065592 9.9982E-05 9.9982E-05
0.9996 9.997E-05 9.997E-05 9.997E-05 9.997E-05
0.9996 9.997E-05 9.997E-05 9.997E-05 9.997E-05
0.743792 0.0332215 0.209075 0.0138108 9.9991E-05
0.81637 0.101883 0.00769099 0.0739565 9.9991E-05
0.984039 9.9973E-05 0.0156616 9.9973E-05 9.9973E-05
0.402893 0.185544 0.351117 0.0603465 9.9991E-05
0.610858 0.0823821 0.202169 0.104492 9.9991E-05
0.718884 0.0314308 0.232342 0.0172428 9.9991E-05
0.905026 0.0514235 0.0433508 9.9982E-05 9.9982E-05
0.987774 9.9973E-05 9.9973E-05 0.0119257 9.9973E-05
0.90372 9.9982E-05 0.0285998 0.0674805 9.9982E-05
0.9996 9.997E-05 9.997E-05 9.997E-05 9.997E-05
0.605314 0.0371304 0.234437 0.0693286 0.0537906
0.899653 0.0455466 0.0484466 9.9991E-05 0.00625348
0.0831391 9.9982E-05 9.9982E-05 0.398172 0.518489
0.116347 0.217979 0.392007 0.163954 0.109713
0.11106 0.0277285 0.365812 0.265402 0.229998
0.166637 9.9991E-05 0.163475 0.255587 0.414201
0.13016 0.0720898 0.516529 0.11868 0.162541
0.16761 9.9991E-05 0.182347 0.256964 0.39298
0.0907857 9.9991E-05 0.566491 0.220051 0.122572
0.0961762 0.133284 0.381106 0.209772 0.179662
0.212699 9.9991E-05 0.311797 0.17688 0.298524
0.153968 9.9991E-05 0.470938 0.13786 0.237134
0.263367 9.9991E-05 0.356187 0.139947 0.240399
0.173352 0.0527166 0.461944 0.13823 0.173758
0.0946648 0.0129985 0.5125 0.221357 0.158479
9.9991E-05 0.0431877 0.0652725 0.854497 0.0369433
0.0878109 0.00755432 9.9982E-05 0.904435 9.9982E-05
9.9982E-05 0.0209464 9.9982E-05 0.954167 0.0246862
9.9973E-05 0.049862 9.9973E-05 0.949838 9.9973E-05
9.9991E-05 0.000813108 0.086235 0.91185 0.00100228
0.113643 9.9973E-05 9.9973E-05 0.886058 9.9973E-05
0.0595785 9.9982E-05 0.057108 0.883113 9.9982E-05
9.9991E-05 0.00512913 0.0123994 0.883567 0.098804
0.0154693 0.0489486 0.0284933 0.889141 0.0179479
0.106844 0.0118151 9.9991E-05 0.837254 0.0439866
9.9982E-05 0.291749 9.9982E-05 0.585335 0.122715
9.9982E-05 0.376321 9.9982E-05 0.567568 0.0559105
9.9982E-05 0.342155 9.9982E-05 0.521881 0.135765
9.9982E-05 0.438565 9.9982E-05 0.469356 0.0918794
9.9991E-05 0.145127 0.719014 0.0605634 0.075196
9.9982E-05 0.128811 0.747053 9.9982E-05 0.123936
0.0602356 0.187343 0.666071 9.9991E-05 0.0862504
0.114085 0.0887165 0.510775 0.158573 0.12785
9.9991E-05 0.344276 0.473992 0.0637281 0.117904
9.9982E-05 0.720065 0.21536 9.9982E-05 0.0643748
0.0797958 0.0918765 0.705023 0.00964955 0.113656
9.9982E-05 0.17333 0.659988 9.9982E-05 0.166482
0.0354454 0.0719648 0.641695 0.00594659 0.244948
9.9982E-05 0.0313766 0.564759 9.9982E-05 0.403664
0.0569487 0.0648016 0.740983 0.0574987 0.0797675
0.0242983 0.187644 0.551508 9.9991E-05 0.236449
9.9982E-05 0.13106 0.0762069 9.9982E-05 0.792533
9.9982E-05 0.176653 0.714936 9.9982E-05 0.108211
9.9991E-05 0.0496697 0.408744 0.00244609 0.53904
9.9991E-05 0.0594044 0.644773 0.0225502 0.273173
9.9982E-05 0.325252 0.327896 9.9982E-05 0.346652
9.9982E-05 0.809726 9.9982E-05 0.127114 0.0629602
9.9982E-05 0.807589 0.0597867 0.132425 9.9982E-05
9.9982E-05 0.939368 9.9982E-05 0.0405909 0.019841
9.9982E-05 0.890387 9.9982E-05 0.0930715 0.0163415
0.00904796 0.888418 0.0371936 9.9991E-05 0.0652406
0.0855735 0.804824 0.0555229 0.05398 9.9991E-05
0.0619582 9.9982E-05 0.0708115 0.86703 9.9982E-05
0.0178588 0.0838 0.0953717 0.80287 9.9991E-05
0.0969807 9.9982E-05 0.110447 0.792373 9.9982E-05
0.136419 0.115282 0.0379098 0.710289 9.9991E-05
0.107518 0.0229423 0.096705 0.772735 9.9991E-05
9.9982E-05 0.521368 9.9982E-05 0.404428 0.0740034
9.9982E-05 0.39067 9.9982E-05 0.485684 0.123446
9.9982E-05 0.453215 9.9982E-05 0.452075 0.0945094
0.0383507 0.0359225 0.118392 0.807235 9.9991E-05
9.9991E-05 0.46657 0.0366373 0.388587 0.108105
0.386414 9.9991E-05 0.273628 0.153813 0.186045
0.280837 0.0527509 0.504766 0.161546 9.9991E-05
0.236388 9.9982E-05 0.585623 0.177789 9.9982E-05
0.251162 9.9991E-05 0.431089 0.252244 0.0654056
0.195313 0.0103682 0.470544 0.245625 0.0781504
0.371333 9.9982E-05 9.9982E-05 0.382501 0.245967
0.00576466 0.341793 0.552357 9.9991E-05 0.0999851
9.9982E-05 0.248186 0.48078 9.9982E-05 0.270834
0.00113726 0.538589 0.392878 0.0672965 9.9991E-05
0.0547787 0.174039 0.473032 9.9991E-05 0.29805
9.9973E-05 0.209114 9.9973E-05 9.9973E-05 0.790586
0.134421 0.196412 0.44853 0.0768509 0.143785
0.0253171 0.214583 0.570094 0.078198 0.111808
9.9991E-05 0.45741 0.42099 0.0587531 0.0627469
0.190292 0.140892 0.472286 0.0628361 0.133694
0.00361811 0.30517 0.158611 0.0120062 0.520595
0.109876 0.23136 0.490705 9.9991E-05 0.16796
0.0230673 0.292946 0.558383 0.0281491 0.0974548
0.179527 0.112621 0.419061 0.162151 0.126641
0.0583111 0.341647 0.41655 9.9991E-05 0.183392
0.0602611 0.267104 0.494404 9.9991E-05 0.178132
0.0376124 0.127908 0.607343 0.0527534 0.174383
9.9991E-05 0.148901 0.673176 0.0339271 0.143896
0.109997 0.0909566 0.639097 0.024064 0.135886
0.0880808 0.18895 0.591729 9.9991E-05 0.13114
0.0362348 0.119692 0.659373 0.110393 0.0743076
0.0637399 9.9982E-05 0.141015 0.795045 9.9982E-05
0.0231861 9.9991E-05 0.114482 0.857353 0.00487889
0.0069796 0.0349813 0.0492984 0.811881 0.0968596
0.0398254 0.025592 0.0543218 0.79762 0.0826406
0.0543065 9.9982E-05 0.107462 0.838031 9.9982E-05
0.0832995 0.622447 0.193525 9.9991E-05 0.100628
0.244298 0.155686 0.402134 0.0231411 0.174741
0.175854 0.00275846 0.460421 0.166288 0.194678
0.177345 0.161482 0.660973 9.9982E-05 9.9982E-05
0.080096 0.3921 0.496482 0.00599019 0.025331
0.170561 0.393411 0.164257 9.9991E-05 0.271672
9.9991E-05 0.67421 0.0238732 0.114855 0.186961
0.0604641 0.318843 0.507112 0.0187457 0.0948352
0.0274716 0.543782 0.230677 0.062128 0.135942
0.0285497 0.133085 0.475336 0.100672 0.262357
0.0765633 0.56868 0.133088 0.0975774 0.124091
0.16181 0.234936 0.543956 0.0591973 9.9991E-05
0.115523 0.589526 0.174497 0.0181261 0.102328
0.138383 0.067076 0.437681 0.165479 0.191382
0.127708 0.257957 0.361492 9.9991E-05 0.252742
0.0770116 0.167571 0.511776 0.0547326 0.188909
0.0409595 0.0529041 0.327396 0.0483846 0.530356
0.0190641 0.0491427 0.637249 0.0704425 0.224102
0.0352544 0.104115 0.612332 0.123713 0.124587
9.9991E-05 0.050228 0.434981 0.0254688 0.489222
0.0763205 0.0884672 0.610181 0.177922 0.0471088
0.0425865 0.158109 0.583818 0.0639422 0.151544
9.9991E-05 0.102041 0.637641 0.0851384 0.17508
9.9982E-05 0.0977476 0.160847 9.9982E-05 0.741205
9.9991E-05 0.02546 0.307699 0.0170036 0.649737
0.0159429 0.11904 0.537099 0.0557077 0.272211
0.148477 0.114073 0.543499 0.0703789 0.123572
9.9991E-05 0.081268 0.223671 0.0512447 0.643716
9.9982E-05 0.0854469 0.586864 9.9982E-05 0.32749
0.0281372 0.693877 0.14092 0.00373682 0.133329
0.0350373 0.299698 0.3443 9.9991E-05 0.320865
0.151426 0.44804 0.339012 0.0118153 0.0497076
0.122585 0.249764 0.596739 0.030812 9.9991E-05
0.0258316 0.497998 0.257387 9.9991E-05 0.218684
0.0906848 0.118692 0.528102 0.085105 0.177416
0.227289 0.258898 0.479908 0.0220523 0.0118535
0.178238 0.317706 0.428455 9.9991E-05 0.075501
0.11763 0.277985 0.56937 0.0168697 0.0181449
0.00491405 0.249222 0.574251 0.124915 0.0466974
0.142548 0.593883 0.200097 9.9991E-05 0.0633717
0.167138 0.438055 0.28644 9.9991E-05 0.108268
0.0440847 0.229437 0.667769 9.9991E-05 0.0586089
0.0488004 0.164279 0.665441 0.0370474 0.0844321
0.0797761 0.271894 0.376972 0.0292821 0.242076
0.10634 0.229114 0.536367 9.9991E-05 0.128079
0.0870896 0.527822 0.275743 0.0493274 0.0600181
0.0803129 0.274931 0.61174 0.0101002 0.0229165
0.167601 0.270551 0.477098 9.9991E-05 0.0846494
0.109465 0.144213 0.499686 0.111479 0.135156
0.151238 0.041725 0.450016 0.356921 9.9991E-05
0.272414 0.0201293 0.437192 0.166048 0.104217
0.147291 0.0273488 0.47812 0.222058 0.125182
0.138505 9.9991E-05 0.645765 0.0343902 0.18124
0.200817 0.075682 0.503448 0.158084 0.0619689
0.118359 0.184361 0.485395 9.9991E-05 0.211785
0.18058 0.0603405 0.620469 0.0891925 0.0494176
0.215211 9.9982E-05 9.9982E-05 0.238351 0.546237
0.226613 0.138153 0.490418 0.0749348 0.0698814
0.258996 0.150451 0.44986 0.126597 0.0140964
0.146992 0.078183 0.54375 0.16335 0.0677248
0.201621 0.0280641 0.274924 0.210753 0.284638
0.273884 0.0645074 0.48745 0.15952 0.0146385
0.322747 0.0545198 0.535368 0.0872647 9.9991E-05
0.19251 9.9982E-05 9.9982E-05 0.468389 0.338902
0.225599 9.9982E-05 0.553883 0.220318 9.9982E-05
0.204433 0.00833541 0.55984 0.213747 0.0136447
0.215126 0.0378336 0.542512 0.06308 0.141449
0.246834 0.00987951 0.571581 0.171606 9.9991E-05
0.153014 0.134236 0.575493 0.117041 0.0202149
0.0252848 9.9991E-05 0.586468 0.0191011 0.369046
0.0457833 0.0273085 0.566253 0.116062 0.244593
0.00760292 0.115846 0.120485 9.9991E-05 0.755965
0.172893 0.101501 0.510664 0.121555 0.0933873
0.226544 0.195157 0.455 0.0503987 0.0729012
0.0119041 0.200744 0.15153 9.9991E-05 0.635722
0.112175 0.0699153 0.55654 0.0444929 0.216876
0.0451504 0.062486 0.466493 0.192968 0.232903
0.314877 0.0236953 0.418582 0.156098 0.0867476
0.452716 9.9991E-05 0.251016 0.0553634 0.240805
0.307193 0.0275013 0.170543 0.227553 0.26721
0.299257 9.9991E-05 0.32669 0.238818 0.135136
0.216784 0.0332849 0.513187 0.108888 0.127856
0.164233 9.9991E-05 0.110843 0.0769629 0.64786
0.129403 9.9991E-05 0.288755 0.108103 0.473639
0.198643 0.0193969 0.558911 9.9991E-05 0.222949
0.18849 9.9991E-05 0.519293 0.0532524 0.238865
0.133857 9.9991E-05 0.329486 0.0737727 0.462784
0.100847 9.9991E-05 0.536781 0.144815 0.217458
0.151992 0.00136793 0.602142 0.0012612 0.243237
0.170105 0.116436 0.504428 0.121833 0.0871973
9.9991E-05 0.095754 0.50896 0.0811539 0.314032
0.00813463 0.0736207 0.457201 0.0290236 0.43202
0.0051164 9.9991E-05 0.707868 0.20254 0.0843759
0.128294 0.127556 0.494564 0.0121709 0.237416
0.094424 0.175726 0.442843 0.0113592 0.275648
0.148872 0.219306 0.382146 0.0292329 0.220444
0.115597 0.131133 0.501361 0.0658046 0.186105
0.0275428 9.9991E-05 0.560505 0.0258998 0.385953
0.00342067 0.128999 0.348753 9.9991E-05 0.518727
0.0350141 9.9982E-05 0.769016 9.9982E-05 0.19577
9.9991E-05 0.00302239 0.616077 0.168823 0.211978
9.9982E-05 0.123086 0.408278 9.9982E-05 0.468436
0.0200928 0.0633408 0.541698 0.0328188 0.342049
0.130856 0.0487107 0.58264 0.0557475 0.182046
0.0937054 0.0237334 0.526482 0.0332617 0.322818
0.18857 9.9991E-05 0.504245 0.159581 0.147504
0.209023 0.126474 0.335532 0.129215 0.199755
0.301321 9.9991E-05 0.350111 0.208971 0.139498
0.190764 0.0824109 0.516343 0.0776541 0.132828
0.224279 0.153917 0.284851 0.175247 0.161706
0.0886102 9.9991E-05 0.546766 0.218451 0.146073
0.0872316 0.109178 0.525224 0.206848 0.0715191
0.243837 9.9991E-05 0.407395 0.172136 0.176532
0.225909 9.9991E-05 0.0188088 0.203819 0.551364
0.268176 9.9991E-05 0.621783 0.0561125 0.0538288
0.198442 9.9982E-05 9.9982E-05 0.365823 0.435535
0.303064 9.9991E-05 0.455471 0.0496478 0.191717
0.104151 0.189604 0.487592 0.154404 0.0642488
9.9973E-05 9.9973E-05 0.244331 9.9973E-05 0.755369
0.00503835 0.0749564 0.144803 9.9991E-05 0.775103
0.00285169 0.0954042 0.604621 9.9991E-05 0.297023
0.0567891 9.9991E-05 0.699487 0.0219039 0.22172
9.9973E-05 9.9973E-05 0.528363 9.9973E-05 0.471337
9.9973E-05 9.9973E-05 0.721154 9.9973E-05 0.278546
0.0773752 9.9982E-05 0.621653 9.9982E-05 0.300772
0.11357 0.000121968 0.0160281 0.744979 0.1253
0.128271 0.137981 9.9991E-05 0.711806 0.0218414
0.0861686 0.0169766 9.9982E-05 0.896655 9.9982E-05
9.9973E-05 9.9973E-05 0.0487907 0.950909 9.9973E-05
9.9991E-05 0.0927271 0.663115 0.0240524 0.220006
0.0482605 0.0355131 0.646037 0.0576527 0.212537
0.00348636 0.0256836 0.706936 9.9991E-05 0.263794
9.9991E-05 0.0322572 0.753492 0.110296 0.103855
9.9991E-05 0.0986178 0.627486 0.11886 0.154936
9.9991E-05 0.158406 0.48723 0.00994179 0.344322
0.00514482 0.0143571 0.810172 9.9991E-05 0.170226
9.9973E-05 9.9973E-05 0.539753 9.9973E-05 0.459947
0.205122 0.0320522 0.468857 0.233287 0.0606812
0.0488997 0.0523919 0.559729 9.9991E-05 0.33888
9.9982E-05 0.179863 0.533234 9.9982E-05 0.286702
0.111717 0.0599525 0.597738 0.0821659 0.148427
0.0434458 0.0772399 0.702842 9.9991E-05 0.176372
9.9982E-05 0.206832 0.576872 9.9982E-05 0.216095
9.9982E-05 9.9982E-05 0.685227 0.0136483 0.300924
9.9991E-05 0.101852 0.69554 0.103374 0.0991333
9.9973E-05 9.9973E-05 0.358668 9.9973E-05 0.641032
9.9982E-05 0.0198757 0.498438 9.9982E-05 0.481486
9.9982E-05 0.186542 0.458017 9.9982E-05 0.355241
9.9973E-05 9.9973E-05 0.0996393 9.9973E-05 0.900061
0.118405 0.0764797 0.510471 0.249918 0.0447256
0.0136816 0.163322 0.622109 0.0126178 0.188269
9.9982E-05 0.0438028 0.284524 9.9982E-05 0.671473
9.9982E-05 0.00588462 0.168064 9.9982E-05 0.825851
0.0410192 0.0460277 0.662071 0.0745902 0.176292
9.9991E-05 0.206465 0.465329 0.0135261 0.314579
0.0620426 0.213114 0.547401 0.0158335 0.161609
0.108813 0.0374944 0.595902 0.15156 0.106231
0.0782459 0.109069 0.614457 9.9991E-05 0.198128
0.1025 0.352776 0.262422 9.9991E-05 0.282202
0.0539402 0.0658982 0.633526 9.9991E-05 0.246535
0.0915161 0.191646 0.584986 0.0317198 0.100132
9.9982E-05 0.0473537 0.55871 9.9982E-05 0.393736
0.064297 0.0462239 0.569104 0.0905579 0.229817
9.9973E-05 0.332778 9.9973E-05 0.666922 9.9973E-05
0.014713 0.169505 0.0329214 0.736833 0.0460271
9.9982E-05 0.162064 9.9982E-05 0.812493 0.0252426
9.9982E-05 0.117097 9.9982E-05 0.844612 0.0380915
9.9982E-05 0.246968 0.0288452 0.723986 9.9982E-05
9.9991E-05 0.267147 0.372219 0.00876657 0.351767
9.9982E-05 0.229891 0.372059 9.9982E-05 0.397851
9.9973E-05 9.9973E-05 0.426876 9.9973E-05 0.572824
0.0921129 9.9991E-05 0.697314 0.0846013 0.125872
0.0758034 0.0443197 0.697744 0.128651 0.0534819
9.9982E-05 9.9982E-05 0.555612 0.0434719 0.400716
0.118206 9.9991E-05 0.690695 0.0273016 0.163698
9.9991E-05 0.00415126 0.664207 0.00196963 0.329572
0.0427243 0.0931968 0.537351 0.153145 0.173582
9.9991E-05 0.0195745 0.764711 0.00123799 0.214377
0.0870201 0.0687203 0.704039 0.00561151 0.134609
9.9982E-05 0.177358 0.455455 9.9982E-05 0.366988
9.9991E-05 0.143394 0.559763 0.00315057 0.293593
9.9982E-05 0.206353 0.597816 9.9982E-05 0.195631
0.0373932 0.0944759 0.673994 0.0891198 0.105017
9.9991E-05 0.0643588 0.638161 0.00606531 0.291315
0.00536701 0.219911 0.564731 0.00892083 0.20107
0.466843 0.00153671 0.425994 0.0911434 0.0144822
0.500099 0.013225 0.33478 0.108325 0.0435707
0.479556 0.000729927 0.391611 0.128003 9.9991E-05
0.518755 9.9991E-05 0.303271 0.136131 0.0417433
0.393242 9.9991E-05 0.489344 0.0967684 0.0205456
0.0654924 9.9991E-05 0.596121 0.0252517 0.313035
0.684466 9.9991E-05 0.0227224 0.274933 0.0177782
0.468089 9.9982E-05 0.311872 0.219838 9.9982E-05
0.123231 9.9991E-05 0.493554 0.168107 0.215007
9.9991E-05 0.0742037 0.600464 0.188717 0.136515
0.0575743 0.122079 0.466314 0.14301 0.211023
0.0483952 0.0241257 0.693617 0.129613 0.104248
0.0683052 9.9991E-05 0.645069 0.133758 0.152768
0.55252 9.9991E-05 0.226904 0.158152 0.0623249
0.443164 0.0111438 0.432498 0.113095 9.9991E-05
0.527385 9.9982E-05 0.370371 0.102044 9.9982E-05
0.353127 0.128023 0.373616 0.12824 0.0169938
0.604679 9.9982E-05 0.29962 0.0955013 9.9982E-05
0.342684 9.9991E-05 0.461515 0.146805 0.0488964
0.575318 0.0497708 0.216819 0.140251 0.01784
0.424489 0.0233061 0.433293 0.118812 9.9991E-05
0.0581333 9.9991E-05 0.642295 0.11717 0.182301
0.400047 0.02769 0.419247 0.149201 0.00381561
0.679083 0.0110074 0.152187 0.157622 9.9991E-05
0.234542 0.146683 0.425136 0.0938909 0.099749
0.286392 0.0166992 0.446112 0.176594 0.0742026
0.329995 0.0190131 0.392479 0.179099 0.0794145
0.0222744 0.343294 0.22154 0.126692 0.286198
0.154832 0.0629226 0.581619 0.0260178 0.174608
0.330774 0.0480241 0.45859 0.131631 0.0309812
0.26363 0.167602 0.384232 0.120235 0.0643014
0.0598714 0.147041 0.599191 0.122786 0.0711103
9.9991E-05 0.126568 0.574469 0.204437 0.094426
0.250693 0.103072 0.402908 0.153917 0.089409
0.346753 0.0415358 0.322754 0.221783 0.0671744
0.110892 0.0308292 0.61225 0.128185 0.117843
0.326036 0.103054 0.477928 0.0783448 0.0146377
0.211927 0.0264586 0.491196 0.143655 0.126764
0.427051 9.9991E-05 0.402082 0.132573 0.0381937
0.538741 9.9982E-05 0.343341 0.117718 9.9982E-05
0.586133 0.00379557 0.172331 0.218329 0.0194118
0.0513067 0.0349784 0.674592 0.191336 0.0477868
9.9991E-05 0.0822609 0.548121 0.163935 0.205583
0.0754123 9.9991E-05 0.204883 0.165265 0.55434
0.0812288 0.0877766 0.625397 0.0963123 0.109285
0.179191 0.231792 0.329196 0.0865713 0.17325
0.229156 9.9991E-05 0.513895 0.135204 0.121645
0.114829 0.0277796 0.465095 0.163473 0.228824
0.169578 9.9982E-05 9.9982E-05 0.350506 0.479716
0.149304 9.9982E-05 9.9982E-05 0.307784 0.542712
0.15069 0.00973482 0.329653 0.172279 0.337643
0.216149 9.9982E-05 9.9982E-05 0.380078 0.403573
0.245723 9.9982E-05 9.9982E-05 0.443832 0.310246
0.0969057 9.9991E-05 0.489245 0.156279 0.25747
0.163682 0.0146983 0.345505 0.257707 0.218409
0.218429 9.9991E-05 0.215246 0.307178 0.259047
0.219416 0.00548448 9.9991E-05 0.345085 0.429914
0.242853 9.9991E-05 0.384165 0.135167 0.237715
0.200549 9.9991E-05 0.142268 0.244582 0.412502
0.18431 0.103605 0.480137 0.146984 0.084964
0.0932839 9.9982E-05 9.9982E-05 0.505524 0.400993
0.334825 0.10193 0.303009 0.108091 0.152145
0.292187 0.0963976 0.332008 0.12951 0.149897
0.181432 9.9991E-05 0.469269 0.293076 0.0561236
0.295215 0.00158738 0.513674 0.189423 9.9991E-05
0.129782 0.0606975 0.481394 0.180382 0.147745
0.242237 0.0581341 0.566655 0.132874 9.9991E-05
0.32462 0.133974 0.454897 0.0636075 0.0229009
0.230194 0.0159029 0.32846 0.425343 9.9991E-05
0.122716 0.111469 0.533423 0.232292 9.9991E-05
0.33117 0.0303879 0.369284 0.241465 0.0276936
0.304271 0.0353032 0.227627 0.257125 0.175674
0.174818 0.118448 0.373407 0.167045 0.166282
0.153646 0.0402916 0.558156 0.114216 0.133691
0.10871 0.131723 0.5624 0.197068 9.9991E-05
0.0765609 0.0614295 0.598058 0.170703 0.0932487
0.303321 0.0412287 0.380463 0.26075 0.0142371
0.127735 0.0737057 0.558304 0.214942 0.0253126
0.231468 9.9991E-05 0.181069 0.39942 0.187943
0.261848 0.0206779 0.506497 0.202531 0.0084457
0.336666 9.9991E-05 0.185252 0.29878 0.179203
9.9991E-05 0.143743 0.0328245 0.795739 0.0275933
9.9991E-05 0.740066 0.100675 0.0448705 0.114288
9.9973E-05 0.973817 9.9973E-05 0.0258831 9.9973E-05
9.9973E-05 0.991006 9.9973E-05 0.00869371 9.9973E-05
9.9973E-05 0.987171 0.0125289 9.9973E-05 9.9973E-05
0.00996062 0.883751 0.0355303 0.0706584 9.9991E-05
9.9973E-05 0.876256 0.123444 9.9973E-05 9.9973E-05
9.9973E-05 0.943909 9.9973E-05 0.0557916 9.9973E-05
0.0286616 0.776468 9.9982E-05 0.194671 9.9982E-05
0.011287 0.0343574 0.0417972 0.910549 0.00200932
9.9982E-05 0.114551 0.0995955 0.785654 9.9982E-05
0.0163197 9.9991E-05 0.0396092 0.909305 0.0346661
9.9982E-05 0.120268 0.0418027 0.837729 9.9982E-05
0.0189804 0.0168129 0.0475129 0.909981 0.00671289
0.0185383 0.124086 0.00308732 0.854189 9.9991E-05
0.159618 0.0709872 0.0563616 0.688214 0.0248192
0.122135 0.0125597 0.00630555 0.833407 0.0255925
0.0375674 0.137095 0.0667166 0.709613 0.0490074
0.0470676 9.9991E-05 0.0151415 0.887133 0.0505576
9.9982E-05 0.0345473 9.9982E-05 0.929671 0.0355818
0.0380111 0.0881487 9.9991E-05 0.86901 0.00473044
9.9973E-05 0.0230971 9.9973E-05 0.976603 9.9973E-05
0.0513544 0.0119459 0.0105422 0.926058 9.9991E-05
0.0623056 0.0268228 0.038094 0.872678 9.9991E-05
0.0825801 9.9982E-05 0.067063 0.850157 9.9982E-05
0.126533 9.9982E-05 0.0996944 0.773573 9.9982E-05
0.0226039 9.9982E-05 0.140856 0.83634 9.9982E-05
0.0596447 9.9982E-05 0.13093 0.809225 9.9982E-05
0.0615144 0.0505196 0.456092 0.15545 0.276424
9.9991E-05 0.00943477 0.80895 0.108874 0.0726412
0.0713978 0.0652665 0.62859 0.146245 0.0885011
0.0135742 9.9991E-05 0.210566 0.122103 0.653657
0.0111381 0.147506 0.627845 0.0954961 0.118016
0.0277314 9.9991E-05 0.186306 0.187001 0.598861
0.150524 9.9991E-05 0.5313 0.143758 0.174318
9.9991E-05 0.110359 0.521712 0.101076 0.266753
9.9991E-05 0.0951469 0.621742 0.168921 0.11409
0.0065381 0.0589942 0.732962 0.0285265 0.172979
9.9991E-05 0.135116 0.519967 0.15734 0.187477
0.0543271 9.9991E-05 0.697862 0.0633439 0.184367
0.0333295 0.138306 0.634667 0.0689796 0.124718
0.0801147 0.429391 9.9982E-05 9.9982E-05 0.490294
9.9991E-05 0.0967217 0.0225858 0.0821945 0.798398
9.9991E-05 0.112491 0.204048 0.107509 0.575852
0.0701271 0.0149863 0.724236 0.107297 0.0833531
0.000898228 9.9991E-05 0.630966 0.118348 0.249688
0.0128554 0.0152031 0.646721 0.113623 0.211598
0.113595 0.0083777 0.662053 0.0352103 0.180765
0.19096 0.0208078 0.540539 0.217205 0.0304877
0.189107 9.9991E-05 0.599315 0.134014 0.0774642
0.106609 0.128917 0.174527 0.466156 0.12379
0.0814901 0.0923572 0.621952 0.1469 0.0573008
0.169047 0.0480392 0.456455 0.256131 0.0703285
0.179419 9.9982E-05 9.9982E-05 0.421707 0.398674
0.196807 9.9991E-05 0.3744 0.293075 0.135619
0.241037 0.0849135 0.240278 0.302362 0.13141
0.0924052 0.101215 0.479504 0.306445 0.0204305
0.329978 0.164132 0.413388 0.0924019 9.9991E-05
0.245921 0.101562 0.467374 0.113578 0.0715651
0.126756 0.0541463 0.662295 0.156702 9.9991E-05
0.262983 9.9991E-05 0.378726 0.144345 0.213847
0.1751 0.0308057 0.293876 0.442315 0.0579031
