0.0262943 0.0124501 9.9991E-05 0.0318192 0.929336
9.9982E-05 0.0173794 0.0292051 9.9982E-05 0.953215
0.0352655 0.0480444 9.9991E-05 0.0602556 0.856335
0.0800837 0.00146572 9.9991E-05 0.0756143 0.842736
0.0135792 0.0138628 9.9991E-05 0.0397046 0.932753
0.0799803 0.09576 0.110741 0.0542843 0.659234
9.9982E-05 0.0165586 0.141632 9.9982E-05 0.84161
0.094617 0.0397731 0.157517 0.0359862 0.672107
0.182914 9.9973E-05 9.9973E-05 9.9973E-05 0.816786
0.0233627 0.0477727 0.139995 0.0860372 0.702833
0.134767 0.0310395 0.0862391 9.9991E-05 0.747855
0.386651 0.409712 9.9982E-05 0.203438 9.9982E-05
0.383585 0.365074 0.0281446 0.154057 0.0691396
0.265218 0.345156 9.9991E-05 0.235179 0.154348
0.505997 0.296242 0.0889642 0.0819397 0.0268564
0.289451 0.41238 0.0232779 0.210799 0.064093
0.339809 0.41781 0.019219 0.180605 0.0425569
0.411819 0.267916 0.0613802 0.254803 0.00408168
0.337435 0.448037 0.0551973 0.105019 0.0543123
0.0287242 9.9982E-05 9.9982E-05 0.164449 0.806626
0.0536306 9.9982E-05 9.9982E-05 0.13485 0.811319
9.9991E-05 0.100026 0.0170824 0.0572882 0.825504
0.00937389 0.0602874 0.0624288 0.0866266 0.781283
0.619567 0.216187 0.0199872 0.0718762 0.0723817
0.137104 0.762235 9.9991E-05 0.0117822 0.0887789
9.9991E-05 0.811178 0.0823602 0.101951 0.00441163
9.9982E-05 0.633361 0.322235 9.9982E-05 0.0442037
0.421677 0.38387 0.178416 0.0159365 9.9991E-05
0.256427 0.3439 0.337677 0.0429809 0.0190154
0.336622 0.393366 0.0671294 0.0287781 0.174104
0.287373 0.27035 0.127813 0.081831 0.232632
0.484381 0.305285 0.128698 9.9991E-05 0.081537
0.249827 0.43125 0.0908349 0.139181 0.0889072
0.345568 0.324469 0.240072 0.0480619 0.0418288
0.0104767 0.828271 9.9991E-05 0.0965026 0.0646493
9.9982E-05 0.912489 0.0625861 9.9982E-05 0.0247245
9.9982E-05 0.937034 0.0559136 9.9982E-05 0.00685229
9.9982E-05 0.879889 9.9982E-05 0.11801 0.00190123
0.170298 0.667773 9.9991E-05 0.122171 0.0396579
0.236503 0.632769 9.9991E-05 0.0770949 0.0535333
9.9982E-05 0.728397 0.260013 9.9982E-05 0.0113899
0.0694001 0.00480878 9.9991E-05 0.0835881 0.842103
9.9982E-05 0.00837184 9.9982E-05 0.00368873 0.987739
9.9973E-05 9.9973E-05 9.9973E-05 0.0708414 0.928859
9.9982E-05 9.9982E-05 0.0658147 0.026517 0.907468
9.9982E-05 0.0617491 9.9982E-05 0.0553915 0.882659
9.9982E-05 9.9982E-05 0.0250252 0.113704 0.861071
9.9982E-05 0.038203 9.9982E-05 0.0125999 0.948997
0.0192334 0.937021 9.9982E-05 9.9982E-05 0.0435453
0.140512 0.793555 9.9982E-05 9.9982E-05 0.065733
9.9982E-05 0.749967 9.9982E-05 0.23677 0.0130628
0.256328 0.394917 0.20673 0.0702061 0.0718196
0.336763 0.438904 0.0640198 0.160213 9.9991E-05
0.327763 0.262437 0.309758 0.0858355 0.0142063
0.311334 0.347586 0.327433 0.0135466 9.9991E-05
0.309861 0.519531 0.0244319 0.0888135 0.0573621
0.43421 0.39943 9.9982E-05 0.16616 9.9982E-05
0.411183 0.273036 0.233609 0.0820714 9.9991E-05
0.197343 0.215772 0.483258 9.9991E-05 0.103527
0.201037 0.247241 0.457553 0.0285227 0.0656464
0.144856 0.308392 0.497221 9.9991E-05 0.0494303
0.194379 0.43443 0.256503 0.114588 9.9991E-05
0.108361 0.326231 0.437851 0.0596073 0.0679497
0.153708 0.463628 0.313567 0.0689966 9.9991E-05
0.0459264 0.00670466 0.348143 0.282764 0.316462
9.9982E-05 9.9982E-05 0.458085 0.0609604 0.480754
9.9982E-05 9.9982E-05 0.587495 0.0859664 0.326339
9.9982E-05 9.9982E-05 0.354179 0.33096 0.314661
9.9982E-05 0.408892 0.473258 0.117649 9.9982E-05
0.0309679 0.309917 0.647021 0.0119936 9.9991E-05
9.9991E-05 0.446283 0.518014 0.0294092 0.00619353
9.9982E-05 0.00783597 0.0419963 0.949968 9.9982E-05
9.9973E-05 0.045018 9.9973E-05 0.954682 9.9973E-05
9.997E-05 9.997E-05 9.997E-05 0.9996 9.997E-05
0.0441913 9.9982E-05 9.9982E-05 0.921677 0.033932
0.0563789 9.9973E-05 9.9973E-05 0.943321 9.9973E-05
9.997E-05 9.997E-05 9.997E-05 0.9996 9.997E-05
9.997E-05 9.997E-05 9.997E-05 0.9996 9.997E-05
9.9973E-05 0.0229448 9.9973E-05 0.976755 9.9973E-05
9.9982E-05 0.0227037 9.9982E-05 0.931204 0.0458921
9.9982E-05 9.9982E-05 0.0242307 0.881457 0.0941122
9.9973E-05 9.9973E-05 0.0275481 0.972152 9.9973E-05
9.9982E-05 0.0317126 9.9982E-05 0.903081 0.0650062
9.9991E-05 0.0562602 0.634902 0.00180292 0.306935
0.0923008 0.0655439 0.502274 0.187699 0.152182
0.0170444 0.151993 0.442873 0.129522 0.258568
0.0490326 0.0652844 0.0713754 9.9991E-05 0.814208
9.9982E-05 9.9982E-05 0.0010816 0.061042 0.937676
0.021365 9.9982E-05 0.0249886 9.9982E-05 0.953446
0.0560569 9.9982E-05 0.00742904 9.9982E-05 0.936314
9.9982E-05 9.9982E-05 0.0792305 0.0339314 0.886638
9.9982E-05 9.9982E-05 0.00832248 0.0543576 0.93712
0.0148438 9.9982E-05 9.9982E-05 0.0802661 0.90469
0.0148549 9.9991E-05 0.121094 0.000467431 0.863483
9.9982E-05 0.0219807 9.9982E-05 0.0144173 0.963402
0.0219216 9.9991E-05 0.0732428 0.0855255 0.81921
0.212145 0.0968756 0.079689 9.9991E-05 0.61119
0.356494 0.0655919 9.9982E-05 9.9982E-05 0.577714
0.264845 0.112647 0.0838997 9.9991E-05 0.538509
0.319605 0.190087 9.9982E-05 9.9982E-05 0.490108
0.573983 0.35348 9.9982E-05 0.0723375 9.9982E-05
0.037844 0.759437 9.9982E-05 0.202519 9.9982E-05
9.9973E-05 0.898291 0.101409 9.9973E-05 9.9973E-05
9.9991E-05 0.72122 0.160139 0.0529611 0.0655801
0.145864 0.775977 9.9982E-05 9.9982E-05 0.0779582
0.868406 9.9982E-05 0.0811175 9.9982E-05 0.0502768
0.92117 9.9982E-05 0.0431459 9.9982E-05 0.0354845
0.9996 9.997E-05 9.997E-05 9.997E-05 9.997E-05
0.912699 0.0171649 9.9982E-05 9.9982E-05 0.069936
0.934155 9.9982E-05 0.0604916 0.0051531 9.9982E-05
0.891948 9.9973E-05 9.9973E-05 0.107752 9.9973E-05
9.9982E-05 0.0393163 9.9982E-05 0.0647381 0.895746
0.0718568 9.9991E-05 0.100782 0.0279982 0.799263
0.0555415 0.00262913 9.9991E-05 0.155242 0.786488
0.100768 9.9991E-05 0.0514878 0.152138 0.695506
0.0410463 0.010905 0.0200961 0.128906 0.799047
0.569137 0.0385498 9.9982E-05 9.9982E-05 0.392113
0.378615 0.0723043 0.148625 9.9991E-05 0.400355
0.509637 0.0393621 0.0274653 0.00110971 0.422426
0.105174 9.9982E-05 9.9982E-05 0.116944 0.777682
0.536684 0.0454685 0.0364873 9.9991E-05 0.38126
9.9991E-05 0.135448 0.239632 0.421009 0.20381
9.9982E-05 9.9982E-05 0.36079 0.297449 0.34156
0.219507 0.443076 0.160271 0.118911 0.0582356
0.39382 0.370596 9.9991E-05 0.0539746 0.18151
0.175463 0.488246 0.120051 0.21614 9.9991E-05
0.186361 0.405258 0.408181 9.9982E-05 9.9982E-05
0.279148 0.433365 0.138833 0.0112672 0.137387
0.193001 0.455 0.34785 0.00404897 9.9991E-05
0.345072 0.301294 0.177322 0.176212 9.9991E-05
0.26964 0.405663 0.144342 0.159833 0.0205224
9.9982E-05 0.108799 9.9982E-05 0.0922667 0.798734
9.9982E-05 0.0766612 9.9982E-05 0.0475943 0.875544
9.9991E-05 0.114468 0.0268866 0.0178237 0.840722
0.0171594 0.12726 9.9991E-05 0.0305717 0.824908
9.9982E-05 0.105174 9.9982E-05 0.0167045 0.877921
0.52614 0.243402 0.13864 0.0917185 9.9991E-05
0.350479 0.1971 0.329066 0.123256 9.9991E-05
0.552901 0.267808 0.0851419 9.9991E-05 0.0940492
0.581392 0.242618 9.9991E-05 0.0989162 0.0769737
0.456885 0.305682 0.0414656 0.0542671 0.1417
0.551462 0.160689 0.099558 0.139114 0.0491773
0.320981 0.295511 0.179776 0.203632 9.9991E-05
0.083775 0.365686 0.532506 0.0179327 9.9991E-05
0.12665 0.259913 0.613237 9.9982E-05 9.9982E-05
0.0511091 0.353554 0.595137 9.9982E-05 9.9982E-05
0.0997898 0.285889 0.614121 9.9982E-05 9.9982E-05
0.553091 0.303768 0.0184346 0.0581913 0.0665152
0.304025 0.398116 0.208466 0.0892928 9.9991E-05
0.446281 0.45442 0.0319431 0.0672556 9.9991E-05
0.418553 0.329583 0.050932 0.200832 9.9991E-05
9.9991E-05 0.204319 0.495793 0.0982015 0.201586
9.9982E-05 9.9982E-05 0.467142 0.146361 0.386298
0.0644324 0.60742 0.327947 9.9982E-05 9.9982E-05
0.052262 0.457172 0.490366 9.9982E-05 9.9982E-05
9.9991E-05 0.173142 0.284103 0.459962 0.0826931
9.9991E-05 0.228276 0.184978 0.404889 0.181757
9.9991E-05 0.218724 0.693207 0.0691043 0.0188642
0.000167806 0.257614 0.542118 0.113253 0.0868473
0.0764861 0.375102 0.179071 0.347013 0.0223274
0.00324884 0.340433 0.465766 0.161549 0.0290032
0.129939 0.548057 0.268041 0.053864 9.9991E-05
0.126736 0.509779 0.311411 0.051973 9.9991E-05
0.0221469 0.244404 0.454591 0.0915015 0.187356
9.9982E-05 9.9982E-05 0.549495 0.100444 0.349861
9.9973E-05 0.616246 0.383454 9.9973E-05 9.9973E-05
9.9973E-05 0.604988 0.394712 9.9973E-05 9.9973E-05
0.0465713 0.653716 0.131024 0.168588 9.9991E-05
9.9982E-05 0.632572 0.248592 0.118636 9.9982E-05
0.0450266 0.0532909 0.0425879 0.0514842 0.80761
0.144847 0.00274613 0.00957264 0.111135 0.7317
0.0431571 9.9982E-05 9.9982E-05 0.0819852 0.874658
9.9973E-05 9.9973E-05 0.0472102 9.9973E-05 0.95249
0.142754 0.661447 0.0522471 0.103297 0.0402544
9.9982E-05 0.933723 0.0300432 9.9982E-05 0.036034
9.9991E-05 0.868761 0.0491572 0.0580411 0.023941
9.9973E-05 0.898983 0.100717 9.9973E-05 9.9973E-05
9.9973E-05 0.70488 0.294821 9.9973E-05 9.9973E-05
9.9973E-05 0.796802 0.202898 9.9973E-05 9.9973E-05
0.0698686 0.76381 9.9991E-05 0.0594507 0.106771
0.0330034 0.844609 0.0373159 0.0783145 0.00675677
0.293524 9.9982E-05 0.0402783 9.9982E-05 0.665997
0.159191 0.0395862 0.0541273 0.0388691 0.708226
0.149176 0.00938585 0.0158717 9.9991E-05 0.825466
0.106385 0.000342998 0.0817407 9.9991E-05 0.811432
0.198484 9.9982E-05 0.0671222 9.9982E-05 0.734194
0.0863852 0.754418 9.9991E-05 0.0262531 0.132844
0.0769146 0.744046 9.9982E-05 9.9982E-05 0.178839
9.9982E-05 0.913338 0.00162601 0.0848363 9.9982E-05
0.19991 0.693681 9.9991E-05 0.105321 0.000988381
0.0890519 0.733428 9.9991E-05 0.116192 0.0612279
9.9982E-05 9.9982E-05 0.11353 0.583977 0.302293
0.344934 0.171294 0.28684 0.0169736 0.179959
0.0909833 0.14304 0.634615 0.0800457 0.0513155
9.9982E-05 9.9982E-05 0.676218 0.112372 0.21121
9.9982E-05 9.9982E-05 0.731253 0.0175617 0.250986
9.9991E-05 0.040576 0.542977 0.124269 0.292078
9.9982E-05 9.9982E-05 0.477908 0.163074 0.358818
0.04344 0.13022 0.311153 0.245276 0.269911
0.0117307 9.9991E-05 0.619846 0.10013 0.268193
0.0128713 0.0713716 0.586622 0.177707 0.151428
9.9973E-05 9.9973E-05 0.672769 9.9973E-05 0.326931
9.9991E-05 0.0176155 0.351749 0.338078 0.292458
9.9991E-05 0.108087 0.21892 0.362285 0.310608
0.112296 0.0611611 9.9982E-05 9.9982E-05 0.826343
0.9996 9.997E-05 9.997E-05 9.997E-05 9.997E-05
0.9996 9.997E-05 9.997E-05 9.997E-05 9.997E-05
0.994743 9.9973E-05 0.0049568 9.9973E-05 9.9973E-05
0.954951 9.9973E-05 9.9973E-05 0.0447495 9.9973E-05
0.932651 0.0349933 9.9982E-05 0.032156 9.9982E-05
0.9492 0.0218185 9.9982E-05 9.9982E-05 0.0287818
0.786227 9.9982E-05 9.9982E-05 0.00826312 0.205309
0.0213803 9.9991E-05 0.0767436 0.0316957 0.87008
0.109283 0.0642962 9.9982E-05 9.9982E-05 0.82622
0.0259923 0.0113354 9.9991E-05 0.0294217 0.933151
0.0932372 9.9982E-05 0.073915 9.9982E-05 0.832648
9.9982E-05 9.9982E-05 0.0234524 0.0188567 0.957491
0.101316 0.0182434 9.9991E-05 0.000303122 0.880038
9.9982E-05 9.9982E-05 0.0456894 0.107715 0.846396
9.9982E-05 0.0301828 9.9982E-05 0.0692213 0.900396
9.9982E-05 0.00217651 0.00806169 9.9982E-05 0.989562
9.9991E-05 0.053083 0.00657415 0.082264 0.857979
0.0544091 9.9982E-05 9.9982E-05 0.0118606 0.93353
9.9991E-05 0.0176464 0.00185495 0.0233495 0.957049
0.0131378 0.027901 9.9991E-05 0.0968699 0.861991
9.9982E-05 0.0180668 9.9982E-05 0.146958 0.834776
0.0185402 9.9982E-05 9.9982E-05 0.22822 0.75304
9.9982E-05 0.0405365 9.9982E-05 0.151814 0.80745
9.9982E-05 0.0179873 9.9982E-05 0.131346 0.850467
0.147696 0.365275 0.237024 0.129571 0.120434
0.0697251 0.265707 0.644897 9.9991E-05 0.0195706
9.9982E-05 0.122058 0.801615 9.9982E-05 0.076127
0.409796 0.361372 0.14719 0.0815425 9.9991E-05
0.173438 0.15108 0.675281 9.9982E-05 9.9982E-05
0.12784 0.145427 0.724676 9.9991E-05 0.00195771
0.135942 0.309151 0.261534 0.165812 0.127562
0.0680937 0.139508 0.184722 0.177675 0.430002
9.9982E-05 9.9982E-05 0.481268 0.192093 0.326439
0.10351 0.203611 0.081764 0.286521 0.324595
0.0637572 0.16169 0.065658 0.268859 0.440036
