0.045205 9.9973E-05 0.891271 9.9973E-05 9.9973E-05 0.0632237
9.9982E-05 0.00763568 0.926806 9.9982E-05 0.0113372 0.0540208
0.0377616 9.9991E-05 0.805964 0.0726878 0.0207478 0.0627384
0.0925621 9.9982E-05 0.789313 0.0131227 9.9982E-05 0.104802
0.0410844 9.9982E-05 0.857714 0.0544363 9.9982E-05 0.0465658
0.0533219 0.144656 0.627972 0.069603 0.0181899 0.0862575
0.00430311 0.129866 0.840576 9.9982E-05 9.9982E-05 0.0250552
0.0337477 0.144954 0.715268 9.9982E-05 9.9982E-05 0.10583
9.9982E-05 0.0635377 0.826868 9.9982E-05 0.0749989 0.0343952
0.0732531 0.132364 0.70374 0.0857686 9.9991E-05 0.00477424
9.9982E-05 0.112544 0.737505 0.0468155 9.9982E-05 0.102935
0.0268824 9.9982E-05 9.9982E-05 0.276435 0.230784 0.465699
0.0703214 0.0189001 0.0450941 0.523268 0.0328626 0.309554
0.0962703 0.0668935 0.0227089 0.172709 0.0841233 0.557295
0.160738 0.10887 0.0137525 0.281004 0.0487827 0.386852
0.183296 0.0397573 0.076098 0.278141 0.15314 0.269568
0.110731 0.0750206 0.0819143 0.520294 0.0430328 0.169007
0.0962308 0.0951203 9.9991E-05 0.461918 0.109953 0.236678
0.0519569 0.0096606 0.137151 0.32689 0.149723 0.324619
0.060069 0.133429 0.0650905 0.00970929 0.100597 0.631106
0.0545738 0.116193 0.0230358 0.384821 0.170779 0.250597
0.0879583 0.224016 9.9991E-05 0.460184 0.0650113 0.16273
0.0748397 0.0978149 0.0264028 0.5239 0.167932 0.10911
0.121931 0.0521336 9.9991E-05 0.248489 0.174555 0.402791
0.0886645 0.113121 0.080729 0.633324 0.00480749 0.0793544
0.137548 0.0994127 9.9991E-05 0.459035 0.071339 0.232566
0.138525 0.00196784 0.0156319 0.141462 0.151888 0.550525
0.172499 0.045099 0.0327869 0.208543 0.0979093 0.443163
0.0180759 0.183268 9.9991E-05 0.196306 0.072322 0.529928
0.02206 9.9973E-05 0.821712 0.155928 9.9973E-05 9.9973E-05
9.9964E-05 9.9964E-05 0.825782 0.173818 9.9964E-05 9.9964E-05
0.018713 9.9991E-05 0.77741 0.14246 0.0562392 0.00507734
0.0799626 0.0159484 0.767026 0.0656826 0.0712802 9.9991E-05
0.0599003 0.0265664 0.0382989 0.513535 0.275817 0.0858831
0.0461207 9.9991E-05 0.155684 0.384532 0.389707 0.0238566
9.9973E-05 9.9973E-05 0.0507242 0.560891 0.388085 9.9973E-05
9.9991E-05 0.0210803 0.0843261 0.239997 0.0332001 0.621297
0.0418358 0.024212 0.00652009 0.281571 0.593585 0.0522758
0.0709983 0.0151448 0.117414 0.490571 0.178606 0.127266
0.0611627 9.9982E-05 0.0511759 0.692765 0.194696 9.9982E-05
9.9991E-05 0.132212 0.13259 0.637947 0.0729698 0.0241812
0.0367612 0.0712566 0.0987408 0.625271 0.0760955 0.0918752
9.9982E-05 9.9982E-05 0.0418402 0.0890295 0.661812 0.207118
0.00373536 0.151757 0.0884472 0.610279 0.0943853 0.051396
0.101523 9.9982E-05 0.0712272 0.525674 0.301376 9.9982E-05
0.155229 0.041742 0.0597906 0.494152 0.248987 9.9991E-05
9.9973E-05 0.0210594 9.9973E-05 0.313173 0.665468 9.9973E-05
0.114586 9.9991E-05 0.0669712 0.497858 0.317326 0.00315915
0.0600109 0.0910726 0.0901562 0.514546 0.244114 9.9991E-05
9.9973E-05 0.303675 0.0787731 9.9973E-05 0.617252 9.9973E-05
9.9982E-05 0.158809 9.9982E-05 0.164542 0.2448 0.43165
0.0300547 0.393527 9.9991E-05 0.0555464 0.229866 0.290905
0.0830936 0.0951446 0.0575239 0.565359 0.0393674 0.159512
0.04038 0.124254 0.0627835 0.627313 9.9991E-05 0.145169
0.0634037 0.0908338 0.0439521 0.676681 0.0577127 0.0674169
0.00382695 0.078194 0.090427 0.161834 0.286245 0.379473
0.0268492 0.0988171 9.9991E-05 0.510391 0.126394 0.237449
0.0786645 0.0906632 0.05101 0.587744 0.0195306 0.172387
9.9991E-05 0.100578 0.0970166 0.402981 0.171019 0.228306
0.0545316 0.141479 0.188223 0.0780198 0.177865 0.359881
0.0897066 0.0776232 0.0452341 0.535164 0.122131 0.130141
0.167469 0.0270388 9.9991E-05 0.315593 0.085187 0.404613
9.9991E-05 0.239285 0.0169779 0.0403418 0.133436 0.569858
0.0417218 0.0540903 9.9991E-05 0.502182 0.165802 0.236104
0.0268941 0.20648 0.00915624 0.694322 0.0306408 0.0325063
0.110321 9.9991E-05 0.105896 0.516854 0.074901 0.191928
0.124139 0.154453 9.9991E-05 0.248514 0.155025 0.317769
0.0523891 0.133084 0.0211231 0.473842 0.117827 0.201734
0.0242814 9.9991E-05 0.0915576 0.520645 0.134477 0.228939
9.9982E-05 0.199613 9.9982E-05 0.214576 0.140889 0.444723
9.9973E-05 9.9973E-05 9.9973E-05 0.48691 0.471085 0.041705
9.9973E-05 9.9973E-05 9.9973E-05 0.147969 0.739986 0.111746
0.105094 0.0643602 0.0656819 0.411141 0.254489 0.0992343
9.9973E-05 0.0980939 0.0372854 9.9973E-05 0.864321 9.9973E-05
9.9973E-05 0.132667 9.9973E-05 9.9973E-05 0.862809 0.00422363
0.0342804 9.9973E-05 9.9973E-05 0.228279 0.737141 9.9973E-05
9.9982E-05 9.9982E-05 0.0374467 0.431036 0.463044 0.0682743
0.127161 9.9991E-05 0.128896 0.348055 0.246907 0.148881
0.113498 9.9982E-05 9.9982E-05 0.3366 0.44467 0.105032
0.0450049 9.9991E-05 0.0354399 0.117983 0.645831 0.155641
9.9982E-05 9.9982E-05 0.0393137 0.23077 0.489188 0.240528
0.13673 0.0654933 0.0589788 0.372962 0.300442 0.0653945
0.0615542 0.00216183 0.0215736 0.208578 0.706033 9.9991E-05
0.0186566 0.0246497 0.0292482 0.416887 0.418611 0.0919478
9.9973E-05 0.138226 9.9973E-05 0.339069 0.522405 9.9973E-05
0.00387166 0.320627 0.0142512 9.9991E-05 0.657069 0.00408066
0.0285105 9.9991E-05 0.038391 0.540247 0.330407 0.0623442
0.0453018 9.9991E-05 0.818676 0.0552109 0.0267131 0.0539981
9.9964E-05 9.9964E-05 0.913662 0.0859382 9.9964E-05 9.9964E-05
0.0192726 9.9973E-05 0.866052 0.114376 9.9973E-05 9.9973E-05
9.9973E-05 9.9973E-05 0.915785 0.0310987 0.0528167 9.9973E-05
9.9982E-05 0.0169087 0.873402 0.0915115 0.0179776 9.9982E-05
0.0102332 0.0131837 0.891763 0.0807628 0.0039578 9.9991E-05
0.00484105 9.9973E-05 0.938601 0.0562581 9.9973E-05 9.9973E-05
0.0533387 9.9991E-05 0.104994 0.490626 0.209723 0.141218
0.120247 9.9991E-05 0.0839326 0.523476 0.136914 0.135331
9.9973E-05 9.9973E-05 0.0135773 9.9973E-05 0.860526 0.125596
0.123513 0.0282426 0.132729 0.462439 0.201622 0.0514537
9.9973E-05 9.9973E-05 9.9973E-05 0.409798 0.451952 0.137951
0.0218837 9.9982E-05 0.0866861 0.574956 0.316274 9.9982E-05
9.9982E-05 0.0380947 0.0709294 0.575342 0.315434 9.9982E-05
0.10084 0.0371265 9.9982E-05 0.386275 0.475559 9.9982E-05
9.9973E-05 9.9973E-05 0.0752802 9.9973E-05 0.769677 0.154743
0.0520662 0.0467168 0.179954 0.505461 0.103308 0.112494
0.089734 0.0461931 0.0141652 0.634319 0.215489 9.9991E-05
0.0800206 9.9991E-05 0.0711229 0.586836 0.0942396 0.16768
0.0111127 0.187246 0.0110115 0.217526 0.573004 9.9991E-05
9.9982E-05 0.12075 0.0137023 0.499618 0.36573 9.9982E-05
9.9982E-05 9.9982E-05 0.0240355 0.422161 0.428263 0.125341
0.0948997 9.9973E-05 9.9973E-05 0.235991 0.668809 9.9973E-05
9.9982E-05 9.9982E-05 0.0808262 0.37572 0.484211 0.0590427
0.0318252 0.0211019 0.113989 0.519522 0.284294 0.0292677
0.0225879 0.257357 9.9991E-05 0.231866 0.0758908 0.412199
0.0618583 9.9991E-05 0.108337 0.400313 0.0833787 0.346013
9.9991E-05 0.0722468 0.137773 0.535436 0.109851 0.144593
9.9991E-05 0.076929 0.00630184 0.69429 0.0648111 0.157568
9.9982E-05 0.022087 0.0398049 0.587097 9.9982E-05 0.350811
0.0565068 0.0496345 0.00759895 0.586533 9.9991E-05 0.299627
0.00975961 9.9991E-05 0.0239806 0.467334 0.0388824 0.459944
0.0280227 0.0913764 0.108798 0.479745 0.136532 0.155525
0.00553664 0.0745596 0.0462395 0.663699 0.0103549 0.19961
9.9991E-05 0.115862 0.0752212 0.52505 0.107309 0.176458
9.9973E-05 9.9973E-05 9.9973E-05 0.51696 0.056675 0.426065
0.0670722 0.0764784 9.9991E-05 0.592431 0.0946729 0.169245
9.9991E-05 0.183304 0.110277 0.512831 0.0772182 0.11627
0.0973929 9.9982E-05 9.9982E-05 0.570655 0.0476309 0.284121
0.0189657 0.11588 0.106869 0.575658 9.9991E-05 0.182528
0.149035 0.091978 9.9991E-05 0.494154 0.012658 0.252075
0.0301669 0.225993 0.102416 0.36594 9.9991E-05 0.275384
0.0694547 0.0515901 9.9991E-05 0.655222 0.0443559 0.179277
0.0857112 0.0968069 0.0278287 0.721912 9.9991E-05 0.0676415
0.152531 0.0486663 9.9991E-05 0.118671 0.267064 0.412968
0.0499989 0.382673 0.00705819 0.155963 0.0979363 0.30637
0.0323327 0.0710266 0.0236327 0.517735 0.177161 0.178112
0.0658972 0.38722 9.9991E-05 0.0550663 0.174303 0.317414
0.0189026 0.132863 9.9991E-05 0.267454 0.107661 0.473019
9.9973E-05 9.9973E-05 9.9973E-05 0.512508 0.146181 0.34101
9.9982E-05 0.0596996 9.9982E-05 0.343482 0.185925 0.410694
0.0251282 0.118655 9.9991E-05 0.296238 0.0894598 0.470419
0.0225504 9.9991E-05 0.0630002 0.64705 0.0436237 0.223675
0.117168 0.0557178 0.094468 0.481479 0.14326 0.107907
0.0825328 0.0508025 0.099629 0.489159 0.100774 0.177102
0.112679 0.279031 9.9991E-05 0.113435 0.120023 0.374732
9.9991E-05 0.0574668 0.16279 0.492152 0.145992 0.141499
9.9991E-05 0.208831 0.0761877 0.494072 0.176045 0.0447654
9.9991E-05 0.591443 0.118563 0.018444 0.102467 0.168984
9.9982E-05 0.134128 0.108897 0.680664 0.0761109 9.9982E-05
0.00244161 0.262709 0.110908 0.40076 0.113054 0.110127
0.0270036 0.151435 0.0503992 0.596178 0.143332 0.0316528
0.000495491 0.312912 0.113357 0.301544 0.130761 0.140931
9.9991E-05 0.478937 0.0425127 0.231245 0.0340596 0.213145
9.9991E-05 0.283738 0.0587792 0.424837 0.0902688 0.142278
0.0522142 0.114392 0.127564 0.524529 0.0868592 0.0944413
9.9991E-05 0.17646 0.19736 0.414073 0.101417 0.11059
0.185119 0.383385 0.0369844 9.9991E-05 0.240959 0.153453
0.0763514 0.136085 0.0493031 0.536245 0.0821729 0.119842
9.9982E-05 0.307913 9.9982E-05 0.38348 0.146465 0.161942
9.9982E-05 0.282623 9.9982E-05 0.49581 0.095821 0.125546
0.0170824 0.0788392 0.146032 0.604216 0.12367 0.0301599
0.282552 0.187611 0.340327 0.13781 0.0483902 0.00331113
0.141656 0.341994 0.516049 9.9973E-05 9.9973E-05 9.9973E-05
0.135106 0.412106 0.452489 9.9973E-05 9.9973E-05 9.9973E-05
0.334416 0.199374 0.399848 0.0661619 9.9982E-05 9.9982E-05
9.9973E-05 0.226406 9.9973E-05 0.712837 0.0604574 9.9973E-05
0.0271317 0.221453 9.9982E-05 0.646185 9.9982E-05 0.10503
0.67147 9.9973E-05 9.9973E-05 0.302705 9.9973E-05 0.0255256
0.52367 9.9982E-05 9.9982E-05 0.225237 0.109847 0.141046
0.41891 0.0103167 0.0535634 0.361383 0.0630616 0.0927663
0.0272971 0.472944 0.00144017 0.33936 0.119681 0.0392777
0.0438687 0.158162 0.0477779 0.544539 0.165495 0.0401568
9.9973E-05 0.717574 9.9973E-05 0.204782 0.0773435 9.9973E-05
9.9982E-05 0.227199 9.9982E-05 0.654206 0.075351 0.0430441
9.9982E-05 0.281519 9.9982E-05 0.447262 0.227074 0.043945
0.0429977 0.261106 0.0495842 0.563568 0.0723352 0.0104083
9.9982E-05 0.528122 9.9982E-05 0.240734 0.105827 0.125117
0.0378717 0.199718 0.0626516 0.631867 0.0522351 0.0156564
0.0436376 0.191338 0.058341 0.506565 0.200019 9.9991E-05
0.959568 9.9973E-05 9.9973E-05 0.0059147 0.0342173 9.9973E-05
0.931929 9.9982E-05 9.9982E-05 0.038154 0.0138232 0.0158939
0.599983 0.0345462 0.109271 0.189746 0.0663528 9.9991E-05
0.744539 9.9982E-05 9.9982E-05 0.166792 0.0644433 0.0240256
0.764362 0.0117537 0.0231015 0.178694 9.9991E-05 0.0219888
0.9995 9.996E-05 9.996E-05 9.996E-05 9.996E-05 9.996E-05
0.956641 9.9964E-05 9.9964E-05 9.9964E-05 9.9964E-05 0.042959
0.850348 9.9964E-05 9.9964E-05 0.149253 9.9964E-05 9.9964E-05
0.981923 9.9964E-05 9.9964E-05 9.9964E-05 9.9964E-05 0.0176769
0.9995 9.996E-05 9.996E-05 9.996E-05 9.996E-05 9.996E-05
0.9995 9.996E-05 9.996E-05 9.996E-05 9.996E-05 9.996E-05
0.777117 9.9991E-05 0.0294094 0.18465 0.00348408 0.00523925
0.773108 9.9991E-05 0.0472926 0.114807 0.034993 0.0296986
0.98388 9.9964E-05 9.9964E-05 9.9964E-05 0.0157203 9.9964E-05
0.497201 0.0606044 0.0525879 0.180373 0.162194 0.0470403
0.716931 9.9982E-05 0.00235331 0.234617 9.9982E-05 0.0458987
0.728092 9.9982E-05 0.0857143 0.125507 0.0604863 9.9982E-05
0.856098 9.9982E-05 0.0274238 0.112417 9.9982E-05 0.00386101
0.9995 9.996E-05 9.996E-05 9.996E-05 9.996E-05 9.996E-05
0.888929 0.0281373 9.9982E-05 0.0766365 0.00609705 9.9982E-05
0.9995 9.996E-05 9.996E-05 9.996E-05 9.996E-05 9.996E-05
0.689123 0.0542417 0.0422232 0.149047 0.00510231 0.0602628
0.897135 9.9982E-05 0.0101675 9.9982E-05 0.0649267 0.0275706
0.057616 0.646765 0.295319 9.99812E-05 9.99812E-05 9.99812E-05
0.0677959 0.223069 0.236206 0.39638 0.00601886 0.0705297
0.000305831 0.164666 0.252331 0.46273 0.111564 0.00840376
0.081033 0.461844 0.230385 0.185765 9.9991E-05 0.0408725
0.079585 0.240274 0.143508 0.463595 0.0325425 0.0404956
0.0897877 0.346157 0.248019 0.204359 0.111577 9.9991E-05
0.0498118 0.031806 0.241363 0.446538 0.121962 0.108519
0.14997 0.376211 0.108266 0.365353 9.9982E-05 9.9982E-05
0.13971 0.213374 0.170171 0.419113 0.0575312 9.9991E-05
0.240799 0.357902 0.134769 0.266329 9.9982E-05 9.9982E-05
0.0186692 0.069112 0.215845 0.578965 0.0387156 0.0786931
9.9982E-05 9.9982E-05 0.842805 0.0636351 0.0297543 0.0636059
0.0380745 9.9973E-05 0.922486 9.9973E-05 0.0391396 9.9973E-05
9.9991E-05 0.00891267 0.923543 0.000852142 0.0517331 0.0148589
9.9973E-05 9.9973E-05 0.936799 0.0246738 9.9973E-05 0.0382272
9.9973E-05 9.9973E-05 0.851946 0.0658995 9.9973E-05 0.0818543
0.0978601 0.00788996 0.886668 9.9982E-05 0.00738215 9.9982E-05
0.103708 9.9982E-05 0.855518 0.0396192 9.9982E-05 0.0009541
9.9982E-05 0.0839527 0.840025 0.0471877 9.9982E-05 0.0286344
0.0199109 9.9982E-05 0.943661 0.00380674 0.032421 9.9982E-05
0.0950479 9.9973E-05 0.854098 0.0505542 9.9973E-05 9.9973E-05
9.9973E-05 9.9973E-05 0.613512 9.9973E-05 0.138948 0.24724
0.0249985 9.9982E-05 0.597474 9.9982E-05 0.0792632 0.298064
9.9982E-05 0.128392 0.524259 9.9982E-05 0.0256508 0.321497
9.9982E-05 0.117349 0.492115 9.9982E-05 0.0763896 0.313946
9.9982E-05 9.9982E-05 0.0738041 0.526892 0.233811 0.165293
0.0720495 0.0663645 0.00892595 0.403006 0.298986 0.150668
0.0815682 9.9982E-05 9.9982E-05 0.529512 0.189825 0.198895
9.9973E-05 9.9973E-05 9.9973E-05 0.459661 0.266228 0.273811
9.9982E-05 0.0936473 9.9982E-05 0.198013 0.0639083 0.644231
0.0768022 0.0369805 0.0722763 0.535839 0.222431 0.0556711
9.9991E-05 0.0187742 0.0161624 0.538245 0.281264 0.145455
9.9982E-05 0.125392 9.9982E-05 0.514565 0.16173 0.198113
0.0465181 0.0997525 9.9982E-05 0.343394 0.510136 9.9982E-05
0.0208419 0.0531978 0.0577894 0.644905 0.0798282 0.143437
9.9982E-05 9.9982E-05 0.0413934 0.410138 0.400522 0.147747
9.9973E-05 0.248996 9.9973E-05 9.9973E-05 0.649529 0.101175
0.0871493 0.0439167 9.9991E-05 0.531962 0.11446 0.222413
0.00886157 0.263308 0.00632881 0.292773 0.428629 9.9991E-05
9.9982E-05 0.125547 9.9982E-05 0.56841 0.283707 0.0221364
9.9982E-05 9.9982E-05 0.0906166 0.0816135 0.670753 0.156817
9.9982E-05 0.02901 0.168601 0.00868258 9.9982E-05 0.793507
9.9982E-05 0.0433278 0.11577 0.0849967 9.9982E-05 0.755705
9.9991E-05 0.0507094 0.0609843 0.0188351 0.00070073 0.86867
9.9973E-05 9.9973E-05 0.144283 9.9973E-05 0.0535715 0.801846
0.0546393 0.0696835 9.9982E-05 0.0431129 9.9982E-05 0.832364
0.0309606 9.9982E-05 0.0936094 0.0762258 9.9982E-05 0.799004
0.0604974 9.9973E-05 0.868371 0.0708319 9.9973E-05 9.9973E-05
0.0653557 9.9982E-05 0.764366 0.055737 9.9982E-05 0.114341
0.102311 9.9982E-05 0.793352 0.101 9.9982E-05 0.00313713
0.130092 9.9982E-05 0.752991 0.0167942 9.9982E-05 0.0999229
0.0663764 9.9982E-05 0.772912 0.130033 9.9982E-05 0.0304787
9.9982E-05 0.0904016 0.373679 9.9982E-05 0.00738567 0.528334
9.9982E-05 0.0892571 0.447522 9.9982E-05 0.0258038 0.437217
0.00569605 9.9982E-05 0.469037 9.9982E-05 0.0618689 0.463198
9.9964E-05 9.9964E-05 0.814054 0.185546 9.9964E-05 9.9964E-05
9.9973E-05 9.9973E-05 0.411552 9.9973E-05 0.0753732 0.512775
0.30015 0.200974 0.192685 0.305991 9.9982E-05 9.9982E-05
0.186799 0.0463636 0.150914 0.615724 9.9982E-05 9.9982E-05
0.237146 9.9973E-05 0.208524 0.55403 9.9973E-05 9.9973E-05
0.189731 0.139807 0.2753 0.370399 9.9991E-05 0.0246627
0.141688 9.9991E-05 0.18946 0.439722 0.117895 0.111135
0.279073 0.24924 0.471387 9.9973E-05 9.9973E-05 9.9973E-05
9.9991E-05 0.0593249 0.00788693 0.502397 0.0999385 0.330353
0.00192006 0.258856 9.9991E-05 0.356704 0.104729 0.277691
9.9991E-05 0.0530467 0.0650237 0.309486 0.0032487 0.569095
9.9982E-05 0.206894 9.9982E-05 0.496439 0.169162 0.127306
9.9973E-05 0.550753 9.9973E-05 9.9973E-05 0.245796 0.203151
0.0480121 0.02578 0.108808 0.481514 0.219723 0.116163
9.9982E-05 0.12565 9.9982E-05 0.51602 0.0869367 0.271193
9.9991E-05 0.0466441 0.0679628 0.378639 0.0877616 0.418892
0.0248054 0.0657496 0.129193 0.56274 0.0623731 0.155139
9.9982E-05 0.340443 9.9982E-05 0.109664 0.192663 0.35703
0.0826437 0.230598 9.9991E-05 0.43528 0.0497563 0.201622
9.9991E-05 0.103776 0.0289448 0.537212 0.106156 0.22381
0.320602 0.108104 0.0709089 0.220027 0.165657 0.1147
9.9982E-05 0.165477 9.9982E-05 0.421634 0.0994711 0.313218
0.0736297 0.0685456 0.0411826 0.38116 0.147924 0.287558
0.035224 0.245221 0.00868515 0.442159 0.0910431 0.177668
0.0436353 0.103273 9.9991E-05 0.485511 0.128788 0.238693
0.0773165 0.105397 0.0425193 0.604058 0.0703402 0.100369
0.0857163 0.0474804 0.0727195 0.534218 0.151342 0.108523
9.9991E-05 0.0977037 0.100115 0.655619 0.0162208 0.130242
0.0952121 9.9973E-05 0.79646 0.108028 9.9973E-05 9.9973E-05
0.0609705 9.9982E-05 0.819844 0.0256338 0.0933519 9.9982E-05
9.9991E-05 0.056874 0.806539 0.0636514 0.0405069 0.0323291
0.0595902 9.9973E-05 0.796181 9.9973E-05 0.143929 9.9973E-05
0.036395 9.9991E-05 0.806844 0.133887 0.0132154 0.00955806
0.0783102 0.123521 9.9991E-05 0.151159 0.0233129 0.623598
9.9982E-05 0.179651 9.9982E-05 0.582302 0.0138358 0.22401
0.112199 0.152675 0.170547 0.457276 0.0670919 0.0402117
0.0312891 0.00931234 0.0473823 0.699709 0.00313128 0.209176
0.0208016 9.9991E-05 0.0613002 0.53245 0.00964636 0.375701
0.0791079 0.280787 9.9982E-05 0.293379 9.9982E-05 0.346526
9.9991E-05 0.117827 0.150204 0.0162586 0.0941587 0.621452
0.0687482 9.9982E-05 9.9982E-05 0.486503 0.0789208 0.365628
0.150607 0.0495361 0.0446031 0.0591477 0.100211 0.595895
0.00953463 0.18519 0.0391882 0.417513 0.135612 0.212963
0.0490791 0.0463219 0.116398 0.0565988 0.111061 0.620541
0.0324305 9.9991E-05 0.108436 0.617219 0.0262936 0.215521
0.00372623 0.0964753 0.0632949 0.189823 0.0859115 0.560769
0.114733 0.190199 0.0386365 0.276199 0.0696838 0.310548
0.0292177 0.209118 0.116876 0.424904 0.0399908 0.179893
9.9973E-05 0.550923 9.9973E-05 0.297575 9.9973E-05 0.151202
9.9991E-05 0.222482 0.0448937 0.544559 0.115944 0.0720214
9.9982E-05 0.145912 0.066658 0.657407 0.129823 9.9982E-05
9.9982E-05 0.499532 9.9982E-05 0.406013 0.0203686 0.0738865
0.105246 0.141488 0.0389241 0.45847 0.0904708 0.165401
9.9991E-05 0.383719 0.0521512 0.54022 0.0128327 0.0109774
9.9982E-05 0.706465 9.9982E-05 0.123106 0.100864 0.069365
9.9973E-05 0.631938 9.9973E-05 0.329126 0.038636 9.9973E-05
9.9973E-05 0.323106 9.9973E-05 0.595272 9.9973E-05 0.0813224
9.9991E-05 0.56507 0.00953304 0.17237 0.160881 0.0920448
9.9982E-05 0.296476 9.9982E-05 0.488337 0.0475556 0.167432
0.0421506 0.0477854 9.9991E-05 0.0687024 0.221015 0.620247
0.0277138 0.230806 9.9991E-05 0.245016 0.105098 0.391266
0.128211 9.9982E-05 9.9982E-05 0.253814 0.168155 0.449619
0.0880836 9.9982E-05 9.9982E-05 0.578863 0.0688422 0.264011
9.9982E-05 0.0536129 9.9982E-05 0.224345 0.194051 0.527792
0.122758 0.145287 0.023113 0.422359 0.0452432 0.24124
0.018819 9.9991E-05 0.0724729 0.601586 0.0354065 0.271615
0.154077 9.9991E-05 0.0672899 0.37348 0.152433 0.25262
0.108185 0.0540342 0.0259365 0.464318 0.0809992 0.266528
0.094395 9.9982E-05 9.9982E-05 0.337061 0.208008 0.360337
0.117138 9.9982E-05 9.9982E-05 0.123839 0.136517 0.622306
0.0996481 0.0584164 9.9991E-05 0.33422 0.0989502 0.408665
0.0893947 0.0680157 9.9991E-05 0.610638 0.0296607 0.202191
0.0984428 0.0783525 9.9991E-05 0.508214 0.09499 0.219901
0.0281763 0.148334 0.00249577 0.443709 0.078591 0.298694
0.0708955 0.00272868 9.9991E-05 0.525868 0.0602068 0.340201
0.0879541 9.9991E-05 0.0608008 0.341717 0.00455107 0.504877
9.9991E-05 0.0329482 0.0374337 0.574455 0.131501 0.223562
0.104125 0.0840495 0.0321258 0.46494 0.0699517 0.244808
0.186034 0.0782218 0.0591487 0.44898 0.060516 0.1671
0.120392 9.9982E-05 0.343173 0.387737 0.148498 9.9982E-05
0.242432 0.0424446 0.149839 0.396332 0.168851 9.9991E-05
0.221236 0.0472649 0.0316047 0.52528 9.9991E-05 0.174515
0.117196 0.141888 0.0279125 0.567406 0.0557846 0.0898128
0.264032 0.0903427 0.172192 0.438961 0.000762671 0.0337095
9.9982E-05 0.218418 9.9982E-05 0.484075 0.0860926 0.211215
0.00777098 0.0320238 0.239388 0.643199 0.0493629 0.0282552
0.155706 0.507688 0.251521 0.0312649 0.0537213 9.9991E-05
0.167477 0.105182 0.0876434 0.518545 0.0193716 0.101781
0.0956071 0.0202031 0.117417 0.630415 0.0767693 0.0595888
0.229617 0.102367 0.0497844 0.513413 9.9991E-05 0.104719
0.110915 0.176135 0.174039 0.260566 0.14799 0.130355
0.142886 0.101754 0.21763 0.50334 0.0342893 9.9991E-05
0.156355 0.0477066 0.180426 0.569397 9.9991E-05 0.0460147
0.241558 0.315178 0.442964 9.9973E-05 9.9973E-05 9.9973E-05
0.174134 9.9982E-05 0.20313 0.573651 0.0488852 9.9982E-05
0.170384 9.9982E-05 0.196821 0.545181 0.0874136 9.9982E-05
0.129212 0.0765225 0.0420776 0.602764 0.117492 0.0319323
0.0813435 0.0653854 0.242488 0.610583 9.9982E-05 9.9982E-05
0.119539 0.0930128 0.135282 0.517542 0.000589384 0.134035
0.0757855 0.213737 0.062529 0.417846 0.162057 0.068045
0.0503535 0.164021 0.0960879 0.516304 0.142626 0.0306083
9.9982E-05 0.558175 9.9982E-05 0.0490573 0.290986 0.101582
9.9982E-05 0.647645 9.9982E-05 0.0315776 0.23667 0.0839069
0.0885775 0.188564 9.9991E-05 0.462371 0.214749 0.0456382
0.23449 0.166357 0.142648 0.456305 9.9982E-05 9.9982E-05
0.333019 0.236472 0.0790443 0.328317 0.0230477 9.9991E-05
0.313644 0.335333 0.137783 0.162109 9.9991E-05 0.0510307
0.233739 0.164174 0.195613 0.406273 9.9982E-05 9.9982E-05
0.0684924 0.712719 0.067186 0.151402 9.9982E-05 9.9982E-05
0.0970427 0.585584 0.0529328 0.242971 0.0213697 9.9991E-05
0.107025 0.227624 9.9991E-05 0.579338 0.0419297 0.0439825
0.0927834 0.335551 0.0107134 0.507306 0.0535466 9.9991E-05
0.0874919 0.519157 0.0310084 0.311326 0.0118958 0.0391213
0.142112 0.169419 0.0188375 0.478667 0.0789433 0.112022
0.130195 0.297485 9.9973E-05 0.57202 9.9973E-05 9.9973E-05
0.115792 0.266613 0.108679 0.477164 0.0316514 9.9991E-05
9.9982E-05 0.385363 9.9982E-05 0.343839 0.165095 0.105503
9.9982E-05 0.394516 9.9982E-05 0.432603 0.0895054 0.083176
9.9991E-05 0.251667 0.023799 0.631371 0.0205143 0.0725493
0.0438898 0.34243 0.000200723 0.427455 0.110392 0.0756331
0.105015 0.242097 0.101006 0.406821 0.109258 0.0358034
9.9982E-05 0.417347 9.9982E-05 0.514872 0.0645152 0.0030657
9.9982E-05 0.50414 9.9982E-05 0.261221 0.0580232 0.176417
0.00412921 0.195204 0.027282 0.593243 0.180043 9.9991E-05
9.9982E-05 0.441878 9.9982E-05 0.247686 0.236148 0.0740878
9.9973E-05 0.451674 9.9973E-05 0.506424 0.0416025 9.9973E-05
0.0078565 0.149353 0.111182 0.517633 0.134256 0.0797203
9.9991E-05 0.298643 0.0260587 0.541308 0.0920355 0.0418541
0.0878842 0.12359 0.165317 0.542589 0.024257 0.0563622
0.127457 0.252287 0.162854 0.390701 9.9991E-05 0.0666005
0.257479 0.159967 0.163035 0.366861 0.0275814 0.0250768
0.169887 0.147 0.186167 0.359991 9.9991E-05 0.136855
0.200035 0.0316117 0.154745 0.399276 0.155607 0.0587252
0.187053 0.0844912 0.150346 0.394188 0.101056 0.0828672
0.208252 0.584407 0.147685 9.9982E-05 9.9982E-05 0.0594557
0.236118 0.0954893 0.0630901 0.530684 0.0248193 0.0497988
0.109865 0.553488 0.336347 9.9973E-05 9.9973E-05 9.9973E-05
0.180104 0.153144 0.0814823 0.542399 0.0427703 9.9991E-05
9.9973E-05 0.547973 9.9973E-05 0.111515 0.340212 9.9973E-05
9.9973E-05 0.587328 9.9973E-05 9.9973E-05 0.330787 0.0815853
9.9973E-05 0.319209 9.9973E-05 0.522121 0.15837 9.9973E-05
9.9982E-05 0.188338 0.0548866 0.659139 0.0974362 9.9982E-05
9.9973E-05 0.4117 9.9973E-05 0.39984 0.18816 9.9973E-05
9.9973E-05 0.208555 9.9973E-05 0.543438 0.247707 9.9973E-05
9.9982E-05 0.2707 9.9982E-05 0.641984 0.0866972 0.000418582
0.0375866 0.0827405 0.8075 0.0640239 0.00804852 9.9991E-05
0.130015 0.00248095 0.701415 9.9982E-05 9.9982E-05 0.165889
0.0953321 9.9973E-05 0.885764 9.9973E-05 9.9973E-05 0.0186043
9.9964E-05 9.9964E-05 0.933459 0.066141 9.9964E-05 9.9964E-05
0.0270651 0.0492285 0.0709211 0.490386 0.310606 0.0517928
0.0233333 9.9991E-05 0.0708752 0.469466 0.358801 0.0774243
9.9973E-05 9.9973E-05 9.9973E-05 0.466596 0.464949 0.0681545
0.0258218 9.9982E-05 0.0843288 0.583358 0.306292 9.9982E-05
0.0848491 0.108124 0.0255067 0.496197 0.206355 0.0789683
0.0167838 0.0974305 0.0298385 0.188257 0.558513 0.109177
0.00174281 9.9982E-05 0.032684 0.662151 0.303222 9.9982E-05
9.9973E-05 0.151922 9.9973E-05 0.337285 0.510493 9.9973E-05
0.208937 0.0500407 0.216626 0.44832 9.9991E-05 0.0759756
0.0418382 0.173907 9.9991E-05 0.397993 0.325136 0.0610251
9.9982E-05 9.9982E-05 0.013737 0.337319 0.463056 0.185688
9.9973E-05 9.9973E-05 9.9973E-05 0.547703 0.410196 0.0418003
9.9991E-05 0.0221917 0.0130792 0.378876 0.477977 0.107776
0.0407433 0.0356667 9.9982E-05 0.591363 0.332027 9.9982E-05
0.0350858 9.9982E-05 9.9982E-05 0.586986 0.316753 0.0609745
9.9973E-05 0.0621429 9.9973E-05 0.064555 0.873002 9.9973E-05
9.9991E-05 0.124312 0.0400065 0.268511 0.558812 0.00825787
9.9982E-05 9.9982E-05 0.0328323 0.318133 0.629468 0.0193666
9.9964E-05 0.193831 9.9964E-05 9.9964E-05 0.805769 9.9964E-05
0.0420178 0.047618 0.057263 0.390677 0.403796 0.0586284
0.0206945 0.293144 9.9982E-05 0.0731558 0.612806 9.9982E-05
9.9964E-05 0.300899 9.9964E-05 9.9964E-05 0.698701 9.9964E-05
0.114547 0.0318778 9.9982E-05 0.428224 0.425152 9.9982E-05
9.9982E-05 9.9982E-05 0.0554311 0.189755 0.626101 0.128513
0.0420443 9.9991E-05 0.0109072 0.356319 0.47011 0.12052
9.9982E-05 0.122914 0.0756212 0.59379 0.207475 9.9982E-05
0.0570186 9.9982E-05 9.9982E-05 0.5142 0.313104 0.115477
0.11668 0.211128 9.9991E-05 0.295376 0.059795 0.316921
0.0940203 9.9991E-05 0.0129979 0.469933 0.412101 0.0108473
0.0169312 9.9991E-05 0.0785706 0.436554 0.354121 0.113724
9.9973E-05 0.0927786 9.9973E-05 0.249998 0.656923 9.9973E-05
0.0640765 9.9991E-05 0.0390355 0.519108 0.255734 0.121946
9.9982E-05 0.0689641 0.625621 0.0178922 9.9982E-05 0.287323
9.9982E-05 9.9982E-05 0.770377 0.0705621 0.0320423 0.126819
9.9973E-05 0.0630059 0.812353 9.9973E-05 9.9973E-05 0.124341
9.9973E-05 0.0370336 0.80418 9.9973E-05 9.9973E-05 0.158487
9.9964E-05 9.9964E-05 0.720992 9.9964E-05 9.9964E-05 0.278609
0.0537738 9.9991E-05 0.045008 0.0585492 0.660108 0.182461
9.9991E-05 0.0183372 0.0900792 0.109092 0.648833 0.133558
0.0184395 0.100516 9.9982E-05 0.129155 0.75169 9.9982E-05
0.0311348 9.9991E-05 0.127173 0.618252 0.140238 0.0831021
0.0401647 0.0066753 0.13575 0.555348 0.258561 0.00350147
0.00688526 0.161734 0.0107349 0.233794 0.586753 9.9991E-05
0.0587106 9.9973E-05 9.9973E-05 0.584991 0.355998 9.9973E-05
0.0966852 9.9982E-05 0.0690998 0.260603 0.573412 9.9982E-05
0.068846 0.0321018 0.0106076 0.541837 0.300119 0.046489
0.0902812 0.0341802 0.0222121 0.492041 0.266424 0.0948612
0.00392947 0.0606926 9.9991E-05 0.210303 0.586646 0.138329
9.9982E-05 9.9982E-05 0.000324381 0.323373 0.593316 0.0827865
9.9973E-05 9.9973E-05 9.9973E-05 0.32777 0.539647 0.132283
0.017175 0.151398 0.0729838 0.585445 0.0519257 0.121073
9.9973E-05 9.9973E-05 0.0411883 0.384067 0.574445 9.9973E-05
9.9991E-05 0.0647146 0.0253781 0.442266 0.424157 0.0433849
0.429877 0.0562716 0.0563678 0.316905 0.049222 0.0913567
0.349861 9.9973E-05 0.14377 0.506068 9.9973E-05 9.9973E-05
0.418713 0.0808738 0.103961 0.396253 9.9982E-05 9.9982E-05
0.479838 0.140275 0.12679 0.252897 9.9982E-05 9.9982E-05
0.242434 0.0877844 0.129112 0.51771 9.9991E-05 0.0228595
0.06748 0.200621 9.9982E-05 0.459627 0.272072 9.9982E-05
0.646625 0.0958661 0.234601 0.0227078 9.9982E-05 9.9982E-05
0.500133 0.0360048 0.167516 0.260607 0.0356386 9.9991E-05
0.151632 0.208962 0.126602 0.40921 0.103494 9.9991E-05
9.9982E-05 0.222449 0.132747 0.609242 0.0353619 9.9982E-05
0.0494606 0.289104 0.119787 0.443898 9.9991E-05 0.0976509
9.9991E-05 0.087031 0.127487 0.663323 0.0152849 0.106775
0.116591 0.134009 0.0612463 0.468531 0.188691 0.0309318
0.470015 9.9973E-05 0.211802 0.317883 9.9973E-05 9.9973E-05
0.304827 9.9991E-05 0.107358 0.437785 0.0183691 0.131561
0.465982 0.112052 0.0494316 0.372334 9.9982E-05 9.9982E-05
0.292487 0.0123238 0.142192 0.386849 0.128718 0.0374308
0.548963 0.0290298 0.105934 0.231946 0.0840271 9.9991E-05
0.289103 9.9991E-05 0.114683 0.445893 0.0521916 0.0980301
0.524841 0.0347011 0.147595 0.28978 9.9991E-05 0.00298335
0.374492 0.0523182 0.0609701 0.406157 9.9991E-05 0.105962
9.9991E-05 0.217241 0.109568 0.551504 0.0910197 0.0305676
0.404097 0.0468651 0.128883 0.196992 0.107028 0.116135
0.627686 0.0958226 0.120985 0.155306 9.9982E-05 9.9982E-05
0.298841 0.131534 0.132871 0.340021 0.00467761 0.0920555
9.9991E-05 0.289165 0.181432 0.20782 0.0480033 0.273481
0.066388 0.170489 9.9982E-05 0.636775 9.9982E-05 0.126147
0.295638 0.0320341 0.154531 0.457338 9.9991E-05 0.0603588
0.0153811 0.0978992 0.0773298 0.619475 9.9991E-05 0.189815
0.000193217 0.164632 0.150957 0.459517 0.13701 0.0876899
0.252594 0.0776355 0.186524 0.291543 0.191604 9.9991E-05
0.322863 0.0837104 0.18961 0.319087 9.9991E-05 0.0846305
0.101318 0.00767989 0.137347 0.59656 0.0786027 0.0784923
0.289244 9.9991E-05 0.194527 0.460835 0.047009 0.00828494
0.391238 0.107413 0.0304546 0.470695 9.9982E-05 9.9982E-05
0.630875 0.0866707 0.19744 0.0848142 9.9982E-05 9.9982E-05
0.04989 0.139267 0.108145 0.592591 0.0258379 0.0842688
9.9991E-05 0.149897 0.127265 0.44678 0.168183 0.107775
9.9973E-05 0.6643 0.093952 0.241448 9.9973E-05 9.9973E-05
0.140591 0.0524672 0.127515 0.534305 0.108622 0.0364996
0.0258062 0.0854933 0.124679 0.422844 0.0590833 0.282094
0.23624 0.230806 0.146239 0.254834 0.131781 9.9991E-05
0.131795 0.0786116 0.0883441 0.431422 0.201303 0.0685243
0.185801 0.522771 0.291128 9.9973E-05 9.9973E-05 9.9973E-05
0.109512 0.603127 0.287061 9.9973E-05 9.9973E-05 9.9973E-05
0.115473 0.395886 0.0911075 0.343728 9.9991E-05 0.0537055
0.202261 0.442959 0.319244 0.0353362 9.9982E-05 9.9982E-05
0.255259 0.359067 0.385375 9.9973E-05 9.9973E-05 9.9973E-05
0.134755 0.332365 0.0826167 0.429012 0.0211505 9.9991E-05
0.112348 0.180329 0.230069 0.368292 0.0830862 0.025877
0.156728 0.288143 0.303215 0.18329 0.0215886 0.0470358
0.116593 0.498369 0.267908 0.11693 9.9982E-05 9.9982E-05
0.085467 0.187197 0.166804 0.537173 9.9991E-05 0.0232587
0.172941 0.474697 0.166337 0.125336 0.0501432 0.0105465
0.0385142 0.517578 0.443608 9.9973E-05 9.9973E-05 9.9973E-05
0.278387 0.0679036 0.124734 0.374721 0.0307279 0.123526
0.278012 0.211519 0.19755 0.255766 0.057053 9.9991E-05
0.218808 9.9991E-05 0.303374 0.349552 0.0487327 0.079433
0.264587 0.000263281 0.219723 0.515228 9.9982E-05 9.9982E-05
0.215643 0.0237518 0.15282 0.522587 0.0850976 9.9991E-05
0.222961 0.132499 0.120237 0.524103 9.9982E-05 9.9982E-05
0.194487 0.0973633 0.373133 0.328473 9.9991E-05 0.00644383
0.108291 0.0854566 0.182543 0.574499 9.9991E-05 0.0491107
0.277354 9.9982E-05 0.22197 0.405419 0.0950571 9.9982E-05
0.172239 0.140464 0.221771 0.393446 9.9991E-05 0.0719808
0.19828 0.0653496 0.130919 0.22351 0.274908 0.107033
0.0487865 0.084612 0.149322 0.582768 9.9991E-05 0.134412
0.10696 0.0449647 0.198654 0.649222 9.9982E-05 9.9982E-05
0.113898 9.9982E-05 0.169191 0.459759 0.256952 9.9982E-05
0.281678 0.130697 0.242678 0.344748 9.9982E-05 9.9982E-05
0.218009 0.106498 0.175349 0.499944 9.9982E-05 9.9982E-05
0.281527 0.194496 0.348789 0.13225 0.0428375 9.9991E-05
0.186199 9.9991E-05 0.150633 0.522009 0.0225817 0.118478
0.342099 0.154202 0.248158 0.166324 0.0891176 9.9991E-05
9.9982E-05 0.0210758 0.782445 9.9982E-05 0.0935614 0.102718
9.9973E-05 9.9973E-05 0.113273 0.109501 9.9973E-05 0.776926
9.9964E-05 9.9964E-05 0.0210486 9.9964E-05 9.9964E-05 0.978552
9.9964E-05 9.9964E-05 0.0306282 9.9964E-05 9.9964E-05 0.968972
0.00179711 9.9982E-05 0.00840847 0.00894099 9.9982E-05 0.980653
0.0200911 9.9982E-05 0.0172328 0.0175269 9.9982E-05 0.944949
9.9964E-05 9.9964E-05 9.9964E-05 0.0688847 9.9964E-05 0.930715
9.9964E-05 9.9964E-05 0.0518085 9.9964E-05 9.9964E-05 0.947792
9.9973E-05 9.9973E-05 0.214913 0.00704474 9.9973E-05 0.777743
0.0066335 9.9973E-05 0.898801 0.0942653 9.9973E-05 9.9973E-05
9.9973E-05 9.9973E-05 0.829631 0.0721316 9.9973E-05 0.0979374
0.0860789 0.0340253 0.852338 0.027358 9.9982E-05 9.9982E-05
9.9982E-05 0.0453948 0.792096 0.0413746 9.9982E-05 0.120935
0.0509346 9.9982E-05 0.902435 9.9982E-05 0.00860588 0.0378248
0.0120803 0.0707251 0.859827 9.9982E-05 9.9982E-05 0.0571672
0.0784902 0.029103 0.750006 0.0758883 9.9991E-05 0.066412
0.0470165 0.0196182 0.852758 0.0734166 0.00709116 9.9991E-05
0.106005 9.9991E-05 0.681118 0.0348471 0.000973829 0.176956
0.0793614 9.9973E-05 0.899949 0.0203902 9.9973E-05 9.9973E-05
9.9973E-05 9.9973E-05 0.928844 0.0250287 9.9973E-05 0.045827
0.0479308 0.0413777 0.850553 9.9991E-05 0.00744732 0.0525914
9.9973E-05 9.9973E-05 0.931687 0.055075 9.9973E-05 0.0129382
0.0355165 0.0151759 0.8968 0.0523073 9.9982E-05 9.9982E-05
0.0260845 9.9982E-05 0.845027 0.0688692 0.0598197 9.9982E-05
0.0671977 9.9973E-05 0.829209 0.103294 9.9973E-05 9.9973E-05
0.13768 9.9973E-05 0.756096 0.105925 9.9973E-05 9.9973E-05
0.0962629 9.9973E-05 0.787863 0.115575 9.9973E-05 9.9973E-05
0.0719923 9.9973E-05 0.784309 0.143399 9.9973E-05 9.9973E-05
0.0096112 0.259044 0.143155 0.445734 0.0445885 0.0978679
9.9991E-05 0.136246 0.0742138 0.689118 0.0666761 0.0336459
0.0634703 0.00750412 0.11357 0.549117 0.195598 0.0707414
0.000340457 0.719329 0.0489088 0.209301 9.9991E-05 0.0220207
9.9982E-05 0.229024 0.110464 0.591654 9.9982E-05 0.0686586
0.0184538 0.672804 0.160834 0.141348 0.00646022 9.9991E-05
0.0129975 0.324441 0.0608921 0.601469 9.9982E-05 9.9982E-05
9.9991E-05 0.171055 0.0848148 0.439924 0.129787 0.17432
9.9991E-05 0.256347 0.0692254 0.523899 0.0763591 0.074069
9.9991E-05 0.0684622 0.0229775 0.53225 0.361566 0.0146434
9.9982E-05 0.226958 0.0626864 0.530295 9.9982E-05 0.179861
9.9991E-05 0.164986 0.0921016 0.643831 0.0410675 0.0579137
0.0186634 0.176122 0.0716988 0.581236 9.9991E-05 0.15218
0.0424406 0.273282 9.9991E-05 0.0406526 0.140272 0.503253
9.9982E-05 0.802523 0.0247028 9.9982E-05 0.0423969 0.130178
9.9973E-05 0.681474 0.0628798 0.255346 9.9973E-05 9.9973E-05
0.0672082 0.190898 0.0700942 0.584016 0.00466119 0.0831224
9.9991E-05 0.278193 0.102651 0.572908 0.0357862 0.0103629
9.9973E-05 0.269059 0.133539 0.597102 9.9973E-05 9.9973E-05
0.0646885 0.0959264 0.0795036 0.587661 0.11146 0.0607608
0.144596 0.129615 0.220225 0.455933 0.0495311 9.9991E-05
0.135374 0.0110189 0.224403 0.557947 0.0536124 0.0176445
0.143167 0.124166 0.401023 0.161115 0.0295194 0.14101
9.9991E-05 0.08734 0.195356 0.577731 0.0279105 0.111563
0.183046 0.0227854 0.198186 0.36921 0.07891 0.147863
0.167229 0.40284 0.429632 9.9973E-05 9.9973E-05 9.9973E-05
0.151614 0.154281 0.309228 0.384677 9.9982E-05 9.9982E-05
0.25003 0.0340016 0.341356 0.215495 0.118874 0.0402435
0.0505302 0.0327884 0.310002 0.438458 9.9991E-05 0.168122
0.228398 0.0586103 0.0606935 0.411547 0.107275 0.133476
0.212325 0.0733141 0.15064 0.518755 9.9991E-05 0.0448651
0.183478 0.0326491 0.154344 0.629329 9.9982E-05 9.9982E-05
0.168504 0.255153 0.147437 0.417224 0.0115821 9.9991E-05
0.187971 0.0464934 0.424265 0.259034 0.0821362 9.9991E-05
