9.9982E-05 0.0198963 0.0454179 0.901769 0.0327165 9.9982E-05
9.9973E-05 0.0213789 9.9973E-05 0.924432 9.9973E-05 0.0538893
0.131422 0.0178369 0.0514145 0.799126 9.9982E-05 9.9982E-05
0.0300742 0.0874002 0.115003 0.767323 9.9982E-05 9.9982E-05
0.0664713 0.0362018 0.0582942 0.838833 9.9982E-05 9.9982E-05
0.0711396 0.0832988 0.0815311 0.627666 0.0113782 0.124986
0.0241805 0.0582471 0.00235951 0.867835 0.0295856 0.0177924
9.9982E-05 0.0755764 0.0371157 0.748789 9.9982E-05 0.138319
9.9982E-05 0.0612202 9.9982E-05 0.81709 0.061911 0.0595787
0.117931 0.054777 0.0533923 0.702365 0.021535 0.0499998
0.05514 0.115687 9.9982E-05 0.740941 9.9982E-05 0.0880317
0.226129 0.432863 0.0832069 9.9991E-05 0.256412 0.00128876
0.526814 0.262329 0.0511982 9.9991E-05 0.0897315 0.0698275
0.225145 0.421277 0.0996839 0.0561755 0.1093 0.0884189
0.210108 0.356129 0.224774 0.0293244 0.174322 0.00534216
0.394184 0.212271 0.141811 0.114692 0.131324 0.00571797
0.660285 0.133932 0.0387552 0.0606713 0.0282211 0.0781352
0.374117 0.185446 0.154064 0.00368119 0.219545 0.063147
0.283913 0.372309 0.123487 0.0972037 0.122988 9.9991E-05
9.9982E-05 0.706822 0.119676 9.9982E-05 0.0829114 0.0903904
0.482947 0.227673 0.00899713 0.0160951 0.125076 0.139213
0.539664 0.129968 0.0817463 0.0359607 0.0230881 0.189574
0.488965 0.109859 0.0418324 0.0710403 0.264344 0.0239585
0.255836 0.357206 0.132421 0.0139889 0.224612 0.015936
0.616603 0.0539536 0.119475 0.113717 0.0278796 0.0683721
0.57075 0.248478 0.127776 9.9982E-05 0.0527952 9.9982E-05
0.0804275 0.494413 0.126726 0.0364534 0.26188 9.9991E-05
0.157784 0.457221 0.225231 9.9991E-05 0.123073 0.0365906
0.232531 0.392745 0.0457004 0.0157049 0.146319 0.167
0.125253 9.9973E-05 0.0378736 0.836574 9.9973E-05 9.9973E-05
0.145729 9.9973E-05 0.0272036 0.826767 9.9973E-05 9.9973E-05
0.168042 0.0316487 9.9982E-05 0.796922 0.00318688 9.9982E-05
0.112231 9.9982E-05 0.0647688 0.760407 0.0623928 9.9982E-05
0.555879 0.0644763 0.000742939 0.0675226 0.280747 0.0306328
0.54909 0.0693616 0.0248947 0.0790087 0.25228 0.0253647
0.548094 9.9982E-05 9.9982E-05 0.0679194 0.356413 0.0273734
0.125811 0.556904 0.00462065 0.102727 0.190216 0.0197207
0.326695 9.9991E-05 0.0145264 0.0167952 0.589581 0.0523024
0.473889 0.111456 0.0607646 0.0663853 0.287405 9.9991E-05
0.678594 9.9991E-05 0.0916581 0.000929654 0.182002 0.0467161
0.649504 0.0283877 0.00257159 0.126794 0.146845 0.0458969
0.687661 0.0322667 9.9991E-05 0.103641 0.132223 0.0441087
0.10434 0.136412 0.0279954 0.0233641 0.658854 0.0490348
0.639893 0.0470546 0.0544866 0.0834193 0.0723516 0.102795
0.523296 0.0393102 0.0752093 0.0785151 0.197889 0.0857797
0.603514 0.0269831 0.0482686 0.124122 0.152446 0.0446659
0.307174 9.9964E-05 9.9964E-05 9.9964E-05 0.692426 9.9964E-05
0.606907 9.9982E-05 0.0307937 0.0572677 0.304832 9.9982E-05
0.536167 0.0472441 0.0242791 0.147631 0.175911 0.0687674
9.9973E-05 9.9973E-05 9.9973E-05 0.0518264 0.616536 0.331338
0.208598 0.410598 9.9982E-05 9.9982E-05 0.223192 0.157412
0.0678717 0.250855 0.0440031 0.022385 0.137286 0.477599
0.556758 0.114197 0.0598132 0.108169 0.128653 0.0324104
0.60801 0.0751985 0.0644541 0.0769999 0.140432 0.0349057
0.66395 0.0390728 0.0755637 0.0500382 0.06881 0.102566
0.188232 0.310899 9.9991E-05 0.112023 0.170691 0.218055
0.589421 0.285558 0.0284719 9.9991E-05 0.0638656 0.0325843
0.629828 0.107462 0.096869 0.0142575 0.0666978 0.0848862
0.369112 0.249041 0.000965452 0.0955825 0.191848 0.0934507
0.0541609 0.349214 0.0782342 0.167778 0.106509 0.244104
0.514393 0.0716324 9.9991E-05 0.14895 0.201414 0.0635107
0.468664 0.224967 0.0398556 0.0733469 0.118065 0.0751022
0.0143045 0.526918 9.9991E-05 0.0323351 0.250208 0.176135
0.557736 0.206968 9.9982E-05 9.9982E-05 0.104605 0.130491
0.684847 0.0766505 0.00511833 0.0216402 0.0502359 0.161508
0.582393 0.142031 0.0602466 0.0429908 0.052586 0.119753
0.213464 0.305787 0.103038 9.9991E-05 0.216739 0.160871
0.496675 0.180584 0.0582597 9.9991E-05 0.0647713 0.19961
0.613137 0.16238 9.9991E-05 0.103314 0.0474628 0.0736065
0.191168 0.407873 0.00195199 0.0141085 0.204463 0.180435
0.518701 0.0266468 9.9973E-05 9.9973E-05 0.454352 9.9973E-05
0.178005 0.0650275 9.9973E-05 9.9973E-05 0.756668 9.9973E-05
0.521543 0.107732 0.0992458 0.0623824 0.186758 0.0223382
9.9964E-05 9.9964E-05 9.9964E-05 9.9964E-05 0.8633 0.1363
9.9964E-05 9.9964E-05 9.9964E-05 9.9964E-05 0.757492 0.242108
0.25709 9.9973E-05 9.9973E-05 9.9973E-05 0.728594 0.0140165
0.437494 9.9982E-05 0.0240979 9.9982E-05 0.521907 0.016301
0.542102 0.0719059 0.0605144 0.128512 0.0511986 0.145768
0.429038 0.0499359 0.00727453 0.0232372 0.490415 9.9991E-05
0.0387386 0.176075 0.0369011 0.0381883 0.709997 9.9991E-05
0.165277 0.17484 9.9982E-05 0.0649856 0.594697 9.9982E-05
0.446575 9.9982E-05 0.129109 0.131079 0.293037 9.9982E-05
0.232191 0.0476781 0.0072528 0.0294649 0.683313 9.9991E-05
0.337736 0.00714035 0.0229434 0.0826168 0.545827 0.00373617
0.368286 9.9982E-05 9.9982E-05 0.0048723 0.608358 0.0182838
9.9973E-05 9.9973E-05 0.0117563 9.9973E-05 0.684131 0.303813
0.585409 9.9973E-05 0.0207903 9.9973E-05 0.393501 9.9973E-05
0.128176 0.0649438 0.00224903 0.804431 9.9982E-05 9.9982E-05
0.106117 9.9964E-05 9.9964E-05 0.893483 9.9964E-05 9.9964E-05
0.108654 0.000587704 0.0255677 0.86499 9.9982E-05 9.9982E-05
0.00902838 9.9982E-05 0.0211782 0.926572 0.0430218 9.9982E-05
0.0714836 9.9982E-05 0.0453542 0.875812 0.00714975 9.9982E-05
0.0751435 9.9991E-05 0.0228565 0.87088 0.00718239 0.0238373
0.0676201 9.9973E-05 0.00585953 0.92622 9.9973E-05 9.9973E-05
0.491772 0.036966 0.0798677 0.0967506 0.294544 9.9991E-05
0.571664 0.0373069 0.0411327 0.0801721 0.144421 0.125304
0.0149584 0.105086 9.9982E-05 0.0213779 0.858377 9.9982E-05
0.610132 0.0483085 0.0763026 0.0418837 0.175669 0.0477038
0.456472 0.0135775 9.9982E-05 0.0311065 0.498644 9.9982E-05
0.547171 0.0165512 9.9982E-05 0.0990226 0.337056 9.9982E-05
0.582245 0.00516308 9.9991E-05 0.0344612 0.25408 0.12395
0.37001 9.9982E-05 0.10793 0.0121587 0.509702 9.9982E-05
9.9973E-05 0.136133 9.9973E-05 0.0489133 0.814654 9.9973E-05
0.502921 0.061014 0.000909214 0.143526 0.172496 0.119133
0.641332 0.0166998 0.0237671 0.0859382 0.220562 0.0117007
0.534062 0.10611 0.0560286 0.00812316 0.237238 0.0584387
0.205456 9.9991E-05 0.0245168 0.0349909 0.655273 0.0796635
0.428921 9.9991E-05 0.0626067 0.000133911 0.419586 0.0886522
0.41008 0.109761 0.0113231 0.0320907 0.436645 9.9991E-05
0.22388 9.9973E-05 0.140863 9.9973E-05 0.634957 9.9973E-05
0.393722 0.0762492 9.9991E-05 0.0532206 0.468509 0.00819894
0.564213 9.9991E-05 0.00936865 0.16854 0.20542 0.0523584
0.319221 0.301256 0.0477177 0.00523024 0.0621321 0.264443
0.431396 0.270016 0.042469 0.158118 0.00166974 0.0963306
0.545077 0.126603 0.0306517 0.116264 0.0822081 0.0991957
0.605267 0.00711206 0.112666 0.124339 0.150515 9.9991E-05
0.547337 0.345683 9.9991E-05 0.064838 0.01457 0.0274723
0.544303 0.25238 0.0553406 0.0150591 0.0791162 0.0538014
0.469795 0.343259 0.0241577 9.9991E-05 0.0844158 0.0782724
0.574821 0.267202 9.9991E-05 0.0304164 0.0741139 0.0533463
0.636442 0.142799 0.0528373 0.0722973 0.0249327 0.070692
0.628356 0.167364 9.9982E-05 9.9982E-05 0.139862 0.0642178
0.519663 0.315234 9.9991E-05 0.00774716 0.150589 0.00666776
0.647483 0.0908778 0.0488238 9.9982E-05 9.9982E-05 0.212616
0.591816 0.0983409 0.0352676 0.11522 0.0761991 0.0831565
0.528258 0.222386 0.0904194 9.9982E-05 0.158737 9.9982E-05
0.648468 0.100498 0.0203177 0.173285 9.9991E-05 0.0573311
0.564278 0.191991 0.0949912 9.9991E-05 0.0465265 0.102113
0.466322 0.20436 9.9982E-05 0.053365 9.9982E-05 0.275753
0.622002 0.191435 0.107644 0.0105228 0.0682963 9.9991E-05
0.756103 0.111036 9.9982E-05 0.022692 9.9982E-05 0.10997
0.253717 0.366031 0.0763097 0.00424775 0.114281 0.185413
0.209779 0.278822 0.00892844 9.9991E-05 0.0305753 0.471795
0.472508 0.229007 0.0770834 0.034107 0.101059 0.086235
0.13254 0.297994 0.029153 9.9991E-05 0.0986675 0.441545
0.305478 0.396419 9.9991E-05 0.0355961 0.160556 0.101851
0.400196 0.383682 0.0055798 9.9991E-05 0.206147 0.00429442
0.268348 0.434585 9.9991E-05 0.0223071 0.257388 0.0172717
0.339913 0.450797 0.0589561 9.9991E-05 0.149206 0.00102789
0.574684 0.107422 0.0996929 9.9991E-05 0.098596 0.119505
0.4472 0.193707 0.139388 0.0879942 0.0660954 0.0656155
0.479069 0.225648 0.0821976 0.0425577 0.170428 9.9991E-05
0.12428 0.339516 0.0719188 9.9991E-05 0.124567 0.339619
0.629662 0.103779 0.0349728 0.137241 0.0481993 0.0461465
0.438151 0.0785244 0.0802122 0.0748745 0.147559 0.180679
0.0333834 0.121634 9.9991E-05 0.113595 0.200435 0.530853
0.672646 0.0134305 0.0424369 0.0939642 0.0167251 0.160798
0.428192 0.0371336 0.0243891 0.115502 0.105962 0.288822
0.573454 0.0724388 0.0582168 0.0797644 0.101059 0.115067
0.320676 0.0863221 9.9991E-05 0.152746 0.0909684 0.349187
0.282895 0.177342 9.9991E-05 0.0936073 0.00494086 0.441115
0.45023 0.103337 9.9991E-05 0.0699144 0.0972915 0.279127
0.63147 0.084542 9.9991E-05 0.0783378 0.0125118 0.193038
0.445634 0.114272 0.0601148 0.163713 9.9991E-05 0.216167
0.101536 0.102708 0.135535 0.0343702 0.170622 0.455228
0.610033 0.066247 0.0397629 0.0474961 0.0194331 0.217027
0.372762 0.135883 9.9982E-05 9.9982E-05 0.114523 0.376632
0.421525 0.153902 9.9982E-05 9.9982E-05 0.206602 0.217772
0.620029 0.127565 0.0128741 0.127589 9.9991E-05 0.111843
0.126569 0.0307919 0.286169 0.33344 9.9991E-05 0.22293
9.9973E-05 9.9973E-05 0.155847 0.531059 9.9973E-05 0.312794
9.9973E-05 9.9973E-05 0.148246 0.437287 9.9973E-05 0.414167
0.0471022 0.037579 0.384165 0.383932 9.9991E-05 0.147122
0.693538 9.9982E-05 0.0195353 9.9982E-05 0.0204857 0.266241
0.571527 9.9991E-05 0.0466314 0.146619 0.0857787 0.149343
0.221813 0.0470379 0.707761 9.9982E-05 0.0231879 9.9982E-05
0.391679 0.181679 0.370361 0.0324351 0.0237463 9.9991E-05
0.24789 0.183257 0.362383 0.120192 0.0333488 0.0529291
0.338104 0.0196305 9.9982E-05 9.9982E-05 0.121348 0.520717
0.566634 0.141088 0.126946 9.9982E-05 9.9982E-05 0.165132
0.320247 0.0056466 9.9991E-05 0.0133241 0.00888725 0.651795
0.547461 0.0338966 9.9991E-05 0.050192 0.0827008 0.28565
0.553221 0.000949795 0.0670882 0.0155884 0.0571694 0.305983
0.598484 0.0946432 0.0489318 9.9991E-05 0.0129664 0.244875
0.247063 0.0431535 9.9982E-05 9.9982E-05 0.0160358 0.693548
0.534389 0.040491 0.140386 0.048915 0.0922171 0.143602
0.587469 0.0652003 0.0440573 0.0630255 0.100884 0.139364
9.996E-05 9.996E-05 0.9995 9.996E-05 9.996E-05 9.996E-05
0.0824636 0.014564 0.902672 9.9973E-05 9.9973E-05 9.9973E-05
0.173419 0.0620237 0.640444 0.0263244 0.0976883 9.9991E-05
0.323135 9.9964E-05 0.676465 9.9964E-05 9.9964E-05 9.9964E-05
0.165336 9.9964E-05 0.834264 9.9964E-05 9.9964E-05 9.9964E-05
9.996E-05 9.996E-05 0.9995 9.996E-05 9.996E-05 9.996E-05
9.9964E-05 0.0583577 0.941242 9.9964E-05 9.9964E-05 9.9964E-05
0.158115 9.9964E-05 0.841485 9.9964E-05 9.9964E-05 9.9964E-05
9.9964E-05 0.058751 0.940849 9.9964E-05 9.9964E-05 9.9964E-05
9.996E-05 9.996E-05 0.9995 9.996E-05 9.996E-05 9.996E-05
9.996E-05 9.996E-05 0.9995 9.996E-05 9.996E-05 9.996E-05
0.129065 9.9982E-05 0.839281 0.0296273 9.9982E-05 0.00182745
0.139141 9.9982E-05 0.761781 0.0667733 0.0321052 9.9982E-05
9.9964E-05 9.9964E-05 0.979886 9.9964E-05 0.0197146 9.9964E-05
0.451818 0.141536 0.370705 0.0357416 9.9982E-05 9.9982E-05
0.152833 0.0970701 0.739341 9.9982E-05 0.0105561 9.9982E-05
0.16354 0.0110257 0.730429 0.0671626 0.0277418 9.9991E-05
0.0678619 0.0124611 0.887433 0.0320441 9.9982E-05 9.9982E-05
0.0260969 9.9964E-05 0.973503 9.9964E-05 9.9964E-05 9.9964E-05
0.0970299 0.00279629 0.832922 0.065148 9.9991E-05 0.00200334
9.9964E-05 9.9964E-05 0.9977 0.00190027 9.9964E-05 9.9964E-05
0.251836 9.9991E-05 0.605052 0.0052721 0.081879 0.0558611
9.9973E-05 0.028949 0.933865 9.9973E-05 0.0368858 9.9973E-05
9.9973E-05 9.9973E-05 0.0757375 0.328947 9.9973E-05 0.595016
0.457793 0.111113 9.9991E-05 0.201584 0.0374402 0.19197
0.458883 0.089212 0.0386951 0.211168 0.00613079 0.195911
0.226016 0.00620738 0.0861526 0.267544 9.9991E-05 0.41398
0.425556 0.0295789 0.134911 0.160199 0.102177 0.147579
0.199418 9.9991E-05 0.14648 0.222343 0.0213828 0.410275
0.450011 9.9991E-05 0.0837937 0.219638 0.126662 0.119795
0.314812 9.9982E-05 0.181265 0.148138 9.9982E-05 0.355586
0.486894 9.9982E-05 0.0871531 0.184521 9.9982E-05 0.241232
0.465995 9.9982E-05 0.153733 0.191108 9.9982E-05 0.188965
0.393454 0.011649 0.122749 0.231319 0.0561757 0.184654
0.0233702 0.0750671 9.9982E-05 0.812329 9.9982E-05 0.0890343
9.9982E-05 0.00202087 0.0685916 0.909568 9.9982E-05 0.019619
9.9973E-05 0.0610721 9.9973E-05 0.937608 0.00101964 9.9973E-05
0.0607651 0.0203222 9.9973E-05 0.918613 9.9973E-05 9.9973E-05
9.9973E-05 0.0897547 0.0238998 0.886046 9.9973E-05 9.9973E-05
9.9982E-05 0.00942 0.087991 0.897265 9.9982E-05 0.00512421
9.9973E-05 0.000391539 0.1073 0.892009 9.9973E-05 9.9973E-05
9.9982E-05 9.9982E-05 0.0199901 0.878573 0.0120199 0.0892165
9.9973E-05 9.9973E-05 0.00966594 0.945551 0.0444835 9.9973E-05
0.00788088 0.018004 0.0781458 0.872645 9.9991E-05 0.0232243
9.9982E-05 0.25322 9.9982E-05 0.609453 0.110387 0.0267401
9.9973E-05 0.333207 9.9973E-05 0.609675 0.0568185 9.9973E-05
9.9982E-05 0.28842 9.9982E-05 0.563965 0.0174249 0.12999
9.9982E-05 0.304541 9.9982E-05 0.519369 0.0925561 0.083334
0.522452 0.0374037 9.9982E-05 0.101914 0.338031 9.9982E-05
0.415587 0.127423 0.136647 9.9982E-05 0.320143 9.9982E-05
0.524347 0.0907957 0.0277484 0.0480191 0.308989 9.9991E-05
0.358704 0.211608 9.9982E-05 0.064606 0.364883 9.9982E-05
0.147546 0.587323 0.0217109 9.9991E-05 0.19418 0.04914
0.618863 9.9973E-05 9.9973E-05 0.103666 0.277171 9.9973E-05
0.542898 0.100186 0.0188118 9.9982E-05 0.337904 9.9982E-05
0.569931 0.15729 0.0168319 9.9991E-05 0.167807 0.0880399
0.359469 9.9982E-05 0.0523473 9.9982E-05 0.567482 0.0205018
0.720005 0.144677 9.9991E-05 0.0642988 0.0478801 0.0230396
0.365999 0.102713 0.0287555 9.9991E-05 0.487266 0.0151666
9.9973E-05 0.00594643 9.9973E-05 9.9973E-05 0.814141 0.179613
0.523104 0.0513861 9.9991E-05 0.0942051 0.281722 0.0494837
0.269594 0.00714639 9.9991E-05 0.00105677 0.543615 0.178488
0.544369 0.0538779 9.9991E-05 0.0416378 0.264148 0.0958673
0.0672402 0.20437 9.9982E-05 0.010261 0.717929 9.9982E-05
0.029913 0.618244 9.9991E-05 0.151057 0.0290661 0.17162
0.0829183 0.706826 9.9982E-05 0.0930102 9.9982E-05 0.117046
9.9973E-05 0.817898 9.9973E-05 0.042341 9.9973E-05 0.139461
9.9982E-05 0.810692 9.9982E-05 0.125445 0.00627609 0.0573879
0.0547541 0.832914 0.020095 9.9982E-05 9.9982E-05 0.0920366
0.110497 0.777331 9.9982E-05 0.0830864 9.9982E-05 0.0288862
0.0760511 9.9973E-05 0.0292852 0.894364 9.9973E-05 9.9973E-05
0.117035 0.0594219 0.0150198 0.808324 9.9982E-05 9.9982E-05
0.1617 0.0180076 0.0778265 0.742266 9.9982E-05 9.9982E-05
0.0306427 0.118824 0.0973421 0.752991 9.9982E-05 9.9982E-05
0.0246941 0.0700662 0.143044 0.756294 0.00580102 9.9991E-05
9.9982E-05 0.470196 9.9982E-05 0.426611 0.0177624 0.0852308
9.9982E-05 0.338153 9.9982E-05 0.469955 0.082715 0.108977
9.9982E-05 0.378713 9.9982E-05 0.471569 0.128355 0.0211628
0.132829 0.0269576 0.0162554 0.823758 9.9982E-05 9.9982E-05
9.9982E-05 0.4058 9.9982E-05 0.398006 0.16109 0.0349039
0.280402 9.9982E-05 0.360825 0.165461 9.9982E-05 0.193113
0.530127 0.0622541 0.262948 0.144471 9.9982E-05 9.9982E-05
0.596674 9.9973E-05 0.215667 0.187359 9.9973E-05 9.9973E-05
0.332231 9.9991E-05 0.2307 0.296622 0.116596 0.0237503
0.473235 0.124884 0.122872 0.189824 0.089085 9.9991E-05
9.9973E-05 9.9973E-05 0.295757 0.486666 9.9973E-05 0.217277
0.482571 0.406106 9.9982E-05 9.9982E-05 0.0564065 0.0547168
0.445566 0.127677 9.9991E-05 0.0109078 0.108388 0.307361
0.284983 0.545697 0.0446069 0.0655583 0.0267121 0.0324426
0.534217 0.12012 9.9982E-05 9.9982E-05 0.0803079 0.265155
9.9973E-05 0.134375 9.9973E-05 9.9973E-05 0.136753 0.728573
0.504204 0.185623 0.0770886 0.0314206 0.0765103 0.125154
0.466494 0.154642 9.9991E-05 0.0824674 0.0831596 0.213138
0.337308 0.392962 9.9982E-05 0.044805 0.224725 9.9982E-05
0.542401 0.166568 0.0702808 0.0993441 0.0871838 0.0342225
0.165869 0.270803 9.9982E-05 9.9982E-05 0.107694 0.455434
0.468327 0.138938 0.043307 9.9991E-05 0.0801709 0.269157
0.521244 0.294587 0.00415538 0.0468067 0.133108 9.9991E-05
0.4372 0.157237 0.129781 0.159589 0.116093 9.9991E-05
0.420193 0.253419 9.9982E-05 9.9982E-05 0.136618 0.18957
0.462098 0.236797 0.045665 9.9991E-05 0.160299 0.095041
0.461161 0.131178 0.102823 9.9991E-05 0.139325 0.165413
0.563715 0.166227 9.9991E-05 0.0565676 0.102203 0.111188
0.553331 0.144537 0.0920877 0.0711715 0.10209 0.0367829
0.547807 0.0928408 0.079453 0.0793313 0.178579 0.0219886
0.528444 0.22749 0.0387442 0.10571 0.0514829 0.0481293
0.124609 9.9982E-05 0.0714314 0.782379 9.9982E-05 0.02138
0.074067 9.9982E-05 0.037548 0.8296 9.9982E-05 0.0585846
0.00938081 0.0657906 0.0531999 0.760277 0.0593244 0.0520276
0.0461294 9.9982E-05 0.00433083 0.851941 0.0973992 9.9982E-05
0.138883 0.031112 9.9973E-05 0.829705 9.9973E-05 9.9973E-05
0.159701 0.534104 0.0701936 9.9991E-05 0.154836 0.0810656
0.508702 0.0632101 0.0494407 0.0923726 0.167461 0.118814
0.448373 9.9991E-05 0.19145 0.191801 0.00764756 0.160629
0.677397 0.195263 9.9991E-05 0.0628437 0.0574844 0.00691164
0.573561 0.226308 9.9991E-05 0.0287072 0.13149 0.0398335
0.30325 0.345502 0.0399824 0.00665164 9.9991E-05 0.304514
0.0628387 0.545245 9.9991E-05 0.103279 0.0932781 0.195259
0.569666 0.274134 0.0142938 0.0324161 0.0402536 0.0692363
0.148688 0.572858 0.060649 0.0272826 0.0795311 0.110992
0.459981 0.157457 9.9991E-05 0.0115305 0.181376 0.189556
0.0547106 0.507692 0.0706816 0.122465 0.186085 0.0583662
0.60046 0.229391 0.0530139 0.116935 9.9982E-05 9.9982E-05
0.143425 0.477155 0.0588761 0.0562752 0.248609 0.0156605
0.354466 0.255971 0.0563249 0.0344623 0.0958016 0.202975
0.548086 0.165766 0.0182452 0.0438859 9.9991E-05 0.223916
0.395863 0.0637749 9.9973E-05 9.9973E-05 9.9973E-05 0.540062
0.578097 9.9982E-05 9.9982E-05 0.0832193 0.14769 0.190794
0.496361 0.0502334 0.0511388 0.171741 0.0589609 0.171565
0.408729 0.101509 9.9973E-05 9.9973E-05 9.9973E-05 0.489462
0.65419 0.152028 0.0700974 0.0111139 0.0242797 0.0882903
0.615764 0.0128451 9.9991E-05 0.0818384 0.0127355 0.276717
0.177249 0.0658962 9.9982E-05 9.9982E-05 0.075099 0.681555
0.316305 9.9964E-05 9.9964E-05 9.9964E-05 9.9964E-05 0.683295
0.537011 0.0523212 9.9973E-05 9.9973E-05 9.9973E-05 0.410367
0.198993 0.0827835 9.9982E-05 9.9982E-05 0.137468 0.580556
0.505137 0.0788497 9.9982E-05 9.9982E-05 0.0783967 0.337417
0.06186 0.593975 0.0495841 9.9991E-05 0.193702 0.100779
0.272587 0.326022 0.038391 9.9991E-05 0.0632358 0.299664
0.30667 0.39387 0.143265 9.9982E-05 0.155995 9.9982E-05
0.662221 0.168231 0.0824742 9.9982E-05 9.9982E-05 0.0868736
0.272586 0.423134 9.9982E-05 9.9982E-05 0.266215 0.0378648
0.501469 0.101026 0.122986 0.046732 9.9991E-05 0.227687
0.461398 0.156216 0.108717 0.0707827 0.199236 0.00365049
0.497501 0.211585 0.0715744 0.0214584 0.0655773 0.132303
0.511874 0.28454 0.0854341 0.0158377 0.102214 9.9991E-05
0.406174 0.340637 0.0694263 0.015021 0.168642 9.9991E-05
0.182289 0.456133 0.100123 9.9991E-05 0.246179 0.0151748
0.357155 0.402468 0.0553499 9.9991E-05 0.0561155 0.128812
0.612618 0.235938 0.0395702 9.9991E-05 0.0487898 0.0629841
0.647727 0.107942 0.0473425 0.0295073 0.0203574 0.147123
0.502661 0.198207 9.9991E-05 0.0704481 0.0814201 0.147164
0.610421 0.255027 0.0403869 9.9982E-05 9.9982E-05 0.0939648
0.396143 0.442297 0.0756613 0.0128671 9.9991E-05 0.0729317
0.604635 0.325413 9.9982E-05 0.03357 0.0361813 9.9982E-05
0.547169 0.291116 0.105869 0.016575 0.0183332 0.0209375
0.476032 0.0649461 0.118843 0.0778089 0.106626 0.155744
0.360419 0.10658 0.0907852 0.369077 0.0730392 9.9991E-05
0.473549 0.0115172 0.198881 0.0943675 0.165066 0.0566184
0.505792 0.129238 0.153317 0.120563 0.022645 0.0684443
0.586448 0.0250296 0.0267868 0.142531 0.121159 0.0980453
0.456286 0.00417124 0.208904 0.183198 0.0919947 0.0554456
0.547342 0.187535 0.00803478 9.9982E-05 9.9982E-05 0.256888
0.452424 0.0935508 0.140111 0.194951 0.107778 0.0111854
0.0274755 9.9991E-05 0.143842 0.232935 0.13194 0.463707
0.459743 0.0852054 0.203467 0.0968741 0.00173265 0.152978
0.536635 0.0139641 0.17251 0.125657 9.9991E-05 0.151133
0.418827 0.0960474 0.278631 0.0428049 0.0902286 0.0734611
0.209829 0.136471 0.18802 0.173721 0.162971 0.128988
0.58658 9.9991E-05 0.0620864 0.278781 0.0684094 0.00404391
0.62024 9.9982E-05 0.10532 0.154092 9.9982E-05 0.120147
9.9973E-05 9.9973E-05 0.205074 0.480871 9.9973E-05 0.313755
0.414193 0.0716085 0.22612 0.169491 0.0167232 0.101865
0.56126 9.9991E-05 0.193531 0.207117 0.00629258 0.0316992
0.541758 0.104164 0.15076 0.14936 0.0418341 0.0121243
0.547201 9.9982E-05 0.222406 0.188241 9.9982E-05 0.0419517
0.385279 0.060012 0.192423 0.166099 0.132169 0.0640179
0.402056 0.0450997 0.0505034 0.0204565 0.242474 0.23941
0.476854 0.00428466 0.0745485 0.0815661 0.30635 0.0563971
0.065321 0.058771 9.9982E-05 9.9982E-05 0.250479 0.625229
0.0322251 0.0495667 9.9982E-05 9.9982E-05 0.233263 0.684746
0.52204 0.0321799 0.0551975 0.0949597 0.188565 0.107058
0.463373 0.0168068 0.28478 0.074492 0.0176638 0.142884
0.274483 9.9991E-05 0.387731 0.0773567 0.00577281 0.254557
0.129072 9.9991E-05 0.356467 0.219772 0.0192691 0.27532
0.308678 9.9982E-05 0.308618 0.197338 9.9982E-05 0.185166
0.114386 9.9991E-05 0.125777 0.0287666 0.00326393 0.727707
0.26235 9.9991E-05 0.088408 0.0755694 0.00345989 0.570113
0.495775 0.0636706 0.130422 9.9991E-05 0.0681327 0.2419
0.500727 0.0331089 0.102967 0.0419421 0.0219059 0.299349
0.281296 9.9982E-05 0.0878975 0.0646875 9.9982E-05 0.565919
0.494199 0.0325819 0.127677 0.0439768 0.096429 0.205136
0.513321 0.00940438 0.152693 0.00247328 0.0471863 0.274922
0.453971 0.06484 0.203535 0.0250158 0.0083889 0.244249
0.354028 0.0861178 9.9982E-05 9.9982E-05 0.191315 0.36834
0.316825 0.0589648 0.0853729 9.9991E-05 0.189246 0.349491
0.523288 0.0233105 0.0789439 9.9991E-05 0.0931986 0.281159
0.333468 0.0593694 0.0354848 0.105348 0.20356 0.262771
0.526607 0.0103993 0.116048 0.0521919 9.9991E-05 0.294654
0.588036 0.0302759 9.9973E-05 9.9973E-05 9.9973E-05 0.381388
0.330236 0.0799971 9.9982E-05 9.9982E-05 0.0678314 0.521735
0.581142 9.9991E-05 0.00592275 0.0509071 0.128037 0.233891
0.292775 0.00846141 9.9982E-05 9.9982E-05 0.126323 0.57224
0.53129 9.9991E-05 0.00457935 0.00695055 0.0192733 0.437806
0.497406 0.0500108 0.0690604 0.0193008 0.159511 0.204712
0.478547 9.9982E-05 0.042757 9.9982E-05 0.237326 0.24117
0.512377 9.9991E-05 0.172688 0.161915 0.0286848 0.124236
0.379317 0.0457261 0.169352 0.117872 0.149863 0.13787
0.318077 0.0676697 0.257382 0.161131 0.0975858 0.0981543
0.342183 0.115725 0.218523 0.169668 0.0389214 0.114979
0.399313 0.150845 0.22677 0.110108 0.0374147 0.07555
0.437481 0.0244286 0.167363 0.115248 9.9991E-05 0.25538
0.00951801 0.0380451 0.150904 0.154702 9.9991E-05 0.64673
0.721539 0.0309089 0.11014 0.0539561 9.9991E-05 0.0833562
9.9973E-05 9.9973E-05 0.137369 0.347199 9.9973E-05 0.515132
0.568676 9.9991E-05 0.155509 0.0745051 0.0377026 0.163507
0.144987 9.9973E-05 9.9973E-05 9.9973E-05 0.259118 0.595595
9.9973E-05 0.00738621 9.9973E-05 9.9973E-05 0.283773 0.708541
0.491955 9.9973E-05 9.9973E-05 9.9973E-05 0.229431 0.278314
0.739791 9.9973E-05 9.9973E-05 9.9973E-05 0.0716114 0.188297
0.455763 0.0410373 9.9982E-05 9.9982E-05 0.0367509 0.466249
0.503225 0.0174604 0.0111119 9.9991E-05 0.196245 0.271857
0.594447 0.0410014 0.00284664 9.9991E-05 0.0732713 0.288334
0.12183 9.9991E-05 0.0380675 0.775208 0.0529025 0.0118922
9.9991E-05 0.0874609 0.117702 0.71061 0.0175847 0.0665428
9.9973E-05 0.046414 0.0766213 0.876665 9.9973E-05 9.9973E-05
0.0697833 9.9964E-05 9.9964E-05 0.929817 9.9964E-05 9.9964E-05
0.41968 0.1226 0.102487 9.9982E-05 0.355033 9.9982E-05
0.481099 0.0491583 0.0647655 0.0676709 0.337206 9.9991E-05
0.450814 0.0207753 9.9982E-05 0.0090575 0.519153 9.9982E-05
0.537058 0.0396039 0.0470943 0.0812966 0.294847 9.9991E-05
0.584383 0.0197733 9.9991E-05 0.114362 0.206903 0.0744787
0.193855 0.072927 0.00595964 0.0201608 0.667092 0.040006
0.478867 9.9973E-05 0.0445839 9.9973E-05 0.47625 9.9973E-05
0.40217 9.9973E-05 9.9973E-05 9.9973E-05 0.461387 0.136143
0.419859 0.0515771 0.172311 0.275105 0.0486112 0.0325369
0.442697 0.0552365 0.0368698 9.9991E-05 0.299481 0.165615
0.290241 0.147811 9.9973E-05 9.9973E-05 0.561648 9.9973E-05
0.550967 9.9973E-05 0.00343839 9.9973E-05 0.445295 9.9973E-05
0.409489 0.0535821 9.9982E-05 0.00965304 0.527076 9.9982E-05
0.610181 9.9964E-05 9.9964E-05 9.9964E-05 0.389419 9.9964E-05
0.498425 9.9982E-05 0.00554172 0.128032 0.367801 9.9982E-05
0.0725707 9.9973E-05 9.9973E-05 9.9973E-05 0.89046 0.0366694
0.194614 0.0448589 0.0264064 9.9991E-05 0.58671 0.14731
0.372031 0.0324241 9.9982E-05 9.9982E-05 0.476595 0.11875
9.9964E-05 9.9964E-05 9.9964E-05 9.9964E-05 0.751046 0.248554
0.406113 0.159426 9.9982E-05 0.0174219 0.41684 9.9982E-05
0.159847 0.00658539 9.9982E-05 9.9982E-05 0.490552 0.342816
9.9964E-05 9.9964E-05 9.9964E-05 9.9964E-05 0.630705 0.368895
0.58064 9.9991E-05 0.0182757 0.0643334 0.249043 0.0876079
0.163752 0.0919745 9.9982E-05 0.0359428 0.708131 9.9982E-05
0.42277 0.086138 0.0630038 9.9991E-05 0.392679 0.0353093
0.604262 9.9991E-05 0.0198325 0.118501 0.0469644 0.21034
0.396083 0.0581894 0.0719911 0.00466471 0.468972 9.9991E-05
0.429943 0.267161 0.0243418 9.9991E-05 0.0458898 0.232565
0.531771 0.013755 0.056244 0.0330054 0.351276 0.0139488
0.446031 0.00706941 0.0493718 0.0632208 0.434207 9.9991E-05
0.29994 9.9973E-05 9.9973E-05 9.9973E-05 0.694355 0.00540444
0.470244 9.9991E-05 0.0091331 0.109654 0.274177 0.136692
0.00816404 0.240953 9.9982E-05 0.671462 9.9982E-05 0.0792209
0.0495111 0.113353 9.9991E-05 0.778879 0.0483165 0.0098413
9.9973E-05 0.122816 9.9973E-05 0.81847 9.9973E-05 0.0584146
9.9973E-05 0.107207 9.9973E-05 0.837675 9.9973E-05 0.0548185
0.0401663 0.205091 9.9973E-05 0.754443 9.9973E-05 9.9973E-05
0.105295 0.0948465 0.0110764 0.0410954 0.747587 9.9991E-05
0.0995316 0.117391 9.9991E-05 0.0833516 0.676039 0.023587
0.122333 9.9973E-05 9.9973E-05 9.9973E-05 0.802643 0.0747248
0.462785 9.9991E-05 0.113088 0.10734 0.251722 0.064965
0.527247 0.132135 0.0168574 0.109049 0.214612 9.9991E-05
0.240429 9.9982E-05 9.9982E-05 0.0629396 0.622442 0.0739897
0.557369 0.00375626 0.117652 0.000753536 0.295857 0.0246127
0.249908 9.9982E-05 0.12353 9.9982E-05 0.524318 0.102045
0.532969 0.0358098 9.9982E-05 0.0485914 0.382429 9.9982E-05
0.57415 0.055434 0.0338764 0.0517638 0.284676 9.9991E-05
0.153956 0.109549 0.0638802 9.9991E-05 0.648171 0.0243437
0.31545 0.0690508 9.9973E-05 9.9973E-05 0.615199 9.9973E-05
0.328572 0.139401 9.9982E-05 9.9982E-05 0.518997 0.01283
0.659883 0.0953164 0.013856 0.109235 9.9991E-05 0.12161
0.364108 0.0522114 9.9982E-05 0.0444847 0.538996 9.9982E-05
0.434297 0.0210804 9.9982E-05 0.0658239 0.478599 9.9982E-05
0.402749 9.9991E-05 0.398846 0.132292 0.043039 0.0229738
0.332197 9.9991E-05 0.445868 0.121845 0.0702842 0.0297053
0.420877 9.9982E-05 0.379022 0.143145 9.9982E-05 0.056757
0.291177 9.9982E-05 0.483592 0.151749 9.9982E-05 0.0732828
0.526431 9.9982E-05 0.24879 0.132577 9.9982E-05 0.0920017
0.576171 9.9982E-05 9.9982E-05 0.0576353 0.227399 0.138595
0.0118351 9.9982E-05 0.672618 0.263524 9.9982E-05 0.0518227
0.252851 0.0262634 0.48114 0.184566 0.0416269 0.0135535
0.289774 9.9991E-05 0.224762 0.170431 0.166723 0.14821
0.578678 9.9982E-05 0.00687517 0.165734 9.9982E-05 0.248512
0.438728 0.122257 0.0578666 0.101704 0.0109967 0.268449
0.631611 0.0456304 0.0481422 0.107081 9.9991E-05 0.167435
0.59889 0.115229 9.9991E-05 0.138419 0.09926 0.0481022
0.362154 9.9973E-05 0.432242 0.205304 9.9973E-05 9.9973E-05
0.313434 0.00257926 0.409241 0.129797 0.144848 9.9991E-05
0.422256 0.0112126 0.455126 0.0932688 9.9991E-05 0.0180367
0.277553 0.205417 0.413563 0.0579018 0.0369173 0.00864866
0.216886 0.00562898 0.533287 0.152723 0.0913753 9.9991E-05
0.367017 9.9982E-05 0.315324 0.122843 0.194616 9.9982E-05
0.233147 9.9982E-05 0.567955 0.180266 9.9982E-05 0.0184324
0.301601 0.0785869 0.412131 0.0351153 0.0825963 0.0899701
0.570494 9.9982E-05 9.9982E-05 0.0985525 0.0875234 0.24323
0.389653 9.9991E-05 0.339224 0.147936 0.0899918 0.0330947
0.187309 9.99757E-05 0.624791 0.1876 9.99757E-05 9.99757E-05
0.258183 0.0514193 0.426916 0.0616084 0.132453 0.069421
0.187017 0.195716 9.9991E-05 0.148783 0.184958 0.283427
0.524182 0.101685 0.08418 9.9991E-05 0.0328832 0.256969
0.387287 0.0151583 0.298202 0.219243 9.9991E-05 0.0800101
0.658589 0.0815536 0.0227775 0.14405 9.9991E-05 0.09293
0.437135 0.0504012 0.0185227 0.211391 0.125058 0.157492
0.349773 9.9991E-05 0.202621 0.236685 0.122279 0.0885418
0.371408 0.0310805 0.31006 0.216276 0.00980889 0.0613671
0.597594 0.00405153 0.0578238 0.186255 0.128618 0.025658
0.310578 0.00275808 0.406155 0.148203 0.132206 9.9991E-05
0.353389 9.9982E-05 0.43326 0.131842 0.0813084 9.9982E-05
0.15081 0.0759761 0.534597 0.238417 9.9982E-05 9.9982E-05
0.76002 0.0182351 9.9991E-05 0.108518 0.0538037 0.059323
0.523249 0.134082 9.9991E-05 0.127724 0.0788145 0.13603
0.24447 9.9982E-05 0.00267532 0.121457 9.9982E-05 0.631198
0.570681 0.11911 0.0901757 0.0893023 0.0727832 0.0579471
0.46329 0.162127 0.0484484 0.170036 0.0410015 0.115097
0.520488 9.9991E-05 0.0758705 0.185925 0.125141 0.0924749
0.380946 0.087974 0.155346 0.11246 0.127995 0.135278
9.9973E-05 9.9973E-05 0.196895 0.289993 9.9973E-05 0.512812
9.9973E-05 9.9973E-05 0.122656 0.291001 9.9973E-05 0.586042
0.275192 0.102157 0.192544 0.08802 9.9991E-05 0.341987
0.0333598 9.9982E-05 0.195941 0.361506 9.9982E-05 0.408994
9.9973E-05 9.9973E-05 0.211427 0.480423 9.9973E-05 0.30785
0.332301 9.9991E-05 0.146849 0.126322 0.0771406 0.317287
0.345198 0.00493289 0.0784575 0.271962 0.0524064 0.247043
0.25202 0.0125868 0.11691 0.312171 9.9991E-05 0.306213
0.140603 9.9982E-05 0.0988972 0.339847 9.9982E-05 0.420453
0.53358 0.0269943 0.068275 0.139823 0.0431405 0.188187
0.188378 0.0685229 0.118509 0.220042 9.9991E-05 0.404449
9.9973E-05 9.9973E-05 0.0242052 0.455343 9.9973E-05 0.520152
0.558854 0.122273 0.162714 0.0884117 9.9991E-05 0.0676469
0.292437 0.0821698 0.282714 0.125395 9.9991E-05 0.217184
0.524559 0.0248496 0.0870179 0.294335 0.0691383 9.9991E-05
0.598923 9.9973E-05 0.219527 0.18125 9.9973E-05 9.9973E-05
0.498236 9.9991E-05 0.195659 0.146449 0.11155 0.0480058
0.484475 0.0277963 0.264273 0.182454 9.9991E-05 0.0409018
0.355279 9.9973E-05 0.206844 0.437577 9.9973E-05 9.9973E-05
0.604101 9.9982E-05 0.11915 0.264975 0.0115737 9.9982E-05
0.469506 0.0519762 0.264362 0.213776 0.00027886 9.9991E-05
0.287755 9.9991E-05 0.252092 0.274479 0.0668185 0.118755
0.194706 0.122794 0.196317 0.182728 0.291413 0.0120424
0.560659 0.0612894 0.117684 0.161355 0.0989128 9.9991E-05
0.539595 0.0181007 0.0745918 0.28544 0.0132878 0.0689842
0.575791 0.0456465 0.0980832 0.0868604 0.193519 9.9991E-05
0.456913 9.9973E-05 0.227004 0.315783 9.9973E-05 9.9973E-05
0.492279 9.9991E-05 0.168368 0.232822 0.0323661 0.0740645
0.201508 9.9982E-05 0.187365 0.376941 9.9982E-05 0.233986
0.437501 0.137335 0.222336 0.130209 9.9991E-05 0.07252
0.282109 9.9982E-05 0.246054 0.272298 9.9982E-05 0.199338
9.9982E-05 0.0847482 9.9982E-05 0.811106 0.0389614 0.0649841
0.129005 0.745313 0.0395838 0.0392428 9.9991E-05 0.0467551
9.9982E-05 0.978415 9.9982E-05 0.00628557 0.00716822 0.00793155
9.996E-05 0.9995 9.996E-05 9.996E-05 9.996E-05 9.996E-05
0.0140875 0.985513 9.9964E-05 9.9964E-05 9.9964E-05 9.9964E-05
0.00433077 0.945087 0.050282 9.9973E-05 9.9973E-05 9.9973E-05
0.128524 0.871076 9.9964E-05 9.9964E-05 9.9964E-05 9.9964E-05
9.9964E-05 0.93375 9.9964E-05 0.0658504 9.9964E-05 9.9964E-05
9.9964E-05 0.797152 9.9964E-05 0.202448 9.9964E-05 9.9964E-05
0.030524 0.0268549 9.9982E-05 0.913095 9.9982E-05 0.029326
0.0471193 0.131769 9.9973E-05 0.820812 9.9973E-05 9.9973E-05
9.9973E-05 9.9973E-05 0.07183 0.893976 0.0338944 9.9973E-05
0.0554261 0.102509 9.9982E-05 0.8036 9.9982E-05 0.0382654
0.0338523 0.0530786 0.0272681 0.885601 9.9982E-05 9.9982E-05
9.9991E-05 0.0568011 0.021447 0.888593 0.00091568 0.0321427
0.0221212 0.0800078 0.155373 0.742298 9.9982E-05 9.9982E-05
0.0314356 9.9982E-05 0.058007 0.866404 0.043953 9.9982E-05
0.0808204 0.102269 0.0284442 0.720551 0.0678153 9.9991E-05
9.9973E-05 9.9973E-05 0.0504525 0.930089 0.0191585 9.9973E-05
9.9973E-05 9.9973E-05 0.0245343 0.965373 0.00979308 9.9973E-05
9.9982E-05 9.9982E-05 0.0705214 0.862606 0.0552569 0.011416
0.0214807 0.0154548 9.9973E-05 0.962765 9.9973E-05 9.9973E-05
0.0638396 9.9973E-05 0.0252484 0.910612 9.9973E-05 9.9973E-05
0.0435031 9.9982E-05 0.078075 0.845965 0.0322565 9.9982E-05
0.111375 9.9973E-05 0.0385474 0.849778 9.9973E-05 9.9973E-05
0.0638806 9.9973E-05 0.145357 0.790463 9.9973E-05 9.9973E-05
0.144757 9.9973E-05 0.0698367 0.785107 9.9973E-05 9.9973E-05
0.126982 9.9973E-05 0.0467112 0.826007 9.9973E-05 9.9973E-05
0.431104 0.0830262 9.9991E-05 0.180687 0.0655398 0.239543
0.719083 9.9982E-05 9.9982E-05 0.0714539 0.083783 0.12548
0.518655 0.043413 0.132583 0.180296 0.124954 9.9991E-05
0.223605 9.9982E-05 9.9982E-05 0.0174937 0.0216683 0.737033
0.546912 0.0713619 9.9991E-05 0.156162 0.119859 0.105606
0.161411 9.9973E-05 9.9973E-05 0.139559 9.9973E-05 0.69873
0.605462 9.9991E-05 0.0128229 0.113641 0.0591064 0.208867
0.450925 0.172084 9.9991E-05 0.106708 0.13008 0.140103
0.578742 0.114068 9.9991E-05 0.0902187 0.120905 0.0959657
0.456866 0.0130264 9.9982E-05 0.0669386 0.462969 9.9982E-05
0.498201 0.193423 9.9991E-05 0.0937212 0.0727362 0.141819
0.665263 0.0231043 9.9991E-05 0.103342 0.104808 0.103383
0.562033 0.101722 9.9991E-05 0.0809449 0.118296 0.136904
0.117763 0.449628 0.0352971 9.9991E-05 0.0556196 0.341592
0.0301144 0.0657369 9.9991E-05 0.00980695 0.0340761 0.860166
0.19008 0.0387662 9.9982E-05 0.0853826 9.9982E-05 0.685571
0.612349 0.118582 0.00229385 0.130961 0.0543187 0.0814958
0.536123 0.0806477 9.9991E-05 0.0937407 0.0313737 0.258015
0.523085 9.9982E-05 9.9982E-05 0.135802 0.085387 0.255526
0.765437 0.0566428 0.0155976 0.0712383 9.9991E-05 0.0909839
0.543843 0.0136236 0.171607 0.195212 0.0279284 0.0477865
0.528105 0.0719301 0.154761 0.228665 9.9991E-05 0.0164384
0.113238 0.135288 0.166509 0.373704 0.039813 0.171449
0.622717 0.120102 0.0516291 0.150929 0.0485841 0.00603884
0.493793 0.0677967 0.0296968 0.226979 0.106125 0.0756093
9.9973E-05 9.9973E-05 0.173028 0.427389 9.9973E-05 0.399283
0.33647 9.9982E-05 0.209466 0.261167 9.9982E-05 0.192697
0.275503 0.0330357 0.164031 0.346366 0.127431 0.0536343
0.48044 0.156617 0.0456574 0.277876 0.0393092 9.9991E-05
0.52335 0.010911 0.119844 0.187514 0.0691914 0.0891889
0.548499 0.0034612 0.12371 0.21533 0.0583714 0.0506276
0.648237 0.0890217 0.0918191 0.141434 0.0293887 9.9991E-05
0.36673 0.0150143 0.17774 0.162186 0.0211005 0.257229
0.288853 9.9982E-05 0.190324 0.463697 0.0569253 9.9982E-05
