9.9982E-05 0.0472401 0.0292225 0.00225338 0.921084 9.9982E-05
0.0548793 9.9964E-05 9.9964E-05 9.9964E-05 0.944721 9.9964E-05
0.0464822 0.00828561 0.0467594 0.0784822 0.819891 9.9991E-05
9.9982E-05 0.0915327 0.0849747 0.0390238 0.784269 9.9982E-05
0.0231247 9.9991E-05 0.0666259 0.0271302 0.855165 0.0278546
0.0271517 0.0869077 0.0369064 0.0528172 0.601262 0.194955
9.9982E-05 0.0383994 0.0144733 9.9982E-05 0.844721 0.102206
9.9982E-05 0.131039 0.0263985 9.9982E-05 0.742374 0.0999883
0.0392091 0.104468 9.9982E-05 9.9982E-05 0.830976 0.0251463
9.999E-05 0.0445945 0.0912586 0.0796451 0.674674 0.109728
9.9982E-05 0.133179 9.9982E-05 0.0348974 0.737024 0.0946998
0.165763 0.458726 0.0743016 0.285426 9.9991E-05 0.0156822
0.0194668 0.283829 0.110116 0.508056 9.9991E-05 0.0784322
9.9982E-05 0.530417 0.0858249 0.285342 9.9982E-05 0.0982167
0.0389635 0.40045 0.187576 0.309451 0.030163 0.0333959
0.0962397 0.257076 0.11206 0.397717 0.100931 0.0359754
9.999E-05 0.19432 0.123707 0.521345 0.0401473 0.12038
0.197568 0.237291 0.122905 0.416058 9.9991E-05 0.0260784
0.111699 0.342809 0.0657316 0.305101 0.17456 9.9991E-05
0.00909133 0.628603 0.0608619 0.0501841 0.0453365 0.205923
0.154471 0.293296 0.0916884 0.40467 9.9991E-05 0.0557738
0.09761 0.162932 0.060558 0.446989 0.0150267 0.216884
0.119918 0.185597 0.0287323 0.597537 0.0525606 0.015655
0.166577 0.375653 0.106795 0.274542 9.9991E-05 0.0763322
0.0862598 0.155834 0.109694 0.577531 0.0371987 0.0334823
0.0628545 0.197348 0.147913 0.497478 0.0279478 0.0664589
0.158967 0.518302 0.13005 0.168403 0.00466154 0.0196165
0.0409778 0.454484 0.198001 0.266107 0.00758503 0.0328451
0.0839931 0.458742 9.9982E-05 0.303646 9.9982E-05 0.153419
9.9973E-05 9.9973E-05 0.0296975 0.118645 0.851358 9.9973E-05
9.9964E-05 9.9964E-05 9.9964E-05 0.163595 0.836005 9.9964E-05
9.9964E-05 9.9964E-05 9.9964E-05 0.17284 0.82676 9.9964E-05
0.124455 9.9982E-05 0.108821 0.052296 0.714228 9.9982E-05
0.313436 0.128037 0.0120853 0.530191 9.9991E-05 0.0161506
0.375329 0.078855 0.075799 0.407231 0.0608958 0.00189027
0.43422 9.9982E-05 0.0157352 0.475742 0.0741028 9.9982E-05
0.116148 0.594091 9.9991E-05 0.155734 0.126734 0.00719338
0.677073 9.9991E-05 0.0897082 0.174423 0.0350266 0.0236694
0.218194 0.121376 0.0820465 0.446586 0.10222 0.0295774
0.280221 9.9982E-05 9.9982E-05 0.704494 0.00421557 0.0108696
0.0622035 0.0231762 0.0291004 0.587514 0.0722456 0.22576
0.136305 0.0693534 9.9982E-05 0.684413 0.109728 9.9982E-05
0.714729 0.128251 9.9982E-05 0.127972 0.0288475 9.9982E-05
0.0713621 0.0099207 0.0315773 0.633048 0.0886027 0.165489
0.233233 0.0425725 0.187855 0.478 0.0276751 0.0306635
0.258389 0.0507165 0.0981048 0.554053 0.0386372 9.9991E-05
0.726523 9.9982E-05 0.0076779 0.242296 9.9982E-05 0.0233032
0.353634 9.9982E-05 0.0135198 0.524288 0.108358 9.9982E-05
0.265953 9.9991E-05 0.0282045 0.529427 0.141849 0.0344674
0.599411 9.9973E-05 9.9973E-05 9.9973E-05 0.0435129 0.356777
0.229178 0.451888 9.9982E-05 0.149638 9.9982E-05 0.169096
0.208336 0.225587 0.0124439 0.118204 9.9991E-05 0.435329
0.152492 0.124591 0.144747 0.504907 0.0731637 9.9991E-05
9.9991E-05 0.0424586 0.0225721 0.667575 0.123221 0.144073
0.121856 0.115938 0.0987843 0.51836 0.0469247 0.0981371
0.298537 0.33117 9.9991E-05 0.168682 0.134824 0.0666874
0.098625 0.235251 0.0404318 0.568881 9.9991E-05 0.0567112
0.0616954 0.0996669 0.0332523 0.604302 0.0409972 0.160086
0.23034 0.218364 0.0534192 0.305391 0.142152 0.0503348
0.134669 0.37344 0.0675599 0.0667283 0.188569 0.169034
0.142382 0.184905 0.0949622 0.481113 0.033928 0.062709
0.189208 0.283115 0.0377213 0.358229 0.0899116 0.0418154
0.130385 0.501182 9.9991E-05 0.076291 0.0402275 0.251814
0.120225 0.204494 0.0418936 0.516917 9.9991E-05 0.11637
0.0518041 0.114106 0.102526 0.541837 9.9991E-05 0.189626
0.0358748 0.0994901 0.0200738 0.588678 0.150322 0.105561
0.231961 0.334218 0.0677833 0.245907 0.0665431 0.0535877
9.9982E-05 0.262629 0.041224 0.527837 9.9982E-05 0.168111
9.9991E-05 0.227759 0.0166245 0.60174 0.0901445 0.0636318
0.0815528 0.401548 9.9991E-05 0.291801 0.000320571 0.224678
0.357564 0.0729696 9.9973E-05 0.569166 9.9973E-05 9.9973E-05
0.66684 0.163446 9.9973E-05 0.169414 9.9973E-05 9.9973E-05
0.188497 0.09294 0.100604 0.501394 0.0642191 0.0523459
0.817364 9.9964E-05 9.9964E-05 9.9964E-05 9.9964E-05 0.182236
0.777318 0.00295861 9.9973E-05 9.9973E-05 9.9973E-05 0.219424
0.802292 9.9973E-05 0.0185474 0.178861 9.9973E-05 9.9973E-05
0.451963 0.0982217 9.9973E-05 0.449516 9.9973E-05 9.9973E-05
0.206233 0.185652 0.0686184 0.419378 0.120018 9.9991E-05
0.478133 0.0334183 0.00475829 0.48349 9.9982E-05 9.9982E-05
0.688525 0.181782 0.0752517 0.0396448 0.0146967 9.9991E-05
0.54082 0.237353 9.9982E-05 0.211937 0.00968966 9.9982E-05
0.243467 0.0336957 0.149759 0.484999 0.0879796 9.9991E-05
0.591616 0.0621725 9.9991E-05 0.311385 0.0297164 0.00501033
0.460922 0.0334563 9.999E-05 0.42925 0.0761723 9.999E-05
0.471807 9.9973E-05 9.9973E-05 0.408243 9.9973E-05 0.11965
0.707543 0.0226498 9.9973E-05 9.9973E-05 9.9973E-05 0.269508
0.336452 9.9982E-05 0.0623633 0.521643 9.9982E-05 0.0793422
9.9982E-05 0.0967893 0.0148277 0.0758717 0.812311 9.9982E-05
9.9964E-05 9.9964E-05 9.9964E-05 0.09544 0.90416 9.9964E-05
9.9973E-05 9.9973E-05 0.0487415 0.0767431 0.874216 9.9973E-05
9.9973E-05 9.9973E-05 9.9973E-05 0.0477816 0.950513 0.00140561
0.00543801 9.9973E-05 9.9973E-05 0.0948944 0.899368 9.9973E-05
9.9973E-05 9.9973E-05 9.9973E-05 0.0695988 0.89412 0.035981
9.9973E-05 9.9973E-05 9.9973E-05 0.0611315 0.928028 0.0105403
0.198756 0.0527505 0.014679 0.558157 0.175558 9.9991E-05
0.234581 0.0828314 0.109593 0.484052 0.0888418 9.9991E-05
0.808631 0.107794 9.9982E-05 9.9982E-05 0.0441769 0.0391974
0.254541 0.00917977 0.0108517 0.511027 0.196143 0.0182579
0.492639 0.0666621 9.9982E-05 0.382936 0.0575622 9.9982E-05
0.275051 9.9991E-05 0.00874426 0.589997 0.0588478 0.0672608
0.337418 9.9982E-05 9.9982E-05 0.46165 0.0662784 0.134453
0.466672 9.9982E-05 0.0940052 0.431969 0.00715416 9.9982E-05
0.783688 0.168727 9.9982E-05 9.9982E-05 0.0381421 0.00924375
0.110084 0.113706 0.0683204 0.480405 0.151557 0.0759282
0.186984 0.0722355 0.0395416 0.615585 0.0855533 9.9991E-05
0.126207 0.051428 0.0505699 0.601904 0.158199 0.0116918
0.56334 9.9982E-05 9.9982E-05 0.201938 0.0787427 0.155779
0.504502 9.9982E-05 0.00165054 0.481322 9.9982E-05 0.0123258
0.446159 0.0601434 9.9982E-05 0.4344 0.0590971 9.9982E-05
0.630203 9.9973E-05 0.107231 0.262266 9.9973E-05 9.9973E-05
0.485486 0.046116 9.9982E-05 0.409367 0.0588309 9.9982E-05
0.280113 0.0808806 0.0187305 0.508528 0.111648 9.9991E-05
0.0334337 0.362824 0.0519565 0.219746 0.0243713 0.307669
9.9991E-05 0.401899 0.0811695 0.394281 0.090358 0.0321928
0.123078 0.147129 0.0693006 0.503117 0.0883722 0.0690023
0.0115201 0.203085 0.060436 0.576484 0.13466 0.0138151
0.0336137 0.344027 0.00621097 0.532183 0.0487636 0.0352021
0.0646007 0.24359 0.0419714 0.627001 9.9991E-05 0.0227366
0.0173604 0.426459 9.9982E-05 0.533051 0.0229294 9.9982E-05
0.083788 0.126182 0.0322786 0.593711 0.0292642 0.134776
0.0541178 0.100029 0.124851 0.611334 9.9991E-05 0.109569
0.124677 0.185838 9.9991E-05 0.56128 0.0529337 0.0751711
9.9973E-05 0.374248 9.9973E-05 0.598034 9.9973E-05 0.0274182
9.9991E-05 0.175919 0.0103955 0.691779 0.0437979 0.0780086
0.105578 0.136171 9.9991E-05 0.643919 0.0575001 0.056732
0.0889093 0.279671 9.9973E-05 0.631119 9.9973E-05 9.9973E-05
0.0679901 0.295714 0.0832721 0.485569 0.0314598 0.035995
0.0156489 0.26381 0.0583841 0.589083 9.9991E-05 0.0729741
9.9982E-05 0.377781 9.9982E-05 0.46307 0.0463868 0.112562
0.0118309 0.221837 0.0789498 0.620131 0.00121609 0.0660356
9.9991E-05 0.0731602 0.0405941 0.75072 0.03568 0.0997454
0.210939 0.433047 0.155319 0.117806 9.9991E-05 0.0827884
0.106043 0.326247 0.00855143 0.187819 0.0402755 0.331065
0.0443089 0.268935 0.0766591 0.543559 0.0011558 0.0653817
0.188583 0.282582 0.0764184 0.0448353 9.9991E-05 0.407482
0.160159 0.476458 0.00386484 0.298343 0.00281376 0.058361
0.1453 0.384301 9.9991E-05 0.444208 0.00465451 0.021436
0.139501 0.491417 9.9973E-05 0.368782 9.9973E-05 9.9973E-05
0.0626759 0.494798 0.0550748 0.333835 9.9991E-05 0.0535164
0.0994318 0.155595 0.0118807 0.627233 0.0257032 0.0801557
0.113272 0.163121 0.152457 0.322449 0.163637 0.0850649
0.00994964 0.21974 0.0223057 0.618515 0.055735 0.0737551
0.150159 0.339557 0.0500748 0.132911 9.9991E-05 0.327199
0.269587 0.0599951 0.0170972 0.419296 0.124616 0.109409
0.0622933 0.0699232 0.0743049 0.52197 0.0263053 0.245203
0.13718 0.169768 9.9991E-05 0.0130331 0.158941 0.520978
0.152255 9.9991E-05 0.0506483 0.559612 0.159196 0.0781896
0.0888709 0.0590428 9.9991E-05 0.383746 0.0604679 0.407772
0.0434227 0.0526157 0.000299485 0.600394 0.0990231 0.204245
0.0320194 0.0699253 0.00529448 0.310843 0.149505 0.432413
0.107482 0.11594 9.9991E-05 0.252017 0.0624037 0.462057
0.114937 0.159792 9.9991E-05 0.45355 0.0550859 0.216535
0.0544944 0.0420807 9.9991E-05 0.611435 0.144665 0.147225
0.094811 0.168948 0.107187 0.411277 0.0941471 0.123629
0.19875 0.141195 0.202851 9.9991E-05 0.0405076 0.416597
0.188609 0.0563253 0.059082 0.568099 0.0537337 0.0741503
0.164042 0.113768 9.9982E-05 0.399789 9.9982E-05 0.322201
0.156049 0.167144 9.9982E-05 0.465633 9.9982E-05 0.210974
0.0781755 0.135384 0.0436689 0.483212 0.088126 0.171433
9.9982E-05 9.9982E-05 0.26311 0.213676 0.277782 0.245232
9.9973E-05 9.9973E-05 0.153809 9.9973E-05 0.512683 0.333208
9.9973E-05 9.9973E-05 0.161282 9.9973E-05 0.401269 0.437149
9.9982E-05 9.9982E-05 0.324503 0.13736 0.376927 0.161011
0.0668509 9.9973E-05 9.9973E-05 0.720417 9.9973E-05 0.212433
0.108322 0.0114952 0.0905138 0.536691 0.135082 0.117896
0.0897932 9.9973E-05 0.668485 0.241422 9.9973E-05 9.9973E-05
0.0778502 0.0313003 0.468424 0.405885 9.9991E-05 0.0164409
0.119309 9.9991E-05 0.419197 0.362073 0.0721554 0.0271654
0.0821672 9.9973E-05 9.9973E-05 0.369425 9.9973E-05 0.548108
0.172896 9.9991E-05 0.020936 0.528314 0.062252 0.215502
0.0253085 9.9973E-05 9.9973E-05 0.268866 9.9973E-05 0.705526
0.0687012 0.0197302 0.0185941 0.635227 9.9991E-05 0.257647
0.0652683 0.106652 0.0441565 0.444922 0.0708011 0.2682
0.00100215 0.0125267 0.0489723 0.618746 0.00137459 0.317378
0.121014 0.0457495 9.9982E-05 0.220368 9.9982E-05 0.612669
0.0782646 0.124404 0.133696 0.588218 9.9991E-05 0.0753174
0.116553 0.0579448 0.0640384 0.542285 0.044431 0.174747
9.9964E-05 9.9964E-05 0.969248 0.0303518 9.9964E-05 9.9964E-05
9.9964E-05 9.9964E-05 0.922086 0.0775146 9.9964E-05 9.9964E-05
0.0325081 0.0492494 0.576091 0.291668 0.0503841 9.9991E-05
9.9973E-05 0.0368315 0.633274 0.329594 9.9973E-05 9.9973E-05
0.0403599 9.9973E-05 0.816584 0.142756 9.9973E-05 9.9973E-05
9.996E-05 9.996E-05 0.9995 9.996E-05 9.996E-05 9.996E-05
0.00304153 0.00824349 0.988415 9.9973E-05 9.9973E-05 9.9973E-05
9.9964E-05 9.9964E-05 0.839689 0.159911 9.9964E-05 9.9964E-05
9.9964E-05 0.00646945 0.993131 9.9964E-05 9.9964E-05 9.9964E-05
9.996E-05 9.996E-05 0.9995 9.996E-05 9.996E-05 9.996E-05
9.996E-05 9.996E-05 0.9995 9.996E-05 9.996E-05 9.996E-05
9.9982E-05 0.0209992 0.75084 0.178043 0.0499178 9.9982E-05
0.0137956 9.9982E-05 0.797683 0.148744 0.0395775 9.9982E-05
9.9964E-05 0.0137451 0.985855 9.9964E-05 9.9964E-05 9.9964E-05
0.181357 0.0655772 0.447014 0.209414 0.0907755 0.00586182
0.0320588 0.0408777 0.670034 0.217918 0.039011 9.9991E-05
9.9991E-05 0.0054919 0.75926 0.156608 0.045765 0.0327753
9.9973E-05 0.0348655 0.867795 0.0970397 9.9973E-05 9.9973E-05
9.996E-05 9.996E-05 0.9995 9.996E-05 9.996E-05 9.996E-05
9.9973E-05 9.9973E-05 0.825933 0.128424 0.0453429 9.9973E-05
9.996E-05 9.996E-05 0.9995 9.996E-05 9.996E-05 9.996E-05
9.9982E-05 0.139645 0.59992 0.231907 0.0283277 9.9982E-05
0.053119 0.0526862 0.893895 9.9973E-05 9.9973E-05 9.9973E-05
9.9973E-05 9.9973E-05 0.0395169 9.9973E-05 0.348355 0.611828
0.0141227 0.151942 0.0703789 0.438539 0.14194 0.183078
0.0196351 0.0036907 0.0813623 0.423747 0.242658 0.228907
9.9991E-05 0.0545179 0.0998792 0.242614 0.200193 0.402695
0.113935 0.0636618 0.116134 0.422093 0.154585 0.129591
0.0152781 9.9991E-05 0.113695 0.197352 0.241304 0.432271
0.0605677 0.147312 0.120516 0.425653 0.127114 0.118836
9.9982E-05 9.9982E-05 0.196543 0.303628 0.164933 0.334696
9.9982E-05 9.9982E-05 0.170054 0.467807 0.160366 0.201573
9.9982E-05 9.9982E-05 0.223262 0.335492 0.184246 0.256799
0.101427 9.9991E-05 0.0945006 0.504802 0.220981 0.0781903
0.00422649 0.0236866 9.9991E-05 0.02968 0.858305 0.0840018
0.00929675 9.9982E-05 0.0640468 9.9982E-05 0.907324 0.0191321
9.9982E-05 0.024299 9.9982E-05 0.0408158 0.930487 0.00419844
9.9964E-05 0.0666565 9.9964E-05 9.9964E-05 0.932944 9.9964E-05
9.9991E-05 0.0258175 0.0313931 0.0435924 0.893347 0.00574987
0.00889983 9.9982E-05 0.0850896 9.9982E-05 0.874676 0.0311343
0.0198158 0.00941038 0.078841 0.0120753 0.879758 9.9991E-05
0.0447868 9.9973E-05 9.9973E-05 9.9973E-05 0.877097 0.0778167
0.017355 0.0110891 0.0193708 0.0107003 0.941385 9.9991E-05
9.9982E-05 0.0286408 0.103357 9.9982E-05 0.834486 0.0333163
0.128989 0.274673 9.9973E-05 9.9973E-05 0.596038 9.9973E-05
0.0680669 0.350596 9.9973E-05 9.9973E-05 0.581037 9.9973E-05
0.0652397 0.285223 9.9982E-05 9.9982E-05 0.536077 0.11326
0.0780459 0.32752 9.9982E-05 9.9982E-05 0.500364 0.0938707
0.282728 0.110636 9.9991E-05 0.494559 0.0768646 0.035113
0.347184 0.123751 0.00941898 0.498218 0.00577487 0.0156534
0.162517 0.213817 0.0647234 0.512939 0.0214292 0.0245753
0.287111 0.274886 9.9982E-05 0.402721 0.0350825 9.9982E-05
0.171592 0.619496 0.0163269 0.17023 9.9991E-05 0.0222548
0.211348 0.0589317 0.0774169 0.573474 0.0787293 9.9991E-05
0.277508 0.111221 9.9982E-05 0.577016 9.9982E-05 0.0340552
0.340717 0.0612609 9.9982E-05 0.480678 9.9982E-05 0.117143
0.601738 9.9982E-05 0.0552302 0.267456 9.9982E-05 0.0753757
0.23607 0.068914 0.0318085 0.551414 0.0848762 0.0269174
0.431475 0.107325 0.00123984 0.411586 9.9991E-05 0.0482739
0.789049 0.0514478 9.9973E-05 9.9973E-05 9.9973E-05 0.159203
0.226945 0.0938886 9.9991E-05 0.550774 0.00423589 0.124057
0.530745 0.00786487 9.9982E-05 0.276749 9.9982E-05 0.184441
0.42002 0.018915 9.9982E-05 0.551899 9.9982E-05 0.00896672
0.736328 0.218141 0.0170218 9.9982E-05 0.0283092 9.9982E-05
9.9973E-05 0.761639 9.9973E-05 9.9973E-05 0.112415 0.125647
9.9982E-05 0.653406 9.9982E-05 0.0848418 0.124279 0.137273
9.9982E-05 0.853704 9.9982E-05 0.0207953 0.0479417 0.077359
9.9982E-05 0.824204 9.9982E-05 0.00387014 0.0925076 0.0792185
9.9982E-05 0.825657 0.0133724 0.0559895 9.9982E-05 0.104781
9.9991E-05 0.758438 0.0247146 0.0944791 0.056628 0.0656401
0.0051782 9.9982E-05 0.0393091 0.0906453 0.864667 9.9982E-05
9.9982E-05 0.0364173 0.0623632 0.0852602 0.815759 9.9982E-05
9.9973E-05 9.9973E-05 0.0558833 0.150115 0.793701 9.9973E-05
9.9982E-05 0.114804 0.130454 0.0636471 0.690895 9.9982E-05
0.00663878 0.0277092 0.0571947 0.105108 0.803249 9.9991E-05
9.9973E-05 0.561832 9.9973E-05 9.9973E-05 0.389841 0.0480273
0.03703 0.389045 9.9982E-05 9.9982E-05 0.472115 0.10161
0.0359942 0.476942 9.9982E-05 9.9982E-05 0.430697 0.0561659
9.9982E-05 0.0102279 0.0184532 0.163121 0.807998 9.9982E-05
0.0783008 0.526526 9.9982E-05 9.9982E-05 0.384067 0.0109068
9.9982E-05 9.9982E-05 0.335632 0.285057 0.22619 0.152921
0.0687491 0.0180614 0.21094 0.554024 0.148126 9.9991E-05
9.9982E-05 0.0139264 0.259936 0.502662 0.223276 9.9982E-05
0.0105704 0.00281227 0.150266 0.436692 0.293728 0.105931
0.0375765 0.116421 0.100282 0.553983 0.190039 0.00169923
9.9973E-05 9.9973E-05 0.310767 9.9973E-05 0.457525 0.231408
0.239482 0.335859 0.0175071 0.331578 0.0200705 0.0555043
0.0725224 0.301911 9.9991E-05 0.411473 0.010759 0.203235
9.9991E-05 0.568366 0.0293357 0.302103 0.054502 0.0455926
0.136669 0.10994 9.9982E-05 0.546164 9.9982E-05 0.207026
0.182334 0.139001 9.9973E-05 9.9973E-05 9.9973E-05 0.678365
9.9991E-05 0.112227 0.0505887 0.566226 0.0903903 0.180467
0.050058 0.185863 9.9991E-05 0.572979 0.0212947 0.169706
0.0257083 0.390986 9.9991E-05 0.410836 0.0597596 0.11261
0.0385753 0.24547 0.0624492 0.525607 0.0636588 0.0642394
0.150814 0.251129 9.9982E-05 0.165962 9.9982E-05 0.431895
0.00314779 0.12586 0.027279 0.507329 9.9991E-05 0.336284
0.147249 0.250588 0.068479 0.512517 0.0132464 0.00792077
0.0885509 0.145736 0.199364 0.330177 0.120492 0.115681
9.9973E-05 0.258444 9.9973E-05 0.456176 9.9973E-05 0.28508
0.0752752 0.303662 0.0365202 0.46523 9.9991E-05 0.119213
0.0717753 0.0927437 0.115974 0.500431 9.9991E-05 0.218976
0.136301 0.150002 9.9982E-05 0.586303 9.9982E-05 0.127195
0.0126727 0.192373 0.110374 0.611456 9.9991E-05 0.0730242
0.0830934 0.138105 0.0325139 0.529564 0.0882522 0.128472
0.0718135 0.258433 0.119884 0.491261 0.0552437 0.00336476
9.9973E-05 9.9973E-05 0.0513585 0.147624 0.800718 9.9973E-05
0.0173823 9.9982E-05 0.026189 0.0672366 0.888992 9.9982E-05
0.0762792 0.0562602 9.9991E-05 0.0888662 0.776514 0.00198053
0.104978 9.9982E-05 0.0204448 0.033179 0.841199 9.9982E-05
9.9973E-05 9.9973E-05 0.00428166 0.158329 0.837089 9.9973E-05
0.0825205 0.584296 0.0532158 0.204694 9.9991E-05 0.0751736
0.0919827 0.200875 0.145029 0.43983 9.9991E-05 0.122183
0.0679199 0.0377752 0.110891 0.445358 0.176718 0.161338
0.131229 0.128461 0.0446602 0.613919 0.0148324 0.0668987
0.225573 0.284561 0.0194097 0.421048 0.0493083 9.9991E-05
9.9982E-05 0.383935 0.0889568 0.286847 9.9982E-05 0.240061
0.0981286 0.615731 9.9991E-05 0.0203524 0.121188 0.1445
0.060899 0.352017 0.0398232 0.506442 9.9991E-05 0.0407186
0.0635285 0.523202 0.03919 0.188409 0.0365408 0.14913
0.0709758 0.19149 0.0688885 0.370653 0.0428145 0.255179
0.110563 0.524068 9.9991E-05 0.136009 0.0942722 0.134988
9.9991E-05 0.208143 0.0909364 0.530673 0.122658 0.0474903
0.0894629 0.495122 9.9991E-05 0.208597 0.0838904 0.122828
0.0603984 0.298504 0.019471 0.400739 0.0141129 0.206775
0.102895 0.0634737 0.105604 0.466086 9.9991E-05 0.261842
9.9973E-05 0.100371 9.9973E-05 0.346267 9.9973E-05 0.553062
0.0415022 0.0615906 9.9991E-05 0.667015 0.068598 0.161194
0.0756328 0.0253056 9.9991E-05 0.613013 0.1067 0.179249
9.9973E-05 0.119688 9.9973E-05 0.39366 9.9973E-05 0.486351
0.166626 0.0728236 0.14785 0.333685 0.102062 0.176953
0.146673 9.9982E-05 9.9982E-05 0.554613 0.0805672 0.217947
0.148495 0.108226 9.9982E-05 0.146294 9.9982E-05 0.596785
0.0420439 0.0205945 9.9982E-05 0.313138 9.9982E-05 0.624024
9.9973E-05 0.0751532 9.9973E-05 0.572515 9.9973E-05 0.352032
0.194257 0.0861346 9.9982E-05 0.208684 9.9982E-05 0.510724
0.0583488 0.154789 9.9982E-05 0.488351 9.9982E-05 0.298311
0.20207 0.614245 0.0552201 0.113254 0.0103876 0.00482352
0.134361 0.36164 9.9982E-05 0.27919 9.9982E-05 0.224609
0.12601 0.49222 0.104172 0.272589 0.00491063 9.9991E-05
0.0989887 0.167312 0.0638782 0.621506 0.0482152 9.9991E-05
0.214645 0.537838 9.9973E-05 0.247217 9.9973E-05 9.9973E-05
9.9991E-05 0.126905 0.0307067 0.589413 0.101803 0.151073
0.0471433 0.255322 0.136524 0.50454 0.0297443 0.026727
0.113506 0.260801 0.112349 0.437531 0.0274911 0.0483214
0.0983399 0.236211 0.0852413 0.434617 0.0622679 0.083323
0.179908 0.360471 0.073357 0.367859 0.0183051 9.9991E-05
0.0983176 0.563727 0.118018 0.219737 9.9982E-05 9.9982E-05
0.0870857 0.458898 0.0751983 0.326623 9.9991E-05 0.0520943
0.0710631 0.218094 9.9982E-05 0.614955 9.9982E-05 0.0956883
0.177175 0.179602 0.0441608 0.492619 0.0914707 0.0149726
0.0188982 0.301781 9.9991E-05 0.543966 0.0131769 0.122079
0.116641 0.241738 0.152067 0.418795 9.9991E-05 0.0706585
9.9991E-05 0.405021 0.00753851 0.465423 0.110769 0.0111491
0.0278038 0.311505 0.028222 0.622963 0.00940646 9.9991E-05
0.0930378 0.235297 0.121866 0.533219 0.00871706 0.00786364
0.0243042 0.152309 0.197994 0.445272 0.00808979 0.172031
0.089773 0.0321926 0.156093 0.375368 0.346474 9.9991E-05
0.150533 9.9991E-05 0.343549 0.318442 0.0699487 0.117427
0.0521929 0.0386785 0.217979 0.497829 0.152737 0.0405832
0.0704452 0.0720701 0.120344 0.54719 0.0472071 0.142743
0.0726812 9.9991E-05 0.219991 0.448119 0.237905 0.0212035
9.9982E-05 0.222828 0.0341225 0.49751 9.9982E-05 0.245339
0.144698 0.0629434 0.140038 0.452944 0.199277 9.9991E-05
0.135606 9.9991E-05 0.139531 0.0252979 0.277628 0.421837
9.9991E-05 0.119654 0.175962 0.456949 0.128319 0.119016
0.0739677 0.0928876 0.170975 0.502787 0.132017 0.0273658
0.116957 0.116193 0.208287 0.440276 0.101865 0.0164214
0.0551141 0.0944835 0.144692 0.339265 0.148666 0.217779
0.0576747 0.0179171 0.141811 0.506537 0.189539 0.0865208
9.9982E-05 9.9982E-05 0.139665 0.54544 0.132382 0.182313
9.9973E-05 9.9973E-05 0.225879 9.9973E-05 0.468672 0.305149
9.9991E-05 0.0701706 0.221228 0.52093 0.100303 0.0872686
9.9991E-05 0.0605205 0.211775 0.510413 0.151109 0.0660831
9.9991E-05 0.0833891 0.14474 0.494338 0.123184 0.15425
9.9982E-05 9.9982E-05 0.152576 0.582421 0.220693 0.0441099
0.0208984 0.12047 0.169028 0.434132 0.21236 0.043112
0.244958 0.0581725 0.102242 0.368399 9.9991E-05 0.226129
0.110341 0.139454 0.0845731 0.496827 0.0457671 0.123038
0.281108 0.10664 9.9982E-05 0.0571771 9.9982E-05 0.554875
0.249657 0.044457 9.9982E-05 0.0313582 9.9982E-05 0.674328
0.175645 0.131122 0.146998 0.379117 0.0583351 0.108783
9.9982E-05 9.9982E-05 0.288899 0.462821 0.105972 0.142108
0.0441325 9.9991E-05 0.368531 0.314485 0.039788 0.232963
0.00705267 9.9991E-05 0.30872 0.176119 0.191965 0.316044
9.9991E-05 0.0123231 0.266 0.349272 0.184928 0.187377
9.9982E-05 9.9982E-05 0.0552621 0.211841 0.0613654 0.671332
0.116998 9.9991E-05 0.161322 0.162602 0.0272642 0.531714
0.0806536 0.00828735 0.141108 0.57857 9.9991E-05 0.191282
0.0639943 9.9991E-05 0.0584819 0.535131 0.0770862 0.265207
0.104303 0.0447643 0.189527 0.206812 0.058983 0.395611
0.0620836 0.0224011 0.191448 0.45461 9.9991E-05 0.269357
0.020116 0.059833 0.0667847 0.602787 0.046123 0.204357
0.143497 0.0551963 0.187233 0.380123 0.0722887 0.161662
0.217727 0.0382848 9.9982E-05 0.318532 9.9982E-05 0.425257
0.155129 0.0785162 0.0171982 0.435118 9.9991E-05 0.313939
0.0994966 0.00169873 0.0554016 0.559405 9.9991E-05 0.283898
0.1092 0.0154121 0.0274596 0.473578 0.0579247 0.316426
0.145363 0.0874645 0.0856232 0.417567 0.110869 0.153113
0.116583 0.0242974 9.9982E-05 0.515958 9.9982E-05 0.342962
0.0808121 0.0110979 9.9982E-05 0.317253 9.9982E-05 0.590637
0.116003 9.9991E-05 0.103656 0.552219 0.0198524 0.208169
0.205523 0.014376 0.0116568 0.240205 9.9991E-05 0.52814
0.0974891 9.9982E-05 0.0382265 0.495591 9.9982E-05 0.368493
0.0812963 0.00880848 9.9991E-05 0.685918 0.0862737 0.137604
0.252941 0.0894521 0.0278233 0.450645 0.0158882 0.163251
9.9991E-05 0.060626 0.160113 0.441446 0.233456 0.104259
9.9991E-05 0.0986565 0.225015 0.311452 0.145545 0.219231
0.0407601 0.0121602 0.26109 0.37501 0.168401 0.142578
0.0312335 0.107839 0.202843 0.278916 0.201197 0.177972
0.00399153 0.117241 0.127332 0.473549 0.134144 0.143743
0.0238076 0.0130963 0.078998 0.573964 0.179222 0.130913
0.0039408 9.9982E-05 0.219585 9.9982E-05 0.118676 0.657598
9.9982E-05 9.9982E-05 0.177671 0.593973 0.095666 0.132491
9.9973E-05 9.9973E-05 0.133441 9.9973E-05 0.359469 0.50679
0.0428503 9.9991E-05 0.189348 0.570512 0.00920049 0.187989
0.260623 9.9973E-05 9.9973E-05 0.179154 9.9973E-05 0.559923
0.366424 0.0557876 9.9973E-05 9.9973E-05 9.9973E-05 0.577489
0.205714 9.9973E-05 9.9973E-05 0.517667 9.9973E-05 0.276318
0.105501 9.9982E-05 0.034433 0.641672 9.9982E-05 0.218194
0.182018 9.9973E-05 9.9973E-05 0.44116 9.9973E-05 0.376523
0.255891 9.9982E-05 0.00604694 0.535852 9.9982E-05 0.20201
0.164498 9.9973E-05 9.9973E-05 0.570971 9.9973E-05 0.264231
0.0621741 9.9991E-05 0.0471527 0.0570497 0.812574 0.0209493
9.9982E-05 0.189055 0.082667 9.9982E-05 0.687251 0.0408269
9.9973E-05 0.0735036 0.0559353 9.9973E-05 0.870261 9.9973E-05
9.9964E-05 9.9964E-05 9.9964E-05 0.0587225 0.940878 9.9964E-05
0.336373 0.0752563 9.9982E-05 0.494286 0.0938846 9.9982E-05
0.423513 0.0295008 0.00555255 0.480345 0.0609888 9.9991E-05
0.463913 0.0908686 9.9973E-05 0.444919 9.9973E-05 9.9973E-05
0.18475 9.9982E-05 9.9982E-05 0.654838 0.148201 0.0120118
0.248063 9.9991E-05 0.039658 0.509641 0.152619 0.0499199
0.574407 0.135878 0.0102498 0.184073 9.9991E-05 0.0952928
0.372143 0.0388082 0.0144522 0.574397 9.9982E-05 9.9982E-05
0.451898 9.9982E-05 9.9982E-05 0.323675 0.00525497 0.218973
9.9991E-05 0.0968977 0.209173 0.411181 0.260441 0.0222072
0.389386 0.0661969 0.0645883 0.364283 9.9991E-05 0.115445
0.498579 0.172432 0.0107158 0.30844 0.009734 9.9991E-05
0.422864 0.0386217 0.0603758 0.477939 9.9982E-05 9.9982E-05
0.535143 0.0553233 9.9991E-05 0.382346 0.025261 0.00182616
0.295711 9.9991E-05 0.0096362 0.602937 0.0360827 0.0555332
0.373555 9.9982E-05 0.016294 0.53922 0.0707311 9.9982E-05
0.927363 9.9973E-05 9.9973E-05 0.0114129 9.9973E-05 0.0609242
0.418381 0.0351062 9.9982E-05 0.337125 9.9982E-05 0.209188
0.635054 0.0591948 0.0330967 0.223671 0.00571709 0.0432663
0.769408 9.9964E-05 9.9964E-05 9.9964E-05 9.9964E-05 0.230192
0.471951 0.0886572 9.9982E-05 0.383603 0.0555887 9.9982E-05
0.617584 9.9982E-05 0.0450038 0.0448037 9.9982E-05 0.292409
0.720399 9.9964E-05 9.9964E-05 9.9964E-05 9.9964E-05 0.279201
0.229072 0.0105833 9.9991E-05 0.609963 0.0267855 0.123496
0.685375 0.114902 9.9982E-05 0.181018 0.0185055 9.9982E-05
0.40518 0.105312 0.141951 0.347356 9.9982E-05 9.9982E-05
0.255137 9.9991E-05 0.0763838 0.483002 0.156543 0.028834
0.32201 0.115578 9.9982E-05 0.548214 0.0139981 9.9982E-05
0.0958651 0.280811 0.0938594 0.363847 9.9991E-05 0.165518
0.406498 0.0441508 9.9973E-05 0.549051 9.9973E-05 9.9973E-05
0.418108 0.0926731 9.9982E-05 0.44062 0.0483992 9.9982E-05
0.607024 0.0215552 9.9982E-05 0.330041 9.9982E-05 0.0411796
0.273751 0.0629108 0.016938 0.476482 0.0651551 0.104762
9.9973E-05 0.294368 9.9973E-05 9.9973E-05 0.641133 0.0641993
0.0326359 0.113963 9.9991E-05 0.0592649 0.763629 0.0304073
0.0237846 0.148479 9.9973E-05 9.9973E-05 0.827437 9.9973E-05
0.0051077 0.161992 9.9982E-05 9.9982E-05 0.772398 0.0603025
9.9973E-05 0.19526 9.9973E-05 0.0436857 0.760754 9.9973E-05
0.744976 0.195365 0.0280061 0.0272971 0.00425614 9.9991E-05
0.642377 0.108791 9.9991E-05 0.112269 0.068797 0.0676666
0.783028 9.9973E-05 9.9973E-05 0.130528 9.9973E-05 0.0861438
0.286831 9.9991E-05 0.110852 0.501599 0.0927666 0.00785156
0.164468 0.0666004 0.11718 0.441844 0.0969488 0.11296
0.513296 9.9991E-05 0.00513245 0.292811 0.0345399 0.15412
0.34504 9.9982E-05 0.0729252 0.53106 9.9982E-05 0.0507746
0.420019 9.9991E-05 0.0873118 0.38113 0.00435013 0.10709
0.377479 0.0152383 0.0297976 0.509989 0.00974874 0.0577478
0.332515 0.0293054 0.137376 0.472507 0.0185341 0.00976179
0.666351 0.108819 0.0538186 0.130888 9.9991E-05 0.0400239
0.574922 0.117487 9.9973E-05 0.307291 9.9973E-05 9.9973E-05
0.534169 0.129519 0.0127784 0.323334 9.9982E-05 9.9982E-05
0.148773 0.0138541 9.9991E-05 0.561335 0.135624 0.140314
0.665548 0.0307033 9.9982E-05 0.300793 0.00275551 9.9982E-05
0.44259 0.0633848 0.0805796 0.378195 0.0351507 9.9991E-05
0.127134 0.0324482 0.42085 0.415849 0.00236561 0.00135242
9.9991E-05 0.0180972 0.443934 0.351718 0.0682944 0.117856
9.9982E-05 9.9982E-05 0.438436 0.362996 0.171179 0.0271882
0.0200704 9.9991E-05 0.516908 0.268174 0.158029 0.0367189
9.9991E-05 0.0784678 0.337039 0.452455 0.082631 0.0493073
0.234169 0.00718272 9.9991E-05 0.516587 0.100236 0.141725
9.9982E-05 9.9982E-05 0.667644 0.01447 0.244479 0.0732064
0.0481105 9.9982E-05 0.446226 0.320751 0.184713 9.9982E-05
0.035074 9.9991E-05 0.1348 0.446401 0.191204 0.19242
9.9973E-05 9.9973E-05 9.9973E-05 0.591692 0.14294 0.265068
0.042866 0.145631 9.9991E-05 0.445034 0.128815 0.237553
9.9991E-05 0.00800538 0.0289059 0.669742 0.127409 0.165838
0.155414 0.0328195 0.0307136 0.58805 0.0747504 0.118253
9.9973E-05 9.9973E-05 0.388865 0.398044 0.212791 9.9973E-05
9.9982E-05 0.101663 0.40241 0.381352 0.114375 9.9982E-05
9.9982E-05 9.9982E-05 0.499392 0.386547 0.0640504 0.0498102
0.0702012 0.111002 0.385694 0.365738 0.0672647 9.9991E-05
9.9991E-05 0.0168133 0.515726 0.30377 0.105153 0.0584377
0.0997121 0.0673839 0.331179 0.383386 0.0429791 0.0753598
0.0118224 0.0156461 0.527684 0.285796 0.158951 9.9991E-05
0.00633803 0.00316418 0.46171 0.380231 0.0614478 0.0871093
0.00760768 0.00895131 0.0353026 0.605797 0.0562711 0.286071
0.0772754 0.0181694 0.399272 0.276827 0.153773 0.0746836
9.9973E-05 9.9973E-05 0.615064 0.22944 0.155196 9.9973E-05
0.126691 0.0974992 0.368479 0.314511 0.0927196 9.9991E-05
0.0737157 0.24744 9.9991E-05 0.258947 0.124928 0.29487
9.9991E-05 0.0323504 0.0459892 0.649437 0.0164743 0.255649
0.0260249 0.165433 0.284571 0.373158 0.150713 9.9991E-05
9.9982E-05 0.0317694 9.9982E-05 0.661362 0.17811 0.128559
0.0918625 0.125768 9.9991E-05 0.476458 0.153194 0.152617
0.0673898 9.9991E-05 0.235903 0.375544 0.256307 0.0647555
0.0659605 9.9991E-05 0.274058 0.349471 0.245568 0.0648426
0.117465 9.9991E-05 0.117723 0.53201 0.101701 0.131001
0.0837737 9.9991E-05 0.368702 0.384074 0.10446 0.0588896
0.0482855 9.9982E-05 0.458679 0.390657 0.102179 9.9982E-05
9.9973E-05 9.9973E-05 0.623524 0.138506 0.23767 9.9973E-05
9.9982E-05 0.130156 0.0957201 0.628352 9.9982E-05 0.145573
0.0826719 0.103931 9.9991E-05 0.518922 0.109941 0.184434
9.9982E-05 9.9982E-05 0.0110657 0.234164 0.155676 0.598894
0.0825406 0.149348 0.0789365 0.540015 0.104859 0.0443017
0.0557795 0.217632 0.0160627 0.454743 0.105904 0.149879
0.0228019 9.9991E-05 0.131743 0.519841 0.210118 0.115396
0.165077 0.0222244 0.103061 0.490276 0.10803 0.111332
9.9973E-05 9.9973E-05 0.219223 9.9973E-05 0.278442 0.502035
9.9973E-05 9.9973E-05 0.134567 9.9973E-05 0.302628 0.562505
0.0874763 0.024375 0.0898083 0.297089 0.180283 0.320968
0.0179804 0.0131853 0.181024 0.0355696 0.341266 0.410974
9.9973E-05 9.9973E-05 0.235085 9.9973E-05 0.417243 0.347372
0.0304964 0.000556657 0.103963 0.479332 0.0932902 0.292362
9.9991E-05 0.0150876 0.120843 0.419568 0.24969 0.194712
9.9991E-05 0.020851 0.110598 0.273966 0.327005 0.267479
9.9982E-05 9.9982E-05 0.154866 0.103212 0.313437 0.428285
0.00153875 0.119688 0.162027 0.460104 0.0901483 0.166493
0.109864 0.0153191 0.0781123 0.240871 0.194285 0.361549
9.9973E-05 9.9973E-05 0.0746891 9.9973E-05 0.43952 0.485491
9.9991E-05 0.186063 0.161671 0.505265 0.112 0.0349009
9.9982E-05 9.9982E-05 0.267951 0.329425 0.167284 0.23514
0.0145001 9.9982E-05 0.0704961 0.533448 0.381355 9.9982E-05
9.9973E-05 9.9973E-05 0.229845 0.570357 0.199498 9.9973E-05
0.0821967 9.9991E-05 0.212519 0.497136 0.188229 0.0198201
9.9982E-05 9.9982E-05 0.196866 0.530476 0.196999 0.0754583
9.9991E-05 0.0472006 0.213616 0.361195 0.353791 0.0240968
9.9991E-05 0.0655446 0.166988 0.527162 0.211756 0.0284496
0.0824354 9.9991E-05 0.300126 0.385663 0.198372 0.0333042
0.0119759 0.0329225 0.244406 0.28078 0.244246 0.18567
0.298304 0.144827 0.089007 0.264085 0.171582 0.0321945
0.0737472 0.0853148 0.0873833 0.530195 0.223259 9.9991E-05
0.0735757 0.0986616 0.02798 0.498817 0.13542 0.165546
0.22941 9.9991E-05 0.0984107 0.508043 0.149617 0.0144188
9.9982E-05 9.9982E-05 0.216896 0.407631 0.28927 0.0860034
9.9982E-05 9.9982E-05 0.0669806 0.566906 0.278393 0.0875202
9.9982E-05 9.9982E-05 0.243787 0.165549 0.346405 0.244059
9.9991E-05 0.00029955 0.225846 0.529742 0.170143 0.0738687
9.9982E-05 9.9982E-05 0.265657 0.219825 0.300133 0.214185
0.0773259 0.0974096 0.0166756 9.9991E-05 0.785958 0.0225306
9.9991E-05 0.778089 0.012111 0.0710055 0.0497773 0.0889174
9.9973E-05 0.970147 9.9973E-05 9.9973E-05 0.0217492 0.00780412
9.996E-05 0.9995 9.996E-05 9.996E-05 9.996E-05 9.996E-05
9.9964E-05 0.991787 9.9964E-05 0.00781353 9.9964E-05 9.9964E-05
9.9973E-05 0.932605 9.9973E-05 0.0571065 0.00998854 9.9973E-05
9.9964E-05 0.902916 9.9964E-05 0.0966843 9.9964E-05 9.9964E-05
9.9964E-05 0.947378 9.9964E-05 9.9964E-05 0.0522224 9.9964E-05
9.9973E-05 0.793951 9.9973E-05 0.0020017 0.203747 9.9973E-05
0.0217254 0.0429153 0.0177444 9.9982E-05 0.917415 9.9982E-05
9.9973E-05 0.139947 9.9973E-05 0.0712067 0.788547 9.9973E-05
0.0671815 9.9982E-05 0.031852 0.0112164 0.88955 9.9982E-05
9.9982E-05 0.142113 9.9982E-05 0.0384639 0.814086 0.00513778
0.022284 9.9973E-05 0.0913078 9.9973E-05 0.886108 9.9973E-05
0.0410962 0.049417 9.9973E-05 9.9973E-05 0.909187 9.9973E-05
9.9991E-05 0.0753627 0.187794 0.0291962 0.695726 0.0118216
0.0358658 9.9973E-05 0.0902232 9.9973E-05 0.873611 9.9973E-05
0.0876834 0.138292 0.0491335 0.0276041 0.697187 9.9991E-05
0.0177663 9.9973E-05 0.0929467 9.9973E-05 0.888987 9.9973E-05
0.0122982 0.0234704 9.9973E-05 9.9973E-05 0.963931 9.9973E-05
0.000265553 0.0883167 0.0636634 0.00238749 0.845267 9.9991E-05
9.9982E-05 0.00328116 0.0018997 0.0284185 0.966201 9.9982E-05
9.9982E-05 0.00587208 0.00477235 0.0787093 0.910446 9.9982E-05
9.9982E-05 0.0476292 0.0304022 0.0868008 0.834968 9.9982E-05
9.9973E-05 9.9973E-05 0.0236129 0.119066 0.857021 9.9973E-05
9.9973E-05 9.9973E-05 0.112395 0.105513 0.781792 9.9973E-05
9.9973E-05 9.9973E-05 0.0632277 0.142272 0.794201 9.9973E-05
9.9973E-05 9.9973E-05 0.0304356 0.135826 0.833439 9.9973E-05
0.0717865 0.0573912 9.9991E-05 0.470651 0.147959 0.252112
0.0972255 0.00452695 9.9991E-05 0.738453 0.0696744 0.0900199
0.0521723 0.0585028 0.0997129 0.607767 0.0691121 0.112733
0.042579 0.0330801 9.9991E-05 0.188317 0.0480602 0.687864
0.0114872 0.0666444 9.9991E-05 0.595225 0.0974823 0.229061
9.9973E-05 9.9973E-05 9.9973E-05 0.147562 0.121816 0.730322
9.9991E-05 0.0143718 0.00202297 0.748469 0.0413896 0.193647
0.137549 0.115867 9.9991E-05 0.472806 0.0936945 0.179983
0.11861 0.0368903 9.9991E-05 0.505374 0.0994636 0.239562
0.417812 0.0685431 9.9991E-05 0.423324 0.0747702 0.0154501
0.0869003 0.125227 9.9991E-05 0.46923 0.0719649 0.246578
0.0457953 0.0661946 9.9991E-05 0.66596 0.117999 0.103952
9.9991E-05 0.0771488 0.0126408 0.635669 0.0923157 0.182126
0.197297 0.451779 0.0533479 0.0772961 9.9991E-05 0.22018
0.0664063 0.065632 9.9991E-05 0.0578273 0.0231071 0.786927
9.9982E-05 0.0339128 9.9982E-05 0.22164 0.0430806 0.701166
9.9991E-05 0.0538697 0.0434927 0.676272 0.0758115 0.150454
9.9973E-05 9.9973E-05 9.9973E-05 0.598395 0.13634 0.264965
0.149588 9.9982E-05 9.9982E-05 0.519536 0.147158 0.183518
0.0823238 9.9991E-05 0.117847 0.590052 0.114793 0.0948844
0.0409834 9.9991E-05 0.121331 0.547255 0.27703 0.0133008
9.9982E-05 0.0734883 0.220603 0.508604 0.197105 9.9982E-05
9.9991E-05 0.162397 0.142869 0.138117 0.403072 0.153446
0.0381104 0.0449573 9.9991E-05 0.635379 0.214663 0.0667907
9.9991E-05 0.101203 0.120044 0.487745 0.203924 0.0869837
9.9973E-05 9.9973E-05 0.199972 9.9973E-05 0.402902 0.396826
0.00896301 9.9991E-05 0.157593 0.373542 0.314571 0.145231
0.0867373 0.0373573 0.123146 0.352394 0.383839 0.016527
0.0104574 0.0698336 0.0260853 0.498462 0.344782 0.0503792
9.9991E-05 0.197564 0.211483 0.490785 0.0632453 0.0368228
0.0759146 0.0540594 0.159378 0.498546 0.212002 9.9991E-05
9.9982E-05 9.9982E-05 0.116921 0.639469 0.144262 0.0991487
0.187217 9.9991E-05 0.162472 0.328477 0.13327 0.188463
0.0715048 9.9982E-05 0.126678 0.276325 0.525292 9.9982E-05
