0.908836 0.00626818 0.063581 0.0211146 9.9982E-05 9.9982E-05
0.933782 9.9964E-05 9.9964E-05 9.9964E-05 0.0658179 9.9964E-05
0.834984 0.00707111 9.9982E-05 0.00344938 9.9982E-05 0.154296
0.741997 9.9982E-05 0.118141 0.109064 9.9982E-05 0.0305971
0.881207 0.0100747 9.9982E-05 0.0484802 9.9982E-05 0.0600385
0.633469 0.0443314 0.0896335 9.9991E-05 0.116735 0.115731
0.826038 0.101438 0.047758 0.0245657 9.9982E-05 9.9982E-05
0.733462 0.0622444 0.1777 0.0263934 9.9982E-05 9.9982E-05
0.832393 0.012305 0.0816245 9.9982E-05 0.0734778 9.9982E-05
0.708052 0.0891026 0.0526911 0.063884 9.9991E-05 0.0861699
0.711126 0.0429825 0.228975 9.9982E-05 9.9982E-05 0.016717
9.999E-05 0.103767 0.446114 0.0143971 0.115218 0.320404
9.9973E-05 0.0448937 0.358502 9.9973E-05 9.9973E-05 0.596304
0.0169002 0.0967662 0.460418 0.0889201 0.0277742 0.309221
0.0149371 0.0918995 0.354548 0.125569 0.0239364 0.38911
0.111214 0.0510279 0.204953 0.0900217 0.146776 0.396008
0.0486686 0.0579654 0.217767 0.159816 0.000187045 0.515596
0.0207663 0.0879221 0.26013 0.0809165 0.0886158 0.461649
0.126176 0.00480702 0.337774 0.0875082 0.0882261 0.355509
0.00892485 0.136883 0.68484 0.078588 0.076376 0.0143879
0.0112371 0.0384566 0.27783 0.106573 0.184093 0.381811
0.0207702 0.215724 0.215795 0.0800786 0.0328227 0.434809
0.0277126 9.9991E-05 0.232238 0.0932627 0.0941634 0.552523
9.999E-05 0.0525055 0.428372 0.0782704 0.105692 0.33506
0.0880474 0.0695063 0.145888 0.0736697 0.0711159 0.551773
0.0525391 9.9991E-05 0.191665 0.110482 0.0531792 0.592034
0.0567629 9.9991E-05 0.49645 0.0847072 0.188574 0.173406
0.00330636 0.0469577 0.434244 0.199635 0.166712 0.149144
9.9991E-05 0.135869 0.474044 0.0522499 0.078052 0.259685
0.853157 9.9973E-05 9.9973E-05 0.00065455 9.9973E-05 0.145888
0.837346 9.9964E-05 9.9964E-05 9.9964E-05 9.9964E-05 0.162254
0.825459 9.9973E-05 9.9973E-05 0.0167713 9.9973E-05 0.15747
0.699792 9.9982E-05 9.9982E-05 0.105669 0.0601779 0.134162
0.0227583 0.0199781 0.153648 9.9991E-05 0.219887 0.583629
0.0811866 9.9991E-05 0.0976145 0.0407247 0.258201 0.522173
0.0480216 9.9973E-05 9.9973E-05 9.9973E-05 0.359231 0.592448
0.106707 0.025818 0.564762 0.0193158 0.128052 0.155345
9.9991E-05 0.0377937 0.00788824 0.0410636 0.623299 0.289855
0.0265836 9.9991E-05 0.253549 0.0545596 0.173727 0.491481
0.0234894 0.0526483 0.0620467 0.0116107 0.140162 0.710043
0.108719 0.135164 0.0832656 9.9991E-05 0.0933722 0.579379
0.113039 9.9991E-05 0.129867 0.0033169 0.16278 0.590898
0.0113818 9.9982E-05 0.185807 9.9982E-05 0.635486 0.167125
0.0157363 0.232603 0.0993391 0.00712362 9.9991E-05 0.645098
0.0587039 0.0175808 9.9991E-05 0.11815 0.350779 0.454686
0.163265 0.0745818 0.0217946 0.084124 0.214633 0.441602
0.0207393 9.9973E-05 9.9973E-05 9.9973E-05 0.683405 0.295556
9.9991E-05 0.0756206 0.0455792 0.101451 0.2931 0.484149
0.148148 0.0484861 0.0712485 0.00558712 0.148821 0.57771
0.0659855 0.257629 9.9973E-05 9.9973E-05 0.676086 9.9973E-05
9.9982E-05 0.150615 0.474328 9.9982E-05 0.169971 0.204887
9.9991E-05 0.431787 0.253611 0.0327583 0.222947 0.058796
0.12791 0.0591775 0.1653 9.9991E-05 0.0489445 0.598568
0.0603133 0.205991 0.0695299 0.0535129 0.120144 0.490509
0.0461805 0.142324 0.141077 0.0708941 9.9991E-05 0.599424
0.121366 0.0671606 0.357556 9.9991E-05 0.263414 0.190404
9.9982E-05 0.0606034 0.273324 9.9982E-05 0.11877 0.547103
0.0289945 0.0920366 0.17466 0.0779603 0.0742798 0.552069
0.088837 0.116674 0.267528 0.0115548 0.180822 0.334584
0.171043 0.194828 0.370373 0.118434 0.124731 0.0205909
0.0914762 0.0402755 0.103027 0.0237365 0.26363 0.477855
0.0962379 0.119984 0.24351 0.0655992 0.0249865 0.449682
0.0425596 0.181726 0.512278 9.9991E-05 0.201817 0.06152
9.9982E-05 0.0796162 0.264109 9.9982E-05 0.116948 0.539127
0.000506292 0.102721 0.125801 0.0771082 0.060085 0.633779
0.0905214 0.0195739 0.138431 0.0785191 0.0926381 0.580316
0.0117366 0.1061 0.305862 0.169117 0.267631 0.139553
0.0179773 0.112442 0.284014 0.0457377 0.069446 0.470382
0.140379 0.0123085 0.193678 9.9991E-05 0.0172584 0.636276
9.9982E-05 0.192538 0.38888 9.9982E-05 0.147215 0.271167
9.9982E-05 0.00708021 0.0337815 9.9982E-05 0.406134 0.552805
0.0309963 9.9982E-05 0.0979643 9.9982E-05 0.66071 0.210129
0.0632804 0.0890517 0.130828 9.9991E-05 0.167675 0.549065
9.9964E-05 0.1296 9.9964E-05 9.9964E-05 0.87 9.9964E-05
9.9964E-05 0.174888 9.9964E-05 9.9964E-05 0.824712 9.9964E-05
9.9991E-05 0.0282476 0.0276761 0.0332288 0.701122 0.209625
0.0404728 9.9973E-05 9.9973E-05 9.9973E-05 0.518844 0.440383
0.250074 9.9991E-05 0.0130758 0.00237828 0.223422 0.51095
0.0750576 0.0404206 0.00232449 0.0196082 0.450944 0.411645
0.00361328 9.9991E-05 0.202461 0.0582079 0.631846 0.103772
0.040025 9.9982E-05 0.243372 9.9982E-05 0.513089 0.203314
0.143711 9.9982E-05 9.9982E-05 0.101249 0.334244 0.420596
0.0215785 9.9982E-05 0.0877406 9.9982E-05 0.593836 0.296644
0.0583752 0.0180286 9.9991E-05 0.0119068 0.518597 0.392992
0.0672531 9.9973E-05 9.9973E-05 9.9973E-05 0.585824 0.346623
0.00614292 0.262794 0.0193682 0.0306437 0.680951 9.9991E-05
0.0229703 9.9991E-05 0.0776504 0.0390613 0.252291 0.607927
0.778499 9.9991E-05 0.0720491 0.0278915 0.0223475 0.0991131
0.89363 9.9964E-05 9.9964E-05 9.9964E-05 9.9964E-05 0.10597
0.889904 9.9973E-05 9.9973E-05 0.00871224 9.9973E-05 0.101084
0.905422 0.0243815 9.9982E-05 0.0268721 9.9982E-05 0.0431241
0.85201 0.0356842 9.9982E-05 0.0196926 9.9982E-05 0.092413
0.902924 0.0184213 9.9991E-05 0.0283901 0.0232228 0.0269419
0.922181 9.9991E-05 0.00359268 0.0200996 0.00765209 0.0463742
0.0624115 9.9991E-05 0.0442069 0.115745 0.352599 0.424938
0.120634 0.0736316 0.0489045 0.0122304 0.142337 0.602262
0.0193734 9.9973E-05 0.103154 9.9973E-05 0.877173 9.9973E-05
0.056415 0.0727309 0.055951 0.154757 0.261611 0.398535
0.0405203 9.9982E-05 0.124914 9.9982E-05 0.42718 0.407186
9.9973E-05 9.9973E-05 9.9973E-05 0.0129598 0.364579 0.622161
0.0296258 0.0253331 9.9991E-05 0.00283825 0.406191 0.535912
9.9973E-05 9.9973E-05 9.9973E-05 0.09228 0.478229 0.429191
0.033593 9.9973E-05 0.203884 9.9973E-05 0.762223 9.9973E-05
0.168766 0.0698608 0.0404194 0.0506354 0.243459 0.42686
0.144331 9.9991E-05 0.0673203 0.00491536 0.166409 0.616924
0.055021 0.0948106 0.0753871 0.116664 0.134192 0.523925
9.9982E-05 0.161668 9.9982E-05 0.0526576 0.548316 0.237158
9.9982E-05 0.0826784 9.9982E-05 0.0300652 0.414137 0.47292
0.030101 0.0414803 0.0941374 0.0272401 0.379935 0.427106
9.9973E-05 9.9973E-05 9.9973E-05 0.0670156 0.664873 0.267812
0.0860048 9.9982E-05 0.109408 9.9982E-05 0.358556 0.445831
0.122798 0.0498512 0.14304 9.9991E-05 0.113962 0.570249
9.9991E-05 0.231729 0.332726 0.0496911 0.136304 0.249449
0.0920153 0.12657 0.33019 0.0873375 9.9991E-05 0.363787
0.0836764 0.0717351 0.227011 9.9991E-05 0.00965601 0.607821
0.0725158 0.0424447 0.213324 9.9991E-05 0.0799691 0.591646
0.046105 0.0929497 0.30744 9.9991E-05 0.0271963 0.526209
0.0241949 0.0471193 0.328385 0.0298501 0.0207116 0.549739
0.00811662 0.0222913 0.405502 0.0383623 0.0551721 0.470555
0.150101 0.0812818 0.206492 9.9991E-05 0.0661462 0.49588
9.9991E-05 0.124041 0.149222 0.0484631 0.0691715 0.609002
0.0805064 0.0160934 0.134896 9.9991E-05 0.169135 0.599269
0.0129273 0.000743558 0.391679 9.9991E-05 0.0409498 0.5536
0.0905489 0.0649777 0.0943833 0.0249391 0.103253 0.621898
0.155748 0.050256 0.0917989 0.0423757 0.0908994 0.568922
9.9982E-05 9.9982E-05 0.266953 0.0976151 0.103487 0.531745
0.0515368 0.128883 0.107741 0.0357846 9.9991E-05 0.675954
0.0400569 0.0437895 0.165549 0.0878637 0.168226 0.494515
0.0708836 0.156854 0.360516 0.0166183 9.9991E-05 0.395029
9.9982E-05 0.119242 0.17047 0.0957464 9.9982E-05 0.614342
9.9982E-05 0.152344 0.105162 0.0382819 9.9982E-05 0.704012
9.9991E-05 0.042793 0.416593 0.0444047 0.250848 0.245261
9.9982E-05 0.380684 0.295937 9.9982E-05 0.0289698 0.294209
9.9991E-05 0.00766384 0.316101 0.0829734 0.0779201 0.515242
9.9991E-05 0.251295 0.308046 0.0763402 0.316383 0.0478354
0.00928206 0.128003 0.396464 9.9991E-05 0.173575 0.292577
9.9982E-05 0.0664936 0.341532 9.9982E-05 0.142603 0.449171
0.025032 0.0278225 0.471463 9.9991E-05 0.141662 0.33392
9.9991E-05 0.0462656 0.455993 0.0750379 0.164927 0.257676
0.0845042 0.122835 0.158325 0.00949302 0.0707803 0.554062
0.139671 0.112543 0.220287 0.0510217 9.9991E-05 0.476377
0.0936295 0.0213298 0.148744 9.9991E-05 0.269275 0.466921
9.9991E-05 0.239317 0.404178 0.0551519 0.158606 0.142648
0.163332 0.156126 0.0682948 0.0136622 0.119486 0.479098
0.0744634 0.216028 0.0461048 0.0357565 0.116641 0.511006
0.148239 0.483013 0.161398 9.9991E-05 0.177212 0.0300381
0.0966696 0.141588 9.9991E-05 0.00761227 0.07191 0.68212
0.127325 0.295191 0.0284539 0.0307799 0.165799 0.352452
0.130014 0.21591 9.9991E-05 0.0241255 0.124781 0.50507
0.0976986 0.39588 0.0547961 9.9991E-05 0.174902 0.276623
0.0643578 0.491687 0.120727 9.9991E-05 0.10657 0.216558
0.0593266 0.195677 0.0932011 9.9991E-05 0.21074 0.440955
0.0262629 0.274266 0.109674 0.144661 9.9991E-05 0.445036
0.124703 0.125982 0.111543 0.0508255 0.155358 0.431589
0.0579869 0.407911 0.091557 0.110618 0.284802 0.0471243
0.134234 0.134177 0.0387035 9.9991E-05 0.0876653 0.60512
9.9982E-05 0.393411 0.0868825 9.9982E-05 0.187019 0.332488
9.9982E-05 0.214894 0.133154 9.9982E-05 0.235609 0.416143
0.106541 0.22721 9.9991E-05 0.0560412 0.0534691 0.556639
0.328117 0.247183 0.00386047 0.26203 0.0219117 0.136898
0.498907 0.37555 9.9973E-05 0.125244 9.9973E-05 9.9973E-05
0.482994 0.429335 9.9973E-05 0.0873714 9.9973E-05 9.9973E-05
0.357554 0.205178 9.9982E-05 0.397514 9.9982E-05 0.0395535
9.9982E-05 0.228035 0.0147102 9.9982E-05 0.0670216 0.690033
0.111606 0.0729631 0.0812531 0.0591692 0.0550891 0.619919
9.9973E-05 9.9973E-05 0.00277715 0.666619 9.9973E-05 0.330304
0.0563818 9.9991E-05 0.12183 0.423781 0.0144777 0.383429
0.0926412 0.0891827 0.00362392 0.451223 0.0988895 0.26444
9.9982E-05 0.519041 0.0121697 9.9982E-05 0.101778 0.366811
0.0528228 0.170991 0.0111809 0.020792 0.232166 0.512047
9.9982E-05 0.643687 0.00736493 9.9982E-05 0.0777686 0.270979
0.00851984 0.281004 9.9991E-05 0.00512007 0.108607 0.596648
0.0322025 0.322441 0.0883192 0.0166252 0.142519 0.397893
9.9991E-05 0.344879 0.0322134 0.0174915 0.0182605 0.587056
9.9973E-05 0.571137 9.9973E-05 9.9973E-05 0.162292 0.266271
0.0293976 0.136642 0.0255897 0.127009 0.0700945 0.611267
0.0238947 0.218973 9.9991E-05 0.119034 0.111909 0.52609
9.9964E-05 0.04496 9.9964E-05 0.95464 9.9964E-05 9.9964E-05
9.9982E-05 9.9982E-05 0.0441727 0.939418 0.0109441 0.00526507
0.048719 0.0109347 9.9991E-05 0.599039 0.0738177 0.26739
9.9973E-05 9.9973E-05 0.0704957 0.68494 9.9973E-05 0.244265
9.9991E-05 0.00565536 0.0501096 0.819564 0.0378899 0.0866813
9.996E-05 9.996E-05 9.996E-05 0.9995 9.996E-05 9.996E-05
0.0177396 0.000560008 0.0171821 0.95958 0.00483824 9.9991E-05
9.9973E-05 9.9973E-05 9.9973E-05 0.84348 0.0213064 0.134914
9.9973E-05 9.9973E-05 0.0202935 0.93496 9.9973E-05 0.0444463
9.996E-05 9.996E-05 9.996E-05 0.9995 9.996E-05 9.996E-05
9.996E-05 9.996E-05 9.996E-05 0.9995 9.996E-05 9.996E-05
9.9982E-05 9.9982E-05 0.0520999 0.815001 0.0135065 0.119193
0.0530059 9.9991E-05 0.0310868 0.820225 0.0525488 0.0430331
9.9964E-05 9.9964E-05 9.9964E-05 0.979878 0.0197224 9.9964E-05
0.0499466 9.9991E-05 0.106725 0.458829 0.0136032 0.370796
0.0478789 9.9982E-05 9.9982E-05 0.655317 0.107719 0.188885
0.00813993 9.9991E-05 0.00136147 0.822885 0.0615154 0.105998
0.02903 9.9982E-05 0.0321621 0.858531 9.9982E-05 0.0800768
9.9964E-05 9.9964E-05 9.9964E-05 0.985936 9.9964E-05 0.013664
0.0773718 9.9973E-05 9.9973E-05 0.835342 9.9973E-05 0.0869864
9.9964E-05 0.0139064 9.9964E-05 0.985694 9.9964E-05 9.9964E-05
0.0457344 0.0249657 0.0597989 0.586407 9.9991E-05 0.282994
0.0125736 9.9991E-05 0.0394304 0.915916 0.00979192 0.0221884
0.3084 0.657602 9.9982E-05 0.033113 0.000685527 9.9982E-05
0.183292 0.24805 0.0639368 0.092672 9.9991E-05 0.411949
0.224135 0.240461 9.9991E-05 0.0556381 0.0289899 0.450676
0.156186 0.463096 0.0574088 0.134572 9.9991E-05 0.188637
0.107224 0.276423 0.0101207 0.0334452 9.9991E-05 0.572687
0.256002 0.406316 9.9991E-05 0.0882994 0.0632587 0.186023
0.147186 0.147921 0.136869 0.119722 0.0902328 0.358069
0.125647 0.32454 9.9982E-05 0.136393 9.9982E-05 0.413219
0.164251 0.272829 9.9982E-05 0.174472 9.9982E-05 0.388248
0.176511 0.32191 9.9982E-05 0.161803 9.9982E-05 0.339576
0.17133 0.201411 0.0920847 0.0649609 0.00368268 0.46653
0.809008 0.106702 0.0410748 9.9982E-05 9.9982E-05 0.043015
0.935832 0.0151042 9.9982E-05 0.0466434 9.9982E-05 0.0022208
0.982341 9.9982E-05 0.0108896 9.9982E-05 0.0044158 0.00215357
0.959168 9.9964E-05 9.9964E-05 9.9964E-05 9.9964E-05 0.0404325
0.900295 0.0169185 0.0471875 9.9982E-05 9.9982E-05 0.0353993
0.912841 0.00671348 9.9982E-05 0.0715447 0.00870094 9.9982E-05
0.895034 9.9973E-05 9.9973E-05 0.0773894 9.9973E-05 0.0272763
0.875999 0.105584 0.00718374 0.0110332 9.9982E-05 9.9982E-05
0.893838 9.9973E-05 9.9973E-05 0.0474071 0.0584547 9.9973E-05
0.816195 0.0217785 0.0420412 0.110477 9.9991E-05 0.00940797
0.581084 9.9973E-05 0.315281 9.9973E-05 0.103335 9.9973E-05
0.581229 0.0358059 0.337915 0.00980662 0.0351435 9.9991E-05
0.53078 0.130858 0.292963 9.9982E-05 0.0451988 9.9982E-05
0.475052 0.0737551 0.331592 9.9982E-05 0.119401 9.9982E-05
0.0950264 9.9991E-05 0.0451197 0.0156848 0.381573 0.462496
0.0384282 9.9991E-05 0.115039 0.019959 0.368981 0.457493
9.9991E-05 0.0508934 0.19781 0.0697984 0.22729 0.454108
0.0402964 9.9982E-05 0.269761 9.9982E-05 0.291194 0.398549
9.9982E-05 0.0153386 0.635032 9.9982E-05 0.100566 0.248863
0.0990679 0.0702969 0.00499031 0.0341179 0.226584 0.564943
9.9991E-05 0.019734 0.0765971 0.0225007 0.283499 0.597569
9.9982E-05 0.104297 0.0454649 9.9982E-05 0.310756 0.539283
9.9982E-05 0.0121163 9.9982E-05 0.089001 0.645143 0.25354
0.0623402 0.0446865 0.079462 9.9991E-05 0.202621 0.61079
0.0109023 9.9982E-05 0.189635 9.9982E-05 0.389342 0.409921
9.9973E-05 0.103505 0.0749575 9.9973E-05 0.821238 9.9973E-05
0.0110308 0.0410697 0.24295 9.9991E-05 0.234772 0.470077
0.032525 0.162657 9.9991E-05 0.0215592 0.502314 0.280845
9.9973E-05 0.0808728 9.9973E-05 9.9973E-05 0.420382 0.498445
0.00922822 9.9982E-05 0.219475 9.9982E-05 0.700189 0.0709076
0.124861 0.0748455 0.799993 9.9973E-05 9.9973E-05 9.9973E-05
0.0487224 0.0905701 0.763884 9.9982E-05 9.9982E-05 0.0966237
9.9964E-05 0.0766727 0.922927 9.9964E-05 9.9964E-05 9.9964E-05
0.0951502 9.9964E-05 0.90445 9.9964E-05 9.9964E-05 9.9964E-05
9.9991E-05 0.0807036 0.85723 0.0264403 0.00916405 0.0263617
0.0734698 9.9982E-05 0.793796 0.0387078 9.9982E-05 0.0938265
0.882182 9.9973E-05 9.9973E-05 0.020823 9.9973E-05 0.0966949
0.819304 9.9982E-05 0.0487867 0.0488706 9.9982E-05 0.0828384
0.729637 9.9973E-05 9.9973E-05 0.132713 9.9973E-05 0.137349
0.740926 9.9982E-05 0.087278 0.12528 9.9982E-05 0.0463164
0.847587 0.000704123 9.9982E-05 0.0629663 9.9982E-05 0.088543
0.367591 0.0297989 0.591564 9.9982E-05 0.0108454 9.9982E-05
0.447259 0.0661932 0.393006 9.9982E-05 0.0933416 9.9982E-05
0.459278 9.9973E-05 0.472093 9.9973E-05 0.0683289 9.9973E-05
0.821426 9.9964E-05 9.9964E-05 9.9964E-05 9.9964E-05 0.178174
0.354581 0.0374659 0.566 9.9982E-05 0.0417535 9.9982E-05
0.206892 0.156136 9.9982E-05 0.362183 9.9982E-05 0.274589
0.13881 0.0307447 0.00366692 0.202479 9.9991E-05 0.624199
0.198198 9.9973E-05 9.9973E-05 0.273292 9.9973E-05 0.52821
0.235007 0.100983 9.9991E-05 0.302035 0.137662 0.224213
0.212368 0.00677478 0.0488508 0.110223 0.00170962 0.620073
0.443453 0.256917 9.9973E-05 0.299329 9.9973E-05 9.9973E-05
0.0269918 0.0337611 0.32477 0.00725879 0.154809 0.45241
9.9982E-05 0.228558 0.26997 9.9982E-05 0.0823427 0.41893
0.0564405 0.0537105 0.542168 9.9991E-05 0.0454052 0.302176
9.9991E-05 0.212952 0.136761 0.0235692 0.142894 0.483724
9.9973E-05 0.5511 0.1844 9.9973E-05 0.2642 9.9973E-05
0.14963 0.0946604 0.0461276 0.0182823 0.13186 0.55944
0.0290206 0.182272 0.191717 9.9991E-05 0.089176 0.507714
9.9982E-05 0.0942518 0.393311 9.9982E-05 0.147715 0.364522
0.0415715 0.201727 0.176586 0.00261351 0.0109937 0.566509
9.9982E-05 0.450717 0.204554 9.9982E-05 0.18285 0.161679
0.0188929 0.162148 0.164606 0.0317522 0.127665 0.494937
9.9991E-05 0.0727183 0.316198 0.0422503 0.0591393 0.509594
0.170618 0.0984193 0.0355182 0.160922 0.0932108 0.441312
9.9982E-05 0.244674 0.250783 9.9982E-05 0.108554 0.395789
0.0315316 0.0298847 0.267918 0.00688181 0.183415 0.480368
9.9991E-05 0.0831217 0.230543 0.105529 0.185496 0.39521
0.0153694 0.0444153 0.227134 9.9991E-05 0.1359 0.577082
0.00450816 0.0947737 0.131081 0.0814128 0.019669 0.668555
0.145746 0.0165123 0.151363 0.133336 0.110127 0.442916
0.137042 9.9982E-05 0.107187 9.9982E-05 0.21642 0.539152
0.791426 9.9973E-05 9.9973E-05 0.0683806 9.9973E-05 0.139893
0.873563 9.9973E-05 9.9973E-05 9.9973E-05 0.0307871 0.0953497
0.771044 0.074409 0.0924866 0.0316988 9.9991E-05 0.030262
0.78947 9.9991E-05 0.0578739 0.0434893 0.0955359 0.0135311
0.841583 9.9964E-05 9.9964E-05 9.9964E-05 9.9964E-05 0.158017
9.9991E-05 0.0616783 0.576487 0.0550238 0.0870014 0.219709
0.103204 0.0400883 0.107196 0.0419611 0.18789 0.519662
0.197516 0.142227 0.00569847 0.0955098 0.0685747 0.490474
0.00328243 0.0460598 0.164781 0.0900074 0.0458047 0.650065
0.0268218 9.9991E-05 0.234752 0.034118 0.103733 0.600476
9.9991E-05 0.156449 0.352475 0.0906031 0.0954211 0.304952
0.149244 0.0681007 0.682075 9.9982E-05 0.100381 9.9982E-05
0.000920208 0.0440861 0.401866 0.037746 9.9991E-05 0.515282
0.0582736 0.060791 0.51434 0.0326375 0.172738 0.161221
0.0295264 0.183074 0.169881 9.9991E-05 0.188789 0.42863
0.125442 0.0701188 0.487831 0.0531202 0.158387 0.105101
0.103606 0.000273449 0.18586 0.0505699 9.9991E-05 0.65959
0.0763932 0.0935014 0.517145 0.00774109 0.0364048 0.268815
0.0331028 0.09689 0.302466 0.119814 0.173936 0.273792
0.0236568 0.171035 0.119356 0.0551135 0.111042 0.519796
9.9982E-05 0.54651 0.138172 0.0457082 9.9982E-05 0.269409
0.0301741 0.161307 0.108558 9.9991E-05 0.0890377 0.610823
0.129946 0.180788 9.9982E-05 9.9982E-05 0.0891059 0.599961
9.9982E-05 0.496741 0.0351023 9.9982E-05 0.0634045 0.404552
0.0642348 0.153044 0.11577 0.066339 0.0798427 0.52077
0.0485442 0.24291 0.0688831 9.9991E-05 0.108305 0.531258
9.9982E-05 0.728536 0.114246 9.9982E-05 0.0292075 0.127811
9.9973E-05 0.64118 9.9973E-05 9.9973E-05 0.0742557 0.284265
9.9982E-05 0.321448 0.11257 9.9982E-05 0.0148461 0.550936
0.0122902 0.554006 0.100776 9.9991E-05 0.17205 0.160779
9.9982E-05 0.277226 0.0820352 9.9982E-05 0.0655899 0.574949
9.9982E-05 0.0184549 0.587323 9.9982E-05 0.295339 0.0986833
9.9982E-05 0.214736 0.351673 9.9982E-05 0.170986 0.262404
0.00554032 9.9991E-05 0.399568 0.131662 0.108516 0.354614
0.0499857 0.0283248 0.253862 0.00844367 9.9991E-05 0.659284
9.9973E-05 9.9973E-05 0.521944 9.9973E-05 0.236511 0.241245
0.123122 0.0949889 0.166498 9.9991E-05 0.0702823 0.545009
0.0712601 9.9991E-05 0.208139 0.0666837 0.1201 0.533717
0.0521675 0.0216238 0.299951 0.0747731 0.0616404 0.489844
0.00911041 0.0264114 0.292557 0.102566 0.102118 0.467237
0.103285 9.9991E-05 0.294194 0.0218721 0.157067 0.423482
9.9982E-05 9.9982E-05 0.536529 0.0890984 0.154823 0.21935
9.9991E-05 0.0635813 0.402027 0.115793 0.0762471 0.342251
9.9991E-05 0.0295104 0.19702 0.0222958 0.0963466 0.654727
9.9982E-05 0.0450087 0.173188 9.9982E-05 0.0447345 0.736868
0.0527814 0.16806 0.300916 9.9991E-05 0.0750086 0.403134
9.9991E-05 0.0475112 0.292373 0.050688 0.100298 0.50903
0.0279065 0.0571431 0.464816 0.035781 0.0336206 0.380732
0.0134958 0.000801836 0.311544 9.9991E-05 0.0289549 0.645104
0.00686083 0.0132698 0.239814 0.123236 0.0938395 0.522979
0.0996496 0.111756 0.171486 0.0764957 0.0146727 0.52594
0.408383 0.000990842 9.9991E-05 0.0714536 0.0745399 0.444533
0.133256 0.0785247 0.0424433 0.211015 0.0148678 0.519894
0.143494 0.116351 9.9991E-05 0.117673 0.0345271 0.587855
0.131413 0.0713599 0.0135125 0.0111667 0.102572 0.669976
0.218635 0.094536 9.9991E-05 0.236029 0.0724249 0.378275
9.9973E-05 0.255624 0.234692 9.9973E-05 9.9973E-05 0.509384
0.182074 9.9991E-05 0.0968522 0.111743 0.0726291 0.536601
0.254612 0.465529 9.9991E-05 0.0978105 0.0896214 0.0923269
0.0973989 0.109385 0.0735897 0.201604 9.9991E-05 0.517922
0.120746 0.10621 0.0118461 0.15586 0.0278835 0.577454
0.057599 0.121559 0.109958 0.20843 0.0276195 0.474834
0.190003 0.172046 0.116923 0.0818178 0.0312677 0.407943
0.193415 0.0968351 9.9982E-05 0.0561356 9.9982E-05 0.653415
0.145401 0.115437 9.9982E-05 0.14297 9.9982E-05 0.595991
0.479557 0.390263 9.9973E-05 0.12988 9.9973E-05 9.9973E-05
0.198257 0.0951323 9.9991E-05 0.212587 0.0591698 0.434755
0.0918667 0.0525079 0.0621429 0.237311 0.0743201 0.481852
0.184007 0.0888983 0.0108022 0.0183137 9.9991E-05 0.697879
0.159582 0.107119 9.9982E-05 0.202992 9.9982E-05 0.530108
0.154711 0.0613303 0.101971 0.131514 0.00287522 0.547598
0.0400215 0.195822 0.0834749 0.0284076 0.181731 0.470543
0.0510923 0.209936 0.0381486 0.0884229 0.103032 0.509368
9.9982E-05 0.528597 0.12175 9.9982E-05 0.319306 0.0301465
9.9973E-05 0.580078 0.119171 9.9973E-05 0.30045 9.9973E-05
0.152315 0.156804 9.9991E-05 0.0457869 0.110749 0.534245
0.0997404 0.143211 9.9991E-05 0.301695 0.04574 0.409514
0.0764238 0.213064 9.9991E-05 0.377614 0.0208353 0.311962
0.204279 0.27502 0.0404686 0.328153 0.0403727 0.111708
0.196038 0.146158 9.9982E-05 0.245849 9.9982E-05 0.411755
0.0415226 0.710985 9.9982E-05 0.07254 9.9982E-05 0.174753
0.110021 0.515265 9.9991E-05 0.0436259 0.0690931 0.261895
9.9991E-05 0.10278 0.0662401 0.126446 0.134059 0.570375
0.0780105 0.210192 9.9991E-05 0.120198 0.165188 0.426313
0.0803699 0.426594 9.9991E-05 0.0294733 0.160803 0.30266
0.0793983 0.131248 0.0329778 0.0628541 0.109497 0.584025
9.9991E-05 0.252622 0.00180049 0.127554 0.0750474 0.542876
0.124459 0.107091 0.0724846 0.0661053 0.10666 0.5232
0.0196675 0.305135 0.0725447 9.9991E-05 0.254017 0.348535
9.9991E-05 0.323731 0.108232 0.0440614 0.164009 0.359867
9.9991E-05 0.227818 0.0535321 0.0492529 0.195186 0.474111
0.0267874 0.294693 0.0689683 0.0306616 0.203117 0.375773
0.114446 0.231898 0.0696897 0.083281 0.0351583 0.465527
9.9982E-05 0.447271 0.0272135 9.9982E-05 0.0934557 0.43186
9.9982E-05 0.533271 0.0511482 9.9982E-05 0.175842 0.239539
9.9982E-05 0.223408 9.9982E-05 0.0549068 0.198921 0.522565
9.9982E-05 0.383804 0.0639944 9.9982E-05 0.330985 0.221017
9.9982E-05 0.373856 0.0326933 9.9982E-05 0.152523 0.440728
0.0601488 0.136021 0.00127537 0.0837089 0.155717 0.563129
9.9991E-05 0.179791 0.0310507 0.0669138 0.234271 0.487874
0.151159 0.0459372 0.158405 0.185146 0.0545775 0.404775
0.128171 0.144638 0.165192 0.233753 0.043431 0.284814
0.100301 0.212388 0.0943161 0.308943 9.9991E-05 0.283952
0.186019 0.0744479 0.227588 0.218111 9.9991E-05 0.293733
0.106904 0.032235 0.157323 0.194459 0.153493 0.355586
0.202621 0.18999 9.9991E-05 0.167382 0.0770738 0.362833
0.161847 0.554096 9.9982E-05 0.128525 0.155332 9.9982E-05
0.0430463 0.129501 0.0483857 0.232375 9.9991E-05 0.546592
0.373185 0.50756 9.9973E-05 0.118955 9.9973E-05 9.9973E-05
0.0513077 0.152531 9.9991E-05 0.222598 0.108119 0.465344
9.9973E-05 0.499409 9.9973E-05 9.9973E-05 0.428316 0.0719748
9.9964E-05 0.543114 9.9964E-05 9.9964E-05 0.456486 9.9964E-05
9.9982E-05 0.181426 0.0150073 9.9982E-05 0.313606 0.489761
0.0147997 0.199747 9.9982E-05 9.9982E-05 0.198251 0.587003
9.9982E-05 0.342294 0.00324502 9.9982E-05 0.244907 0.409354
0.0353898 0.102475 9.9991E-05 0.0246496 0.338562 0.498823
9.9982E-05 0.206355 9.9982E-05 0.000694753 0.21769 0.57506
0.848691 0.00501755 0.0376524 0.00907114 0.0354435 0.0641245
0.688351 9.9973E-05 0.171225 0.140124 9.9973E-05 9.9973E-05
0.863043 9.9982E-05 0.0886056 0.0458644 9.9982E-05 0.00228738
0.94438 9.9964E-05 9.9964E-05 9.9964E-05 9.9964E-05 0.0552205
0.0353511 0.0585499 0.0167032 0.0053967 0.332169 0.55183
0.0198257 0.000392159 0.0543935 0.102061 0.40683 0.416498
9.9973E-05 9.9973E-05 0.00683001 9.9973E-05 0.479018 0.513853
0.102223 9.9991E-05 0.038413 0.0144347 0.251429 0.5934
0.112846 0.00402445 0.13125 0.0149004 0.178192 0.558787
0.046148 0.0853308 0.0945029 9.9991E-05 0.520373 0.253545
9.9982E-05 9.9982E-05 0.0581875 0.070534 0.328568 0.542511
9.9973E-05 0.171395 9.9973E-05 9.9973E-05 0.51539 0.312915
0.251957 9.9991E-05 0.0653558 0.189989 0.0732912 0.419307
9.9991E-05 0.0833743 0.0437791 0.0240539 0.444796 0.403897
9.9973E-05 9.9973E-05 0.131304 9.9973E-05 0.556438 0.311958
0.000811954 9.9991E-05 0.0564299 0.00831094 0.333121 0.601226
9.9973E-05 9.9973E-05 0.103768 9.9973E-05 0.459318 0.436614
0.0156901 0.00483623 9.9991E-05 0.0172691 0.429851 0.532253
0.100402 0.00261827 0.0126132 9.9991E-05 0.361921 0.522345
9.9973E-05 0.0612408 9.9973E-05 9.9973E-05 0.901644 0.0368155
0.0183972 0.0911458 9.9991E-05 0.0807023 0.63754 0.172115
0.0168506 0.020355 0.0933033 9.9991E-05 0.558893 0.310498
9.9964E-05 0.150441 9.9964E-05 9.9964E-05 0.849159 9.9964E-05
0.059832 9.9982E-05 0.167915 9.9982E-05 0.384847 0.387206
9.9973E-05 0.307863 9.9973E-05 9.9973E-05 0.632705 0.0591313
0.00377862 0.233733 9.9973E-05 9.9973E-05 0.762188 9.9973E-05
0.0582019 9.9982E-05 0.0315851 9.9982E-05 0.32889 0.581123
0.0181544 9.9991E-05 0.103389 0.0472757 0.669682 0.161399
9.9991E-05 0.00386269 0.138532 0.0707896 0.376121 0.410594
0.0889054 0.0451578 0.0253204 0.0819324 0.174516 0.584168
9.9982E-05 9.9982E-05 0.0778804 0.0913413 0.397956 0.432623
9.9991E-05 0.187674 0.254446 0.103832 0.163469 0.290479
0.048961 9.9991E-05 0.0566964 0.0324196 0.338584 0.523239
0.0433108 9.9982E-05 0.0935702 9.9982E-05 0.373806 0.489113
9.9964E-05 9.9964E-05 9.9964E-05 9.9964E-05 0.71173 0.28787
0.105246 0.0184916 0.126212 0.030078 0.216282 0.503691
0.652354 0.0679769 0.264172 9.9982E-05 9.9982E-05 0.0152975
0.733976 0.0659372 0.0743555 0.0179247 0.0560665 0.05174
0.834871 0.0238489 0.127637 9.9982E-05 0.0134426 9.9982E-05
0.821583 0.0408507 0.122121 9.9982E-05 0.0152457 9.9982E-05
0.695985 0.0794575 0.205811 9.9982E-05 9.9982E-05 0.0185464
0.0325779 9.9991E-05 0.0968813 0.00707788 0.705585 0.157778
0.0398058 0.0259982 0.171812 9.9991E-05 0.649375 0.112909
9.9973E-05 0.0766407 9.9973E-05 9.9973E-05 0.795769 0.127291
0.17428 9.9973E-05 9.9973E-05 9.9973E-05 0.334071 0.491348
0.0801772 9.9991E-05 0.0998636 0.0207479 0.202236 0.596876
9.9982E-05 0.0621018 9.9982E-05 0.0234909 0.61814 0.296068
0.0607233 0.0171926 9.9982E-05 9.9982E-05 0.326121 0.595763
0.096636 0.0159528 9.9991E-05 0.0162008 0.508623 0.362488
0.044461 0.036849 0.0207676 9.9991E-05 0.397803 0.500019
0.0362677 9.9991E-05 0.0668741 0.0626786 0.293234 0.540845
9.9991E-05 0.00981586 0.170661 0.0207382 0.572632 0.226053
0.0272867 9.9982E-05 0.0558904 9.9982E-05 0.547318 0.369305
9.9973E-05 9.9973E-05 0.152073 9.9973E-05 0.474484 0.373143
0.0803455 0.219646 0.0871923 9.9982E-05 9.9982E-05 0.612616
0.0552588 9.9982E-05 0.0496348 9.9982E-05 0.528163 0.366743
0.0503828 0.0181111 9.9991E-05 0.0271261 0.487347 0.416933
0.149651 9.9991E-05 0.000491518 0.373359 0.0626574 0.413741
0.184869 0.0611669 9.9982E-05 0.445794 9.9982E-05 0.30797
0.12185 0.0531982 0.00131821 0.401962 9.9991E-05 0.421571
0.13311 0.0591797 9.9982E-05 0.483887 9.9982E-05 0.323623
0.0957575 0.101897 0.0234005 0.269504 9.9991E-05 0.509341
9.9982E-05 0.238452 9.9982E-05 0.0689347 0.230395 0.462018
0.2217 0.0640541 9.9982E-05 0.675569 9.9982E-05 0.0384766
0.192527 0.00321688 9.9991E-05 0.430489 0.021118 0.352549
0.111032 0.233019 9.9991E-05 0.176916 0.104746 0.374187
0.145962 0.242443 9.9982E-05 9.9982E-05 0.00963792 0.601757
0.111892 0.30321 0.122239 0.0159216 0.0543924 0.392345
0.0766758 0.276888 0.0318406 9.9982E-05 9.9982E-05 0.614396
0.131539 0.0383528 0.0729347 9.9991E-05 0.096951 0.660123
0.249893 9.9973E-05 9.9973E-05 0.356054 9.9973E-05 0.393754
0.172314 9.9991E-05 0.0343051 0.308691 0.0466727 0.437917
0.0994153 0.032812 9.9982E-05 0.462771 9.9982E-05 0.404802
0.124948 9.9991E-05 0.131418 0.310166 0.0489109 0.384457
0.133164 0.0532337 9.9982E-05 0.472049 9.9982E-05 0.341353
0.167499 0.0551989 9.9991E-05 0.367643 0.198288 0.211271
0.142826 0.0571354 9.9991E-05 0.560039 0.0177623 0.222137
0.140848 0.0377047 0.128854 0.341916 0.0071968 0.343481
0.0268802 0.379612 0.0381014 9.9982E-05 9.9982E-05 0.555207
0.194833 0.0422853 0.015351 0.352072 0.101918 0.293541
0.174073 9.9973E-05 9.9973E-05 0.659818 9.9973E-05 0.16581
0.0966915 9.9991E-05 0.0804358 0.418846 0.116229 0.287699
0.166947 0.29408 0.216171 9.9991E-05 0.0891456 0.233556
9.9991E-05 0.246608 0.0580216 0.0692875 0.0182823 0.607701
0.202318 0.0710676 9.9982E-05 0.280923 9.9982E-05 0.445491
0.0761693 0.212089 0.0303863 0.0763358 0.0533605 0.551659
0.143688 0.233652 0.0391281 9.9991E-05 0.124955 0.458478
0.293677 0.0846036 9.9991E-05 0.154336 0.0502158 0.417067
0.255993 0.116993 9.9982E-05 0.29193 9.9982E-05 0.334885
0.075589 0.0653531 0.102391 9.9991E-05 0.124589 0.631978
0.0947021 9.9982E-05 9.9982E-05 0.406108 0.19373 0.30526
0.163873 0.00201842 9.9982E-05 0.462155 9.9982E-05 0.371753
0.211707 0.0735242 9.9982E-05 0.605977 9.9982E-05 0.108591
0.102076 0.260594 0.0503014 0.0624931 9.9991E-05 0.524435
0.100526 0.193818 0.134738 9.9991E-05 0.0698823 0.500936
0.081422 0.636311 9.9991E-05 0.0231959 0.00942947 0.249542
0.191615 0.140479 9.9991E-05 0.0590531 0.118691 0.490062
0.0759635 0.233849 0.12394 0.0305749 0.139712 0.395961
0.209571 0.141763 0.0506297 0.0959449 0.00776822 0.494323
0.0499847 0.21158 0.170852 0.175005 0.03056 0.362018
0.251307 0.568634 9.9973E-05 0.17976 9.9973E-05 9.9973E-05
0.280753 0.621793 9.9973E-05 0.0971545 9.9973E-05 9.9973E-05
0.10935 0.378442 0.0624257 0.144735 0.0260059 0.279041
0.335784 0.453119 9.9982E-05 0.166655 9.9982E-05 0.0442426
0.415997 0.396807 9.9973E-05 0.186896 9.9973E-05 9.9973E-05
0.102995 0.284809 9.9991E-05 0.169818 0.0940801 0.348199
0.214398 0.254285 9.9982E-05 0.087062 9.9982E-05 0.444056
0.249769 0.285296 0.0465641 0.194095 0.0631019 0.161173
0.263472 0.50535 9.9982E-05 0.155544 9.9982E-05 0.0754334
0.110523 0.251631 0.0138944 0.162393 0.0350514 0.426507
0.231303 0.449084 9.9991E-05 0.150726 0.02111 0.147677
0.423475 0.555526 9.9973E-05 0.0206988 9.9973E-05 9.9973E-05
0.160913 0.11423 0.0840124 0.134757 9.9991E-05 0.505988
0.121939 0.249776 0.0525523 0.302345 9.9991E-05 0.273288
0.337187 9.9991E-05 0.0480477 0.1903 0.0506926 0.373672
0.188275 9.9973E-05 9.9973E-05 0.201549 9.9973E-05 0.609875
0.254736 0.062952 0.000172602 0.086918 0.0786299 0.516591
0.188363 0.168845 9.9982E-05 0.21051 9.9982E-05 0.432082
0.334407 0.0806314 0.0445003 0.235456 9.9991E-05 0.304906
0.182795 0.0766301 9.9991E-05 0.182662 0.037256 0.520558
0.262959 0.0245101 9.9991E-05 0.175923 0.0207787 0.515729
0.206991 0.216534 0.0533282 0.219631 9.9991E-05 0.303416
0.181588 0.0347664 0.0972513 0.169961 0.340455 0.175978
0.150353 0.0476066 0.0922662 0.120101 0.108163 0.481511
0.117199 0.075362 9.9991E-05 0.123919 0.100563 0.582856
0.124171 9.9991E-05 0.0395511 0.0934386 0.185116 0.557623
0.290702 0.0795026 0.00997867 0.287399 9.9991E-05 0.332318
0.165952 0.0939709 0.0375474 0.21712 9.9991E-05 0.485309
0.342576 0.288115 9.9991E-05 0.249525 0.0192651 0.100418
0.162972 0.0316704 0.0591594 0.156179 9.9991E-05 0.58992
0.261976 0.208208 9.9982E-05 0.306211 9.9982E-05 0.223404
0.766322 0.0155406 0.182039 9.9982E-05 0.0358993 9.9982E-05
0.0150944 0.0250086 0.819692 0.0590965 9.9991E-05 0.0810088
9.996E-05 9.996E-05 0.9995 9.996E-05 9.996E-05 9.996E-05
9.996E-05 9.996E-05 0.9995 9.996E-05 9.996E-05 9.996E-05
9.9964E-05 9.9964E-05 0.961796 9.9964E-05 9.9964E-05 0.0378042
9.9964E-05 9.9964E-05 0.963175 0.036425 9.9964E-05 9.9964E-05
9.9964E-05 9.9964E-05 0.915565 9.9964E-05 9.9964E-05 0.084035
0.0578896 9.9973E-05 0.930737 9.9973E-05 0.0110731 9.9973E-05
0.188775 9.9973E-05 0.795921 9.9973E-05 9.9973E-05 0.0150044
0.89787 9.9991E-05 0.0332316 0.00651642 0.0432529 0.0190288
0.769958 9.9982E-05 0.145847 0.0402092 9.9982E-05 0.0437866
0.90832 9.9982E-05 0.00691773 0.00801773 9.9982E-05 0.0765441
0.819645 0.0420245 0.0956902 9.9982E-05 9.9982E-05 0.0424406
0.884273 9.9982E-05 0.0099577 0.043682 0.061887 9.9982E-05
0.902323 0.0377179 0.046164 9.9982E-05 0.0135956 9.9982E-05
0.730491 0.048489 0.0915703 0.12925 9.9982E-05 9.9982E-05
0.84674 0.0314969 9.9982E-05 0.059572 9.9982E-05 0.0619912
0.663021 9.9991E-05 0.124809 0.122 0.0737073 0.016363
0.931296 9.9982E-05 9.9982E-05 0.0489641 0.016608 0.00293228
0.935505 0.0308991 0.0219004 9.9982E-05 0.0114958 9.9982E-05
0.848971 9.9991E-05 0.0578847 0.0317743 0.0302149 0.0310555
0.922333 9.9973E-05 0.0534519 0.0239156 9.9973E-05 9.9973E-05
0.898192 0.0177989 9.9982E-05 0.020449 9.9982E-05 0.0633605
0.825169 9.9991E-05 0.0519124 0.0309981 0.0131726 0.0786477
0.848989 9.9973E-05 9.9973E-05 0.0411929 9.9973E-05 0.109518
0.785152 9.9973E-05 9.9973E-05 0.154205 9.9973E-05 0.0603434
0.760586 9.9973E-05 9.9973E-05 0.100967 9.9973E-05 0.138147
0.802064 9.9982E-05 9.9982E-05 0.0698583 0.00160773 0.12627
0.13855 0.277368 0.108734 0.0139273 0.0460544 0.415367
0.12111 0.146891 0.0247809 9.9991E-05 0.0464599 0.660658
0.138818 0.136453 0.065752 0.00122149 0.0558666 0.601889
0.0405731 0.677456 0.0184367 9.9991E-05 0.092465 0.170969
0.114401 0.131795 0.16835 0.00572825 0.0102159 0.56951
0.103466 0.710745 9.9991E-05 0.0156711 0.0132727 0.156745
0.066241 0.151852 0.0536933 0.0653594 0.0178076 0.645047
0.0687766 0.192324 0.195817 9.9991E-05 0.0836577 0.459324
0.0754714 0.180121 0.132549 9.9991E-05 0.034334 0.577425
0.0708383 0.00971503 0.0258775 9.9991E-05 0.393716 0.499753
0.131936 0.258145 0.0972386 9.9991E-05 0.0334491 0.479131
0.0532773 0.239273 0.0472767 9.9991E-05 0.0126141 0.647458
0.0522702 0.152396 0.159591 9.9982E-05 9.9982E-05 0.635543
9.9982E-05 0.241678 0.425949 9.9982E-05 0.21303 0.119143
9.9964E-05 0.875919 0.123681 9.9964E-05 9.9964E-05 9.9964E-05
0.0552442 0.72752 0.0511767 9.9982E-05 9.9982E-05 0.165859
0.0480894 0.16402 0.0467964 0.103635 9.9991E-05 0.637359
0.0899938 0.250028 0.0656594 9.9991E-05 0.0060952 0.588123
0.127285 0.236919 0.0320757 9.9991E-05 0.0924714 0.511149
0.0542561 0.180915 0.017038 0.133641 0.13668 0.47747
0.217082 0.0877081 0.0624631 0.104215 0.017644 0.510888
0.200861 0.000303366 0.00090203 0.186276 0.0682972 0.54336
0.4116 0.0766482 0.154356 0.157903 0.0699161 0.129576
0.079185 0.0222922 0.183997 0.147168 0.139371 0.427987
0.229635 9.9991E-05 0.139872 0.0731008 0.0216994 0.535593
0.397602 0.451296 9.9973E-05 0.150802 9.9973E-05 9.9973E-05
0.27376 0.236619 9.9982E-05 0.133192 9.9982E-05 0.356229
0.351869 9.9991E-05 0.092218 0.188496 0.0861085 0.281209
0.326882 9.9982E-05 0.125252 0.0608982 9.9982E-05 0.486767
0.114749 9.9982E-05 0.184305 0.152646 9.9982E-05 0.548101
0.161698 0.171178 9.9991E-05 0.125758 0.0119619 0.529304
0.151109 9.9991E-05 0.0182161 0.204709 0.145877 0.479989
0.210452 0.155307 9.9991E-05 0.162509 0.066844 0.404787
0.481192 9.9982E-05 9.9982E-05 0.0963188 0.0805442 0.341745
