0.000364089 9.9973E-05 0.0482436 9.9973E-05 9.9973E-05 0.029152 0.0496749 0.872266
9.9946E-05 9.9946E-05 9.9946E-05 9.9946E-05 0.0813515 9.9946E-05 9.9946E-05 0.918049
9.9973E-05 0.0221206 0.0178085 0.115557 9.9973E-05 0.0409144 9.9973E-05 0.8033
9.9973E-05 0.0231852 0.0596625 0.0758335 9.9973E-05 9.9973E-05 0.0329134 0.808106
9.9964E-05 9.9964E-05 0.0210791 0.104593 9.9964E-05 9.9964E-05 0.00407527 0.869853
0.134948 0.0668363 0.0659642 0.0746547 0.0290583 0.00590943 0.0505314 0.572098
0.0895998 0.0772435 9.9964E-05 9.9964E-05 9.9964E-05 9.9964E-05 0.0302006 0.802556
0.142954 0.00973391 0.16012 9.9973E-05 9.9973E-05 9.9973E-05 0.0333743 0.653518
0.031761 9.99639E-05 0.0713554 9.99639E-05 9.99639E-05 0.0476724 9.99639E-05 0.848811
0.158602 9.9973E-05 0.0516475 9.9973E-05 0.0493681 9.9973E-05 0.161415 0.578667
0.0915315 0.0218494 0.127485 0.0579298 9.9973E-05 9.9973E-05 9.9973E-05 0.700904
0.0245381 0.718756 9.9973E-05 0.141625 9.9973E-05 0.0385978 0.076183 9.9973E-05
9.9964E-05 0.338664 0.123271 0.426139 9.9964E-05 9.9964E-05 0.111527 9.9964E-05
0.0665169 0.682788 9.9982E-05 0.126369 0.0347654 9.9982E-05 0.022106 0.0672547
0.010517 0.613342 9.9973E-05 0.196377 9.9973E-05 9.9973E-05 0.160605 0.0188597
0.0192159 0.359678 9.9982E-05 0.279998 9.9982E-05 0.0811538 0.103155 0.156599
9.999E-05 0.251039 0.0288848 0.477505 0.0672284 0.00651758 0.0976063 0.0711185
0.10818 0.372644 0.017991 0.347845 9.9991E-05 0.102563 0.0429629 0.00771393
9.9964E-05 0.606569 9.9964E-05 0.177539 9.9964E-05 9.9964E-05 0.118249 0.097242
0.057013 0.808488 0.0545 9.9964E-05 9.9964E-05 9.9964E-05 9.9964E-05 0.0795994
0.0479042 0.274739 0.0651446 0.403508 0.0996999 0.0853282 9.9991E-05 0.0235759
0.141453 0.233252 9.9982E-05 0.423631 0.0476712 0.118162 9.9982E-05 0.0356309
0.0516841 0.213438 0.0313896 0.504073 9.9991E-05 0.140595 0.0193417 0.0393789
9.9964E-05 0.653074 9.9964E-05 0.22101 0.00743859 9.9964E-05 0.118078 9.9964E-05
9.9982E-05 0.204927 0.056685 0.481517 9.9982E-05 0.0863577 0.0780173 0.0922961
0.0329208 0.476565 9.9964E-05 0.410217 9.9964E-05 9.9964E-05 0.079897 9.9964E-05
9.9973E-05 0.756012 9.9973E-05 0.0326294 9.9973E-05 0.0844704 0.103366 0.0232224
9.9964E-05 0.662111 9.9964E-05 0.116556 9.9964E-05 9.9964E-05 0.196211 0.0247227
0.0354663 0.727318 9.9973E-05 0.174226 0.0315077 9.9973E-05 9.9973E-05 0.0311823
9.9955E-05 9.9955E-05 9.9955E-05 0.124458 9.9955E-05 9.9955E-05 0.0614312 0.813611
9.9964E-05 0.0221815 9.9964E-05 0.16296 9.9964E-05 9.9964E-05 0.0235764 0.790882
9.9973E-05 0.0168301 9.9973E-05 0.126541 9.9973E-05 0.0556026 0.0444244 0.756302
9.9964E-05 9.9964E-05 9.9964E-05 0.118028 9.9964E-05 0.0660096 0.0748246 0.740738
0.0234512 0.149884 0.0101145 0.548484 0.0994398 0.136638 9.9991E-05 0.0318892
9.999E-05 0.000205348 0.0567705 0.437784 0.0170398 0.327593 0.0893492 0.0711579
9.9964E-05 0.0199588 9.9964E-05 0.514363 0.052168 0.413111 9.9964E-05 9.9964E-05
9.9982E-05 0.620383 0.155506 0.120949 9.9982E-05 0.0131842 0.0111895 0.0785875
0.144573 0.0807016 9.9973E-05 0.299294 9.9973E-05 0.452434 9.9973E-05 0.0226973
9.9991E-05 0.0602616 0.0887074 0.491843 0.00464271 0.283424 0.0231428 0.0478794
9.9964E-05 9.9964E-05 0.0243494 0.697765 9.9964E-05 0.223748 9.9964E-05 0.0537376
0.175938 9.9973E-05 0.0992297 0.532538 9.9973E-05 0.117696 0.074299 9.9973E-05
0.17689 0.0274856 0.0996354 0.523245 9.9991E-05 0.0741621 0.068495 0.0299873
0.0232669 0.251291 0.00441742 0.152968 9.9982E-05 0.548132 9.9982E-05 0.0197258
0.308849 9.9973E-05 0.0561396 0.632652 9.9973E-05 0.00192575 9.9973E-05 0.000133922
0.037629 0.0733417 9.9982E-05 0.538137 9.9982E-05 0.202043 0.0769701 0.0716792
9.9982E-05 0.156109 9.9982E-05 0.438277 0.0610567 0.164525 0.0919805 0.087852
0.0623419 0.0391892 9.9964E-05 0.284663 9.9964E-05 0.613406 9.9964E-05 9.9964E-05
9.9964E-05 9.9964E-05 9.9964E-05 0.578706 9.9964E-05 0.292533 0.0758708 0.0524898
0.000618506 0.094581 0.0199109 0.509214 0.0771506 0.165192 0.0140966 0.119237
0.335897 9.9955E-05 9.9955E-05 9.9955E-05 9.9955E-05 0.633896 9.9955E-05 0.0297068
0.0932438 0.428567 0.190918 0.0387887 0.0704513 0.177831 9.9982E-05 9.9982E-05
0.319053 0.339104 9.9973E-05 0.0465643 0.20221 0.0927691 9.9973E-05 9.9973E-05
0.0812864 0.224524 0.0431951 0.610375 0.00943649 0.0129888 0.0180942 9.9991E-05
0.0838965 0.0142127 9.9982E-05 0.583614 0.113268 9.9982E-05 0.0843596 0.120449
0.172509 0.0590955 0.0453652 0.592896 0.0867325 9.9982E-05 9.9982E-05 0.0432009
0.0988368 0.275491 0.0957553 0.166409 9.9982E-05 0.265225 9.9982E-05 0.0980823
0.0963714 0.179292 0.132208 0.488024 0.043023 9.9991E-05 0.0209191 0.0400633
0.0684034 0.304313 9.9973E-05 0.543967 9.9973E-05 9.9973E-05 0.0561738 0.0268437
0.0540018 0.461599 0.0421988 0.317702 0.0482579 0.026152 9.9991E-05 0.0499886
0.188377 0.432072 0.0585937 9.9991E-05 0.0386018 0.0556117 0.0409981 0.185645
0.11355 0.147258 0.0120569 0.470945 0.00904258 0.162801 0.0399997 0.0443463
9.9991E-05 0.409562 0.00912378 0.39323 0.0690712 0.0374237 0.00700627 0.0744832
0.113521 0.650623 0.0998566 9.9973E-05 9.9973E-05 0.0631348 9.9973E-05 0.0725641
9.9955E-05 0.456745 9.9955E-05 0.465503 9.9955E-05 0.0772513 9.9955E-05 9.9955E-05
0.0888152 0.0926245 0.036304 0.568313 0.137455 9.9982E-05 0.0762879 9.9982E-05
0.197509 0.051324 0.0130511 0.459467 0.0477059 0.113053 0.115311 0.00257753
0.0221162 0.504632 9.9991E-05 0.171085 0.0818885 0.0840389 0.0843906 0.0517482
0.106262 0.327503 0.0767847 0.46041 9.9973E-05 0.0287401 9.9973E-05 9.9973E-05
9.9982E-05 0.150806 0.119374 0.547428 0.0731253 9.9982E-05 0.0326107 0.0764562
0.116648 0.522438 0.0668982 0.182357 0.037784 0.0736739 9.9982E-05 9.9982E-05
9.9964E-05 9.9964E-05 0.0206103 0.502684 0.00481053 0.471495 9.9964E-05 9.9964E-05
9.9964E-05 0.147572 9.9964E-05 0.177822 9.9964E-05 0.648501 9.9964E-05 0.0257048
9.9982E-05 0.0393621 9.9982E-05 0.534232 0.018713 0.247155 0.0226223 0.137716
0.0478502 0.11303 9.9991E-05 0.451218 0.022846 0.163038 0.0618293 0.140088
0.1452 9.9955E-05 0.000536091 9.9955E-05 9.9955E-05 0.853764 9.9955E-05 9.9955E-05
0.0794737 0.0544162 9.9964E-05 9.9964E-05 0.0264433 0.839267 9.9964E-05 9.9964E-05
9.9955E-05 9.9955E-05 9.9955E-05 0.169754 9.9955E-05 0.811966 0.0177806 9.9955E-05
0.000759446 0.0014888 0.0479541 0.347151 9.9973E-05 0.602346 9.9973E-05 9.9973E-05
0.03434 0.0354155 0.0740519 0.507586 0.0103583 0.141626 0.0171405 0.179481
0.0312203 0.13999 9.9982E-05 0.392791 0.0123783 0.398396 0.0250241 9.9982E-05
9.9991E-05 0.131639 0.0452247 0.0876341 0.00550635 0.676982 0.0310346 0.0218792
9.9982E-05 0.109414 0.135371 0.138417 9.9982E-05 0.566069 0.0238788 0.0266503
9.9991E-05 0.0843156 0.143341 0.340553 0.0397706 0.162715 0.174877 0.0543292
0.0267311 0.0469948 9.9973E-05 0.215371 9.9973E-05 0.596919 0.113684 9.9973E-05
0.0145228 0.0983745 9.9982E-05 0.397857 0.0243305 0.39771 9.9982E-05 0.0670051
0.0908024 9.9973E-05 0.00103671 0.387753 0.0207665 0.499341 9.9973E-05 9.9973E-05
0.211398 0.0524854 9.9982E-05 9.9982E-05 0.0151082 0.691432 0.0114413 0.0179353
0.0897946 0.0624022 0.0236162 0.582468 9.9973E-05 0.241419 9.9973E-05 9.9973E-05
9.9955E-05 0.129213 9.9955E-05 0.0429186 9.9955E-05 9.9955E-05 9.9955E-05 0.827369
9.9946E-05 9.9946E-05 9.9946E-05 0.0887912 9.9946E-05 9.9946E-05 9.9946E-05 0.910609
9.9964E-05 9.9964E-05 0.0292773 0.0409689 9.9964E-05 9.9964E-05 0.076489 0.852865
9.9955E-05 9.9955E-05 9.9955E-05 0.0597382 9.9955E-05 9.9955E-05 0.0102785 0.929484
0.0561888 9.9973E-05 9.9973E-05 0.0508866 9.9973E-05 0.0166207 0.0421489 0.833855
9.9964E-05 9.9964E-05 0.0202961 9.9964E-05 9.9964E-05 0.0243345 0.0592569 0.895713
9.9964E-05 0.00449876 9.9964E-05 0.0649404 9.9964E-05 9.9964E-05 0.00818792 0.921973
9.9991E-05 0.0739416 0.0232739 0.442608 0.0328227 0.236899 0.134737 0.0556175
0.01356 0.0400156 9.9991E-05 0.517633 0.0778039 0.229547 0.029021 0.0923194
9.9955E-05 0.232652 9.9955E-05 9.9955E-05 9.9955E-05 0.731396 9.9955E-05 0.0354524
0.0214988 0.0667526 0.0289084 0.380022 0.0605073 0.297484 0.107784 0.0370426
0.0294387 0.074233 9.9982E-05 0.351495 9.9982E-05 0.471833 0.00248429 0.0703164
9.9982E-05 0.00851691 9.9982E-05 0.562685 0.153488 0.186624 0.0495897 0.038896
9.9973E-05 0.12874 9.9973E-05 0.570356 0.0367679 0.243741 9.9973E-05 0.0200948
9.9964E-05 9.9964E-05 9.9964E-05 0.476175 0.00981735 0.477504 0.0361037 9.9964E-05
9.9964E-05 0.181358 0.0658859 9.9964E-05 9.9964E-05 0.681731 9.9964E-05 0.0706259
9.9973E-05 0.134881 9.9973E-05 0.462468 9.9973E-05 0.205504 0.0130332 0.183814
0.000728201 0.134927 9.9982E-05 0.557357 0.0358069 0.221923 9.9982E-05 0.0490582
0.0464419 0.112826 0.0151275 0.562446 0.0157124 0.121825 0.0355751 0.0900453
0.136486 0.0448129 0.004535 0.244702 0.0632203 0.496883 0.00926112 9.9991E-05
0.0554797 9.9973E-05 9.9973E-05 0.44562 0.0611557 0.416531 9.9973E-05 0.020914
9.9982E-05 0.13288 0.0906726 0.396251 0.0535407 0.31541 9.9982E-05 0.0110456
0.0429604 9.9973E-05 9.9973E-05 0.379766 0.055042 0.500192 0.0217397 9.9973E-05
9.9982E-05 0.00195633 0.0843582 0.40375 0.0272067 0.443105 9.9982E-05 0.0394234
9.9982E-05 9.9982E-05 0.0248054 0.528923 0.108024 0.147036 0.00261827 0.188393
0.0908475 0.477961 9.9973E-05 0.177002 0.191216 9.9973E-05 9.9973E-05 0.0626745
0.18417 0.0554675 0.0690025 0.429682 0.0611658 0.0415881 0.100474 0.0584504
0.0741911 0.302758 0.152209 0.342754 9.9982E-05 9.9982E-05 0.0657312 0.0621567
0.117431 0.00906137 0.127604 0.558379 9.9991E-05 0.104975 0.0156509 0.0667993
0.0791669 0.0423716 0.164049 0.511276 9.9991E-05 0.131997 0.0442448 0.0267938
9.9973E-05 0.375096 0.0780661 0.427806 0.0628618 9.9973E-05 9.9973E-05 0.0558707
0.0615452 0.302245 0.104406 0.531367 9.9973E-05 9.9973E-05 0.000136624 9.9973E-05
9.9982E-05 0.266786 0.136817 0.450615 0.0880529 0.0410391 9.9982E-05 0.0164904
0.0816128 0.121131 0.220706 0.413522 9.9991E-05 0.0690723 0.0573187 0.0365374
0.172092 0.0932279 0.0983271 0.517855 9.9991E-05 0.029367 0.0494337 0.0395975
0.077422 0.311551 0.0183314 0.555468 9.9982E-05 0.0105334 9.9982E-05 0.0264945
9.9982E-05 0.216703 0.161832 0.540792 0.0307503 0.0429267 9.9982E-05 0.00679728
0.12127 9.9982E-05 0.076995 0.669653 9.9982E-05 0.053061 0.048177 0.0306442
0.0879844 0.123833 9.9982E-05 0.531888 0.0635642 0.0183099 9.9982E-05 0.174221
9.9982E-05 0.242922 0.0622574 0.531054 0.0445064 0.0939459 0.0251141 9.9982E-05
0.00209481 0.105742 0.120843 0.533758 0.0986906 0.0195684 0.05199 0.0673142
0.0527375 0.107125 0.0931004 0.460207 0.126024 0.0961266 0.0645794 9.9991E-05
0.125527 0.353992 9.9973E-05 0.319841 0.0749418 9.9973E-05 9.9973E-05 0.125398
0.0148815 0.219892 0.0721499 0.625121 0.0210114 0.0467443 9.9982E-05 9.9982E-05
0.148658 0.176446 9.9973E-05 0.634644 0.00888053 9.9973E-05 9.9973E-05 0.0310716
9.9991E-05 0.404861 0.141061 0.182765 0.119772 0.0568567 0.0765725 0.0180111
0.280401 0.452486 0.0684057 0.0943425 0.104065 9.9973E-05 9.9973E-05 9.9973E-05
0.0844031 0.101187 0.129701 0.50781 9.9991E-05 0.158472 0.000852981 0.0174732
0.164615 0.290991 0.121708 9.9982E-05 0.263169 0.104836 0.0544816 9.9982E-05
9.9982E-05 0.616465 0.0184134 0.177416 0.114029 0.035514 9.9982E-05 0.0379622
9.9973E-05 0.391798 0.0862314 0.366052 0.0184097 0.137209 9.9973E-05 9.9973E-05
9.9982E-05 0.382045 0.143206 0.277214 0.029619 0.158294 9.9982E-05 0.00942124
9.9982E-05 0.524178 0.164082 0.206625 0.0803266 9.9982E-05 0.00351695 0.0210718
0.0125505 0.150109 0.041488 0.660361 9.9982E-05 0.044874 9.9982E-05 0.0904169
0.0481083 0.0599956 0.0748205 0.638058 0.0693253 0.0176981 9.9991E-05 0.091894
9.9991E-05 0.196707 0.0328992 0.558448 0.0631183 0.0765258 0.0200233 0.0521787
0.199097 0.433246 0.0753852 0.13242 0.0746711 0.0359802 0.0491003 9.9991E-05
0.0844634 0.0990052 0.00452816 0.613551 0.0232634 0.0380536 9.9991E-05 0.137036
0.122474 0.177939 0.0187787 0.466683 0.0275289 0.0843991 0.0364643 0.0657336
0.360101 0.0796478 0.121398 9.9991E-05 0.133938 0.141296 0.0050008 0.158519
0.142982 0.0936466 9.9982E-05 0.630127 0.0261588 0.0733596 9.9982E-05 0.0335261
0.189948 0.112458 0.0368502 0.360358 0.049048 0.162114 0.0324594 0.0567647
0.121111 0.0105765 0.0693681 0.467209 0.128775 0.0925769 0.0452327 0.0651506
0.411105 0.142114 0.0135446 0.286897 0.0197807 0.0623004 9.9991E-05 0.0641589
0.415001 0.10676 0.106762 0.176354 0.106554 0.0572727 9.9991E-05 0.0311956
0.0412986 9.9991E-05 0.0533151 0.548869 0.0865125 0.150627 0.032592 0.0866855
0.124586 0.076879 0.132013 0.424593 0.137283 0.10306 9.9991E-05 0.00148568
0.102521 0.0935825 0.114345 0.440692 0.0849004 0.045844 0.0253518 0.0927634
0.0582952 0.11177 0.135902 0.424232 0.0868186 0.0613488 9.9991E-05 0.121534
0.035962 9.9991E-05 0.0504548 0.469267 0.168636 0.10107 0.013266 0.161245
0.0602122 0.0395148 0.0324106 0.47455 0.0721785 0.0579836 0.0802023 0.182948
0.275152 0.250078 9.9982E-05 9.9982E-05 0.120267 0.16859 0.13881 0.0469033
0.153531 0.0619023 9.9982E-05 0.568317 0.0136692 0.111509 9.9982E-05 0.0908712
0.0595839 0.124653 0.0105632 0.462024 9.9991E-05 0.115164 0.183775 0.0441382
0.18464 0.102413 0.053504 0.374256 0.130458 0.15453 9.9982E-05 9.9982E-05
0.134866 0.24468 9.9991E-05 0.426346 0.0920764 0.0925936 0.00375987 0.00557854
0.129855 9.9991E-05 0.0400418 0.607194 0.0560915 0.124373 0.0018643 0.0404796
0.113607 0.0184546 0.126261 0.393953 0.13869 0.0886122 0.0562246 0.0641974
0.131437 0.0452681 0.0455087 0.414643 0.0821285 0.00872075 0.177152 0.0951425
0.330443 0.0130587 9.9973E-05 0.115934 9.9973E-05 9.9973E-05 0.263757 0.276507
0.416686 9.9955E-05 9.9955E-05 9.9955E-05 9.9955E-05 9.9955E-05 0.124351 0.458463
0.480362 9.9955E-05 9.9955E-05 9.9955E-05 9.9955E-05 9.9955E-05 0.149164 0.369974
0.219885 0.0503944 9.9973E-05 0.0600572 9.9973E-05 9.9973E-05 0.330459 0.338905
0.250904 0.0386052 0.0342786 0.675813 9.9964E-05 9.9964E-05 9.9964E-05 9.9964E-05
0.0682183 0.146294 9.9982E-05 0.512636 0.147816 9.9982E-05 0.0416621 0.0831732
9.9955E-05 0.0671976 9.9955E-05 0.282627 9.9955E-05 9.9955E-05 0.649675 9.9955E-05
9.9991E-05 0.202614 0.0408183 0.257158 0.0185071 0.0319272 0.43094 0.0179354
0.00802109 0.00222248 0.105969 0.330323 0.0338141 0.0893553 0.342448 0.0878472
0.34788 0.0777468 9.9973E-05 0.296196 0.109171 0.168707 9.9973E-05 9.9973E-05
0.122059 0.0188679 0.0748399 0.544593 0.0919401 0.0695368 0.0475971 0.0305656
0.455557 0.0801649 9.9973E-05 0.155115 0.271077 0.0377859 9.9973E-05 9.9973E-05
0.16152 0.0193495 0.0323986 0.569495 0.0657043 0.133466 0.0179667 9.9991E-05
0.205419 0.118734 9.9973E-05 0.490574 0.163018 0.0219552 9.9973E-05 9.9973E-05
0.304914 0.0289451 0.00700101 0.551087 0.0955601 0.0122924 9.9982E-05 9.9982E-05
0.426323 0.122018 0.0236115 0.184823 0.113855 0.129169 9.9982E-05 9.9982E-05
0.158166 9.9982E-05 0.0471702 0.641566 0.033717 0.111348 0.00783358 9.9982E-05
0.253694 9.9982E-05 0.0225534 0.618634 9.9982E-05 0.0173786 0.0693821 0.0181582
0.108537 0.111045 9.9982E-05 0.576796 0.0231869 0.0673476 9.9982E-05 0.112888
0.0546406 0.0968511 9.9991E-05 0.373159 0.0465875 0.142328 0.125481 0.160853
0.0125712 9.9955E-05 9.9955E-05 9.9955E-05 0.0420295 9.9955E-05 0.9449 9.9955E-05
9.9955E-05 9.9955E-05 9.9955E-05 0.124362 0.0254734 9.9955E-05 0.849665 9.9955E-05
9.9982E-05 0.0691358 0.0368815 0.321926 9.9982E-05 0.0257149 0.496055 0.0500871
9.9964E-05 9.9964E-05 0.0629527 0.352483 0.0245501 9.9964E-05 0.559614 9.9964E-05
9.9973E-05 9.9973E-05 0.0328168 0.109094 9.9973E-05 0.0694483 0.762127 0.0262145
9.994E-05 9.994E-05 9.994E-05 9.994E-05 9.994E-05 9.994E-05 0.9993 9.994E-05
9.9955E-05 9.9955E-05 0.0176574 9.9955E-05 0.0082106 9.9955E-05 0.973632 9.9955E-05
9.9955E-05 9.9955E-05 9.9955E-05 0.166849 9.9955E-05 0.0313146 0.801337 9.9955E-05
9.9955E-05 9.9955E-05 9.9955E-05 0.0777733 9.9955E-05 0.0132834 0.908443 9.9955E-05
9.994E-05 9.994E-05 9.994E-05 9.994E-05 9.994E-05 9.994E-05 0.9993 9.994E-05
9.994E-05 9.994E-05 9.994E-05 9.994E-05 9.994E-05 9.994E-05 0.9993 9.994E-05
9.9982E-05 0.0487994 0.0148887 0.166485 0.048173 9.9982E-05 0.706473 0.0149806
9.9964E-05 9.9964E-05 0.092942 0.126484 9.9964E-05 9.9964E-05 0.774839 0.00533526
9.9946E-05 9.9946E-05 9.9946E-05 9.9946E-05 9.9946E-05 0.0279061 0.971494 9.9946E-05
9.9982E-05 0.027253 0.0415754 0.333399 9.9982E-05 0.131935 0.391015 0.0746236
9.9964E-05 9.9964E-05 0.0827756 0.233297 9.9964E-05 9.9964E-05 0.655802 0.0277251
9.9964E-05 9.9964E-05 0.0832141 0.14676 9.9964E-05 9.9964E-05 0.743806 0.0258198
9.9973E-05 0.00584896 0.00398609 0.107614 9.9973E-05 9.9973E-05 0.858285 0.0239659
9.9946E-05 9.9946E-05 9.9946E-05 9.9946E-05 9.9946E-05 0.00119474 0.998206 9.9946E-05
9.9955E-05 9.9955E-05 9.9955E-05 0.0366859 9.9955E-05 9.9955E-05 0.932202 0.0306125
0.00470122 9.9946E-05 9.9946E-05 9.9946E-05 9.9946E-05 9.9946E-05 0.994699 9.9946E-05
0.0159669 0.0405764 0.0495733 0.20666 0.0365884 0.0314521 0.579697 0.0394858
9.9973E-05 0.038383 9.9973E-05 0.0245684 9.9973E-05 0.0377658 0.864196 0.0347864
0.602932 0.0184033 9.9973E-05 9.9973E-05 0.0354088 9.9973E-05 0.0679231 0.275033
0.271496 0.0311843 0.0980152 0.319185 0.0138565 0.0844354 0.0901553 0.0916726
0.295213 9.9982E-05 0.0181109 0.391498 9.9982E-05 0.0217049 0.0925425 0.180731
0.469169 9.9982E-05 0.0183902 0.253712 9.9982E-05 0.0368315 0.0313296 0.190367
0.0748544 0.0684022 0.00701084 0.53607 9.9991E-05 0.103828 0.0662015 0.143532
0.412096 0.0568901 9.9982E-05 0.164853 9.9982E-05 0.0759446 0.110093 0.179923
0.0949112 9.9991E-05 0.0770859 0.362467 0.163979 0.0781458 0.0942621 0.129049
0.175665 9.9991E-05 0.09828 0.477207 0.000288526 0.05968 0.0129422 0.175838
0.399192 9.9973E-05 9.9973E-05 0.347192 9.9973E-05 0.0604783 0.113799 0.0790389
0.245174 0.0990916 9.9973E-05 0.510167 9.9973E-05 9.9973E-05 0.0470429 0.098224
0.314001 9.9964E-05 9.9964E-05 0.393128 9.9964E-05 9.9964E-05 0.183695 0.108776
0.061216 0.153184 9.9991E-05 0.544595 0.00999011 0.0733494 0.0549518 0.102613
0.168671 0.0949858 9.9991E-05 0.432537 0.00928795 0.0748758 0.0904522 0.12909
0.00141096 9.9964E-05 0.115813 0.0673327 9.9964E-05 9.9964E-05 9.9964E-05 0.815044
0.0105647 0.0139903 9.9973E-05 0.0217479 9.9973E-05 9.9973E-05 0.07182 0.881577
0.0257316 0.038384 0.00899343 9.9973E-05 9.9973E-05 0.0022024 9.9973E-05 0.924389
0.0016221 9.9964E-05 0.0393728 0.0270543 9.9964E-05 9.9964E-05 9.9964E-05 0.931551
9.9964E-05 0.0296912 9.9964E-05 0.0821337 9.9964E-05 9.9964E-05 0.00757531 0.8802
9.9955E-05 0.00707549 9.9955E-05 9.9955E-05 9.9955E-05 9.9955E-05 0.112015 0.88041
9.9964E-05 9.9964E-05 9.9964E-05 0.0749663 9.9964E-05 0.0076689 0.0239719 0.892993
0.0975408 9.9964E-05 9.9964E-05 0.00385837 0.0496139 9.9964E-05 9.9964E-05 0.848587
9.9973E-05 0.046543 0.00835577 0.0440116 0.00446187 9.9973E-05 9.9973E-05 0.896328
0.0381024 0.0478177 9.9964E-05 9.9964E-05 9.9964E-05 9.9964E-05 0.117306 0.796374
9.9973E-05 0.198331 0.113356 9.9973E-05 0.0878715 0.0134514 9.9973E-05 0.586691
9.9973E-05 0.0877158 0.277693 9.9973E-05 0.0445799 0.0305759 9.9973E-05 0.559135
0.088893 0.161403 0.168686 9.9982E-05 0.0555869 0.0133525 9.9982E-05 0.511879
9.9964E-05 0.342068 0.144306 9.9964E-05 9.9964E-05 0.0384487 9.9964E-05 0.474777
9.9982E-05 0.215074 0.0480023 0.483265 9.9982E-05 0.211162 0.00998222 0.0323143
0.0013101 0.106173 0.00682009 0.47018 0.0675124 0.268567 0.0192503 0.0601872
9.9982E-05 0.0581013 0.104563 0.511083 9.9982E-05 0.22485 0.0275518 0.0736511
0.0217135 0.0530368 0.101844 0.448808 0.126194 0.19726 0.0510436 9.9991E-05
9.9964E-05 0.289712 0.166309 0.403303 9.9964E-05 0.140277 9.9964E-05 9.9964E-05
9.9973E-05 0.608671 0.151013 0.0748106 0.0671165 0.098089 9.9973E-05 9.9973E-05
9.9982E-05 0.0688669 0.0169493 0.543143 0.0540181 0.237326 9.9982E-05 0.0794969
0.0164272 0.108788 9.9982E-05 0.506608 0.03174 0.329999 0.00623802 9.9982E-05
0.0514124 0.120791 0.0393652 0.462862 9.9973E-05 0.32527 9.9973E-05 9.9973E-05
0.00613669 9.9982E-05 0.0684571 0.305905 0.0445381 0.530056 0.0447068 9.9982E-05
9.9982E-05 0.024825 0.123888 0.611293 0.121617 0.0607635 9.9982E-05 0.0574135
0.0238534 0.0726211 0.107575 0.38737 0.0231345 0.338641 0.0089053 0.0379
0.174066 9.9955E-05 9.9955E-05 9.9955E-05 0.115968 0.709466 9.9955E-05 9.9955E-05
0.102499 0.126663 0.0566936 0.445227 0.0715727 0.165037 9.9991E-05 0.0322092
0.152518 9.9964E-05 9.9964E-05 0.243134 0.10225 0.501698 9.9964E-05 9.9964E-05
0.0711072 9.9973E-05 0.0833379 0.519279 0.0849093 0.241066 9.9973E-05 9.9973E-05
9.9973E-05 0.198432 0.0851581 0.0565707 9.9973E-05 0.640182 9.9973E-05 0.019357
0.0745254 9.9973E-05 0.849561 0.0037573 9.9973E-05 9.9973E-05 0.018308 0.0535481
0.0531875 9.9964E-05 0.865786 0.0668975 9.9964E-05 9.9964E-05 9.9964E-05 0.0137292
9.9946E-05 9.9946E-05 0.973677 9.9946E-05 0.025723 9.9946E-05 9.9946E-05 9.9946E-05
9.9964E-05 9.9964E-05 0.898168 9.9964E-05 0.0327005 0.0354558 9.9964E-05 0.0332762
0.0220324 9.9973E-05 0.842999 9.9973E-05 0.0235706 0.041766 0.0693318 9.9973E-05
9.9955E-05 9.9955E-05 0.830643 0.109995 9.9955E-05 9.9955E-05 0.058862 9.9955E-05
9.9982E-05 0.00505824 9.9982E-05 0.101874 0.00884306 0.0109513 0.00745284 0.86562
9.9955E-05 9.9955E-05 0.107979 0.112317 9.9955E-05 9.9955E-05 9.9955E-05 0.779205
9.9955E-05 9.9955E-05 9.9955E-05 0.162636 9.9955E-05 9.9955E-05 0.0839501 0.752914
9.9973E-05 0.0952318 0.00949883 0.0251518 9.9973E-05 9.9973E-05 0.146292 0.723525
0.0202612 0.0196454 0.017891 0.143129 9.9991E-05 0.00569878 0.0533076 0.739967
0.0512471 0.165162 0.442893 9.9964E-05 9.9964E-05 9.9964E-05 9.9964E-05 0.340299
0.0843283 9.9973E-05 0.34159 9.9973E-05 0.0573967 0.0750035 9.9973E-05 0.441381
9.9964E-05 9.9964E-05 0.403001 9.9964E-05 0.103184 0.0713342 9.9964E-05 0.422081
9.9964E-05 0.0516817 9.9964E-05 0.121302 9.9964E-05 9.9964E-05 0.0378535 0.788763
0.0143361 9.9973E-05 0.512218 9.9973E-05 9.9973E-05 0.13967 0.0081255 0.32535
0.224275 9.9973E-05 0.0228685 0.297135 9.9973E-05 9.9973E-05 0.315358 0.140064
0.0375972 0.0272958 0.0114921 0.525573 0.0171173 0.0779669 0.137126 0.165832
9.9964E-05 0.0404405 9.9964E-05 0.508944 9.9964E-05 9.9964E-05 0.251361 0.198855
0.104166 0.00764796 0.0764567 0.405344 9.9991E-05 0.0510276 0.192282 0.162975
0.0645598 9.9982E-05 0.11272 0.510031 9.9982E-05 0.0423289 0.146805 0.123354
0.329235 9.9955E-05 9.9955E-05 9.9955E-05 9.9955E-05 9.9955E-05 0.339645 0.33062
0.0448834 0.376921 0.0737368 0.428549 9.9973E-05 0.0756103 9.9973E-05 9.9973E-05
0.14512 0.255804 0.0616991 0.355112 0.143263 0.0388021 9.9982E-05 9.9982E-05
9.9964E-05 0.682018 0.0592751 0.168835 9.9964E-05 9.9964E-05 9.9964E-05 0.0894719
0.103425 0.248198 0.00193316 0.384918 0.151309 0.110017 9.9982E-05 9.9982E-05
0.360085 0.33804 9.9964E-05 9.9964E-05 0.231895 0.0695805 9.9964E-05 9.9964E-05
0.0324082 0.195314 0.0501002 0.465412 0.0850974 0.0135782 0.0413726 0.116717
9.9991E-05 0.311668 0.00991415 0.39358 0.194797 0.00385098 0.00636749 0.0797231
0.0368092 0.565081 0.0759457 0.261985 9.9982E-05 0.0477366 9.9982E-05 0.0122425
9.9991E-05 0.161656 0.126482 0.461388 0.0524684 0.124018 0.0316438 0.0422444
0.268611 0.568166 9.9973E-05 0.0141711 0.0883242 0.0604279 9.9973E-05 9.9973E-05
0.071625 0.268601 0.0159336 0.451898 0.180876 0.00260504 0.00836131 9.9991E-05
0.0190047 0.253127 0.107593 0.473325 0.00032169 0.146429 9.9982E-05 9.9982E-05
0.0427605 0.108528 0.0210109 0.439576 9.9991E-05 0.120943 0.162198 0.104883
0.107642 0.391784 0.0309836 0.362503 0.106787 9.9973E-05 9.9973E-05 9.9973E-05
0.0583549 0.213757 0.152705 0.383767 0.138879 0.052337 9.9982E-05 9.9982E-05
9.9982E-05 0.321429 9.9982E-05 0.333265 0.113793 0.0986227 0.114414 0.0182763
0.0683881 0.0584686 0.0984676 0.552046 0.0950765 0.109031 9.9991E-05 0.0184216
0.0449612 0.216721 0.016863 0.57396 0.0377875 0.0147429 0.0174406 0.0775241
9.9982E-05 0.262801 0.0363397 0.359789 9.9982E-05 0.134017 0.123445 0.0834088
0.0936952 0.129273 0.0998321 0.434795 0.0208544 0.0709326 0.115478 0.0351391
9.9955E-05 9.9955E-05 9.9955E-05 0.1531 9.9955E-05 9.9955E-05 0.0581426 0.788257
9.9955E-05 9.9955E-05 9.9955E-05 0.126273 0.0337297 9.9955E-05 9.9955E-05 0.839498
0.0443367 0.0262822 0.00227915 0.0505254 9.9982E-05 0.0638409 9.9982E-05 0.812536
9.9973E-05 9.9973E-05 0.0261242 9.9973E-05 0.0111062 0.135823 0.0322814 0.794365
9.9955E-05 9.9955E-05 9.9955E-05 0.170341 9.9955E-05 0.0270149 9.9955E-05 0.802144
0.0284874 0.694504 0.100517 0.124762 9.9973E-05 9.9973E-05 9.9973E-05 0.0514287
0.0751085 0.157683 9.9982E-05 0.492943 0.189436 9.9982E-05 0.0515512 0.0330778
0.138189 9.9991E-05 0.0565004 0.460531 0.0109178 0.0772699 0.145947 0.110545
0.023206 0.258764 0.00753071 0.6163 9.9991E-05 0.0140561 0.0745981 0.00544554
9.9982E-05 0.338896 0.0252299 0.382296 0.00300885 0.179348 9.9982E-05 0.0710204
0.200959 0.341969 0.0917677 0.175776 0.123678 9.9982E-05 0.0656507 9.9982E-05
0.0991389 0.64017 0.147245 9.9973E-05 9.9973E-05 0.0223833 9.9973E-05 0.0907629
0.0373241 0.18647 0.19513 0.494043 0.0744626 9.9982E-05 0.0123702 9.9982E-05
9.9982E-05 0.441525 0.215907 0.130166 0.14644 9.9982E-05 0.0423574 0.0234042
0.167429 0.043536 0.192718 0.366612 0.0562719 0.127371 0.0411052 0.00495642
9.9973E-05 0.519051 0.160509 0.049005 0.16439 9.9973E-05 9.9973E-05 0.106746
9.9982E-05 0.255786 0.0254718 0.596732 9.9982E-05 0.00920643 0.0564729 0.0561311
9.9973E-05 0.601135 0.110692 0.123902 0.078636 9.9973E-05 9.9973E-05 0.085336
0.078136 0.102548 0.06996 0.5123 0.0272413 0.0241313 0.117772 0.0679108
0.0730398 0.412973 0.0218524 0.250716 0.131997 0.0240797 0.0748752 0.0104667
0.124626 0.105717 0.0413078 0.471272 0.0955031 9.9991E-05 0.0516386 0.109835
0.428029 9.9973E-05 0.0702517 0.309502 0.141389 0.0505282 9.9973E-05 9.9973E-05
0.30918 0.119744 0.015474 0.555202 9.9964E-05 9.9964E-05 9.9964E-05 9.9964E-05
0.127331 0.167571 9.9964E-05 0.543749 9.9964E-05 9.9964E-05 9.9964E-05 0.160949
0.425996 9.9973E-05 0.0404133 0.338822 0.0540733 0.140395 9.9973E-05 9.9973E-05
0.0694581 9.9982E-05 0.0358776 0.587198 0.046636 0.133656 9.9982E-05 0.126974
0.0731082 0.107125 0.0541193 0.507135 0.013393 0.0968206 9.9991E-05 0.148198
0.149739 0.0326937 0.0903454 0.504905 0.0930654 0.06163 9.9991E-05 0.0675212
0.500663 0.00899333 0.0964025 0.0703047 0.194993 0.128444 9.9982E-05 9.9982E-05
0.540721 0.0165496 0.0299501 0.242479 0.0762993 0.0938009 9.9982E-05 9.9982E-05
0.253124 0.0810168 0.105157 0.469976 0.0569243 0.0336017 9.9982E-05 9.9982E-05
9.9982E-05 0.164319 0.0346518 0.377468 9.9982E-05 0.160614 0.151545 0.111203
0.471626 9.9973E-05 0.0895739 0.102548 0.127151 0.208801 9.9973E-05 9.9973E-05
0.355802 0.127762 0.0231054 0.367107 9.9973E-05 0.125924 9.9973E-05 9.9973E-05
0.0321018 0.692252 0.139507 9.9982E-05 9.9982E-05 0.0952411 0.0213658 0.0193328
0.0580925 0.500656 0.0692695 0.133166 0.203564 0.0143954 0.0207563 9.9991E-05
9.9991E-05 0.376137 0.122905 0.342594 0.0738315 0.0435164 0.0140392 0.0268761
0.0739789 0.136989 0.0286553 0.65868 0.0266675 0.0391326 0.0357967 9.9991E-05
9.9982E-05 0.597539 0.0757576 0.142099 0.066393 0.0924296 0.0255817 9.9982E-05
0.0737031 0.184849 0.069734 0.449222 0.0734108 0.0860525 0.059112 0.00391666
9.9991E-05 0.121504 0.0533785 0.575543 0.144014 0.0645001 0.00599583 0.0349637
9.9982E-05 0.353241 0.0909718 0.415262 0.0304583 0.00979336 0.100073 9.9982E-05
9.9991E-05 0.293818 0.0613423 0.356135 0.044324 0.131398 0.108307 0.00457586
9.9982E-05 0.259357 0.166946 0.356031 9.9982E-05 0.140483 0.0276793 0.0493033
9.9973E-05 0.569333 0.0763165 0.21232 9.9973E-05 0.0722349 0.0694963 9.9973E-05
9.9982E-05 0.294192 0.233648 0.221125 0.0486462 0.0800031 0.122185 9.9982E-05
9.9964E-05 0.413292 9.9964E-05 0.524401 0.0442018 9.9964E-05 0.0177051 9.9964E-05
0.0132271 0.206457 0.086514 0.570684 0.0374072 9.9982E-05 9.9982E-05 0.0855107
0.175722 0.293076 0.0509276 0.397824 0.0693174 9.9982E-05 9.9982E-05 0.012933
0.0242186 0.233762 0.0788542 0.537151 0.0998038 9.9982E-05 0.0260104 9.9982E-05
9.9973E-05 0.464472 0.0653434 0.339936 9.9973E-05 9.9973E-05 0.0188989 0.111049
0.0149903 0.221842 0.0890879 0.553929 0.0402809 0.07954 9.9991E-05 0.000230206
9.9982E-05 0.213914 0.155076 0.463022 0.0300487 9.9982E-05 0.110485 0.0272553
9.9991E-05 0.098198 0.0582735 0.447007 0.159827 0.0292826 0.145365 0.0619465
0.0773765 0.152492 9.9973E-05 0.384508 9.9973E-05 9.9973E-05 0.0673285 0.317995
0.091035 0.118121 9.9991E-05 0.370205 0.0130516 0.0587159 0.244133 0.104638
0.11142 0.167611 0.00137356 0.437419 9.9991E-05 0.0598103 0.0907598 0.131507
0.078278 0.0939103 0.033531 0.52116 0.0377741 0.10502 0.12345 0.00687688
9.9982E-05 0.129744 9.9982E-05 0.424172 0.0328664 0.0856944 0.175293 0.15203
0.0679615 0.282771 0.0110738 0.467552 0.170342 9.9973E-05 9.9973E-05 9.9973E-05
0.0176309 0.0148185 0.0943122 0.552815 0.018947 0.0757341 0.0999827 0.12576
0.50858 0.209018 9.9964E-05 9.9964E-05 9.9964E-05 9.9964E-05 0.163894 0.118108
0.121469 0.146009 9.9973E-05 0.492601 9.9973E-05 9.9973E-05 0.144185 0.0954356
0.00238665 0.0827944 9.9991E-05 0.557556 0.161162 0.00751855 0.0592888 0.129193
0.111041 0.0895617 0.0586842 0.481181 0.0213819 9.9991E-05 0.217729 0.0203221
0.220631 0.2176 9.9982E-05 0.21726 9.9982E-05 0.03311 0.163371 0.147828
0.0745904 0.0271583 9.9991E-05 0.496993 0.032412 0.0468377 0.132499 0.18941
0.137572 0.0470059 9.9973E-05 0.561723 9.9973E-05 9.9973E-05 0.129206 0.124193
0.416434 9.9955E-05 9.9955E-05 9.9955E-05 9.9955E-05 9.9955E-05 0.174688 0.408379
9.9973E-05 9.9973E-05 0.0109203 0.505083 9.9973E-05 0.0882965 0.169192 0.226207
0.0836579 0.033511 9.9982E-05 0.561547 0.0230192 9.9982E-05 0.152832 0.145233
0.0880796 0.0645375 9.9991E-05 0.609597 0.0242273 0.0647349 0.0811402 0.0675837
0.00880712 0.135432 9.9973E-05 0.557315 9.9973E-05 9.9973E-05 0.141426 0.15672
0.035546 0.0397155 0.0202116 0.608099 0.0890949 9.9982E-05 9.9982E-05 0.207133
9.9973E-05 9.9973E-05 9.9973E-05 0.402022 0.390467 0.0970595 0.0695856 0.0405663
0.0605333 0.0534425 0.0221899 0.490657 0.294615 9.9982E-05 9.9982E-05 0.0783629
9.9955E-05 0.154647 9.9955E-05 9.9955E-05 0.805147 0.0397053 9.9955E-05 9.9955E-05
9.9982E-05 0.219193 9.9982E-05 0.329154 0.0712179 0.0753068 0.190738 0.114191
0.00329337 9.9982E-05 0.178988 0.620564 0.0636403 9.9982E-05 0.0850235 0.0482906
9.9973E-05 0.075959 0.0420536 9.9973E-05 0.825781 0.0217014 9.9973E-05 0.0342052
9.9982E-05 0.0901465 9.9982E-05 0.452415 0.319402 0.0267421 0.0648242 0.0462702
0.0659286 0.0760746 0.131445 0.398601 0.100425 0.0713454 0.0624116 0.0937686
0.0659697 0.119434 9.9982E-05 0.347147 0.0699791 9.9982E-05 0.279263 0.118008
0.116067 9.9982E-05 9.9982E-05 0.231525 0.181847 0.0130396 0.384173 0.0731487
0.15414 9.9982E-05 0.0693932 0.1941 0.148909 9.9982E-05 0.301131 0.132126
0.10563 0.0344795 9.9982E-05 0.344322 0.128647 9.9982E-05 0.216116 0.170606
0.095475 0.0177266 0.0353027 0.39657 0.148352 0.00895475 0.11333 0.184289
0.191402 9.9964E-05 9.9964E-05 9.9964E-05 0.639938 9.9964E-05 0.0890102 0.0792502
0.00718784 9.9973E-05 9.9973E-05 0.176767 0.667517 9.9973E-05 0.0133613 0.134867
9.9964E-05 9.9964E-05 0.0469008 0.451959 0.381129 9.9964E-05 0.119611 9.9964E-05
9.9964E-05 9.9964E-05 9.9964E-05 0.408828 0.471617 9.9964E-05 0.08816 0.0309954
9.9964E-05 9.9964E-05 9.9964E-05 0.133454 0.703916 9.9964E-05 0.142087 0.0201438
0.0163609 0.0843933 0.0125712 0.335412 0.236075 0.148905 0.117974 0.0483087
9.9964E-05 9.9964E-05 9.9964E-05 0.547592 0.404742 9.9964E-05 0.016095 0.0311709
9.9991E-05 0.033341 0.0840371 0.471307 0.167253 0.0386329 0.125276 0.0800528
9.9973E-05 0.0634577 0.0221071 0.330389 0.520575 0.0631715 9.9973E-05 9.9973E-05
9.9973E-05 0.15519 9.9973E-05 0.271802 0.474612 9.9973E-05 0.0211458 0.0769503
0.00693558 0.0658573 0.0108899 0.347168 0.18814 0.166668 0.00075989 0.213582
9.9982E-05 0.0677132 0.0163011 0.549498 0.29108 0.00689683 9.9982E-05 0.0683107
9.9973E-05 9.9973E-05 0.118586 0.194682 0.516437 9.9973E-05 0.0768884 0.093107
9.9991E-05 0.0256935 0.0762415 0.353359 0.309858 0.00285097 0.0648802 0.167017
9.9991E-05 0.134002 0.0747187 0.358102 0.189121 0.0604519 0.109644 0.0738607
0.10732 0.0507625 9.9964E-05 0.439875 0.401643 9.9964E-05 9.9964E-05 9.9964E-05
0.0114845 9.9964E-05 0.0969175 0.18348 0.707718 9.9964E-05 9.9964E-05 9.9964E-05
9.9982E-05 9.9982E-05 0.0383068 0.609036 0.268246 0.0409976 0.0194908 0.0237232
9.9973E-05 0.165117 9.9973E-05 0.551959 0.163878 0.0408082 9.9973E-05 0.0779374
9.9955E-05 0.0871011 9.9955E-05 0.164108 0.748291 9.9955E-05 9.9955E-05 9.9955E-05
9.9964E-05 9.9964E-05 0.0335917 0.360452 0.572244 9.9964E-05 0.0333127 9.9964E-05
9.9982E-05 9.9982E-05 0.023483 0.481771 0.258134 0.0987642 0.0565473 0.0811003
0.000118986 0.148106 9.9982E-05 0.404914 0.272826 0.119148 9.9982E-05 0.0546869
9.9982E-05 9.9982E-05 0.0654638 0.406846 0.148599 0.0682179 0.170062 0.140611
0.176786 0.0258186 0.0465389 0.495225 9.9991E-05 0.0203714 0.0831765 0.151984
0.159185 0.00132642 0.0111348 0.394638 0.00835548 0.078671 0.198751 0.147939
0.0607272 9.9991E-05 0.0859319 0.574292 0.0650091 0.00548084 0.125327 0.0831322
0.0693441 0.205091 0.00425694 0.292344 0.0427014 9.9991E-05 0.149596 0.236567
0.0725985 0.0989312 0.0656593 0.402924 0.0592367 0.085553 0.0812845 0.133813
0.15594 9.9982E-05 0.145583 0.426549 9.9982E-05 0.0417266 0.151053 0.0789481
0.0174622 9.9982E-05 0.059167 0.357742 0.217732 9.9982E-05 0.1828 0.164896
0.0793813 9.9973E-05 0.030405 9.9973E-05 0.579965 9.9973E-05 0.119751 0.190197
0.00472806 9.9982E-05 0.0438636 0.61507 0.0844734 9.9982E-05 0.144549 0.107116
0.198555 9.9964E-05 9.9964E-05 9.9964E-05 0.319571 9.9964E-05 0.131225 0.35025
9.9973E-05 9.9973E-05 9.9973E-05 0.485667 0.278378 0.00715182 0.156065 0.0724389
9.9991E-05 0.100891 0.0211628 0.436097 0.161971 0.0332915 0.0730997 0.173387
0.0145179 9.9955E-05 9.9955E-05 9.9955E-05 0.948132 0.0368507 9.9955E-05 9.9955E-05
9.9955E-05 0.0869032 9.9955E-05 9.9955E-05 0.907534 0.00506259 9.9955E-05 9.9955E-05
9.9964E-05 0.0999611 9.9964E-05 0.34529 0.504542 0.0498066 9.9964E-05 9.9964E-05
9.9964E-05 0.0119388 9.9964E-05 0.597111 0.35102 9.9964E-05 9.9964E-05 0.0395309
9.9946E-05 9.9946E-05 9.9946E-05 0.35548 0.643921 9.9946E-05 9.9946E-05 9.9946E-05
9.9955E-05 9.9955E-05 9.9955E-05 0.455663 0.40887 0.134967 9.9955E-05 9.9955E-05
9.9946E-05 9.9946E-05 9.9946E-05 0.457262 0.542139 9.9946E-05 9.9946E-05 9.9946E-05
0.0298695 0.00614988 0.0001819 0.0484006 0.0753491 9.9991E-05 0.0691121 0.770837
0.00270135 0.064439 0.1027 9.9991E-05 0.0385917 0.0154354 0.0858729 0.69016
9.9955E-05 9.9955E-05 0.0800515 9.9955E-05 9.9955E-05 9.9955E-05 0.0769919 0.842457
9.9955E-05 9.9955E-05 9.9955E-05 0.0267891 0.00576901 9.9955E-05 9.9955E-05 0.966942
0.0223037 9.9991E-05 0.0209577 0.367678 0.0274258 0.450121 0.0590018 0.0524119
9.9991E-05 0.00612506 0.0624739 0.386051 0.0288212 0.394889 0.0433345 0.0782058
9.9973E-05 0.0513766 9.9973E-05 0.358551 0.087615 0.487139 0.0150179 9.9973E-05
9.9982E-05 0.106096 0.0058237 0.540033 9.9982E-05 0.254352 0.0301193 0.0633765
0.0845888 0.0315063 0.0932921 0.533495 9.9991E-05 0.131238 0.0560908 0.0696898
0.09747 0.0619998 0.0539331 0.188177 9.9991E-05 0.549583 0.0239273 0.0248096
9.9955E-05 9.9955E-05 9.9955E-05 0.535236 9.9955E-05 0.411226 0.0530382 9.9955E-05
0.0950688 9.9973E-05 9.9973E-05 0.299483 0.0876092 0.498845 9.9973E-05 0.0186939
0.0539237 0.0136078 0.00787147 0.493659 9.9991E-05 0.0513147 0.150624 0.228899
0.0712863 9.9982E-05 0.0484804 0.388569 0.139182 0.297157 0.0551252 9.9982E-05
9.9973E-05 0.0365276 0.0343989 0.366809 9.9973E-05 0.529751 9.9973E-05 0.0322137
0.000795412 0.0688424 0.00744106 0.471389 0.123966 0.164318 9.9991E-05 0.163148
0.0088075 0.144112 0.0302923 0.466479 0.0321417 0.317967 9.9982E-05 9.9982E-05
9.9973E-05 0.139402 0.00693093 0.419869 0.0235418 0.409957 9.9973E-05 9.9973E-05
0.0215808 9.9964E-05 9.9964E-05 0.500729 0.0208908 0.456399 9.9964E-05 9.9964E-05
9.9991E-05 0.00873576 0.0544552 0.478903 0.120182 0.290384 0.0395 0.00773961
0.0688124 9.9964E-05 9.9964E-05 0.0581339 0.0112381 0.861416 9.9964E-05 9.9964E-05
0.125113 0.0465823 9.9991E-05 0.248806 0.0285691 0.533898 0.00677983 0.0101518
9.9973E-05 0.0333012 0.0217561 0.314055 0.053762 0.576826 9.9973E-05 9.9973E-05
0.203319 9.9946E-05 9.9946E-05 9.9946E-05 9.9946E-05 0.796081 9.9946E-05 9.9946E-05
0.134393 0.110045 0.0187114 0.405149 9.9991E-05 0.0506246 0.12695 0.154027
9.9982E-05 0.0790999 0.0650543 0.393196 0.0417528 0.358871 9.9982E-05 0.0618261
0.286916 0.00502478 9.9973E-05 0.0629627 0.0759276 0.568869 9.9973E-05 9.9973E-05
0.201751 9.9955E-05 9.9955E-05 9.9955E-05 0.0509079 0.746841 9.9955E-05 9.9955E-05
0.0547321 9.9973E-05 9.9973E-05 0.502522 9.9973E-05 0.376336 0.0230109 0.0430995
9.9964E-05 0.121896 9.9964E-05 0.225067 9.9964E-05 0.597431 9.9964E-05 0.0552066
0.0443278 0.0660512 0.0957822 0.38096 9.9991E-05 0.325163 0.0462665 0.0413488
0.0503128 0.00204588 0.0702527 0.528883 9.9991E-05 0.247882 0.0301432 0.070381
0.0117723 0.0676653 0.0539824 0.456056 0.0286675 0.373529 9.9991E-05 0.00822673
0.134995 0.417241 0.0396932 0.336549 0.0712215 9.9973E-05 9.9973E-05 9.9973E-05
9.9955E-05 9.9955E-05 0.0891272 0.512539 9.9955E-05 0.397834 9.9955E-05 9.9955E-05
9.9991E-05 0.143205 0.00956273 0.403995 0.0761325 0.31068 0.00648045 0.049845
0.0751295 9.9955E-05 9.9955E-05 0.333677 9.9955E-05 0.590694 9.9955E-05 9.9955E-05
9.9982E-05 0.0310673 0.060099 0.452094 0.058701 0.286983 9.9982E-05 0.110856
0.0133418 0.0886444 0.20419 9.9973E-05 9.9973E-05 0.0247758 9.9973E-05 0.668748
0.0919521 0.087235 0.0615366 9.9982E-05 9.9982E-05 0.0203923 0.0200119 0.718672
0.0467599 0.0606641 0.0991582 9.9964E-05 9.9964E-05 9.9964E-05 9.9964E-05 0.793018
0.00295678 9.9973E-05 0.111546 9.9973E-05 0.0268792 0.0476754 9.9973E-05 0.810643
0.0512825 9.9973E-05 0.201107 0.033178 9.9973E-05 0.0383322 9.9973E-05 0.6758
9.9982E-05 0.106362 0.0245922 0.0243879 9.9982E-05 0.75305 0.00938224 0.0820259
9.9973E-05 0.159843 0.00491886 0.117548 9.9973E-05 0.625002 9.9973E-05 0.0923878
0.0942998 9.9964E-05 9.9964E-05 0.127711 0.0490893 0.7285 9.9964E-05 9.9964E-05
0.0754059 9.9982E-05 9.9982E-05 0.607694 0.000425713 0.270513 0.0234901 0.0222714
9.9982E-05 0.0432943 0.0123972 0.554735 9.9982E-05 0.22197 0.0401339 0.127269
0.0368001 0.0813407 9.9982E-05 0.121526 0.0656658 0.556364 0.138103 9.9982E-05
9.9973E-05 0.0480207 9.9973E-05 0.517755 0.0683794 0.269646 0.0958991 9.9973E-05
0.148744 9.9973E-05 9.9973E-05 0.306601 9.9973E-05 0.494671 0.0495776 0.000106185
9.9982E-05 0.233382 9.9982E-05 0.407411 0.0505389 0.15075 0.0637936 0.0939234
0.0594517 0.011801 0.0428436 0.545908 0.103611 0.234021 9.9991E-05 0.0022632
0.0251509 0.0628755 0.0686911 0.627402 9.9982E-05 0.192307 9.9982E-05 0.023374
9.9973E-05 0.0455705 0.0676174 0.213905 0.0284074 0.6442 9.9973E-05 9.9973E-05
9.9955E-05 0.0814245 9.9955E-05 0.347382 9.9955E-05 0.570694 9.9955E-05 9.9955E-05
9.9964E-05 0.113341 0.0838355 0.232728 9.9964E-05 0.569695 9.9964E-05 9.9964E-05
0.166031 9.9982E-05 0.113689 0.55411 0.0587917 0.0436664 9.9982E-05 0.0635114
9.9964E-05 0.0929689 9.9964E-05 0.371235 9.9964E-05 0.491353 9.9964E-05 0.044044
0.0419103 0.0582855 0.00984971 0.453597 9.9991E-05 0.371862 0.0453315 0.0190636
0.0332958 9.9973E-05 0.108984 0.38153 9.9973E-05 0.0415457 0.434344 9.9973E-05
0.0271334 9.9991E-05 0.0247603 0.231554 0.0667565 0.0594474 0.468893 0.121355
0.0355731 0.0119025 9.9991E-05 0.374882 0.0396662 0.0181328 0.469986 0.0497569
0.129401 9.9964E-05 9.9964E-05 0.323628 9.9964E-05 9.9964E-05 0.421872 0.124699
0.0508178 9.9991E-05 0.0734151 0.466815 0.0289179 0.0269059 0.227499 0.12553
0.159103 0.0481635 0.0110519 0.44622 0.01645 0.296114 0.0227975 9.9991E-05
0.0481459 0.0171205 0.0173436 0.00490828 9.9982E-05 9.9982E-05 0.709473 0.202809
9.9982E-05 0.0351811 0.060232 0.320436 0.0200886 9.9982E-05 0.426033 0.137829
0.20779 9.9982E-05 0.0774469 0.522577 0.0307276 9.9982E-05 0.0459878 0.115271
0.242867 0.0726602 0.0661973 0.527534 9.9973E-05 9.9973E-05 9.9973E-05 0.0904418
0.185367 0.206716 0.0224841 0.462874 9.9982E-05 0.0485236 9.9982E-05 0.0738356
0.206884 0.0541837 0.0502618 0.570729 9.9973E-05 9.9973E-05 9.9973E-05 0.117641
0.20005 0.0240512 0.035836 0.633185 9.9982E-05 9.9982E-05 0.0660633 0.0406139
9.9964E-05 0.0221103 9.9964E-05 0.37931 9.9964E-05 9.9964E-05 0.416954 0.181227
9.9982E-05 9.9982E-05 0.0303626 0.354079 0.00669692 0.111642 0.381703 0.115315
9.9964E-05 9.9964E-05 0.0850734 0.433362 9.9964E-05 9.9964E-05 0.447374 0.0337912
0.0393341 0.00350699 0.0214005 0.487307 0.00568345 0.0435344 0.239323 0.15991
