0.884993 9.9964E-05 0.0587602 0.037641 9.9964E-05 9.9964E-05 0.0182064 9.9964E-05
0.895489 0.00752976 9.9964E-05 9.9964E-05 9.9964E-05 0.0360547 0.0605266 9.9964E-05
0.77645 0.0330492 0.0515242 0.0509829 9.9973E-05 9.9973E-05 0.0876937 9.9973E-05
0.748416 0.0691097 0.021894 0.0626689 9.9973E-05 9.9973E-05 0.0976116 9.9973E-05
0.867006 9.9964E-05 0.00599675 0.0300744 9.9964E-05 0.0965226 9.9964E-05 9.9964E-05
0.628237 9.9964E-05 0.00779104 0.0759884 9.9964E-05 9.9964E-05 9.9964E-05 0.287583
0.80411 9.9946E-05 9.9946E-05 9.9946E-05 9.9946E-05 9.9946E-05 9.9946E-05 0.195291
0.698305 9.9964E-05 0.0458684 9.9964E-05 9.9964E-05 0.0264768 9.9964E-05 0.22895
0.804012 0.0377265 0.0963252 9.99639E-05 9.99639E-05 9.99639E-05 0.061536 9.99639E-05
0.641884 9.9973E-05 0.0348553 0.0755976 9.9973E-05 0.0913925 9.9973E-05 0.155971
0.695584 0.0147835 9.9964E-05 0.00811907 9.9964E-05 9.9964E-05 9.9964E-05 0.281114
9.9964E-05 0.50292 9.9964E-05 0.176826 0.199423 9.9964E-05 9.9964E-05 0.120431
9.9973E-05 0.496609 9.9973E-05 0.174055 0.0710005 0.186643 0.071392 9.9973E-05
0.0601558 0.444672 9.9991E-05 0.165839 0.128315 0.0154505 0.0703226 0.115145
0.00105539 0.627488 9.9973E-05 0.0569735 0.099799 9.9973E-05 9.9973E-05 0.214384
9.9973E-05 0.433563 9.9973E-05 0.206358 0.0998038 0.0705384 9.9973E-05 0.189436
9.9973E-05 0.585429 9.9973E-05 0.184946 0.106706 0.108411 9.9973E-05 0.0142076
0.00509354 0.478709 9.9973E-05 0.227851 0.197717 9.9973E-05 0.0903291 9.9973E-05
9.9982E-05 0.454721 9.9982E-05 0.10386 0.179523 0.151347 0.00881593 0.101533
0.780707 0.102088 9.9955E-05 0.116705 9.9955E-05 9.9955E-05 9.9955E-05 9.9955E-05
0.753453 0.125365 9.9955E-05 0.120682 9.9955E-05 9.9955E-05 9.9955E-05 9.9955E-05
0.753164 0.0472349 9.9973E-05 0.0694201 0.043497 9.9973E-05 0.0863838 9.9973E-05
0.745606 0.0067607 9.9973E-05 0.110553 0.10509 9.9973E-05 0.0316913 9.9973E-05
0.110232 0.695169 0.00602273 0.059923 0.105919 9.9982E-05 9.9982E-05 0.0225344
0.0595059 0.119505 9.9964E-05 9.9964E-05 0.6926 9.9964E-05 0.127989 9.9964E-05
0.000130588 0.0632709 0.020014 0.0841562 0.707364 0.0386581 0.00365485 0.0827511
9.9955E-05 9.9955E-05 9.9955E-05 9.9955E-05 0.658066 9.9955E-05 0.170375 0.17106
9.9982E-05 0.364111 0.0788434 9.9982E-05 0.343161 0.10954 0.0467536 0.057391
9.999E-05 0.166874 0.0221328 0.0309668 0.248031 0.131173 0.145088 0.255634
0.0986091 0.180262 0.145945 0.00862931 0.346678 0.151495 0.0452964 0.0230842
0.197774 0.172851 0.168888 0.0548748 0.217015 0.0981348 0.0903623 9.9991E-05
0.0893967 0.443564 0.0493606 9.9982E-05 0.226277 9.9982E-05 0.0153541 0.175848
0.0591523 0.310507 9.9982E-05 0.119903 0.361462 0.0999717 0.0488038 9.9982E-05
0.0687673 0.444178 9.9991E-05 0.00889148 0.218649 0.110287 0.0524835 0.0966429
9.9964E-05 0.156468 0.0021229 0.121866 0.719143 9.9964E-05 9.9964E-05 9.9964E-05
9.9946E-05 9.9946E-05 9.9946E-05 9.9946E-05 0.910402 9.9946E-05 0.0889979 9.9946E-05
9.9955E-05 9.9955E-05 9.9955E-05 9.9955E-05 0.840477 9.9955E-05 0.0400638 0.11896
9.9946E-05 9.9946E-05 9.9946E-05 0.0693616 0.930039 9.9946E-05 9.9946E-05 9.9946E-05
0.0127205 0.195835 0.027405 0.08519 0.678549 9.9973E-05 9.9973E-05 9.9973E-05
0.0590343 0.175445 0.112858 0.0543137 0.598048 9.9973E-05 9.9973E-05 9.9973E-05
9.9973E-05 9.9973E-05 0.0252874 9.9973E-05 0.608886 0.0635735 0.0919208 0.210032
0.80119 0.1006 0.0294112 0.0599251 0.0085734 9.9973E-05 9.9973E-05 9.9973E-05
0.951134 0.00645333 9.9955E-05 9.9955E-05 0.041913 9.9955E-05 9.9955E-05 9.9955E-05
0.884311 9.9973E-05 0.00328844 0.0638625 0.0354717 9.9973E-05 0.0127663 9.9973E-05
0.893348 9.9973E-05 9.9973E-05 0.0135342 0.0126408 9.9973E-05 0.0797615 0.000415695
0.833513 9.9973E-05 9.9973E-05 0.0279974 0.0653458 0.0150151 0.0578288 9.9973E-05
0.886961 9.9964E-05 9.9964E-05 0.0591167 0.0379095 9.9964E-05 0.0156129 9.9964E-05
0.94965 9.99485E-05 9.99485E-05 9.99485E-05 0.0497502 9.99485E-05 9.99485E-05 9.99485E-05
0.0308146 0.136469 9.9964E-05 9.9964E-05 0.739549 0.0927669 9.9964E-05 9.9964E-05
0.0438451 0.114385 0.0579 9.9964E-05 0.78347 9.9964E-05 9.9964E-05 9.9964E-05
9.9964E-05 9.9964E-05 0.0496869 0.209509 0.657775 9.9964E-05 9.9964E-05 0.0826298
9.9982E-05 0.332045 0.0177079 9.9982E-05 0.212743 0.213175 0.217673 0.00645617
9.9973E-05 0.391939 9.9973E-05 0.110738 0.131059 0.178568 9.9973E-05 0.187396
9.999E-05 0.25934 0.0650397 0.0261853 0.171308 0.232684 0.162953 0.0823887
9.9982E-05 0.230245 0.109672 9.9982E-05 0.228128 0.267197 0.119869 0.0446881
0.0242577 0.472963 9.9982E-05 0.0349124 0.277372 0.150777 9.9982E-05 0.0395184
0.0279557 0.562476 9.9982E-05 0.122057 0.106062 0.158567 9.9982E-05 0.0226821
9.999E-05 0.258912 0.048491 0.058001 0.231368 0.0501543 0.152263 0.20071
0.155215 0.123148 0.00179418 9.9982E-05 0.00345828 0.0274582 9.9982E-05 0.688727
0.0360068 0.104188 0.0493001 0.0715874 0.103682 0.119735 0.169942 0.345559
0.0388617 0.116124 9.9973E-05 9.9973E-05 0.0291671 0.0997332 9.9973E-05 0.715814
0.0373603 0.120747 0.0352994 0.104703 0.116971 0.093761 9.9991E-05 0.491059
9.9982E-05 0.0916319 9.9982E-05 0.0880599 0.220821 0.0644923 0.253026 0.281769
9.9991E-05 0.0796851 0.089285 0.0581842 0.317035 0.146291 0.0899671 0.219452
0.269031 0.0733224 9.9991E-05 0.286186 0.0250079 0.0143803 0.130028 0.201944
0.362079 9.9964E-05 9.9964E-05 0.0145098 9.9964E-05 9.9964E-05 0.552515 0.0704958
0.224469 9.9973E-05 9.9973E-05 0.0931957 9.9973E-05 0.00439512 0.563316 0.114324
0.282838 0.0706606 0.00506607 0.265304 0.0120356 9.9991E-05 0.341763 0.0222322
9.9973E-05 0.00872909 9.9973E-05 0.0732686 0.145642 0.132703 9.9973E-05 0.639357
9.9964E-05 0.0247741 9.9964E-05 0.0257328 9.9964E-05 0.252462 9.9964E-05 0.696631
9.9982E-05 0.0660977 9.9982E-05 0.0719349 0.162606 0.0522261 0.015495 0.63144
9.9964E-05 9.9964E-05 9.9964E-05 0.880151 0.0583803 0.0486877 9.9964E-05 0.0123815
0.0248173 9.9973E-05 0.0181892 0.898782 9.9973E-05 0.0278922 9.9973E-05 0.030019
9.9946E-05 9.9946E-05 9.9946E-05 0.940905 9.9946E-05 9.9946E-05 0.0584957 9.9946E-05
0.0349927 0.0283016 9.9964E-05 0.896989 9.9964E-05 9.9964E-05 0.0393163 9.9964E-05
9.9964E-05 0.0326881 0.0117554 0.941757 9.9964E-05 9.9964E-05 9.9964E-05 0.0133998
9.994E-05 9.994E-05 9.994E-05 0.9993 9.994E-05 9.994E-05 9.994E-05 9.994E-05
9.994E-05 9.994E-05 9.994E-05 0.9993 9.994E-05 9.994E-05 9.994E-05 9.994E-05
9.994E-05 9.994E-05 9.994E-05 0.9993 9.994E-05 9.994E-05 9.994E-05 9.994E-05
0.0458619 0.0271224 9.9964E-05 0.915821 0.0107951 9.9964E-05 9.9964E-05 9.9964E-05
0.0913021 9.9955E-05 9.9955E-05 0.835689 9.9955E-05 9.9955E-05 0.072509 9.9955E-05
9.9955E-05 9.9955E-05 9.9955E-05 0.969316 0.0098128 9.9955E-05 9.9955E-05 0.0203714
9.9973E-05 0.0307672 0.0153748 0.813827 0.0790393 9.9973E-05 0.0606919 9.9973E-05
0.220031 9.9955E-05 9.9955E-05 9.9955E-05 9.9955E-05 9.9955E-05 0.193071 0.586397
0.149891 0.014195 0.0629342 0.105892 0.0407328 9.9991E-05 0.21243 0.413824
0.206331 0.0756201 9.9991E-05 0.110234 0.0488281 0.0626365 0.179839 0.316411
0.758497 0.0439872 0.0397951 9.9973E-05 9.9973E-05 9.9973E-05 0.055081 0.10234
0.868968 0.0135858 9.9964E-05 0.0349633 9.9964E-05 9.9964E-05 0.0820831 9.9964E-05
0.862839 9.9946E-05 9.9946E-05 9.9946E-05 9.9946E-05 9.9946E-05 0.136561 9.9946E-05
0.893727 0.00688592 0.0485449 0.00912522 9.9982E-05 9.9982E-05 0.0371935 0.00432312
0.794581 0.00814129 9.9964E-05 0.0194898 9.9964E-05 9.9964E-05 0.177388 9.9964E-05
0.909567 9.9964E-05 9.9964E-05 0.0517497 9.9964E-05 0.000247983 0.0380356 9.9964E-05
0.839615 9.9964E-05 0.0563774 0.0920782 9.9964E-05 9.9964E-05 0.0115297 9.9964E-05
0.799718 9.9955E-05 9.9955E-05 9.9955E-05 9.9955E-05 0.0608021 0.138981 9.9955E-05
0.901541 9.9964E-05 9.9964E-05 0.00731781 9.9964E-05 0.0618862 0.028855 9.9964E-05
0.795482 0.0250771 9.9964E-05 0.0367419 9.9964E-05 9.9964E-05 0.142299 9.9964E-05
0.570163 0.0244466 0.169588 9.9982E-05 0.120751 0.0588622 0.0559892 9.9982E-05
0.535549 0.0791155 0.244072 9.9973E-05 0.105304 9.9973E-05 0.0356593 9.9973E-05
0.472204 0.239812 0.0526088 9.9982E-05 0.0261293 0.0793137 0.129733 9.9982E-05
0.494198 0.295974 0.084554 9.9973E-05 0.0950774 0.0298968 9.9973E-05 9.9973E-05
9.9982E-05 0.663087 0.028207 0.0524179 0.197613 0.0274598 9.9982E-05 0.0310157
9.9982E-05 0.035885 0.0132611 0.167735 0.633262 0.052348 9.9982E-05 0.0973086
9.9973E-05 0.0344977 0.00135184 9.9973E-05 0.817071 0.13241 9.9973E-05 0.0143694
9.9982E-05 9.9982E-05 0.0237004 0.0728912 0.567336 0.145725 0.130997 0.05915
0.0625244 0.212561 0.0376299 9.9964E-05 0.686885 9.9964E-05 9.9964E-05 9.9964E-05
0.00933758 9.9955E-05 0.909066 9.9955E-05 9.9955E-05 9.9955E-05 0.0810962 9.9955E-05
9.994E-05 9.994E-05 0.9993 9.994E-05 9.994E-05 9.994E-05 9.994E-05 9.994E-05
9.994E-05 9.994E-05 0.9993 9.994E-05 9.994E-05 9.994E-05 9.994E-05 9.994E-05
0.0378802 9.9964E-05 0.916222 9.9964E-05 0.0448537 0.000643878 9.9964E-05 9.9964E-05
9.9973E-05 0.0174503 0.930303 0.0135645 9.9973E-05 9.9973E-05 0.0166567 0.0217254
9.9946E-05 9.9946E-05 0.929414 0.0699868 9.9946E-05 9.9946E-05 9.9946E-05 9.9946E-05
0.86116 9.9973E-05 0.0319002 0.0413046 0.0230904 0.0422448 9.9973E-05 9.9973E-05
0.751118 0.0821623 9.9973E-05 0.0213645 9.9973E-05 9.9973E-05 0.13237 0.012685
0.770915 9.9973E-05 9.9973E-05 0.116159 9.9973E-05 0.0232897 0.0069 0.0824355
0.731143 0.0789087 9.9982E-05 0.119828 9.9982E-05 0.0486304 0.0160421 0.0052475
0.748319 0.0316249 9.9973E-05 0.119053 9.9973E-05 9.9973E-05 0.0188987 0.0818051
0.346382 0.364304 0.184795 9.9964E-05 9.9964E-05 9.9964E-05 9.9964E-05 0.104119
0.434781 0.164533 0.239768 9.9982E-05 0.0336038 0.0786984 9.9982E-05 0.0484157
0.40637 0.23049 0.236541 0.0297418 0.00249037 0.0941668 9.9982E-05 9.9982E-05
0.769826 0.136352 9.9955E-05 0.0933216 9.9955E-05 9.9955E-05 9.9955E-05 9.9955E-05
0.31745 0.26385 0.282234 9.9982E-05 0.00615894 9.9982E-05 0.0653275 0.0647788
0.0948018 0.0173337 0.0439302 0.463623 0.136673 0.0703173 0.158303 0.0150189
0.241148 9.9973E-05 0.00364214 0.25746 9.9973E-05 9.9973E-05 0.362031 0.135419
0.0325087 0.217405 0.000704749 0.0904828 0.237968 0.220154 0.0569887 0.143789
0.133426 0.606511 0.00334338 0.0975061 0.0567198 0.102293 9.9982E-05 9.9982E-05
9.9973E-05 0.0902317 0.105576 0.178009 0.321366 0.304516 9.9973E-05 9.9973E-05
9.9982E-05 0.148621 0.0566054 9.9982E-05 0.217756 0.335041 0.158708 0.0830683
0.109 0.432915 0.00171772 0.0333076 0.141988 0.0970299 9.9991E-05 0.183942
9.9982E-05 0.183987 0.0263839 9.9982E-05 0.284833 0.132595 0.13921 0.23279
9.9991E-05 0.381373 0.0117225 0.146299 0.0831172 0.214966 0.00087418 0.161549
0.0206364 0.20929 0.0828772 0.143816 0.265857 0.276471 0.000951785 9.9991E-05
0.794376 9.9964E-05 9.9964E-05 0.0929938 9.9964E-05 0.0756478 9.9964E-05 0.0365822
0.840926 9.9955E-05 9.9955E-05 0.0412773 9.9955E-05 0.117297 9.9955E-05 9.9955E-05
0.794353 0.0101152 9.9991E-05 0.0233566 0.0284659 0.0918001 0.0373262 0.0144829
0.779283 9.9973E-05 0.0661105 0.0320056 0.0459456 0.0763551 9.9973E-05 9.9973E-05
0.821498 9.9973E-05 0.0152021 0.0618763 9.9973E-05 0.00776652 9.9973E-05 0.0933572
9.9982E-05 0.590549 0.0376621 0.0478392 0.0928149 0.118888 0.112047 9.9982E-05
9.9991E-05 0.328405 0.0728757 0.0871685 0.0164348 0.224588 0.178927 0.0915008
0.000742697 0.536951 0.0890482 9.9973E-05 0.180358 9.9973E-05 0.1926 9.9973E-05
0.0967777 0.554924 0.00960991 0.0711232 0.121007 0.123484 9.9991E-05 0.0229752
0.145908 0.518655 0.0186234 0.0262513 0.0444447 0.219328 0.0266896 9.9991E-05
0.039848 0.607316 0.0120879 0.0844714 0.0984831 0.127049 0.0306448 9.9991E-05
0.0682643 0.312107 0.00185197 0.174185 0.163298 0.112538 9.9991E-05 0.167655
9.9964E-05 0.0817108 9.9964E-05 0.0523977 0.0593813 9.9964E-05 9.9964E-05 0.80611
9.9982E-05 0.0432551 0.0900178 9.9982E-05 0.0307745 0.0597986 0.0304378 0.745516
9.9973E-05 9.9973E-05 0.0210475 9.9973E-05 0.0844057 0.0231648 0.0367816 0.834301
0.00368352 0.0459702 0.0635 9.9991E-05 0.0815536 0.104179 0.0423688 0.658645
9.9982E-05 0.618477 0.0666858 0.012427 0.187205 0.00474271 0.110262 9.9982E-05
9.9973E-05 0.32091 9.9973E-05 0.0900199 0.161498 0.231801 9.9973E-05 0.195471
9.9973E-05 0.542391 9.9973E-05 0.0389594 0.180159 0.128308 9.9973E-05 0.109883
9.9982E-05 0.447065 0.045056 0.175788 0.262991 0.0294689 0.0394315 9.9982E-05
0.0654573 0.00561576 9.9982E-05 0.0763857 0.207003 9.9982E-05 0.387177 0.258161
0.258171 9.9964E-05 9.9964E-05 0.104706 0.074347 9.9964E-05 0.562377 9.9964E-05
9.9964E-05 0.00161724 0.0169064 9.9964E-05 0.0288356 0.952241 9.9964E-05 9.9964E-05
0.015556 0.030913 0.0113496 9.9973E-05 9.9973E-05 0.87945 9.9973E-05 0.0624315
0.102176 9.9982E-05 9.9982E-05 0.416512 0.129091 0.214484 0.0714103 0.0661277
0.188843 0.0110432 9.9973E-05 0.348036 9.9973E-05 0.36927 0.0825084 9.9973E-05
9.9964E-05 9.9964E-05 0.00930979 0.0130382 9.9964E-05 0.688552 0.2887 9.9964E-05
0.0637063 9.9973E-05 9.9973E-05 0.0601858 0.00949886 0.638552 0.227757 9.9973E-05
0.0557369 9.9982E-05 0.0102579 0.274426 0.0869739 0.531897 9.9982E-05 0.0405075
0.058858 9.9955E-05 9.9955E-05 0.105125 9.9955E-05 0.835517 9.9955E-05 9.9955E-05
9.9964E-05 0.00851991 0.103197 9.9964E-05 9.9964E-05 0.837247 9.9964E-05 0.0506357
0.0413584 0.0484466 0.0317775 0.036789 0.00401116 0.837417 9.9982E-05 9.9982E-05
0.192514 9.9973E-05 0.0617946 0.061483 9.9973E-05 0.576541 0.107367 9.9973E-05
0.246462 9.9964E-05 9.9964E-05 0.0742584 9.9964E-05 0.355822 0.323058 9.9964E-05
9.9955E-05 9.9955E-05 9.9955E-05 9.9955E-05 0.0185533 0.971371 0.00957587 9.9955E-05
9.9946E-05 9.9946E-05 9.9946E-05 9.9946E-05 9.9946E-05 0.967185 9.9946E-05 0.0322152
0.0248651 0.0331702 9.9982E-05 0.12925 0.139214 0.663457 9.9982E-05 0.0098435
9.9964E-05 9.9964E-05 9.9964E-05 0.0965166 0.0650534 0.695902 9.9964E-05 0.142128
0.766966 0.0263864 9.9973E-05 0.066323 9.9973E-05 0.0943606 9.9973E-05 0.0456639
0.72336 0.0506657 0.0610993 0.0779547 0.0380751 9.9982E-05 0.0486454 9.9982E-05
0.883352 0.00152123 0.0335051 0.0812217 9.9964E-05 9.9964E-05 9.9964E-05 9.9964E-05
0.93494 9.9955E-05 9.9955E-05 9.9955E-05 9.9955E-05 9.9955E-05 0.0274931 0.0370668
0.0857237 0.128048 0.056513 0.0908226 0.519484 0.0937395 9.9991E-05 0.02557
9.9946E-05 9.9946E-05 9.9946E-05 9.9946E-05 0.900344 9.9946E-05 9.9946E-05 0.0990568
0.014708 9.9973E-05 9.9973E-05 0.092841 0.595411 0.0288306 9.9973E-05 0.26791
9.9955E-05 9.9955E-05 9.9955E-05 9.9955E-05 0.81938 9.9955E-05 0.0603851 0.119735
9.9955E-05 9.9955E-05 9.9955E-05 9.9955E-05 0.561261 9.9955E-05 0.145933 0.292306
9.9964E-05 9.9964E-05 0.0319999 9.9964E-05 0.76744 0.0688858 0.131274 9.9964E-05
0.0552376 0.154974 0.00205276 0.0660144 0.661556 0.0371596 9.9991E-05 0.0229054
9.9982E-05 0.0281507 0.0751233 0.0860673 0.741295 0.0550021 9.9982E-05 0.0141611
0.684923 0.198328 0.0495398 9.9973E-05 0.0393287 9.9973E-05 0.0275806 9.9973E-05
0.688263 0.0825803 0.0661379 0.0177426 0.0548616 9.9982E-05 0.0902148 9.9982E-05
0.771629 0.151169 0.031228 9.9964E-05 9.9964E-05 9.9964E-05 0.0455735 9.9964E-05
0.805323 0.0310378 0.0816753 9.9973E-05 9.9973E-05 9.9973E-05 0.0586262 0.023038
0.694927 0.112367 0.122741 9.9964E-05 9.9964E-05 9.9964E-05 9.9964E-05 0.0695653
0.0558197 0.222885 0.0179804 0.0370833 0.665932 9.9973E-05 9.9973E-05 9.9973E-05
0.106962 0.178449 9.9973E-05 9.9973E-05 0.629843 0.0677093 9.9973E-05 0.0167364
9.9955E-05 9.9955E-05 9.9955E-05 0.0467687 0.908659 9.9955E-05 9.9955E-05 0.0440722
0.0108182 0.145011 0.0648043 0.0871571 0.650979 0.0410304 9.9982E-05 9.9982E-05
0.0271708 0.218129 9.9982E-05 0.111224 0.605273 0.0124729 9.9982E-05 0.0255296
0.217882 9.9973E-05 9.9973E-05 0.5263 9.9973E-05 0.0552029 0.194121 0.00619339
0.164484 0.164379 0.0995436 0.00505812 0.0120474 9.9982E-05 9.9982E-05 0.554287
0.0655785 9.9973E-05 0.067455 0.0640111 9.9973E-05 9.9973E-05 0.0618239 0.740832
9.9973E-05 9.9973E-05 0.0170874 0.0302553 0.0744203 9.9973E-05 0.871058 0.0068787
9.994E-05 9.994E-05 9.994E-05 9.994E-05 9.994E-05 9.994E-05 0.9993 9.994E-05
0.0616288 9.9982E-05 0.0373863 0.0424771 0.0964659 9.9982E-05 0.748931 0.0129111
0.162645 9.9964E-05 9.9964E-05 0.0654645 9.9964E-05 9.9964E-05 0.763682 0.00780903
0.147293 0.0104281 0.0532924 0.236402 0.0412405 9.9991E-05 0.304783 0.206461
0.0115782 0.093919 9.9973E-05 0.00777848 0.0451028 9.9973E-05 0.841322 9.9973E-05
9.9964E-05 0.0326437 9.9964E-05 0.0675844 0.210291 9.9964E-05 0.689081 9.9964E-05
9.994E-05 9.994E-05 9.994E-05 9.994E-05 9.994E-05 9.994E-05 0.9993 9.994E-05
0.200011 0.0114886 0.0198822 0.274915 0.114975 9.9991E-05 0.329646 0.0489833
0.190213 9.9991E-05 0.0457905 0.335095 0.0985455 0.0301299 0.207063 0.0930628
0.798001 0.0299537 0.0655356 9.9973E-05 0.0433036 0.0629062 9.9973E-05 9.9973E-05
9.9946E-05 0.884621 0.11478 9.9946E-05 9.9946E-05 9.9946E-05 9.9946E-05 9.9946E-05
9.9946E-05 0.981766 0.0176343 9.9946E-05 9.9946E-05 9.9946E-05 9.9946E-05 9.9946E-05
9.994E-05 0.9993 9.994E-05 9.994E-05 9.994E-05 9.994E-05 9.994E-05 9.994E-05
9.9964E-05 0.962601 9.9964E-05 0.00863941 9.9964E-05 9.9964E-05 0.022556 0.00580375
9.9955E-05 0.891516 0.102791 0.0051936 9.9955E-05 9.9955E-05 9.9955E-05 9.9955E-05
0.0178571 0.970676 9.9955E-05 9.9955E-05 9.9955E-05 9.9955E-05 9.9955E-05 0.0109672
0.21048 0.725761 0.0632593 9.9955E-05 9.9955E-05 9.9955E-05 9.9955E-05 9.9955E-05
0.849818 0.0166117 9.9982E-05 0.0140561 0.000782888 9.9982E-05 0.0566417 0.0618896
0.790679 0.0437914 0.0642873 0.00827756 0.0424998 0.0172677 0.0330973 9.9991E-05
0.892655 9.9964E-05 0.0466555 0.0483987 9.9964E-05 9.9964E-05 9.9964E-05 0.0118909
0.833782 0.0642794 0.0301514 9.9973E-05 9.9973E-05 9.9973E-05 0.00346296 0.068024
0.918692 9.9973E-05 0.00858831 9.9973E-05 0.00733807 9.9973E-05 0.0547945 0.0102869
0.861833 0.04836 0.0236351 0.00464445 9.9982E-05 0.0456769 9.9982E-05 0.0156509
0.845483 9.9991E-05 0.0149625 0.077919 0.00762709 0.0353012 0.0147517 0.00385573
0.906459 9.9964E-05 9.9964E-05 0.0741144 0.015607 0.00342032 9.9964E-05 9.9964E-05
0.945706 9.9955E-05 0.0152425 9.9955E-05 9.9955E-05 0.0385516 9.9955E-05 9.9955E-05
0.827 9.9973E-05 9.9973E-05 0.0447056 0.0105234 0.0844739 0.0329973 9.9973E-05
0.885439 0.00953867 0.0492781 0.0553449 9.9964E-05 9.9964E-05 9.9964E-05 9.9964E-05
0.879261 0.0409542 0.0196088 0.0444553 9.9973E-05 9.9973E-05 9.9973E-05 0.0154206
0.854958 9.9964E-05 0.0423788 0.0766282 9.9964E-05 0.0256351 9.9964E-05 9.9964E-05
0.820518 9.9973E-05 9.9973E-05 0.144327 0.00097593 0.032468 9.9973E-05 0.00141137
0.723042 9.9964E-05 0.0638242 0.212262 9.9964E-05 9.9964E-05 0.000472626 9.9964E-05
0.796794 0.00115554 0.0284397 0.152038 9.9973E-05 9.9973E-05 9.9973E-05 0.021273
0.808038 9.9964E-05 9.9964E-05 0.134343 0.0279003 0.029318 9.9964E-05 9.9964E-05
0.122169 9.9973E-05 0.0571851 0.147549 0.199451 9.9973E-05 9.9973E-05 0.473346
0.0113683 9.9973E-05 0.0632553 0.00887364 9.9973E-05 9.9973E-05 0.0412761 0.874927
0.0599004 9.9955E-05 9.9955E-05 9.9955E-05 9.9955E-05 9.9955E-05 0.101703 0.837897
9.9973E-05 0.410306 9.9973E-05 0.0473209 0.306577 0.0916604 0.143836 9.9973E-05
9.9946E-05 9.9946E-05 0.101293 9.9946E-05 9.9946E-05 9.9946E-05 9.9946E-05 0.898108
0.0797176 0.0242949 9.9964E-05 9.9964E-05 9.9964E-05 9.9964E-05 0.007357 0.888231
0.0955332 0.0117438 9.9973E-05 0.238758 0.281624 9.9973E-05 9.9973E-05 0.372041
0.379771 0.158924 0.0177967 0.151019 0.115733 0.0162603 0.0711552 0.0893413
0.201015 0.00120065 0.0213102 0.132399 9.9991E-05 0.0104727 0.521644 0.111858
0.303859 0.0499697 0.0716954 0.289354 0.162572 0.0675807 0.0279229 0.0270458
0.428263 0.0956806 9.9973E-05 0.261035 0.139246 9.9973E-05 0.0754756 9.9973E-05
