9.9982E-05 0.844939 9.9982E-05 0.0331226 0.121738
0.045172 0.924304 9.9982E-05 9.9982E-05 0.0303236
9.999E-05 0.812301 0.0955678 0.0348262 0.0572052
9.9982E-05 0.799439 9.9982E-05 0.0950337 0.105327
9.9982E-05 0.901013 0.0956191 9.9982E-05 0.00316827
0.161357 0.68536 0.119402 0.0115706 0.0223096
0.0915295 0.850708 0.0321322 9.9991E-05 0.0255308
0.133065 0.743882 0.0379191 9.9991E-05 0.0850332
0.0680176 0.811693 9.9982E-05 9.9982E-05 0.12009
0.134273 0.687839 0.0852438 0.0725771 0.0200672
0.062819 0.737418 0.0710308 9.9991E-05 0.128632
0.0640842 0.00525147 0.413809 0.0665109 0.450344
0.0517746 0.101604 0.618853 0.00060688 0.227162
0.107706 0.0595417 0.324944 0.057569 0.45024
9.999E-05 0.0925017 0.442265 0.15157 0.313563
0.0314548 0.142952 0.516462 0.109352 0.199778
0.0543259 9.9991E-05 0.611917 0.0987402 0.234917
9.999E-05 0.145867 0.515804 0.0564736 0.281756
0.133174 0.0391175 0.166789 0.0281692 0.63275
0.179225 9.9991E-05 0.375218 0.206757 0.2387
0.140447 0.0608501 0.525936 0.0981502 0.174617
0.0733217 0.0521612 0.689025 0.0529729 0.132519
0.0168814 0.0774441 0.517073 0.061261 0.327341
0.00328111 0.00890222 0.64616 0.133087 0.20857
0.0773713 0.0235524 0.426373 0.0591718 0.413532
0.0904641 0.00412033 0.317865 0.169615 0.417935
0.132265 0.0506704 0.359224 9.9991E-05 0.45774
9.9982E-05 0.829571 0.0938681 0.076361 9.9982E-05
9.9982E-05 0.832765 0.152869 0.0141659 9.9982E-05
9.9973E-05 0.824656 0.175044 9.9973E-05 9.9973E-05
9.9982E-05 0.741874 0.216544 0.0413825 9.9982E-05
0.109093 0.0915552 0.694358 0.0346357 0.0703579
0.281001 9.9982E-05 0.67594 0.0428597 9.9982E-05
0.0750079 0.0580354 0.222434 0.0295523 0.61497
0.396467 0.0530336 0.512909 0.0374899 9.9991E-05
0.105913 0.0489841 0.688842 0.152426 0.00383456
0.0480257 0.13115 0.673389 0.0371817 0.110254
9.9991E-05 0.157136 0.683142 0.0290384 0.130584
0.279323 0.046407 0.463083 9.9991E-05 0.211086
0.112127 0.116141 0.647238 0.0921737 0.0323202
0.409971 9.9973E-05 0.589729 9.9973E-05 9.9973E-05
0.84657 0.0711179 0.0653212 9.9991E-05 0.0168914
0.229604 9.9982E-05 0.283888 9.9982E-05 0.486308
0.552645 0.0194645 0.214509 0.0418424 0.171539
0.315229 0.0833415 0.217632 0.0391502 0.344647
0.041751 0.047563 0.578763 0.0805656 0.251357
0.152727 0.117256 0.531283 9.9991E-05 0.198634
0.216025 0.206947 0.168126 0.0525763 0.356325
0.104366 0.0673042 0.520949 0.109079 0.198302
0.279082 0.0677448 0.148404 9.9991E-05 0.504669
0.0263127 9.9991E-05 0.605276 0.077629 0.290682
0.165814 0.066782 0.573257 0.100988 0.0931591
0.210688 0.0221851 0.408004 0.068502 0.290621
0.0407467 0.0214695 0.521982 0.101669 0.314132
0.267231 0.031824 0.366912 9.9991E-05 0.333933
0.193212 9.9982E-05 0.712159 9.9982E-05 0.0944285
0.234521 9.9982E-05 0.551584 9.9982E-05 0.213695
0.736457 9.9982E-05 0.255357 9.9982E-05 0.00798616
0.620309 9.9982E-05 0.319189 9.9982E-05 0.0603024
0.369782 9.9982E-05 0.558475 9.9982E-05 0.0715439
0.0917715 9.9982E-05 0.762212 9.9982E-05 0.145816
0.123574 0.0271019 0.688779 0.0198983 0.140647
0.263541 9.9982E-05 0.449439 9.9982E-05 0.28682
0.11673 0.0299652 0.536697 9.9991E-05 0.316508
0.244541 0.000443711 0.555993 0.0287524 0.170269
0.253877 0.0365452 0.662345 0.0161161 0.0311159
0.302013 0.0284387 0.669348 9.9982E-05 9.9982E-05
0.763955 0.0163189 0.213372 0.00625483 9.9991E-05
9.9991E-05 0.828658 0.0823074 0.0215461 0.0673888
9.9973E-05 0.9379 0.0618006 9.9973E-05 9.9973E-05
9.9982E-05 0.906624 0.0433923 0.0497839 9.9982E-05
0.00302083 0.918092 0.017136 0.0616516 9.9991E-05
9.9982E-05 0.884485 0.0921504 0.0231643 9.9982E-05
9.9982E-05 0.895854 0.0938377 0.0101088 9.9982E-05
9.9973E-05 0.941703 0.0579972 9.9973E-05 9.9973E-05
0.466571 9.9982E-05 0.405509 9.9982E-05 0.12772
0.1928 0.0538562 0.602796 0.0304911 0.120056
0.0828277 0.0945532 0.783038 0.00861361 0.0309673
0.221868 0.0992697 0.612165 0.0571444 0.00955242
0.216905 9.9982E-05 0.716838 0.0660574 9.9982E-05
0.456393 0.0272658 0.293966 9.9991E-05 0.222276
0.433995 0.0476597 0.518145 9.9982E-05 9.9982E-05
0.228631 9.9982E-05 0.735981 9.9982E-05 0.0351886
0.117212 0.0871282 0.670054 0.0435201 0.0820856
0.346696 9.9982E-05 0.597091 0.0560126 9.9982E-05
0.114548 0.0758025 0.671556 9.9991E-05 0.137994
0.308134 0.0279527 0.254301 0.100248 0.309365
9.9991E-05 0.1144 0.369048 0.1346 0.381852
9.9982E-05 0.115358 0.571358 9.9982E-05 0.313084
0.0292268 0.0850501 0.490882 0.122381 0.27246
9.9991E-05 0.0444774 0.550843 0.0150501 0.389529
0.0711826 0.083806 0.679026 0.0297949 0.136191
9.9982E-05 9.9982E-05 0.598142 0.0651835 0.336474
9.9982E-05 9.9982E-05 0.577163 0.165013 0.257624
0.103087 9.9991E-05 0.567264 0.132253 0.197297
0.172627 0.136952 0.412553 0.041327 0.236541
0.0172291 0.0058516 0.562111 0.173798 0.24101
0.0713906 0.00992001 0.64658 0.125273 0.146836
0.160335 9.9991E-05 0.338387 0.0975804 0.403597
0.426141 9.9991E-05 0.101614 0.120334 0.351812
0.423296 9.9991E-05 0.144899 0.0696068 0.362098
0.119902 0.055999 0.355846 0.0107994 0.457454
0.0669713 0.0574392 0.51708 0.0362269 0.322282
0.02591 0.0865199 0.482424 0.0057106 0.399436
0.0686607 9.9991E-05 0.340347 0.061381 0.529512
9.9991E-05 0.096205 0.613208 0.114897 0.175591
0.29421 9.9991E-05 0.210854 0.133225 0.361611
0.210192 0.124324 0.466618 0.112866 0.086
0.486246 0.145139 0.0515937 0.0491542 0.267866
0.229942 0.0809709 0.405751 0.0837966 0.19954
0.107808 0.125606 0.511166 0.163053 0.0923679
0.397378 0.112195 0.354912 0.0185952 0.116919
0.442534 0.149848 0.309903 9.9991E-05 0.0976146
0.264721 0.00986434 0.594241 9.9991E-05 0.131073
0.569176 0.0515285 0.0659111 0.219503 0.0938818
0.365573 0.0165698 0.473562 0.00371484 0.140581
0.267734 9.9991E-05 0.492499 0.0929581 0.146709
0.181753 0.362233 0.134162 0.317966 0.00388531
0.281941 0.528885 9.9982E-05 0.188973 9.9982E-05
0.415131 0.406149 9.9982E-05 0.178519 9.9982E-05
0.1158 0.397574 0.0486746 0.375173 0.062779
0.17264 9.9991E-05 0.739006 0.0849687 0.00328577
9.9982E-05 9.9982E-05 0.250831 0.723858 0.0251113
0.545553 0.00200289 0.407877 0.0437171 0.000849574
0.687553 9.9982E-05 0.215328 0.0969182 9.9982E-05
0.253071 0.0397005 0.614772 0.092357 9.9991E-05
0.343037 0.0361804 0.512012 0.05045 0.0583208
0.279061 0.0359321 0.612553 0.072354 9.9991E-05
0.625588 0.00490206 0.228679 0.0558779 0.0849525
0.0238789 9.9973E-05 9.9973E-05 0.975821 9.9973E-05
9.9973E-05 9.9973E-05 0.119639 0.880061 9.9973E-05
9.9982E-05 9.9982E-05 0.19084 0.753071 0.0558895
9.9982E-05 0.0166039 0.209837 0.773359 9.9982E-05
9.997E-05 9.997E-05 9.997E-05 0.9996 9.997E-05
0.0416958 9.9982E-05 9.9982E-05 0.947208 0.010896
9.9973E-05 9.9973E-05 0.148887 0.850813 9.9973E-05
9.9982E-05 9.9982E-05 0.0120017 0.945441 0.042357
9.997E-05 9.997E-05 9.997E-05 0.9996 9.997E-05
9.997E-05 9.997E-05 9.997E-05 0.9996 9.997E-05
9.9982E-05 9.9982E-05 0.150426 0.827877 0.021497
9.9991E-05 0.0481562 0.0974313 0.773425 0.0808874
9.9973E-05 9.9973E-05 9.9973E-05 0.983332 0.0163677
9.9991E-05 0.0596313 0.152429 0.763309 0.0245309
9.9991E-05 0.00514813 0.0242247 0.948294 0.0222331
9.9973E-05 9.9973E-05 0.0142556 0.985444 9.9973E-05
9.9991E-05 0.00727003 0.0282744 0.910201 0.0541549
9.997E-05 9.997E-05 9.997E-05 0.9996 9.997E-05
0.0272445 0.102706 0.271348 0.59666 0.00204232
9.9991E-05 0.0452764 0.0420219 0.891023 0.0215792
0.550128 0.336219 9.9982E-05 0.113452 9.9982E-05
0.23667 0.178896 0.448013 0.0967821 0.0396389
0.102607 0.185998 0.36 0.204324 0.147071
0.392727 0.282236 0.14771 0.177226 9.9991E-05
0.414434 0.249836 0.171428 0.164202 9.9991E-05
0.270983 0.161461 0.264289 0.303167 9.9991E-05
0.205522 0.210129 0.414859 0.16939 9.9991E-05
0.180005 0.23053 0.361284 0.228081 9.9991E-05
0.0735433 0.869925 0.0466863 9.9991E-05 0.00974507
0.0239228 0.900889 9.9982E-05 0.0749883 9.9982E-05
0.0293387 0.954023 9.9982E-05 9.9982E-05 0.016438
9.9982E-05 0.903151 9.9982E-05 0.00487072 0.0917784
9.9991E-05 0.877829 0.00246333 0.0497572 0.0698504
0.0293535 0.880605 9.9982E-05 0.0898411 9.9982E-05
9.9991E-05 0.866562 0.0203235 0.0696967 0.0433178
0.0214347 0.881231 9.9991E-05 0.00974638 0.0874875
9.9973E-05 0.950009 0.0496907 9.9973E-05 9.9973E-05
9.9982E-05 0.809217 9.9982E-05 0.130974 0.0596088
0.094124 0.614385 9.9982E-05 9.9982E-05 0.291291
9.9973E-05 0.597144 9.9973E-05 9.9973E-05 0.402556
0.134642 0.538279 9.9982E-05 9.9982E-05 0.326879
0.141647 0.464387 9.9982E-05 9.9982E-05 0.393766
0.096575 0.116466 0.713674 0.017727 0.0555584
0.0261048 9.9991E-05 0.607465 0.103145 0.263185
0.117604 0.0834623 0.553254 9.9991E-05 0.24558
0.073074 9.9982E-05 0.2806 9.9982E-05 0.646126
0.0193434 0.0427499 0.752267 0.0835546 0.102086
0.126516 0.00312626 0.748205 0.0422853 0.0798682
0.198751 9.9991E-05 0.694299 0.0315067 0.0753436
0.367804 9.9991E-05 0.544797 0.0523863 0.0349132
0.216733 0.0387583 0.62688 9.99949E-05 0.117528
0.800265 9.9982E-05 0.124554 9.9982E-05 0.0749808
0.482539 9.9982E-05 0.472134 9.9982E-05 0.045127
0.240599 0.056896 0.645052 0.0573533 9.9991E-05
0.348809 9.9982E-05 0.39199 9.9982E-05 0.259002
0.0566545 0.0814335 9.9982E-05 9.9982E-05 0.861712
0.0474217 0.0542176 9.9991E-05 0.0360426 0.862218
9.9973E-05 0.00143803 9.9973E-05 9.9973E-05 0.998262
0.0106597 0.0739146 9.9982E-05 9.9982E-05 0.915226
9.9982E-05 9.9982E-05 0.0658598 0.0413905 0.89255
9.9991E-05 0.0158838 0.00792507 0.0911621 0.884929
9.9982E-05 0.872225 0.0711223 0.0564531 9.9982E-05
9.9982E-05 0.855611 0.113037 9.9982E-05 0.0311519
9.9982E-05 0.769459 0.125003 0.105339 9.9982E-05
9.9991E-05 0.754573 0.0118835 0.145062 0.0883813
0.0260784 0.779512 0.042144 0.0901195 0.0621465
0.0847458 0.360508 9.9982E-05 9.9982E-05 0.554547
0.205052 0.437078 9.9982E-05 9.9982E-05 0.35767
0.0946633 0.39901 9.9982E-05 9.9982E-05 0.506127
9.9991E-05 0.830965 0.0876018 0.0612076 0.0201253
0.132097 0.35587 9.9982E-05 9.9982E-05 0.511833
0.154131 0.162974 0.173556 0.441457 0.0678812
9.9982E-05 0.178885 0.455316 0.365599 9.9982E-05
0.0945633 0.250999 0.327213 0.29172 0.035505
0.216466 0.409139 9.9982E-05 0.374195 9.9982E-05
0.0892161 0.0349594 0.553291 0.0188366 0.303696
0.28755 0.0283308 0.309604 0.0754775 0.299038
9.9982E-05 0.0717863 0.440127 9.9982E-05 0.487887
0.317397 9.9991E-05 0.53432 0.0557143 0.0924683
0.775876 9.9973E-05 9.9973E-05 9.9973E-05 0.223824
0.0691221 0.0646 0.593 0.0312527 0.242026
0.0894853 0.0752415 0.473733 9.9991E-05 0.36144
0.551087 9.9982E-05 0.178952 9.9982E-05 0.26976
0.230393 9.9991E-05 0.51308 0.111705 0.144722
9.9991E-05 0.0203108 0.594921 0.0466162 0.338052
0.160645 0.130199 0.446141 0.185923 0.0770911
0.244072 9.9991E-05 0.383986 0.0733319 0.29851
0.1367 9.9991E-05 0.570893 0.0303835 0.261923
0.179045 0.0356442 0.603686 0.0516612 0.129964
0.136386 0.0101722 0.598925 0.0557835 0.198733
0.0259561 0.0213809 0.494417 0.179979 0.278267
9.9982E-05 0.784745 0.111384 0.103671 9.9982E-05
9.9982E-05 0.859022 0.115675 0.0251028 9.9982E-05
0.0356696 0.778796 0.040872 0.03933 0.105333
0.0818251 0.783369 0.0452314 0.0425414 0.0470326
9.9973E-05 0.832858 0.166842 9.9973E-05 9.9973E-05
0.048699 0.0310758 0.288291 0.0587383 0.573196
0.0193564 0.00760856 0.630054 0.195762 0.147219
0.0806824 0.115174 0.558206 0.030834 0.215103
0.291699 9.9991E-05 0.232363 0.122492 0.353346
0.175603 0.139738 0.0661364 9.9991E-05 0.618422
0.02264 9.9991E-05 0.559364 0.0972935 0.320603
0.104196 0.0389437 0.243262 0.0379652 0.575634
0.245839 0.0352811 0.383041 0.0711665 0.264672
0.158264 0.0900876 0.152106 0.0789661 0.520576
0.0885079 0.0689666 0.263931 0.0421613 0.536433
0.175151 0.00779494 0.305173 0.149569 0.362312
0.517134 0.0229404 0.293868 0.102796 0.0632611
0.189063 0.119515 0.580066 0.0466004 0.0647557
0.415189 9.9982E-05 0.475795 9.9982E-05 0.108816
0.236952 0.0495058 0.626578 0.0456151 0.0413482
0.714195 9.9982E-05 0.229504 9.9982E-05 0.0561013
0.60613 0.0124466 0.334674 0.0142021 0.0325479
0.244033 0.0654656 0.541716 0.0235913 0.125195
0.663706 0.0232979 0.24095 9.9991E-05 0.0719466
0.242043 0.00238946 0.600909 0.00864471 0.146014
0.218989 0.0340277 0.116673 0.0478376 0.582472
0.334423 9.9991E-05 0.256009 0.0788612 0.330607
0.0635597 0.0134303 0.402021 0.117437 0.403552
0.0270151 9.9991E-05 0.622458 0.110612 0.239814
0.0958398 9.9982E-05 0.421076 9.9982E-05 0.482885
0.0783315 9.9991E-05 0.561454 0.129083 0.231032
0.0130762 0.035296 0.600758 0.0767725 0.274098
0.0875231 9.9991E-05 0.325261 0.138959 0.448157
0.0784036 9.9991E-05 0.349721 0.149031 0.422745
0.0411828 9.9991E-05 0.685068 0.0867837 0.186865
0.215609 0.050099 0.421227 0.0697166 0.243349
0.112661 9.9991E-05 0.52957 0.133772 0.223897
9.9991E-05 0.0833829 0.387565 0.0610906 0.467861
0.0580221 0.114349 0.512917 0.0919294 0.222783
9.9982E-05 0.345117 0.484159 0.170524 9.9982E-05
0.155138 0.139379 0.457858 0.247526 9.9991E-05
0.0178053 0.054608 0.727447 0.128278 0.0718612
0.135874 0.199752 0.449258 0.215017 9.9991E-05
0.220516 9.9991E-05 0.451716 0.110545 0.217123
0.535065 0.239397 0.0431809 0.182258 9.9991E-05
0.137885 0.132667 0.411763 0.256027 0.061658
0.0464926 0.0438613 0.433665 0.350174 0.125807
0.189304 0.218616 0.265567 0.199606 0.126907
9.9991E-05 0.201317 0.533731 0.220114 0.0447371
0.308034 0.468747 9.9982E-05 0.223019 9.9982E-05
9.9991E-05 0.199234 0.498931 0.27588 0.0258554
9.9991E-05 0.125898 0.557153 0.199832 0.117016
0.226203 0.0284005 0.535397 0.0847752 0.125224
0.75856 9.9982E-05 0.168063 9.9982E-05 0.073177
0.74848 9.9982E-05 0.168277 9.9982E-05 0.083043
0.0660025 0.106948 0.4491 0.365638 0.0123118
0.211143 0.0772481 0.279465 0.432044 9.9991E-05
0.225307 0.221257 0.210628 0.298756 0.0440518
0.0785235 0.199675 0.373862 0.335471 0.0124686
0.592008 0.0743172 0.221295 0.11228 9.9991E-05
0.555179 0.0865616 0.153767 0.204392 9.9991E-05
0.169645 0.0300058 0.601813 0.191263 0.00727255
0.251379 0.058865 0.504984 0.184672 9.9991E-05
0.500216 0.036575 0.252884 0.210225 9.9991E-05
0.195223 0.0699559 0.5818 0.152922 9.9991E-05
0.251839 0.0231502 0.557234 0.167678 9.9991E-05
0.347755 0.0366197 0.517035 9.9991E-05 0.0984905
0.34157 0.011192 0.478931 0.0779823 0.0903239
0.266561 9.9991E-05 0.388072 0.142625 0.202641
0.380155 0.00921789 0.590353 0.0201741 9.9991E-05
0.505163 9.9982E-05 0.392933 9.9982E-05 0.101704
0.260882 9.9982E-05 0.630688 0.10823 9.9982E-05
0.513436 9.99826E-05 0.373888 9.99826E-05 0.112476
0.366044 9.9991E-05 0.486288 0.082593 0.0649748
0.0419429 0.184608 0.408358 0.283151 0.0819404
0.162276 0.21121 0.356722 0.190669 0.0791232
0.550099 0.193322 9.9991E-05 0.19521 0.0612686
0.074868 0.038117 0.592311 0.246694 0.0480109
0.44724 0.362022 9.9982E-05 0.190538 9.9982E-05
0.19278 0.0347072 0.432311 0.340102 9.9991E-05
0.78536 9.9973E-05 0.21434 9.9973E-05 9.9973E-05
0.84981 9.9982E-05 0.147345 9.9982E-05 0.00264492
0.292943 9.9973E-05 0.706757 9.9973E-05 9.9973E-05
0.0813065 0.1112 0.758316 0.0490771 9.9991E-05
0.404256 9.9982E-05 0.591193 9.9982E-05 0.00435046
0.290095 0.00510402 0.655784 0.0489169 9.9991E-05
0.262596 0.0262134 0.65634 0.0547501 9.9991E-05
0.0763497 0.783004 0.0844474 0.052316 0.00388327
0.0484996 0.757895 0.00992446 0.0572839 0.126397
9.9982E-05 0.887711 9.9982E-05 0.0708637 0.041225
9.9982E-05 0.940938 0.0392184 0.0196434 9.9982E-05
0.221966 0.107217 0.578276 0.0322481 0.0602932
0.145523 0.052046 0.75921 9.9991E-05 0.0431202
0.286501 9.9982E-05 0.538787 9.9982E-05 0.174512
0.0683422 0.0858053 0.837007 0.0087451 9.9991E-05
0.423254 9.9973E-05 0.576446 9.9973E-05 9.9973E-05
9.9991E-05 0.303954 0.482268 0.207017 0.00666077
0.391542 9.9991E-05 0.514281 0.0900829 0.00399398
0.187607 9.9982E-05 0.673554 9.9982E-05 0.138639
0.141464 0.00567755 0.708119 0.0510202 0.0937185
0.136165 9.9982E-05 0.683888 9.9982E-05 0.179748
0.208185 9.9982E-05 0.728941 0.0626734 9.9982E-05
0.565844 9.9973E-05 0.433856 9.9973E-05 9.9973E-05
0.413635 0.0516463 0.526856 9.9991E-05 0.00776229
0.346544 9.9982E-05 0.569048 9.9982E-05 0.0842081
0.816464 9.9973E-05 0.183236 9.9973E-05 9.9973E-05
0.119448 0.0239105 0.598191 0.0824672 0.175984
0.671825 9.9982E-05 0.281397 9.9982E-05 0.0465774
0.800522 9.9973E-05 0.199178 9.9973E-05 9.9973E-05
0.168216 0.0960323 0.689126 0.0465257 9.9991E-05
0.288578 0.0163111 0.541963 9.9991E-05 0.153048
0.169748 0.00682729 0.566948 0.0869933 0.169484
0.0705621 9.9991E-05 0.735588 0.0325433 0.161207
0.183055 9.9991E-05 0.261849 0.192319 0.362676
0.178184 0.0347743 0.696763 0.0140611 0.0762172
0.0597915 0.0170866 0.713197 0.0555226 0.154402
0.427569 9.9973E-05 0.572131 9.9973E-05 9.9973E-05
9.9973E-05 0.734551 9.9973E-05 9.9973E-05 0.265149
0.0732948 0.744875 0.086475 9.9991E-05 0.0952549
0.0341277 0.828834 9.9982E-05 9.9982E-05 0.136838
0.0202266 0.834729 9.9982E-05 9.9982E-05 0.144845
9.9982E-05 0.766287 0.0713286 9.9982E-05 0.162185
0.290052 0.0487491 0.474062 9.9991E-05 0.187037
0.294279 0.046651 0.428461 9.9991E-05 0.230509
0.581358 9.9973E-05 0.418343 9.9973E-05 9.9973E-05
0.350299 0.0568749 0.553369 9.9991E-05 0.0393571
0.164588 9.9991E-05 0.707832 0.0561019 0.0713779
0.272783 0.0794224 0.613461 0.0342332 9.9991E-05
0.137374 0.065226 0.745703 0.0365112 0.0151857
0.332527 9.9982E-05 0.49356 9.9982E-05 0.173714
0.259123 9.9982E-05 0.60158 9.9982E-05 0.139097
0.130475 9.9982E-05 0.662029 9.9982E-05 0.207296
0.114712 0.124571 0.667813 0.0928038 9.9991E-05
0.21897 0.0586818 0.655013 9.9991E-05 0.0672347
0.20816 0.0490132 0.670689 0.0178374 0.0543001
0.05264 0.110262 0.390378 0.446619 9.9991E-05
0.0260198 0.177131 0.288759 0.50799 9.9991E-05
0.285381 0.0691945 0.610714 0.034611 9.9991E-05
0.0293842 0.220063 0.0687543 0.681698 9.9991E-05
9.9982E-05 0.191302 0.314745 0.493753 9.9982E-05
0.177796 0.146079 0.501727 0.174298 9.9991E-05
0.139022 0.190623 0.585077 0.0638141 0.0214632
0.197759 0.19719 0.520461 0.00366842 0.0809215
9.9982E-05 0.208221 0.27102 0.520559 9.9982E-05
9.9982E-05 0.107297 0.30824 0.584263 9.9982E-05
0.0135603 0.145386 0.238798 0.543124 0.0591308
0.0114679 0.124288 0.262867 0.578634 0.0227434
0.176602 0.161173 0.613177 0.0489482 9.9991E-05
9.9982E-05 0.196803 0.171562 0.631436 9.9982E-05
0.300985 0.195714 0.312145 9.9991E-05 0.191055
0.185028 9.9991E-05 0.576121 0.15637 0.0823808
0.047874 0.124402 0.662881 0.0864199 0.0784233
0.0466111 0.245895 0.642261 9.9991E-05 0.0651325
0.13838 0.200453 0.327261 0.24051 0.0933961
0.121838 0.228127 0.267567 0.382368 9.9991E-05
0.0260339 0.190114 0.153056 0.613154 0.0176415
0.206578 0.133009 0.614316 0.0129358 0.0331608
0.573143 0.165029 0.151584 0.110143 9.9991E-05
0.160687 0.0686912 0.395455 0.102017 0.27315
0.0451956 0.239248 0.517566 0.169269 0.0287218
0.475355 0.305948 9.9982E-05 0.218497 9.9982E-05
0.494703 0.354792 9.9982E-05 0.150305 9.9982E-05
0.29558 0.169238 0.263863 0.182968 0.088351
0.452921 0.354331 9.9982E-05 0.192548 9.9982E-05
0.348286 0.3918 9.9982E-05 0.259714 9.9982E-05
0.231287 0.181983 0.440991 0.14564 9.9991E-05
0.197017 0.245793 0.342331 0.18864 0.0262181
0.18943 0.362222 0.230853 0.217395 9.9991E-05
0.394633 0.337891 0.0740035 0.193372 9.9991E-05
0.152697 0.156184 0.524817 0.12658 0.0397232
0.351194 0.24792 0.209987 0.190799 9.9991E-05
0.437198 0.472275 9.9982E-05 0.0903268 9.9982E-05
0.127343 0.237076 0.35002 0.26482 0.0207401
0.0398476 0.262283 0.493732 0.181035 0.0231031
9.9982E-05 0.110262 0.584131 0.305407 9.9982E-05
0.00979311 0.20204 0.466634 0.296771 0.0247623
9.9982E-05 0.334207 0.369519 0.296074 9.9982E-05
0.0182589 0.257078 0.467122 0.195112 0.0624293
9.9991E-05 0.258019 0.43226 0.292862 0.0167596
0.0751474 0.307764 0.347408 0.261551 0.00812881
0.123097 0.218111 0.369457 0.133722 0.155613
9.9991E-05 0.307266 0.31156 0.285716 0.0953581
0.289118 0.326611 0.0683824 0.315789 9.9991E-05
0.156544 0.295528 0.17495 0.372878 9.9991E-05
0.0343399 0.825373 9.9982E-05 9.9982E-05 0.140088
0.0571936 0.0630807 0.121044 0.00306337 0.755618
9.997E-05 9.997E-05 9.997E-05 9.997E-05 0.9996
9.997E-05 9.997E-05 9.997E-05 9.997E-05 0.9996
9.9973E-05 9.9973E-05 9.9973E-05 0.00647411 0.993226
9.9973E-05 9.9973E-05 9.9973E-05 0.0901336 0.909566
9.9973E-05 9.9973E-05 0.0748495 9.9973E-05 0.924851
9.9973E-05 0.016528 9.9973E-05 9.9973E-05 0.983172
9.9982E-05 0.185545 9.9982E-05 0.00364591 0.810609
0.022879 0.888256 0.0531536 0.0356113 9.9991E-05
9.9991E-05 0.802186 0.00676777 0.0471691 0.143777
0.0518473 0.885219 0.00942597 0.0534081 9.9991E-05
0.0263654 0.822871 0.0261807 9.9991E-05 0.124483
0.0026566 0.905662 0.0362521 0.0553296 9.9991E-05
9.9982E-05 0.862312 9.9982E-05 0.0157391 0.121749
0.0083733 0.701096 0.0187415 0.185649 0.0861406
9.9982E-05 0.849256 9.9982E-05 0.0944292 0.0561152
9.9991E-05 0.738352 0.144753 0.0621026 0.0546919
0.0325642 0.877243 9.9982E-05 0.089993 9.9982E-05
0.0151512 0.976343 9.9982E-05 9.9982E-05 0.00830579
9.9991E-05 0.833044 0.0578472 0.0537047 0.0553042
9.9973E-05 0.986711 0.0129892 9.9973E-05 9.9973E-05
0.0388527 0.886855 0.0069578 0.0633888 0.00394596
9.9991E-05 0.854131 0.0732315 0.046487 0.0260506
9.9982E-05 0.846685 0.129806 0.0233092 9.9982E-05
9.9982E-05 0.778185 0.0468609 0.174754 9.9982E-05
9.9982E-05 0.811425 0.0994257 0.0889497 9.9982E-05
9.9982E-05 0.842402 0.0892647 0.068133 9.9982E-05
0.228268 0.180802 0.52671 9.9991E-05 0.0641211
0.0768597 0.151497 0.771443 9.9982E-05 9.9982E-05
0.690116 0.0427928 0.19113 0.0758615 9.9991E-05
0.0323852 0.143119 0.580194 0.0671298 0.177173
0.629963 0.150286 0.172404 0.0472472 9.9991E-05
0.175121 0.178654 0.554365 0.0830498 0.00881115
0.208661 0.158561 0.554926 9.9991E-05 0.0777518
0.0995827 0.148723 0.64225 0.00705227 0.102392
0.0965905 0.0601984 0.762934 0.0195292 0.0607482
0.101375 0.184122 0.570058 0.0151834 0.129263
9.9991E-05 0.179257 0.676399 0.00838641 0.135858
0.427822 9.9982E-05 9.9982E-05 0.110607 0.461371
0.784097 0.0418585 0.0378134 0.00784672 0.128384
0.584205 0.139617 0.218069 0.0429272 0.015182
0.159488 0.154983 0.607251 0.0781773 9.9991E-05
0.175937 0.147578 0.600305 0.0760796 9.9991E-05
0.0825156 0.278536 0.429886 0.208963 9.9991E-05
9.9982E-05 0.202652 0.683804 0.113344 9.9982E-05
0.109051 0.428971 0.105469 0.174013 0.182496
0.0800225 0.249925 0.396198 0.217507 0.0563484
0.396348 0.365218 9.9982E-05 0.238235 9.9982E-05
0.162295 0.273336 0.316167 0.248102 9.9991E-05
0.00690466 0.375431 0.30801 0.206341 0.103312
0.0124096 0.29506 0.453005 0.105119 0.134406
0.00600967 0.227661 0.520185 0.246044 9.9991E-05
0.139621 0.172484 0.503993 0.183802 9.9991E-05
0.0697519 0.481136 0.297186 0.136538 0.0153878
