0.0335778 0.0238087 0.843036 9.9991E-05 0.0994776
9.9973E-05 9.9973E-05 0.944557 0.0551427 9.9973E-05
0.131242 0.0281559 0.81717 0.0188241 0.00460819
0.0128572 0.0863664 0.807118 9.9991E-05 0.0935589
0.00930851 0.0557753 0.880908 9.9991E-05 0.0539079
0.156229 0.0159951 0.648366 0.126087 0.0533231
9.9982E-05 9.9982E-05 0.870795 0.108971 0.0200337
0.0213543 0.0484043 0.674238 0.110184 0.145819
9.9982E-05 9.9982E-05 0.834791 0.0405466 0.124463
9.9992E-05 0.151406 0.659745 0.113154 0.0755951
0.0426996 0.0213027 0.722067 0.0645592 0.149372
0.404388 0.0678048 9.9991E-05 0.152652 0.375055
0.587352 0.0727836 0.106544 0.0118021 0.221519
0.370812 0.0879443 0.0472783 0.157251 0.336714
0.443737 0.15295 0.0796894 9.9991E-05 0.323523
0.463103 0.0941867 0.204755 0.109971 0.127985
0.547135 0.105899 0.027969 0.168517 0.150481
0.495895 0.0807695 0.12015 0.0337478 0.269438
0.173922 0.0267493 0.064104 0.15832 0.576905
0.535051 0.0460741 0.0665077 0.146022 0.206345
0.431066 0.0914288 0.101319 0.153262 0.222924
0.674134 0.063142 0.0514603 0.083325 0.127939
0.366401 0.149596 9.9991E-05 0.190337 0.293567
0.582805 0.141204 0.0953693 9.9991E-05 0.180522
0.32025 0.131396 0.00877327 0.140713 0.398867
0.291638 0.193487 0.0760146 0.0471008 0.391759
0.326872 0.0652039 0.022498 0.196947 0.388479
0.0407032 0.128197 0.830899 9.9982E-05 9.9982E-05
0.0995277 0.0659797 0.834293 9.9982E-05 9.9982E-05
0.16187 9.9982E-05 0.834454 9.9982E-05 0.00347668
0.194707 0.0524108 0.732782 0.02 9.9991E-05
0.695087 0.0404388 0.0852737 0.137261 0.0419389
0.724354 0.0494989 0.0478886 0.178159 9.9991E-05
0.223394 0.0613841 0.0526411 0.0758432 0.586738
0.58851 9.9982E-05 0.00628162 0.405009 9.9982E-05
0.763134 0.0804191 0.0925472 0.0494863 0.0144136
0.609939 0.073648 0.132173 0.0447547 0.139485
0.661919 0.116603 0.0891286 9.9991E-05 0.13225
0.493883 9.9991E-05 0.0324974 0.325298 0.148221
0.678818 0.063509 0.0357659 0.15473 0.0671768
0.675369 9.9973E-05 9.9973E-05 0.324331 9.9973E-05
9.9982E-05 9.9982E-05 0.067643 0.911469 0.0206879
0.296818 9.9982E-05 9.9982E-05 0.215413 0.487569
0.168649 0.0548259 9.9991E-05 0.544249 0.232176
0.291084 9.9991E-05 0.112465 0.293262 0.303088
0.541709 0.155525 0.0554536 0.0659919 0.18132
0.485885 9.9991E-05 0.161236 0.134922 0.217857
0.122178 0.0968658 0.197593 0.198385 0.384978
0.472439 0.132987 0.0598748 0.0903651 0.244334
0.185662 9.9991E-05 0.0618522 0.196793 0.555594
0.565703 0.0820031 9.9991E-05 0.107662 0.244532
0.588948 0.222407 9.9991E-05 0.0891491 0.0993961
0.360025 0.151309 0.0602143 0.197971 0.230481
0.496535 0.091495 0.08308 0.146846 0.182044
0.367834 9.9991E-05 0.0299223 0.330369 0.271775
0.666186 0.0593572 9.9991E-05 0.210147 0.0642093
0.530581 9.9991E-05 0.0310063 0.289971 0.148341
0.276354 9.9973E-05 9.9973E-05 0.723346 9.9973E-05
0.363422 9.9973E-05 9.9973E-05 0.636278 9.9973E-05
0.648136 9.9982E-05 9.9982E-05 0.273622 0.0780425
0.688236 9.9991E-05 0.0897545 0.124868 0.0970416
0.750205 0.00680622 0.0350468 0.195438 0.0125036
0.480074 9.9991E-05 0.0331955 0.250197 0.236434
0.53712 9.9991E-05 0.00753415 0.170832 0.284413
0.628961 9.9991E-05 0.0323849 0.292579 0.0459751
0.645998 9.9991E-05 0.0742066 0.223653 0.0560427
0.664543 9.9982E-05 0.0655688 0.269689 9.9982E-05
0.281872 9.9973E-05 9.9973E-05 0.717828 9.9973E-05
0.082982 0.0386189 0.822038 9.9991E-05 0.056261
0.0405113 9.9982E-05 0.950804 0.00848461 9.9982E-05
0.0641074 0.0767571 0.858935 9.9982E-05 9.9982E-05
0.0344515 0.0245677 0.926053 0.0148279 9.9991E-05
0.104398 0.0136512 0.874938 0.00691257 9.9991E-05
0.0532096 0.0110656 0.929904 9.9991E-05 0.00572108
0.0473705 0.0252544 0.927175 9.9982E-05 9.9982E-05
0.396827 9.9982E-05 9.9982E-05 0.427695 0.175278
0.662487 0.0378655 0.0253328 0.146541 0.127774
0.858065 9.9991E-05 0.0580705 0.0772377 0.00652686
0.716167 9.9991E-05 0.123393 0.0792339 0.0811063
0.690844 0.0885861 0.00682372 0.213646 9.9991E-05
0.297437 9.9991E-05 0.00262798 0.439724 0.260111
0.60788 9.9982E-05 9.9982E-05 0.372852 0.0190679
0.730584 9.9982E-05 0.057894 0.211322 9.9982E-05
0.696729 9.9991E-05 0.0469345 0.144755 0.111481
0.61069 0.0447243 9.9982E-05 0.344386 9.9982E-05
0.659749 9.9991E-05 0.116313 0.119854 0.103984
0.346768 0.0269481 0.0613386 0.283177 0.281768
0.461686 0.101724 0.124417 0.0659667 0.246205
0.524301 0.053885 0.055637 0.0575223 0.308655
0.604324 0.103258 9.9991E-05 0.0550687 0.237249
0.590356 0.0702254 0.00665101 9.9991E-05 0.332668
0.675592 0.0937121 0.0402213 0.0958998 0.0945746
0.58988 0.0414848 9.9982E-05 9.9982E-05 0.368436
0.646027 0.130386 9.9991E-05 0.0763463 0.147141
0.542382 0.130449 9.9991E-05 0.142521 0.184547
0.298236 0.132389 0.0578143 0.236441 0.27512
0.609206 0.182957 9.9982E-05 9.9982E-05 0.207637
0.670993 0.135453 0.0507076 0.0371202 0.105726
0.259363 0.109382 0.0119422 0.192898 0.426415
0.194248 0.10805 9.9991E-05 0.420623 0.27698
0.118727 0.0985 9.9991E-05 0.488109 0.294564
0.411058 0.0326527 9.9991E-05 0.0880874 0.468102
0.566589 0.0543001 0.0265332 0.0100489 0.342528
0.500635 0.00032046 0.0289533 0.00946839 0.460623
0.391763 0.0862258 9.9991E-05 0.0863106 0.4356
0.613497 0.127192 0.0158546 0.0825734 0.160882
0.259082 0.0920712 9.9991E-05 0.285762 0.362985
0.503576 0.154748 0.0775254 0.157865 0.106285
0.111616 9.9991E-05 0.198201 0.54151 0.148573
0.39253 0.110348 0.102508 0.330466 0.064148
0.490441 0.128753 0.178009 0.202697 9.9991E-05
0.35838 0.0135864 0.1287 0.387156 0.112178
0.265204 9.9991E-05 0.105303 0.507697 0.121695
0.589371 9.9991E-05 0.0919605 0.228217 0.0903512
0.172641 0.133809 0.127626 0.493392 0.0725316
0.519158 0.0110073 9.9991E-05 0.351055 0.118679
0.53081 0.0804509 9.9991E-05 0.202201 0.186438
0.108062 0.328994 0.299249 0.263594 9.9991E-05
9.9982E-05 0.146013 0.55668 0.297107 9.9982E-05
9.9982E-05 0.131821 0.461732 0.406247 9.9982E-05
0.0596145 0.345405 0.379248 0.215632 9.9991E-05
0.710763 0.103025 0.0555165 0.110866 0.0198303
0.291102 0.704245 9.9982E-05 9.9982E-05 0.0044538
0.397327 0.0880194 9.9982E-05 0.514454 9.9982E-05
0.281919 0.123132 9.9982E-05 0.594749 9.9982E-05
0.622158 0.0426548 0.0376474 0.286987 0.0105527
0.547738 0.0475601 0.0137887 0.257098 0.133815
0.558607 0.162068 9.9982E-05 0.279125 9.9982E-05
0.344676 0.0137081 0.058222 0.583293 9.9991E-05
9.9973E-05 0.964567 9.9973E-05 0.0351331 9.9973E-05
0.12692 0.854719 9.9982E-05 9.9982E-05 0.0181607
0.253016 0.746684 9.9973E-05 9.9973E-05 9.9973E-05
0.168804 0.803481 0.0275152 9.9982E-05 9.9982E-05
9.997E-05 0.9996 9.997E-05 9.997E-05 9.997E-05
9.9973E-05 0.964341 9.9973E-05 9.9973E-05 0.0353594
0.136608 0.834499 9.9991E-05 0.0159052 0.0128872
0.0101512 0.965455 9.9982E-05 9.9982E-05 0.0241939
9.997E-05 0.9996 9.997E-05 9.997E-05 9.997E-05
9.997E-05 0.9996 9.997E-05 9.997E-05 9.997E-05
0.136991 0.767676 0.040913 9.9991E-05 0.0543204
0.104146 0.781678 0.0604847 9.9991E-05 0.053591
9.9982E-05 0.97887 0.00764181 9.9982E-05 0.0132881
0.174294 0.779564 0.0213461 9.9991E-05 0.0246962
0.0495706 0.886027 9.9982E-05 9.9982E-05 0.0642028
9.9973E-05 0.996011 9.9973E-05 0.0036892 9.9973E-05
0.0296959 0.918263 0.0518408 9.9982E-05 9.9982E-05
9.9973E-05 0.962401 0.0372992 9.9973E-05 9.9973E-05
0.33156 0.564955 0.0624697 9.9991E-05 0.0409152
0.0452704 0.882348 9.9991E-05 0.0352349 0.0370464
9.9982E-05 0.125615 0.322723 0.551462 9.9982E-05
0.389076 0.118818 0.193627 0.15325 0.14523
0.388361 0.198602 0.167626 0.158584 0.0868266
0.170197 0.122449 0.308285 0.357604 0.0414656
0.194217 0.152313 0.271945 0.381425 9.9991E-05
0.310591 0.259459 0.123042 0.306809 9.9991E-05
0.405146 0.264235 0.187718 0.1428 9.9991E-05
0.266334 0.301322 0.16872 0.263524 9.9991E-05
0.0393525 9.9991E-05 0.849525 0.02108 0.0899428
9.9973E-05 0.0591866 0.940514 9.9973E-05 9.9973E-05
9.9973E-05 9.9973E-05 0.954571 0.0451289 9.9973E-05
9.9973E-05 9.9973E-05 0.956924 9.9973E-05 0.0427763
9.9982E-05 0.0115709 0.86619 9.9982E-05 0.122039
9.9991E-05 0.0889312 0.876401 0.0254927 0.00907493
9.9982E-05 0.0714091 0.885061 9.9982E-05 0.0433294
9.9982E-05 9.9982E-05 0.900078 0.0620035 0.0377183
0.0320967 0.0120576 0.926492 0.0292534 9.9991E-05
9.9982E-05 0.0818992 0.879492 0.0384087 9.9982E-05
0.0087091 9.9991E-05 0.635034 0.0782353 0.277922
9.9991E-05 0.00799724 0.567728 0.0462916 0.377883
9.9982E-05 9.9982E-05 0.52575 0.16239 0.311661
0.00811311 9.9991E-05 0.478198 0.122005 0.391584
0.640086 0.0700424 0.0772895 0.0870196 0.125562
0.688681 0.0588293 0.053862 0.033316 0.165312
0.632695 9.9991E-05 0.0281598 0.124382 0.214664
0.291935 9.9982E-05 9.9982E-05 0.0971769 0.610688
0.714191 0.0908778 0.0765775 0.0265597 0.0917943
0.777443 0.0921524 9.9982E-05 0.130205 9.9982E-05
0.694241 0.0142153 0.00717455 0.148421 0.135948
0.605038 0.0367068 9.9991E-05 0.354634 0.00352152
0.688662 9.9991E-05 0.0292197 0.18488 0.0971384
0.129327 9.9982E-05 9.9982E-05 0.837938 0.0325351
0.483208 9.9973E-05 9.9973E-05 0.516492 9.9973E-05
0.648713 0.0655772 0.0215459 0.242777 0.0213873
0.452174 9.9991E-05 0.0114481 0.297401 0.238877
0.00206515 9.9991E-05 0.10359 0.0302905 0.863954
0.0267198 0.0111771 0.119803 0.0205994 0.821701
9.9973E-05 9.9973E-05 9.9973E-05 0.0428695 0.956831
9.9982E-05 9.9982E-05 0.069078 0.0103048 0.920417
0.0425214 0.0510652 0.00852105 0.01063 0.887262
0.0318054 0.0783046 0.037699 9.9991E-05 0.852091
0.0722785 0.0489301 0.878591 9.9982E-05 9.9982E-05
0.0528394 0.0486542 0.812157 9.9991E-05 0.0862497
0.0587434 0.142935 0.755679 9.9991E-05 0.0425422
0.128154 0.0756056 0.759599 9.9991E-05 0.036541
0.0917269 0.0726809 0.774235 9.9991E-05 0.0612577
9.9982E-05 9.9982E-05 0.340149 0.101278 0.558372
9.9982E-05 9.9982E-05 0.43701 0.129966 0.432825
0.0298625 9.9991E-05 0.434281 0.0473331 0.488424
0.0201618 0.11137 0.789877 9.9991E-05 0.0784905
0.0373353 9.9991E-05 0.374156 0.0531407 0.535268
0.232343 0.433839 0.188993 0.144724 9.9991E-05
0.416657 0.375779 0.207364 9.9982E-05 9.9982E-05
0.362819 0.229619 0.304619 0.102843 9.9991E-05
9.9982E-05 0.346904 0.376278 0.276618 9.9982E-05
0.54117 0.0358631 9.9991E-05 0.0955133 0.327353
0.459292 0.0565871 9.9991E-05 0.293723 0.190298
0.428377 0.0184635 0.111816 9.9991E-05 0.441243
0.599821 0.0369652 9.9991E-05 0.249963 0.113151
9.9973E-05 9.9973E-05 9.9973E-05 0.802834 0.196867
0.511426 0.0967771 0.0142302 0.139103 0.238464
0.473045 0.0179149 0.0270774 0.100229 0.381735
0.216619 0.0313576 9.9991E-05 0.488896 0.263027
0.400304 0.142122 9.9991E-05 0.309656 0.147818
0.55409 0.0829494 9.9991E-05 0.0445605 0.3183
0.438333 0.217481 0.159593 0.0791469 0.105445
0.436417 0.0936709 9.9991E-05 0.205732 0.26408
0.603479 0.00718841 0.0466632 0.140226 0.202443
0.63483 0.14864 9.9991E-05 0.112497 0.103933
0.661434 0.0416799 0.056531 0.0914949 0.14886
0.587993 0.183011 9.9991E-05 0.100505 0.128392
0.112094 0.0798667 0.807839 9.9982E-05 9.9982E-05
0.106976 0.0115557 0.881268 9.9982E-05 9.9982E-05
0.104391 9.9991E-05 0.826194 0.0352113 0.0341036
0.140208 9.9991E-05 0.781351 0.0233741 0.0549667
0.14299 0.0109904 0.84582 9.9982E-05 9.9982E-05
0.353072 0.0410389 9.9991E-05 0.0777501 0.528039
0.680761 0.17781 0.00311601 0.0286694 0.109643
0.620611 0.0463502 0.0507089 0.0949441 0.187386
0.270944 0.17075 9.9991E-05 0.302531 0.255675
0.0620389 9.9991E-05 0.118697 0.1976 0.621563
0.551277 0.098769 0.00104636 0.0376852 0.311222
0.263734 0.0352078 0.0552563 0.0916905 0.554111
0.559136 0.0225863 0.118396 0.11421 0.185672
0.214409 0.0421409 0.116552 0.167628 0.459271
0.191289 0.0495784 0.0813905 0.160425 0.517317
0.376043 0.111141 9.9991E-05 0.284444 0.228272
0.433932 0.0192775 0.0502145 0.449644 0.0469316
0.733344 0.0199798 0.116313 0.125384 0.00497885
0.446081 0.000768998 9.9991E-05 0.506034 0.0470159
0.688151 9.9991E-05 0.123041 0.169926 0.0187827
0.200313 9.9982E-05 9.9982E-05 0.692405 0.107082
0.347419 0.0200168 9.9991E-05 0.616219 0.0162448
0.544545 0.0461264 0.0172464 0.325538 0.0665441
0.309161 9.9982E-05 9.9982E-05 0.648415 0.042224
0.57507 0.0808031 9.9991E-05 0.211672 0.132355
0.222565 0.0201907 9.9991E-05 0.130251 0.626893
0.347913 0.104156 9.9991E-05 0.218762 0.329069
0.454091 0.117147 0.0451696 0.0716469 0.311945
0.628058 0.125031 0.0594101 0.0310586 0.156443
0.437448 9.9982E-05 9.9982E-05 0.10089 0.461462
0.446971 0.214825 0.00880277 0.0896143 0.239787
0.562519 0.0644551 0.0672195 0.0260936 0.279712
0.323188 0.11428 9.9991E-05 0.122634 0.439798
0.378364 0.130245 9.9991E-05 0.0517476 0.439543
0.550091 0.123859 0.0318077 0.0941581 0.200084
0.410978 0.0851759 0.0685468 0.2071 0.2282
0.483974 0.175482 9.9991E-05 0.0537514 0.286692
0.409929 0.105328 0.0751649 0.0478752 0.361702
0.572681 0.147317 0.0424326 9.9991E-05 0.237469
0.409319 0.213168 0.352037 0.0253758 9.9991E-05
0.46558 0.252424 0.134844 0.147051 9.9991E-05
0.664551 0.162205 0.104956 0.00248099 0.0658069
0.47922 0.285841 0.222321 0.0125187 9.9991E-05
0.4795 0.125727 9.9991E-05 0.211588 0.183085
0.0389312 0.185682 0.219593 0.555694 9.9991E-05
0.523221 0.224028 0.151405 0.0599244 0.0414213
0.414353 0.333395 0.0893556 0.0957384 0.0671588
0.301553 0.155932 0.254044 0.23295 0.0555215
0.491399 0.25691 0.199442 0.0521491 9.9991E-05
9.9982E-05 0.195033 0.443267 0.361501 9.9982E-05
0.507769 0.31487 0.17716 9.9982E-05 9.9982E-05
0.532407 0.237326 0.148177 9.9991E-05 0.08199
0.524015 0.107817 0.0204007 0.315339 0.0324275
0.189934 9.9982E-05 9.9982E-05 0.75319 0.0566753
0.21741 9.9982E-05 9.9982E-05 0.699579 0.0828103
0.384577 0.357048 0.110066 0.0796428 0.0686661
0.230805 0.453106 0.105799 0.21019 9.9991E-05
0.112989 0.352452 0.212657 0.310455 0.0114472
0.326113 0.3569 0.164256 0.126143 0.0265875
0.118387 0.154604 0.0546969 0.672212 9.9991E-05
0.244805 0.114224 0.146006 0.494865 9.9991E-05
0.587172 0.204513 9.9991E-05 0.175956 0.0322587
0.539645 0.209516 0.0901062 0.160632 9.9991E-05
0.309788 0.18285 0.0166436 0.490618 9.9991E-05
0.554623 0.208351 0.0549197 0.0539215 0.128185
0.535551 0.196033 0.0599043 0.171423 0.0370884
0.567152 9.9991E-05 0.0658094 0.297441 0.0694981
0.602851 0.0448358 9.9991E-05 0.252999 0.0992146
0.472548 0.0925542 0.119572 0.218327 0.0969992
0.555113 0.0982469 9.9982E-05 0.34644 9.9982E-05
0.401192 9.9982E-05 9.9982E-05 0.502816 0.0957923
0.748807 0.0731172 0.0182095 0.159766 9.9991E-05
0.454885 0.00716155 9.9991E-05 0.412087 0.125767
0.605667 0.0456147 0.0388177 0.299727 0.0101744
0.340006 0.392637 0.170931 0.0963265 9.9991E-05
0.320723 0.255021 0.193367 0.159345 0.0715437
0.00473747 0.192768 0.194619 0.555854 0.0520211
0.547894 0.294658 0.107168 9.9991E-05 0.0501804
9.9982E-05 0.203176 0.34201 0.454614 9.9982E-05
0.516182 0.286478 0.0686242 0.128616 9.9991E-05
0.270958 9.9973E-05 9.9973E-05 0.728742 9.9973E-05
0.133639 9.9982E-05 9.9982E-05 0.820264 0.0458973
0.712193 0.0235359 9.9982E-05 0.264071 9.9982E-05
0.678626 0.126089 0.0673324 0.108116 0.0198364
0.611885 9.9973E-05 9.9973E-05 0.387815 9.9973E-05
0.682137 0.0641567 0.019696 0.233911 9.9991E-05
0.626829 0.105068 9.9991E-05 0.221213 0.0467907
0.110244 0.0457275 0.806511 0.0190201 0.0184977
9.9982E-05 0.0811804 0.733335 9.9982E-05 0.185284
9.9982E-05 0.0750745 0.884699 9.9982E-05 0.0400266
0.0612247 9.9973E-05 0.938475 9.9973E-05 9.9973E-05
0.722571 9.9991E-05 0.0515694 0.164827 0.0609326
0.739959 9.9991E-05 0.0247358 0.143867 0.0913379
0.503092 9.9991E-05 0.0651357 0.334214 0.0974582
0.801646 0.0704179 0.0076642 0.109597 0.0106749
0.547249 9.9973E-05 9.9973E-05 0.452451 9.9973E-05
0.469601 0.202992 0.289567 9.9991E-05 0.0377402
0.552847 0.0636624 9.9991E-05 0.340291 0.0430997
0.609855 9.9991E-05 0.0221537 0.196978 0.170914
0.79569 0.0028867 0.0295782 0.116056 0.0557891
0.70682 9.9991E-05 0.0517637 0.192338 0.0489782
0.730264 0.011191 9.9982E-05 0.258345 9.9982E-05
0.425941 9.9973E-05 9.9973E-05 0.573759 9.9973E-05
0.60365 9.9991E-05 0.0166801 0.362362 0.017208
0.584973 0.0127795 9.9991E-05 0.346129 0.0560189
0.1518 9.9973E-05 9.9973E-05 0.8479 9.9973E-05
0.64356 0.0233408 0.0674934 0.186102 0.0795036
0.288663 0.00678986 0.0166327 0.687814 9.9991E-05
0.166927 9.9973E-05 9.9973E-05 0.832773 9.9973E-05
0.744778 0.114499 0.0259016 0.114721 9.9991E-05
0.56606 9.9991E-05 0.0206391 0.299539 0.113662
0.610417 0.142111 0.0119142 0.124844 0.110714
0.73028 0.0601213 0.00255738 0.12423 0.082811
0.386154 0.109816 9.9991E-05 0.199274 0.304657
0.693395 0.0718444 9.9991E-05 0.0779071 0.156754
0.684836 0.0489582 0.0450603 0.0889634 0.132182
0.615466 9.9973E-05 9.9973E-05 0.384234 9.9973E-05
0.0129664 9.9991E-05 0.68081 0.0186303 0.287493
0.0843405 9.9991E-05 0.779712 0.0438508 0.0919968
9.9982E-05 9.9982E-05 0.784529 0.0744171 0.140854
9.9982E-05 9.9982E-05 0.827807 0.0401615 0.131832
0.0801336 9.9982E-05 0.723686 9.9982E-05 0.19598
0.526201 9.9982E-05 9.9982E-05 0.276077 0.197522
0.436526 9.9991E-05 0.0640338 0.33709 0.162251
0.537553 9.9973E-05 9.9973E-05 0.462147 9.9973E-05
0.637779 0.0288946 9.9982E-05 0.333126 9.9982E-05
0.729416 0.12646 9.9982E-05 0.143924 9.9982E-05
0.577836 9.9982E-05 0.12418 0.297784 9.9982E-05
0.68827 0.0183141 0.0267499 0.17773 0.0889359
0.585422 9.9982E-05 9.9982E-05 0.288194 0.126184
0.672481 9.9991E-05 0.0356808 0.185945 0.105793
0.673536 9.9982E-05 9.9982E-05 0.198787 0.127477
0.585798 0.0786698 0.178684 0.0907799 0.066069
0.693609 9.9991E-05 0.00504045 0.13621 0.16504
0.635239 0.0472776 0.00910118 0.183902 0.124481
0.397791 0.523476 0.0671153 9.9991E-05 0.0115182
0.266428 0.540321 0.146493 0.0466583 9.9991E-05
0.577375 0.134523 0.0200579 0.267944 9.9991E-05
0.018611 0.665758 0.287191 0.00495052 0.0234893
0.262368 0.533309 0.204123 9.9982E-05 9.9982E-05
0.403931 0.267049 0.0930284 0.198728 0.037263
0.626363 0.110992 0.106853 0.113888 0.0419037
0.451833 0.114468 0.126592 0.181344 0.125762
0.27448 0.523272 0.202049 9.9982E-05 9.9982E-05
0.33173 0.586854 0.0617381 0.0195783 9.9991E-05
0.277135 0.577724 0.144941 9.9982E-05 9.9982E-05
0.282089 0.572356 0.119379 0.0260769 9.9991E-05
0.598935 0.0973937 0.10991 0.193662 9.9991E-05
0.117754 0.663545 0.145276 0.029197 0.0442275
0.306111 0.0109104 0.183698 0.260785 0.238496
0.575079 0.209889 0.0325369 0.125241 0.0572533
0.601914 0.117197 0.147748 0.00752833 0.125613
0.533963 0.0863915 0.190378 0.117955 0.0713125
0.361534 0.259104 0.189874 0.17991 0.009578
0.357052 0.330121 0.192604 0.102326 0.0178971
0.155579 0.606773 0.209154 0.028393 9.9991E-05
0.574904 0.0126202 0.14967 0.235345 0.0274608
0.124159 0.150514 0.0995482 0.590425 0.035353
0.384778 0.091525 0.123142 0.128641 0.271914
0.416073 0.143493 0.250593 0.106603 0.083237
9.9982E-05 0.167993 0.358185 0.473622 9.9982E-05
9.9982E-05 0.14038 0.323101 0.53632 9.9982E-05
0.374974 0.13647 0.165863 0.260951 0.0617416
0.0295109 0.228563 0.327358 0.414468 9.9991E-05
9.9982E-05 0.238468 0.446175 0.315157 9.9982E-05
0.358898 0.206311 0.172731 0.187269 0.0747907
0.329293 0.25296 0.213907 0.16458 0.0392591
0.186692 0.196942 0.311714 0.304551 9.9991E-05
0.0539002 0.172138 0.320183 0.453678 9.9991E-05
0.510205 0.217145 0.131274 0.128149 0.0132263
0.161194 0.192194 0.222728 0.423784 9.9991E-05
9.9982E-05 0.0850096 0.461759 0.453031 9.9982E-05
0.267888 0.341262 0.12193 0.185273 0.0836467
0.450462 0.179661 0.341087 0.0286904 9.9991E-05
0.483676 0.372795 0.143329 9.9982E-05 9.9982E-05
0.459552 0.359213 0.166223 0.00137137 0.0136403
0.340553 0.284634 0.326156 9.9991E-05 0.0485567
0.465648 0.242604 0.250671 0.0156475 0.0254298
0.453038 0.286987 0.24889 9.9991E-05 0.0109843
0.370739 0.291272 0.227555 0.0541341 0.0563004
0.359573 0.157033 0.226667 0.0795131 0.177214
0.293337 0.378249 0.26368 0.0509218 0.0138125
0.149127 0.248189 0.396597 0.205986 9.9991E-05
0.186047 0.394373 0.243715 0.175765 9.9991E-05
0.0261422 9.9991E-05 0.765964 0.0267843 0.18101
0.0752644 0.00676695 0.0488039 0.048408 0.820757
9.997E-05 9.997E-05 9.997E-05 9.997E-05 0.9996
9.997E-05 9.997E-05 9.997E-05 9.997E-05 0.9996
9.9973E-05 0.0254454 9.9973E-05 9.9973E-05 0.974255
0.0161435 0.0507414 9.9982E-05 9.9982E-05 0.932915
0.124428 9.9973E-05 9.9973E-05 9.9973E-05 0.875272
9.9982E-05 9.9982E-05 0.0153038 0.00326661 0.98123
9.9973E-05 9.9973E-05 0.215744 9.9973E-05 0.783956
0.0549696 0.0435854 0.861467 0.0209685 0.01901
0.104456 9.9982E-05 0.830556 9.9982E-05 0.0647877
0.0317771 0.0560153 0.89292 9.9991E-05 0.0191877
0.0376598 0.00700726 0.845661 0.0261147 0.0835576
0.0516952 0.0040058 0.944099 9.9982E-05 9.9982E-05
0.0143395 9.9982E-05 0.86566 9.9982E-05 0.1198
0.0406574 0.153669 0.744948 0.0120574 0.0486677
0.0139419 0.11692 0.834356 0.0346826 9.9991E-05
0.108534 0.0421243 0.747647 0.015232 0.0864622
0.0177802 0.0607197 0.89049 0.0309098 9.9991E-05
9.9973E-05 9.9973E-05 0.974486 9.9973E-05 0.0252136
0.080202 0.00965599 0.892374 0.00467446 0.0130938
9.9973E-05 9.9973E-05 0.96275 9.9973E-05 0.0369499
0.0691692 0.0315506 0.89908 9.9982E-05 9.9982E-05
0.0524346 0.0609464 0.867934 9.9991E-05 0.0185851
0.0470055 0.107842 0.844952 9.9982E-05 9.9982E-05
0.0808467 0.161228 0.757725 9.9982E-05 9.9982E-05
0.173707 0.0542049 0.771888 9.9982E-05 9.9982E-05
0.113894 0.0898602 0.796046 9.9982E-05 9.9982E-05
0.417705 0.0262115 0.195777 0.267117 0.0931885
0.749 0.0842055 0.0876152 0.0790797 9.9991E-05
0.185718 0.0730273 0.089165 0.65199 9.9991E-05
0.640738 9.9991E-05 0.17644 0.0709125 0.111809
0.12288 0.077318 0.117571 0.682131 9.9991E-05
0.613286 0.116988 0.133342 0.136283 9.9991E-05
0.568971 9.9991E-05 0.106941 0.116076 0.207912
0.561999 0.0265429 0.12104 0.158548 0.131869
0.684047 0.0254758 0.0816738 0.105166 0.103638
0.521829 0.0365832 0.062926 0.210804 0.167857
0.64305 0.0741531 0.0827442 0.0900094 0.110043
0.118181 0.0989484 9.9991E-05 0.396528 0.386243
0.063524 9.9991E-05 0.0382279 0.822879 0.0752689
0.214619 0.0283765 0.0851314 0.617049 0.0548239
0.51775 0.132776 0.105981 0.221173 0.0223205
0.630097 9.9982E-05 0.232245 0.137459 9.9982E-05
0.448189 0.214957 0.229331 0.107424 9.9991E-05
0.60699 0.203416 0.186466 0.00302768 9.9991E-05
0.173699 0.180348 0.433995 0.0834911 0.128467
0.48062 0.164597 0.26644 0.0209781 0.0673645
9.9982E-05 0.236081 0.370885 0.392834 9.9982E-05
0.310294 0.257985 0.29295 0.138671 9.9991E-05
0.329536 0.207186 0.371795 0.0414136 0.0500698
0.374742 0.0931765 0.333423 0.032224 0.166434
0.469081 0.243953 0.226926 0.0524706 0.0075683
0.334027 0.253881 0.242429 0.169563 9.9991E-05
0.256109 0.224771 0.465301 0.0537191 9.9991E-05
