0.0448042 0.859835 9.9964E-05 9.9964E-05 9.9964E-05 0.0949611 9.9964E-05
9.9964E-05 0.931168 9.9964E-05 9.9964E-05 0.0528568 0.0155757 9.9964E-05
0.0378685 0.829689 0.0526718 0.079471 9.9973E-05 9.9973E-05 9.9973E-05
0.0804467 0.787567 9.9973E-05 0.0476237 9.9973E-05 0.0840628 9.9973E-05
0.0481497 0.891346 9.9973E-05 0.0273556 0.0328488 9.9973E-05 9.9973E-05
0.000602244 0.578953 0.056864 0.126072 0.013963 0.0340385 0.189507
0.00619717 0.816294 0.00547995 9.9991E-05 0.0677342 0.00927905 0.0949158
9.9973E-05 0.750026 9.9973E-05 0.0594177 9.9973E-05 0.0963951 0.0938611
9.99729E-05 0.833523 0.0362645 9.99729E-05 9.99729E-05 0.0869351 0.0429776
0.00826366 0.728093 9.9991E-05 0.120996 0.0871126 0.00855216 0.0468829
9.9973E-05 0.733752 9.9973E-05 0.00507798 9.9973E-05 0.115827 0.145043
0.118842 9.9982E-05 0.181734 0.194155 9.9982E-05 0.496805 0.00826433
0.0451433 9.9982E-05 9.9982E-05 0.549947 0.0254472 0.311182 0.0680811
0.0242259 0.0752546 0.0493746 0.275092 0.129797 0.411048 0.0352085
0.151458 0.0562777 0.164632 0.26152 0.0253535 0.324476 0.0162824
0.185147 0.0864961 0.112534 0.325838 0.0307084 0.186585 0.0726915
0.182403 0.111504 0.0747389 0.497254 0.0992778 0.023777 0.0110454
0.114738 0.000727478 0.154846 0.41954 0.0299497 0.23268 0.0475183
0.0733522 0.125797 0.163506 0.371102 0.00471697 0.261425 9.9991E-05
0.0718265 0.0206276 0.104806 9.9982E-05 9.9982E-05 0.664664 0.137876
0.140406 0.00518875 0.207829 0.325403 0.0140514 0.275295 0.0318265
0.0533972 0.0157223 0.0568265 0.470638 0.0729047 0.119659 0.210852
0.0415633 0.109931 0.0974325 0.477924 0.0476463 0.204815 0.020688
0.0762086 9.9982E-05 0.195915 0.286816 9.9982E-05 0.318675 0.122186
0.0646462 0.0797109 0.112073 0.609717 0.0275686 0.106184 9.9991E-05
0.110791 9.9991E-05 0.0403317 0.486999 0.014555 0.238307 0.108916
0.15892 0.00970848 0.185935 0.116627 9.9991E-05 0.506676 0.0220349
0.197745 9.9982E-05 0.184389 0.183879 9.9982E-05 0.372035 0.0617532
0.045123 9.9991E-05 0.176219 0.209029 0.0226414 0.43824 0.108648
0.0624154 0.829196 9.9964E-05 0.107988 9.9964E-05 9.9964E-05 9.9964E-05
0.0104373 0.8307 9.9964E-05 0.158463 9.9964E-05 9.9964E-05 9.9964E-05
0.0363051 0.785907 0.0234837 0.154005 9.9973E-05 9.9973E-05 9.9973E-05
0.0731553 0.72905 9.9973E-05 0.165499 9.9973E-05 9.9973E-05 0.0319957
0.00542889 0.0510191 0.285692 0.520514 0.0275177 0.109728 9.9991E-05
0.0531735 0.0749902 0.414453 0.409697 0.00485791 0.0427277 9.9991E-05
9.9982E-05 0.0569238 0.331162 0.581729 0.0261811 9.9982E-05 0.00380487
0.0137387 0.0894684 0.13667 0.149501 0.0701932 0.540329 9.9991E-05
0.0391557 0.0480202 0.52995 0.293981 0.0556415 9.9991E-05 0.0331513
0.00293218 0.0904285 0.325332 0.468462 0.0342541 0.0743785 0.00421225
0.0585359 9.9973E-05 0.21002 0.662007 0.0691373 9.9973E-05 9.9973E-05
9.9991E-05 0.103715 0.135907 0.556636 0.0445119 0.0050692 0.15406
0.0131118 0.0883563 0.155385 0.56553 9.9991E-05 0.105032 0.0724846
9.9973E-05 0.0370826 0.679312 0.131375 9.9973E-05 0.15193 9.9973E-05
0.0451765 0.0250218 0.0935137 0.548352 9.9982E-05 9.9982E-05 0.287736
0.0711038 0.0337672 0.289303 0.509617 0.0396496 0.0182232 0.0383366
0.0492199 0.132286 0.106227 0.549379 0.0165234 0.068231 0.0781327
9.9964E-05 9.9964E-05 0.673512 0.291497 0.0345911 9.9964E-05 9.9964E-05
0.0803664 0.0729556 0.288559 0.507251 9.9982E-05 9.9982E-05 0.0506676
0.0675778 0.0788548 0.214351 0.438137 0.0924368 0.0167948 0.0918474
9.9964E-05 0.0491798 0.655727 9.9964E-05 9.9964E-05 9.9964E-05 0.294694
0.0260061 9.9991E-05 0.226374 0.141908 0.10596 0.409917 0.0897339
0.0585449 9.9991E-05 0.147674 0.0659269 0.106444 0.262755 0.358555
0.0327191 0.0634638 9.9991E-05 0.616621 0.0334592 0.202914 0.0507231
0.00772442 0.133084 0.00656216 0.599469 0.124396 0.0572009 0.0715635
0.0448299 0.0892768 0.0226737 0.608042 0.0939424 0.0636548 0.0775803
9.9991E-05 0.121293 0.333854 0.109736 0.0364453 0.341413 0.0571579
9.9973E-05 9.9973E-05 9.9973E-05 0.62415 0.0878357 0.193419 0.0942955
0.0541706 0.0685513 0.0112904 0.552584 9.9991E-05 0.164301 0.149002
9.9991E-05 0.152705 0.199284 0.310932 0.128266 0.144023 0.0646911
0.0718026 0.140359 0.217891 0.0824119 0.00715213 0.318294 0.16209
9.9982E-05 0.152126 0.287846 0.50574 9.9982E-05 0.0532887 0.000800405
0.0743354 0.0640641 0.00902042 0.390646 0.105472 0.292354 0.0641083
9.9991E-05 0.0234576 0.225395 0.0533142 0.0307409 0.537772 0.129221
0.0273952 9.9991E-05 0.12846 0.483005 0.0770067 0.161653 0.12238
0.0383128 0.0120787 0.0497972 0.6121 0.21549 0.0219801 0.0502414
0.0686604 0.0408466 0.06837 0.533399 0.0123715 0.169664 0.106688
0.0163423 0.0748232 0.204489 0.311896 0.0790418 0.238889 0.0745188
0.0842058 0.00111422 0.169169 0.394531 0.0844662 0.179867 0.086647
0.0611587 0.0183308 0.104487 0.496942 0.0904693 0.159867 0.0687448
9.9991E-05 0.0106749 0.21086 0.197455 0.0119658 0.445023 0.123922
9.9964E-05 9.9964E-05 0.508384 0.42681 9.9964E-05 0.0644065 9.9964E-05
0.00756985 9.9973E-05 0.704237 0.151876 9.9973E-05 0.136018 9.9973E-05
0.041313 0.0939601 0.189136 0.487128 0.0264533 0.102894 0.0591157
9.9955E-05 9.9955E-05 0.846005 9.9955E-05 9.9955E-05 9.9955E-05 0.153495
9.9973E-05 9.9973E-05 0.842267 9.9973E-05 0.063134 0.00531581 0.0889833
0.00590361 9.9982E-05 0.680559 0.265749 0.0453397 9.9982E-05 0.00224841
9.9964E-05 9.9964E-05 0.43749 0.454488 9.9964E-05 0.107623 9.9964E-05
0.0153822 0.0892601 0.205288 0.556797 0.0237771 0.109395 9.9991E-05
0.056663 0.00554991 0.524539 0.328449 9.9982E-05 0.0845986 9.9982E-05
0.0235143 0.0513121 0.685909 0.0621829 9.9982E-05 0.176882 9.9982E-05
9.9973E-05 0.0810833 0.503958 0.212854 9.9973E-05 0.201805 9.9973E-05
0.0285376 0.0742207 0.25992 0.553572 0.0130702 9.9991E-05 0.0705787
0.00334109 0.054372 0.675094 0.243105 0.0193128 0.0046745 9.9991E-05
0.000428887 0.0534875 0.49844 0.413617 9.9991E-05 0.00819579 0.025731
9.9973E-05 9.9973E-05 0.550995 0.33936 0.0875158 9.9973E-05 0.02183
9.9982E-05 0.00740072 0.670407 9.9982E-05 0.140237 0.0255281 0.156227
0.00320206 0.0429193 0.236122 0.601685 9.9982E-05 0.115872 9.9982E-05
0.0263523 0.816927 9.9973E-05 0.0853401 9.9973E-05 0.0710808 9.9973E-05
9.9955E-05 0.894239 9.9955E-05 0.105262 9.9955E-05 9.9955E-05 9.9955E-05
0.0220812 0.85996 9.9964E-05 0.117559 9.9964E-05 9.9964E-05 9.9964E-05
9.9964E-05 0.888685 9.9964E-05 0.0763411 9.9964E-05 9.9964E-05 0.0345742
0.00414599 0.885039 9.9973E-05 0.0927235 0.0177917 9.9973E-05 9.9973E-05
0.0823544 0.849983 9.9973E-05 0.0129715 0.0543913 9.9973E-05 9.9973E-05
0.0254114 0.91735 9.9964E-05 0.0568386 9.9964E-05 9.9964E-05 9.9964E-05
9.9982E-05 0.088544 0.232314 0.500434 9.9982E-05 0.136983 0.0415246
0.0349015 0.0954875 0.141691 0.612873 9.9991E-05 0.0793575 0.0355896
9.9982E-05 0.0328992 0.85334 0.0138222 0.0326278 0.0671103 9.9982E-05
0.0720919 0.0672363 0.1579 0.519499 0.0722023 9.9991E-05 0.110971
9.9973E-05 0.0517189 0.39189 0.349694 9.9973E-05 0.206398 9.9973E-05
0.00609876 0.0198549 0.353189 0.61559 0.0050673 9.9982E-05 9.9982E-05
0.102649 0.018813 0.384977 0.401282 0.0708007 9.9991E-05 0.0213782
0.0627349 9.9973E-05 0.456203 0.438387 0.0423751 9.9973E-05 9.9973E-05
9.9973E-05 0.0754372 0.738009 9.9973E-05 0.0339005 0.152354 9.9973E-05
0.0781344 0.0822541 0.236803 0.492681 0.0534389 0.00349534 0.0531935
0.0545111 0.00921458 0.186772 0.632937 0.0890728 9.9991E-05 0.0273917
0.0468716 0.0946261 0.264035 0.500174 9.9991E-05 0.0504029 0.0437903
9.9973E-05 9.9973E-05 0.539306 0.278109 0.0268431 9.9973E-05 0.155442
0.0495616 0.00259952 0.363483 0.499107 0.0850492 9.9982E-05 9.9982E-05
9.9982E-05 9.9982E-05 0.400702 0.355028 0.044991 0.170035 0.029044
0.122162 9.9973E-05 0.534553 0.265431 0.0775544 9.9973E-05 9.9973E-05
9.9973E-05 0.0734863 0.432307 0.435647 9.9973E-05 0.0582604 9.9973E-05
9.9991E-05 0.0784711 0.163067 0.543703 0.0999992 0.0530239 0.0616358
0.00700413 0.0488838 0.0910331 0.268951 0.234343 0.259217 0.0905683
0.00802094 0.138304 0.0480204 0.436395 9.9991E-05 0.350555 0.018604
0.0182907 0.11368 0.0337528 0.542749 0.147239 0.144188 9.9991E-05
0.00134897 0.116616 0.0416668 0.599886 0.121272 0.11911 9.9991E-05
9.9982E-05 0.033616 0.0858439 0.48214 9.9982E-05 0.356588 0.0416125
0.0876487 9.9982E-05 9.9982E-05 0.51112 0.0564483 0.312652 0.0319309
0.0344576 0.0277491 0.0891885 0.432259 0.0746821 0.341564 9.9991E-05
9.9982E-05 0.0955624 0.103979 0.528612 0.0331023 0.238544 9.9982E-05
0.0163078 0.0958807 0.0591033 0.672352 9.9991E-05 0.0942636 0.0619928
9.9991E-05 0.0424526 0.118561 0.536976 0.0454152 0.192334 0.0641605
9.9964E-05 9.9964E-05 9.9964E-05 0.574101 9.9964E-05 0.391751 0.0337477
9.9973E-05 0.0252428 9.9973E-05 0.694432 9.9973E-05 0.102263 0.177762
0.0356025 0.12291 0.14674 0.51495 0.179598 9.9982E-05 9.9982E-05
0.0118023 9.9982E-05 0.107347 0.629426 0.0798763 0.171349 9.9982E-05
0.0430627 9.9982E-05 9.9982E-05 0.557139 0.0156607 0.225612 0.158325
0.0877204 9.9982E-05 9.9982E-05 0.547659 0.169757 0.181881 0.0127828
9.9991E-05 0.120116 0.000983436 0.362304 0.105007 0.22845 0.183041
0.095691 9.9982E-05 0.140304 0.591337 9.9982E-05 0.157619 0.0148489
0.0340353 0.0279828 9.9991E-05 0.639313 0.0963474 0.166385 0.0358369
0.0717589 0.0066935 0.2229 0.224367 0.0288637 0.387693 0.0577243
0.0564844 9.9991E-05 0.0653121 0.146267 0.174769 0.310775 0.246293
0.0605413 0.0462963 0.0632456 0.523042 0.0749098 0.21076 0.0212054
0.0588018 9.9982E-05 0.203327 9.9982E-05 0.285459 0.368815 0.0833971
9.9991E-05 0.0437105 0.148087 0.27444 0.0607595 0.445 0.0279025
9.9982E-05 9.9982E-05 0.239003 0.361885 0.0775704 0.277937 0.0434039
9.9982E-05 0.00159246 0.263107 0.312859 9.9982E-05 0.421663 0.000578557
9.9982E-05 9.9982E-05 0.141858 0.262665 0.0118077 0.468129 0.115341
9.9991E-05 0.028179 0.0180983 0.664355 0.007318 0.204408 0.0775418
0.0884726 0.0808804 0.138296 0.543275 0.0327107 0.116266 9.9991E-05
0.0819357 0.00519255 0.128355 0.44051 0.0420796 0.301827 9.9991E-05
0.108346 9.9991E-05 0.251534 0.0718468 0.0768329 0.31417 0.17717
0.0609009 0.211689 0.15689 0.452669 0.0249364 0.0631971 0.0297183
0.070931 9.9991E-05 0.154243 0.437535 0.0869277 0.0452674 0.204996
9.9991E-05 0.099443 0.146921 0.000742761 0.136715 0.128819 0.48726
0.00973288 0.147242 0.0340422 0.600418 0.134376 9.9991E-05 0.0740886
9.9982E-05 0.0916305 0.232855 0.336905 0.120686 9.9982E-05 0.217724
0.0474537 0.0718929 0.0111216 0.54961 0.141854 9.9991E-05 0.177968
9.9991E-05 0.0408721 0.0698432 0.289114 0.0672837 0.123354 0.409433
9.9991E-05 0.0340722 0.0516946 0.226309 0.1361 0.16946 0.382264
9.9991E-05 0.0390605 0.139423 0.395894 0.141628 0.137395 0.1465
9.9991E-05 0.0862596 0.0672827 0.469375 0.134058 0.00700154 0.235923
0.122849 0.106749 0.0242707 0.42972 0.0624127 0.100768 0.15323
0.153008 9.9991E-05 0.225523 0.0282231 0.0661024 0.091391 0.435652
0.0434961 0.0553762 0.0248862 0.519012 0.0722208 0.104792 0.180216
9.9973E-05 9.9973E-05 0.19486 0.36031 9.9973E-05 0.149197 0.295333
0.0174271 9.9991E-05 0.234743 0.399398 0.0428716 0.152388 0.153072
0.0217953 0.123924 9.9982E-05 0.663368 0.117807 9.9982E-05 0.0729053
0.238661 0.328563 9.9973E-05 0.167471 9.9973E-05 9.9973E-05 0.265005
0.174003 0.439453 9.9964E-05 9.9964E-05 9.9964E-05 9.9964E-05 0.386144
0.17636 0.39783 9.9964E-05 9.9964E-05 9.9964E-05 9.9964E-05 0.42541
0.369672 0.312722 9.9982E-05 0.0442447 9.9982E-05 0.0606485 0.212513
9.9973E-05 9.9973E-05 0.102506 0.718872 0.0536826 9.9973E-05 0.12464
0.112837 0.0525492 0.0729832 0.571969 0.000805271 0.0967822 0.0920733
0.71048 9.9964E-05 0.0570131 0.232107 9.9964E-05 9.9964E-05 9.9964E-05
0.475805 0.0541297 0.0974757 0.297915 9.9982E-05 0.0744747 9.9982E-05
0.426847 0.151003 0.147442 0.23485 0.0340336 0.00572458 9.9991E-05
9.9973E-05 9.9973E-05 0.0194432 0.369111 0.20929 9.9973E-05 0.401856
0.0165465 0.143655 0.0677865 0.618566 0.0506001 9.9991E-05 0.102746
9.9973E-05 9.9973E-05 0.056857 0.243096 0.202561 9.9973E-05 0.497186
0.0574257 0.0156845 0.0706832 0.557651 0.0579388 0.0415156 0.199101
9.9991E-05 0.0186651 0.148478 0.452716 0.117165 0.122502 0.140374
0.0012568 0.0125072 0.0272454 0.619876 0.0923593 9.9991E-05 0.246656
9.9982E-05 9.9982E-05 0.102339 0.241982 0.13518 0.044306 0.475994
0.0989466 0.0653896 0.190973 0.550003 9.9991E-05 0.024483 0.0701049
0.0669094 0.0503481 0.211101 0.53455 9.9982E-05 9.9982E-05 0.136891
0.9994 9.995E-05 9.995E-05 9.995E-05 9.995E-05 9.995E-05 9.995E-05
0.922041 9.9964E-05 0.0244014 0.0531576 9.9964E-05 9.9964E-05 9.9964E-05
0.634653 0.00530511 0.0873117 0.197757 9.9982E-05 0.0747735 9.9982E-05
0.612682 0.0132273 9.9973E-05 0.358094 9.9973E-05 0.0156971 9.9973E-05
0.776898 0.000219254 0.0454293 0.156869 9.9982E-05 9.9982E-05 0.0203847
0.9994 9.995E-05 9.995E-05 9.995E-05 9.995E-05 9.995E-05 9.995E-05
0.955887 9.9955E-05 9.9955E-05 9.9955E-05 9.9955E-05 0.0436129 9.9955E-05
0.854747 9.9955E-05 9.9955E-05 0.144754 9.9955E-05 9.9955E-05 9.9955E-05
0.947543 9.9964E-05 9.9964E-05 0.00880597 9.9964E-05 0.043251 9.9964E-05
0.9994 9.995E-05 9.995E-05 9.995E-05 9.995E-05 9.995E-05 9.995E-05
0.9994 9.995E-05 9.995E-05 9.995E-05 9.995E-05 9.995E-05 9.995E-05
0.790167 0.013729 0.0121471 0.121992 0.0129163 0.0489483 9.9991E-05
0.82935 9.9982E-05 0.0905912 0.0400688 9.9982E-05 0.0123036 0.0274861
0.988493 9.9955E-05 0.0110073 9.9955E-05 9.9955E-05 9.9955E-05 9.9955E-05
0.449456 0.017429 0.10809 0.375081 9.9982E-05 0.0497435 9.9982E-05
0.60744 0.103994 0.032813 0.252238 9.9982E-05 9.9982E-05 0.00331581
0.705147 0.0559175 0.0153133 0.200018 9.9991E-05 0.00360435 0.0198998
0.863194 0.0380581 9.9973E-05 0.0887929 9.9973E-05 0.00965495 9.9973E-05
0.969386 0.024926 9.9964E-05 9.9964E-05 9.9964E-05 9.9964E-05 0.00528862
0.909726 0.0242999 9.99685E-05 0.0655746 9.99685E-05 9.99685E-05 9.99685E-05
0.9994 9.995E-05 9.995E-05 9.995E-05 9.995E-05 9.995E-05 9.995E-05
0.524397 0.114147 0.0337112 0.327445 9.9973E-05 9.9973E-05 9.9973E-05
0.881386 0.0122786 9.9973E-05 0.0402623 0.0657734 9.9973E-05 9.9973E-05
0.0275497 0.236352 9.9973E-05 9.9973E-05 0.0319445 9.9973E-05 0.703854
0.113111 0.12752 9.9982E-05 0.409969 9.9982E-05 0.122326 0.226875
0.0424456 0.221034 0.0216629 0.44535 0.0377574 0.0459572 0.185792
0.122165 0.150961 0.00476793 0.196261 9.9991E-05 0.0439547 0.481791
0.108714 0.0899175 0.0265106 0.461355 0.0874543 0.0570319 0.169017
0.101892 0.249589 0.0658939 0.189885 9.9982E-05 9.9982E-05 0.39254
0.0851879 0.159359 9.9991E-05 0.430397 0.097868 0.115043 0.112045
0.134829 0.0992288 0.000982275 0.362213 0.0187577 9.9991E-05 0.383889
0.156736 0.160786 0.0182051 0.453363 9.9982E-05 9.9982E-05 0.21071
0.167852 0.112574 9.9973E-05 0.371658 9.9973E-05 9.9973E-05 0.347616
0.0953417 0.147222 0.0605411 0.451572 0.0790431 9.9991E-05 0.16618
9.9982E-05 0.814995 9.9982E-05 0.0356712 0.0446364 0.0907622 0.0137347
0.066368 0.893395 9.9964E-05 9.9964E-05 0.039837 9.9964E-05 9.9964E-05
9.9955E-05 0.949415 9.9955E-05 9.9955E-05 9.9955E-05 0.0500856 9.9955E-05
9.9964E-05 0.948028 9.9964E-05 0.0146354 9.9964E-05 0.0369362 9.9964E-05
0.0115176 0.886407 9.9991E-05 0.0426288 0.0092587 0.0403213 0.00976661
0.0843799 0.864918 0.00937774 9.9973E-05 0.0410245 9.9973E-05 9.9973E-05
0.0663375 0.847365 9.9964E-05 0.0858977 9.9964E-05 9.9964E-05 9.9964E-05
9.9982E-05 0.904748 0.0147672 0.00186199 0.0530369 9.9982E-05 0.0253864
9.9982E-05 0.87878 0.022777 0.0652765 0.0118068 0.0211599 9.9982E-05
0.0929637 0.850636 9.9973E-05 0.0220534 9.9973E-05 9.9973E-05 0.0340468
9.9973E-05 0.634204 0.0758546 9.9973E-05 0.0812105 0.208431 9.9973E-05
9.9982E-05 0.591061 0.0737916 9.9982E-05 0.00355285 0.273586 0.0578087
9.9982E-05 0.566338 0.00482358 9.9982E-05 0.033554 0.291887 0.103198
9.9982E-05 0.495939 0.138517 9.9982E-05 0.0186278 0.317486 0.0292299
9.9973E-05 0.0454584 0.307991 0.492198 9.9973E-05 0.154053 9.9973E-05
0.0668541 0.0263321 0.318556 0.426974 0.0397517 0.121432 9.9991E-05
0.0512418 0.0145132 0.228095 0.470499 9.9991E-05 0.192653 0.0428979
9.9982E-05 0.035149 0.265426 0.340657 0.0312342 0.327334 9.9982E-05
9.9964E-05 9.9964E-05 0.200841 0.159 9.9964E-05 0.63976 9.9964E-05
0.0813277 9.9982E-05 0.240844 0.54112 0.106521 9.9982E-05 0.0299876
9.9973E-05 9.9973E-05 0.338624 0.559029 9.9973E-05 0.0974547 0.00459181
0.00105049 9.9982E-05 0.3433 0.45525 9.9982E-05 0.110817 0.0893818
0.0630463 9.9973E-05 0.605763 0.28021 0.0506808 9.9973E-05 9.9973E-05
0.101123 0.060299 0.259239 0.499669 9.9991E-05 0.0471697 0.0324007
9.9982E-05 9.9982E-05 0.442599 0.385808 0.0284491 0.108135 0.0348093
9.9973E-05 9.9973E-05 0.715826 9.9973E-05 0.213625 0.0684607 0.00178788
0.049637 0.074673 0.167052 0.492085 9.9991E-05 0.171409 0.0450449
0.0369967 9.9982E-05 0.544907 0.190983 0.129375 9.9982E-05 0.0975382
9.9991E-05 0.0171843 0.369418 0.50365 0.0228484 0.0595378 0.0272615
9.9973E-05 0.0338525 0.703399 0.0536084 9.9973E-05 0.20884 9.9973E-05
9.9964E-05 0.112668 9.9964E-05 9.9964E-05 9.9964E-05 0.791092 0.0958395
9.9973E-05 0.0674847 9.9973E-05 0.0629309 9.9973E-05 0.722075 0.147209
9.9964E-05 9.9964E-05 9.9964E-05 9.9964E-05 0.0829038 0.851274 0.0654227
9.9964E-05 0.103429 9.9964E-05 9.9964E-05 0.093153 0.803018 9.9964E-05
0.0372742 9.9973E-05 9.9973E-05 0.0305542 9.9973E-05 0.856937 0.074935
0.0379987 0.0415516 9.9982E-05 0.0913095 9.9982E-05 0.811241 0.0176991
0.0711526 0.860418 9.9964E-05 0.0680296 9.9964E-05 9.9964E-05 9.9964E-05
0.00815949 0.857942 9.9973E-05 0.102352 9.9973E-05 0.0312468 9.9973E-05
0.117724 0.735026 9.9973E-05 0.12401 9.9973E-05 9.9973E-05 0.0229406
0.137411 0.764243 9.9973E-05 0.00672844 9.9973E-05 0.0913173 9.9973E-05
0.0461474 0.839567 9.9973E-05 0.105994 9.9973E-05 9.9973E-05 0.00799147
9.9973E-05 0.39207 0.0215594 9.9973E-05 9.9973E-05 0.564589 0.0214814
9.9982E-05 0.473874 0.0320089 9.9982E-05 0.0717466 0.392192 0.0299793
9.9973E-05 0.447735 0.0507442 9.9973E-05 0.0449289 0.456292 9.9973E-05
0.0385908 0.792594 9.9973E-05 0.138126 9.9973E-05 0.0303891 9.9973E-05
9.9982E-05 0.377723 0.0311057 9.9982E-05 0.000153504 0.535523 0.0552955
0.350412 0.191862 9.9982E-05 0.237196 0.110586 9.9982E-05 0.109744
0.246056 0.120175 0.00079794 0.508102 0.0508339 0.0595846 0.0144504
0.258428 0.234569 9.9964E-05 0.506603 9.9964E-05 9.9964E-05 9.9964E-05
0.197376 0.252277 0.0594374 0.360541 0.0215036 9.9991E-05 0.108765
0.337296 0.0349806 0.0623025 0.358677 9.9991E-05 0.162577 0.0440669
0.327283 0.429074 9.9964E-05 9.9964E-05 9.9964E-05 9.9964E-05 0.243243
9.9973E-05 9.9973E-05 0.168351 0.430523 9.9973E-05 0.372748 0.0280779
0.0156526 9.9991E-05 0.0308718 0.354931 0.21014 0.261917 0.126387
0.0103185 0.0518156 0.0519542 0.259385 0.0910937 0.535333 9.9991E-05
9.9982E-05 0.00132438 0.0792078 0.449227 0.354969 0.115072 9.9982E-05
9.9973E-05 9.9973E-05 0.18336 9.9973E-05 0.311523 0.178572 0.326244
0.0689428 0.0397149 0.072965 0.504352 0.0949934 0.178508 0.0405236
9.9982E-05 9.9982E-05 0.081163 0.431121 0.231572 0.177318 0.0786263
9.9982E-05 0.041113 0.103621 0.369991 0.0618452 0.42323 9.9982E-05
0.033548 0.0359287 0.116252 0.574865 9.9991E-05 0.155851 0.0834551
9.9982E-05 9.9982E-05 0.202652 0.0953558 0.111778 0.318093 0.271922
0.0530807 9.9991E-05 0.0673514 0.410778 0.251565 0.16838 0.0487448
0.0808841 9.9982E-05 0.120264 0.407718 0.0517737 0.339161 9.9982E-05
0.15622 0.135411 0.142199 0.387807 9.9991E-05 0.113428 0.0648341
9.9982E-05 9.9982E-05 0.02854 0.416557 0.231558 0.277476 0.0456693
9.9991E-05 0.0538094 0.0499261 0.479269 0.187717 0.222054 0.00712448
0.0874692 9.9991E-05 0.0508418 0.504543 0.158799 0.138251 0.0599956
9.9991E-05 0.00702256 0.123415 0.550021 0.112796 0.138259 0.0683865
0.0723428 0.0935672 0.0851957 0.544286 0.0496503 0.154858 9.9991E-05
0.0261733 0.127723 0.179513 0.58756 9.9982E-05 0.0788306 9.9982E-05
0.130505 0.0583281 0.105013 0.489694 9.9991E-05 0.156988 0.0593718
0.0635694 0.775502 9.9964E-05 0.160529 9.9964E-05 9.9964E-05 9.9964E-05
0.0347063 0.81881 0.0187905 0.10248 0.0250136 9.9982E-05 9.9982E-05
9.9991E-05 0.780736 0.0461027 0.0930712 0.00703826 0.0291073 0.0438449
0.0431036 0.783565 0.146142 9.9982E-05 0.015883 0.0111068 9.9982E-05
9.9964E-05 0.835163 9.9964E-05 0.162848 9.9964E-05 9.9964E-05 0.00158915
0.0921555 9.9982E-05 0.1324 0.178215 0.00602062 0.591009 9.9982E-05
0.0218263 0.0429121 0.0973121 0.537521 0.0957329 0.110638 0.0940574
0.109557 0.228617 9.9982E-05 0.453916 0.100036 9.9982E-05 0.107674
0.0857401 9.9991E-05 0.0618704 0.651711 0.0544713 0.0969337 0.0491735
0.0228458 0.0743149 0.121137 0.494932 0.0196539 0.267017 9.9991E-05
0.0250816 0.00723915 9.9991E-05 0.285731 0.219988 0.350975 0.110886
9.9973E-05 0.103616 0.115006 9.9973E-05 9.9973E-05 0.661396 0.119682
0.0253934 0.0114147 0.0432527 0.569624 0.0907525 0.259462 9.9991E-05
0.110661 0.0356076 0.00441873 0.0798083 0.215653 0.553752 9.9991E-05
9.9991E-05 0.0302825 0.0440279 0.471269 0.10349 0.240146 0.110685
0.0053212 0.151021 0.187854 0.114155 0.0674169 0.474132 9.9991E-05
0.117894 0.0422598 0.0420194 0.617091 0.0462135 0.134423 9.9991E-05
9.9991E-05 0.0684957 0.0947036 0.233993 0.0594115 0.529683 0.0136135
0.0721056 9.9991E-05 0.00810664 0.344743 0.119687 0.343949 0.111308
0.0528094 0.0168136 0.241748 0.392649 9.9991E-05 0.118529 0.177351
9.9973E-05 9.9973E-05 9.9973E-05 0.293486 0.147637 0.108025 0.450552
0.0149564 0.0109938 9.9973E-05 0.630005 9.9973E-05 9.9973E-05 0.343745
0.00687049 0.145927 0.128807 0.542613 9.9982E-05 9.9982E-05 0.175582
9.9982E-05 9.9982E-05 0.0668697 0.340161 0.0767207 0.100725 0.415324
9.9991E-05 0.0847753 0.130837 0.518313 0.0333088 0.0558119 0.176854
9.9973E-05 9.9973E-05 9.9973E-05 0.619355 0.0686189 0.0365714 0.275155
9.9982E-05 9.9982E-05 0.170929 0.111002 0.152692 0.0348655 0.530311
9.9982E-05 9.9982E-05 0.095758 0.313455 0.0362701 0.0175674 0.53675
9.9982E-05 9.9982E-05 0.0168262 0.440205 0.108643 0.0459647 0.388161
9.9982E-05 9.9982E-05 0.261946 0.174544 0.067758 0.0742117 0.421341
9.9973E-05 9.9973E-05 0.112466 0.5109 9.9973E-05 0.0711091 0.305225
0.0394578 9.9982E-05 0.225052 0.0769833 0.0033022 0.655005 9.9982E-05
0.00420854 9.9991E-05 0.0498301 0.279534 0.262765 0.359398 0.0441646
0.0463361 0.0154379 0.0991237 0.343201 0.126373 0.369428 9.9991E-05
0.112207 0.00392011 9.9991E-05 0.540389 0.0272848 0.28612 0.0299791
9.9982E-05 9.9982E-05 0.236152 0.260901 0.015841 0.477927 0.00897971
0.0777181 0.0243825 9.9991E-05 0.46197 0.101177 0.215776 0.118876
0.0966261 9.9982E-05 0.0200494 0.481291 9.9982E-05 0.364214 0.0376193
0.121011 9.9982E-05 0.178088 0.427782 0.0142865 0.258633 9.9982E-05
0.0831034 0.002118 9.9991E-05 0.52784 0.087081 0.271184 0.0285731
0.0402423 0.0164201 0.214638 0.445325 9.9982E-05 0.283174 9.9982E-05
0.0916996 9.9982E-05 0.239538 0.17469 0.0389258 0.454947 9.9982E-05
0.0649184 9.9991E-05 0.149496 0.347022 0.0282108 0.397656 0.0125976
0.0399356 9.9982E-05 0.0195554 0.617916 0.0919552 0.230438 9.9982E-05
0.101555 0.0141527 0.10188 0.537124 0.0446945 0.138392 0.0622017
9.9991E-05 0.0668122 0.0445389 0.361111 0.155063 0.252183 0.120192
0.0603258 9.9973E-05 9.9973E-05 0.503615 0.236603 0.199157 9.9973E-05
0.0575049 0.00137515 0.0154298 0.357826 9.9991E-05 0.385421 0.182343
9.9982E-05 0.00052255 0.0818653 0.592864 0.0945808 0.229968 9.9982E-05
0.0680166 0.00430627 0.0395233 0.488723 0.0804603 0.31887 9.9991E-05
0.0687182 0.0764049 9.9991E-05 0.468427 0.0662794 0.226869 0.0932013
0.146357 0.316461 0.028958 0.41277 9.9991E-05 0.0077233 0.0876297
0.199986 0.166352 0.127944 0.380198 0.0258857 9.9991E-05 0.0995339
0.172647 0.0976555 0.0181648 0.553065 9.9991E-05 0.00872206 0.149646
0.113501 0.0526394 0.0623268 0.527239 0.106879 0.0892344 0.0481802
0.157701 0.250885 0.0183964 0.484985 0.0878322 9.9982E-05 9.9982E-05
0.0740441 9.9991E-05 0.0170524 0.431715 0.176826 0.158809 0.141454
0.115067 0.203192 0.151299 0.502859 0.0273837 9.9982E-05 9.9982E-05
0.162899 0.213408 0.124312 0.0215941 0.0355448 9.9991E-05 0.442142
0.217236 0.0749193 9.9991E-05 0.45748 0.0444252 0.130462 0.0753774
0.12685 0.143834 9.9982E-05 0.455358 0.157843 0.115915 9.9982E-05
0.272075 0.0996764 9.9991E-05 0.42806 0.102891 0.0647045 0.032493
0.133645 0.149708 0.0794138 0.290975 0.0663858 0.104247 0.175625
0.216942 0.13986 0.0584124 0.446917 0.005642 0.0305066 0.10172
0.166879 0.130526 9.9982E-05 0.52318 0.105421 9.9982E-05 0.073795
0.182714 0.445277 9.9973E-05 9.9973E-05 0.0109759 9.9973E-05 0.360733
0.230672 0.179687 0.0853261 0.334591 0.0580261 0.0686456 0.0430522
0.242239 0.165202 0.0103406 0.466013 0.0195024 9.9991E-05 0.0966025
0.163696 0.0792595 0.142037 0.500003 0.0208046 0.0379196 0.0562805
0.191787 0.1694 9.9991E-05 0.528083 0.0215269 0.0185936 0.0705098
0.140915 0.158993 0.0548102 0.425083 0.0639554 0.0396161 0.116627
0.0650782 0.00737223 0.064378 0.371689 0.450562 0.0408202 9.9991E-05
0.0392091 0.077627 0.019437 0.495499 0.294602 0.0735267 9.9991E-05
9.9964E-05 9.9964E-05 0.0172615 9.9964E-05 0.876377 0.105962 9.9964E-05
9.9973E-05 0.00270338 0.0140797 9.9973E-05 0.902068 0.080849 9.9973E-05
0.101809 9.9982E-05 9.9982E-05 0.389889 0.343696 0.128735 0.0356701
0.293364 0.165585 0.0343432 0.36191 0.0917397 0.0260944 0.026964
0.397314 0.0887079 9.9982E-05 0.222957 0.227642 9.9982E-05 0.0631787
0.293685 0.159592 9.9982E-05 0.146262 0.187069 9.9982E-05 0.213192
0.179107 0.204144 9.9973E-05 0.393444 0.223006 9.9973E-05 9.9973E-05
0.089881 0.0372388 9.9973E-05 9.9973E-05 0.766189 9.9973E-05 0.106392
0.0882068 0.113344 9.9982E-05 0.112 0.640057 9.9982E-05 0.0461921
0.122938 0.0202032 0.0242892 0.367994 0.451975 0.0125006 9.9991E-05
0.0733906 0.0613207 9.9973E-05 0.390175 0.474814 9.9973E-05 9.9973E-05
0.128311 0.0232558 9.9973E-05 0.155871 0.692263 9.9973E-05 9.9973E-05
0.108885 0.0694143 0.0309139 0.427682 0.280034 0.0363477 0.0467233
0.0468958 0.00961909 9.9982E-05 0.546621 0.34936 9.9982E-05 0.0473043
0.173769 0.0879888 9.9991E-05 0.39422 0.146642 0.0768828 0.120398
9.9964E-05 9.9964E-05 0.105656 0.267718 0.626227 9.9964E-05 9.9964E-05
0.0579648 9.9982E-05 0.0939128 0.284119 0.448963 0.114841 9.9982E-05
9.9982E-05 0.0276539 9.9982E-05 0.495532 0.373512 0.0538907 0.0492119
0.0104383 0.0355031 9.9991E-05 0.40206 0.335712 0.148693 0.0674936
0.0833807 0.0754561 0.162699 0.353759 0.157229 0.00509815 0.162377
9.9973E-05 9.9973E-05 9.9973E-05 0.447557 0.473066 0.0382397 0.0408379
9.9973E-05 9.9973E-05 9.9973E-05 0.166101 0.746802 0.0643758 0.0224217
0.0330394 0.0333961 0.102507 0.49971 0.331147 9.9982E-05 9.9982E-05
0.0224002 9.9982E-05 0.020158 0.191552 0.749818 0.0158716 9.9982E-05
9.9982E-05 0.0221349 0.00866358 0.40295 0.553723 9.9982E-05 0.0123287
0.0084505 0.0590736 0.0792103 0.563513 0.217092 0.043721 0.0289399
0.0374409 0.0280929 0.259993 0.391478 0.257412 0.0207881 0.00479503
0.238374 0.110332 0.164424 0.300278 0.0242193 0.0447214 0.117651
0.116382 0.195657 0.0030332 0.439724 0.219308 0.00614893 0.0197468
0.29432 0.153149 9.9991E-05 0.233605 0.169372 0.113874 0.0355804
0.187832 0.157019 9.9991E-05 0.331718 0.135739 0.0869417 0.100651
0.176174 0.170298 0.0649017 0.43745 9.9991E-05 0.11639 0.034686
0.141284 0.153489 9.9991E-05 0.422597 0.112554 0.0740334 0.095943
0.11836 0.163757 9.9973E-05 9.9973E-05 0.616498 9.9973E-05 0.101085
0.225352 0.0308264 9.9991E-05 0.530915 0.126324 0.000146153 0.0863368
0.0997847 0.372573 9.9973E-05 9.9973E-05 0.408215 9.9973E-05 0.119128
0.171693 0.0548731 9.9973E-05 0.438861 0.334273 9.9973E-05 9.9973E-05
9.9964E-05 9.9964E-05 0.0997692 0.0423325 0.857498 9.9964E-05 9.9964E-05
9.9964E-05 0.00968322 0.0941567 9.9964E-05 0.89576 9.9964E-05 9.9964E-05
9.9964E-05 9.9964E-05 0.172433 0.408627 0.418539 9.9964E-05 9.9964E-05
9.9955E-05 9.9955E-05 9.9955E-05 0.594202 0.405299 9.9955E-05 9.9955E-05
9.9964E-05 9.9964E-05 0.0203693 0.327173 0.652058 9.9964E-05 9.9964E-05
9.9973E-05 9.9973E-05 0.0716357 0.476268 0.449735 0.00206141 9.9973E-05
9.9955E-05 9.9955E-05 9.9955E-05 0.474484 0.525016 9.9955E-05 9.9955E-05
0.0440792 0.757419 9.9973E-05 0.0901895 0.108012 9.9973E-05 9.9973E-05
0.147001 0.691727 9.9982E-05 9.9982E-05 0.0244517 0.10718 0.0294398
0.0779083 0.868586 9.9964E-05 9.9964E-05 9.9964E-05 0.0531056 9.9964E-05
9.9955E-05 0.928214 9.9955E-05 0.071286 9.9955E-05 9.9955E-05 9.9955E-05
0.0477922 0.0724323 0.277754 0.452744 0.00177908 0.105465 0.0420337
0.0861515 0.0230101 0.395803 0.467636 9.9982E-05 0.0271991 9.9982E-05
0.00937958 0.00779453 0.465854 0.516672 9.9973E-05 9.9973E-05 9.9973E-05
0.0298399 0.102726 0.217706 0.573846 9.9982E-05 0.0756817 9.9982E-05
0.0372703 0.105884 0.163135 0.487989 0.0177596 0.0835427 0.10442
0.000703961 0.0526706 0.59176 0.212357 0.0154046 0.0625028 0.0646012
0.0458285 0.00862691 0.313179 0.622716 0.009449 9.9982E-05 9.9982E-05
9.9973E-05 9.9973E-05 0.506569 0.309283 0.0250112 9.9973E-05 0.158837
0.123436 0.30153 9.9973E-05 0.553777 0.0209568 9.9973E-05 9.9973E-05
0.0553173 9.9982E-05 0.386222 0.36753 0.141953 9.9982E-05 0.0487779
0.0305315 0.0254817 0.536407 0.275842 0.00552553 0.126112 9.9991E-05
0.0578233 9.9982E-05 0.374459 0.498549 0.03225 0.036719 9.9982E-05
9.9982E-05 0.0271655 0.499264 0.382726 0.038319 0.0523256 9.9982E-05
9.9973E-05 0.0148661 0.417162 0.511918 0.0557542 9.9973E-05 9.9973E-05
9.9973E-05 0.0723413 0.256572 0.578761 0.0920257 9.9973E-05 9.9973E-05
9.9973E-05 9.9973E-05 0.81099 0.09327 0.0488245 9.9973E-05 0.0466159
9.9982E-05 0.0103562 0.615894 0.233062 0.0453608 9.9982E-05 0.0951277
9.9982E-05 0.00883285 0.559774 0.282763 0.0958706 0.0525589 9.9982E-05
9.9964E-05 9.9964E-05 0.798061 9.9964E-05 0.0285937 9.9964E-05 0.172945
0.0254217 0.0494177 0.379509 0.400408 0.0570385 0.0881055 9.9991E-05
9.9973E-05 9.9973E-05 0.630385 0.0831838 0.031544 9.9973E-05 0.254587
9.9964E-05 9.9964E-05 0.697839 9.9964E-05 0.0904185 9.9964E-05 0.211343
0.0529794 0.061987 0.373287 0.499313 0.0122338 9.9982E-05 9.9982E-05
0.0541761 0.0469551 0.666874 0.136372 9.9982E-05 0.095423 9.9982E-05
0.0966554 9.9982E-05 0.424034 0.32419 9.9982E-05 0.142182 0.0127387
0.0756188 0.0761432 0.211534 0.572375 9.9982E-05 9.9982E-05 0.0641296
0.0576632 9.9982E-05 0.40783 0.425624 9.9982E-05 0.0874427 0.0212393
0.0418901 9.9991E-05 0.117387 0.324491 0.183971 0.249557 0.0826039
0.0547248 9.9973E-05 0.423231 0.471878 9.9973E-05 0.0498671 9.9973E-05
0.010223 0.031553 0.337409 0.485708 9.9982E-05 0.134906 9.9982E-05
9.9973E-05 9.9973E-05 0.688239 0.248945 9.9973E-05 0.0376775 0.0248383
0.0149145 0.0604414 0.139991 0.539689 0.083482 0.117181 0.0443009
9.9973E-05 0.603838 0.064119 9.9973E-05 9.9973E-05 0.254915 0.076828
9.9982E-05 0.745287 0.0937405 0.082245 9.9982E-05 0.0184638 0.0600634
9.9973E-05 0.79594 0.0199516 9.9973E-05 9.9973E-05 0.106782 0.0770262
9.9964E-05 0.831657 9.9964E-05 9.9964E-05 0.0303636 0.13758 9.9964E-05
9.9973E-05 0.726257 9.9973E-05 0.0936852 9.9973E-05 0.157399 0.0223583
0.064424 0.0260631 0.76006 0.0393049 9.9982E-05 0.109948 9.9982E-05
9.9982E-05 0.102525 0.628873 0.09006 0.0554416 0.1229 9.9982E-05
9.9973E-05 9.9973E-05 0.748161 0.084157 0.081977 9.9973E-05 0.0854056
0.0367617 0.111749 0.193153 0.586474 0.0551042 9.9991E-05 0.0166574
9.9982E-05 0.128983 0.154143 0.609607 0.0329766 0.07409 9.9982E-05
9.9973E-05 9.9973E-05 0.540668 0.283131 0.0406163 9.9973E-05 0.135284
0.054854 9.9982E-05 0.381909 0.492912 0.0680117 0.00211315 9.9982E-05
0.0508072 0.0501078 0.448469 0.361347 0.0890691 9.9982E-05 9.9982E-05
0.0249769 9.9991E-05 0.352505 0.472959 0.0264034 0.0472001 0.075855
0.0613902 9.9991E-05 0.254657 0.579324 0.0421347 0.0285011 0.0338936
0.00927176 9.9982E-05 0.580163 0.236061 9.9982E-05 0.167236 0.0070684
9.9973E-05 0.0259999 0.641994 0.293685 9.9973E-05 0.0380214 9.9973E-05
9.9964E-05 9.9964E-05 0.534664 0.316966 9.9964E-05 0.14797 9.9964E-05
9.9982E-05 0.103295 0.0140357 0.656997 9.9982E-05 0.0774296 0.148042
9.9964E-05 9.9964E-05 0.534311 0.395229 9.9964E-05 0.070061 9.9964E-05
0.0098035 9.9982E-05 0.411581 0.454609 9.9982E-05 0.000396948 0.123409
0.423602 0.028801 0.0802892 0.394338 9.9982E-05 9.9982E-05 0.0727704
0.41202 0.0801601 9.9991E-05 0.434825 0.0119384 0.0196363 0.0413207
0.43525 0.08912 0.00196936 0.403531 9.9991E-05 0.0315353 0.038494
0.449567 0.0984813 9.9982E-05 0.322895 0.00866058 9.9982E-05 0.120197
0.318318 0.068208 9.9991E-05 0.351095 0.0751178 0.148556 0.0386056
9.9964E-05 9.9964E-05 0.35623 0.431887 9.9964E-05 9.9964E-05 0.211483
0.676287 0.23176 0.0310905 0.0255682 0.00777966 9.9991E-05 0.0274148
0.498701 0.163654 0.014603 0.284073 0.0107874 0.0150862 0.0130957
0.232188 0.0965183 0.0627547 0.379168 9.9982E-05 9.9982E-05 0.229171
9.9973E-05 0.0557718 9.9973E-05 0.614646 9.9973E-05 0.0760297 0.253252
0.0223583 0.109551 0.0311313 0.40143 0.0483675 0.0936484 0.293513
0.0265891 0.0908945 0.0224079 0.60038 9.9982E-05 9.9982E-05 0.259528
9.9991E-05 0.080729 0.0425151 0.60699 0.00490207 0.0373374 0.227427
0.421997 0.201841 9.9973E-05 0.365801 9.9973E-05 9.9973E-05 0.0100613
0.39706 0.114856 0.0583389 0.363951 9.9991E-05 0.0651636 0.00053079
0.454278 0.0487235 9.9973E-05 0.446626 9.9973E-05 9.9973E-05 0.0500717
0.323637 0.0908793 9.9991E-05 0.369261 0.0215183 0.100243 0.0943615
0.494461 0.121452 0.055291 0.288576 0.00929069 0.0017456 0.0291835
0.388269 0.103664 0.0239511 0.318048 9.9982E-05 0.165869 9.9982E-05
0.562562 0.0415845 9.9982E-05 0.238122 0.094495 9.9982E-05 0.0630369
0.382688 0.106214 9.9991E-05 0.310282 0.0582985 0.0849867 0.0574305
0.0277965 0.0368826 9.99744E-05 0.565498 9.99744E-05 9.99744E-05 0.369523
0.320994 0.149298 0.103916 0.330277 0.0953148 9.9982E-05 9.9982E-05
0.63885 0.15412 9.9973E-05 0.142481 9.9973E-05 9.9973E-05 0.0642493
0.36848 0.14002 0.100605 0.332586 9.9982E-05 0.0581098 9.9982E-05
9.9982E-05 0.0716592 0.0749936 0.205911 9.9982E-05 0.220853 0.426383
0.079106 9.9991E-05 0.0197034 0.579465 0.0150938 0.0327963 0.273736
0.314207 0.213748 9.9982E-05 0.300911 0.0624512 0.108482 9.9982E-05
9.9973E-05 0.109573 9.9973E-05 0.613129 9.9973E-05 0.132216 0.144782
9.9982E-05 0.11442 0.00262701 0.516491 9.9982E-05 0.0664866 0.299775
0.177461 0.204776 0.140243 0.378367 0.0064277 9.9991E-05 0.0926261
0.22687 0.215632 0.0502295 0.352113 0.141671 9.9991E-05 0.0133854
0.0893532 0.0577705 0.0809462 0.515288 9.9991E-05 0.0125027 0.244039
0.423932 0.0553214 0.134011 0.300519 9.9982E-05 9.9982E-05 0.0860169
0.456148 0.0939096 9.9973E-05 0.373368 0.0762743 9.9973E-05 9.9973E-05
0.622669 0.220806 9.9982E-05 0.0804521 0.0335173 9.9982E-05 0.0423556
0.0778157 0.0646885 0.027302 0.616735 0.0441844 0.0159908 0.153284
9.9982E-05 0.0645317 0.0833966 0.480603 9.9982E-05 0.10574 0.265529
0.021946 0.0284439 0.036916 0.219981 0.011778 9.9991E-05 0.680835
0.0494282 0.119176 0.099869 0.483044 9.9991E-05 0.0631083 0.185275
0.0146833 0.109222 0.0639171 0.409989 0.121647 0.21782 0.0627211
0.171367 0.161733 0.140796 0.382529 9.9982E-05 9.9982E-05 0.143375
0.0873364 0.0757043 9.9991E-05 0.514014 0.0360177 0.0781946 0.208633
0.198014 0.174144 9.9964E-05 9.9964E-05 9.9964E-05 9.9964E-05 0.627442
0.104251 0.23137 9.9964E-05 9.9964E-05 9.9964E-05 9.9964E-05 0.663979
0.153079 0.128851 9.9982E-05 0.265788 9.9982E-05 0.12329 0.328791
0.202044 0.230382 0.00837402 0.0326501 0.0468432 9.9991E-05 0.479606
0.220891 0.360645 9.9964E-05 9.9964E-05 9.9964E-05 9.9964E-05 0.418064
0.0651754 0.08518 0.114365 0.338832 0.0569567 9.9991E-05 0.33939
0.124614 0.235195 0.0596574 0.332789 0.0827716 9.9991E-05 0.164873
0.243467 0.205309 0.0291112 0.159462 9.9991E-05 0.0347464 0.327804
0.130154 0.223371 9.9973E-05 0.110912 9.9973E-05 9.9973E-05 0.535262
0.100787 0.176829 9.9991E-05 0.398094 0.100667 0.0784798 0.145042
0.155878 0.15623 0.121469 0.143578 0.0533816 9.9991E-05 0.369363
0.0370449 0.366947 9.9964E-05 9.9964E-05 9.9964E-05 9.9964E-05 0.595608
0.110014 0.170493 9.9982E-05 0.548709 9.9982E-05 0.0655765 0.105007
0.244475 0.177467 0.0127169 0.328345 0.035554 9.9991E-05 0.201342
0.1257 0.376145 9.9973E-05 0.48183 9.9973E-05 0.0160247 9.9973E-05
0.202043 0.196424 9.9973E-05 0.589017 9.9973E-05 9.9973E-05 0.0122161
0.181238 0.149203 0.0952926 0.451102 0.0580906 0.00142245 0.0636511
0.206765 0.176452 0.0723167 0.470605 9.9982E-05 9.9982E-05 0.0736614
0.191874 0.335971 9.9982E-05 0.360748 9.9982E-05 0.0097708 0.101436
0.103548 0.249408 9.9982E-05 0.527694 0.0753615 9.9982E-05 0.0437881
0.202018 0.283487 0.0359565 0.447642 9.9982E-05 0.0306973 9.9982E-05
0.291932 0.167997 9.9982E-05 0.274453 0.067133 9.9982E-05 0.198285
0.124437 0.177024 0.272013 0.229784 9.9991E-05 0.165208 0.0314328
0.0920141 0.18304 0.119347 0.552003 9.9982E-05 0.0533958 9.9982E-05
0.110762 0.249382 0.00264549 0.575925 9.9991E-05 0.00933399 0.0518511
9.9991E-05 0.107708 0.11764 0.636262 0.11154 0.0175818 0.00916838
0.297588 0.212556 9.9982E-05 0.336996 9.9982E-05 0.0306487 0.122011
0.2392 0.179576 9.9991E-05 0.449037 0.0972911 0.0106547 0.0241407
0.22665 0.346057 0.0193625 0.152371 0.0550675 9.9991E-05 0.200392
0.196204 0.134094 0.0287244 0.436657 0.118427 0.0857946 9.9991E-05
0.262788 0.252337 0.0209349 0.20886 0.101826 9.9991E-05 0.153154
0.00307306 0.760051 0.0572029 9.9982E-05 9.9982E-05 0.0915983 0.0878752
9.9991E-05 0.0762793 0.0675426 0.0704218 0.0380465 0.705268 0.0423418
9.9964E-05 0.00114187 9.9964E-05 9.9964E-05 0.0392576 0.959201 9.9964E-05
9.9955E-05 9.9955E-05 9.9955E-05 0.0115063 9.9955E-05 0.987994 9.9955E-05
9.9955E-05 9.9955E-05 9.9955E-05 0.0845632 9.9955E-05 0.914937 9.9955E-05
0.0508487 9.9964E-05 9.9964E-05 0.00114283 9.9964E-05 0.947609 9.9964E-05
9.9964E-05 0.00465879 9.9964E-05 0.0981514 9.9964E-05 0.89679 9.9964E-05
9.9955E-05 0.0331567 9.9955E-05 9.9955E-05 9.9955E-05 0.966343 9.9955E-05
9.9964E-05 0.18909 9.9964E-05 0.014187 9.9964E-05 0.796324 9.9964E-05
0.017208 0.897586 0.00801152 0.0333429 9.9991E-05 0.0275914 0.0161604
9.99807E-05 0.820652 9.99807E-05 0.0739501 0.0438254 0.0612729 9.99807E-05
0.0473399 0.89969 0.0424481 9.9973E-05 9.9973E-05 9.9973E-05 0.010222
9.9982E-05 0.815525 9.9982E-05 0.0857606 0.0319521 0.0396035 0.0269593
0.0587245 0.831413 0.0355075 0.0139405 9.9982E-05 0.060214 9.9982E-05
0.00528968 0.89344 9.9973E-05 9.9973E-05 0.0466791 0.0542915 9.9973E-05
0.144151 0.743195 9.9982E-05 0.0135493 9.9982E-05 0.0624574 0.036448
0.121374 0.832062 0.00694947 0.0215102 0.017905 9.9982E-05 9.9982E-05
0.0574383 0.719652 0.0573221 0.0412686 0.0413663 0.0787873 0.00416533
0.0791401 0.900221 0.00243852 0.00587453 0.0121259 9.9982E-05 9.9982E-05
9.9964E-05 0.940473 9.9964E-05 9.9964E-05 0.0312139 0.0279131 9.9964E-05
0.0315389 0.862108 0.00285209 0.0260156 0.00750915 0.0698765 9.9991E-05
0.0256461 0.911271 9.9973E-05 9.9973E-05 9.9973E-05 0.0515731 0.0112101
0.000834898 0.886973 9.9973E-05 0.0803643 9.9973E-05 9.9973E-05 0.0315274
0.041972 0.836967 0.0294014 0.0673391 9.9982E-05 0.024121 9.9982E-05
0.0588941 0.843164 9.9964E-05 0.0975421 9.9964E-05 9.9964E-05 9.9964E-05
0.148996 0.776003 9.9964E-05 0.0746012 9.9964E-05 9.9964E-05 9.9964E-05
0.0726359 0.773409 9.9964E-05 0.153555 9.9964E-05 9.9964E-05 9.9964E-05
0.0919754 0.795359 0.0174701 0.0948952 9.9973E-05 9.9973E-05 9.9973E-05
9.9982E-05 0.098009 0.0735653 0.424671 9.9982E-05 0.0964644 0.30709
9.9982E-05 0.00759604 0.0865177 0.681904 9.9982E-05 0.0259759 0.197807
0.0384916 0.0760557 0.0879599 0.612813 9.9991E-05 0.0277467 0.156834
9.9964E-05 9.9964E-05 0.0803559 0.17749 9.9964E-05 9.9964E-05 0.741754
9.9973E-05 0.0968085 9.9973E-05 0.567354 9.9973E-05 0.0928186 0.242719
9.9964E-05 0.0590825 9.9964E-05 0.131667 9.9964E-05 9.9964E-05 0.808851
9.9973E-05 0.0462805 9.9973E-05 0.665722 9.9973E-05 0.0332339 0.254464
9.9982E-05 0.0228508 0.112299 0.445999 9.9982E-05 0.149069 0.269582
9.9991E-05 0.000763608 0.0481552 0.580686 0.0107714 0.120254 0.23927
9.9982E-05 0.0596929 0.342538 0.468663 0.117139 0.0117665 9.9982E-05
0.00230111 0.0122128 9.9982E-05 0.47484 9.9982E-05 0.130689 0.379757
0.0243333 0.0404146 0.133268 0.559983 9.9991E-05 0.0433093 0.198592
9.9973E-05 0.0622425 9.9973E-05 0.547666 9.9973E-05 0.113936 0.275855
0.0452639 9.9991E-05 0.182603 0.0831994 0.189098 0.437896 0.0618393
9.9973E-05 9.9973E-05 0.00227681 9.9973E-05 0.0193874 0.119107 0.858928
9.9964E-05 9.9964E-05 9.9964E-05 0.175371 9.9964E-05 0.0723796 0.751849
0.0558837 0.0524372 9.9982E-05 0.609355 9.9982E-05 0.0420639 0.24006
9.9973E-05 0.0677834 9.9973E-05 0.564979 9.9973E-05 0.025943 0.340994
9.9973E-05 0.107725 0.0273764 0.589179 9.9973E-05 9.9973E-05 0.275419
0.0827676 0.0481112 0.122256 0.628264 0.0598778 0.0296672 0.0290569
