0.909003 0.0273617 0.0607661 0.00276892 9.9991E-05
0.944454 0.0120488 0.00101993 9.9991E-05 0.0423769
0.865781 9.9982E-05 0.0681981 0.0658207 9.9982E-05
0.81217 0.090945 0.0282451 0.06854 9.9991E-05
0.918702 0.00377674 9.9991E-05 0.0378292 0.0395919
0.656325 0.0561677 0.0894733 0.0314842 0.16655
0.829855 9.9973E-05 9.9973E-05 9.9973E-05 0.169845
0.670617 0.109842 9.9982E-05 9.9982E-05 0.219341
0.868182 0.131518 9.9973E-05 9.9973E-05 9.9973E-05
0.649103 0.0670313 9.9991E-05 0.0833832 0.200383
0.722424 0.122025 0.0161764 9.9991E-05 0.139274
0.0277375 0.319715 0.497786 0.154661 9.9991E-05
0.040763 0.329478 0.355294 0.187447 0.0870182
0.140578 0.192897 0.452377 0.174404 0.0397443
0.0754362 0.427342 0.374371 0.0514739 0.0713767
0.0691493 0.20315 0.482767 0.21307 0.031863
0.0551431 0.288915 0.490173 0.165669 9.9991E-05
0.101875 0.244808 0.416408 0.236809 9.9991E-05
0.0844195 0.29452 0.522516 0.0883212 0.010223
0.823455 9.9973E-05 9.9973E-05 0.176245 9.9973E-05
0.824555 9.9991E-05 0.0113578 0.154916 0.00907103
0.775867 0.00248882 0.0829288 0.138615 9.9991E-05
0.738477 9.9991E-05 0.0696653 0.101339 0.0904196
0.0711847 0.553341 0.249908 0.0991392 0.0264269
0.0775164 0.131337 0.77715 0.0138962 9.9991E-05
9.9982E-05 9.9982E-05 0.777605 0.118501 0.103694
0.0764366 9.9982E-05 0.519769 9.9982E-05 0.403595
9.9991E-05 0.392085 0.438164 0.0351309 0.13452
9.9982E-05 0.15564 0.38892 9.9982E-05 0.455239
0.141178 0.274894 0.495239 9.9991E-05 0.088589
0.251601 0.285191 0.30541 0.0559286 0.101869
0.0898997 0.403594 0.398715 9.9991E-05 0.107692
0.0675445 0.21177 0.439498 0.137463 0.143725
0.0393022 0.350244 0.375333 0.0608167 0.174305
0.0208066 0.0953817 0.779212 0.1045 9.9991E-05
0.0371177 9.9982E-05 0.949048 9.9982E-05 0.0136347
9.9973E-05 9.9973E-05 0.940666 9.9973E-05 0.0590338
9.9973E-05 9.9973E-05 0.919645 0.080055 9.9973E-05
0.041715 0.14339 0.722812 0.0919833 9.9991E-05
0.0477212 0.268352 0.601501 0.0823262 9.9991E-05
9.9973E-05 9.9973E-05 0.739593 9.9973E-05 0.260107
0.832276 0.0700306 0.0507807 0.0468123 9.9991E-05
0.936324 9.9982E-05 0.028633 0.0348432 9.9982E-05
0.913026 0.0143104 9.9982E-05 0.0724638 9.9982E-05
0.944452 9.9982E-05 9.9982E-05 0.048878 0.00646993
0.883288 9.9991E-05 0.0185892 0.0487045 0.0493187
0.893793 0.0302218 0.0306268 0.0422418 0.00311627
0.925035 9.9982E-05 0.014008 0.060757 9.9982E-05
0.0469269 0.0218954 0.877028 9.9991E-05 0.0540499
0.0668038 0.124408 0.808588 9.9982E-05 9.9982E-05
9.9991E-05 0.031074 0.77449 0.182272 0.0120642
0.0893665 0.278974 0.338497 0.0794426 0.21372
0.0560158 0.29416 0.394108 0.18885 0.0668658
0.0373974 0.273785 0.243423 0.0518565 0.393539
9.9991E-05 0.287916 0.246919 0.056945 0.40812
0.146959 0.282231 0.536689 0.0219481 0.0121724
9.9982E-05 0.45395 0.395489 0.150361 9.9982E-05
9.9991E-05 0.261959 0.307702 0.113954 0.316285
0.132085 0.212582 0.0778629 9.9991E-05 0.57737
0.0860142 0.122256 0.25103 0.104919 0.435781
0.0936102 0.156571 0.34307 9.9991E-05 0.406649
0.0795382 0.192051 0.353817 0.123271 0.251323
0.106256 0.0330494 0.328985 0.115 0.41671
9.9991E-05 0.111932 0.441697 0.11247 0.333801
0.280176 0.0206419 0.037892 0.292355 0.368936
0.520486 9.9982E-05 9.9982E-05 0.0913022 0.388012
0.396883 9.9982E-05 9.9982E-05 0.119159 0.483758
0.375293 0.0139669 9.9991E-05 0.295241 0.315399
9.9982E-05 9.9982E-05 0.349477 0.0673917 0.582931
9.9991E-05 0.00362301 0.26428 0.026511 0.705486
9.9991E-05 0.114007 0.262446 0.0451494 0.578298
0.0458648 9.9982E-05 9.9982E-05 0.916937 0.0369987
9.9982E-05 0.0411563 0.0238935 0.93475 9.9982E-05
9.997E-05 9.997E-05 9.997E-05 0.9996 9.997E-05
9.9991E-05 0.0601453 0.0236014 0.909066 0.00708724
9.9973E-05 0.0504155 9.9973E-05 0.949285 9.9973E-05
9.997E-05 9.997E-05 9.997E-05 0.9996 9.997E-05
9.997E-05 9.997E-05 9.997E-05 0.9996 9.997E-05
9.9973E-05 9.9973E-05 0.045401 0.954299 9.9973E-05
0.0303226 9.9982E-05 0.0102091 0.959268 9.9982E-05
0.0690594 9.9982E-05 0.0619812 0.868759 9.9982E-05
0.0067571 9.9982E-05 9.9982E-05 0.984008 0.00903466
0.071485 9.9982E-05 0.0716686 0.856646 9.9982E-05
0.32605 9.9991E-05 0.0411179 0.024208 0.608525
0.235903 0.0417615 0.0688873 0.133715 0.519733
0.255425 9.9991E-05 0.151786 0.172079 0.42061
0.844889 0.0501232 0.0750678 9.9991E-05 0.0298197
0.927964 9.9982E-05 9.9982E-05 0.0598166 0.0120196
0.975728 0.00372439 0.0203481 9.9982E-05 9.9982E-05
0.939278 0.0604223 9.9973E-05 9.9973E-05 9.9973E-05
0.890621 0.0356213 9.9991E-05 0.047811 0.0258466
0.901976 9.9982E-05 0.00151687 0.0963074 9.9982E-05
0.912769 0.00447229 9.9982E-05 0.0825584 9.9982E-05
0.89823 0.00148305 9.9982E-05 9.9982E-05 0.100087
0.907557 9.9982E-05 0.0486654 0.0435773 9.9982E-05
0.903908 0.0149135 9.9991E-05 0.0610586 0.0200197
0.632277 0.172205 0.195318 9.9982E-05 9.9982E-05
0.594784 0.275462 0.129554 9.9982E-05 9.9982E-05
0.554748 0.181994 0.200772 9.9991E-05 0.0623854
0.494706 0.293005 0.212089 9.9982E-05 9.9982E-05
9.9982E-05 0.540057 0.405804 0.0539392 9.9982E-05
9.9991E-05 0.0352907 0.68357 0.147022 0.134018
9.9973E-05 9.9973E-05 0.795817 9.9973E-05 0.203883
0.0198285 9.9991E-05 0.702607 0.113815 0.16365
0.0940623 0.105296 0.800442 9.9982E-05 9.9982E-05
0.0529164 0.892587 9.9982E-05 9.9982E-05 0.0542969
9.9973E-05 0.900383 9.9973E-05 9.9973E-05 0.0993171
9.997E-05 0.9996 9.997E-05 9.997E-05 9.997E-05
0.0298748 0.969825 9.9973E-05 9.9973E-05 9.9973E-05
9.9982E-05 0.90243 9.9982E-05 0.0283901 0.0689797
9.9973E-05 0.921492 9.9973E-05 0.078208 9.9973E-05
0.854944 9.9982E-05 0.0505814 0.0942745 9.9982E-05
0.856213 0.098627 9.9982E-05 0.0449603 9.9982E-05
0.802226 0.049085 0.00179019 0.144579 0.00231956
0.723624 0.119664 9.9982E-05 0.156512 9.9982E-05
0.784648 0.00471543 0.0676163 0.14292 9.9991E-05
0.341199 0.574926 0.0230565 9.9991E-05 0.0607188
0.403981 0.45799 0.0552367 9.9991E-05 0.0826919
0.384132 0.552049 0.00983101 0.0061464 0.0478421
0.795188 0.0391745 9.9991E-05 0.133358 0.0321795
0.355993 0.536008 0.0672112 9.9991E-05 0.0406883
0.237764 9.9991E-05 0.135284 0.425986 0.200866
0.353468 9.9982E-05 9.9982E-05 0.306045 0.340287
0.0514126 0.152786 0.396857 0.129846 0.269098
0.129099 0.455114 0.335008 0.0806785 9.9991E-05
9.9991E-05 0.0853751 0.536546 0.174716 0.203264
9.9982E-05 0.158349 0.299195 9.9982E-05 0.542256
0.0759138 0.318696 0.416702 0.0452444 0.143444
0.00612408 0.166769 0.473729 9.9991E-05 0.353277
9.9991E-05 0.25602 0.332001 0.134016 0.277862
0.0527202 0.221345 0.491869 0.120358 0.113708
0.757762 9.9991E-05 0.0770353 0.160947 0.00415623
0.875346 9.9991E-05 0.045785 0.0649457 0.0138236
0.822574 0.00464387 0.0750524 0.0746549 0.0230745
0.829117 0.0322642 0.0880806 0.0368074 0.013731
0.896158 9.99942E-05 0.0797361 0.0202433 0.00376262
0.02705 0.500005 0.317485 0.110239 0.0452202
9.9991E-05 0.325804 0.201921 0.122697 0.349479
0.13938 0.536499 0.202755 9.9991E-05 0.121266
0.0347638 0.52863 0.260003 0.143435 0.0331691
0.152947 0.421595 0.275413 0.0554908 0.094554
0.129122 0.419876 0.289408 0.0897161 0.0718784
0.00964729 0.29515 0.249837 0.211297 0.234069
9.9991E-05 0.0915601 0.293883 0.0347615 0.579695
9.9982E-05 0.103416 0.120206 9.9982E-05 0.776178
9.9982E-05 0.0679817 0.293397 9.9982E-05 0.638421
9.9982E-05 0.124702 0.251118 9.9982E-05 0.623981
0.0335988 0.455192 0.374504 0.0690781 0.0676277
9.9991E-05 0.302343 0.337881 0.10099 0.258687
9.9991E-05 0.398272 0.35944 0.0913661 0.150822
9.9982E-05 0.44174 0.370249 0.187811 9.9982E-05
0.216488 9.9991E-05 0.212587 0.0876328 0.483192
0.430884 9.9982E-05 9.9982E-05 0.149939 0.418977
9.9982E-05 0.0258089 0.4894 9.9982E-05 0.484591
9.9982E-05 0.0374576 0.385344 9.9982E-05 0.576998
0.111958 9.9991E-05 0.210219 0.421282 0.256441
0.192448 9.9991E-05 0.219737 0.380777 0.206938
0.0415636 0.00419589 0.187456 0.0774383 0.689346
0.0889414 0.0267815 0.229654 0.146165 0.508459
0.0324744 0.0310831 0.395204 0.317968 0.223271
0.0645181 9.9991E-05 0.238214 0.14407 0.553097
9.9991E-05 0.140712 0.277871 0.0228429 0.558474
9.9991E-05 0.136511 0.351042 0.082632 0.429715
0.165602 0.0787752 0.0776074 0.0593143 0.618702
0.3213 9.9982E-05 9.9982E-05 0.11128 0.56722
9.9973E-05 9.9973E-05 0.429349 9.9973E-05 0.570352
9.9973E-05 9.9973E-05 0.430039 9.9973E-05 0.569661
9.9991E-05 0.0305673 0.604921 0.156678 0.207734
9.9991E-05 0.0305276 0.447667 0.0883105 0.433395
0.758903 0.0207063 0.0537364 0.0579674 0.108687
0.714232 0.065131 0.0465791 0.0938205 0.0802377
0.909515 0.0124194 9.9982E-05 0.0778656 9.9982E-05
0.968746 9.9982E-05 9.9982E-05 0.00229952 0.0287542
0.0385312 0.164351 0.596969 0.0840238 0.116125
9.9973E-05 9.9973E-05 0.966119 9.9973E-05 0.0335809
0.0771291 9.9991E-05 0.771853 0.0458084 0.10511
9.9973E-05 9.9973E-05 0.764975 9.9973E-05 0.234725
9.9982E-05 0.0147896 0.555624 9.9982E-05 0.429386
9.9973E-05 9.9973E-05 0.802197 9.9973E-05 0.197504
0.0773328 0.100672 0.720058 0.101837 9.9991E-05
0.0120096 9.9991E-05 0.901001 0.0702935 0.0165959
0.681704 0.288037 0.030059 9.9982E-05 9.9982E-05
0.723928 0.146036 0.077832 0.0245584 0.0276449
0.828394 0.171306 9.9973E-05 9.9973E-05 9.9973E-05
0.860141 0.0676707 0.0638915 9.9991E-05 0.00819668
0.70611 0.194165 0.0528937 0.00752613 0.0393056
0.048351 0.129112 0.771702 0.0507355 9.9991E-05
0.104659 0.0922769 0.802864 9.9982E-05 9.9982E-05
9.9982E-05 9.9982E-05 0.930105 0.0176474 0.0520473
9.9982E-05 0.144781 0.709128 0.145891 9.9982E-05
0.00430665 0.137576 0.711877 0.112377 0.0338633
0.28418 9.9982E-05 9.9982E-05 0.567805 0.147815
0.180585 0.278755 0.150227 0.0123318 0.378101
0.132866 0.0836147 0.159402 0.0734026 0.550714
0.24015 9.9982E-05 9.9982E-05 0.149737 0.609913
0.257667 9.9982E-05 9.9982E-05 0.0150302 0.727102
0.284936 9.9991E-05 0.0387415 0.170274 0.505949
0.38095 9.9982E-05 9.9982E-05 0.153122 0.465728
0.264478 0.0445788 0.125256 0.212507 0.353179
0.330208 9.9982E-05 9.9982E-05 0.0561516 0.613441
0.23545 9.9991E-05 0.0835688 0.153707 0.527174
0.364028 9.9973E-05 9.9973E-05 9.9973E-05 0.635672
0.346642 9.9991E-05 0.100785 0.267113 0.28536
0.35485 9.9991E-05 0.106262 0.34748 0.191308
0.789727 0.145606 0.0136913 9.9991E-05 0.0508759
0.00489054 0.955446 0.0394638 9.9982E-05 9.9982E-05
9.997E-05 0.9996 9.997E-05 9.997E-05 9.997E-05
9.9973E-05 0.935351 9.9973E-05 0.0643491 9.9973E-05
9.9973E-05 0.949428 9.9973E-05 0.0502723 9.9973E-05
9.9982E-05 0.926852 0.0584269 0.0145209 9.9982E-05
0.0478928 0.872517 0.0634882 9.9991E-05 0.0160018
0.204391 0.795309 9.9973E-05 9.9973E-05 9.9973E-05
0.921648 9.9991E-05 0.0656898 0.0100226 0.00253965
0.780382 0.150113 0.0342685 0.0351366 9.9991E-05
0.916198 0.0359972 9.9982E-05 0.0476048 9.9982E-05
0.82951 0.0767868 0.0563108 0.00430237 0.0330902
0.943181 0.0174496 0.0170565 0.0222131 9.9991E-05
0.891576 0.0549398 9.9982E-05 9.9982E-05 0.0532845
0.849538 9.9982E-05 9.9982E-05 0.0791861 0.0710759
0.894119 9.9991E-05 0.00377572 0.078776 0.0232291
0.983222 0.0164777 9.9973E-05 9.9973E-05 9.9973E-05
0.844892 0.0124914 9.9991E-05 0.067085 0.0754318
0.983877 0.0158231 9.9973E-05 9.9973E-05 9.9973E-05
0.900446 0.0281204 9.9991E-05 0.04388 0.0274535
0.88252 0.0195538 0.00543892 0.0923874 9.9991E-05
0.832558 9.9982E-05 0.0393193 0.127923 9.9982E-05
0.762666 0.0123472 9.9982E-05 0.224787 9.9982E-05
0.784067 9.9982E-05 0.0518137 0.163919 9.9982E-05
0.82886 9.9982E-05 0.0572621 0.113678 9.9982E-05
0.131384 0.11285 0.282952 0.0973579 0.375455
0.0118393 0.0835507 0.195547 0.019791 0.689272
0.105552 9.9991E-05 0.0856919 0.0221882 0.786468
9.9991E-05 0.36225 0.305875 0.0766886 0.255086
9.9982E-05 0.144816 0.00349995 9.9982E-05 0.851484
0.0553344 0.0794 0.181521 9.9991E-05 0.683645
0.0313808 0.0830319 0.34557 0.180401 0.359616
0.456347 0.0921754 0.186611 0.148393 0.116473
0.372329 0.03411 9.9991E-05 0.157606 0.435855
0.334715 0.0515175 0.309268 0.290597 0.0139027
0.480437 0.0430491 0.193907 0.2324 0.0502069
