9.9982E-05 9.9982E-05 0.075902 0.872716 0.0511816
0.0339368 9.9973E-05 9.9973E-05 0.965763 9.9973E-05
9.9982E-05 0.162195 0.0115442 0.826061 9.9982E-05
9.999E-05 0.0756063 0.0606549 0.827788 0.0358509
9.9982E-05 0.0556863 9.9982E-05 0.880942 0.0631717
0.12661 0.0519075 0.124846 0.595653 0.100983
0.011598 0.0361326 0.0706056 0.881564 9.9991E-05
0.117061 0.0443717 0.113875 0.724592 9.9991E-05
9.99729E-05 9.99729E-05 0.15165 0.84805 9.99729E-05
0.0804475 0.105693 0.0895766 0.648453 0.0758299
0.1088 0.0267226 0.127573 0.736805 9.9991E-05
0.0688544 0.352078 0.520326 0.00618406 0.0525573
9.9991E-05 0.570218 0.325175 0.0139368 0.0905705
0.192006 0.267147 0.408572 0.0708496 0.0614265
0.034586 0.292261 0.434176 0.0201635 0.218814
0.109157 0.390104 0.249103 0.131718 0.119918
0.0946597 0.547031 0.181279 0.0695576 0.107473
0.120735 0.439196 0.289204 0.0117653 0.1391
0.0547486 0.380987 0.372941 0.10234 0.0889839
0.13914 0.0417581 0.701007 0.0192095 0.0988853
0.224277 0.4276 0.234732 9.9991E-05 0.113291
0.253758 0.533881 0.135222 0.0374677 0.0396706
0.150148 0.59899 0.182692 0.0421468 0.0260224
0.167503 0.331526 0.371795 0.0236189 0.105557
0.0901684 0.601888 0.0962194 0.101184 0.11054
0.0729869 0.535876 0.18904 0.0655679 0.136529
0.0767335 0.201247 0.56921 9.9991E-05 0.15271
0.0445366 0.229273 0.509579 9.9991E-05 0.216511
0.0871614 0.33524 0.504522 0.0488643 0.0242127
9.9982E-05 0.0893979 9.9982E-05 0.847024 0.0633779
9.9982E-05 0.164111 9.9982E-05 0.815615 0.0200743
9.9982E-05 0.132784 9.9982E-05 0.811255 0.0557608
0.0148766 0.153619 9.9991E-05 0.706205 0.1252
0.190287 0.618264 0.160101 0.0312486 9.9991E-05
0.185456 0.527611 0.18041 0.0602781 0.046245
0.259874 0.671386 9.9991E-05 0.050379 0.0182607
9.9991E-05 0.257526 0.632693 0.0979175 0.0117638
0.534143 0.420466 9.9982E-05 0.0451908 9.9982E-05
0.14728 0.659182 0.098552 0.0629683 0.0320168
0.18805 0.721664 0.0103887 0.0338648 0.0460328
0.230561 0.580851 0.0512468 0.0991069 0.0382342
0.0480909 0.720763 0.0677403 0.154239 0.00916634
0.447154 0.271032 0.246564 0.0351506 9.9991E-05
0.286024 0.593523 0.00368314 0.0603212 0.0564495
0.21814 0.624672 0.0333526 0.0627715 0.0610642
0.145567 0.586645 0.0843275 0.088018 0.0954422
0.521781 0.46085 0.0171681 9.9982E-05 9.9982E-05
0.258713 0.655428 9.9991E-05 0.0644176 0.021341
0.204267 0.586066 0.0136465 0.110015 0.0860058
0.920079 9.9973E-05 9.9973E-05 0.0796206 9.9973E-05
0.326235 0.217781 0.455785 9.9982E-05 9.9982E-05
0.556705 0.0495193 0.254122 0.0530162 0.0866377
0.106519 0.624543 0.12392 0.0854982 0.0595198
0.104263 0.633209 0.0596666 0.0956094 0.107252
0.166846 0.572919 0.0799206 0.063406 0.116908
0.313547 0.185026 0.418878 0.0824491 9.9991E-05
0.13328 0.529351 0.224581 0.045217 0.067571
0.141503 0.488198 0.129183 0.132176 0.10894
0.19947 0.436463 0.223133 0.140834 9.9991E-05
0.204851 0.0364791 0.445101 0.203038 0.110531
0.28655 0.475171 0.0618373 0.0708499 0.105591
0.0430687 0.473592 0.324526 0.0625969 0.0962162
0.258267 0.073524 0.60586 0.0528012 0.00954729
0.117199 0.520362 0.301281 9.9991E-05 0.0610568
0.209961 0.562838 0.106348 9.9991E-05 0.120753
0.132527 0.498092 0.2134 0.0516101 0.104371
0.252332 0.255307 0.373957 0.0175306 0.100873
0.139504 0.498891 0.201368 0.015521 0.144716
0.13838 0.671204 0.0903894 0.0832066 0.0168205
0.298417 0.302217 0.358179 0.0410863 9.9991E-05
0.274738 0.622381 0.102681 9.9982E-05 9.9982E-05
0.44212 0.383515 0.173737 0.00052781 9.9991E-05
0.258693 0.658865 9.9991E-05 0.0643788 0.0179637
0.161601 0.632997 0.0823869 0.0719281 0.051087
0.816067 0.148901 0.0348317 9.9982E-05 9.9982E-05
0.803082 0.135109 0.0616092 9.9982E-05 9.9982E-05
0.558466 0.414066 0.0272679 9.9982E-05 9.9982E-05
0.364585 0.488574 0.146641 9.9982E-05 9.9982E-05
0.160957 0.597799 0.085131 0.101527 0.0545857
0.367313 0.530664 0.0659551 0.0342815 0.00178582
0.384591 0.322769 0.264577 0.0279625 9.9991E-05
0.291133 0.366419 0.333874 0.00847455 9.9991E-05
0.134437 0.535528 0.123674 0.132917 0.0734448
0.354404 0.441063 0.154742 0.000219527 0.0495723
0.285605 0.59428 0.0922634 0.0277515 9.9991E-05
0.487226 0.50338 9.9982E-05 0.00919352 9.9982E-05
0.835253 0.103048 0.0613029 0.000295832 9.9991E-05
0.204396 0.704546 0.0840308 0.00692697 9.9991E-05
9.9991E-05 0.0813961 0.0697057 0.848235 0.000562865
9.9973E-05 0.101776 9.9973E-05 0.897924 9.9973E-05
9.9982E-05 0.0812074 9.9982E-05 0.891738 0.0268545
9.9973E-05 0.061101 9.9973E-05 0.938599 9.9973E-05
0.0343457 0.0545855 9.9991E-05 0.884419 0.0265496
9.9982E-05 0.0302543 9.9982E-05 0.936339 0.0332072
9.9982E-05 0.0451388 9.9982E-05 0.945563 0.00909851
0.160492 0.525988 0.128914 0.0834117 0.101195
0.271508 0.548048 0.0202086 0.108379 0.0518561
0.647088 0.20834 0.144372 9.9982E-05 9.9982E-05
0.118666 0.618758 0.165483 0.0969923 9.9991E-05
0.332881 0.540192 0.108781 0.018046 9.9991E-05
0.183341 0.707489 0.0133224 0.0957474 9.9991E-05
0.350529 0.574551 9.9982E-05 0.0747195 9.9982E-05
0.381199 0.529154 0.0159393 0.0107357 0.0629721
0.570683 0.114212 0.303779 0.0112263 9.9991E-05
0.0976123 0.568517 0.098271 0.2019 0.0337001
0.165085 0.782095 9.9982E-05 0.0526203 9.9982E-05
0.0884806 0.55497 0.204116 9.9991E-05 0.152333
0.540445 0.407715 9.9982E-05 0.0516402 9.9982E-05
0.366026 0.600915 9.9982E-05 0.0328589 9.9982E-05
0.278368 0.519743 0.201688 9.9982E-05 9.9982E-05
0.512087 0.358803 0.0544265 9.9991E-05 0.0745835
0.323583 0.478616 0.0743162 0.123385 9.9991E-05
0.0684576 0.558359 0.16445 0.149583 0.0591498
0.277564 0.3348 0.317693 0.0698422 9.9991E-05
0.0480808 0.510508 0.183054 0.100428 0.157929
0.0857167 0.370396 0.348124 0.0501627 0.145601
0.250965 0.477936 0.040876 0.15695 0.073273
0.0665794 0.772497 0.0848432 0.0673867 0.00869333
0.0603262 0.583953 0.324971 0.0306503 9.9991E-05
0.1657 0.615054 0.170278 0.0127422 0.0362262
0.0100713 0.53592 0.390553 0.0432596 0.0201963
0.153836 0.545415 0.130462 0.0780432 0.0922429
0.0815268 0.66273 0.158261 0.0973814 9.9991E-05
0.10464 0.586652 0.236604 0.072004 9.9991E-05
0.0496309 0.623002 0.327167 9.9982E-05 9.9982E-05
0.0215354 0.670042 0.192977 0.035108 0.0803379
0.14748 0.487426 0.0759285 0.190717 0.0984483
0.0820907 0.614962 0.216292 9.9991E-05 0.0865554
0.0686199 0.596892 0.177971 0.0929052 0.0636126
0.200019 0.533541 0.15983 0.00230417 0.104307
0.24892 0.298082 0.248371 0.0881903 0.116437
0.0646228 0.676577 0.110814 0.0591987 0.0887875
0.141752 0.723037 0.064077 0.0131655 0.057968
0.148875 0.307082 0.471126 9.9991E-05 0.0728161
0.391776 0.157543 0.349004 9.9991E-05 0.101578
0.186585 0.535612 0.185435 0.0616328 0.0307362
0.463663 0.0836177 0.367759 9.9991E-05 0.0848599
0.1506 0.342767 0.502285 9.9991E-05 0.0042487
0.13307 0.543132 0.323598 9.9982E-05 9.9982E-05
0.133774 0.420364 0.445662 9.9982E-05 9.9982E-05
0.0996677 0.394021 0.506111 9.9982E-05 9.9982E-05
0.0895675 0.666848 0.12986 0.0468385 0.0668864
0.125343 0.576054 0.122702 0.0312422 0.144659
0.0965466 0.553157 0.249099 0.101097 9.9991E-05
0.33872 0.157674 0.35683 9.99974E-05 0.146676
0.264649 0.512231 0.0414946 0.181525 9.9991E-05
0.224823 0.515571 0.0208928 0.149797 0.0889159
0.543301 0.030413 0.221921 0.204265 9.9991E-05
0.192135 0.703507 9.9991E-05 0.0322995 0.0719591
0.353944 0.349297 0.121182 0.0939368 0.0816405
0.292715 0.428465 0.0580821 0.117563 0.103175
0.401288 0.317089 0.094498 0.187025 9.9991E-05
0.591521 0.157153 0.110614 0.140613 9.9991E-05
0.125535 0.529433 0.103449 0.210581 0.0310025
0.339128 0.490261 0.144415 0.026097 9.9991E-05
0.283365 0.455767 0.073789 0.129762 0.0573176
0.251489 0.347459 0.213141 0.07843 0.109482
0.324406 0.396778 9.9991E-05 0.156952 0.121763
0.200987 0.457187 0.0169586 0.128114 0.196753
0.577908 0.0163441 0.105404 0.145309 0.155035
0.142266 0.535912 0.0602764 0.108929 0.152617
0.200793 0.511503 0.0390156 0.100862 0.147826
0.437144 0.372395 0.190261 9.9982E-05 9.9982E-05
0.400056 0.514841 0.0849027 9.9982E-05 9.9982E-05
0.180099 0.570357 0.0377408 0.147508 0.0642948
0.182813 0.409451 0.0936306 0.174027 0.140078
0.0941737 0.492353 0.0220313 0.224448 0.166994
0.220879 0.0934719 0.0227785 0.372488 0.290382
0.194981 9.9982E-05 9.9982E-05 0.630473 0.174345
0.333108 9.9982E-05 9.9982E-05 0.514626 0.152066
0.115602 0.0366986 0.0866413 0.355845 0.405213
0.287168 0.677768 9.9982E-05 9.9982E-05 0.0348646
0.310624 0.566827 0.0152923 0.0530653 0.0541913
9.9982E-05 0.255965 0.0614825 9.9982E-05 0.682352
9.9991E-05 0.429587 0.140078 0.00428846 0.425946
0.104681 0.359659 0.0826599 0.0433465 0.409654
0.539516 0.307096 0.0316271 0.0595707 0.0621906
0.273517 0.530523 0.0469365 0.104876 0.044147
0.708589 0.112541 0.0326281 0.0267124 0.119529
0.285494 0.637898 9.9991E-05 0.0445598 0.0319482
0.391216 0.500225 0.000451381 0.0296093 0.0784982
0.380029 0.537163 9.9991E-05 0.0767452 0.0059624
0.650003 0.175708 0.0740376 0.029063 0.0711883
0.155374 0.575785 0.095865 0.0286574 0.144319
0.0843557 0.538367 0.0993071 0.207336 0.0706341
0.111049 0.606402 0.110376 0.139635 0.0325386
0.0958341 0.403362 0.122884 0.127068 0.250853
0.0415494 9.9973E-05 9.9973E-05 9.9973E-05 0.958151
9.9973E-05 0.153037 9.9973E-05 9.9973E-05 0.846663
0.100966 0.202392 0.0844673 0.00853057 0.603644
9.9973E-05 0.319004 9.9973E-05 9.9973E-05 0.680696
0.0363715 0.213799 9.9991E-05 0.00310866 0.746621
9.997E-05 9.997E-05 9.997E-05 9.997E-05 0.9996
0.0227852 9.9982E-05 0.0331953 9.9982E-05 0.94382
9.9973E-05 0.196099 9.9973E-05 9.9973E-05 0.803602
9.9973E-05 0.0183318 9.9973E-05 9.9973E-05 0.981368
9.997E-05 9.997E-05 9.997E-05 9.997E-05 0.9996
9.997E-05 9.997E-05 9.997E-05 9.997E-05 0.9996
9.9991E-05 0.176138 0.0360431 0.0281197 0.759599
9.9991E-05 0.107865 0.0279169 0.0830149 0.781104
9.997E-05 9.997E-05 9.997E-05 9.997E-05 0.9996
0.0422439 0.400373 0.150056 0.128477 0.278849
0.0202291 0.339919 0.0171933 0.0069227 0.615736
9.9982E-05 0.202658 9.9982E-05 0.0503568 0.746785
9.9973E-05 0.119788 9.9973E-05 9.9973E-05 0.879912
9.9982E-05 0.00310474 9.9982E-05 0.0108137 0.985882
9.9982E-05 0.0629459 9.9982E-05 0.0841229 0.852731
9.997E-05 9.997E-05 9.997E-05 9.997E-05 0.9996
0.0325223 0.231589 0.0722901 0.00815193 0.655447
9.9991E-05 0.083093 0.00617572 0.0193778 0.891253
0.526476 9.9982E-05 9.9982E-05 0.41756 0.0557646
0.212687 0.365723 0.147583 0.169815 0.104192
0.229187 0.380505 0.0233547 0.267381 0.0995722
0.417528 0.16886 0.017009 0.288975 0.107629
0.146727 0.455166 0.0115695 0.160605 0.225932
0.369581 0.215282 9.9991E-05 0.315737 0.0992998
0.248557 0.42765 0.00869063 0.191809 0.123294
0.175654 0.37548 0.203829 0.0862027 0.158834
0.329005 0.289426 0.0215758 0.175551 0.184441
0.248057 0.372241 9.9991E-05 0.179036 0.200565
0.253737 0.245134 0.00884921 0.219505 0.272776
0.265595 0.440507 9.9991E-05 0.18953 0.104268
0.141124 0.519239 9.9991E-05 0.216194 0.123343
9.9982E-05 0.0812412 0.0799889 0.83857 9.9982E-05
0.00681699 9.9982E-05 9.9982E-05 0.92469 0.0682929
0.0244589 0.0043639 0.0409397 0.930137 9.9991E-05
9.9982E-05 0.0249573 0.0634564 0.911386 9.9982E-05
9.9991E-05 0.0771092 0.0117556 0.888905 0.0221298
9.9973E-05 9.9973E-05 9.9973E-05 0.892867 0.106833
9.9982E-05 0.0534803 9.9982E-05 0.889615 0.0567049
0.0451239 9.9982E-05 0.0251401 0.929536 9.9982E-05
9.9982E-05 0.0706851 0.0229655 0.906149 9.9982E-05
9.9982E-05 9.9982E-05 0.0293781 0.845423 0.124998
0.0438567 9.9991E-05 0.296114 0.633791 0.0261386
9.9982E-05 9.9982E-05 0.418765 0.557569 0.0234669
0.182036 9.9982E-05 0.298182 0.519582 9.9982E-05
0.0863261 9.9982E-05 0.430819 0.482655 9.9982E-05
0.223537 0.577322 0.176353 0.0226883 9.9991E-05
0.251198 0.53804 0.142636 9.9991E-05 0.0680258
0.103319 0.605007 0.203012 0.0214445 0.0672177
0.240435 0.373673 0.162471 0.0991032 0.124317
0.191614 0.477991 0.295231 0.0350637 9.9991E-05
0.0447313 0.205334 0.714216 9.9991E-05 0.0356188
0.225276 0.630746 0.0703685 0.0228747 0.0507349
0.218822 0.70914 0.0661006 9.9991E-05 0.00583763
0.304099 0.587621 0.10665 9.9991E-05 0.00153092
0.451841 0.441321 0.0653554 9.9991E-05 0.0413832
0.113729 0.662263 0.130656 0.0244473 0.0689047
0.296718 0.504043 0.171623 0.0275172 9.9991E-05
0.915399 9.9973E-05 0.0843009 9.9973E-05 9.9973E-05
0.132061 0.587022 0.213534 0.0446952 0.0226882
0.656009 0.332374 0.00846729 0.00304998 9.9991E-05
0.362484 0.597498 9.9991E-05 0.00497057 0.0349472
0.415799 0.280123 0.303878 9.9982E-05 9.9982E-05
0.0224271 0.0539436 0.787901 0.135628 9.9991E-05
0.0202547 0.0715371 0.763757 0.11998 0.0244711
9.9982E-05 0.0962988 0.884119 0.0193826 9.9982E-05
9.9982E-05 0.0471437 0.870899 0.0817569 9.9982E-05
0.0159979 0.126775 0.850452 0.00667444 9.9991E-05
9.9991E-05 0.15951 0.763831 0.0665155 0.0100431
0.017188 0.101814 9.9982E-05 0.880798 9.9982E-05
9.9982E-05 0.13493 0.0172401 0.847629 9.9982E-05
9.9982E-05 0.151859 9.9982E-05 0.780767 0.0671742
9.9991E-05 0.0792568 0.0898575 0.734348 0.0964375
9.9991E-05 0.102458 0.0519104 0.77262 0.0729117
0.0160805 9.9982E-05 0.602984 0.380735 9.9982E-05
0.145354 9.9982E-05 0.365129 0.489316 9.9982E-05
0.0827337 9.9991E-05 0.48065 0.433211 0.00330556
9.9991E-05 0.14502 0.00539436 0.811797 0.0376889
0.0297353 0.00628729 0.567012 0.372261 0.0247052
0.156559 0.288988 9.9991E-05 0.174229 0.380124
9.9982E-05 0.632367 9.9982E-05 0.191239 0.176194
9.9982E-05 0.551535 9.9982E-05 0.178151 0.270113
0.118453 0.350453 9.9991E-05 0.279458 0.251535
9.9991E-05 0.553386 0.0795396 0.173051 0.193923
0.19201 9.9982E-05 9.9982E-05 0.439704 0.368087
0.0777204 0.554609 0.352672 0.0148988 9.9991E-05
0.399546 0.374855 0.161752 0.0370046 0.0268415
9.9982E-05 0.395707 0.513442 0.0906512 9.9982E-05
0.342534 0.435894 0.147248 9.9991E-05 0.0742235
0.750933 9.9973E-05 0.248768 9.9973E-05 9.9973E-05
0.0773563 0.494772 0.19024 0.109563 0.128068
0.108895 0.545638 0.221258 0.0639606 0.0602483
0.103706 0.406254 0.454198 0.0357421 9.9991E-05
0.110035 0.482838 0.233559 0.0568355 0.116733
0.501555 0.162594 0.335651 9.9982E-05 9.9982E-05
0.243875 0.482423 0.163845 0.0254359 0.0844216
0.0682212 0.659857 0.271722 9.9982E-05 9.9982E-05
0.175294 0.328904 0.102362 0.165308 0.228133
0.216601 0.442803 0.299179 9.9991E-05 0.041317
0.234507 0.529976 0.222336 0.0130812 9.9991E-05
0.294057 0.463831 0.140384 9.9991E-05 0.101629
0.203912 0.626898 0.0478834 0.121207 9.9991E-05
0.107206 0.734748 0.084348 0.0735979 9.9991E-05
0.0738366 0.620777 0.162671 0.0991837 0.0435313
0.171185 0.523007 0.157449 0.0123592 0.136
9.9982E-05 0.165712 9.9982E-05 0.79915 0.0349383
9.9982E-05 0.151373 9.9982E-05 0.840135 0.00829165
0.0463483 0.0793392 0.0442962 0.823081 0.00693537
0.0641683 0.069594 0.0246886 0.841449 9.9991E-05
9.9973E-05 0.16408 9.9973E-05 0.83562 9.9973E-05
0.0187392 0.216598 0.681488 9.9991E-05 0.0830751
0.239039 0.46507 0.132689 9.9991E-05 0.163102
0.124816 0.39878 0.0536738 0.193197 0.229533
0.00602172 0.771479 0.151043 0.0406631 0.0307936
0.142664 0.543683 0.278331 0.016924 0.018398
0.284908 0.277115 0.323015 0.0259894 0.0889728
0.167935 0.062012 0.65067 0.119284 9.9991E-05
0.0570365 0.651795 0.288443 9.9991E-05 0.00262605
0.0580876 0.254756 0.562103 0.0654891 0.0595646
0.265111 0.333885 0.218365 0.0736662 0.108973
0.112926 0.123465 0.624168 0.0726173 0.0668242
0.033232 0.546254 0.235171 0.0578509 0.127493
0.0824862 0.205945 0.586156 0.0663637 0.0590495
0.0254843 0.645028 0.151742 0.122011 0.0557343
0.167402 0.33406 0.344728 0.030167 0.123643
0.271836 0.510279 0.083369 0.101409 0.033108
0.466074 0.295648 0.157972 0.0118062 0.0684997
0.270031 0.630662 9.9982E-05 0.0991074 9.9982E-05
0.274946 0.487683 0.0203959 0.139268 0.0777072
0.570387 0.359336 0.0235445 0.0466328 9.9991E-05
0.102094 0.580105 0.104519 0.101421 0.11186
0.228879 0.51082 0.0834517 0.115404 0.0614449
0.297575 0.598606 0.0481627 0.0555567 9.9991E-05
0.758385 0.0956982 0.145717 9.9982E-05 9.9982E-05
0.693782 0.256829 0.0332246 0.0160641 9.9991E-05
0.293865 0.563533 0.130338 0.0121637 9.9991E-05
0.227943 0.464701 0.0860702 0.0292101 0.192076
0.708233 0.12442 0.105318 0.061928 9.9991E-05
0.343432 0.474412 0.137492 0.0224887 0.0221754
0.125971 0.202764 0.624104 0.0332741 0.0138863
0.347906 0.263776 0.352558 9.9991E-05 0.0356593
0.04558 0.403276 0.43206 0.0108389 0.108245
0.0133723 0.701301 0.178957 0.0327156 0.0736543
0.150011 0.322782 0.527008 9.9982E-05 9.9982E-05
0.183325 0.510292 0.149027 0.0568041 0.100552
0.0759063 0.673618 0.127052 0.0354633 0.0879608
0.157414 0.474805 0.210821 0.0239314 0.133029
0.141629 0.502131 0.249363 9.9991E-05 0.106778
0.10755 0.540024 0.251974 0.0654689 0.0349827
0.124407 0.331257 0.441062 9.9991E-05 0.103173
0.0788727 0.380051 0.444668 9.9991E-05 0.0963083
0.0863773 0.66636 0.189595 9.9991E-05 0.0575677
0.111608 0.531546 0.223258 0.00471544 0.128873
0.197626 0.479368 0.232194 0.0519619 0.0388499
0.199203 0.556218 0.178099 9.9991E-05 0.06638
0.1174 0.440115 0.380304 0.0592166 0.0029645
0.0388895 0.613399 0.22259 0.0225765 0.102545
0.0949064 0.564151 0.247624 0.020061 0.0732575
0.0927003 0.540089 0.10454 0.176198 0.0864722
0.11432 0.368039 0.00463851 0.360483 0.15252
0.103371 0.541177 9.9991E-05 0.179596 0.175756
0.076892 0.486036 0.01461 0.226866 0.195596
0.0660657 0.634179 0.0476776 0.0706406 0.181437
0.0653735 0.46939 0.0762707 0.169036 0.21993
0.185639 0.54474 0.235518 9.9991E-05 0.0340032
0.0565904 0.554313 0.0374998 0.213292 0.138305
0.549852 9.9991E-05 0.00524108 0.29444 0.150366
0.129235 0.478142 0.0892691 0.104202 0.199152
9.9991E-05 0.539247 0.148141 0.102163 0.210349
0.0511681 0.466541 0.177407 0.000295761 0.304589
0.265483 0.233028 0.0885991 0.150834 0.262057
0.125228 0.48727 9.9991E-05 0.247955 0.139447
0.0686717 0.541071 9.9991E-05 0.170217 0.21994
0.297446 9.9982E-05 9.9982E-05 0.506861 0.195494
0.0203231 0.468511 0.0971396 0.184358 0.229667
0.0140251 0.57388 9.9991E-05 0.199774 0.212221
0.174407 0.543098 0.0545764 0.0970304 0.130888
9.9991E-05 0.596312 0.00328016 0.219838 0.18047
0.129461 0.625802 0.06229 0.124587 0.0578589
0.273577 0.579764 0.0767054 0.0565382 0.0134156
0.235387 0.51216 0.113046 0.0783587 0.0610481
0.77787 0.0213533 0.200577 9.9982E-05 9.9982E-05
0.163814 0.558038 0.110113 0.0512836 0.116751
0.276876 0.470709 0.0196186 0.15721 0.0755868
0.802326 9.9982E-05 0.186679 9.9982E-05 0.0107948
0.213383 0.414566 0.162668 0.0649927 0.144391
0.247884 0.418064 9.9991E-05 0.221206 0.112746
0.0462375 0.407017 0.043633 0.139391 0.363722
0.163816 0.305399 9.9991E-05 0.109943 0.420742
0.298454 0.109006 0.0116718 0.223665 0.357203
0.1584 0.304541 9.9991E-05 0.220219 0.31674
0.104763 0.50945 0.0883558 0.166492 0.130939
0.713956 0.0415693 9.9991E-05 0.0594001 0.184975
0.529016 0.193206 9.9991E-05 0.128299 0.149378
0.257879 0.573839 0.0189822 9.9991E-05 0.1492
0.275878 0.541345 9.9991E-05 0.0709177 0.11176
0.528707 0.234871 0.0412643 0.0267702 0.168387
0.223851 0.553721 9.9991E-05 0.0944468 0.12788
0.216712 0.585512 0.0531909 0.0162418 0.128343
0.0624234 0.563003 0.142044 0.107509 0.125021
0.390908 0.414833 0.16763 0.0265282 9.9991E-05
0.40278 0.372428 0.152746 0.00350915 0.0685366
0.105407 0.604694 0.0406117 0.19879 0.0504966
0.264981 0.510147 0.0852246 0.0876004 0.0520471
0.426181 0.350541 0.104434 0.0783293 0.0405154
0.20741 0.489575 0.123043 0.105747 0.0742253
0.290912 0.496228 0.0144058 0.101421 0.0970329
0.37054 0.498993 0.017984 0.0482502 0.0642333
0.576284 0.311376 0.104362 0.00787879 9.9991E-05
0.328875 0.615482 9.9982E-05 0.0554434 9.9982E-05
0.188427 0.478569 0.118602 0.115507 0.0988959
0.539645 0.289061 0.156948 9.9991E-05 0.0142457
0.402922 0.409026 0.107204 9.9991E-05 0.0807471
0.20519 0.569524 0.0502649 0.105191 0.0698305
0.379161 0.442599 0.089574 9.9991E-05 0.0885658
0.136611 0.486376 9.9991E-05 0.161141 0.215772
0.152855 0.457796 0.131063 0.106666 0.151619
0.0900462 0.418202 0.0280043 0.226244 0.237503
0.253402 0.330702 0.0606495 0.184516 0.170731
0.121832 0.349876 0.135427 0.125413 0.267451
0.149486 0.465923 0.0534151 0.15708 0.174096
0.0812212 0.512378 0.129979 0.143033 0.133389
0.160732 0.40157 0.0628655 0.184746 0.190086
0.559605 9.9991E-05 0.0399852 0.204023 0.196287
0.0901445 0.565107 0.0238609 0.0817596 0.239128
0.401226 9.9982E-05 9.9982E-05 0.409207 0.189367
0.188118 0.512839 9.9991E-05 0.050687 0.248256
0.135482 0.469509 0.16206 0.121569 0.111379
0.902802 0.0968985 9.9973E-05 9.9973E-05 9.9973E-05
0.871983 9.9982E-05 0.12464 0.00317662 9.9982E-05
0.374705 0.545937 0.0791587 9.9982E-05 9.9982E-05
0.259789 0.612916 9.9991E-05 0.000486621 0.126709
0.515728 0.460375 0.0236962 9.9982E-05 9.9982E-05
0.391926 0.580171 0.00841878 0.0102418 0.00924251
0.330305 0.534006 0.0674578 9.9991E-05 0.0681318
0.0395965 0.0841085 0.0274293 0.786161 0.062705
0.0297583 9.9991E-05 0.136089 0.750705 0.0833478
9.9982E-05 9.9982E-05 0.0562359 0.857435 0.086129
9.9973E-05 0.0436873 9.9973E-05 0.956013 9.9973E-05
0.250966 0.616218 0.0946587 0.0380576 9.9991E-05
0.264063 0.571876 0.0784462 0.0855151 9.9991E-05
0.304537 0.612278 0.0829844 9.9982E-05 9.9982E-05
0.176123 0.61674 0.0535071 0.153529 9.9991E-05
0.315889 0.46636 0.116527 9.9991E-05 0.101123
0.34036 0.405853 0.227332 0.0263554 9.9991E-05
0.192578 0.716237 0.0435457 0.0419601 0.00567907
0.619652 0.365476 9.9991E-05 0.010415 0.00435699
0.0146548 0.507053 0.0389597 0.234473 0.204859
0.515239 0.423387 0.00225775 9.9991E-05 0.0590162
0.29456 0.541752 0.163429 0.000159247 9.9991E-05
0.159078 0.582115 0.0907941 0.139924 0.0280892
0.340403 0.63254 0.0205105 0.00450125 0.00204445
0.356639 0.539843 0.103252 0.000166903 9.9991E-05
0.374458 0.622253 9.9982E-05 9.9982E-05 0.00308926
0.25831 0.649469 9.9991E-05 0.0736351 0.0184859
0.815844 0.183856 9.9973E-05 9.9973E-05 9.9973E-05
0.651776 0.332692 9.9982E-05 9.9982E-05 0.015332
0.5121 0.418093 0.0598968 0.00173492 0.00817529
0.9996 9.997E-05 9.997E-05 9.997E-05 9.997E-05
0.0756084 0.501284 0.00639406 0.25882 0.157894
0.258408 0.45711 0.214125 0.034307 0.03605
0.832811 0.113651 0.0497832 9.9991E-05 0.00365484
0.951719 0.0171543 0.0309268 9.9982E-05 9.9982E-05
0.2977 0.661816 9.9991E-05 0.0125095 0.027875
0.4294 0.365367 0.205033 9.9982E-05 9.9982E-05
0.367564 0.393232 0.129863 9.9991E-05 0.109241
0.171839 0.631744 9.9991E-05 0.102027 0.0942902
0.22823 0.644062 0.112404 0.0152036 9.9991E-05
0.289758 0.291888 0.29068 9.9991E-05 0.127574
0.288129 0.594649 0.0354699 0.0322571 0.0494947
0.173475 0.554337 0.165678 0.0965262 0.00998448
0.529227 0.448312 0.0222612 9.9982E-05 9.9982E-05
0.180039 0.557478 0.104384 0.0553811 0.102718
9.9973E-05 9.9973E-05 0.322569 0.677132 9.9973E-05
0.103183 0.0498352 0.0722348 0.774647 9.9991E-05
9.9973E-05 9.9973E-05 0.185989 0.813711 9.9973E-05
0.0386884 9.9982E-05 0.0950238 0.866088 9.9982E-05
9.9982E-05 0.0721079 0.206676 0.721016 9.9982E-05
0.427841 0.2814 0.281643 0.00901611 9.9991E-05
0.443301 0.2537 0.250767 0.052132 9.9991E-05
0.749832 0.249868 9.9973E-05 9.9973E-05 9.9973E-05
0.0981372 0.654175 0.0913635 0.086427 0.069897
0.118851 0.62535 0.0736812 0.106893 0.0752246
0.518712 0.382528 9.9991E-05 0.0861226 0.0125371
0.238952 0.621881 0.0600145 0.0452759 0.0338775
0.416747 0.530463 0.0127585 0.0399316 9.9991E-05
0.205403 0.509294 0.0814402 0.1314 0.0724633
0.228284 0.661797 0.109718 9.9982E-05 9.9982E-05
0.150399 0.751514 0.0624521 9.9991E-05 0.035535
0.49811 0.386845 0.114845 9.9982E-05 9.9982E-05
0.330153 0.486875 0.182772 9.9982E-05 9.9982E-05
0.235367 0.533251 0.231181 9.9982E-05 9.9982E-05
0.241397 0.583288 0.0131762 0.162039 9.9991E-05
0.351097 0.588115 0.0594351 0.00125349 9.9991E-05
0.280643 0.535766 0.129231 0.0542598 9.9991E-05
9.9991E-05 0.532847 0.0545002 0.0830338 0.329519
0.0485647 0.364156 0.000677459 0.0524508 0.534152
9.9982E-05 0.448571 9.9982E-05 0.0745033 0.476726
9.9982E-05 0.341994 9.9982E-05 0.155845 0.501961
0.0225785 0.469138 0.0730406 0.124953 0.31029
0.389023 0.534764 9.9991E-05 0.0191774 0.056935
9.9982E-05 0.0127743 9.9982E-05 0.254702 0.732324
9.9982E-05 0.293881 9.9982E-05 0.196234 0.509685
0.325534 0.352474 9.9991E-05 0.118314 0.203578
0.202157 0.618468 0.0267113 0.130136 0.0225279
0.278202 0.457839 0.0858676 0.116936 0.0611557
0.18783 0.493579 0.0665967 0.134991 0.117003
0.184447 0.605396 0.0500857 0.116519 0.0435523
9.9982E-05 0.325069 9.9982E-05 0.160286 0.514445
9.9991E-05 0.336474 0.0950739 0.13123 0.437122
9.9982E-05 0.441816 9.9982E-05 0.0906314 0.467353
0.00678344 0.419078 0.0841605 0.140283 0.349695
9.9991E-05 0.277933 0.0281961 0.101882 0.591888
9.9991E-05 0.435935 0.10976 0.0822594 0.371945
0.024623 0.272523 0.0166021 0.164924 0.521328
9.9991E-05 0.453763 0.0776958 0.118279 0.350162
0.272543 0.55439 9.9991E-05 0.122603 0.050364
0.0257363 0.393679 0.125624 0.144302 0.310659
0.0177002 0.122735 9.9991E-05 0.199259 0.660205
0.102149 0.47559 0.117001 0.102562 0.202697
0.0907738 0.414509 0.0595446 0.16945 0.265723
0.113839 0.292531 0.0549108 0.115185 0.423534
0.25784 0.182304 0.32157 0.170159 0.0681274
0.20837 0.497895 0.0939704 0.0434269 0.156338
0.0670932 0.397881 0.0785422 0.130692 0.325792
0.177754 0.362829 0.126312 0.205347 0.127758
0.15782 0.581284 0.0700024 0.0458996 0.144994
0.133506 0.543596 0.0909146 0.21505 0.0169329
0.123233 0.334701 0.0912826 0.159515 0.291269
0.115844 0.328175 0.0205505 0.211193 0.324237
0.149086 0.580452 9.9991E-05 0.128714 0.141647
9.9991E-05 0.511758 0.0612439 0.15519 0.271707
0.117356 0.39272 9.9991E-05 0.265298 0.224527
0.116495 0.347354 0.0508605 0.0892612 0.39603
0.00195869 0.441205 9.9991E-05 0.0986705 0.458066
9.9982E-05 0.203917 9.9982E-05 0.218419 0.577464
0.244222 0.622334 0.0240185 0.100496 0.00892957
0.303601 0.486185 0.0732194 0.136894 9.9991E-05
0.621496 0.136084 9.9991E-05 0.176856 0.0654637
0.144897 0.603197 0.0020008 0.173297 0.0766086
0.274596 0.391583 0.151675 0.126078 0.0560677
0.129958 0.426997 9.9991E-05 0.209534 0.233411
0.238847 0.436225 0.117884 0.139471 0.0675727
0.472871 9.9982E-05 9.9982E-05 0.355311 0.171618
0.470464 9.9982E-05 9.9982E-05 0.391548 0.137788
0.288229 0.262995 0.106226 0.157331 0.185219
0.39353 0.00274794 9.9991E-05 0.376419 0.227203
0.329025 9.9982E-05 9.9982E-05 0.443177 0.227599
0.309114 0.345551 0.0378967 0.129434 0.178004
0.223352 0.316624 0.0146917 0.271802 0.17353
0.234192 0.173583 0.0813988 0.31805 0.192777
0.401254 0.0519609 0.0680602 0.294275 0.18445
0.283148 0.424068 9.9991E-05 0.168921 0.123763
0.398392 0.0975682 9.9991E-05 0.326281 0.177659
0.0669993 0.324849 0.238828 0.215068 0.154255
0.398127 9.9982E-05 9.9982E-05 0.520357 0.0813165
0.0144114 0.494055 0.169335 0.180646 0.141552
0.23788 0.382268 9.9991E-05 0.154799 0.224952
9.9991E-05 0.52887 0.0265078 0.333017 0.111506
0.0777026 0.59345 9.9991E-05 0.10204 0.226707
0.118105 0.424417 0.0600037 0.194247 0.203226
0.101731 0.56248 9.9991E-05 0.158598 0.177091
0.113143 0.434435 0.0317807 0.161953 0.258688
9.9991E-05 0.391187 0.0641224 0.366277 0.178314
0.0122196 0.523758 0.0340639 0.200091 0.229867
9.9991E-05 0.433826 0.0975587 0.166375 0.302141
0.0982605 0.358685 0.00580196 0.260325 0.276927
0.266317 0.27978 0.109339 0.146871 0.197693
0.0855778 0.533619 9.9991E-05 0.23071 0.149994
0.18682 0.442325 0.0278047 0.164483 0.178568
0.12008 0.661243 0.0283952 0.108006 0.0822749
0.0553665 0.414965 0.00311975 0.270566 0.255983
0.0492868 0.577456 0.0377712 0.232192 0.103294
0.245926 0.0886726 9.9991E-05 0.383212 0.282089
0.0613638 0.48507 9.9991E-05 0.180462 0.273004
0.172233 0.165053 9.9991E-05 0.276708 0.385907
0.0494228 0.00112612 0.144651 0.8047 9.9991E-05
0.0476889 0.168929 0.744001 0.0362219 0.00315978
0.0223226 0.021099 0.924894 0.0315843 9.9991E-05
9.9982E-05 0.0352715 0.942502 0.0220266 9.9982E-05
9.9973E-05 0.0778092 0.921891 9.9973E-05 9.9973E-05
9.9982E-05 0.128331 0.859191 9.9982E-05 0.0122783
9.9973E-05 0.120561 0.879139 9.9973E-05 9.9973E-05
9.9982E-05 0.000388877 0.950721 0.04869 9.9982E-05
9.9991E-05 0.00953722 0.788134 0.188157 0.0140713
9.9982E-05 0.0697773 0.0158549 0.914168 9.9982E-05
9.9982E-05 0.0630578 0.124642 0.8121 9.9982E-05
0.00739312 9.9991E-05 0.0720758 0.85264 0.0677907
9.9982E-05 0.0508783 0.129121 0.819801 9.9982E-05
9.9982E-05 9.9982E-05 0.0495246 0.883117 0.0671581
9.9982E-05 0.0232025 0.10268 0.873917 9.9982E-05
9.9991E-05 0.0393754 0.0822686 0.73176 0.146496
9.9991E-05 0.0412243 0.0115642 0.835948 0.111164
0.00519511 0.0385395 0.142487 0.736321 0.0774574
0.032019 9.9982E-05 9.9982E-05 0.894886 0.0728951
9.9973E-05 9.9973E-05 0.051873 0.947827 9.9973E-05
9.9991E-05 0.0978795 0.0263581 0.861923 0.0137393
9.997E-05 9.997E-05 9.997E-05 0.9996 9.997E-05
9.9982E-05 0.0497057 9.9982E-05 0.933855 0.016239
9.9982E-05 0.0895258 9.9982E-05 0.879074 0.0312005
9.9982E-05 0.127273 9.9982E-05 0.831643 0.0408845
9.9982E-05 0.13217 9.9982E-05 0.771694 0.0959357
9.9982E-05 0.153488 9.9982E-05 0.797214 0.0490985
9.9973E-05 0.190278 9.9973E-05 0.809422 9.9973E-05
0.364028 0.379271 0.0504633 0.206137 9.9991E-05
0.172222 0.75039 9.9982E-05 0.0771885 9.9982E-05
0.13169 0.620348 0.0669631 0.0974875 0.0835111
0.749445 0.0612777 9.9991E-05 0.121946 0.0672317
0.113402 0.549491 0.140564 0.157995 0.0385476
0.733152 0.0544911 9.9991E-05 0.173161 0.0390965
0.177233 0.588103 0.00794934 0.131897 0.0948181
0.255358 0.439239 0.206003 0.0993006 9.9991E-05
0.193371 0.582343 0.113963 0.110223 9.9991E-05
0.235943 0.552185 0.142317 0.0621669 0.00738785
0.298208 0.378155 0.181106 0.0720091 0.0705216
0.214089 0.613672 9.9991E-05 0.108929 0.063209
0.136085 0.630384 0.105387 0.128044 9.9991E-05
0.425602 0.0326749 0.461557 9.9991E-05 0.0800665
0.773031 9.9982E-05 0.111962 0.114807 9.9982E-05
0.680617 0.0888129 0.064532 0.165938 9.9991E-05
0.191761 0.574419 0.0432806 0.10085 0.0896895
0.279466 0.595045 9.9982E-05 0.125289 9.9982E-05
0.300034 0.551319 9.9982E-05 0.148447 9.9982E-05
0.149942 0.643086 0.0232557 0.0779397 0.105776
0.061674 0.530282 9.9991E-05 0.241138 0.166806
0.107441 0.60495 9.9991E-05 0.142936 0.144573
0.0554358 0.135943 0.20116 0.468824 0.138637
0.0499673 0.683383 0.115676 0.150873 9.9991E-05
0.158534 0.443824 0.000266984 0.279743 0.117631
0.381594 9.9982E-05 9.9982E-05 0.408854 0.209352
0.210812 0.224024 9.9991E-05 0.311102 0.253962
0.155122 0.276654 0.0647369 0.311109 0.192379
0.0158249 0.439554 0.119383 0.32111 0.104128
0.0480449 0.507075 0.0945105 0.110911 0.239458
0.0255438 0.54505 9.9991E-05 0.261587 0.167718
0.140034 0.57196 9.9991E-05 0.155915 0.13199
0.173619 0.309876 0.137391 0.187203 0.191911
0.0289729 0.329059 9.9991E-05 0.494141 0.147727
