9.9991E-05 0.00858377 0.783706 0.0588126 0.0284955 0.00341508 0.00146249 0.0171549 0.0982691
0.00394592 9.9964E-05 0.799159 0.0112669 9.9964E-05 9.9964E-05 9.9964E-05 0.018819 0.166409
9.9964E-05 0.0162414 0.7211 0.0916321 9.9964E-05 9.9964E-05 0.138383 9.9964E-05 0.0322436
9.9973E-05 0.0748445 0.604416 0.0905343 0.071037 9.9973E-05 9.9973E-05 0.00379842 0.15507
9.9964E-05 0.0444153 0.707235 9.9964E-05 0.060672 9.9964E-05 0.0194446 9.9964E-05 0.167833
0.00466883 0.0308989 9.9955E-05 9.9955E-05 9.9955E-05 0.0490733 9.9955E-05 9.9955E-05 0.914859
9.993E-05 9.993E-05 9.993E-05 9.993E-05 9.993E-05 9.993E-05 9.993E-05 9.993E-05 0.999201
9.9946E-05 9.9946E-05 0.00799665 0.000741244 9.9946E-05 9.9946E-05 9.9946E-05 9.9946E-05 0.990662
0.0682837 9.99819E-05 0.703992 0.0439729 0.0518657 0.0498443 9.99819E-05 0.00368095 0.0781608
9.9955E-05 0.0345746 9.9955E-05 0.0207809 9.9955E-05 9.9955E-05 0.00625054 9.9955E-05 0.937894
9.9946E-05 9.9946E-05 0.091717 9.9946E-05 0.0292877 9.9946E-05 9.9946E-05 9.9946E-05 0.878396
9.9955E-05 0.016518 9.9955E-05 9.9955E-05 9.9955E-05 9.9955E-05 0.0775087 0.837406 0.0680669
9.9955E-05 0.111432 9.9955E-05 9.9955E-05 0.0306523 9.9955E-05 0.314337 0.543079 9.9955E-05
0.0571142 0.0740573 9.9982E-05 0.0289151 0.0244853 9.9982E-05 0.0707118 0.741634 0.00288274
9.9973E-05 0.179535 0.00572572 0.0277493 9.9973E-05 9.9973E-05 0.0262605 0.735336 0.0250934
9.9973E-05 0.14055 9.9973E-05 0.0148767 9.9973E-05 0.00617781 0.2218 0.461709 0.154587
0.0181597 0.113731 0.0111009 9.9973E-05 9.9973E-05 9.9973E-05 0.446108 0.40058 0.0100207
9.9982E-05 0.0478644 9.9982E-05 0.0431225 0.0250511 0.0772091 0.360824 0.390493 0.0552362
9.9964E-05 0.0774883 0.0715072 0.0107798 9.9964E-05 9.9964E-05 0.170359 0.669466 9.9964E-05
9.9946E-05 9.9946E-05 9.9946E-05 9.9946E-05 0.103401 9.9946E-05 9.9946E-05 0.838181 0.0578183
0.0094721 0.0980663 9.9982E-05 0.0375422 0.0598464 0.068309 0.320554 0.40601 9.9982E-05
0.167431 0.0689964 9.9991E-05 0.0333282 0.0685682 0.0166722 0.400445 0.216178 0.0282819
0.0396804 0.0193651 0.0914493 9.9982E-05 0.0720909 0.111361 0.489898 0.175955 9.9982E-05
9.9964E-05 0.144728 9.9964E-05 9.9964E-05 9.9964E-05 0.0240902 0.0377416 0.750299 0.0427415
9.9982E-05 0.0769901 0.0783884 0.024552 0.0815388 9.9982E-05 0.586176 0.133154 0.0190008
9.9964E-05 0.0558879 9.9964E-05 0.0286487 0.0281882 9.9964E-05 0.406007 0.480868 9.9964E-05
0.0522994 0.0454007 9.9955E-05 0.0428335 9.9955E-05 9.9955E-05 9.9955E-05 0.858967 9.9955E-05
9.9946E-05 0.147469 9.9946E-05 9.9946E-05 9.9946E-05 9.9946E-05 9.9946E-05 0.838466 0.0134646
0.0621902 9.9964E-05 0.0576567 9.9964E-05 9.9964E-05 9.9964E-05 0.0972121 0.773252 0.00928895
9.993E-05 9.993E-05 9.993E-05 0.999201 9.993E-05 9.993E-05 9.993E-05 9.993E-05 9.993E-05
9.993E-05 9.993E-05 9.993E-05 0.999201 9.993E-05 9.993E-05 9.993E-05 9.993E-05 9.993E-05
9.9964E-05 0.0327968 0.459145 0.392331 9.9964E-05 0.102221 0.013106 9.9964E-05 9.9964E-05
9.9973E-05 0.0194438 0.349814 0.299407 9.9973E-05 0.0381474 0.107009 9.9973E-05 0.185879
0.0223065 9.9982E-05 0.0371855 0.00221132 0.0945009 0.270669 0.507213 0.0657138 9.9982E-05
9.999E-05 0.0689907 0.0579499 0.00978736 0.0107465 0.35526 0.398104 0.0432171 0.0558445
0.00489631 0.0554582 0.0725781 9.9964E-05 9.9964E-05 0.387808 0.478859 9.9964E-05 9.9964E-05
0.0332257 9.9982E-05 0.115673 0.00684642 0.234152 0.0359465 0.102991 0.470965 9.9982E-05
0.0419124 0.00771477 0.0233488 0.00303621 9.9973E-05 0.556671 0.367016 9.9973E-05 9.9973E-05
9.999E-05 0.1304 0.0119851 0.00853672 0.137689 0.240473 0.354823 0.0772279 0.0387648
0.0505559 0.138549 0.0207327 9.9973E-05 0.0425264 0.132773 0.614564 9.9973E-05 9.9973E-05
0.0523157 9.9982E-05 0.0204637 0.0490715 0.063487 0.131281 0.583964 9.9982E-05 0.099217
9.999E-05 0.0440622 0.00745524 0.0869787 0.0221337 0.184642 0.553048 0.0358838 0.0656959
0.0109664 9.9991E-05 0.0378992 0.00619904 0.0304535 0.638304 0.110842 0.149867 0.0153685
0.163223 0.0964519 0.0428071 9.9973E-05 9.9973E-05 0.0715569 0.601518 9.9973E-05 0.0241434
0.0179945 0.0375453 0.0992861 9.9973E-05 9.9973E-05 0.275587 0.45098 0.118307 9.9973E-05
0.0689146 0.0613583 0.176067 0.036221 9.9982E-05 0.0925467 0.530364 0.0343285 9.9982E-05
9.9955E-05 9.9955E-05 9.9955E-05 0.015712 9.9955E-05 0.701719 0.263177 9.9955E-05 0.0188921
0.0358261 0.0816584 0.0843806 0.0334297 0.0157633 0.2195 0.529242 9.9982E-05 9.9982E-05
9.9982E-05 0.0223813 0.0217202 0.0883049 0.071992 0.158211 0.54597 0.0912209 9.9982E-05
0.316549 9.9946E-05 0.0750815 9.9946E-05 9.9946E-05 0.607769 9.9946E-05 9.9946E-05 9.9946E-05
0.103018 9.9964E-05 9.9964E-05 9.9964E-05 0.210677 0.143988 0.10756 0.434357 9.9964E-05
0.355606 9.9973E-05 0.0360961 9.9973E-05 9.9973E-05 0.0949967 0.0593757 0.416176 0.037449
9.9982E-05 0.128303 0.0489993 0.0842429 0.138104 0.0257082 0.399194 0.17525 9.9982E-05
0.0712936 0.0372283 0.0265015 0.0104645 9.9991E-05 0.0379737 0.622436 0.094241 0.0997615
0.0535113 0.0422333 0.110988 9.9982E-05 0.047647 0.00881209 0.650788 0.0858208 9.9982E-05
0.108576 9.9991E-05 0.0625583 0.0121706 0.158075 0.176187 0.107524 0.347802 0.027007
0.102105 9.9973E-05 9.9973E-05 0.0357291 0.126089 0.00773709 0.605978 0.122062 9.9973E-05
0.24354 0.0321581 0.0704104 9.9964E-05 9.9964E-05 9.9964E-05 0.466441 0.18705 9.9964E-05
0.0365193 0.00534794 0.0610257 0.0132221 0.0430968 0.22701 0.294796 0.197621 0.121361
0.13202 0.0304761 0.177781 0.0145747 0.111371 0.00950787 9.9991E-05 0.50021 0.0239585
0.0614794 9.9973E-05 9.9973E-05 0.136374 0.0631818 0.100599 0.593084 0.0449816 9.9973E-05
0.0273903 9.9991E-05 0.0840146 0.0215941 0.115329 0.00902019 0.349033 0.334305 0.0592139
0.123217 9.9973E-05 9.9973E-05 0.0655562 0.110765 0.0224542 9.9973E-05 0.634678 0.0430305
0.0638665 9.9964E-05 0.0454367 0.0119477 9.9964E-05 9.9964E-05 0.488663 0.389686 9.9964E-05
0.126667 0.092778 9.9982E-05 0.000314639 0.0435674 0.0962324 0.52142 0.118821 9.9982E-05
0.0607216 0.0256861 9.9973E-05 9.9973E-05 0.0497359 9.9973E-05 0.566623 0.173629 0.123305
0.176119 0.0106879 0.0387814 9.9991E-05 0.0759261 0.0113012 0.238998 0.434687 0.0134001
0.122084 0.0383958 9.9973E-05 0.0572062 9.9973E-05 0.0413772 0.31881 0.421827 9.9973E-05
0.0584046 9.9991E-05 0.0455524 0.0561021 0.14569 0.0628303 0.593309 0.0065435 0.0314677
0.176766 9.9964E-05 9.9964E-05 0.055695 0.0619517 9.9964E-05 0.112482 0.592705 9.9964E-05
9.9955E-05 9.9955E-05 9.9955E-05 9.9955E-05 0.0185286 0.442024 0.492984 0.0459634 9.9955E-05
9.9964E-05 0.00538209 9.9964E-05 0.0339792 9.9964E-05 0.712834 0.113108 0.134297 9.9964E-05
0.0683962 0.0451697 0.0636294 0.0107812 0.0414781 0.126059 0.532567 0.0844907 0.0274281
0.144326 9.9937E-05 9.9937E-05 9.9937E-05 9.9937E-05 0.854975 9.9937E-05 9.9937E-05 9.9937E-05
0.157129 9.9946E-05 9.9946E-05 9.9946E-05 9.9946E-05 0.754057 9.9946E-05 0.0882142 9.9946E-05
0.0196336 9.99461E-05 9.99461E-05 9.99461E-05 9.99461E-05 0.724002 0.255764 9.99461E-05 9.99461E-05
9.9964E-05 9.9964E-05 0.0543637 9.9964E-05 0.0282714 0.502715 0.39936 0.0148892 9.9964E-05
0.0249239 0.0912061 9.9991E-05 0.0330221 0.04912 0.110555 0.480424 0.163419 0.0472292
9.9964E-05 0.078896 9.9964E-05 9.9964E-05 9.9964E-05 0.434286 0.333753 0.109126 0.0435393
9.9982E-05 0.0221252 0.00611895 0.0319695 0.170677 0.586212 0.0824467 0.10025 9.9982E-05
9.9973E-05 0.0324809 9.9973E-05 0.00365707 0.264471 0.507394 0.16663 9.9973E-05 0.0250671
0.0161547 0.0911442 0.00230587 0.0476443 9.9982E-05 0.275936 0.490458 9.9982E-05 0.0761564
9.9973E-05 0.0446005 9.9973E-05 0.0114301 9.9973E-05 0.599687 0.155771 0.167846 0.0203652
0.0284013 9.9982E-05 9.9982E-05 0.0579445 0.00119079 0.429468 0.368189 0.0734521 0.0411534
0.0310619 9.9973E-05 0.00474826 0.00390277 9.9973E-05 0.627676 0.329862 9.9973E-05 0.00244961
0.310477 0.0271891 9.9955E-05 9.9955E-05 0.0377048 0.62413 9.9955E-05 9.9955E-05 9.9955E-05
9.9973E-05 9.9973E-05 0.0862599 9.9973E-05 0.0626377 0.230623 0.590504 0.00785123 0.0218242
9.9973E-05 0.0276266 0.712039 0.0928675 0.0463393 9.9973E-05 0.085605 9.9973E-05 0.0352231
9.9955E-05 9.9955E-05 0.734731 0.136618 9.9955E-05 9.9955E-05 0.0742727 9.9955E-05 0.0538784
9.9955E-05 0.0263512 0.765665 0.143957 9.9955E-05 9.9955E-05 0.063527 9.9955E-05 9.9955E-05
0.0311936 9.9955E-05 0.827073 0.118595 9.9955E-05 9.9955E-05 0.0226386 9.9955E-05 9.9955E-05
9.9973E-05 0.0151226 0.737712 0.128056 9.9973E-05 9.9973E-05 0.0740063 0.00751909 0.037285
9.9973E-05 0.0188642 0.755725 0.0876987 9.9973E-05 0.015375 0.0426146 9.9973E-05 0.0794228
9.9955E-05 9.9955E-05 0.744414 0.108643 9.9955E-05 9.9955E-05 0.0323537 9.9955E-05 0.11409
9.9982E-05 0.110828 0.0652243 0.0528132 0.0528435 0.264736 0.400843 0.0525123 9.9982E-05
0.0737056 9.9982E-05 0.129114 0.0848661 0.00106476 0.0905889 0.51837 0.10209 9.9982E-05
0.00871485 9.9955E-05 0.035409 9.9955E-05 9.9955E-05 0.750976 9.9955E-05 0.2044 9.9955E-05
9.9982E-05 0.0968232 9.9982E-05 0.0342466 0.0424328 0.250514 0.463654 0.0742837 0.037845
9.9973E-05 9.9973E-05 9.9973E-05 0.053884 0.0220794 0.414275 0.357983 0.0975502 0.0539294
9.9973E-05 0.00503591 0.026822 0.0152544 9.9973E-05 0.393425 0.528925 9.9973E-05 0.0302381
0.0109303 0.000444382 0.0522789 9.9973E-05 9.9973E-05 0.295202 0.593134 0.0477108 9.9973E-05
9.9955E-05 0.147019 9.9955E-05 9.9955E-05 9.9955E-05 0.491024 0.300822 9.9955E-05 0.0606354
9.9955E-05 9.9955E-05 0.0595486 9.9955E-05 0.0559311 0.728996 9.9955E-05 0.155025 9.9955E-05
9.9973E-05 9.9973E-05 0.0932245 0.0335994 9.9973E-05 0.197855 0.420938 0.11976 0.134323
0.0275781 9.9982E-05 0.132989 9.9982E-05 0.0125935 0.0840716 0.6374 0.0478044 0.0573635
9.9982E-05 0.0743411 0.0381246 0.0609432 0.119068 0.18934 0.497308 9.9982E-05 0.0206757
0.147284 0.0451238 0.000443862 0.0238431 9.9982E-05 0.461844 0.276236 0.0450258 9.9982E-05
0.0971649 9.9955E-05 9.9955E-05 0.0361105 9.9955E-05 0.361126 0.505099 9.9955E-05 9.9955E-05
9.9982E-05 9.9982E-05 0.0500297 0.0238724 0.0495184 0.335993 0.418088 0.0845409 0.0377576
9.9946E-05 0.0795739 9.9946E-05 9.9946E-05 9.9946E-05 0.624404 0.295423 9.9946E-05 9.9946E-05
9.9973E-05 9.9973E-05 0.0730846 0.00647158 0.0550668 0.366607 0.460379 0.038091 9.9973E-05
9.9973E-05 9.9973E-05 0.137858 0.0425635 0.11866 0.117844 0.578511 0.00426415 9.9973E-05
0.228379 9.9991E-05 0.0485573 0.00271782 0.118862 0.0227197 0.195675 0.355689 0.0273002
0.0133261 0.0189937 0.12843 0.0150429 0.247405 9.9982E-05 0.449998 0.126605 9.9982E-05
0.0564332 0.00990859 0.110341 0.0282533 0.138571 0.0382435 0.58097 9.9991E-05 0.0371803
9.9982E-05 0.0214569 0.123857 0.043641 0.138322 0.0726946 0.534817 0.065011 9.9982E-05
9.9964E-05 9.9964E-05 9.9964E-05 0.0625467 0.121976 9.9964E-05 0.437905 0.333417 0.043756
9.9982E-05 0.116787 0.0338636 0.0273722 0.154933 0.0129836 0.455531 0.19833 9.9982E-05
9.9955E-05 9.9955E-05 0.0298723 9.9955E-05 0.174884 9.9955E-05 0.463881 0.330863 9.9955E-05
0.0725806 0.0422922 0.0326067 0.030246 0.153036 0.148439 0.506525 0.0141744 9.9991E-05
0.029305 0.016989 0.0924172 9.9973E-05 0.156215 0.13278 0.571995 9.9973E-05 9.9973E-05
0.0633881 9.9973E-05 0.0448941 0.031274 9.9973E-05 0.041279 0.496453 0.322412 9.9973E-05
0.0534954 9.9964E-05 9.9964E-05 9.9964E-05 0.221647 0.00144656 0.539351 0.18366 9.9964E-05
0.0735466 0.0851668 0.00862325 9.9964E-05 0.158274 9.9964E-05 0.673989 9.9964E-05 9.9964E-05
0.0502967 0.00859592 0.110276 0.0286551 0.0271198 0.100686 0.53722 0.0823039 0.0548474
9.9964E-05 0.0796936 9.9964E-05 9.9964E-05 0.139895 0.112988 0.474637 0.192386 9.9964E-05
0.130422 9.9973E-05 0.0503017 0.0666244 0.135248 9.9973E-05 0.605976 0.0111279 9.9973E-05
0.058457 0.113271 0.0107247 9.9991E-05 0.131979 0.00878927 0.534908 0.138129 0.00364234
0.155884 9.9973E-05 0.0992141 0.0272975 0.0634217 9.9973E-05 0.312199 0.341684 9.9973E-05
0.105932 0.0407343 9.9982E-05 0.000481214 0.102267 0.0311297 0.655777 0.0634788 9.9982E-05
0.0824165 0.00626017 0.0295598 9.9973E-05 0.105296 9.9973E-05 0.69577 0.0803968 9.9973E-05
0.088021 0.0974463 9.9982E-05 9.9982E-05 0.141869 0.0903028 0.183175 0.363957 0.0350291
0.336541 0.0204415 0.043798 9.9973E-05 0.193114 9.9973E-05 0.166506 0.2393 9.9973E-05
0.0129889 0.049014 0.0110761 9.9991E-05 0.158376 0.051239 0.528109 0.160839 0.0282572
0.376197 0.0477048 9.9982E-05 0.00580487 0.236546 0.104664 0.0648655 0.164018 9.9982E-05
9.9964E-05 9.9964E-05 0.0876299 9.9964E-05 0.162917 0.126025 0.212985 0.410043 9.9964E-05
9.9964E-05 9.9964E-05 9.9964E-05 9.9964E-05 0.146998 0.148184 0.3786 0.260051 0.0657674
0.0106414 9.9982E-05 0.040139 0.00304611 0.264 0.104074 0.298757 0.279143 9.9982E-05
9.9973E-05 0.000361546 0.0410631 9.9973E-05 0.24834 0.0629932 0.317317 0.329625 9.9973E-05
9.9982E-05 9.9982E-05 0.0797417 0.05661 0.0735884 0.131541 0.59184 0.0537529 0.012726
0.0804455 0.0642731 0.149209 0.0213855 0.0329738 0.0506828 0.493749 0.107182 9.9991E-05
0.0336891 0.0258653 0.0740051 9.9973E-05 0.0604494 9.9973E-05 0.519793 0.285898 9.9973E-05
0.307155 9.9964E-05 9.9964E-05 9.9964E-05 0.193156 0.0157914 0.241223 0.242274 9.9964E-05
0.0116117 0.0705582 0.0565154 0.0529662 0.0587954 0.196046 0.443764 9.9991E-05 0.109643
0.1019 0.0823448 0.0130081 0.0290079 0.0945309 0.095521 0.441828 0.141759 9.9991E-05
0.527804 9.9982E-05 0.107102 9.9982E-05 0.0702778 0.207288 0.041777 0.00978938 0.0357623
0.0506558 0.0385726 0.0534899 0.0126657 9.9991E-05 0.115486 0.558894 0.140058 0.030078
0.226106 9.9982E-05 0.11872 0.028427 9.9982E-05 0.216635 0.350126 0.045871 0.0139146
0.225036 0.0700806 0.0360893 9.9982E-05 9.9982E-05 0.0491471 0.492254 0.107847 0.0193467
0.38134 0.0638894 0.0949495 0.0212757 0.0375816 0.118074 0.216584 0.0662062 9.9991E-05
0.395515 9.9982E-05 9.9982E-05 0.0497981 0.012685 0.0870877 0.165239 0.214334 0.0751411
0.235346 9.9973E-05 0.0656318 9.9973E-05 0.121148 0.133668 0.436436 0.00746961 9.9973E-05
0.0755672 0.037493 0.11856 9.9991E-05 0.0561068 0.0504031 0.507363 0.0874959 0.0669111
0.100763 9.9982E-05 0.137661 9.9982E-05 0.0380502 0.0774249 0.35323 0.257349 0.0353215
0.366678 0.131359 0.0689115 0.00640324 9.9982E-05 0.220229 9.9982E-05 0.204252 0.00196712
0.0712571 0.0946885 0.102461 9.9991E-05 0.025835 0.0554084 0.381967 0.186307 0.0819768
0.303846 9.9964E-05 9.9964E-05 9.9964E-05 0.0137363 0.19608 0.359864 0.126074 9.9964E-05
0.241277 9.9964E-05 9.9964E-05 9.9964E-05 0.0397092 0.10418 0.482017 0.132418 9.9964E-05
0.126143 9.9982E-05 0.0889263 0.0439706 0.0892509 0.0416957 0.576387 0.0334268 9.9982E-05
0.216192 0.272085 0.248604 0.0221128 0.00227688 9.9991E-05 0.116362 0.0115906 0.110677
0.32262 0.120294 0.420448 0.0101541 9.9964E-05 9.9964E-05 9.9964E-05 9.9964E-05 0.126084
0.396746 0.156551 0.382214 0.0610177 9.9964E-05 9.9964E-05 9.9964E-05 9.9964E-05 0.00307245
0.170691 0.356177 0.296264 9.9964E-05 9.9964E-05 9.9964E-05 0.0522044 9.9964E-05 0.124263
0.214609 0.0161486 9.9964E-05 0.0148435 9.9964E-05 0.101481 0.652518 9.9964E-05 9.9964E-05
0.10603 0.0657804 0.11521 9.9973E-05 0.0989436 0.10146 0.512275 9.9973E-05 9.9973E-05
9.9946E-05 0.665883 9.9946E-05 9.9946E-05 9.9946E-05 9.9946E-05 0.245138 0.0883794 9.9946E-05
9.9973E-05 0.445956 9.9973E-05 0.0118863 0.0577522 0.0510103 0.259522 0.173574 9.9973E-05
9.9973E-05 0.35484 0.00560693 9.9973E-05 0.143276 9.9973E-05 0.33758 0.0564693 0.101928
0.442035 9.9955E-05 9.9955E-05 9.9955E-05 9.9955E-05 0.0880191 0.349174 9.9955E-05 0.120272
0.0890554 0.18353 9.9991E-05 0.0100796 0.0244992 0.0904407 0.463667 0.10535 0.0332778
0.660687 9.9964E-05 0.00191252 9.9964E-05 0.00950161 0.027231 0.300268 9.9964E-05 9.9964E-05
0.245543 9.9973E-05 0.0155811 9.9973E-05 0.0236338 0.0479172 0.616766 9.9973E-05 0.0502595
0.280578 9.9973E-05 9.9973E-05 9.9973E-05 0.0104696 0.0665415 0.497549 0.0907615 0.0538006
0.25623 0.0536882 9.9973E-05 9.9973E-05 0.0124085 9.9973E-05 0.601351 0.0225357 0.053487
0.551627 9.9955E-05 9.9955E-05 9.9955E-05 9.9955E-05 0.0820306 0.278457 0.0873862 9.9955E-05
0.104557 0.0556226 9.9991E-05 0.05793 0.0668356 0.0680562 0.593358 0.000409704 0.0531308
0.115766 0.0432957 0.124845 9.9973E-05 0.0314994 0.186283 0.498012 9.9973E-05 9.9973E-05
9.9937E-05 0.979973 9.9937E-05 9.9937E-05 9.9937E-05 0.0193271 9.9937E-05 9.9937E-05 9.9937E-05
9.9946E-05 0.915279 9.9946E-05 9.9946E-05 0.0638471 9.9946E-05 0.0202739 9.9946E-05 9.9946E-05
9.9982E-05 0.575725 0.0652759 0.0122411 9.9982E-05 0.0327797 0.169913 0.0890265 0.0548382
9.9955E-05 0.679956 9.9955E-05 0.00810485 0.0520703 9.9955E-05 0.259369 9.9955E-05 9.9955E-05
9.9964E-05 0.790385 9.9964E-05 9.9964E-05 0.00162513 0.0424704 0.0615671 9.9964E-05 0.103552
9.99381E-05 0.985503 9.99381E-05 0.0137979 9.99381E-05 9.99381E-05 9.99381E-05 9.99381E-05 9.99381E-05
9.9946E-05 0.948184 9.9946E-05 9.9946E-05 0.0493124 9.9946E-05 9.9946E-05 9.9946E-05 0.00190424
9.9946E-05 0.875336 9.9946E-05 9.9946E-05 9.9946E-05 0.0278464 0.0962175 9.9946E-05 9.9946E-05
9.9955E-05 0.914704 9.9955E-05 9.9955E-05 0.025167 9.9955E-05 0.0182928 0.041336 9.9955E-05
9.993E-05 0.999201 9.993E-05 9.993E-05 9.993E-05 9.993E-05 9.993E-05 9.993E-05 9.993E-05
9.9937E-05 0.97791 9.9937E-05 0.02139 9.9937E-05 9.9937E-05 9.9937E-05 9.9937E-05 9.9937E-05
9.9964E-05 0.745192 0.002686 0.044101 9.9964E-05 9.9964E-05 0.119642 0.0879787 9.9964E-05
9.9973E-05 0.761867 0.0131936 9.9973E-05 9.9973E-05 0.00109972 0.0790255 0.0979551 0.0465591
9.9946E-05 0.943155 9.9946E-05 9.9946E-05 0.0203491 0.0358959 9.9946E-05 9.9946E-05 9.9946E-05
9.9964E-05 0.33836 9.9964E-05 9.9964E-05 0.105051 0.032668 0.402867 0.120653 9.9964E-05
9.9964E-05 0.669073 0.0230823 0.0303802 0.0665606 9.9964E-05 0.210504 9.9964E-05 9.9964E-05
9.9973E-05 0.774672 0.0307408 0.0125165 0.0444764 0.033057 0.104238 9.9973E-05 9.9973E-05
9.9973E-05 0.861399 0.000315973 0.0178241 0.0435158 9.9973E-05 0.0666184 0.010027 9.9973E-05
9.9946E-05 0.980241 9.9946E-05 0.0075772 0.0115818 9.9946E-05 9.9946E-05 9.9946E-05 9.9946E-05
9.9964E-05 0.855775 0.020115 0.0246117 9.9964E-05 9.9964E-05 0.0470494 9.9964E-05 0.0520493
9.9937E-05 0.945993 9.9937E-05 9.9937E-05 9.9937E-05 9.9937E-05 9.9937E-05 9.9937E-05 0.0533075
9.9973E-05 0.581219 0.0407571 0.0336629 9.9973E-05 9.9973E-05 0.209485 0.103657 0.0309198
9.9964E-05 0.839038 9.9964E-05 9.9964E-05 9.9964E-05 0.0121444 0.00484386 0.073099 0.0704754
0.557408 0.0330255 0.217744 9.9964E-05 9.9964E-05 9.9964E-05 9.9964E-05 0.0347097 0.156713
0.224704 0.0347467 0.158052 0.0196959 0.0480527 0.042513 0.421799 0.0422744 0.00816124
0.140541 0.00866135 0.0793037 0.00941482 0.0498865 9.9982E-05 0.454996 9.9982E-05 0.256997
0.429472 0.11506 0.0637158 0.0752202 0.00410277 0.0165749 0.153328 9.9991E-05 0.142425
0.182574 0.0963872 0.0427413 0.0475317 0.0575894 9.9982E-05 0.444543 9.9982E-05 0.128434
0.360004 0.109745 0.0640233 0.0464993 9.9982E-05 0.0708244 0.17108 9.9982E-05 0.177624
0.0978984 0.00723652 9.9982E-05 0.037493 9.9982E-05 0.0744653 0.451392 0.0768358 0.254479
0.29336 0.146853 0.0334922 0.020304 9.9973E-05 9.9973E-05 0.337427 9.9973E-05 0.168263
0.224101 0.153039 9.9982E-05 0.0527081 9.9982E-05 0.00148475 0.419519 0.00702918 0.141919
0.285259 0.247593 0.0149919 0.0482599 9.9973E-05 9.9973E-05 0.305961 9.9973E-05 0.0976348
0.103956 0.114806 0.0391742 0.0214712 9.9991E-05 0.11285 0.377421 0.0885831 0.141638
0.0375866 9.9964E-05 0.774936 9.9964E-05 0.0802829 9.9964E-05 0.0648997 9.9964E-05 0.0418945
0.0208022 0.0503602 0.873083 0.0552547 9.9955E-05 9.9955E-05 9.9955E-05 9.9955E-05 9.9955E-05
9.9946E-05 9.9946E-05 0.938772 0.0449032 0.015725 9.9946E-05 9.9946E-05 9.9946E-05 9.9946E-05
9.9964E-05 9.9964E-05 0.91038 0.0239007 0.0413496 0.00960939 0.0143605 9.9964E-05 9.9964E-05
9.9964E-05 0.00426668 0.759231 0.157776 0.0104911 9.9964E-05 9.9964E-05 0.0678358 9.9964E-05
0.0245267 0.0582181 0.812983 0.103772 9.9955E-05 9.9955E-05 9.9955E-05 9.9955E-05 9.9955E-05
9.9964E-05 0.080129 0.70922 0.0638865 0.00502071 9.9964E-05 9.9964E-05 9.9964E-05 0.141344
0.0437487 0.00163515 0.829597 0.0483497 9.9982E-05 0.0142563 0.00125067 9.9982E-05 0.0609624
9.9964E-05 0.00523628 0.865904 0.0381768 9.9964E-05 9.9964E-05 0.0301938 9.9964E-05 0.0600895
0.033943 0.0456149 0.865067 0.0138628 0.0161845 9.9973E-05 0.0250278 9.9973E-05 9.9973E-05
0.00270272 9.9982E-05 0.521707 0.0350791 0.0809207 0.0474875 9.9982E-05 0.230026 0.0818773
9.9973E-05 9.9973E-05 0.505524 0.0400805 0.17301 0.0684477 9.9973E-05 0.130911 0.081727
0.0621826 9.9982E-05 0.52091 0.0292623 0.15858 0.0538445 9.9982E-05 0.145949 0.0290714
9.9964E-05 9.9964E-05 0.367577 9.9964E-05 0.154044 0.0513065 9.9964E-05 0.253967 0.172706
9.9991E-05 0.00540413 0.0308993 0.0538116 0.0483388 0.36409 0.389033 0.0574297 0.0508937
9.9973E-05 0.0775652 0.0567085 9.9973E-05 0.105419 0.331818 0.397646 0.0305438 9.9973E-05
0.0619891 9.9982E-05 0.0401463 0.00132445 0.0512259 0.250751 0.516561 0.0778029 9.9982E-05
0.0121388 9.9982E-05 0.0235123 0.00571401 0.166239 0.190615 0.372877 0.228705 9.9982E-05
0.034897 0.0303543 9.9973E-05 9.9973E-05 0.378891 0.0591703 0.147211 0.349176 9.9973E-05
0.0201843 9.9982E-05 0.0375219 0.0603462 0.0306091 0.21332 0.573302 0.0645157 9.9982E-05
9.9964E-05 0.0509799 9.9964E-05 9.9964E-05 0.129984 0.299105 0.503042 9.9964E-05 0.0164894
0.0818144 9.9964E-05 9.9964E-05 9.9964E-05 0.0841604 0.278091 0.492854 9.9964E-05 0.0626811
0.0342688 0.0482258 9.9955E-05 9.9955E-05 9.9955E-05 0.573659 0.343347 9.9955E-05 9.9955E-05
9.9964E-05 0.0769521 9.9964E-05 9.9964E-05 0.149981 0.206108 0.514644 9.9964E-05 0.051915
0.0171905 0.0331801 0.000656808 9.9982E-05 0.148663 0.347363 0.371361 0.0813851 9.9982E-05
0.190521 9.9946E-05 9.9946E-05 9.9946E-05 0.0682733 0.740606 9.9946E-05 9.9946E-05 9.9946E-05
0.0404423 0.0195976 9.9991E-05 0.00372552 0.0187345 0.0400058 0.512748 0.245059 0.119587
0.180278 9.9964E-05 0.0123463 9.9964E-05 0.0106331 0.579968 0.216375 9.9964E-05 9.9964E-05
0.0698367 9.9973E-05 0.00868011 9.9973E-05 0.0170118 0.309857 0.539355 9.9973E-05 0.0549591
9.9964E-05 9.9964E-05 0.0605679 9.9964E-05 0.0849146 0.612038 0.0332267 0.208853 9.9964E-05
0.0847444 9.9964E-05 0.0799149 9.9964E-05 0.727647 9.9964E-05 0.0558015 9.9964E-05 0.0514919
0.0790438 9.9955E-05 9.9955E-05 9.9955E-05 0.755738 9.9955E-05 0.0614826 9.9955E-05 0.103236
0.0617809 9.9964E-05 9.9964E-05 9.9964E-05 0.898685 0.0064901 0.00330882 9.9964E-05 0.0293355
9.9955E-05 9.9955E-05 0.0377814 9.9955E-05 0.858494 0.0541452 9.9955E-05 9.9955E-05 0.04908
0.118686 0.0136448 9.9973E-05 0.00250245 0.80343 9.9973E-05 0.0432616 9.9973E-05 0.018175
9.9955E-05 0.0388918 9.9955E-05 9.9955E-05 0.832526 9.9955E-05 0.0677283 9.9955E-05 0.0603545
9.9964E-05 0.00167626 0.841645 0.0548095 9.9964E-05 0.0165087 0.0849607 9.9964E-05 9.9964E-05
9.9973E-05 9.9973E-05 0.827547 0.0126956 0.0247935 9.9973E-05 0.12923 0.00514456 0.0002887
9.9964E-05 0.0974075 0.713726 0.0543118 9.9964E-05 9.9964E-05 0.118567 0.0155884 9.9964E-05
9.9982E-05 0.100198 0.73528 0.0515472 0.00895003 9.9982E-05 0.030113 0.0667496 0.00696224
9.9973E-05 0.0933871 0.723389 0.038475 0.0324099 9.9973E-05 0.0593846 9.9973E-05 0.0526547
0.0508772 9.9973E-05 0.212967 0.0374469 0.499249 9.9973E-05 9.9973E-05 0.0267438 0.172416
0.0535234 9.9973E-05 0.205209 0.0238259 0.403869 0.0764215 9.9973E-05 9.9973E-05 0.236852
9.9982E-05 0.00201512 0.317244 0.0346568 0.397787 0.107981 9.9982E-05 0.0133205 0.126795
9.993E-05 9.993E-05 9.993E-05 0.999201 9.993E-05 9.993E-05 9.993E-05 9.993E-05 9.993E-05
0.0781942 9.9973E-05 0.28084 0.0515111 0.481625 0.051233 9.9973E-05 9.9973E-05 0.0562962
0.178222 0.371376 0.174687 9.9955E-05 9.9955E-05 9.9955E-05 0.275215 9.9955E-05 9.9955E-05
9.9973E-05 0.216673 0.109381 0.0281492 0.0731242 0.0352464 0.537126 9.9973E-05 9.9973E-05
9.9964E-05 0.253738 0.128594 0.0315739 9.9964E-05 9.9964E-05 0.519297 0.0663965 9.9964E-05
0.115139 0.231887 0.210794 0.015049 9.9982E-05 0.0676584 0.275552 9.9982E-05 0.0837208
0.0729645 0.230192 0.12181 9.9991E-05 0.0321844 0.07082 0.379244 0.0579917 0.034693
0.222926 0.308116 0.468358 9.9946E-05 9.9946E-05 9.9946E-05 9.9946E-05 9.9946E-05 9.9946E-05
0.0228521 9.9964E-05 9.9964E-05 9.9964E-05 0.183229 0.0671169 0.379466 0.346937 9.9964E-05
0.375539 0.0420348 9.9964E-05 9.9964E-05 0.108365 9.9964E-05 0.394662 0.0789999 9.9964E-05
9.9964E-05 9.9964E-05 0.0368441 0.0351758 0.127408 9.9964E-05 0.208905 0.591268 9.9964E-05
0.276112 9.9973E-05 0.00396532 9.9973E-05 0.0375175 0.0705877 0.501118 0.1104 9.9973E-05
0.602619 9.9955E-05 9.9955E-05 9.9955E-05 0.0886973 0.166618 9.9955E-05 0.141566 9.9955E-05
0.0270445 9.9991E-05 0.0793401 0.0373705 0.120142 0.105109 0.43828 0.158914 0.0336994
0.180005 9.9991E-05 0.0310062 0.0343399 0.108519 0.00802669 0.44429 0.184546 0.00916607
0.0270913 9.9973E-05 9.9973E-05 0.0256949 0.158647 0.0440087 0.273561 0.470697 9.9973E-05
0.058418 0.0778059 0.0261359 9.9991E-05 0.167505 0.065468 0.433743 0.107074 0.06375
0.356696 9.9973E-05 0.00742295 0.00324935 9.9973E-05 0.127393 0.0306627 0.474276 9.9973E-05
0.219064 0.00974298 0.0354784 0.00321293 0.091635 9.9982E-05 0.473328 0.167339 9.9982E-05
0.0544547 0.00578531 9.9982E-05 0.0551199 0.124924 0.0749844 0.527549 0.156982 9.9982E-05
0.149452 0.228512 0.118014 0.00448643 0.0289507 0.115328 0.309811 0.0446691 0.000776906
0.214659 9.9964E-05 9.9964E-05 9.9964E-05 0.112074 0.0508967 0.33968 0.282291 9.9964E-05
0.0855958 0.0197162 0.0165967 9.9982E-05 0.127003 0.122829 0.476396 0.151663 9.9982E-05
0.124845 0.0344004 9.9982E-05 9.9982E-05 0.0784152 0.119634 0.457498 0.108932 0.076075
0.040339 9.9973E-05 9.9973E-05 9.9973E-05 0.0782216 0.19291 0.51891 0.109271 0.0600481
0.0645284 0.0175636 9.9982E-05 0.0370864 0.090021 0.0771753 0.6842 0.0292253 9.9982E-05
0.0340651 0.0616431 0.0783118 0.0106013 0.126652 0.063761 0.621109 0.00375682 9.9991E-05
0.0028562 0.0562114 0.0839907 9.9991E-05 0.179772 0.0402318 0.544061 0.0758985 0.016879
9.9955E-05 0.134732 0.746391 9.9955E-05 0.00784239 9.9955E-05 0.110536 9.9955E-05 9.9955E-05
9.9973E-05 0.0289912 0.794645 0.013701 9.9973E-05 0.0438329 0.0827532 9.9973E-05 0.0357772
0.00146799 0.0131876 0.772646 9.9982E-05 0.108873 0.0833235 0.0155711 9.9982E-05 0.0047306
9.9964E-05 0.0301505 0.806101 0.0254545 0.0584998 0.0793942 9.9964E-05 9.9964E-05 9.9964E-05
9.9973E-05 0.0224639 0.731434 0.0644173 0.0336743 0.00851963 0.139191 9.9973E-05 9.9973E-05
0.0178711 0.0869566 0.0303982 9.9982E-05 0.284944 0.0601513 0.00173681 0.517742 9.9982E-05
0.0652394 0.0391315 0.068465 0.0359606 0.034484 0.0659625 0.506185 0.184472 9.9991E-05
0.236307 0.166936 0.200321 0.0105873 0.0302401 9.9973E-05 0.355308 9.9973E-05 9.9973E-05
9.9991E-05 0.0802015 0.0236223 0.00919477 0.1735 0.0441055 0.58362 0.0661625 0.0194937
9.9973E-05 9.9973E-05 0.0911008 0.0182752 0.188766 0.124262 0.489838 0.0874578 9.9973E-05
0.246436 0.00273447 0.0264934 0.0504488 0.147376 9.9982E-05 0.287991 0.23832 9.9982E-05
0.112296 9.9973E-05 0.106819 0.0207822 0.328271 0.00722738 9.9973E-05 0.424304 9.9973E-05
9.9964E-05 0.00080103 0.0568402 9.9964E-05 0.252951 9.9964E-05 0.524665 0.164343 9.9964E-05
0.0300177 9.9982E-05 0.0557827 9.9982E-05 0.307113 0.0600367 0.155377 0.318814 0.0726577
0.0840178 0.0243696 0.0342954 0.0149125 0.131235 0.160057 0.424518 0.115303 0.0112926
9.9973E-05 9.9973E-05 0.160357 0.0042945 0.282811 0.0894812 0.077304 0.385452 9.9973E-05
9.9991E-05 0.0421198 0.0780305 0.0357287 0.166086 0.00280339 0.54087 0.129909 0.00435127
0.0223628 9.9991E-05 0.0558023 0.0381715 0.164863 0.103059 0.116744 0.474733 0.0241648
0.176958 0.0585615 9.9982E-05 0.000776882 0.137523 0.033972 0.314675 0.277334 9.9982E-05
0.269956 9.9964E-05 9.9964E-05 9.9964E-05 0.125376 0.0478055 0.506852 9.9964E-05 0.0496111
0.511454 9.99549E-05 9.99549E-05 9.99549E-05 0.0408773 9.99549E-05 0.354981 9.99549E-05 0.092188
0.105539 9.9982E-05 0.0402142 9.9982E-05 0.0894661 0.0221683 0.551692 0.0970715 0.0936491
0.126679 0.140668 0.00455545 0.0145688 0.0395287 0.110626 0.524 9.9991E-05 0.0392737
0.445183 9.9973E-05 9.9973E-05 9.9973E-05 0.087635 0.0161138 0.398363 0.0475676 0.00483826
0.213321 0.0830075 9.9991E-05 0.0162175 0.0917083 0.000880297 0.465436 0.0448915 0.0844381
0.231639 9.9973E-05 0.0198002 0.022799 0.0667269 0.148889 0.509846 9.9973E-05 9.9973E-05
0.651791 9.9964E-05 9.9964E-05 9.9964E-05 0.0632149 0.0610191 0.164793 9.9964E-05 0.0587827
0.662387 9.9946E-05 9.9946E-05 9.9946E-05 9.9946E-05 0.00127751 0.335736 9.9946E-05 9.9946E-05
0.342826 9.9973E-05 9.9973E-05 0.0260698 0.0398247 9.9973E-05 0.580096 0.000664444 0.010219
0.521387 9.9973E-05 9.9973E-05 9.9973E-05 0.0402891 0.194859 0.157164 0.00973582 0.0762651
0.22113 9.9973E-05 0.0579622 9.9973E-05 0.0400224 0.0826891 0.469339 0.128558 9.9973E-05
0.0527978 0.0863794 9.9964E-05 9.9964E-05 0.355593 0.124615 9.9964E-05 0.380215 9.9964E-05
0.226524 9.9964E-05 9.9964E-05 9.9964E-05 0.265353 0.0746778 0.268275 0.16477 9.9964E-05
9.9973E-05 0.106817 9.9973E-05 0.0196553 0.178607 0.0278686 0.305192 0.36156 9.9973E-05
9.9964E-05 0.091907 9.9964E-05 9.9964E-05 0.110536 9.9964E-05 0.543544 0.173496 0.0801181
0.051321 9.9964E-05 9.9964E-05 9.9964E-05 0.257356 0.155328 0.210293 0.325301 9.9964E-05
0.184791 0.183001 0.00904248 0.0158485 0.157318 0.0278773 0.317686 0.0408337 0.0636007
0.04696 0.156731 9.9982E-05 0.0351274 0.20884 0.0258492 0.413307 0.112985 9.9982E-05
0.0475508 0.0803071 0.0412906 9.9982E-05 0.0976852 9.9982E-05 0.464629 0.23627 0.0320672
9.9982E-05 0.0715064 9.9982E-05 0.0253021 0.113878 0.129524 0.439713 0.189415 0.0304614
9.9982E-05 0.049047 9.9982E-05 0.0190898 0.234959 0.172231 0.392267 0.11153 0.0206775
9.9973E-05 0.0927917 9.9973E-05 0.0199087 0.26998 0.124561 0.151522 0.340937 9.9973E-05
0.0238748 0.0578981 0.0148352 9.9991E-05 0.313037 0.0961988 0.332856 0.138076 0.0231245
0.060532 0.0554865 9.9973E-05 9.9973E-05 0.141177 0.00970974 0.634996 0.0977986 9.9973E-05
0.0810792 9.9982E-05 0.0667587 0.0370387 0.0884225 0.021628 0.627422 0.0774508 9.9982E-05
0.130471 0.0201982 0.00931661 0.019497 0.206307 0.126155 0.47969 0.00826493 9.9991E-05
0.122941 0.0934957 9.9973E-05 0.0132952 0.164973 9.9973E-05 0.480155 0.124841 9.9973E-05
0.0476492 0.0288715 0.0109176 0.0454342 0.239369 0.00343662 0.346095 0.250331 0.0278958
0.0084948 0.044638 0.00637031 9.9982E-05 0.144029 0.0170914 0.621744 0.157433 9.9982E-05
9.9964E-05 0.0739905 9.9964E-05 9.9964E-05 0.127288 9.9964E-05 0.518395 0.240475 0.0394508
0.130332 0.100125 0.117296 9.9964E-05 0.122437 9.9964E-05 0.529411 9.9964E-05 9.9964E-05
9.9973E-05 0.111049 0.309792 0.00178549 9.9973E-05 9.9973E-05 0.384442 0.125176 0.0674559
0.073608 0.150231 0.125648 0.0538332 9.9982E-05 0.0693571 0.507843 0.0192792 9.9982E-05
0.0117486 0.129613 9.9982E-05 0.0389668 9.9982E-05 0.137895 0.496417 0.0744292 0.110732
0.0247056 0.112444 9.9991E-05 0.0640337 0.00848009 0.0571092 0.589731 0.120109 0.0232875
9.9982E-05 0.247192 0.105552 0.0764755 9.9982E-05 0.0343651 0.347525 0.148753 0.039937
0.189062 9.9973E-05 9.9973E-05 0.000824817 0.0176503 0.0644061 0.461151 0.266605 9.9973E-05
9.9964E-05 0.124824 0.217467 9.9964E-05 9.9964E-05 0.114495 0.495747 9.9964E-05 0.0470676
0.381042 0.135423 0.284002 9.9973E-05 9.9973E-05 0.106262 0.0378181 0.0551533 9.9973E-05
0.0738657 0.192576 0.030356 0.0277268 0.0789963 9.9991E-05 0.44855 0.109471 0.038358
0.0967709 0.184565 0.110272 0.0135918 0.0360112 9.9982E-05 0.517318 0.0412709 9.9982E-05
0.00784096 0.26074 0.0119126 0.0472663 0.164004 0.0737483 0.377755 0.0169121 0.0398209
0.17792 0.215071 0.0510295 0.124748 0.0358853 0.0332068 0.125872 0.197865 0.0384011
0.0636276 0.0632127 0.189614 0.0891697 9.9982E-05 9.9982E-05 0.487057 0.105304 0.00181438
0.135128 0.213682 0.111117 0.0530799 9.9982E-05 0.0208381 0.432154 0.0338009 9.9982E-05
0.336841 0.185264 0.418547 0.0547002 9.9964E-05 9.9964E-05 9.9964E-05 9.9964E-05 0.0042485
0.0651644 0.190718 0.139044 0.0847222 9.9973E-05 9.9973E-05 0.415693 0.104358 9.9973E-05
0.111087 0.207967 0.169492 0.0116013 9.9973E-05 9.9973E-05 0.464367 0.0351862 9.9973E-05
0.0467726 0.156839 0.11298 0.0196765 9.9991E-05 0.0741903 0.468085 0.115473 0.00588356
0.0834344 0.140687 0.208335 9.9964E-05 9.9964E-05 0.00887435 0.558269 9.9964E-05 9.9964E-05
9.9991E-05 0.126425 0.106423 0.054542 0.0673367 0.0700898 0.478516 0.0312851 0.0652822
0.240376 9.9973E-05 9.9973E-05 0.0650515 0.00768489 0.175229 0.459391 9.9973E-05 0.0519676
0.155572 9.9982E-05 0.0421633 0.00536099 9.9982E-05 0.037856 0.615888 0.0621689 0.0807909
0.546174 9.9964E-05 9.9964E-05 9.9964E-05 0.0413549 0.197667 0.0553659 0.159039 9.9964E-05
0.670084 9.9964E-05 9.9964E-05 9.9964E-05 0.0704974 0.162763 0.0875031 0.00875307 9.9964E-05
0.172351 0.0151727 9.9991E-05 0.0514329 0.00884076 0.0120795 0.57225 0.120026 0.047747
0.0939331 0.294145 0.0974789 9.9964E-05 9.9964E-05 9.9964E-05 0.387136 0.126908 9.9964E-05
0.212669 0.341706 0.107615 0.0042904 9.9982E-05 0.0114311 0.31031 9.9982E-05 0.0117791
0.256557 0.372959 0.0603014 0.0605231 9.9982E-05 9.9982E-05 0.0309295 0.137428 0.0811021
0.153412 0.266083 0.151389 0.0319413 9.9973E-05 9.9973E-05 0.321366 0.0755087 9.9973E-05
0.643363 0.0539765 0.0594692 0.0223001 9.9982E-05 9.9982E-05 0.201938 0.00779578 0.0109571
0.568637 0.0933232 0.0113287 0.0945182 9.9964E-05 9.9964E-05 0.231793 9.9964E-05 9.9964E-05
0.166249 0.132475 9.9991E-05 0.0104746 0.0287304 0.073092 0.503789 0.0404373 0.0446537
0.16143 0.0616271 9.9982E-05 0.00266483 9.9982E-05 0.0979582 0.499364 0.0180496 0.158706
0.490311 0.108189 9.9964E-05 0.0651509 0.0553995 9.9964E-05 0.28055 9.9964E-05 9.9964E-05
0.204742 0.138548 0.0308195 9.9982E-05 0.0790469 0.0246297 0.468709 0.0533044 9.9982E-05
0.282903 0.122308 9.9964E-05 9.9964E-05 0.0331233 9.9964E-05 0.559185 9.9964E-05 0.00208086
0.186802 0.205875 0.0486137 9.9982E-05 0.0738819 0.0853912 0.363214 0.0360217 9.9982E-05
0.360198 9.9982E-05 0.00528413 0.0108562 0.0307706 0.194154 0.319266 0.0792718 9.9982E-05
0.402025 0.0327012 9.9982E-05 0.0570663 0.00272786 0.122501 0.352815 0.0299641 9.9982E-05
0.236552 0.0228445 9.9982E-05 9.9982E-05 0.041905 0.0997316 0.491718 0.0910088 0.0160401
0.267303 9.9973E-05 0.0421332 0.0455758 0.115133 0.0775145 0.452041 9.9973E-05 9.9973E-05
0.0961995 0.0697653 0.0805964 0.057013 9.9991E-05 0.123704 0.400141 0.140323 0.0321579
0.40602 9.9955E-05 9.9955E-05 9.9955E-05 0.0283328 0.00988713 0.55526 9.9955E-05 9.9955E-05
0.540994 9.9955E-05 9.9955E-05 9.9955E-05 0.0915856 0.0230886 0.343832 9.9955E-05 9.9955E-05
0.19501 9.9982E-05 0.044981 0.0189426 9.9982E-05 0.100893 0.610995 0.00536472 0.0236142
0.480552 9.9964E-05 9.9964E-05 9.9964E-05 0.0711389 0.1029 0.277809 0.0672007 9.9964E-05
0.419026 9.9964E-05 9.9964E-05 0.0255399 0.0300007 0.029722 0.495311 9.9964E-05 9.9964E-05
0.0906756 0.0583885 9.9982E-05 0.0624231 0.0602156 0.126718 0.540196 9.9982E-05 0.0611833
0.26025 0.026073 0.0144286 0.0608099 9.9973E-05 0.181017 0.457121 9.9973E-05 9.9973E-05
0.0631464 0.208752 0.103491 0.058666 9.9982E-05 9.9982E-05 0.421872 0.0926212 0.0512525
0.0535354 0.0929033 0.145303 0.00777908 0.0974437 0.0818554 0.501118 0.0193696 0.000692572
0.107312 0.325299 0.106662 9.9991E-05 0.0361471 0.0677769 0.222107 0.0937455 0.0408507
0.152709 0.152622 9.9982E-05 0.0496459 0.0439395 9.9982E-05 0.359811 0.0487981 0.192275
9.9982E-05 0.158016 0.086323 9.9982E-05 0.0235248 0.143117 0.395841 0.0299217 0.163056
0.197992 0.0780088 0.106426 0.0497458 9.9982E-05 0.00214577 0.539703 9.9982E-05 0.0257789
0.573284 0.157048 0.0576822 0.000722953 0.0468919 0.0443948 9.9982E-05 9.9982E-05 0.119777
0.0705331 0.207387 0.00554449 0.0224494 0.0884532 9.9991E-05 0.539884 0.0128567 0.0527918
0.472571 0.117967 0.254161 0.0332553 9.9964E-05 9.9964E-05 9.9964E-05 9.9964E-05 0.121646
0.156623 0.160487 0.0583529 9.9955E-05 9.9955E-05 9.9955E-05 0.624038 9.9955E-05 9.9955E-05
0.581531 9.9955E-05 9.9955E-05 9.9955E-05 0.00481093 0.259441 0.153717 9.9955E-05 9.9955E-05
0.647875 9.9964E-05 9.9964E-05 0.010044 0.0168145 0.235451 9.9964E-05 0.0894154 9.9964E-05
0.25673 9.9964E-05 9.9964E-05 0.0423354 9.9964E-05 0.119796 0.488913 0.0918267 9.9964E-05
0.1969 0.0241741 9.9964E-05 9.9964E-05 9.9964E-05 9.9964E-05 0.66601 0.0379921 0.0745247
0.371408 9.9946E-05 9.9946E-05 9.9946E-05 9.9946E-05 9.9946E-05 0.477723 0.15027 9.9946E-05
0.16849 9.9973E-05 9.9973E-05 0.00319751 0.0641841 0.160959 0.522552 9.9973E-05 0.0803178
0.295483 0.00295365 9.9982E-05 0.0170948 9.9982E-05 0.0788552 0.553458 0.0214941 0.0304617
0.0113642 0.064708 0.689804 0.0739593 9.9982E-05 9.9982E-05 0.100321 0.00593667 0.0537059
9.9973E-05 0.0987825 0.584216 0.0444365 0.130601 0.013607 9.9973E-05 9.9973E-05 0.128057
9.9964E-05 0.0596849 0.828623 0.041401 9.9964E-05 9.9964E-05 9.9964E-05 0.0446256 0.0252661
0.0101063 9.9955E-05 0.852692 0.0994122 9.9955E-05 9.9955E-05 0.0372893 9.9955E-05 9.9955E-05
0.00857102 0.0639098 0.0125856 0.0667365 0.0183988 0.361425 0.442457 0.0258163 9.9991E-05
9.9973E-05 0.00428198 0.0136901 0.0266949 9.9973E-05 0.435714 0.429497 0.0898223 9.9973E-05
9.9955E-05 9.9955E-05 9.9955E-05 0.0465314 9.9955E-05 0.424852 0.408993 0.119124 9.9955E-05
9.9964E-05 9.9964E-05 0.1304 9.9964E-05 9.9964E-05 0.276672 0.566529 0.0212309 0.00476894
0.077667 0.104604 0.00588294 9.9982E-05 0.154648 0.164594 0.450707 9.9982E-05 0.0416976
0.0524793 9.9982E-05 0.0201296 0.0141614 0.0111755 0.579574 0.123948 0.198332 9.9982E-05
9.9964E-05 9.9964E-05 9.9964E-05 0.0106785 9.9964E-05 0.316019 0.561079 0.0940204 0.0178024
0.143075 9.9964E-05 9.9964E-05 0.0368078 9.9964E-05 0.461472 0.326916 9.9964E-05 0.031329
9.9982E-05 0.176668 0.270111 0.0322572 0.0676568 9.9982E-05 0.420333 0.0177243 0.0150502
0.154858 0.01683 9.9973E-05 9.9973E-05 0.0500689 0.263605 0.482702 0.0316361 9.9973E-05
9.9964E-05 9.9964E-05 9.9964E-05 0.0853301 0.0861998 0.559934 0.244053 0.0240829 9.9964E-05
0.0699242 0.0456654 9.9964E-05 9.9964E-05 0.0242775 0.360569 0.499164 9.9964E-05 9.9964E-05
9.9973E-05 9.9973E-05 0.0283142 0.0182265 0.0292884 0.42869 0.360995 0.134186 9.9973E-05
0.0362465 0.0210696 9.9955E-05 9.9955E-05 9.9955E-05 0.384129 0.558055 9.9955E-05 9.9955E-05
9.9991E-05 0.0871079 0.0175424 0.0452775 0.0311151 0.299672 0.457037 0.0322982 0.0298492
0.133096 9.9946E-05 9.9946E-05 9.9946E-05 9.9946E-05 0.799403 0.0669009 9.9946E-05 9.9946E-05
0.0948396 9.9982E-05 0.0256292 0.00287431 9.9982E-05 0.578321 0.251565 0.0164348 0.0301359
0.115728 9.9964E-05 9.9964E-05 0.00943949 0.15684 0.341771 0.375822 9.9964E-05 9.9964E-05
0.228938 9.9937E-05 9.9937E-05 9.9937E-05 9.9937E-05 0.770362 9.9937E-05 9.9937E-05 9.9937E-05
9.9982E-05 0.0285732 0.0514364 0.0504342 0.0830111 0.308029 0.372467 0.105849 9.9982E-05
0.300047 0.0221959 9.9973E-05 0.0130107 0.00862728 0.536051 0.119768 9.9973E-05 9.9973E-05
0.324159 9.9937E-05 9.9937E-05 9.9937E-05 9.9937E-05 0.675141 9.9937E-05 9.9937E-05 9.9937E-05
0.0577689 0.0588054 9.9982E-05 0.0118258 0.0523997 0.274843 0.490624 0.0535336 9.9982E-05
9.9964E-05 9.9964E-05 9.9964E-05 9.9964E-05 0.00741541 0.603534 0.184436 0.0935715 0.110643
0.0102366 0.0920261 0.0328764 9.9973E-05 0.0215104 0.451937 0.391114 9.9973E-05 9.9973E-05
0.0963342 0.0647482 0.0470383 0.0539443 9.9982E-05 0.0564448 0.578887 0.102404 9.9982E-05
9.9973E-05 9.9973E-05 0.0213088 9.9973E-05 0.0579474 0.359134 0.468224 0.0435464 0.0495394
0.245807 0.0516462 9.9973E-05 0.00149679 0.127831 9.9973E-05 0.372356 0.200562 9.9973E-05
9.9973E-05 0.0655892 9.9973E-05 9.9973E-05 0.0386404 0.354548 0.439651 0.0251035 0.0761689
9.9982E-05 0.0205955 9.9982E-05 0.0413169 0.0204661 0.400143 0.402501 0.110555 0.00422378
0.0607683 0.0248455 9.9955E-05 9.9955E-05 9.9955E-05 0.632577 0.281309 9.9955E-05 9.9955E-05
0.0833801 0.118101 9.9982E-05 0.0839781 0.0333088 0.152481 0.445007 9.9982E-05 0.083544
0.0292727 9.9973E-05 0.496673 0.0620306 0.227981 9.9973E-05 9.9973E-05 0.0825034 0.101239
9.9973E-05 9.9973E-05 0.70856 0.0916443 0.0572548 0.0525119 0.0337221 0.0560067 9.9973E-05
0.0558164 9.9973E-05 0.68149 0.123187 0.103871 9.9973E-05 9.9973E-05 0.0179903 0.0173459
0.0119867 9.9973E-05 0.731771 0.0725766 0.146254 9.9973E-05 9.9973E-05 0.00922914 0.0278823
0.0197642 9.9982E-05 0.634004 0.0300336 0.162835 9.9982E-05 0.0268437 0.0697475 0.0565718
9.9964E-05 0.0162464 9.9964E-05 9.9964E-05 9.9964E-05 0.681633 0.0660954 0.148397 0.0872287
0.0180196 9.9982E-05 0.0866266 9.9982E-05 0.0900019 0.597137 0.114051 0.0893713 0.00459321
