9.9973E-05 0.874216 0.0280784 0.00523508 0.0498403 0.0274513 0.0148793 9.9973E-05 9.9973E-05
9.9964E-05 0.913469 9.9964E-05 9.9964E-05 0.0408749 0.00771138 9.9964E-05 0.0343719 0.00317331
0.0223292 0.79453 9.9973E-05 0.0242291 0.0394857 0.041843 0.0772833 9.9973E-05 9.9973E-05
0.0411917 0.759424 9.9973E-05 0.0599075 0.0546431 0.0295572 0.0549767 9.9973E-05 9.9973E-05
9.9955E-05 0.870981 9.9955E-05 0.0294357 9.9955E-05 0.0358488 0.0632349 9.9955E-05 9.9955E-05
0.0402653 0.558544 0.100027 0.05892 0.0557498 0.0469674 0.060782 9.9991E-05 0.0786441
0.062691 0.774432 0.0937248 9.9955E-05 0.0686523 9.9955E-05 9.9955E-05 9.9955E-05 9.9955E-05
0.0700802 0.650959 0.124851 0.0284544 0.0484621 0.0768928 9.9973E-05 9.9973E-05 9.9973E-05
0.000435787 0.804841 0.0449241 9.99729E-05 0.032838 0.0617842 9.99729E-05 9.99729E-05 0.0548768
9.9982E-05 0.686892 0.0540309 0.0240669 0.0409479 0.0314315 0.134462 0.0279686 9.9982E-05
0.0450535 0.713878 0.0701599 9.9991E-05 0.0217962 0.0782207 0.0259199 0.0298597 0.0150122
0.79262 9.9955E-05 9.9955E-05 0.0380039 9.9955E-05 9.9955E-05 0.111628 9.9955E-05 0.0572484
0.431468 9.9955E-05 9.9955E-05 9.9955E-05 0.0387315 0.0572157 0.472085 9.9955E-05 9.9955E-05
0.696388 0.0239415 9.9982E-05 0.108914 0.0619202 9.9982E-05 0.0185342 0.0808625 0.00923952
0.651512 0.0425966 9.9964E-05 0.160852 9.9964E-05 9.9964E-05 0.122136 0.0225032 9.9964E-05
0.418098 0.149302 0.0427153 0.0718678 9.9964E-05 9.9964E-05 0.317617 9.9964E-05 9.9964E-05
0.33167 0.0522124 9.9973E-05 0.0944631 9.9973E-05 9.9973E-05 0.497249 0.00341734 0.020688
0.411957 9.9973E-05 0.00721501 0.121362 0.0168099 9.9973E-05 0.283629 9.9973E-05 0.158727
0.6113 0.135321 0.0172561 0.0346313 0.00267636 0.00368761 0.194927 9.9982E-05 9.9982E-05
0.814116 0.0331556 0.0830095 9.9964E-05 0.0322787 0.0370403 9.9964E-05 9.9964E-05 9.9964E-05
0.395213 9.9982E-05 9.9982E-05 0.0997137 0.0446874 0.0790669 0.2905 0.0887928 0.00182554
0.287153 9.9982E-05 0.132665 0.0426434 0.0520132 0.0241075 0.343167 0.11805 9.9982E-05
0.307329 0.0565047 0.00542279 9.9973E-05 9.9973E-05 9.9973E-05 0.558294 0.0265292 0.0456198
0.66593 9.9964E-05 9.9964E-05 0.0969821 0.0216007 9.9964E-05 0.153112 9.9964E-05 0.0619746
0.201356 0.130302 9.9973E-05 0.0258843 0.0319112 9.9973E-05 0.608517 0.00172905 9.9973E-05
0.446088 9.9964E-05 0.0420756 0.0359185 0.00247659 9.9964E-05 0.473041 9.9964E-05 9.9964E-05
0.840658 0.00337636 9.9964E-05 0.0815466 0.0422731 9.9964E-05 0.0317457 9.9964E-05 9.9964E-05
0.814772 9.9946E-05 9.9946E-05 0.168046 0.0165826 9.9946E-05 9.9946E-05 9.9946E-05 9.9946E-05
0.843448 0.035204 0.0174976 0.00150991 9.9964E-05 9.9964E-05 0.101941 9.9964E-05 9.9964E-05
9.993E-05 9.993E-05 9.993E-05 9.993E-05 0.999201 9.993E-05 9.993E-05 9.993E-05 9.993E-05
9.993E-05 9.993E-05 9.993E-05 9.993E-05 0.999201 9.993E-05 9.993E-05 9.993E-05 9.993E-05
9.9964E-05 0.473872 9.9964E-05 0.0226717 0.352203 9.9964E-05 0.0979886 9.9964E-05 0.0528643
9.9973E-05 0.506874 0.0119262 0.102207 0.261917 9.9973E-05 0.050124 9.9973E-05 0.0666522
0.066789 9.9973E-05 9.9973E-05 9.9973E-05 0.0166002 0.0916692 0.520484 0.0827304 0.221427
0.0210228 0.117918 9.9964E-05 0.0190817 9.9964E-05 9.9964E-05 0.532708 9.9964E-05 0.30887
9.9973E-05 0.0286565 9.9973E-05 0.0141647 0.0331764 0.0181762 0.518971 9.9973E-05 0.386555
0.671908 0.114948 0.00237918 9.9973E-05 9.9973E-05 0.0708539 0.10932 9.9973E-05 0.0302918
9.9982E-05 0.0332449 0.0607207 0.0582842 9.9982E-05 0.0147151 0.299271 0.00966539 0.523899
0.136815 0.0770332 9.9973E-05 0.0340352 9.9973E-05 0.0265265 0.436265 9.9973E-05 0.289026
9.999E-05 0.015282 0.0494394 0.048429 0.0225482 0.0834129 0.630042 0.0199918 0.130755
0.00912576 0.0676256 0.150921 9.9982E-05 0.0282427 0.0601732 0.577901 9.9982E-05 0.105811
0.060359 0.0379495 0.0769378 0.0218672 0.0619801 0.0298501 0.580833 9.9991E-05 0.130123
0.209573 0.00942098 9.9964E-05 9.9964E-05 0.0443247 9.9964E-05 0.0512842 9.9964E-05 0.684997
0.0975998 9.9982E-05 0.22851 0.0327883 0.000403781 0.0358391 0.593742 9.9982E-05 0.0109168
0.0515611 0.110294 0.0304664 0.0682657 9.9982E-05 0.00267295 0.515622 9.9982E-05 0.220918
9.999E-05 0.101212 0.057801 0.0588311 0.0427111 0.0374535 0.497445 0.0809803 0.123466
9.9946E-05 9.9946E-05 0.0251731 9.9946E-05 9.9946E-05 9.9946E-05 0.33239 9.9946E-05 0.641837
9.9973E-05 0.0661266 9.9973E-05 0.00331149 0.0250083 9.9973E-05 0.596738 0.00746658 0.30105
0.0693511 0.0970206 0.0228691 0.0529418 9.9982E-05 9.9982E-05 0.514152 0.00581072 0.237655
9.9946E-05 0.0713844 0.294215 9.9946E-05 9.9946E-05 9.9946E-05 9.9946E-05 9.9946E-05 0.633801
0.357442 9.9973E-05 0.122095 0.0147692 9.9973E-05 0.182128 0.0859126 9.9973E-05 0.237353
0.369047 0.00787546 0.289335 9.9973E-05 9.9973E-05 9.9973E-05 0.0587896 0.136656 0.137998
0.231559 0.0988078 0.0459592 0.0455407 9.9991E-05 0.00425973 0.495092 0.0486315 0.0300503
0.151896 0.0322227 0.155234 9.9964E-05 0.0188176 9.9964E-05 0.64143 9.9964E-05 9.9964E-05
0.069748 0.0483617 0.0933395 0.0694911 0.0326026 0.0763389 0.55184 0.0186508 0.0396273
0.199057 0.0732045 0.0814327 0.0139929 0.0203545 0.130079 0.159583 0.0542277 0.268068
0.174993 0.032359 0.0829185 0.014501 0.0302119 0.0448762 0.619941 9.9982E-05 9.9982E-05
0.244767 0.0603252 0.122906 0.0578063 9.9982E-05 0.0207212 0.487297 0.00597736 9.9982E-05
0.24622 0.0855126 0.0690321 0.0710476 0.0235922 0.0489241 0.2226 0.0590344 0.174037
0.417954 0.192893 0.118626 0.0407985 0.0255402 0.0366991 0.0069664 0.0473946 0.113128
0.126194 0.00700446 0.127055 9.9991E-05 0.0350791 0.0762434 0.553683 0.0297381 0.0449022
0.350437 0.0792033 9.9982E-05 9.9982E-05 0.0120558 0.0242809 0.398633 0.113822 0.0213682
0.627081 9.9973E-05 0.128802 9.9973E-05 0.0596538 0.0803678 9.9973E-05 0.0108322 0.0929629
0.366859 9.9973E-05 0.0325262 9.9973E-05 0.0505363 9.9973E-05 0.504086 0.0209641 0.0247292
0.0331045 0.0576404 0.084808 0.0322427 0.0189783 9.9991E-05 0.62078 0.0149828 0.137363
0.0993583 0.0565083 0.0247496 9.9991E-05 0.0914509 0.0368893 0.489655 0.11564 0.085648
0.359224 0.0556856 0.057185 0.0890035 0.0209374 9.9991E-05 0.129236 0.0399576 0.248671
0.353893 9.9982E-05 0.0787389 0.0661711 0.0475918 9.9982E-05 0.412878 0.0367699 0.00375713
0.0362017 9.9991E-05 0.137758 0.112815 0.0312435 0.101501 0.504244 0.00514261 0.0709941
0.579716 9.9982E-05 0.055872 9.9982E-05 0.0550422 0.0473004 0.0599284 0.0785912 0.12335
0.163685 9.9955E-05 9.9955E-05 9.9955E-05 9.9955E-05 0.0204952 0.518328 9.9955E-05 0.296992
0.165221 9.9955E-05 9.9955E-05 9.9955E-05 0.027066 9.9955E-05 0.163379 9.9955E-05 0.643834
0.0100465 0.0220347 0.104557 9.9991E-05 0.0246892 0.0351748 0.577092 0.0497955 0.176511
0.0242044 0.00284062 0.127801 0.00165497 9.9964E-05 9.9964E-05 9.9964E-05 9.9964E-05 0.843099
0.0367894 9.9955E-05 0.0615341 9.9955E-05 9.9955E-05 9.9955E-05 9.9955E-05 0.02605 0.875127
9.99371E-05 9.99371E-05 9.99371E-05 9.99371E-05 9.99371E-05 9.99371E-05 0.25588 9.99371E-05 0.74342
0.030081 0.0425278 9.9973E-05 9.9973E-05 9.9973E-05 0.0911033 0.424988 0.016402 0.394598
0.0432234 0.14172 0.0459145 0.0917031 0.0163888 0.0635377 0.475413 9.9991E-05 0.121999
0.0590085 9.9964E-05 9.9964E-05 9.9964E-05 0.0411989 0.0341887 0.430628 9.9964E-05 0.434576
0.0895783 0.0135296 9.9982E-05 0.079538 0.0213079 0.0901211 0.0774026 9.9982E-05 0.628323
0.0114202 0.0291765 9.9973E-05 9.9973E-05 0.00637919 0.210062 0.266725 9.9973E-05 0.475937
9.9982E-05 0.0443434 9.9982E-05 0.121787 0.0182506 0.0822244 0.395415 0.0739825 0.263797
0.086723 0.0435779 9.9973E-05 0.0199855 0.0128141 9.9973E-05 0.295845 9.9973E-05 0.540755
0.096156 0.0429636 9.9973E-05 9.9973E-05 0.00896553 0.0163823 0.405066 9.9973E-05 0.430166
9.9946E-05 9.9946E-05 0.0110489 9.9946E-05 9.9946E-05 9.9946E-05 0.357934 9.9946E-05 0.630417
9.9964E-05 0.00819053 0.202423 9.9964E-05 9.9964E-05 0.0367405 9.9964E-05 0.0630165 0.689229
9.9982E-05 0.094102 0.0690221 0.0413478 0.000140464 0.0428414 0.597938 9.9982E-05 0.154409
0.0779969 0.766852 9.9964E-05 0.0526765 0.040836 9.9964E-05 0.0612389 9.9964E-05 9.9964E-05
9.9946E-05 0.833391 9.9946E-05 9.9946E-05 0.097112 9.9946E-05 0.0688971 9.9946E-05 9.9946E-05
9.9955E-05 0.777716 9.9955E-05 0.0246755 0.102489 9.9955E-05 0.0946191 9.9955E-05 9.9955E-05
9.9964E-05 0.793775 0.017425 0.0159481 0.112871 9.9964E-05 0.0595808 9.9964E-05 9.9964E-05
9.9964E-05 0.778746 9.9964E-05 9.9964E-05 0.104591 9.9964E-05 0.0776553 0.021974 0.0166337
9.9982E-05 0.829069 0.008185 0.0287474 0.0270475 0.0108709 0.0526625 0.0432175 9.9982E-05
9.99551E-05 0.882776 9.99551E-05 0.023431 0.0471483 9.99551E-05 0.0461453 9.99551E-05 9.99551E-05
0.131662 0.0615321 0.113705 0.094995 0.0126052 0.0891546 0.333612 9.9991E-05 0.162634
0.0542644 0.112294 9.9982E-05 0.0563881 0.0116696 9.9982E-05 0.52419 0.0745055 0.166488
0.172499 0.0165443 9.9964E-05 9.9964E-05 9.9964E-05 9.9964E-05 0.0334404 0.00157191 0.775544
0.0977048 0.0563332 0.0410432 0.0865021 0.0464908 9.9991E-05 0.435761 0.0574406 0.178624
9.9964E-05 0.0414037 9.9964E-05 9.9964E-05 0.016144 0.0733866 0.428084 9.9964E-05 0.440581
0.0183354 0.0674405 9.9982E-05 0.0349643 0.0380445 9.9982E-05 0.540377 0.0490036 0.251634
0.0639144 0.0430642 9.9982E-05 0.0065367 0.0348575 9.9982E-05 0.520021 0.126932 0.204474
9.9964E-05 0.0123398 9.9964E-05 0.134732 9.9964E-05 9.9964E-05 0.365264 0.0204557 0.466808
0.176539 0.0633167 9.9964E-05 9.9964E-05 9.9964E-05 0.0163292 9.9964E-05 0.0312368 0.712179
9.9973E-05 0.155613 0.115661 9.9973E-05 0.0400164 9.9973E-05 0.447664 0.0958456 0.144899
9.9964E-05 0.0789893 9.9964E-05 0.0334608 0.0200655 9.9964E-05 0.645485 9.9964E-05 0.221599
0.106048 0.0886106 0.00710287 0.0944521 9.9991E-05 0.0357173 0.533237 0.0938921 0.0408402
0.0246431 9.9982E-05 0.114982 0.00106318 0.0391839 9.9982E-05 0.258846 0.0558107 0.505271
9.9982E-05 0.0268437 9.9982E-05 0.018997 0.0137937 0.00240439 0.482712 0.0752464 0.379803
0.152657 9.9973E-05 0.046205 9.9973E-05 0.042109 9.9973E-05 0.398946 0.0292988 0.330484
9.9955E-05 9.9955E-05 9.9955E-05 0.132357 9.9955E-05 9.9955E-05 0.20825 0.031213 0.62768
9.9973E-05 0.130975 9.9973E-05 9.9973E-05 0.00601582 0.0683588 0.370442 0.00989955 0.414009
0.0836885 0.195742 0.0281209 9.9982E-05 0.0203639 9.9982E-05 0.529287 0.0413217 0.101276
0.461502 0.0556688 0.0279245 9.9982E-05 9.9982E-05 0.0370152 0.19013 0.154655 0.0729042
0.292605 0.109371 0.0163341 0.045429 9.9982E-05 0.130627 0.378743 9.9982E-05 0.0266913
0.0508152 0.0655632 0.0328695 9.9982E-05 0.0172381 0.161994 0.595878 0.0754418 9.9982E-05
9.9982E-05 0.0412731 9.9982E-05 0.0871691 0.0180175 0.0815873 0.599967 0.0698646 0.101921
0.440559 0.0279122 0.00401639 9.9982E-05 0.0366241 0.0448765 0.443716 0.00209593 9.9982E-05
0.194081 0.0527446 0.00736355 0.0584777 9.9982E-05 0.182291 0.458927 0.0459153 9.9982E-05
0.323874 0.0465114 9.9973E-05 9.9973E-05 9.9973E-05 0.0954936 0.380825 0.0992084 0.0537881
0.116594 0.0361032 0.0927774 9.9991E-05 0.0350216 0.0682088 0.468492 0.110151 0.0725526
0.0645109 0.0987792 0.065912 0.0289935 0.0211459 0.108969 0.493386 9.9991E-05 0.118204
0.238966 9.9964E-05 0.0733997 9.9964E-05 0.0254875 9.9964E-05 0.513506 9.9964E-05 0.148241
0.235282 9.9973E-05 9.9973E-05 9.9973E-05 0.0267995 0.159705 0.493392 0.0336033 0.0509179
0.16357 9.9982E-05 0.0501306 9.9982E-05 0.0112187 0.119417 0.57664 0.0442559 0.034568
9.9973E-05 0.0743875 0.11575 0.0545865 9.9973E-05 0.102106 0.53199 0.12088 9.9973E-05
0.161155 9.9982E-05 9.9982E-05 0.0889806 0.00553611 0.15405 0.504775 0.00988645 0.0754167
9.9991E-05 0.0143401 0.0542629 0.0898393 0.0117391 0.144971 0.540069 0.0315147 0.113164
0.229105 9.9973E-05 0.134938 0.0824098 0.0353501 9.9973E-05 0.422824 9.9973E-05 0.0950732
0.336147 0.0600944 0.151948 9.9982E-05 0.0507029 0.0270609 0.322724 0.0511235 9.9982E-05
0.152768 9.9982E-05 0.0532349 0.0898933 9.9982E-05 0.0672449 0.557365 0.0215721 0.0577218
0.0685853 0.0401783 0.0493266 9.9982E-05 0.0117932 0.0864921 0.656902 0.0865228 9.9982E-05
0.358293 9.9973E-05 9.9973E-05 0.0819501 9.9973E-05 0.154996 0.111912 0.139232 0.153317
0.373373 0.034722 0.217621 0.0458211 9.9982E-05 0.0674122 0.0807305 0.18012 9.9982E-05
0.107211 9.9982E-05 0.0805468 0.142999 0.00826995 0.148242 0.511964 9.9982E-05 0.000567826
0.150119 9.9991E-05 0.153239 0.0390864 0.0173475 0.186352 0.0171586 0.238123 0.198475
0.45659 0.0116824 0.0870834 9.9982E-05 9.9982E-05 0.0970292 0.203613 0.0608363 0.0829659
0.377297 9.9964E-05 9.9964E-05 9.9964E-05 9.9964E-05 0.0976015 0.38044 0.0217727 0.122489
0.322529 0.0163705 9.9973E-05 9.9973E-05 0.00339165 0.181538 0.305389 9.9973E-05 0.170482
0.486487 9.9973E-05 0.00171581 9.9973E-05 9.9973E-05 0.166193 0.242447 0.0195357 0.0833211
0.144925 0.0738385 0.0286574 0.00140365 0.0217351 9.9982E-05 0.623858 9.9982E-05 0.105382
0.171528 0.103942 9.9991E-05 0.0792162 0.0392512 0.0623477 0.461959 0.0714028 0.0102539
0.231834 0.0416567 9.9982E-05 0.0234696 0.00834431 0.0400039 0.535187 0.119305 9.9982E-05
0.543603 0.00045579 0.187763 0.0302392 0.00382284 0.0529238 0.0928181 9.9991E-05 0.0882742
0.0978783 0.151334 0.0739801 0.0345874 9.9991E-05 0.0304373 0.396732 0.0878253 0.127125
9.9982E-05 0.001449 0.111791 0.119144 9.9982E-05 0.0721868 0.412007 0.111114 0.172108
0.075113 0.123179 0.430227 9.9973E-05 9.9973E-05 0.0936874 9.9973E-05 0.135597 0.141896
0.0712449 0.0959772 0.00721835 9.9982E-05 0.00903162 9.9982E-05 0.681056 0.0406025 0.0946692
0.0663708 0.0957193 0.299724 0.0219912 9.9991E-05 0.0244968 0.2979 0.08404 0.109658
0.120743 0.0343165 0.19181 0.0153295 0.00944921 9.9991E-05 0.506435 0.0463453 0.0754722
0.154039 0.130968 0.358402 9.9991E-05 0.0396468 0.0187809 0.201812 0.0221492 0.0741019
0.0545876 0.00967716 0.367392 9.9991E-05 0.0290922 0.171178 0.204085 0.103122 0.0607664
0.0997935 0.0598887 0.15334 9.9973E-05 9.9973E-05 0.0570996 0.448373 0.181206 9.9973E-05
0.0914541 0.0605798 0.109151 0.0552834 0.0111945 0.0546692 0.460383 0.128854 0.0284318
0.172999 0.0637678 0.187348 0.113529 0.0576058 0.0553675 0.276348 9.9991E-05 0.0729347
0.181233 0.0152225 0.28914 0.14387 9.9982E-05 0.0402963 9.9982E-05 0.0874876 0.24255
0.084594 0.0574472 0.114416 0.0172671 9.9982E-05 0.0506556 0.520035 0.155385 9.9982E-05
0.218475 9.9955E-05 0.273977 9.9955E-05 9.9955E-05 9.9955E-05 0.347494 9.9955E-05 0.159554
0.184727 9.9964E-05 0.211216 9.9964E-05 9.9964E-05 9.9964E-05 0.399611 0.136439 0.0676078
0.0666392 0.0498873 0.0952569 0.0584139 0.0538373 0.085324 0.537178 0.0277077 0.0257562
0.0836466 0.26356 0.217887 0.25202 0.0440568 9.9982E-05 0.131755 9.9982E-05 0.00687454
9.9955E-05 0.483891 0.371825 0.132387 0.0113973 9.9955E-05 9.9955E-05 9.9955E-05 9.9955E-05
9.9955E-05 0.442044 0.395724 0.15745 0.0042814 9.9955E-05 9.9955E-05 9.9955E-05 9.9955E-05
9.9964E-05 0.405708 0.210105 0.283064 0.0281691 9.9964E-05 0.0725537 9.9964E-05 9.9964E-05
9.9955E-05 9.9955E-05 0.260433 9.9955E-05 9.9955E-05 9.9955E-05 0.694486 0.00301227 0.0415689
9.9991E-05 0.0540955 0.0358008 0.00131743 0.0231906 0.00118665 0.598451 0.1976 0.0882578
0.0677557 9.9955E-05 9.9955E-05 0.71849 0.0175 9.9955E-05 0.195754 9.9955E-05 9.9955E-05
0.145629 9.9964E-05 9.9964E-05 0.517317 9.9964E-05 0.0546934 0.185252 9.9964E-05 0.0967086
0.0110044 0.0921954 0.00651686 0.420235 0.00375448 0.0885088 0.34374 0.0339453 9.9991E-05
0.0365012 9.9964E-05 0.346707 9.9964E-05 9.9964E-05 9.9964E-05 0.344927 0.18056 0.0909047
9.9973E-05 0.042226 0.163312 9.9973E-05 0.0272836 0.0665091 0.574363 0.126006 9.9973E-05
0.0427815 9.9964E-05 0.5452 9.9964E-05 9.9964E-05 9.9964E-05 0.246684 0.109941 0.0549933
0.0551006 0.000877592 0.208204 9.9982E-05 0.0176078 9.9982E-05 0.613542 0.0537392 0.0507284
0.0895464 0.0810671 0.176995 9.9982E-05 9.9982E-05 0.0194384 0.399329 0.205293 0.0281305
9.9982E-05 9.9982E-05 0.235133 0.0469271 0.00603839 0.0647365 0.584752 0.00846552 0.0537481
0.217515 9.9964E-05 0.405614 9.9964E-05 9.9964E-05 9.9964E-05 0.187966 0.0539817 0.134523
0.0389849 0.0327743 0.114109 0.0207909 0.0280228 0.0388916 0.627097 0.0145029 0.0848258
9.9982E-05 0.0652169 0.161369 9.9982E-05 0.0574567 0.0286225 0.602888 0.0447359 0.0395109
0.00372184 9.9964E-05 9.9964E-05 0.925186 9.9964E-05 9.9964E-05 0.0345543 0.0105382 0.0255994
9.9946E-05 9.9946E-05 9.9946E-05 0.921322 9.9946E-05 9.9946E-05 0.0636949 0.0143836 9.9946E-05
9.9982E-05 0.0589071 9.9982E-05 0.583648 0.0343769 0.0142153 0.231349 0.0173258 0.0599781
9.9955E-05 9.9955E-05 9.9955E-05 0.703057 9.9955E-05 0.0457439 0.224334 0.0263658 9.9955E-05
9.9955E-05 0.0486427 9.9955E-05 0.772167 9.9955E-05 9.9955E-05 0.153341 0.0253498 9.9955E-05
9.9937E-05 9.9937E-05 9.9937E-05 0.985704 0.0135962 9.9937E-05 9.9937E-05 9.9937E-05 9.9937E-05
0.0142543 9.9964E-05 9.9964E-05 0.949824 0.0133527 0.00494096 9.9964E-05 9.9964E-05 0.0172282
9.9937E-05 9.9937E-05 9.9937E-05 0.858062 9.9937E-05 9.9937E-05 0.141238 9.9937E-05 9.9937E-05
9.9937E-05 9.9937E-05 9.9937E-05 0.943305 9.9937E-05 0.0559958 9.9937E-05 9.9937E-05 9.9937E-05
9.993E-05 9.993E-05 9.993E-05 0.999201 9.993E-05 9.993E-05 9.993E-05 9.993E-05 9.993E-05
9.9937E-05 9.9937E-05 9.9937E-05 0.980832 0.0184689 9.9937E-05 9.9937E-05 9.9937E-05 9.9937E-05
9.9946E-05 9.9946E-05 9.9946E-05 0.761724 0.0429728 9.9946E-05 0.194704 9.9946E-05 9.9946E-05
0.00341814 0.0103933 9.9973E-05 0.805429 0.0241896 0.0763391 0.0799309 9.9973E-05 9.9973E-05
9.9937E-05 9.9937E-05 9.9937E-05 0.972604 9.9937E-05 9.9937E-05 9.9937E-05 9.9937E-05 0.0266969
0.166464 0.0341506 9.9973E-05 0.41919 9.9973E-05 0.0354141 0.332421 9.9973E-05 0.0120601
0.0720242 0.100073 0.010868 0.688485 0.00251543 9.9982E-05 0.0912849 9.9982E-05 0.0345489
0.0190481 0.0106115 9.9982E-05 0.775223 0.000608817 0.050083 0.116148 9.9982E-05 0.0280781
9.9964E-05 9.9964E-05 9.9964E-05 0.859189 0.0443893 0.00747518 0.0661595 9.9964E-05 0.0223871
9.9937E-05 9.9937E-05 9.9937E-05 0.998319 9.9937E-05 0.000981071 9.9937E-05 9.9937E-05 9.9937E-05
9.9955E-05 0.019635 9.9955E-05 0.883863 0.0251349 9.9955E-05 0.070867 9.9955E-05 9.9955E-05
9.9937E-05 9.9937E-05 9.9937E-05 0.980745 0.018555 9.9937E-05 9.9937E-05 9.9937E-05 9.9937E-05
0.0200281 0.0431192 9.9982E-05 0.637609 0.0148679 0.0177818 0.20506 9.9982E-05 0.0613334
0.00463868 9.9973E-05 9.9973E-05 0.885004 0.0140334 0.0308545 0.0106543 9.9973E-05 0.0545152
0.01826 0.278856 0.581413 0.0540758 9.9973E-05 9.9973E-05 9.9973E-05 0.026026 0.0410692
0.00770205 0.0869926 0.229379 0.0434456 0.0622664 0.106202 0.442661 0.0212508 9.9991E-05
9.9973E-05 0.291174 0.152737 0.000339988 9.9973E-05 0.0472434 0.449518 0.0586886 9.9973E-05
9.9991E-05 0.128732 0.397763 0.0772202 0.0747755 0.042799 0.193845 0.0372078 0.0475574
0.0514137 0.135031 0.124891 0.100784 0.0100023 9.9991E-05 0.438413 0.00615864 0.133207
9.9982E-05 0.228557 0.362593 0.124824 0.0257003 9.9982E-05 0.15293 0.0137633 0.0914324
0.096085 0.172576 0.0921602 0.0662779 0.0233522 0.065854 0.421695 0.0607433 0.00125621
9.9964E-05 0.0946675 0.366862 0.154718 9.9964E-05 9.9964E-05 0.362401 9.9964E-05 0.0209518
9.9982E-05 0.105921 0.179542 0.1094 0.0909496 9.9982E-05 0.435439 0.0422763 0.0362723
9.9973E-05 0.0705091 0.303029 0.211675 0.0385155 9.9973E-05 0.332841 0.0431317 9.9973E-05
0.101922 0.0425356 0.255444 0.150952 0.0478122 9.9973E-05 0.401035 9.9973E-05 9.9973E-05
9.9955E-05 0.843344 0.0156096 9.9955E-05 9.9955E-05 0.0803793 0.0601673 9.9955E-05 9.9955E-05
9.9964E-05 0.900002 9.9964E-05 0.0220368 0.049099 9.9964E-05 0.00450148 0.0239609 9.9964E-05
0.0232283 0.896195 0.0262479 9.9973E-05 0.0109766 9.9973E-05 0.00409352 9.9973E-05 0.038959
9.9946E-05 0.941372 9.9946E-05 9.9946E-05 9.9946E-05 0.0343532 0.0236753 9.9946E-05 9.9946E-05
0.0775644 0.787179 0.0427121 9.9964E-05 0.0832693 9.9964E-05 0.00887503 9.9964E-05 9.9964E-05
9.9955E-05 0.83808 9.9955E-05 0.0663442 0.0696408 9.9955E-05 9.9955E-05 0.0254354 9.9955E-05
9.9964E-05 0.785258 9.9964E-05 0.0823776 0.0925076 0.00299935 0.0364571 9.9964E-05 9.9964E-05
9.9973E-05 0.840273 0.0292488 9.9973E-05 0.0416263 0.00742132 0.0335234 0.0476072 9.9973E-05
9.9964E-05 0.886595 9.9964E-05 0.00323646 0.0419979 9.9964E-05 0.0392427 9.9964E-05 0.0285284
0.0249453 0.801273 0.00760496 0.101591 0.0600357 9.9973E-05 9.9973E-05 0.00425008 9.9973E-05
0.18972 0.549873 9.9973E-05 9.9973E-05 0.0667359 0.104071 9.9973E-05 0.0109644 0.0783366
0.259177 0.554615 9.9973E-05 0.00169343 0.0390096 0.143129 9.9973E-05 9.9973E-05 0.00207627
0.224742 0.495003 0.0566045 9.9973E-05 0.0249264 0.137609 9.9973E-05 0.0608152 9.9973E-05
0.246471 0.499409 0.0400442 9.9973E-05 9.9973E-05 0.110007 9.9973E-05 0.02597 0.0777997
0.253518 0.0568778 9.9982E-05 9.9982E-05 0.0228734 0.00364708 0.44148 0.0120109 0.209392
0.124194 0.0435916 9.9982E-05 0.0184972 9.9982E-05 0.0440696 0.531291 0.0406751 0.197482
0.0945916 9.9973E-05 0.0400726 0.0260465 9.9973E-05 0.118982 0.541165 9.9973E-05 0.178843
0.252877 0.0361836 0.0344968 9.9991E-05 0.0497613 0.0307971 0.375812 0.00495652 0.215015
0.544121 0.0283755 0.0191444 0.00659552 9.9982E-05 0.204856 0.0985817 9.9982E-05 0.0981261
0.0371039 0.0539945 9.9982E-05 0.0325599 0.000842545 9.9982E-05 0.653848 0.030717 0.190734
0.0945952 9.9982E-05 0.0105514 0.027344 0.00239661 0.0219171 0.582291 9.9982E-05 0.260705
0.144938 9.9973E-05 9.9973E-05 9.9973E-05 0.00648013 0.0655795 0.454179 0.0571647 0.271359
9.9973E-05 9.9973E-05 0.00495281 0.0304455 9.9973E-05 0.0107697 0.301353 0.0197193 0.632459
0.00738019 0.0612684 0.0642502 9.9991E-05 0.0213253 0.101387 0.590832 0.0549445 0.0985124
0.0824783 0.00162196 0.0294209 9.9991E-05 0.0133585 0.12818 0.368971 0.0405729 0.335296
9.9964E-05 9.9964E-05 0.0703945 9.9964E-05 0.00407028 0.0900782 9.9964E-05 0.198249 0.636808
0.16178 0.0950468 0.049686 9.9982E-05 9.9982E-05 0.0486858 0.524789 0.0627187 0.0570937
9.9955E-05 9.9955E-05 0.108461 9.9955E-05 9.9955E-05 9.9955E-05 0.267064 0.137498 0.486476
0.0742974 0.0176226 9.9982E-05 9.9982E-05 0.00322373 0.0243436 0.531638 0.0355651 0.31311
0.173329 0.0589057 9.9973E-05 9.9973E-05 9.9973E-05 0.0799376 0.068662 0.0426627 0.576203
9.9964E-05 0.0480872 0.103523 0.0192511 0.00252307 0.826216 9.9964E-05 9.9964E-05 9.9964E-05
9.9955E-05 0.000284444 0.0935507 9.9955E-05 9.9955E-05 0.802917 0.102748 9.9955E-05 9.9955E-05
9.9955E-05 9.9955E-05 0.0124477 0.000945843 9.9955E-05 0.938293 9.9955E-05 0.0478133 9.9955E-05
9.9964E-05 0.0854714 0.00322383 9.9964E-05 9.9964E-05 0.864529 9.9964E-05 0.000495733 0.0458798
9.9973E-05 9.9973E-05 0.0850648 0.012907 0.000874274 0.817345 0.0536795 0.0298295 9.9973E-05
9.9973E-05 0.0146292 0.0444258 0.0404363 9.9973E-05 0.813937 0.0809986 0.005273 9.9973E-05
9.9964E-05 0.795655 9.9964E-05 0.0737462 0.0544569 9.9964E-05 0.0403879 9.9964E-05 0.0353541
0.0748011 0.807883 9.9964E-05 0.0289891 9.9964E-05 0.0603231 0.0276036 9.9964E-05 9.9964E-05
9.9964E-05 0.746075 9.9964E-05 0.117031 0.0356946 0.0152064 0.0855927 9.9964E-05 9.9964E-05
0.135596 0.74118 9.9964E-05 0.109898 0.00869577 9.9964E-05 0.0042299 9.9964E-05 9.9964E-05
0.0341419 0.791066 9.9973E-05 0.0311266 0.0068526 0.0212432 0.11527 9.9973E-05 9.9973E-05
9.9964E-05 0.367632 0.0922254 9.9964E-05 0.0203331 0.488374 9.9964E-05 9.9964E-05 0.0310357
9.9955E-05 0.44464 9.9955E-05 9.9955E-05 9.9955E-05 0.409955 9.9955E-05 0.106755 0.0381505
9.9973E-05 0.395407 9.9973E-05 0.00359441 0.0315804 0.42289 9.9973E-05 0.116743 0.0294862
9.993E-05 9.993E-05 9.993E-05 9.993E-05 0.999201 9.993E-05 9.993E-05 9.993E-05 9.993E-05
9.9982E-05 0.336451 0.0616855 0.00803857 0.0041535 0.488695 9.9982E-05 0.0677675 0.0330088
9.9973E-05 0.210044 0.0920937 0.395023 9.9973E-05 9.9973E-05 0.194428 0.0948652 0.013246
0.0344667 0.129232 0.0258395 0.197968 0.0688406 9.9973E-05 0.543354 9.9973E-05 9.9973E-05
9.9955E-05 0.22229 9.9955E-05 0.236525 0.0266105 9.9955E-05 0.514075 9.9955E-05 9.9955E-05
9.9973E-05 0.196608 0.176549 0.266333 0.00200798 0.0211581 0.337044 9.9973E-05 9.9973E-05
0.177912 0.171131 9.9973E-05 0.141151 0.0345834 9.9973E-05 0.460597 0.014326 9.9973E-05
9.9946E-05 0.414619 0.278408 0.306374 9.9946E-05 9.9946E-05 9.9946E-05 9.9946E-05 9.9946E-05
0.305718 0.0131115 9.9973E-05 9.9973E-05 9.9973E-05 0.144514 0.39729 0.017144 0.121923
0.173019 9.9973E-05 0.0590779 9.9973E-05 9.9973E-05 0.147584 0.33745 0.186861 0.0957071
0.549816 0.025599 9.9973E-05 9.9973E-05 0.0514015 0.134695 0.198365 0.0398235 9.9973E-05
0.188277 9.9973E-05 0.0218907 9.9973E-05 9.9973E-05 0.0518229 0.407862 0.236464 0.0933824
0.19406 9.9964E-05 0.324764 9.9964E-05 9.9964E-05 0.038883 9.9964E-05 0.264446 0.177448
0.259359 0.0500525 0.0455987 9.9982E-05 0.0297537 9.9982E-05 0.491358 0.0816008 0.0420772
0.100174 0.0345991 0.044652 9.9982E-05 9.9982E-05 0.0945991 0.464196 0.173785 0.0877954
0.595633 0.0254131 0.018815 9.9982E-05 0.031034 0.0162365 0.260355 0.0523135 9.9982E-05
0.193423 0.0419402 0.0480321 0.1378 0.0196753 0.0183293 0.400616 0.019723 0.120461
0.578365 9.9964E-05 0.239085 9.9964E-05 9.9964E-05 9.9964E-05 0.0399073 0.0923036 0.0499393
0.167922 9.9991E-05 0.120667 0.0609669 0.0119954 0.0701788 0.390848 0.172506 0.004817
0.239201 9.9982E-05 0.00881568 0.0628827 0.0281346 0.143263 0.409203 0.1083 9.9982E-05
9.9973E-05 0.144627 0.0286254 0.269621 9.9973E-05 0.0307919 0.333125 9.9973E-05 0.19291
0.301639 9.9964E-05 0.0620404 9.9964E-05 9.9964E-05 0.123029 0.318369 0.194523 9.9964E-05
0.234728 0.0221681 0.0077279 0.0261228 9.9991E-05 0.110704 0.377379 0.166919 0.0541508
0.119948 9.9982E-05 0.0963664 0.0572606 9.9982E-05 0.0513789 0.447407 0.0711994 0.156239
0.231521 9.9973E-05 0.0608576 9.9973E-05 9.9973E-05 0.0339675 0.482166 0.0897165 0.101471
9.9973E-05 9.9973E-05 9.9973E-05 0.0191851 0.0440981 0.142816 0.633807 0.088131 0.0716624
0.171474 0.0748581 0.0881955 0.0470962 0.000695982 0.0455259 0.465779 9.9991E-05 0.106275
9.9991E-05 0.0764841 0.0467302 0.0404773 0.0302424 0.0908373 0.51151 0.115159 0.0884599
9.9964E-05 0.794438 0.00281252 0.05651 9.9964E-05 9.9964E-05 0.131371 0.0144681 9.9964E-05
9.9973E-05 0.813589 9.9973E-05 0.0222788 0.0300366 9.9973E-05 0.0828424 0.050265 0.000687999
0.00343352 0.803285 9.9973E-05 9.9973E-05 9.9973E-05 0.066794 0.0568946 0.0201247 0.0491685
9.9982E-05 0.792889 9.9982E-05 0.0193188 0.0246108 0.011943 0.0291929 0.10444 0.0174053
9.9964E-05 0.784442 9.9964E-05 0.0243684 0.0707711 0.0234932 0.096525 9.9964E-05 9.9964E-05
0.650195 0.0194525 0.0531784 0.0623674 9.9982E-05 0.150353 0.0619986 0.00225467 9.9982E-05
0.26824 0.0306468 0.0706926 0.0707324 0.00282717 0.0105046 0.423392 0.122863 9.9991E-05
0.00891569 0.14506 0.164479 0.124767 0.0572998 9.9982E-05 0.426585 0.0726924 9.9982E-05
0.180222 9.9982E-05 9.9982E-05 0.104362 0.0160149 0.03303 0.600553 0.00264455 0.0629738
0.2123 0.0720135 9.9982E-05 9.9982E-05 0.016011 0.140925 0.459327 0.0716804 0.0275427
0.373421 9.9982E-05 0.0909794 0.0593424 0.0105405 0.050582 0.182918 0.232016 9.9982E-05
0.576892 0.0758144 0.144301 9.9973E-05 0.0531989 0.103605 9.9973E-05 9.9973E-05 0.0458887
0.186517 0.0242354 9.9991E-05 0.0284851 0.0413449 0.135594 0.399889 0.0859905 0.0978446
0.372721 0.0441276 9.9991E-05 0.0345016 0.016331 0.315924 0.0930389 0.107551 0.0157056
0.0183574 0.0382626 0.147704 0.07795 9.9991E-05 0.12603 0.345786 0.127979 0.117832
0.583775 0.169202 0.00721412 9.9982E-05 9.9982E-05 0.0954248 0.0390293 0.0834781 0.0216774
0.218312 0.127682 9.9964E-05 0.0146495 9.9964E-05 0.0594542 0.579502 9.9964E-05 9.9964E-05
0.591929 0.0911674 9.9991E-05 0.0286421 0.00358052 0.1495 0.0665729 0.0235151 0.0449928
0.425136 0.00135484 0.109977 0.0300463 0.0661147 0.034758 0.224816 0.0629411 0.0448561
0.037761 0.0450995 0.151162 0.0552583 0.0277442 0.138008 0.436317 0.0819765 0.0266736
0.139869 9.9973E-05 0.465997 9.9973E-05 9.9973E-05 0.0481982 0.295045 0.0453915 0.0051999
0.207731 0.00507364 0.149792 0.0342832 0.00339001 0.049192 0.511628 0.00918944 0.029721
0.0395055 0.0789901 0.214354 9.9973E-05 0.0528026 9.9973E-05 0.585308 9.9973E-05 0.0287393
0.0387356 9.9973E-05 0.34359 9.9973E-05 9.9973E-05 0.132839 0.367153 0.0778332 0.0395495
0.164096 0.0365185 0.165402 0.0883559 0.00606285 9.9991E-05 0.455363 0.0182275 0.0658733
9.9964E-05 9.9964E-05 0.245429 9.9964E-05 9.9964E-05 0.118488 0.512539 0.108482 0.0146619
0.00924684 9.9973E-05 0.53421 9.9973E-05 9.9973E-05 0.119518 0.0841506 0.0629675 0.189608
0.00818344 9.9973E-05 0.530477 9.9973E-05 9.9973E-05 0.0140118 0.303065 0.0526818 0.0912811
9.9964E-05 9.9964E-05 0.361866 9.9964E-05 0.00762789 0.0769453 0.503353 0.0498085 9.9964E-05
0.0765691 9.9973E-05 0.436348 9.9973E-05 9.9973E-05 0.0615063 0.182651 0.038615 0.204011
0.170154 9.9964E-05 0.331713 9.9964E-05 9.9964E-05 0.0228296 0.447792 9.9964E-05 0.0271122
0.649542 0.0425226 9.9973E-05 0.0200452 0.0122684 0.177474 9.9973E-05 9.9973E-05 0.0978485
0.315461 9.9973E-05 0.00568742 9.9973E-05 9.9973E-05 0.102732 0.181932 0.32875 0.065137
0.43847 9.9973E-05 9.9973E-05 0.0850943 0.0426761 0.130023 0.257506 9.9973E-05 0.0459312
0.205329 0.0224833 9.9982E-05 0.0547803 0.00658393 0.0262103 0.573991 9.9982E-05 0.110422
0.452202 9.9973E-05 9.9973E-05 9.9973E-05 0.00892626 0.167963 0.195662 0.0083148 0.166632
0.0725282 0.0523778 0.0488726 0.049456 0.00657846 0.0897783 0.440746 0.185468 0.0541943
0.261547 9.9982E-05 0.0540773 0.0554069 0.0548934 0.0497033 0.474754 0.0494185 9.9982E-05
0.377975 0.0427546 9.9973E-05 0.0499661 9.9973E-05 0.0948374 0.429198 0.0049696 9.9973E-05
0.382648 9.9982E-05 9.9982E-05 0.0725249 0.00691529 0.0413523 0.389126 0.101493 0.00574079
0.274859 0.015174 9.9991E-05 0.0717023 0.0239449 0.0998156 0.352588 0.0059698 0.155847
0.534987 9.9964E-05 9.9964E-05 0.11302 9.9964E-05 0.134682 0.134137 9.9964E-05 0.0827735
0.32942 9.9973E-05 0.0137017 0.0946902 9.9973E-05 0.228156 0.249341 0.0843914 9.9973E-05
0.209608 9.9964E-05 9.9964E-05 0.0467651 9.9964E-05 0.0704371 0.577184 0.0956059 9.9964E-05
0.145529 9.9982E-05 0.0622644 0.0347556 0.0408736 0.0770359 0.547289 9.9982E-05 0.0920523
0.244718 9.9982E-05 0.0129101 9.9982E-05 0.051625 0.0934829 0.318937 0.184218 0.0939097
0.304344 9.9964E-05 9.9964E-05 0.0615331 9.9964E-05 0.111695 0.462324 0.0597044 9.9964E-05
0.391154 0.0672718 0.0506794 9.9973E-05 0.021947 0.117347 0.351301 9.9973E-05 9.9973E-05
0.10828 0.00145269 9.9982E-05 0.121835 9.9982E-05 0.176847 0.490246 0.00622655 0.0949127
0.215508 0.0193371 9.9982E-05 0.127869 0.014562 0.157345 0.420451 0.0447282 9.9982E-05
0.175199 0.0857141 0.134043 0.0623845 9.9973E-05 9.9973E-05 0.540414 9.9973E-05 0.00194582
9.9973E-05 0.349174 0.00999455 0.0499248 0.0532539 9.9973E-05 0.521649 9.9973E-05 0.0157033
9.9982E-05 0.0845581 0.122853 0.230748 0.0513188 0.00952678 0.420899 9.9982E-05 0.0798964
0.0837902 0.13879 9.9973E-05 0.103755 0.0249033 9.9973E-05 0.525575 9.9973E-05 0.122887
0.0572735 0.0411892 0.0298221 0.0731899 0.0743852 0.0378022 0.591011 0.0690355 0.0262916
0.0156632 0.21677 0.0282131 0.143825 9.9982E-05 9.9982E-05 0.497598 0.0682964 0.0294346
0.39283 9.9964E-05 0.0602426 0.0224862 9.9964E-05 9.9964E-05 0.388382 0.135659 9.9964E-05
9.9991E-05 0.162467 0.0308931 0.0822445 0.0278674 0.0431098 0.569238 0.0153369 0.0687432
0.100347 0.220427 0.434667 0.127284 9.9982E-05 9.9982E-05 0.00881713 0.0200854 0.0881726
0.115165 0.0200734 0.0907989 0.270099 9.9982E-05 0.0428194 0.409652 0.0511924 9.9982E-05
0.0324811 0.0624934 0.0681863 0.143293 0.0365361 0.0211349 0.471382 0.130322 0.034171
0.138341 0.0965384 9.9973E-05 0.225984 0.00324038 9.9973E-05 0.393618 0.141978 9.9973E-05
0.194897 0.144637 0.176888 0.120509 0.0323843 9.9991E-05 0.231942 0.0317546 0.0668886
0.0120466 0.187834 0.0663598 0.162576 9.9982E-05 0.00546237 0.547053 9.9982E-05 0.0184685
9.9973E-05 0.106552 0.0534229 0.162719 0.0812483 9.9973E-05 0.553458 0.0422993 9.9973E-05
0.0136643 0.377722 0.346326 0.210797 0.0501596 9.9973E-05 9.9973E-05 0.00103191 9.9973E-05
9.9973E-05 0.160766 0.00676 0.157977 0.0492745 9.9973E-05 0.460934 9.9973E-05 0.163988
9.9982E-05 0.160312 0.0343329 0.148209 0.0292674 0.000242885 0.545188 0.0822478 9.9982E-05
0.0858002 0.0752879 0.0904299 0.095664 0.0601583 9.9991E-05 0.539696 0.0207132 0.0321506
9.9964E-05 0.180096 0.0920361 0.19432 9.9964E-05 0.00298999 0.530157 9.9964E-05 9.9964E-05
0.0207909 0.138248 0.04198 0.087953 0.0142354 0.0716106 0.540135 0.0849473 9.9991E-05
0.0105873 9.9973E-05 9.9973E-05 0.0226091 0.0368546 9.9973E-05 0.396925 0.471072 0.0616526
9.9982E-05 0.0733907 9.9982E-05 0.0753817 0.0286132 0.00925869 0.414176 0.185597 0.213382
0.158648 9.9946E-05 9.9946E-05 9.9946E-05 9.9946E-05 9.9946E-05 9.9946E-05 0.76316 0.0775918
0.0100843 9.9955E-05 9.9955E-05 9.9955E-05 9.9955E-05 0.0202594 9.9955E-05 0.89873 0.070427
0.0641676 0.0627499 0.0202996 0.039705 0.0566667 0.00578649 0.444043 0.239841 0.0667405
9.9964E-05 0.0787174 0.130877 0.279515 9.9964E-05 9.9964E-05 0.4019 0.10859 9.9964E-05
9.9973E-05 0.0911888 0.0443445 0.370446 0.022783 9.9973E-05 0.197619 0.273319 9.9973E-05
0.0183574 0.124779 0.152131 0.356499 0.043537 9.9982E-05 0.090473 0.214023 9.9982E-05
0.0217012 0.201171 0.00370464 0.207786 0.0398231 9.9982E-05 0.284104 0.24151 9.9982E-05
9.9973E-05 0.0297739 0.167994 0.0900609 0.00573287 9.9973E-05 0.0124079 0.693731 9.9973E-05
9.9973E-05 0.0432763 0.110209 0.0638115 0.0395978 9.9973E-05 0.0848453 0.65796 9.9973E-05
9.9964E-05 9.9964E-05 0.0101895 0.109005 0.0416222 9.9964E-05 0.465805 0.372979 9.9964E-05
9.9955E-05 0.0557066 9.9955E-05 0.0811285 9.9955E-05 9.9955E-05 0.37707 0.485595 9.9955E-05
9.9955E-05 9.9955E-05 9.9955E-05 0.0783276 0.0837083 9.9955E-05 0.131829 0.705636 9.9955E-05
0.0803044 0.0293073 9.9964E-05 0.0744341 9.9964E-05 9.9964E-05 0.479267 0.336287 9.9964E-05
9.9964E-05 0.0329064 9.9964E-05 0.0692828 9.9964E-05 9.9964E-05 0.462359 0.378553 0.0564987
9.9982E-05 0.0624098 0.0575243 0.0412457 0.07049 0.0186547 0.520523 0.228953 9.9982E-05
0.122084 9.9955E-05 9.9955E-05 9.9955E-05 9.9955E-05 9.9955E-05 0.311011 0.53665 0.0297551
0.110589 9.9982E-05 0.00113839 0.0287208 0.0193032 9.9982E-05 0.343201 0.467306 0.0295414
9.9973E-05 9.9973E-05 9.9973E-05 0.0200321 0.0244677 0.0740694 0.466526 0.326771 0.0878343
0.0537104 0.0216301 0.0307288 0.0157869 0.0136626 0.0655144 0.334637 0.370018 0.0943123
0.219793 0.0755867 0.0473275 0.132331 0.00644762 9.9982E-05 0.348982 0.169332 9.9982E-05
0.0836753 9.9964E-05 0.0529976 9.9964E-05 9.9964E-05 9.9964E-05 0.423997 0.40293 0.0359993
9.9955E-05 9.9955E-05 0.000711772 9.9955E-05 9.9955E-05 0.130227 0.21333 0.655232 9.9955E-05
9.9964E-05 0.00749112 9.9964E-05 9.9964E-05 9.9964E-05 0.000139669 0.526545 0.447346 0.0180777
0.0212543 9.9964E-05 9.9964E-05 9.9964E-05 9.9964E-05 0.039933 0.153853 0.737136 0.0474236
9.9964E-05 0.0306449 9.9964E-05 9.9964E-05 0.0416328 0.00523389 0.384592 0.537497 9.9964E-05
9.9973E-05 9.9973E-05 9.9973E-05 0.013069 0.0324177 0.0631373 0.537526 0.262438 0.0911125
0.114618 9.9982E-05 9.9982E-05 0.103475 0.0249227 0.0119791 0.381226 0.288614 0.0749663
0.100883 0.147805 0.111174 0.122135 0.008093 9.9982E-05 0.408319 0.101391 9.9982E-05
9.9991E-05 0.0662403 0.131631 0.110595 0.0188844 0.0920823 0.438631 0.0858842 0.0559519
9.9991E-05 0.0974288 0.0945256 0.309699 0.00900586 0.140066 0.230156 0.0856052 0.0334133
0.0587076 0.101586 0.131277 0.198276 0.0740387 0.0636395 0.283609 0.0887664 9.9991E-05
0.0984162 0.164816 9.9991E-05 0.142438 0.0108615 0.0310203 0.436631 0.0309276 0.0847901
9.9973E-05 0.0997365 0.201116 0.186997 9.9973E-05 0.0329371 0.358166 0.120747 9.9973E-05
9.9973E-05 0.173431 0.0748308 0.135679 0.0139386 0.0134142 9.9973E-05 0.588406 9.9973E-05
9.9982E-05 0.0660414 0.0467646 0.104038 0.0395361 0.00930364 0.597461 0.136655 9.9982E-05
9.9964E-05 0.314023 0.283854 0.101996 0.00231169 9.9964E-05 9.9964E-05 0.297416 9.9964E-05
9.9955E-05 0.0468327 9.9955E-05 0.197401 9.9955E-05 9.9955E-05 0.453075 0.302191 9.9955E-05
9.9955E-05 9.9955E-05 0.0240436 9.9955E-05 9.9955E-05 9.9955E-05 0.0202032 0.788931 0.166322
9.9937E-05 9.9937E-05 9.9937E-05 9.9937E-05 9.9937E-05 9.9937E-05 9.9937E-05 0.912853 0.0864476
9.9955E-05 9.9955E-05 9.9955E-05 9.9955E-05 0.00670993 9.9955E-05 0.435877 0.535525 0.0213885
0.0310407 9.9964E-05 9.9964E-05 0.00170029 0.0341848 9.9964E-05 0.560616 0.372058 9.9964E-05
0.0501318 9.9955E-05 9.9955E-05 9.9955E-05 9.9955E-05 9.9955E-05 0.338181 0.555957 0.0552298
9.9964E-05 9.9964E-05 9.9964E-05 0.0176167 0.0152964 9.9964E-05 0.393382 0.511782 0.0615228
0.047817 9.9955E-05 9.9955E-05 0.0181305 9.9955E-05 9.9955E-05 0.419202 0.514351 9.9955E-05
0.0304564 0.718104 9.9973E-05 0.072094 0.0799131 9.9973E-05 0.0189825 0.0801499 9.9973E-05
9.9964E-05 0.652695 9.9964E-05 0.120209 0.0501414 0.121775 9.9964E-05 0.05478 9.9964E-05
0.0313463 0.858683 9.9955E-05 0.0833411 0.0261295 9.9955E-05 9.9955E-05 9.9955E-05 9.9955E-05
9.9955E-05 0.828478 9.9955E-05 9.9955E-05 0.125301 9.9955E-05 0.0451645 0.000556806 9.9955E-05
0.135822 0.0463182 9.9973E-05 9.9973E-05 0.0339814 9.9973E-05 0.454362 0.0473205 0.281897
9.9955E-05 0.0689105 9.9955E-05 0.0556078 9.9955E-05 9.9955E-05 0.464518 9.9955E-05 0.410464
9.9955E-05 9.9955E-05 9.9955E-05 9.9955E-05 0.0233426 9.9955E-05 0.497599 0.00592709 0.472631
0.0352149 0.0690105 0.0368461 0.0548066 9.9991E-05 0.0593873 0.482857 0.00145063 0.260328
0.0370172 0.0219599 0.114711 0.120665 9.9982E-05 0.119829 0.445269 9.9982E-05 0.140349
0.0344383 0.0562001 0.0362333 0.0137197 9.9991E-05 0.0506903 0.210694 0.0169348 0.580989
0.0327207 0.0215438 9.9973E-05 9.9973E-05 0.000308267 0.00195133 0.638785 9.9973E-05 0.30439
9.9964E-05 9.9964E-05 0.127588 9.9964E-05 0.0323233 9.9964E-05 0.329438 0.0328655 0.477385
9.9973E-05 0.264101 0.0262146 0.117699 0.0315093 9.9973E-05 0.511375 0.0488009 9.9973E-05
0.0690907 9.9982E-05 0.0208856 0.0342719 9.9982E-05 0.0458755 0.41739 0.121574 0.290712
0.045775 9.9964E-05 9.9964E-05 9.9964E-05 0.0510069 0.0460356 0.304967 9.9964E-05 0.551815
0.0434721 9.9973E-05 9.9973E-05 0.0271797 9.9973E-05 0.0552488 0.437735 0.0629158 0.373148
0.021655 0.0169458 9.9973E-05 9.9973E-05 0.0481707 9.9973E-05 0.370119 0.138094 0.404715
9.9964E-05 9.9964E-05 9.9964E-05 0.00192223 0.0472681 9.9964E-05 0.497636 0.0410789 0.411695
0.0259901 0.0323405 0.0510944 9.9982E-05 0.0440451 9.9982E-05 0.498069 0.0987181 0.249543
9.9964E-05 9.9964E-05 0.0296251 0.00924547 9.9964E-05 9.9964E-05 0.0710574 0.0352042 0.854468
0.0899585 0.016195 0.0242967 0.0592212 9.9982E-05 9.9982E-05 0.110386 0.0803734 0.619369
9.9982E-05 9.9982E-05 0.0104863 0.0225894 0.0446516 0.0477171 0.235733 0.0542354 0.584387
9.9946E-05 9.9946E-05 0.149147 9.9946E-05 9.9946E-05 9.9946E-05 9.9946E-05 0.0610536 0.7892
0.0418608 0.0241801 9.9982E-05 9.9982E-05 0.00151056 0.0781079 0.455098 0.0418987 0.357144
9.9973E-05 9.9973E-05 0.223004 9.9973E-05 0.0225219 0.00352934 0.0560678 0.0621628 0.632414
9.9946E-05 9.9946E-05 0.22272 9.9946E-05 9.9946E-05 9.9946E-05 9.9946E-05 0.0997461 0.676934
0.045777 0.0298037 9.9982E-05 0.0233657 0.0151971 9.9982E-05 0.529959 0.143631 0.212066
0.134316 0.0583395 9.99639E-05 9.99639E-05 9.99639E-05 0.0274222 0.15099 9.99639E-05 0.628532
0.0335296 9.9973E-05 0.0149173 0.0628848 9.9973E-05 0.0832688 0.391572 9.9973E-05 0.413528
0.105195 0.0559942 9.9973E-05 9.9973E-05 0.00710357 9.9973E-05 0.637581 0.0667382 0.127088
0.0306693 0.00705645 9.9973E-05 0.00568473 9.9973E-05 0.0789556 0.484789 9.9973E-05 0.392545
0.437232 9.9973E-05 0.144865 0.0879814 9.9973E-05 0.020692 0.251521 0.0574086 9.9973E-05
9.9982E-05 0.0422057 0.00642803 0.055041 0.00886197 0.0960585 0.455065 9.9982E-05 0.33614
0.102928 0.0241552 0.016586 0.0290589 0.0605545 9.9982E-05 0.372299 9.9982E-05 0.394219
9.9964E-05 9.9964E-05 0.0881562 9.9964E-05 0.0100099 0.0294416 0.223544 9.9964E-05 0.648449
9.9973E-05 0.0868468 9.9973E-05 0.0719042 0.00526097 9.9973E-05 0.429047 0.170126 0.236515
0.0785691 0.571539 0.0896056 9.9973E-05 0.0615767 0.188029 9.9973E-05 0.010381 9.9973E-05
9.9973E-05 0.721288 0.0568501 9.9973E-05 0.0452172 0.103474 0.0501825 9.9973E-05 0.0226882
0.0194698 0.699708 0.0817284 9.9964E-05 0.124501 0.0741934 9.9964E-05 9.9964E-05 9.9964E-05
9.9964E-05 0.73227 0.0357842 9.9964E-05 0.0855822 0.125593 9.9964E-05 0.0203702 9.9964E-05
0.0327989 0.645879 0.0303683 9.9982E-05 0.0744576 0.178688 0.0319133 9.9982E-05 0.00569467
0.204282 0.0695294 9.9964E-05 0.0478308 9.9964E-05 9.9964E-05 0.0134465 9.9964E-05 0.664512
0.059645 0.0414316 0.0216351 9.9991E-05 0.0436977 0.0693838 0.0829337 0.0153813 0.665792
