9.9955E-05 9.9955E-05 0.0265716 0.0734234 9.9955E-05 0.806771 9.9955E-05 0.0600805 0.0326535 9.9955E-05
9.9946E-05 0.0219747 9.9946E-05 9.9946E-05 9.9946E-05 0.867331 9.9946E-05 9.9946E-05 0.0697101 0.0403844
9.9955E-05 9.9955E-05 9.9955E-05 0.151107 0.0376552 0.722916 9.9955E-05 0.0371021 0.0507203 9.9955E-05
9.9955E-05 9.9955E-05 0.0989418 0.0117332 9.9955E-05 0.732166 9.9955E-05 0.0976148 0.0590445 9.9955E-05
9.9955E-05 9.9955E-05 0.0307007 0.0186312 9.9955E-05 0.875231 9.9955E-05 0.0318538 9.9955E-05 0.0430834
9.9964E-05 9.9964E-05 0.0786417 0.00654627 9.9964E-05 0.545056 0.303913 0.0148372 0.0506057 9.9964E-05
9.9937E-05 9.9937E-05 9.9937E-05 9.9937E-05 9.9937E-05 0.725531 0.194798 9.9937E-05 0.0789717 9.9937E-05
9.9955E-05 9.9955E-05 0.0257327 9.9955E-05 9.9955E-05 0.675845 0.233207 0.0529407 0.0117747 9.9955E-05
0.035196 0.0137226 9.99639E-05 9.99639E-05 0.0958094 0.761703 9.99639E-05 0.0727709 0.0203983 9.99639E-05
9.9964E-05 9.9964E-05 0.105501 9.9964E-05 9.9964E-05 0.557121 0.187976 0.0261178 0.0651168 0.0577675
9.9946E-05 9.9946E-05 0.0182765 9.9946E-05 9.9946E-05 0.661256 0.25138 0.0684876 9.9946E-05 9.9946E-05
0.764265 9.9946E-05 0.0599186 0.144204 9.9946E-05 9.9946E-05 0.0310128 9.9946E-05 9.9946E-05 9.9946E-05
0.397997 9.9964E-05 0.0461098 0.448009 9.9964E-05 0.0673827 0.0242331 9.9964E-05 0.0158682 9.9964E-05
0.670449 9.9964E-05 0.0486409 0.105357 0.0511234 9.9964E-05 9.9964E-05 9.9964E-05 0.0244019 0.0996281
0.665967 9.9946E-05 0.197553 0.0967673 9.9946E-05 0.039113 9.9946E-05 9.9946E-05 9.9946E-05 9.9946E-05
0.429953 9.9955E-05 0.105717 0.293582 9.9955E-05 0.156767 0.0134818 9.9955E-05 9.9955E-05 9.9955E-05
0.365973 0.014762 0.0778181 0.3561 0.0178765 0.00984205 0.0963087 9.9991E-05 0.0314059 0.029814
0.633015 9.9946E-05 0.0827907 0.150318 9.9946E-05 0.133276 9.9946E-05 9.9946E-05 9.9946E-05 9.9946E-05
0.776294 9.9937E-05 9.9937E-05 9.9937E-05 9.9937E-05 0.0596839 0.163323 9.9937E-05 9.9937E-05 9.9937E-05
0.40269 0.0413057 0.0489988 0.336695 0.107793 9.9973E-05 9.9973E-05 0.00812537 9.9973E-05 0.0540921
0.304413 0.0375263 0.102533 0.256554 0.0608758 9.9973E-05 0.194486 9.9973E-05 0.0433114 9.9973E-05
0.278145 0.00258107 0.0383804 0.459627 0.0285401 0.0350722 0.129934 9.9982E-05 9.9982E-05 0.0275215
0.675263 0.00270889 0.15958 0.0467414 0.0118315 9.9973E-05 0.0968394 9.9973E-05 0.00673566 9.9973E-05
0.422105 9.9955E-05 0.0769932 0.432119 0.0479708 9.9955E-05 9.9955E-05 9.9955E-05 0.0203118 9.9955E-05
0.817417 9.9946E-05 0.164855 9.9946E-05 9.9946E-05 9.9946E-05 0.000467968 9.9946E-05 0.0166598 9.9946E-05
0.725577 9.9955E-05 0.159367 0.0901521 9.9955E-05 0.0194756 9.9955E-05 9.9955E-05 0.00492862 9.9955E-05
0.765792 9.9955E-05 0.0557231 0.103228 9.9955E-05 0.00363611 0.0711208 9.9955E-05 9.9955E-05 9.9955E-05
9.99201E-05 9.99201E-05 9.99201E-05 9.99201E-05 9.99201E-05 9.99201E-05 9.99201E-05 9.99201E-05 0.999101 9.99201E-05
9.99201E-05 9.99201E-05 9.99201E-05 9.99201E-05 9.99201E-05 9.99201E-05 9.99201E-05 9.99201E-05 0.999101 9.99201E-05
0.0320134 0.0307526 0.0402233 0.100256 9.9964E-05 0.455242 9.9964E-05 9.9964E-05 0.341113 9.9964E-05
9.9982E-05 0.0251405 0.0391542 0.101914 0.0639113 0.497913 0.0161321 0.000914323 0.254721 9.9982E-05
0.0404658 0.147443 0.0155762 0.522873 9.9982E-05 0.00950259 0.170074 0.0782325 0.0156328 9.9982E-05
9.9964E-05 0.330408 0.0340827 0.468513 9.9964E-05 9.9964E-05 0.0493882 9.9964E-05 0.0545625 0.0626456
0.654866 0.0153313 0.0135297 0.107093 9.9982E-05 0.0879819 0.00802422 0.10827 9.9982E-05 0.00470416
9.9973E-05 0.534227 0.0312012 0.270484 0.0389969 9.9973E-05 0.0444284 9.9973E-05 0.0549505 0.025412
0.0300768 0.201017 9.9991E-05 0.641882 0.0162945 0.001883 0.0500017 0.00696812 0.0489204 0.00285659
0.0595976 9.9973E-05 9.9973E-05 0.521954 9.9973E-05 0.0871478 0.197167 0.0560186 0.0463082 0.0315065
0.00435124 0.0959973 9.9973E-05 0.498217 9.9973E-05 0.0241124 0.269166 0.0343413 0.0735153 9.9973E-05
0.236584 0.606612 9.9955E-05 0.0978703 0.00312486 9.9955E-05 9.9955E-05 9.9955E-05 0.0553092 9.9955E-05
9.9973E-05 0.0945353 0.0316462 0.545963 9.9973E-05 0.0203125 0.258359 0.0419907 0.00689317 9.9973E-05
9.9937E-05 0.606162 9.9937E-05 0.336626 9.9937E-05 9.9937E-05 9.9937E-05 9.9937E-05 9.9937E-05 0.056513
9.9955E-05 0.659912 9.9955E-05 9.9955E-05 0.213412 0.018632 0.0157109 9.9955E-05 9.9955E-05 0.0918335
0.421259 0.20141 9.9973E-05 0.101256 0.0831072 9.9973E-05 9.9973E-05 0.147431 0.00374092 0.0414962
0.387154 0.147561 9.9964E-05 0.0401282 0.20082 9.9964E-05 0.154481 9.9964E-05 9.9964E-05 0.0694564
0.246506 0.20512 9.9982E-05 0.149795 0.0344412 0.0753506 0.0809789 0.194772 0.0128366 9.9982E-05
0.169504 0.0374199 9.9964E-05 0.572563 0.0606885 9.9964E-05 9.9964E-05 0.140676 0.0187492 9.9964E-05
0.271761 0.085584 9.9973E-05 0.39366 0.0405585 0.0848758 9.9973E-05 9.9973E-05 0.019929 0.103332
0.368514 0.120646 0.0258024 0.0501942 0.0832542 0.21789 0.0516334 0.0756573 0.00630838 9.9991E-05
0.313942 9.9991E-05 0.0543186 0.40462 0.0711499 0.00632249 0.00298649 0.113074 0.0287301 0.0047559
0.696777 0.106058 9.9964E-05 9.9964E-05 0.0537878 0.00866353 9.9964E-05 0.0739204 0.0603931 9.9964E-05
0.410061 0.077192 9.9955E-05 0.475231 9.9955E-05 9.9955E-05 9.9955E-05 0.0158092 9.9955E-05 0.0212075
0.0506824 0.0200612 0.0512052 0.536097 0.135684 9.9982E-05 0.0596892 0.0296213 9.9982E-05 0.11676
0.392516 0.155465 0.0184925 0.250038 0.10329 9.9982E-05 9.9982E-05 0.0145254 0.0530351 0.0124384
0.186262 0.0198718 9.9973E-05 0.49353 0.0840075 9.9973E-05 9.9973E-05 0.108051 0.057634 0.050343
0.52456 0.0814424 9.9982E-05 0.119367 0.0402806 9.9982E-05 0.084594 0.0679652 0.0381165 0.0434736
9.9937E-05 0.351464 9.9937E-05 0.586916 9.9937E-05 9.9937E-05 9.9937E-05 0.0609206 9.9937E-05 9.9937E-05
0.131157 0.652991 9.9955E-05 0.173186 9.9955E-05 0.025472 9.9955E-05 9.9955E-05 0.0166936 9.9955E-05
9.9937E-05 0.927174 0.0259199 9.9937E-05 0.0462062 9.9937E-05 9.9937E-05 9.9937E-05 9.9937E-05 9.9937E-05
0.0609049 0.800476 9.9973E-05 0.0056399 9.9973E-05 0.00700864 0.0160147 9.9973E-05 0.0125134 0.0971424
9.9937E-05 0.670168 9.9937E-05 0.284384 9.9937E-05 9.9937E-05 9.9937E-05 0.044749 9.9937E-05 9.9937E-05
0.0134172 0.496429 9.9964E-05 0.398998 9.9964E-05 0.0127448 9.9964E-05 0.0664845 0.0115274 9.9964E-05
0.0037505 0.442902 0.0364435 0.407867 0.0320214 9.9973E-05 9.9973E-05 0.0175953 0.0591212 9.9973E-05
0.137384 0.515768 0.0677435 0.141222 9.9964E-05 0.0162533 9.9964E-05 0.12123 9.9964E-05 9.9964E-05
0.0567926 0.451009 0.00570717 0.278674 9.9964E-05 9.9964E-05 9.9964E-05 0.187457 0.0199612 9.9964E-05
0.0793677 0.553413 0.0632537 0.200768 9.9973E-05 0.0551466 0.00725393 0.0404969 9.9973E-05 9.9973E-05
9.9955E-05 0.387215 9.9955E-05 0.440053 9.9955E-05 0.0454631 0.059113 9.9955E-05 0.0676568 9.9955E-05
9.9955E-05 0.553583 9.9955E-05 0.333206 9.9955E-05 0.0335573 0.0632427 9.9955E-05 0.0159109 9.9955E-05
0.0217117 0.76944 9.9973E-05 9.9973E-05 0.1096 0.00403132 0.0204595 0.0433214 9.9973E-05 0.0311364
0.0802352 9.9964E-05 0.0151707 0.0592007 9.9964E-05 0.77414 9.9964E-05 0.0165897 0.0542636 9.9964E-05
0.0102447 9.9946E-05 9.9946E-05 0.0652531 9.9946E-05 0.788615 9.9946E-05 9.9946E-05 0.135287 9.9946E-05
9.9946E-05 9.9946E-05 9.9946E-05 0.116542 0.0400814 0.76907 9.9946E-05 9.9946E-05 0.0737065 9.9946E-05
9.9955E-05 0.00151499 9.9955E-05 0.031245 0.0780594 0.772781 9.9955E-05 9.9955E-05 0.1159 9.9955E-05
9.9955E-05 9.9955E-05 9.9955E-05 0.0604476 0.0836094 0.722824 0.0495906 9.9955E-05 0.0830284 9.9955E-05
9.9964E-05 9.9964E-05 0.013004 0.045052 0.0469631 0.808295 0.0211123 9.9964E-05 0.0651733 9.9964E-05
0.00664749 9.9955E-05 9.9955E-05 0.0391995 9.9955E-05 0.859776 0.0302177 9.9955E-05 0.0636593 9.9955E-05
0.135345 0.674347 9.9955E-05 0.0981752 9.9955E-05 0.0610838 9.9955E-05 0.030549 9.9955E-05 9.9955E-05
0.109131 0.397384 0.0210982 0.425041 9.9964E-05 0.0245426 9.9964E-05 0.022404 9.9964E-05 9.9964E-05
9.9955E-05 0.284428 9.9955E-05 0.61539 0.0528398 0.0292848 9.9955E-05 0.0175582 9.9955E-05 9.9955E-05
0.0194363 0.215806 9.9973E-05 0.574717 9.9973E-05 0.0546636 0.0808355 9.9973E-05 0.0265139 0.027728
9.9964E-05 0.402115 0.0600313 0.442746 9.9964E-05 0.02027 9.9964E-05 0.0719931 0.0024449 9.9964E-05
0.176561 0.712607 9.9955E-05 9.9955E-05 9.9955E-05 0.0641942 9.9955E-05 0.045232 0.000906463 9.9955E-05
0.106774 0.433301 9.9955E-05 0.282859 0.0962745 9.9955E-05 0.080291 9.9955E-05 9.9955E-05 9.9955E-05
9.9955E-05 0.265003 9.9955E-05 0.561912 9.9955E-05 0.0525625 9.9955E-05 9.9955E-05 0.0162447 0.103778
0.229168 0.279686 9.9955E-05 0.454738 9.9955E-05 0.00415155 9.9955E-05 9.9955E-05 0.0317563 9.9955E-05
0.0204211 0.563314 0.0597211 0.315241 9.9964E-05 9.9964E-05 9.9964E-05 0.026724 9.9964E-05 0.0141795
0.128149 0.346892 9.9964E-05 0.423639 9.9964E-05 0.0746783 9.9964E-05 0.010287 0.015954 9.9964E-05
0.447483 0.06219 9.9973E-05 0.124323 0.155731 9.9973E-05 9.9973E-05 0.039034 0.0266142 0.144325
0.174946 9.9982E-05 0.105719 0.29679 0.00810206 0.0351975 0.145183 0.205239 0.0286231 9.9982E-05
0.358796 9.9964E-05 9.9964E-05 0.438682 0.0139173 9.9964E-05 0.0562125 0.059256 0.0727357 9.9964E-05
0.286146 9.9964E-05 9.9964E-05 0.533123 9.9964E-05 0.0394971 0.0528735 0.0708057 9.9964E-05 0.0171553
0.25409 9.9964E-05 0.0249358 0.404856 9.9964E-05 0.0104483 9.9964E-05 0.139402 9.9964E-05 0.165867
0.341471 9.9964E-05 9.9964E-05 0.494278 0.0758483 9.9964E-05 0.0446266 0.00308044 0.0402957 9.9964E-05
0.402036 9.9973E-05 0.0147749 0.448426 9.9973E-05 0.0200402 9.9973E-05 0.105579 0.000455514 0.00838877
0.20266 9.9964E-05 0.0712144 0.540797 0.00104602 9.9964E-05 9.9964E-05 0.0577382 9.9964E-05 0.126145
0.163822 0.0774307 0.0109185 0.584243 0.0665332 0.00454584 0.00689821 0.0705714 9.9991E-05 0.0149379
0.268308 9.9973E-05 9.9973E-05 0.388768 0.231476 9.9973E-05 0.0412879 0.00721426 0.0458999 0.016746
0.138167 9.9964E-05 0.0548469 0.572269 0.0259273 9.9964E-05 9.9964E-05 0.172066 0.0363244 9.9964E-05
0.15647 9.9973E-05 9.9973E-05 0.640345 0.121789 0.0110972 9.9973E-05 0.00461356 0.0199406 0.045444
0.349332 0.135826 0.0851353 0.137504 9.9982E-05 0.0497405 0.0704264 0.0977706 9.9982E-05 0.0740647
0.422176 0.0180462 9.9982E-05 0.089396 0.139608 9.9982E-05 0.114091 0.0248462 0.00469696 0.18694
0.145244 0.18304 0.00544885 0.0430192 0.108877 9.9982E-05 0.102266 0.232456 9.9982E-05 0.17945
0.492302 0.0702764 9.9982E-05 0.259524 9.9982E-05 0.0122806 0.00459703 0.120566 0.00413545 0.0361196
0.354975 0.047861 9.9973E-05 0.45295 0.0353015 9.9973E-05 0.0197583 0.0755472 9.9973E-05 0.0133066
0.332473 0.0342727 9.9973E-05 0.34083 9.9973E-05 9.9973E-05 0.0106242 0.180077 0.048451 0.0529723
0.504518 0.0477189 9.9964E-05 0.322925 9.9964E-05 0.0235539 9.9964E-05 0.0626429 9.9964E-05 0.0382407
0.198836 0.0962696 9.9964E-05 0.566431 9.9964E-05 0.0579402 0.00636027 9.9964E-05 0.073763 9.9964E-05
0.303695 0.0815047 9.9973E-05 0.185649 0.158942 9.9973E-05 0.109256 0.133601 9.9973E-05 0.0270526
0.0758433 0.111105 0.0386089 0.465283 9.9991E-05 0.0288257 0.112019 0.0626363 0.0381774 0.0674017
0.0933557 0.0740762 9.9982E-05 9.9982E-05 0.102833 0.139569 0.347519 0.0884343 0.00603325 0.14798
0.0115995 0.214866 0.0170249 0.301535 0.13638 0.0545483 0.0918354 0.11871 9.9991E-05 0.0534016
0.0955737 0.00727495 9.9982E-05 0.537665 0.240532 9.9982E-05 0.0163385 0.011096 0.0218483 0.0694715
0.0513168 0.104185 9.9982E-05 0.185009 0.191915 9.9982E-05 0.307208 0.0461204 0.0511074 0.0629392
0.22919 0.0405328 9.9982E-05 0.0322691 0.0115371 0.0687318 0.421369 9.9982E-05 0.0754824 0.120688
0.185235 0.101023 9.9991E-05 0.43565 0.0474661 0.0161604 0.0987159 0.0836316 0.00106915 0.0309484
0.233831 0.246376 0.109485 0.0033075 0.29547 0.00748887 0.0726008 0.00989561 0.01397 0.00757541
0.103355 0.144731 9.9955E-05 0.307168 0.0918315 9.9955E-05 0.352415 9.9955E-05 9.9955E-05 9.9955E-05
0.126162 0.093911 9.9964E-05 0.407598 0.0858729 9.9964E-05 0.185008 9.9964E-05 9.9964E-05 0.101048
9.9973E-05 9.9973E-05 0.194407 0.148692 0.299988 0.170473 0.0994827 0.0323874 0.05427 9.9973E-05
9.9946E-05 9.9946E-05 0.0375476 9.9946E-05 0.596319 0.322398 9.9946E-05 9.9946E-05 0.0431357 9.9946E-05
9.9964E-05 9.9964E-05 0.0840058 9.9964E-05 0.60815 0.164245 0.0688426 9.9964E-05 0.0516218 0.0227351
9.9973E-05 9.9973E-05 0.215986 0.117497 0.322114 0.209805 0.0524979 0.0195891 0.0622111 9.9973E-05
0.00932643 0.0656958 0.0201649 0.552947 9.9955E-05 9.9955E-05 0.351366 9.9955E-05 9.9955E-05 9.9955E-05
0.0998222 0.0178015 0.665953 0.203007 9.9955E-05 9.9955E-05 9.9955E-05 0.0129165 9.9955E-05 9.9955E-05
9.9964E-05 0.0787064 9.9964E-05 0.242122 0.00109898 9.9964E-05 0.51747 9.9964E-05 0.0332904 0.126913
9.9964E-05 0.0425289 0.0155918 0.12215 0.0566424 9.9964E-05 0.547247 9.9964E-05 9.9964E-05 0.21544
0.0295619 0.0509249 9.9955E-05 0.554836 0.0622392 9.9955E-05 0.301939 9.9955E-05 9.9955E-05 9.9955E-05
0.120954 9.9964E-05 9.9964E-05 0.359945 9.9964E-05 0.0694227 0.228661 9.9964E-05 0.000318478 0.220298
0.0280944 9.9973E-05 0.0242218 0.493371 9.9973E-05 0.0313603 0.258089 0.0372627 9.9973E-05 0.127301
0.142281 0.116481 9.9964E-05 0.186662 0.0893388 9.9964E-05 0.391476 9.9964E-05 9.9964E-05 0.0733605
9.9955E-05 0.0431322 0.900729 0.0208761 9.9955E-05 0.0228008 9.9955E-05 9.9955E-05 9.9955E-05 0.0119618
0.0191321 9.9955E-05 0.810707 0.159745 9.9955E-05 9.9955E-05 0.000498668 0.0094174 9.9955E-05 9.9955E-05
9.9946E-05 9.9946E-05 0.643042 0.321059 9.9946E-05 0.0124165 9.9946E-05 9.9946E-05 9.9946E-05 0.0228828
9.9955E-05 0.0312109 0.738513 0.174904 9.9955E-05 9.9955E-05 0.0344654 0.0204063 9.9955E-05 9.9955E-05
9.9928E-05 9.9928E-05 0.992559 9.9928E-05 9.9928E-05 9.9928E-05 9.9928E-05 0.00664202 9.9928E-05 9.9928E-05
0.012851 9.9955E-05 0.92166 9.9955E-05 9.9955E-05 0.042971 0.0102006 0.0118174 9.9955E-05 9.9955E-05
9.9946E-05 9.9946E-05 0.745783 0.231804 9.9946E-05 9.9946E-05 9.9946E-05 9.9946E-05 0.011289 0.0105245
0.0183204 9.9955E-05 0.925746 0.0362529 9.9955E-05 9.9955E-05 9.9955E-05 0.000176833 0.0190039 9.9955E-05
9.99201E-05 9.99201E-05 0.999101 9.99201E-05 9.99201E-05 9.99201E-05 9.99201E-05 9.99201E-05 9.99201E-05 9.99201E-05
9.99201E-05 9.99201E-05 0.999101 9.99201E-05 9.99201E-05 9.99201E-05 9.99201E-05 9.99201E-05 9.99201E-05 9.99201E-05
0.036331 9.9955E-05 0.665441 0.22655 9.9955E-05 0.0300466 9.9955E-05 9.9955E-05 0.0411313 9.9955E-05
0.0631298 9.9955E-05 0.704074 0.133045 0.0725485 9.9955E-05 9.9955E-05 9.9955E-05 0.0267031 9.9955E-05
9.9937E-05 0.0113684 0.955598 9.9937E-05 9.9937E-05 9.9937E-05 9.9937E-05 9.9937E-05 0.0323341 9.9937E-05
9.9955E-05 9.9955E-05 0.652491 0.237268 0.0228664 9.9955E-05 9.9955E-05 0.0244246 0.0624506 9.9955E-05
9.9964E-05 0.0544797 0.865391 0.0143192 0.025782 9.9964E-05 0.0070596 9.9964E-05 0.0325682 9.9964E-05
9.9955E-05 0.0135964 0.937289 9.9955E-05 0.00478702 9.9955E-05 9.9955E-05 0.018426 0.0254022 9.9955E-05
9.9955E-05 9.9955E-05 0.7722 0.0839858 0.0779669 0.047523 9.9955E-05 9.9955E-05 0.0178245 9.9955E-05
9.9928E-05 9.9928E-05 0.953432 9.9928E-05 9.9928E-05 9.9928E-05 9.9928E-05 9.9928E-05 0.0457684 9.9928E-05
0.0413089 0.0625584 0.51123 0.250109 0.0163932 0.118001 9.9964E-05 9.9964E-05 9.9964E-05 9.9964E-05
0.0165138 0.0217257 0.829449 0.0386 0.0265346 0.0287901 9.9991E-05 0.00401974 0.0268725 0.00739433
9.9946E-05 9.9946E-05 0.0106984 9.9946E-05 0.275953 0.171017 0.541733 9.9946E-05 9.9946E-05 9.9946E-05
0.0549235 0.027304 0.0105239 0.376205 0.101865 0.0938464 0.156978 0.134528 0.0437254 9.9991E-05
0.0106509 0.00616985 0.0990349 0.360174 0.0881347 0.169599 0.21907 0.0469671 9.9982E-05 9.9982E-05
0.0350691 0.0273247 0.0724181 0.145625 0.200636 0.154872 0.250269 0.0312819 0.0607452 0.0217587
0.072036 0.103082 0.132303 0.0765808 0.209095 0.134575 0.265032 9.9982E-05 0.00709664 9.9982E-05
9.9973E-05 0.0393094 0.181936 0.243732 0.103799 0.0842012 0.334896 9.9973E-05 9.9973E-05 0.0118263
0.0539288 9.9973E-05 0.0982548 0.400987 9.9973E-05 0.0389879 0.216151 9.9973E-05 0.149799 0.0415915
9.9973E-05 9.9973E-05 0.163166 0.29036 0.0999024 0.0935168 0.323776 9.9973E-05 0.0276847 0.00129425
9.9964E-05 0.00642646 9.9964E-05 0.0310906 0.0541782 0.801526 0.0486565 0.0577223 9.9964E-05 9.9964E-05
9.9955E-05 9.9955E-05 0.053785 9.9955E-05 0.0517699 0.786725 9.9955E-05 9.9955E-05 0.0867904 0.0204303
9.9946E-05 0.0245801 9.9946E-05 9.9946E-05 0.110652 0.813665 9.9946E-05 9.9946E-05 0.0505033 9.9946E-05
9.9946E-05 9.9946E-05 9.9946E-05 9.9946E-05 0.0543918 0.889521 9.9946E-05 0.0129093 0.0425781 9.9946E-05
0.0253907 9.9955E-05 9.9955E-05 0.018335 0.116151 0.714349 9.9955E-05 9.9955E-05 0.125275 9.9955E-05
9.9955E-05 9.9955E-05 0.0480773 0.0123127 0.0937138 0.787236 9.9955E-05 9.9955E-05 0.0581603 9.9955E-05
9.9955E-05 9.9955E-05 0.037208 0.0393958 9.9955E-05 0.874141 9.9955E-05 0.0154329 0.0333228 9.9955E-05
9.9955E-05 9.9955E-05 9.9955E-05 9.9955E-05 0.0872094 0.807176 0.0165881 9.9955E-05 0.0313665 0.0571602
9.9964E-05 0.0345812 0.00545529 0.000571481 9.9964E-05 0.849404 9.9964E-05 9.9964E-05 0.00640622 0.103182
0.00968803 9.9964E-05 0.0416336 0.014824 0.109685 0.808049 9.9964E-05 9.9964E-05 0.0157206 9.9964E-05
0.22722 0.0593951 9.9964E-05 9.9964E-05 9.9964E-05 0.54478 9.9964E-05 0.0575214 0.0701611 0.0405226
0.160237 0.00612893 9.9964E-05 9.9964E-05 0.0216828 0.541464 9.9964E-05 0.220394 0.0496931 9.9964E-05
0.246238 9.9973E-05 9.9973E-05 9.9973E-05 0.0619443 0.472174 0.0288819 0.0945197 0.0227766 0.073166
0.36867 0.0251437 9.9955E-05 9.9955E-05 9.9955E-05 0.464597 0.0610763 0.0800131 9.9955E-05 9.9955E-05
0.140976 0.222444 9.9964E-05 0.528837 9.9964E-05 0.0697665 9.9964E-05 0.0186611 9.9964E-05 0.0189165
0.187689 0.0146669 0.00110844 0.546554 9.9982E-05 0.0206715 0.157532 0.061358 9.9982E-05 0.0102204
0.231155 0.100513 9.9964E-05 0.462451 0.0673704 9.9964E-05 9.9964E-05 0.128582 0.0095285 9.9964E-05
0.439825 0.0652136 9.9973E-05 0.134801 9.9973E-05 0.0194062 0.0479563 0.279003 9.9973E-05 0.0134947
0.0626443 0.202566 0.0394663 0.598918 9.9973E-05 0.0216912 0.00947622 9.9973E-05 9.9973E-05 0.0649379
0.178159 0.11727 9.9964E-05 0.637202 9.9964E-05 0.025545 9.9964E-05 0.0319646 0.00945934 9.9964E-05
9.9973E-05 0.277213 9.9973E-05 0.551341 0.0280541 0.0158567 0.0243964 0.077574 9.9973E-05 0.0252649
9.9955E-05 0.550155 0.0547648 0.340206 9.9955E-05 9.9955E-05 0.0347262 9.9955E-05 9.9955E-05 0.0196482
0.106995 0.246875 9.9955E-05 0.497178 9.9955E-05 0.0503305 9.9955E-05 0.0981221 9.9955E-05 9.9955E-05
0.0874529 0.720919 9.9955E-05 9.9955E-05 0.0143929 9.9955E-05 0.0298592 9.9955E-05 9.9955E-05 0.146876
0.000502589 0.577629 9.9964E-05 0.241356 0.102184 9.9964E-05 9.9964E-05 0.0142834 9.9964E-05 0.0636448
9.9964E-05 0.287598 9.9964E-05 0.577562 0.0416404 9.9964E-05 9.9964E-05 0.00542188 0.0266356 0.0607427
0.225983 0.496991 9.9955E-05 0.16737 9.9955E-05 0.0171061 9.9955E-05 0.0920503 9.9955E-05 9.9955E-05
9.9955E-05 9.9955E-05 9.9955E-05 0.00574489 0.033826 0.0469275 0.0380468 0.874955 9.9955E-05 9.9955E-05
9.9946E-05 9.9946E-05 9.9946E-05 0.0313073 9.9946E-05 0.0239691 0.0284671 0.915657 9.9946E-05 9.9946E-05
9.9937E-05 9.9937E-05 9.9937E-05 9.9937E-05 9.9937E-05 9.9937E-05 0.0022818 0.972201 9.9937E-05 0.0248176
9.9937E-05 9.9937E-05 9.9937E-05 9.9937E-05 9.9937E-05 0.0406992 9.9937E-05 0.949395 9.9937E-05 0.00920661
9.9946E-05 9.9946E-05 0.0376953 9.9946E-05 9.9946E-05 9.9946E-05 0.0378468 0.862725 9.9946E-05 0.0611333
9.9937E-05 9.9937E-05 9.9937E-05 0.0664091 0.051509 9.9937E-05 9.9937E-05 0.881382 9.9937E-05 9.9937E-05
9.9964E-05 0.0257393 0.012566 0.085312 0.0401298 0.784532 9.9964E-05 9.9964E-05 0.0513213 9.9964E-05
0.0655063 9.9964E-05 0.00284229 0.0681561 0.112653 0.746603 9.9964E-05 0.0038401 9.9964E-05 9.9964E-05
0.00391912 9.9964E-05 0.135554 0.0868514 9.9964E-05 0.701535 9.9964E-05 0.0476047 0.0241354 9.9964E-05
9.9955E-05 9.9955E-05 0.0871493 0.133801 9.9955E-05 0.746222 9.9955E-05 0.00697784 0.02535 9.9955E-05
0.0117866 9.9964E-05 0.0152929 0.147232 0.0402514 0.769166 0.0158712 9.9964E-05 9.9964E-05 9.9964E-05
0.108407 0.101981 9.9964E-05 9.9964E-05 0.0331802 0.306469 9.9964E-05 0.447277 0.00228646 9.9964E-05
9.9964E-05 0.0143947 9.9964E-05 9.9964E-05 0.0580812 0.386257 9.9964E-05 0.389974 0.034214 0.11668
9.9955E-05 0.0624941 9.9955E-05 9.9955E-05 9.9955E-05 0.390591 9.9955E-05 0.397108 0.0268761 0.122431
9.99201E-05 9.99201E-05 9.99201E-05 9.99201E-05 9.99201E-05 9.99201E-05 9.99201E-05 9.99201E-05 0.999101 9.99201E-05
0.0477481 0.129521 9.9964E-05 9.9964E-05 0.029202 0.320464 9.9964E-05 0.421587 0.0510783 9.9964E-05
9.9955E-05 9.9955E-05 0.267188 0.368296 0.261254 0.0862286 9.9955E-05 0.0165339 9.9955E-05 9.9955E-05
9.9946E-05 9.9946E-05 0.206397 0.56015 9.9946E-05 0.192788 9.9946E-05 9.9946E-05 0.0400645 9.9946E-05
9.9973E-05 0.02961 0.156165 0.376162 0.191837 0.143809 0.0573475 0.0447687 9.9973E-05 9.9973E-05
9.9964E-05 9.9964E-05 0.270061 9.9964E-05 0.36531 0.226843 0.114502 9.9964E-05 0.0100495 0.0128343
0.248061 0.0881159 9.9964E-05 0.426747 9.9964E-05 9.9964E-05 0.040265 0.176424 9.9964E-05 0.0199872
0.212044 0.0338835 9.9973E-05 0.385285 0.0380081 9.9973E-05 0.0528844 0.109225 9.9973E-05 0.168371
0.582735 9.9955E-05 9.9955E-05 0.254985 9.9955E-05 0.0437096 9.9955E-05 0.104181 0.0138898 9.9955E-05
0.139209 0.131844 9.9973E-05 0.457916 0.0528019 9.9973E-05 9.9973E-05 0.0559232 0.00879903 0.153206
0.228042 0.348353 9.9955E-05 9.9955E-05 0.241743 9.9955E-05 9.9955E-05 0.0121668 9.9955E-05 0.169195
0.170501 0.123965 9.9973E-05 0.434926 0.0165002 9.9973E-05 9.9973E-05 0.0761092 0.0339992 0.143699
0.49118 0.0316723 9.9982E-05 0.218456 9.9982E-05 0.0353312 0.069133 0.0479439 0.0326353 0.073448
0.503116 0.124813 9.9964E-05 0.0212538 0.183415 9.9964E-05 0.0760411 9.9964E-05 9.9964E-05 0.0909614
0.187922 9.9973E-05 0.0610593 0.367141 0.0765675 9.9973E-05 0.12638 0.0318482 9.9973E-05 0.148782
0.218545 0.0515437 0.0155598 0.479663 0.10237 9.9964E-05 9.9964E-05 0.131918 9.9964E-05 9.9964E-05
9.9964E-05 0.153361 0.0738556 0.496881 0.0705073 0.149283 9.9964E-05 0.0557134 9.9964E-05 9.9964E-05
0.402974 0.0409579 9.9973E-05 0.295649 0.0813781 9.9973E-05 0.10994 0.0140289 9.9973E-05 0.054772
0.322798 0.0789867 9.9964E-05 0.408992 0.0754488 9.9964E-05 9.9964E-05 0.0563176 9.9964E-05 0.0570573
0.146331 0.0688072 0.00511288 0.540879 0.0575568 0.0203317 0.152658 9.9982E-05 9.9982E-05 0.00812337
0.123262 0.126666 9.9973E-05 0.57437 0.0573183 9.9973E-05 0.0381092 0.0746454 9.9973E-05 0.0053287
0.0160357 0.11621 0.0104091 0.598932 0.048989 0.0535216 9.9991E-05 0.0839175 0.0119328 0.0599519
9.9937E-05 9.9937E-05 0.0392975 0.170967 9.9937E-05 0.789036 9.9937E-05 9.9937E-05 9.9937E-05 9.9937E-05
9.9946E-05 9.9946E-05 0.00979695 0.130637 9.9946E-05 0.855051 9.9946E-05 9.9946E-05 9.9946E-05 0.00391506
0.0055292 9.9964E-05 0.00331589 0.0754243 0.052954 0.80067 9.9964E-05 9.9964E-05 9.9964E-05 0.0617064
9.9964E-05 0.0323825 0.0375121 0.0169471 9.9964E-05 0.77325 9.9964E-05 0.0465161 9.9964E-05 0.0929921
9.9955E-05 9.9955E-05 0.0262106 0.0689067 9.9955E-05 0.782458 0.0861328 9.9955E-05 0.0357923 9.9955E-05
0.631337 9.9973E-05 0.0133511 0.152639 0.0400003 0.0250506 0.0128752 0.124447 9.9973E-05 9.9973E-05
0.169464 0.0397772 0.095607 0.556691 0.0223996 9.9991E-05 0.00655616 0.0408331 0.00768217 0.06089
0.23824 0.113506 9.9964E-05 0.484962 0.0120606 0.0347358 9.9964E-05 0.116095 9.9964E-05 9.9964E-05
0.40261 9.9973E-05 0.0389453 0.154449 0.091519 9.9973E-05 0.103597 0.0365655 9.9973E-05 0.172013
0.620457 0.0921067 9.9964E-05 9.9964E-05 0.0640309 0.0564828 9.9964E-05 0.1424 0.0241229 9.9964E-05
0.180929 0.12472 0.0268001 0.411704 9.9982E-05 0.0128091 9.9982E-05 0.17625 0.0271641 0.0394237
0.428645 9.99753E-05 0.00534934 0.14834 9.99753E-05 0.0622411 9.99753E-05 0.205774 0.0142215 0.135128
0.203552 0.149758 0.0442214 0.268063 0.0327662 0.0716217 0.136126 0.0620818 9.9991E-05 0.0317106
0.517115 0.00682255 9.9982E-05 0.0774456 9.9982E-05 0.158097 0.097904 0.07484 0.0191903 0.0483858
0.628921 0.0274805 9.9973E-05 0.152603 9.9973E-05 0.0455321 0.0423192 0.0795031 0.0233417 9.9973E-05
0.357241 0.0147137 0.0273961 0.29836 9.9991E-05 0.0291862 0.0201596 0.0325542 0.0559233 0.164366
0.0118345 9.9964E-05 9.9964E-05 0.15013 9.9964E-05 0.0585133 0.607769 0.0369982 9.9964E-05 0.134355
0.0517581 0.0541842 0.045876 0.448776 0.0194249 0.0561149 0.303071 0.010406 9.9991E-05 0.0102887
0.0857718 0.0312703 9.9982E-05 0.233687 0.0703667 9.9982E-05 0.524581 0.0241842 0.00942545 0.0205131
0.0155916 0.00785958 9.9982E-05 0.505617 9.9982E-05 0.037028 0.214628 0.0739177 0.0421785 0.10298
0.0709649 0.10285 9.9973E-05 0.00654377 0.0562706 9.9973E-05 0.648907 0.0703919 9.9973E-05 0.0437723
9.9964E-05 0.0693784 9.9964E-05 0.152558 0.104866 9.9964E-05 0.57447 0.0488723 9.9964E-05 0.0494553
9.9964E-05 9.9964E-05 9.9964E-05 0.439499 0.0303321 9.9964E-05 0.353914 0.0919218 0.0341153 0.0498174
0.0332295 0.138526 9.9982E-05 0.0162188 0.00313909 9.9982E-05 0.580194 0.0546538 0.0096913 0.164147
0.28915 0.0539759 9.9964E-05 0.328749 0.0125651 9.9964E-05 0.303045 0.0121149 9.9964E-05 9.9964E-05
0.623417 0.0801248 0.0146974 0.0267511 0.0561521 9.9964E-05 9.9964E-05 0.198458 9.9964E-05 9.9964E-05
0.427833 0.0958196 9.9964E-05 0.26252 0.053085 9.9964E-05 9.9964E-05 0.0666007 9.9964E-05 0.0937419
0.337523 0.0675307 0.0818722 0.308412 9.9982E-05 0.00479512 9.9982E-05 0.149324 0.00852521 0.0418185
0.130978 0.025576 9.9991E-05 0.588542 0.0662811 0.0130106 0.0356252 0.121775 0.00574359 0.0123677
0.441497 0.122868 0.0132316 0.218226 9.9973E-05 9.9973E-05 0.064429 0.11504 0.0244083 9.9973E-05
0.298527 0.0202626 0.0553334 0.493235 9.9973E-05 9.9973E-05 9.9973E-05 0.0743404 0.0210493 0.0369523
0.260884 0.158262 0.00482396 0.438919 9.9964E-05 0.0429693 9.9964E-05 0.0937422 9.9964E-05 9.9964E-05
0.492026 0.075701 0.0470959 0.20121 0.0636418 9.9973E-05 9.9973E-05 0.088921 9.9973E-05 0.0311044
0.291661 0.00172928 0.109979 0.220748 9.9973E-05 9.9973E-05 0.0279183 0.237357 9.9973E-05 0.110307
0.1831 0.0783459 0.0153672 0.532964 0.0477671 9.9973E-05 9.9973E-05 0.103227 9.9973E-05 0.038929
0.198739 9.9964E-05 9.9964E-05 0.434639 0.137089 9.9964E-05 9.9964E-05 0.0659104 0.0438262 0.119398
0.0818395 0.0234086 0.0757307 0.471011 0.0505067 9.9973E-05 9.9973E-05 0.205919 9.9973E-05 0.0912839
0.312069 0.00814927 9.9973E-05 0.320227 0.078641 0.0732072 9.9973E-05 0.139297 0.0681092 9.9973E-05
0.219718 9.9964E-05 0.101311 0.492069 9.9964E-05 9.9964E-05 0.00752669 0.158929 9.9964E-05 0.0200464
0.0341254 9.9973E-05 0.0990796 0.382142 0.0770922 0.247276 0.0814553 9.9973E-05 0.0785298 9.9973E-05
9.9973E-05 0.00772429 0.0518396 0.536084 0.306496 0.0328084 9.9973E-05 9.9973E-05 0.0523625 0.0123858
0.0358967 0.0704089 0.0571111 0.593448 0.0695609 9.9982E-05 9.9982E-05 0.0904132 0.0440695 0.0388912
0.106629 0.0426409 0.158348 0.436619 0.122792 0.057105 9.9973E-05 9.9973E-05 0.0755656 9.9973E-05
0.237046 0.00639307 9.9982E-05 0.495009 0.0500474 9.9982E-05 0.102484 0.0166987 0.00510191 0.0870198
0.162964 0.178425 0.0121695 0.12756 0.444465 0.0740163 9.9964E-05 9.9964E-05 9.9964E-05 9.9964E-05
0.110651 0.0417023 0.119946 0.525487 0.0695533 0.0447037 0.0507019 0.0370556 9.9982E-05 9.9982E-05
0.207415 9.9982E-05 0.175285 0.429735 0.0881965 0.0162412 9.9982E-05 0.0531073 0.025561 0.00425823
0.145703 0.0674752 0.127318 0.191296 0.235719 0.0218721 0.0827015 0.087594 0.0402211 9.9991E-05
9.9982E-05 9.9982E-05 0.0972671 0.498566 0.140596 0.105161 0.0400732 0.0443565 0.0514219 0.0223585
9.9955E-05 0.0583117 0.131239 9.9955E-05 0.579866 0.18435 9.9955E-05 9.9955E-05 0.0457332 9.9955E-05
9.9964E-05 9.9964E-05 0.107516 0.545435 0.109046 0.225735 9.9964E-05 9.9964E-05 0.00999469 0.00187292
0.0783236 0.0414383 0.0783416 0.484381 9.9982E-05 0.152188 0.100347 0.0111782 0.0536026 9.9982E-05
0.0707469 0.109861 0.0333023 0.381636 9.9982E-05 0.0165311 0.0047841 9.9982E-05 0.0576312 0.325308
0.0994891 0.0322192 9.9946E-05 9.9946E-05 9.9946E-05 9.9946E-05 0.0539029 9.9946E-05 9.9946E-05 0.813789
9.99459E-05 0.0407986 9.99459E-05 9.99459E-05 9.99459E-05 9.99459E-05 0.065544 0.0536297 9.99459E-05 0.839428
9.9973E-05 9.9973E-05 0.22941 0.413012 0.132005 0.0787942 0.0529735 0.0398933 9.9973E-05 0.0536125
9.9964E-05 9.9964E-05 0.249703 0.349263 0.154955 0.0388717 9.9964E-05 9.9964E-05 0.0215698 0.185238
0.0320812 9.9982E-05 0.189176 0.236659 0.302747 0.0999387 0.00812435 9.9982E-05 0.00460018 0.126474
9.9973E-05 9.9973E-05 0.193112 0.345814 0.176525 0.0837178 9.9973E-05 0.00963505 0.048536 0.14236
9.9946E-05 9.9946E-05 0.0535115 0.0706451 0.190492 9.9946E-05 9.9946E-05 9.9946E-05 9.9946E-05 0.684752
9.9955E-05 9.9955E-05 0.0104627 0.173908 0.199396 9.9955E-05 9.9955E-05 9.9955E-05 0.0524868 0.563246
9.9946E-05 9.9946E-05 0.108736 0.471245 9.9946E-05 9.9946E-05 9.9946E-05 0.0165348 9.9946E-05 0.402884
9.9946E-05 9.9946E-05 0.0896592 0.455348 9.9946E-05 0.052992 9.9946E-05 9.9946E-05 9.9946E-05 0.401401
9.9964E-05 9.9964E-05 0.0708194 0.146933 0.0356839 0.0255851 9.9964E-05 9.9964E-05 0.023365 0.697214
0.122487 0.0411844 0.0300742 0.462079 0.0783907 0.0284282 9.9982E-05 9.9982E-05 0.010164 0.226993
9.9946E-05 9.9946E-05 0.0305848 0.518126 9.9946E-05 0.108904 9.9946E-05 9.9946E-05 9.9946E-05 0.341786
0.0644844 0.0367345 9.9964E-05 0.327769 9.9964E-05 9.9964E-05 9.9964E-05 0.0385734 0.0294362 0.502602
0.133579 9.9973E-05 0.010677 0.344813 9.9973E-05 9.9973E-05 0.0237951 0.00443161 0.0752216 0.407183
9.9973E-05 0.0425563 0.0358504 0.330447 9.9973E-05 9.9973E-05 0.0291832 0.117225 0.0590528 0.385385
0.0447775 9.9946E-05 9.9946E-05 0.435946 9.9946E-05 9.9946E-05 0.152188 9.9946E-05 9.9946E-05 0.366489
9.9955E-05 0.00601343 9.9955E-05 0.218267 9.9955E-05 9.9955E-05 0.00923175 0.0895871 9.9955E-05 0.676401
9.9955E-05 0.026601 9.9955E-05 0.621619 0.038216 0.0180402 9.9955E-05 9.9955E-05 9.9955E-05 0.295024
0.0961754 0.0381488 9.9964E-05 0.207721 9.9964E-05 0.0254925 9.9964E-05 0.00815422 9.9964E-05 0.623908
9.9973E-05 0.0518007 0.0438634 0.339993 9.9973E-05 9.9973E-05 0.0182228 0.0395064 0.0271679 0.479146
9.9982E-05 0.00105641 0.0913373 0.446914 0.185341 0.102873 0.115135 0.0245532 0.0325909 9.9982E-05
0.0023525 9.9991E-05 0.0491327 0.442437 0.107572 0.144399 0.0677394 0.0986628 0.0367135 0.0508912
9.9964E-05 9.9964E-05 0.131519 9.9964E-05 0.0541037 0.162521 9.9964E-05 0.0108691 0.051659 0.588928
9.9973E-05 9.9973E-05 0.185335 0.547752 0.0604103 9.9973E-05 0.0632129 0.0598024 0.0286366 0.0545504
9.9955E-05 9.9955E-05 0.0608341 9.9955E-05 0.265056 0.236835 9.9955E-05 9.9955E-05 0.0366349 0.40014
9.9946E-05 9.9946E-05 0.144815 0.534651 9.9946E-05 0.110261 9.9946E-05 9.9946E-05 9.9946E-05 0.209673
9.9937E-05 0.111732 9.9937E-05 0.0156047 9.9937E-05 9.9937E-05 9.9937E-05 9.9937E-05 9.9937E-05 0.871964
0.0657062 0.0462224 9.9946E-05 9.9946E-05 9.9946E-05 9.9946E-05 0.00406286 9.9946E-05 9.9946E-05 0.883409
0.0720426 9.9937E-05 9.9937E-05 0.462816 9.9937E-05 9.9937E-05 9.9937E-05 9.9937E-05 9.9937E-05 0.464442
9.9946E-05 9.9946E-05 0.0386516 0.632808 9.9946E-05 9.9946E-05 9.9946E-05 9.9946E-05 0.0583885 0.269552
0.0325288 9.9955E-05 9.9955E-05 0.33286 9.9955E-05 9.9955E-05 0.0335611 9.9955E-05 0.00130713 0.599243
9.9937E-05 0.0117606 9.9937E-05 0.50616 9.9937E-05 9.9937E-05 9.9937E-05 9.9937E-05 9.9937E-05 0.48138
9.9937E-05 9.9937E-05 9.9937E-05 0.483071 9.9937E-05 9.9937E-05 9.9937E-05 0.00025626 9.9937E-05 0.515973
9.9964E-05 9.9964E-05 0.0353322 0.0583336 9.9964E-05 0.675327 0.0741381 9.9964E-05 0.0792865 0.0771822
0.085208 0.0372862 0.0998478 9.9973E-05 0.00102726 0.63782 9.9973E-05 0.0920182 0.0464927 9.9973E-05
0.0229942 9.9955E-05 0.0819425 9.9955E-05 9.9955E-05 0.856162 9.9955E-05 0.0161859 0.0222159 9.9955E-05
9.9955E-05 9.9955E-05 9.9955E-05 0.0200619 0.0389297 0.778265 9.9955E-05 9.9955E-05 0.138351 0.0238933
0.0770572 0.2917 9.9982E-05 0.477283 9.9982E-05 0.0435319 0.0214499 0.00761952 0.0310234 0.0501346
0.154051 0.304682 9.9946E-05 0.493584 9.9946E-05 9.9946E-05 9.9946E-05 9.9946E-05 0.047083 9.9946E-05
0.0461561 0.481282 0.0177474 0.206596 9.9973E-05 0.0703092 0.0924058 0.0852033 9.9973E-05 9.9973E-05
0.0601491 0.212883 0.0228875 0.689651 9.9955E-05 9.9955E-05 9.9955E-05 9.9955E-05 0.0139295 9.9955E-05
9.9955E-05 0.554078 9.9955E-05 0.273335 9.9955E-05 9.9955E-05 0.133787 9.9955E-05 0.0263361 0.0119645
9.9964E-05 9.9964E-05 0.110767 0.538794 0.02607 0.242216 9.9964E-05 0.0686923 0.0130611 9.9964E-05
9.9955E-05 0.288672 9.9955E-05 0.4807 0.169651 9.9955E-05 9.9955E-05 0.0188655 9.9955E-05 0.0416124
0.00698914 0.447726 9.9955E-05 0.373318 9.9955E-05 9.9955E-05 9.9955E-05 0.155074 0.0163942 9.9955E-05
0.10449 0.212169 0.0140847 0.571115 0.00347574 9.9982E-05 9.9982E-05 0.0214333 0.0183635 0.0546683
0.0463769 0.34764 9.9973E-05 0.435789 9.9973E-05 0.0173678 9.9973E-05 0.0691277 0.0409392 0.0424598
9.9955E-05 0.335264 9.9955E-05 0.54336 0.0216623 9.9955E-05 0.000629123 9.9955E-05 9.9955E-05 0.0985845
9.9946E-05 0.931992 9.9946E-05 0.0384719 9.9946E-05 9.9946E-05 9.9946E-05 9.9946E-05 0.0112708 0.0176661
0.106495 0.442375 9.9964E-05 0.291145 9.9964E-05 9.9964E-05 0.0644014 9.9964E-05 0.00821579 0.0869677
0.0220734 0.608014 0.0423075 0.295756 0.0313492 9.9955E-05 9.9955E-05 9.9955E-05 9.9955E-05 9.9955E-05
9.9928E-05 0.8947 9.9928E-05 9.9928E-05 0.104501 9.9928E-05 9.9928E-05 9.9928E-05 9.9928E-05 9.9928E-05
0.165717 0.23044 0.0481203 0.465699 9.9973E-05 0.00439892 9.9973E-05 9.9973E-05 0.0175192 0.0678059
9.9964E-05 0.46727 9.9964E-05 0.0714382 0.123128 9.9964E-05 0.30402 0.00668797 9.9964E-05 0.0270566
9.9937E-05 0.849184 9.9937E-05 9.9937E-05 0.128004 9.9937E-05 9.9937E-05 9.9937E-05 9.9937E-05 0.0221126
0.00256332 0.255273 0.0542142 0.546648 0.0574292 9.9991E-05 0.00138078 0.0414327 0.0231791 0.0177789
0.145119 0.498977 0.017303 0.247146 9.99639E-05 0.0493446 9.99639E-05 0.0417108 9.99639E-05 9.99639E-05
0.20207 0.153538 0.0462468 0.471794 9.9973E-05 0.0485921 0.0722482 0.00521066 9.9973E-05 9.9973E-05
9.9973E-05 0.348054 9.9973E-05 0.44145 0.039327 0.056505 0.0497169 0.0623247 0.0023222 9.9973E-05
0.182587 0.0601496 9.9973E-05 0.41193 0.132319 9.9973E-05 9.9973E-05 0.12234 0.018209 0.0721658
9.9955E-05 0.330512 0.0622568 0.540369 9.9955E-05 9.9955E-05 0.000568852 0.0657931 9.9955E-05 9.9955E-05
0.148582 0.292903 0.0285896 0.482134 0.0287167 0.00838134 9.9973E-05 9.9973E-05 0.0103939 9.9973E-05
9.9946E-05 0.615642 9.9946E-05 0.314927 9.9946E-05 9.9946E-05 0.0491907 9.9946E-05 9.9946E-05 0.0196413
0.179381 9.9946E-05 9.9946E-05 9.9946E-05 9.9946E-05 0.624649 9.9946E-05 0.126746 0.0686246 9.9946E-05
0.112599 0.0657625 9.9955E-05 9.9955E-05 0.050391 0.670618 9.9955E-05 9.9955E-05 0.10013 9.9955E-05
0.100183 0.0413222 9.9973E-05 9.9973E-05 0.00226836 0.680876 9.9973E-05 0.0337942 0.138081 0.00317624
9.9955E-05 9.9955E-05 9.9955E-05 9.9955E-05 0.0272082 0.689622 9.9955E-05 0.126147 0.0969256 0.0595977
0.0887598 9.9964E-05 9.9964E-05 0.0341897 9.9964E-05 0.676153 0.0554182 0.0961441 0.0489358 9.9964E-05
0.179221 0.532693 0.00103902 0.184236 9.9964E-05 0.0395574 9.9964E-05 0.0628549 9.9964E-05 9.9964E-05
0.109755 0.538664 9.9973E-05 0.158812 9.9973E-05 0.04246 0.118465 0.00826488 0.0232785 9.9973E-05
9.9946E-05 0.744665 9.9946E-05 0.205469 9.9946E-05 9.9946E-05 0.0489864 9.9946E-05 9.9946E-05 0.00028011
9.9964E-05 0.423343 9.9964E-05 0.371039 0.0446352 9.9964E-05 0.102753 0.0571254 9.9964E-05 0.000704924
0.010266 0.344622 0.0913709 0.504703 9.9973E-05 0.0301393 9.9973E-05 0.000970426 0.0176282 9.9973E-05
9.9964E-05 0.448221 0.0164625 0.349535 0.00859569 0.125135 0.0516505 9.9964E-05 9.9964E-05 9.9964E-05
0.0949331 0.261048 9.9964E-05 0.517986 0.0309853 9.9964E-05 0.0842478 9.9964E-05 9.9964E-05 0.0104002
0.0744702 0.550578 0.0696771 0.196001 9.9964E-05 9.9964E-05 0.014435 0.0944395 9.9964E-05 9.9964E-05
0.0475475 0.497488 9.9955E-05 0.369038 9.9955E-05 0.0215401 9.9955E-05 0.0638867 9.9955E-05 9.9955E-05
0.242953 0.426427 9.99549E-05 0.269077 9.99549E-05 9.99549E-05 0.024508 0.0365357 9.99549E-05 9.99549E-05
0.0720513 9.9964E-05 9.9964E-05 0.535105 9.9964E-05 0.0904433 0.213819 0.05973 0.0284516 9.9964E-05
0.0748237 0.405043 9.9955E-05 0.483387 9.9955E-05 0.0152547 9.9955E-05 9.9955E-05 0.0209918 9.9955E-05
0.0285054 0.242178 9.9982E-05 0.46978 9.9982E-05 0.0178241 0.0696958 0.0985983 0.0240663 0.0491514
9.9973E-05 9.9973E-05 0.335561 0.476302 0.00771059 0.110791 0.0602582 0.00836082 0.000717078 9.9973E-05
9.9964E-05 9.9964E-05 0.3533 0.36812 0.118756 0.0470191 9.9964E-05 9.9964E-05 0.0837958 0.0286095
9.9964E-05 0.202211 0.0339513 0.365066 0.00258634 0.0434133 0.352371 9.9964E-05 9.9964E-05 9.9964E-05
9.9964E-05 9.9964E-05 0.559633 0.0958396 0.0669079 0.154727 9.9964E-05 9.9964E-05 0.0878508 0.0346416
9.9973E-05 0.0320494 0.40351 0.335378 0.0447939 0.136154 9.9973E-05 0.0123147 0.0355 9.9973E-05
9.9973E-05 0.0730213 0.125246 0.320857 0.0939239 0.0923656 0.239147 9.9973E-05 0.0551395 9.9973E-05
0.0828124 9.9964E-05 0.0550572 0.437705 9.9964E-05 0.0377938 0.349308 9.9964E-05 0.0369234 9.9964E-05
0.0837462 0.0152779 0.0297731 0.360334 9.9982E-05 0.0381517 0.346639 0.0917114 0.0341668 9.9982E-05
9.9955E-05 9.9955E-05 0.329523 0.371547 0.141126 0.0984478 9.9955E-05 9.9955E-05 0.0588561 9.9955E-05
9.9964E-05 9.9964E-05 0.411369 0.443814 0.0151725 0.0957023 9.9964E-05 0.0183359 0.0152064 9.9964E-05
0.0134756 9.9964E-05 0.40369 0.356686 0.0815691 0.137736 9.9964E-05 0.00644363 9.9964E-05 9.9964E-05
9.9973E-05 0.0475761 0.470435 0.199992 0.0853207 0.0847289 9.9973E-05 9.9973E-05 0.0648682 0.0467791
9.9955E-05 9.9955E-05 9.9955E-05 0.478825 9.9955E-05 0.00942601 0.440316 0.0330076 0.0379255 9.9955E-05
9.9964E-05 9.9964E-05 0.558403 0.172242 0.0769283 0.144912 9.9964E-05 0.0206376 0.026477 9.9964E-05
0.147404 9.9964E-05 9.9964E-05 0.051339 9.9964E-05 0.135318 0.553272 0.108363 0.0039043 9.9964E-05
0.0617229 9.99488E-05 0.142768 0.373119 9.99488E-05 9.99488E-05 0.421791 9.99488E-05 9.99488E-05 9.99488E-05
0.149137 9.9964E-05 0.00437689 0.497346 9.9964E-05 0.00745476 0.260289 9.9964E-05 0.0809968 9.9964E-05
9.9946E-05 9.9946E-05 9.9946E-05 0.40951 9.9946E-05 0.132917 0.403621 9.9946E-05 0.0533519 9.9946E-05
0.0747369 0.101496 0.15058 0.327709 0.0710084 0.180393 0.0110615 0.0182318 0.0386411 0.026142
0.0226993 9.9973E-05 0.068838 0.516487 0.156304 0.191071 9.9973E-05 9.9973E-05 0.0363229 0.00797824
9.9946E-05 9.9946E-05 0.51113 0.222182 0.10041 0.165678 9.9946E-05 9.9946E-05 9.9946E-05 9.9946E-05
0.0296447 0.0208745 9.9964E-05 0.428121 9.9964E-05 0.0622592 0.401632 9.9964E-05 0.057069 9.9964E-05
9.9973E-05 9.9973E-05 0.0988112 0.00148539 0.0732522 9.9973E-05 0.651808 0.0557077 0.0592128 0.0594231
0.330022 0.0985631 0.0342306 0.193362 0.00537837 0.103797 0.161448 0.0329605 9.9991E-05 0.0401383
9.9982E-05 0.118152 0.0702721 0.371648 0.254503 0.0519476 9.9982E-05 0.0424493 0.0290191 0.061809
9.9937E-05 9.9937E-05 9.9937E-05 0.0980426 0.869375 9.9937E-05 9.9937E-05 0.031883 9.9937E-05 9.9937E-05
9.99369E-05 9.99369E-05 9.99369E-05 0.0572416 0.866224 9.99369E-05 0.0758345 9.99369E-05 9.99369E-05 9.99369E-05
0.0170083 0.00707117 0.0307576 0.320773 0.312183 0.0485671 0.111964 0.034618 0.0122419 0.104816
0.0322738 9.9973E-05 0.00105185 0.186753 0.628258 0.0411022 9.9973E-05 0.0552137 0.0550482 9.9973E-05
9.9955E-05 9.9955E-05 0.0588137 0.0454801 0.77924 0.08407 9.9955E-05 9.9955E-05 0.031896 9.9955E-05
9.9973E-05 0.00336765 9.9973E-05 0.440775 0.374936 9.9973E-05 0.00818219 0.00432608 0.0368671 0.131247
0.00368388 0.0602533 0.0392056 0.419258 0.291288 0.142 9.9982E-05 0.0103549 9.9982E-05 0.0337572
0.0186667 0.0271941 0.0936648 0.243807 0.331944 0.142485 0.139175 0.00286373 9.9982E-05 9.9982E-05
0.0157073 9.99459E-05 9.99459E-05 0.197228 0.754585 9.99459E-05 9.99459E-05 9.99459E-05 0.03188 9.99459E-05
9.9964E-05 9.9964E-05 0.0152125 0.564407 0.372503 9.9964E-05 0.00892438 0.0151104 9.9964E-05 0.0234429
0.107891 0.0408103 0.0176803 0.209944 0.542736 9.9973E-05 0.0628456 9.9973E-05 0.0177923 9.9973E-05
9.9937E-05 9.9937E-05 9.9937E-05 9.9937E-05 0.907035 0.0895469 9.9937E-05 9.9937E-05 0.00271823 9.9937E-05
0.0608947 9.9955E-05 0.0692181 0.424134 0.415388 0.0298651 9.9955E-05 9.9955E-05 9.9955E-05 9.9955E-05
0.0456344 0.069536 0.114725 0.44463 9.9973E-05 0.253512 9.9973E-05 9.9973E-05 0.0611741 0.0104886
