0.0878568 9.9955E-05 0.0614545 9.9955E-05 9.9955E-05 9.9955E-05 0.042188 9.9955E-05 0.0655004 0.742501
0.0266034 9.9955E-05 9.9955E-05 9.9955E-05 9.9955E-05 0.0352409 0.0447356 0.00483005 9.9955E-05 0.88809
0.0336488 0.128177 0.000498776 0.0039907 9.9982E-05 9.9982E-05 0.00271048 0.0517009 0.0383858 0.740687
0.0301207 0.0921054 0.0509113 9.9973E-05 9.9973E-05 0.0178634 9.9973E-05 0.00473424 0.018414 0.785551
9.9955E-05 0.0725585 0.0381728 9.9955E-05 9.9955E-05 0.00857831 9.9955E-05 9.9955E-05 0.00123243 0.878958
0.0159976 9.9964E-05 9.9964E-05 0.0525226 0.24437 9.9964E-05 0.0257037 9.9964E-05 0.0773994 0.583607
0.0386808 9.9946E-05 9.9946E-05 9.9946E-05 0.179522 0.0132392 9.9946E-05 9.9946E-05 9.9946E-05 0.767959
0.00392183 9.9937E-05 9.9937E-05 9.9937E-05 0.331007 9.9937E-05 9.9937E-05 9.9937E-05 9.9937E-05 0.664372
9.99459E-05 9.99459E-05 0.0661902 9.99459E-05 9.99459E-05 9.99459E-05 0.0897234 0.0938907 9.99459E-05 0.749596
0.052043 9.9955E-05 9.9955E-05 9.9955E-05 0.17432 0.0761841 9.9955E-05 9.9955E-05 0.0688264 0.628127
9.9937E-05 9.9937E-05 0.0272695 9.9937E-05 0.264505 9.9937E-05 9.9937E-05 9.9937E-05 9.9937E-05 0.707526
9.9946E-05 0.119209 9.9946E-05 9.9946E-05 0.0129848 9.9946E-05 0.759539 9.9946E-05 0.107667 9.9946E-05
0.0144341 0.485264 9.9955E-05 9.9955E-05 9.9955E-05 9.9955E-05 0.379348 0.08682 0.033634 9.9955E-05
0.0185524 0.206289 0.00398328 9.9982E-05 9.9982E-05 0.043268 0.623749 0.0074316 0.0691972 0.0273299
9.9946E-05 0.293354 9.9946E-05 9.9946E-05 9.9946E-05 9.9946E-05 0.55297 9.9946E-05 0.112017 0.0410596
9.9964E-05 0.29858 9.9964E-05 0.0489856 0.0300475 9.9964E-05 0.380873 9.9964E-05 0.0809036 0.16021
0.0363932 0.349463 0.0242408 0.0683553 0.0805881 9.9982E-05 0.34816 0.00545185 0.0871485 9.9982E-05
9.9946E-05 0.288133 9.9946E-05 9.9946E-05 9.9946E-05 9.9946E-05 0.52426 9.9946E-05 0.0752856 0.111721
0.00855043 9.9955E-05 9.9955E-05 9.9955E-05 0.0739103 9.9955E-05 0.857169 9.9955E-05 0.0584213 0.00144967
0.00188268 0.385241 9.9982E-05 0.0418774 0.0534985 9.9982E-05 0.371595 0.0450903 0.0782481 0.0223674
0.0204024 0.445816 9.9973E-05 0.00524098 0.0992814 9.9973E-05 0.307149 0.081013 9.9973E-05 0.0407976
9.9973E-05 0.571439 0.0698095 9.9973E-05 0.063296 0.00871044 0.208574 9.9973E-05 0.0110082 0.0668635
0.0426269 0.194724 9.9964E-05 0.047681 0.0148935 9.9964E-05 0.576829 9.9964E-05 0.122846 9.9964E-05
0.0118836 0.421127 9.9955E-05 9.9955E-05 9.9955E-05 9.9955E-05 0.359405 0.121758 0.0853274 9.9955E-05
0.00696512 0.11312 9.9946E-05 9.9946E-05 9.9946E-05 9.9946E-05 0.760709 9.9946E-05 0.118606 9.9946E-05
9.9937E-05 0.155295 9.9937E-05 9.9937E-05 9.9937E-05 9.9937E-05 0.646932 9.9937E-05 0.197074 9.9937E-05
9.9964E-05 0.183812 9.9964E-05 9.9964E-05 0.0823415 0.010881 0.690202 9.9964E-05 0.0296646 0.00269941
0.999101 9.99201E-05 9.99201E-05 9.99201E-05 9.99201E-05 9.99201E-05 9.99201E-05 9.99201E-05 9.99201E-05 9.99201E-05
0.999101 9.99201E-05 9.99201E-05 9.99201E-05 9.99201E-05 9.99201E-05 9.99201E-05 9.99201E-05 9.99201E-05 9.99201E-05
0.346683 0.0886296 9.9964E-05 0.0338106 0.0108749 9.9964E-05 9.9964E-05 9.9964E-05 0.0211064 0.498495
0.285794 0.0659475 9.9964E-05 0.110971 9.9964E-05 9.9964E-05 9.9964E-05 0.0182515 0.0343701 0.484266
0.0146504 0.556885 0.0332726 0.180137 0.0372166 9.9973E-05 0.13349 9.9973E-05 9.9973E-05 0.0440482
0.021466 0.385064 9.9973E-05 0.367516 0.0182212 0.0584325 9.9973E-05 9.9973E-05 0.126322 0.0226778
9.9946E-05 0.154667 0.0547106 9.9946E-05 9.9946E-05 9.9946E-05 0.682174 9.9946E-05 9.9946E-05 0.107849
0.015973 0.183684 9.9991E-05 0.526147 0.0656145 0.00456502 0.0655193 0.00680601 0.0971461 0.0344452
9.9973E-05 0.616267 0.106345 0.174458 0.00471491 0.00680286 9.9973E-05 0.0732197 9.9973E-05 0.0178923
0.0162467 0.496716 0.00397896 9.9964E-05 0.259361 9.9964E-05 0.128314 9.9964E-05 9.9964E-05 0.0949829
0.0356301 0.494223 0.0665658 0.0609909 0.207104 9.9973E-05 9.9973E-05 9.9973E-05 0.0625216 0.0726645
0.0533663 0.171058 0.00206595 0.493265 9.9964E-05 9.9964E-05 0.278399 9.9964E-05 9.9964E-05 0.00144502
9.9982E-05 0.535459 0.0438907 0.0443344 0.212293 9.9982E-05 0.0732817 0.0400661 0.0480335 0.00244197
9.9946E-05 0.347297 9.9946E-05 0.541312 9.9946E-05 0.0641167 9.9946E-05 0.0466746 9.9946E-05 9.9946E-05
0.0076487 9.9955E-05 9.9955E-05 0.663129 9.9955E-05 0.0507776 0.0899404 0.188004 9.9955E-05 9.9955E-05
9.9964E-05 0.152561 0.185214 0.143733 9.9964E-05 0.0505205 0.407845 0.059727 9.9964E-05 9.9964E-05
9.9964E-05 9.9964E-05 9.9964E-05 0.140235 0.114512 0.178185 0.424978 0.0757879 0.0659021 9.9964E-05
0.022039 0.121999 0.121878 0.159908 0.036852 0.108797 0.342895 9.9982E-05 9.9982E-05 0.0854316
9.99592E-05 0.555491 0.117961 9.99592E-05 9.99592E-05 0.00571647 0.298536 0.0217958 9.99592E-05 9.99592E-05
0.0311329 0.30566 0.0546289 0.0729151 0.083515 0.140925 0.218882 9.9991E-05 0.0263739 0.0658678
0.0196785 0.0649767 0.0179207 0.0520131 0.00983224 0.0224435 0.510444 0.0936428 0.0350477 0.174
0.00646861 0.437174 0.0594746 9.9964E-05 9.9964E-05 9.9964E-05 0.340612 0.112915 0.042956 9.9964E-05
0.0524564 0.0441256 0.0382325 0.0343902 0.0539486 0.00143067 0.717071 9.9982E-05 9.9982E-05 0.0581448
9.9964E-05 0.470945 0.0693631 0.0190601 9.9964E-05 0.0178568 0.305431 0.116944 9.9964E-05 9.9964E-05
9.9973E-05 0.59727 9.9973E-05 0.0762195 9.9973E-05 0.122566 0.0757303 0.0488807 0.0333151 0.0457182
0.0370085 0.252406 9.9973E-05 0.0633987 0.0375367 0.109393 0.461457 9.9973E-05 9.9973E-05 0.0385003
0.0158838 0.499926 9.9964E-05 0.0728868 9.9964E-05 9.9964E-05 0.330877 0.071979 0.00804739 9.9964E-05
0.0286628 0.210029 0.025481 0.0526677 0.0282547 0.00212879 0.641811 0.010765 9.9982E-05 9.9982E-05
0.0113913 0.555256 0.0484561 0.278072 9.9955E-05 9.9955E-05 0.106324 9.9955E-05 9.9955E-05 9.9955E-05
0.0157129 0.230975 9.9946E-05 0.535836 9.9946E-05 9.9946E-05 0.216877 9.9946E-05 9.9946E-05 9.9946E-05
0.00987589 9.9955E-05 0.0046668 0.950181 9.9955E-05 9.9955E-05 9.9955E-05 0.0162015 0.0185754 9.9955E-05
9.9937E-05 9.9937E-05 9.9937E-05 0.823771 9.9937E-05 0.0798309 0.0956981 9.9937E-05 9.9937E-05 9.9937E-05
9.9946E-05 0.239291 9.9946E-05 0.707291 9.9946E-05 0.0219647 0.0308538 9.9946E-05 9.9946E-05 9.9946E-05
0.0406769 0.427521 0.0362472 0.462168 9.9955E-05 9.9955E-05 9.9955E-05 9.9955E-05 9.9955E-05 0.0328868
0.0397638 0.488631 0.00250011 0.401702 9.9964E-05 9.9964E-05 0.0298408 0.037162 9.9964E-05 9.9964E-05
0.00145153 0.150027 0.114054 0.588592 9.9964E-05 9.9964E-05 0.113444 9.9964E-05 0.032032 9.9964E-05
9.9955E-05 0.341193 0.227595 0.389498 9.9955E-05 9.9955E-05 0.0206663 9.9955E-05 9.9955E-05 0.0205483
0.00555423 0.299601 9.9973E-05 0.536644 9.9973E-05 0.019954 0.0772602 9.9973E-05 0.0599046 0.00078244
0.0373671 0.39934 9.9973E-05 0.428932 0.0003468 9.9973E-05 0.104346 0.0251568 9.9973E-05 0.0042114
0.0321193 0.295583 9.9964E-05 0.582182 0.0251115 0.00796191 9.9964E-05 0.0566427 9.9964E-05 9.9964E-05
9.9964E-05 9.9964E-05 0.0170295 0.746317 0.0561262 0.118014 9.9964E-05 0.0490181 9.9964E-05 0.0130962
0.0592837 0.135847 0.0269563 9.99551E-05 9.99551E-05 9.99551E-05 0.0205141 9.99551E-05 9.99551E-05 0.756899
0.120579 0.0702844 9.9937E-05 9.9937E-05 9.9937E-05 9.9937E-05 9.9937E-05 9.9937E-05 9.9937E-05 0.808437
0.10563 0.0643075 9.9955E-05 9.9955E-05 9.9955E-05 9.9955E-05 9.9955E-05 0.0634928 0.0195986 0.746471
0.0967375 0.0209455 9.9946E-05 9.9946E-05 9.9946E-05 9.9946E-05 9.9946E-05 0.14378 9.9946E-05 0.737937
0.0873834 0.109802 9.9946E-05 9.9946E-05 9.9946E-05 9.9946E-05 9.9946E-05 0.0607003 9.9946E-05 0.741515
0.0849858 0.0368848 9.9964E-05 9.9964E-05 9.9964E-05 0.0319464 9.9964E-05 0.0473658 0.0653493 0.733068
0.0387133 0.0311911 9.9955E-05 9.9955E-05 0.0310733 9.9955E-05 9.9955E-05 0.0737496 9.9955E-05 0.824773
9.9955E-05 0.105078 9.9955E-05 0.589773 9.9955E-05 0.0937003 0.176897 9.9955E-05 9.9955E-05 0.0340518
0.049084 0.364022 9.9973E-05 0.422912 0.0728592 9.9973E-05 0.0797229 9.9973E-05 0.00186439 0.00923578
0.00385507 0.571464 0.0507185 0.29577 9.9955E-05 9.9955E-05 9.9955E-05 9.9955E-05 9.9955E-05 0.0776934
0.0124584 0.48299 9.9982E-05 0.169581 0.0940007 0.0515846 0.0704007 9.9982E-05 0.0375196 0.0812647
0.0118737 0.406093 9.9955E-05 0.394037 9.9955E-05 0.0797003 9.9955E-05 9.9955E-05 0.107797 9.9955E-05
9.9946E-05 9.9946E-05 0.0633876 0.670727 9.9946E-05 9.9946E-05 0.201132 9.9946E-05 9.9946E-05 0.0641535
0.0131609 0.27202 9.9973E-05 0.498368 0.124888 0.0379466 0.019397 9.9973E-05 9.9973E-05 0.0339192
0.00382576 0.48497 0.0669211 0.36537 9.9964E-05 0.0740581 9.9964E-05 9.9964E-05 9.9964E-05 0.00445429
0.0350261 0.409698 0.0116584 0.344697 0.0251954 0.0488703 0.112695 9.9982E-05 9.9982E-05 0.0119608
0.0292342 0.296642 0.00484048 0.581236 9.9955E-05 9.9955E-05 9.9955E-05 9.9955E-05 0.087548 9.9955E-05
0.0126256 0.443588 0.0033845 0.350617 9.9973E-05 9.9973E-05 0.101397 9.9973E-05 0.00954118 0.078546
9.9955E-05 0.241067 0.0331422 9.9955E-05 9.9955E-05 0.143154 0.44477 0.137367 9.9955E-05 9.9955E-05
0.0330718 0.352403 0.235764 0.0190565 0.0782032 9.9991E-05 0.094939 0.057204 0.0579177 0.0713405
0.0506585 0.479956 0.10925 9.9973E-05 9.9973E-05 0.0524181 0.274357 0.0316808 9.9973E-05 0.00138078
9.9964E-05 0.620482 0.067145 0.00341646 0.100363 0.00400778 0.204186 9.9964E-05 9.9964E-05 9.9964E-05
9.9964E-05 0.431434 0.163724 9.9964E-05 0.0380621 9.9964E-05 0.3081 0.0234574 9.9964E-05 0.0348226
0.0541364 0.550167 9.9964E-05 0.00725921 0.0930561 9.9964E-05 0.28421 9.9964E-05 0.0107711 9.9964E-05
0.03378 0.473708 0.114574 0.0475538 9.9973E-05 0.015976 0.303524 9.9973E-05 9.9973E-05 0.0105844
0.0388276 0.584418 0.127081 0.0086338 9.9982E-05 0.0342051 0.175008 0.0223493 0.00927637 9.9982E-05
0.0263357 0.525463 0.0605769 0.0226731 0.0557645 0.00457597 0.208566 0.0323514 0.0635932 9.9991E-05
0.0432304 0.427171 0.0492653 9.9982E-05 0.0593128 0.0332903 0.212858 0.171571 9.9982E-05 0.00310152
9.9973E-05 0.683757 0.08238 9.9973E-05 0.0218232 0.0239907 0.0695679 0.0801607 9.9973E-05 0.0380205
9.9946E-05 0.702626 0.127775 9.9946E-05 9.9946E-05 0.0594035 9.9946E-05 0.109596 9.9946E-05 9.9946E-05
0.019894 0.179198 0.118174 0.097594 9.9982E-05 0.107402 0.39229 9.9982E-05 0.0739928 0.0112555
0.00791646 0.173513 0.0304032 0.032055 0.0352205 0.199737 0.340327 0.128645 0.0520828 9.9991E-05
9.9982E-05 0.0207816 0.19043 0.174458 0.121291 0.204341 0.184695 0.0409584 0.0628445 9.9982E-05
9.9973E-05 0.286829 0.0592437 0.0101573 0.0198768 0.0372836 0.560944 9.9973E-05 9.9973E-05 0.025366
9.9964E-05 0.463407 0.0965756 0.0256109 9.9964E-05 0.05517 0.295482 9.9964E-05 9.9964E-05 0.0633549
0.00692481 0.328314 0.19582 0.0944029 9.9955E-05 9.9955E-05 0.374038 9.9955E-05 9.9955E-05 9.9955E-05
9.9973E-05 0.321303 0.0810528 9.9973E-05 0.0354634 0.00819114 0.508475 9.9973E-05 0.0300735 0.0151413
0.0347678 0.645538 0.0257092 0.0619391 0.0402967 0.0392707 0.0741221 9.9982E-05 9.9982E-05 0.0781561
9.9982E-05 0.129493 0.0712884 0.163103 0.105669 0.0158408 0.377146 0.0848105 0.052449 9.9982E-05
9.9973E-05 0.397861 0.0154405 9.9973E-05 0.234674 0.078122 0.115653 9.9973E-05 0.0860755 0.0718744
9.9973E-05 9.9973E-05 0.0182468 0.0446764 0.48115 0.0652496 0.195431 0.100584 9.9973E-05 0.094363
9.9991E-05 0.444423 0.0720978 0.0475014 0.136115 0.0987976 0.0253065 0.161676 0.00399002 0.00999294
9.9991E-05 0.525614 0.0356802 0.0306234 0.00168839 0.0314104 0.086391 0.17193 0.0470555 0.0695071
9.9982E-05 0.302796 0.0918758 0.0587867 0.256063 0.0464225 0.0419921 0.163831 9.9982E-05 0.0380333
0.0250014 0.0875038 0.0424366 0.10629 0.476859 0.107156 0.0594755 0.0349512 9.9991E-05 0.0602263
0.0203373 0.433635 0.127943 0.0795071 0.173193 0.100861 9.9973E-05 0.0642229 9.9973E-05 9.9973E-05
0.0182234 9.9973E-05 9.9973E-05 0.212381 0.130109 0.0932201 0.236738 0.158728 0.150302 9.9973E-05
9.9964E-05 0.305373 9.9964E-05 0.148246 0.294639 0.046741 0.164069 0.0405321 9.9964E-05 9.9964E-05
9.9973E-05 0.381494 0.0735834 0.0968699 0.323325 0.0666125 0.0243029 0.0335121 9.9973E-05 9.9973E-05
0.0471395 0.0834868 9.9973E-05 9.9973E-05 0.208778 9.9973E-05 0.0891993 0.198496 0.214205 0.158395
9.9946E-05 9.9946E-05 9.9946E-05 9.9946E-05 0.0656837 9.9946E-05 9.9946E-05 0.571866 0.0440861 0.317765
0.0328614 9.9964E-05 9.9964E-05 9.9964E-05 0.13177 0.0168163 9.9964E-05 0.60999 0.0712509 0.136912
9.9964E-05 0.105603 9.9964E-05 9.9964E-05 0.0159114 9.9964E-05 0.0365205 0.315012 0.295785 0.230768
9.9937E-05 0.622359 9.9937E-05 0.0697956 0.307146 9.9937E-05 9.9937E-05 9.9937E-05 9.9937E-05 9.9937E-05
0.0437915 0.385314 0.00272998 9.9946E-05 9.9946E-05 9.9946E-05 9.9946E-05 9.9946E-05 0.567565 9.9946E-05
0.017556 0.231136 9.9955E-05 0.0669127 0.527349 0.156547 9.9955E-05 9.9955E-05 9.9955E-05 9.9955E-05
0.00092389 0.0400537 9.9973E-05 0.0855708 0.585237 0.204107 9.9973E-05 0.00166073 0.0821471 9.9973E-05
9.9973E-05 0.487089 9.9973E-05 0.145359 0.272098 9.9973E-05 0.0208147 0.0458859 0.0244917 0.00396229
0.00643954 0.415318 9.9973E-05 0.0172884 0.280849 0.183536 0.0609757 9.9973E-05 0.0352933 9.9973E-05
9.9964E-05 0.481696 9.9964E-05 0.0841066 0.360129 0.0332073 9.9964E-05 9.9964E-05 0.0113667 0.0290946
9.9964E-05 0.105677 9.9964E-05 0.184922 0.41603 0.13728 0.0709051 0.0847854 9.9964E-05 9.9964E-05
9.9937E-05 9.9937E-05 9.9937E-05 0.0200385 9.9937E-05 0.017266 9.9937E-05 9.9937E-05 0.961996 9.9937E-05
9.9946E-05 0.141618 9.9946E-05 9.9946E-05 0.00272959 0.00460619 9.9946E-05 9.9946E-05 0.850447 9.9946E-05
9.9946E-05 0.281151 0.0208458 9.9946E-05 9.9946E-05 0.0621819 9.9946E-05 9.9946E-05 0.635221 9.9946E-05
0.0098985 0.187749 9.9955E-05 0.0503581 9.9955E-05 9.9955E-05 9.9955E-05 9.9955E-05 0.694749 0.0567453
9.9928E-05 9.9928E-05 9.9928E-05 9.9928E-05 9.9928E-05 9.9928E-05 9.9928E-05 0.0126919 0.986509 9.9928E-05
0.00631993 9.9964E-05 0.0442644 0.0307948 9.9964E-05 0.00600318 9.9964E-05 9.9964E-05 0.910154 0.00206391
9.9928E-05 0.220959 9.9928E-05 9.9928E-05 9.9928E-05 9.9928E-05 9.9928E-05 9.9928E-05 0.778242 9.9928E-05
0.00801134 0.0392522 0.0118058 9.9955E-05 9.9955E-05 9.9955E-05 9.9955E-05 9.9955E-05 0.937709 0.00272158
9.9928E-05 9.9928E-05 9.9928E-05 9.9928E-05 0.00136936 9.9928E-05 9.9928E-05 9.9928E-05 0.997831 9.9928E-05
9.9928E-05 9.9928E-05 9.9928E-05 9.9928E-05 9.9928E-05 9.9928E-05 0.000575546 9.9928E-05 0.998625 9.9928E-05
0.0372971 0.101831 9.9955E-05 9.9955E-05 0.0382239 9.9955E-05 0.0533395 9.9955E-05 0.768808 9.9955E-05
0.0368989 0.111395 9.9964E-05 9.9964E-05 9.9964E-05 0.0752868 0.000227665 9.9964E-05 0.757389 0.0184034
0.0505735 9.9937E-05 9.9937E-05 0.00189774 9.9937E-05 9.9937E-05 9.9937E-05 9.9937E-05 0.946829 9.9937E-05
0.0312887 0.168004 0.0185259 9.9964E-05 9.9964E-05 9.9964E-05 9.9964E-05 0.0514558 0.706696 0.0236295
0.0106934 0.0840986 9.9955E-05 9.9955E-05 9.9955E-05 0.0074601 9.9955E-05 9.9955E-05 0.849839 0.0474093
0.00623005 0.0210212 0.0166171 9.9955E-05 9.9955E-05 9.9955E-05 9.9955E-05 9.9955E-05 0.949622 0.00601025
0.0257684 0.08819 0.0136277 9.9964E-05 9.9964E-05 9.9964E-05 9.9964E-05 0.0680227 0.802673 0.00131825
0.0131803 9.9928E-05 9.9928E-05 9.9928E-05 9.9928E-05 9.9928E-05 9.9928E-05 9.9928E-05 0.98602 9.9928E-05
0.0151793 0.233428 9.9955E-05 9.9955E-05 9.9955E-05 0.0438284 9.9955E-05 9.9955E-05 0.556634 0.150431
9.9973E-05 0.030429 0.0219284 0.0080633 9.9973E-05 0.0036788 0.0141276 9.9973E-05 0.883428 0.0380454
9.9937E-05 9.9937E-05 9.9937E-05 9.9937E-05 0.527635 9.9937E-05 9.9937E-05 0.263035 9.9937E-05 0.208631
0.0217759 0.332806 0.121723 0.0521623 0.141297 9.9991E-05 0.0380433 0.168047 0.0733147 0.0507311
0.0194434 0.327193 0.0566744 9.9964E-05 0.267848 9.9964E-05 9.9964E-05 9.9964E-05 0.0977781 0.230664
0.0774661 0.141464 9.9982E-05 0.0559121 0.332087 0.00181947 9.9982E-05 0.209914 0.0863842 0.0947522
0.00163016 0.18261 9.9982E-05 0.0121082 0.295108 9.9982E-05 0.0716904 0.258737 0.0560328 0.121883
0.0518002 0.226875 9.9964E-05 9.9964E-05 0.377374 9.9964E-05 9.9964E-05 0.158091 0.148988 0.0364718
0.087814 0.360439 0.00302268 0.0106021 0.218442 0.0440777 0.039593 0.0188072 0.12718 0.0900227
0.0408256 0.262707 9.9964E-05 9.9964E-05 0.280553 9.9964E-05 9.9964E-05 0.206171 0.154234 0.0551095
9.9955E-05 0.048663 0.0647645 9.9955E-05 0.0696635 9.9955E-05 9.9955E-05 0.0288813 9.9955E-05 0.787528
0.072602 9.9946E-05 9.9946E-05 9.9946E-05 9.9946E-05 9.9946E-05 9.9946E-05 0.129485 0.0452931 0.752021
0.0162435 9.9955E-05 0.0172617 0.0551589 9.9955E-05 9.9955E-05 9.9955E-05 0.0562955 9.9955E-05 0.854541
0.0449486 0.00545052 0.0780219 9.9955E-05 9.9955E-05 9.9955E-05 9.9955E-05 0.0486957 9.9955E-05 0.822383
0.0836871 0.0606026 9.9955E-05 9.9955E-05 9.9955E-05 9.9955E-05 0.0103854 0.0880423 9.9955E-05 0.756783
0.00726651 9.9946E-05 9.9946E-05 9.9946E-05 9.9946E-05 9.9946E-05 9.9946E-05 0.0793022 0.0805906 0.832241
0.0443489 0.03806 0.0262183 0.0118529 9.9964E-05 9.9964E-05 9.9964E-05 9.9964E-05 0.0680677 0.811052
0.0465012 9.9973E-05 0.0078715 9.9973E-05 0.01997 0.0504061 0.0225941 0.0908522 9.9973E-05 0.761505
0.00112833 0.0361133 9.9964E-05 9.9964E-05 9.9964E-05 0.00434117 0.0442709 0.0422568 9.9964E-05 0.87149
9.9946E-05 9.9946E-05 9.9946E-05 9.9946E-05 9.9946E-05 9.9946E-05 0.0364315 0.186454 0.0685324 0.707983
0.0558872 9.9964E-05 0.11192 0.0529305 9.9964E-05 0.0702587 0.149434 9.9964E-05 9.9964E-05 0.559169
0.026088 9.9973E-05 0.220771 0.0777493 9.9973E-05 9.9973E-05 0.0856299 0.0330365 0.00920016 0.547226
0.02762 9.9973E-05 0.0957394 0.0485825 9.9973E-05 0.0622977 0.221253 0.0474253 9.9973E-05 0.496782
9.9964E-05 9.9964E-05 0.0507405 0.0335557 0.0512832 0.0100361 0.37285 9.9964E-05 9.9964E-05 0.481134
9.9964E-05 0.421017 9.9964E-05 0.258657 0.0147849 0.037143 0.200498 9.9964E-05 0.0675003 9.9964E-05
0.00226979 0.507438 0.126003 0.153189 0.0423683 0.0136212 0.0765366 9.9991E-05 0.0169669 0.0615072
0.00630496 0.447054 0.0758667 0.148422 9.9973E-05 0.0672921 0.24278 0.01198 9.9973E-05 9.9973E-05
9.9946E-05 0.145388 0.257509 0.0641082 9.9946E-05 9.9946E-05 0.532395 9.9946E-05 9.9946E-05 9.9946E-05
9.9955E-05 0.646808 9.9955E-05 0.214503 9.9955E-05 9.9955E-05 0.0679177 9.9955E-05 0.0290652 0.0412059
9.9964E-05 0.589416 0.0371986 0.273725 0.00408095 9.9964E-05 0.0817513 0.0134283 9.9964E-05 9.9964E-05
9.9964E-05 0.563168 0.0982881 0.255238 9.9964E-05 9.9964E-05 0.0494461 0.0289273 0.00453333 9.9964E-05
9.9955E-05 0.289857 0.00838248 0.575307 0.0761607 9.9955E-05 9.9955E-05 9.9955E-05 0.0497931 9.9955E-05
0.0304232 0.419201 0.0963848 0.393197 9.9964E-05 9.9964E-05 0.0416193 9.9964E-05 9.9964E-05 0.0187748
9.9955E-05 9.9955E-05 0.0132645 0.664306 0.0634553 0.23261 0.0258647 9.9955E-05 9.9955E-05 9.9955E-05
9.9955E-05 0.225669 9.9955E-05 0.544293 0.000320405 0.08585 9.9955E-05 0.143368 9.9955E-05 9.9955E-05
0.0236301 0.530445 0.0464601 0.348716 9.9964E-05 9.9964E-05 9.9964E-05 0.0448626 0.00548567 9.9964E-05
9.99549E-05 0.0900981 0.050167 0.57897 9.99549E-05 9.99549E-05 0.243213 9.99549E-05 9.99549E-05 0.037052
9.9955E-05 9.9955E-05 0.866736 0.0174101 0.0119999 9.9955E-05 9.9955E-05 0.083682 9.9955E-05 0.019672
9.9946E-05 9.9946E-05 0.836882 9.9946E-05 0.0961446 9.9946E-05 9.9946E-05 9.9946E-05 0.0230513 0.0433224
9.9937E-05 9.9937E-05 0.995056 9.9937E-05 0.00121368 0.00303123 9.9937E-05 9.9937E-05 9.9937E-05 9.9937E-05
9.9946E-05 9.9946E-05 0.866821 0.0305856 0.0202338 9.9946E-05 9.9946E-05 9.9946E-05 9.9946E-05 0.0817596
0.0172184 0.00376388 0.844128 9.9973E-05 0.0781689 0.0343187 9.9973E-05 0.0160557 0.0060465 9.9973E-05
9.9937E-05 0.0305924 0.899638 9.9937E-05 9.9937E-05 9.9937E-05 9.9937E-05 9.9937E-05 0.0690701 9.9937E-05
0.0438962 0.0714479 9.9955E-05 9.9955E-05 9.9955E-05 9.9955E-05 9.9955E-05 0.0350889 0.057088 0.791979
0.0170867 0.155089 0.00269042 9.9955E-05 9.9955E-05 9.9955E-05 9.9955E-05 0.0498626 9.9955E-05 0.774772
0.0319195 0.105959 9.9964E-05 9.9964E-05 9.9964E-05 0.0332435 9.9964E-05 0.00403431 0.115149 0.709294
0.0467409 0.0553458 0.00185698 9.9973E-05 9.9973E-05 9.9973E-05 0.0648157 0.0315821 0.120321 0.679037
9.9955E-05 0.107335 9.9955E-05 9.9955E-05 0.060681 9.9955E-05 9.9955E-05 0.00833889 0.0803042 0.742841
0.0120836 9.9973E-05 0.476856 0.0717111 0.0427623 9.9973E-05 0.0296608 0.0287022 9.9973E-05 0.337924
0.00339486 9.9973E-05 0.30075 0.102772 0.0568366 0.0568212 0.0541546 9.9973E-05 9.9973E-05 0.424971
0.0320993 0.000948501 0.452461 0.0228298 9.9973E-05 0.0166233 0.0964134 9.9973E-05 9.9973E-05 0.378325
0.999101 9.99201E-05 9.99201E-05 9.99201E-05 9.99201E-05 9.99201E-05 9.99201E-05 9.99201E-05 9.99201E-05 9.99201E-05
0.0652619 9.9946E-05 0.446913 0.160441 9.9946E-05 9.9946E-05 9.9946E-05 9.9946E-05 9.9946E-05 0.326785
9.9955E-05 0.36092 0.0451057 9.9955E-05 9.9955E-05 9.9955E-05 9.9955E-05 0.277027 0.257429 0.0590188
0.0743389 0.548177 9.9955E-05 9.9955E-05 9.9955E-05 9.9955E-05 9.9955E-05 0.0735988 0.174414 0.128972
0.0467744 0.290491 9.9982E-05 0.0223065 0.0957 9.9982E-05 0.0118264 0.14355 0.166415 0.222736
9.9955E-05 9.9955E-05 9.9955E-05 9.9955E-05 0.105213 0.0266379 9.9955E-05 0.337695 0.28136 0.248594
9.9973E-05 0.464554 9.9973E-05 0.106013 0.0623683 0.00123384 0.352921 0.00900884 0.0036007 9.9973E-05
9.9973E-05 0.3389 0.0717949 0.0789997 0.108245 0.153953 0.157286 0.0905209 9.9973E-05 9.9973E-05
0.017775 0.301844 0.072863 9.9955E-05 9.9955E-05 9.9955E-05 0.554014 9.9955E-05 9.9955E-05 0.0530043
9.9964E-05 0.47687 0.104365 0.115293 0.0176257 0.250737 0.0347092 9.9964E-05 9.9964E-05 9.9964E-05
9.9964E-05 9.9964E-05 0.0221826 0.213702 0.0136969 0.244092 0.339743 0.166183 9.9964E-05 9.9964E-05
0.0429286 0.543197 0.156315 0.0127405 9.9991E-05 0.110147 0.0666153 0.0106151 0.00458333 0.0527574
0.0261903 0.30982 0.030063 0.025589 0.0393738 9.9982E-05 0.533798 0.0259209 9.9982E-05 0.00904467
9.9964E-05 0.0388425 9.9964E-05 0.162772 0.0580374 0.103673 0.453482 0.182793 9.9964E-05 9.9964E-05
9.9982E-05 0.371689 0.0242078 0.141869 0.109488 0.0769806 0.179749 0.0313342 0.0644819 9.9982E-05
0.0255915 0.520318 0.106031 0.0199605 0.0312526 9.9973E-05 0.255227 9.9973E-05 0.0413193 9.9973E-05
9.9973E-05 0.287686 9.9973E-05 0.0780942 0.0657499 9.9973E-05 0.200283 0.0220525 0.210669 0.135166
9.9982E-05 0.377617 0.0853665 0.00872658 0.0988714 0.163688 0.236685 0.00151474 0.0273303 9.9982E-05
9.9982E-05 0.473625 0.132182 0.05893 0.0418048 0.109018 0.162875 0.0140569 9.9982E-05 0.00730853
0.0159019 0.540402 0.0181901 0.0581531 0.159168 0.045675 0.128252 0.0127782 9.9991E-05 0.0213794
9.9982E-05 0.57446 0.0663845 0.0954769 0.140112 0.00407203 0.0152121 0.0604537 9.9982E-05 0.0436285
0.0652347 0.595048 0.0545566 0.0867443 0.0234325 0.088344 0.0109293 9.9982E-05 9.9982E-05 0.0755105
9.9937E-05 0.150053 9.9937E-05 9.9937E-05 9.9937E-05 9.9937E-05 9.9937E-05 9.9937E-05 0.0787577 0.770489
9.9955E-05 0.0906528 9.9955E-05 0.00819721 9.9955E-05 0.0196869 9.9955E-05 9.9955E-05 0.0207829 0.86018
9.9973E-05 0.101859 0.0406808 0.00637054 0.0155245 0.0490752 0.0114816 9.9973E-05 9.9973E-05 0.774708
9.9964E-05 0.0800241 0.0548015 0.0219705 9.9964E-05 0.0729308 9.9964E-05 9.9964E-05 0.00695178 0.762921
0.02282 0.161255 0.0050445 9.9955E-05 9.9955E-05 9.9955E-05 9.9955E-05 9.9955E-05 0.013315 0.797065
0.0137573 0.228785 0.0898834 9.9964E-05 9.9964E-05 9.9964E-05 0.614183 0.0491311 0.00386061 9.9964E-05
9.9973E-05 0.602514 9.9973E-05 0.00875483 0.00749353 0.0289909 0.220781 0.0626585 0.068507 9.9973E-05
9.9964E-05 0.518458 0.102882 0.0569612 9.9964E-05 9.9964E-05 0.188489 0.0681467 9.9964E-05 0.0646643
0.0232058 0.131759 0.122505 9.9982E-05 0.0912816 0.145663 0.3142 0.0618489 0.109336 9.9982E-05
0.0054488 9.9964E-05 0.0693414 0.0526779 9.9964E-05 9.9964E-05 0.656318 0.117134 9.9964E-05 0.0986801
0.0413974 0.553933 0.101796 0.0864693 0.0925608 9.9964E-05 0.123443 9.9964E-05 9.9964E-05 9.9964E-05
0.00863168 0.088383 0.188506 9.9982E-05 0.00611674 0.134447 0.422054 9.9982E-05 0.0703997 0.081262
0.00850809 0.339148 0.163369 0.224269 0.0194942 0.0381659 0.0636385 0.0308389 9.9991E-05 0.112468
0.0413481 0.126791 0.0882621 9.9964E-05 9.9964E-05 0.0919509 0.554022 9.9964E-05 9.9964E-05 0.0972259
9.9973E-05 0.219222 0.129191 0.000980737 9.9973E-05 0.00253473 0.570726 0.00745845 9.9973E-05 0.0695866
0.0291366 0.265676 0.033627 0.0112862 0.101985 0.0738839 0.38939 9.9991E-05 0.0581256 0.0367894
9.9955E-05 0.0960738 0.0824176 9.9955E-05 0.667424 0.0899717 9.9955E-05 9.9955E-05 0.063613 9.9955E-05
0.0196563 0.488091 9.9955E-05 9.9955E-05 0.436252 0.00589522 9.9955E-05 9.9955E-05 9.9955E-05 0.0496062
9.9946E-05 0.251498 9.9946E-05 0.042126 0.671966 9.9946E-05 0.0338108 9.9946E-05 9.9946E-05 9.9946E-05
0.00903575 0.544565 0.0757459 0.10525 0.139526 0.0555531 0.00931264 0.0156752 9.9991E-05 0.0452361
9.9946E-05 9.9946E-05 0.090158 0.131309 0.693223 0.0847108 9.9946E-05 9.9946E-05 9.9946E-05 9.9946E-05
0.00586886 0.168015 0.0468711 0.00253569 0.520762 0.165293 9.9973E-05 0.0903548 9.9973E-05 9.9973E-05
0.022713 0.419677 0.0926764 9.9964E-05 0.373594 0.0686061 9.9964E-05 9.9964E-05 9.9964E-05 0.0223329
9.9964E-05 0.0523918 9.9964E-05 0.13227 0.625942 0.0748514 0.095778 0.0183672 9.9964E-05 9.9964E-05
9.9946E-05 0.357725 9.9946E-05 0.0971511 0.396793 9.9946E-05 0.147731 9.9946E-05 9.9946E-05 9.9946E-05
9.9964E-05 0.101464 0.135209 0.0273404 9.9964E-05 9.9964E-05 0.679832 9.9964E-05 0.054574 0.00118114
9.9973E-05 0.211103 0.155445 0.087042 9.9973E-05 0.218315 0.246984 0.0266748 0.0541358 9.9973E-05
9.9964E-05 0.372498 0.11569 9.9964E-05 9.9964E-05 0.0395219 0.351142 9.9964E-05 0.03491 0.085838
9.9964E-05 0.668402 0.104329 9.9964E-05 0.0308208 9.9964E-05 0.112268 0.0790412 0.0047397 9.9964E-05
9.9955E-05 0.237992 0.0383961 0.0957909 9.9955E-05 9.9955E-05 0.627181 0.00013977 9.9955E-05 9.9955E-05
0.0773701 0.530667 0.015498 0.0382853 9.9982E-05 0.0234378 0.241457 0.0384333 0.0346519 9.9982E-05
0.0115765 0.39299 0.165172 0.0430911 0.0558017 0.00255291 0.234307 9.9982E-05 0.0943091 9.9982E-05
9.9964E-05 0.330552 0.107091 0.0255178 9.9964E-05 9.9964E-05 0.4583 0.00736905 0.0707704 9.9964E-05
9.9964E-05 0.240494 0.143267 0.0393187 9.9964E-05 0.0946186 0.338759 9.9964E-05 0.143142 9.9964E-05
9.9955E-05 0.594436 9.9955E-05 0.0765242 9.9955E-05 0.045637 0.221927 0.060976 9.9955E-05 9.9955E-05
9.9964E-05 0.432515 0.0778718 0.050042 9.9964E-05 0.0373601 0.246038 0.155773 9.9964E-05 9.9964E-05
9.9964E-05 0.566708 0.117141 9.9964E-05 9.9964E-05 0.11628 0.12507 0.0627839 0.0116159 9.9964E-05
0.0243537 0.380875 0.219572 9.9955E-05 9.9955E-05 9.9955E-05 0.221583 0.153116 9.9955E-05 9.9955E-05
9.9973E-05 0.388145 0.0864452 0.0551767 9.9973E-05 0.00932807 0.315105 9.9973E-05 0.107826 0.0376745
0.0187097 0.430197 9.9973E-05 0.0109153 9.9973E-05 9.9973E-05 0.0571152 0.169073 0.104569 0.20912
0.00557108 0.463082 9.9982E-05 0.046187 9.9982E-05 0.00159578 0.0890738 0.157257 0.175625 0.0614094
0.0274464 0.64738 0.00327549 0.0447351 0.0261684 0.0173049 0.0431799 0.0563251 0.0310745 0.10311
0.0522354 0.428316 9.9982E-05 0.0324387 9.9982E-05 0.0821553 0.0365901 0.0769471 0.153869 0.137249
9.9964E-05 0.406312 9.9964E-05 9.9964E-05 0.157984 0.121239 0.280607 0.00915699 0.0243008 9.9964E-05
9.9982E-05 0.0370886 9.9982E-05 0.122266 0.154154 0.0378298 0.151119 0.380919 0.0453368 0.071087
0.0613208 0.447249 0.0375236 0.0505452 0.0462853 9.9991E-05 0.142309 0.0856918 0.116559 0.0124162
0.052953 0.478169 0.0698722 9.9982E-05 0.0791445 0.00770674 0.0599855 0.11228 0.13969 9.9982E-05
0.043164 0.189603 9.9991E-05 0.098918 0.0875379 0.0064511 0.154515 0.240344 0.0946931 0.0846732
0.072646 0.597425 9.9973E-05 9.9973E-05 9.9973E-05 0.0384741 0.000258619 0.0741197 0.0833198 0.133457
0.0494476 9.9964E-05 9.9964E-05 0.0460746 9.9964E-05 9.9964E-05 0.00888353 0.605734 0.0964751 0.192986
0.000651499 0.552975 9.9973E-05 9.9973E-05 9.9973E-05 0.00987745 0.0136778 0.0966832 0.141128 0.184707
0.0512918 0.466206 0.0251984 9.9982E-05 0.102048 0.0106909 0.0977669 9.9982E-05 0.118743 0.127855
0.075687 0.317601 0.0457562 0.0482526 0.000381404 0.329772 0.0809011 9.9991E-05 0.0956303 0.00591869
9.9937E-05 9.9937E-05 9.9937E-05 9.9937E-05 0.0116345 0.833087 0.154579 9.9937E-05 9.9937E-05 9.9937E-05
9.9946E-05 9.9946E-05 9.9946E-05 9.9946E-05 0.0179097 0.822307 0.152248 9.9946E-05 9.9946E-05 0.00693511
9.9973E-05 0.438167 9.9973E-05 9.9973E-05 0.115097 0.0503367 0.011498 0.0652253 0.217931 0.101445
0.0251923 0.347195 9.9955E-05 9.9955E-05 9.9955E-05 0.163044 9.9955E-05 0.185765 0.278304 9.9955E-05
0.0074898 0.182364 9.9982E-05 0.04071 0.0154179 0.214422 9.9982E-05 0.11567 0.196867 0.226859
0.0875896 0.35376 9.9964E-05 9.9964E-05 9.9964E-05 0.158058 9.9964E-05 0.161031 0.156522 0.0826393
9.9946E-05 0.118809 9.9946E-05 9.9946E-05 9.9946E-05 0.598162 9.9946E-05 0.258266 0.0241641 9.9946E-05
0.0439206 0.156764 0.0135627 9.9964E-05 9.9964E-05 0.553811 9.9964E-05 0.217017 0.0145243 9.9964E-05
0.00901734 0.555168 9.9955E-05 9.9955E-05 9.9955E-05 0.312241 9.9955E-05 0.0241866 0.0988866 9.9955E-05
9.9946E-05 0.489243 9.9946E-05 9.9946E-05 9.9946E-05 0.402974 9.9946E-05 9.9946E-05 0.0199367 0.0872465
0.0354635 0.129252 9.9964E-05 9.9964E-05 9.9964E-05 0.679151 9.9964E-05 0.00882574 0.106907 0.0400018
0.0296993 0.578486 9.9964E-05 9.9964E-05 9.9964E-05 0.264707 9.9964E-05 0.0381995 0.043976 0.0445321
0.0224024 0.480692 0.0594015 9.9973E-05 9.9973E-05 0.360842 9.9973E-05 0.00109313 0.039127 0.0361413
0.0356067 0.344074 0.0234273 9.9964E-05 9.9964E-05 0.416344 0.173736 9.9964E-05 9.9964E-05 0.00641133
0.104562 0.351577 9.9964E-05 0.0677845 0.0186993 0.411338 0.0456382 9.9964E-05 9.9964E-05 9.9964E-05
0.0240876 0.299867 0.074075 0.0952039 0.036544 0.305445 0.0905657 9.9991E-05 0.0098861 0.0642251
9.9955E-05 0.440443 9.9955E-05 9.9955E-05 0.144899 0.238856 0.1051 0.0702029 9.9955E-05 9.9955E-05
9.9946E-05 0.170312 0.0960897 9.9946E-05 0.00792528 0.725073 9.9946E-05 9.9946E-05 9.9946E-05 9.9946E-05
9.9973E-05 0.570281 0.0303161 0.000252102 0.0500643 0.32666 9.9973E-05 9.9973E-05 0.0144489 0.0076777
9.99549E-05 0.163561 0.0213852 9.99549E-05 9.99549E-05 0.66696 0.13342 9.99549E-05 9.99549E-05 0.0141743
0.0228747 0.423307 0.0609512 9.9955E-05 9.9955E-05 0.476609 9.9955E-05 9.9955E-05 0.015758 9.9955E-05
0.0134474 0.332423 0.0520761 0.00956141 0.132047 9.9982E-05 9.9982E-05 0.177181 0.205661 0.0774015
0.0809472 0.336866 0.0399743 9.9991E-05 0.106384 0.0396559 0.117803 0.0383067 0.1436 0.0963628
0.0228658 9.9973E-05 0.044947 9.9973E-05 0.0129191 0.562293 9.9973E-05 0.0941658 0.0977887 0.164721
0.0260525 0.661027 0.0331002 9.9982E-05 0.0749441 0.026879 9.9982E-05 0.0464959 0.0856485 0.0456528
0.00595281 9.9955E-05 9.9955E-05 9.9955E-05 9.9955E-05 0.350149 9.9955E-05 0.296413 0.0753919 0.271594
9.9955E-05 0.484204 9.9955E-05 9.9955E-05 9.9955E-05 0.281162 9.9955E-05 0.0267879 0.160866 0.0464797
9.9955E-05 0.0304151 0.0084007 0.0635232 0.0127166 0.884445 9.9955E-05 9.9955E-05 9.9955E-05 9.9955E-05
9.9937E-05 9.9937E-05 9.9937E-05 0.0317094 9.9937E-05 0.915767 0.051824 9.9937E-05 9.9937E-05 9.9937E-05
0.0212042 0.478129 0.0403824 9.9946E-05 9.9946E-05 0.459685 9.9946E-05 9.9946E-05 9.9946E-05 9.9946E-05
0.0558145 0.606682 9.9955E-05 9.9955E-05 0.00480142 0.313475 9.9955E-05 9.9955E-05 0.018728 9.9955E-05
9.9946E-05 0.331121 9.9946E-05 9.9946E-05 0.0514409 0.589654 0.0271837 9.9946E-05 9.9946E-05 9.9946E-05
9.9937E-05 0.510946 9.9937E-05 0.0419887 9.9937E-05 0.446366 9.9937E-05 9.9937E-05 9.9937E-05 9.9937E-05
9.9937E-05 0.502 9.9937E-05 0.031593 9.9937E-05 0.465707 9.9937E-05 9.9937E-05 9.9937E-05 9.9937E-05
0.0967495 9.9964E-05 9.9964E-05 9.9964E-05 0.0671036 0.0811535 0.020505 9.9964E-05 0.0733997 0.660689
0.0368947 9.9964E-05 0.0953738 9.9964E-05 0.0761134 9.9964E-05 0.0030943 9.9964E-05 0.114437 0.673687
0.0273041 9.9946E-05 0.0258103 9.9946E-05 9.9946E-05 9.9946E-05 9.9946E-05 9.9946E-05 0.119652 0.826634
0.0689033 0.0553376 9.9946E-05 9.9946E-05 9.9946E-05 9.9946E-05 9.9946E-05 0.0452434 9.9946E-05 0.829916
0.0207517 0.53876 9.9982E-05 0.266338 9.9982E-05 0.0199781 0.0733137 0.00308927 0.0205638 0.0570061
9.9946E-05 0.498169 0.0192114 0.417644 9.9946E-05 9.9946E-05 0.0643754 9.9946E-05 9.9946E-05 9.9946E-05
9.9964E-05 0.255529 0.0761162 0.530171 0.0659098 9.9964E-05 0.031282 9.9964E-05 9.9964E-05 0.0405919
0.0224591 0.605841 9.9973E-05 0.226555 0.0438514 9.9973E-05 0.0256566 9.9973E-05 0.022212 0.0531247
0.0210342 0.318281 9.9964E-05 0.433577 0.164011 0.0550792 9.9964E-05 0.00761762 9.9964E-05 9.9964E-05
0.0343218 0.51321 0.00756862 9.9982E-05 9.9982E-05 0.013086 0.081948 0.0652014 0.106094 0.17837
9.9964E-05 0.360646 0.0974941 0.432703 0.0283497 0.0695778 9.9964E-05 0.0108297 9.9964E-05 9.9964E-05
0.0256925 0.381002 0.118597 0.408647 9.9955E-05 9.9955E-05 0.0655625 9.9955E-05 9.9955E-05 9.9955E-05
9.9973E-05 0.459636 0.0600162 0.335782 9.9973E-05 9.9973E-05 0.0753931 0.0176837 0.0455797 0.00560951
9.9964E-05 0.394659 0.0228852 0.452727 9.9964E-05 0.0171374 0.0644952 9.9964E-05 9.9964E-05 0.0476959
9.9946E-05 0.560612 9.9946E-05 0.321829 9.9946E-05 0.069936 9.9946E-05 0.0470231 9.9946E-05 9.9946E-05
0.0173865 0.0731343 9.9946E-05 0.833001 9.9946E-05 0.0758782 9.9946E-05 9.9946E-05 9.9946E-05 9.9946E-05
9.9964E-05 0.259101 9.9964E-05 0.538734 0.0625019 0.0565527 9.9964E-05 9.9964E-05 0.035765 0.0469456
0.0205049 0.351303 0.0459924 0.539706 9.9955E-05 9.9955E-05 9.9955E-05 0.0419938 9.9955E-05 9.9955E-05
9.9946E-05 9.9946E-05 9.9946E-05 0.827323 0.0521033 0.0573857 9.9946E-05 0.0625881 9.9946E-05 9.9946E-05
9.9964E-05 0.422909 0.0334934 0.339312 9.9964E-05 9.9964E-05 0.0545835 9.9964E-05 0.0687375 0.0805648
0.00434023 0.0153867 0.0163939 0.611851 0.225318 0.0346372 9.9973E-05 0.0917729 9.9973E-05 9.9973E-05
9.9937E-05 9.9937E-05 9.9937E-05 0.732656 9.9937E-05 0.126623 9.9937E-05 0.140022 9.9937E-05 9.9937E-05
0.00484024 0.558296 0.0272324 0.323009 9.9964E-05 9.9964E-05 9.9964E-05 0.0568061 0.0294161 9.9964E-05
9.99549E-05 0.286748 9.99549E-05 0.482143 0.00524517 9.99549E-05 0.174708 9.99549E-05 9.99549E-05 0.0506562
9.9973E-05 0.389435 0.0535644 0.356871 0.0342032 9.9973E-05 9.9973E-05 0.0808681 0.0545151 0.0302434
9.9946E-05 0.55004 0.047237 0.376826 9.9946E-05 9.9946E-05 0.0252978 9.9946E-05 9.9946E-05 9.9946E-05
9.9973E-05 0.294101 0.00295989 9.9973E-05 0.0726 0.0870458 0.39966 0.0401767 0.103157 9.9973E-05
0.0290328 0.441441 0.0398706 0.403347 9.9973E-05 0.03728 9.9973E-05 9.9973E-05 0.0342935 0.0144357
0.0115313 0.401711 0.0290164 0.274105 0.0387196 0.010233 0.168148 9.9991E-05 0.0476283 0.0188076
9.9955E-05 0.287864 9.9955E-05 0.665343 0.0188983 0.000259141 9.9955E-05 0.0271363 9.9955E-05 9.9955E-05
0.0487587 9.9955E-05 0.0568699 9.9955E-05 0.0532706 9.9955E-05 0.193123 9.9955E-05 9.9955E-05 0.647478
0.0379797 9.9973E-05 0.0183468 0.0795958 9.9973E-05 9.9973E-05 0.13795 0.0277071 0.0304541 0.667667
0.134848 9.9955E-05 0.111009 9.9955E-05 9.9955E-05 9.9955E-05 0.0997435 0.00519104 9.9955E-05 0.648709
0.105047 9.9946E-05 0.10832 9.9946E-05 9.9946E-05 0.0716585 9.9946E-05 9.9946E-05 9.9946E-05 0.714375
0.0546707 0.00148418 0.0801136 9.9964E-05 0.0948566 9.9964E-05 0.0758566 9.9964E-05 9.9964E-05 0.692618
9.9955E-05 0.126249 9.9955E-05 0.553369 9.9955E-05 9.9955E-05 0.248254 9.9955E-05 0.0293263 0.0423016
0.00988312 0.121654 9.9955E-05 0.632614 9.9955E-05 9.9955E-05 0.168979 9.9955E-05 9.9955E-05 0.0663695
9.9955E-05 0.118373 9.9955E-05 0.790243 0.0373013 0.0330857 9.9955E-05 9.9955E-05 0.0204964 9.9955E-05
9.9955E-05 0.166001 9.9955E-05 0.54714 0.138936 9.9955E-05 9.9955E-05 9.9955E-05 0.129534 0.017888
0.0274535 0.531934 0.0530538 0.224795 0.118857 0.000611642 9.9982E-05 9.9982E-05 0.0119402 0.0311548
9.9964E-05 0.33512 9.9964E-05 0.515 0.0217585 9.9964E-05 9.9964E-05 0.0022521 0.0520946 0.0733757
9.9973E-05 0.49684 0.0778471 0.0850783 0.118067 0.0767047 0.116833 9.9973E-05 9.9973E-05 0.0283298
9.9964E-05 0.262806 0.0599811 0.515739 0.033493 9.9964E-05 0.105391 9.9964E-05 0.0221899 9.9964E-05
9.9973E-05 0.398241 0.0146279 0.481372 0.00339197 9.9973E-05 0.098228 9.9973E-05 0.00315115 0.000688175
9.9946E-05 0.35115 0.0839049 0.437512 9.9946E-05 9.9946E-05 0.126833 9.9946E-05 9.9946E-05 9.9946E-05
9.9982E-05 0.574241 0.0354815 9.9982E-05 0.219173 0.0230516 0.0310116 0.00635343 0.0153944 0.0950934
0.0314351 0.37939 0.0365841 0.504644 9.9955E-05 9.9955E-05 0.0474469 9.9955E-05 9.9955E-05 9.9955E-05
9.9946E-05 0.450439 9.9946E-05 0.279059 9.9946E-05 9.9946E-05 0.223007 9.9946E-05 9.9946E-05 0.046895
9.9955E-05 0.455637 9.9955E-05 9.9955E-05 0.00102468 9.9955E-05 9.9955E-05 0.0946876 0.327808 0.120343
0.0718563 0.435122 9.9964E-05 9.9964E-05 9.9964E-05 9.9964E-05 0.0278769 0.105133 0.303535 0.0560765
9.9955E-05 0.46886 0.0196574 0.198477 0.295931 9.9955E-05 9.9955E-05 9.9955E-05 9.9955E-05 0.0165755
0.0187674 0.162599 0.00484742 9.9964E-05 9.9964E-05 9.9964E-05 9.9964E-05 0.125691 0.487193 0.200502
0.0212555 0.277945 0.0311853 9.99814E-05 9.99814E-05 9.99814E-05 0.0713929 0.0174956 0.435532 0.144895
0.0360661 0.363856 0.0209485 0.0343357 0.274946 9.9982E-05 9.9982E-05 0.0609486 0.152884 0.0558147
0.0404742 0.435281 9.9964E-05 9.9964E-05 0.425491 9.9964E-05 9.9964E-05 0.00518301 0.0249189 0.0682516
0.00772879 0.332886 0.0629826 9.9973E-05 0.343718 9.9973E-05 0.118737 9.9973E-05 0.0196579 0.113989
0.0462728 0.290413 9.9955E-05 9.9955E-05 0.0339975 9.9955E-05 9.9955E-05 9.9955E-05 0.417356 0.211461
9.9955E-05 0.430858 9.9955E-05 9.9955E-05 0.0319327 9.9955E-05 9.9955E-05 0.0992542 0.394626 0.0428288
0.00225239 0.347946 9.9964E-05 9.9964E-05 0.0113667 9.9964E-05 9.9964E-05 0.177527 0.393552 0.0669558
0.0059869 0.324285 9.9973E-05 9.9973E-05 9.9973E-05 0.063911 0.00988367 0.0241731 0.404928 0.166532
0.0658079 0.520966 9.9946E-05 9.9946E-05 0.304747 9.9946E-05 9.9946E-05 0.10788 9.9946E-05 9.9946E-05
9.9955E-05 0.172767 9.9955E-05 0.01618 9.9955E-05 9.9955E-05 9.9955E-05 0.0918886 0.556224 0.162441
0.00499921 0.126887 0.00706572 9.9964E-05 0.465056 9.9964E-05 0.273936 9.9964E-05 9.9964E-05 0.121656
0.0379724 0.458105 9.9946E-05 9.9946E-05 0.400804 9.9946E-05 9.9946E-05 9.9946E-05 0.102519 9.9946E-05
0.0140146 0.553383 0.0182269 9.9964E-05 0.197496 9.9964E-05 0.0964998 9.9964E-05 9.9964E-05 0.11998
0.0124815 0.36803 9.9973E-05 0.0421036 0.356739 9.9973E-05 0.0940396 9.9973E-05 0.0367144 0.0895919
0.0386262 0.352614 0.0601355 0.0682066 9.9982E-05 0.0938745 9.9982E-05 0.0456694 0.170175 0.170499
0.0271977 0.384523 9.9982E-05 0.00528789 9.9982E-05 0.0585457 0.0373753 0.103086 0.213543 0.170243
0.00636763 0.259015 9.9955E-05 9.9955E-05 9.9955E-05 9.9955E-05 9.9955E-05 0.0883385 0.468208 0.177571
0.0274161 0.338329 9.9955E-05 9.9955E-05 0.416919 9.9955E-05 0.149705 9.9955E-05 9.9955E-05 0.0671313
0.0232747 0.067682 9.9982E-05 0.0167745 0.650053 0.0512969 9.9982E-05 0.0870454 0.0683198 0.0353542
0.0369266 0.372134 0.112196 0.0789966 0.016116 0.0760305 0.149218 0.0783632 0.033068 0.0469506
0.0701244 0.532192 9.9964E-05 9.9964E-05 9.9964E-05 9.9964E-05 0.0890003 0.269999 0.00177541 0.0365085
9.9955E-05 0.0745531 0.0905555 0.0181533 9.9955E-05 9.9955E-05 9.9955E-05 0.813521 0.00271763 9.9955E-05
9.99459E-05 0.0348567 9.99459E-05 9.99459E-05 0.0205378 0.00848645 9.99459E-05 0.935519 9.99459E-05 9.99459E-05
9.9955E-05 0.411198 0.0681414 9.9955E-05 0.0120868 9.9955E-05 0.0625149 0.44556 9.9955E-05 9.9955E-05
0.0452286 0.081835 0.0588524 0.0607736 9.9982E-05 9.9982E-05 0.000737101 0.679821 0.0539997 0.0185526
9.9946E-05 0.0902923 9.9946E-05 9.9946E-05 9.9946E-05 9.9946E-05 9.9946E-05 0.78205 0.0506331 0.076425
0.0212105 0.449825 0.0779766 9.99639E-05 9.99639E-05 0.0658719 9.99639E-05 0.379919 9.99639E-05 0.00479799
0.0487925 0.294854 9.9991E-05 0.0234957 0.0669576 0.0491642 0.0690451 0.297872 0.118477 0.0312429
9.9964E-05 0.276806 0.0256558 9.9964E-05 0.0702024 9.9964E-05 9.9964E-05 0.431318 0.0576979 0.137921
9.9946E-05 0.14966 0.0162299 9.9946E-05 9.9946E-05 9.9946E-05 0.034423 0.799087 9.9946E-05 9.9946E-05
0.0205139 0.439986 0.013576 0.058844 0.101452 9.9973E-05 9.9973E-05 0.299 0.0663282 9.9973E-05
0.00867188 0.246642 9.9955E-05 0.0466182 9.9955E-05 9.9955E-05 0.0966535 0.600915 9.9955E-05 9.9955E-05
0.000376902 9.9928E-05 9.9928E-05 9.9928E-05 9.9928E-05 9.9928E-05 9.9928E-05 0.998824 9.9928E-05 9.9928E-05
0.0153627 0.417302 0.0208448 9.9964E-05 9.9964E-05 9.9964E-05 0.0255044 0.438519 0.0820668 9.9964E-05
