9.9982E-05 0.0327839 0.879276 0.00369042 9.9982E-05 0.0730528 0.0109973
0.0585703 0.00769077 0.933339 9.9964E-05 9.9964E-05 9.9964E-05 9.9964E-05
9.9982E-05 0.0258164 0.821106 0.00976207 9.9982E-05 0.0374259 0.10569
0.0741411 9.9982E-05 0.830863 0.0461702 9.9982E-05 0.0436375 0.00498844
0.037199 9.9964E-05 0.897871 9.9964E-05 9.9964E-05 9.9964E-05 0.0645305
9.999E-05 0.0458167 0.621867 0.0055366 0.172304 0.0822351 0.0721411
0.00673211 9.9982E-05 0.745812 0.0192593 0.161718 0.0662791 9.9982E-05
0.0264897 9.9991E-05 0.659446 0.00496806 0.145619 0.121745 0.0416329
9.99729E-05 0.0177239 0.823881 9.99729E-05 0.00324174 0.154854 9.99729E-05
0.0996304 9.9982E-05 0.665378 0.0478529 0.0785911 9.9982E-05 0.108348
0.0460264 9.9982E-05 0.684667 9.9982E-05 0.129445 0.111342 0.0283199
9.9973E-05 0.254304 9.9973E-05 0.0899298 9.9973E-05 0.444139 0.211327
9.9982E-05 0.027583 0.0132814 0.0745848 9.9982E-05 0.311078 0.573273
0.085062 9.9991E-05 0.000509524 0.0844783 0.0801953 0.458274 0.291381
9.9982E-05 0.0955626 0.0448324 0.147578 9.9982E-05 0.410819 0.301009
9.9991E-05 0.126157 0.103741 0.163956 0.10345 0.208511 0.294085
0.0274713 0.114456 0.0486247 0.0767462 0.0462911 0.301001 0.38541
9.999E-05 0.110811 0.133898 0.0429614 0.0230766 0.321757 0.367396
0.0177964 0.0568482 0.0103404 0.0351695 0.155052 0.63029 0.0945034
0.0836672 0.174287 0.0310548 0.0858796 9.9991E-05 0.200191 0.424821
0.0685778 9.9982E-05 9.9982E-05 0.0324975 0.202994 0.145825 0.549905
0.0685366 9.9982E-05 0.0274001 9.9982E-05 0.0304657 0.19908 0.674318
0.0110254 0.0451237 0.0106406 0.0877548 0.138136 0.379478 0.327841
9.999E-05 0.0462156 0.0419018 0.0310998 0.116265 0.230014 0.534404
0.00457325 0.0952269 9.9991E-05 0.0993011 0.0664778 0.512385 0.221936
9.999E-05 0.0108748 0.0158838 0.187458 0.0841534 0.44436 0.25717
9.9982E-05 0.107804 0.00990448 9.9982E-05 0.094855 0.467874 0.319362
9.9964E-05 9.9964E-05 0.823043 0.00937789 9.9964E-05 9.9964E-05 0.16718
9.9955E-05 9.9955E-05 0.829095 9.9955E-05 9.9955E-05 9.9955E-05 0.170405
9.9973E-05 9.9973E-05 0.752088 0.0561658 9.9973E-05 0.0108816 0.180565
9.9973E-05 9.9973E-05 0.69716 0.101204 9.9973E-05 0.0260771 0.175259
9.9982E-05 0.205193 0.0317601 9.9982E-05 0.0326309 0.119264 0.610952
0.0472266 0.302855 0.0274181 0.0276449 9.9991E-05 0.0104008 0.584354
9.999E-05 0.0512311 0.0844492 0.0187802 0.0934606 0.586265 0.165714
9.9982E-05 0.595509 0.0684734 0.0169256 9.9982E-05 0.0251603 0.293732
9.9973E-05 0.148134 9.9973E-05 0.0464673 0.0943138 9.9973E-05 0.710785
0.0175011 0.0473138 0.0373167 0.0179223 0.219904 0.0707834 0.589259
9.9982E-05 0.0949584 0.0918479 9.9982E-05 0.0474598 0.185753 0.579781
9.9973E-05 0.691703 0.0484917 9.9973E-05 9.9973E-05 0.0818815 0.177624
9.9982E-05 0.0670975 0.0106276 0.0561602 0.279664 9.9982E-05 0.586251
0.014002 0.679602 9.9982E-05 0.0111461 0.00506453 9.9982E-05 0.289986
0.0220401 0.664491 0.030102 9.9973E-05 0.283066 9.9973E-05 9.9973E-05
0.0956387 0.245589 9.9982E-05 9.9982E-05 0.0528533 0.45579 0.149929
0.241107 0.222208 9.9991E-05 0.035393 0.250757 0.197522 0.0529133
9.999E-05 0.201621 0.0842154 0.00710896 0.117087 0.354843 0.235025
0.0360408 9.9973E-05 9.9973E-05 9.9973E-05 0.1587 0.191306 0.613653
0.140144 0.0325738 0.165785 9.9991E-05 0.0913684 0.169217 0.400812
0.0195422 0.143691 0.158967 0.0575659 0.137243 0.380921 0.10207
0.0762405 0.0724564 0.068152 0.114172 0.0569238 0.261386 0.350669
0.0406793 0.164976 0.0421379 9.9991E-05 0.0655381 0.567923 0.118645
0.0585894 0.0657986 9.9991E-05 0.016384 0.053649 0.286144 0.519335
0.170753 0.104955 0.0211825 0.0899214 0.0147251 0.0101438 0.588319
0.0747284 0.127786 0.0425941 0.0481618 0.0571197 0.320077 0.329532
0.0147816 0.108207 0.0117288 0.0183769 0.154039 0.127303 0.565564
0.0492598 0.106929 0.00515844 9.9991E-05 0.166207 0.397403 0.274942
9.9964E-05 0.347338 9.9964E-05 9.9964E-05 9.9964E-05 0.0398403 0.612422
9.9982E-05 0.685173 0.0298681 0.0333347 9.9982E-05 0.0752764 0.176148
9.9955E-05 0.901976 9.9955E-05 9.9955E-05 0.0975244 9.9955E-05 9.9955E-05
0.0667359 0.899574 9.9964E-05 9.9964E-05 0.0332898 9.9964E-05 9.9964E-05
9.9964E-05 0.798713 9.9964E-05 0.0255 9.9964E-05 9.9964E-05 0.175388
9.9982E-05 0.474867 0.0366444 0.0318235 9.9982E-05 0.120424 0.336042
9.9982E-05 0.464045 0.0461967 0.030919 9.9982E-05 0.0364324 0.422207
9.9982E-05 0.688021 0.0199676 0.100738 9.9982E-05 0.177519 0.0135542
9.9973E-05 0.497718 0.0103051 9.9973E-05 9.9973E-05 0.250825 0.240852
9.9982E-05 0.575821 0.0533269 0.00331354 9.9982E-05 0.0250955 0.342243
9.9991E-05 0.450915 0.0283567 0.0132038 0.0644616 0.0187423 0.424221
9.9964E-05 0.583725 9.9964E-05 9.9964E-05 0.0562961 9.9964E-05 0.359579
0.0996993 0.735036 9.9973E-05 0.00555219 0.159413 9.9973E-05 9.9973E-05
9.9973E-05 9.9973E-05 0.820156 0.0107978 9.9973E-05 0.0230312 0.145715
9.9955E-05 9.9955E-05 0.917764 9.9955E-05 9.9955E-05 9.9955E-05 0.0817361
9.9964E-05 9.9964E-05 0.887474 0.017252 9.9964E-05 9.9964E-05 0.0948743
0.000137625 0.0190602 0.938808 0.0341719 0.00762261 9.9982E-05 9.9982E-05
0.0175519 0.00779953 0.872956 0.00753436 9.9982E-05 9.9982E-05 0.0939584
0.0435332 9.9964E-05 0.902931 0.0531363 9.9964E-05 9.9964E-05 9.9964E-05
0.00308692 9.9964E-05 0.926727 9.9964E-05 9.9964E-05 9.9964E-05 0.0697863
0.0121488 0.778741 9.9973E-05 9.9973E-05 9.9973E-05 0.152338 0.0564717
9.9982E-05 0.363864 0.0583671 9.9982E-05 0.0180765 0.0803008 0.479191
9.9964E-05 0.3657 0.0844335 9.9964E-05 9.9964E-05 9.9964E-05 0.549467
0.090158 0.287827 0.0918161 0.046655 0.0028796 9.9991E-05 0.480564
0.0813569 0.436851 0.0135938 0.0800461 9.9982E-05 9.9982E-05 0.387952
9.9964E-05 0.704193 0.0514914 9.9964E-05 9.9964E-05 0.243915 9.9964E-05
9.9991E-05 0.6455 0.0280051 0.00189688 0.0763703 0.0019015 0.246227
0.111057 0.328999 0.0360475 9.9973E-05 9.9973E-05 9.9973E-05 0.523597
9.9973E-05 0.333487 0.0555052 9.9973E-05 9.9973E-05 0.090841 0.519866
0.0252013 0.600941 9.9982E-05 0.057102 9.9982E-05 0.0291973 0.287358
9.9973E-05 0.360068 0.10789 9.9973E-05 9.9973E-05 0.113049 0.418692
0.214067 0.0758641 0.0169798 9.9991E-05 0.0806296 0.331381 0.280979
9.9991E-05 0.0198823 0.0584452 0.13262 0.095137 0.350024 0.343791
0.0502429 9.9991E-05 0.0220377 0.0145144 0.0634237 0.311595 0.538087
0.0253314 0.0303257 0.0204781 0.0194423 0.121752 0.155499 0.627172
0.128953 9.9982E-05 0.0136686 0.00427582 9.9982E-05 0.343156 0.509746
0.0191552 0.0486267 0.0134496 9.9991E-05 0.0450623 0.208083 0.665524
0.0444072 0.040627 9.9973E-05 9.9973E-05 9.9973E-05 0.318488 0.596178
0.0969923 0.109459 9.9982E-05 0.0233862 9.9982E-05 0.172167 0.597796
0.102397 0.055249 9.9991E-05 0.066151 0.0473916 0.153021 0.57569
0.173708 9.9991E-05 0.063079 0.0744524 0.116858 0.299905 0.271897
0.0752935 9.9991E-05 0.00642199 0.0371808 0.0612673 0.101938 0.717799
0.12812 9.9991E-05 0.0314857 0.0139447 0.0432667 0.11406 0.669023
0.073656 0.188289 9.9991E-05 0.087285 0.0129098 0.439357 0.198403
0.181468 0.0748131 9.9991E-05 0.0759984 0.270777 0.297572 0.0992717
0.312756 0.149503 9.9991E-05 0.0544923 0.109831 0.321682 0.0516366
0.0893729 0.0657829 0.00361633 9.9991E-05 0.0741141 0.420132 0.346882
0.0793519 0.125771 9.9973E-05 9.9973E-05 9.9973E-05 0.331588 0.462989
0.0181561 0.16885 9.9973E-05 9.9973E-05 9.9973E-05 0.40381 0.408884
0.0421102 0.0684402 9.9973E-05 9.9973E-05 9.9973E-05 0.512555 0.376595
0.0339893 0.0522109 0.0369144 0.0328362 0.09683 0.104138 0.643081
0.137754 0.166516 9.9991E-05 0.0710803 0.127838 0.338447 0.158265
0.0753612 0.123228 0.104216 0.0539772 0.192716 0.0165507 0.43395
0.176801 0.1208 0.110688 9.9982E-05 0.434671 0.15684 9.9982E-05
0.0900087 0.1194 0.0881389 0.0624344 0.151033 0.18885 0.300135
0.0558645 0.0664707 0.102202 0.0800976 0.212144 0.0586719 0.424549
0.0666221 0.0871631 0.0361609 9.9991E-05 0.393557 0.102624 0.313773
0.193192 0.00611954 0.0499356 9.9991E-05 0.351142 0.112923 0.286587
0.112476 0.0976392 9.9982E-05 9.9982E-05 0.161371 0.154045 0.474268
0.0411182 0.276433 0.0680821 0.142126 0.339345 0.132796 9.9991E-05
0.0535671 0.266587 9.9982E-05 9.9982E-05 0.215656 0.117009 0.34698
0.0486522 0.250049 9.9991E-05 0.0248141 0.166338 0.0767239 0.433322
9.9982E-05 9.9982E-05 0.221515 0.262101 0.287761 0.0622059 0.166216
9.9964E-05 9.9964E-05 0.536491 0.108088 0.355021 9.9964E-05 9.9964E-05
9.9964E-05 9.9964E-05 0.33472 0.0972002 0.56768 9.9964E-05 9.9964E-05
9.9973E-05 9.9973E-05 0.348606 0.251232 0.276436 9.9973E-05 0.123426
9.9964E-05 0.0654522 9.9964E-05 9.9964E-05 0.249974 9.9964E-05 0.684174
9.9982E-05 0.075442 0.0204374 0.642317 9.9982E-05 0.00218989 0.259414
0.166813 0.159706 9.9991E-05 0.0041242 0.341448 0.00109465 0.326714
0.227993 0.0949016 9.9982E-05 9.9982E-05 0.498983 0.00547952 0.172443
0.0740589 0.107484 9.9973E-05 9.9973E-05 0.198336 9.9973E-05 0.619821
0.111606 0.0865541 9.9991E-05 0.0406468 0.252882 0.0760906 0.432121
0.0943739 0.045188 0.0049513 0.0488804 0.24369 0.00348692 0.559429
0.160159 0.174983 9.9982E-05 9.9982E-05 0.430241 0.0780258 0.156391
9.9955E-05 0.0609154 9.9955E-05 0.938585 9.9955E-05 9.9955E-05 9.9955E-05
9.9955E-05 9.9955E-05 9.9955E-05 0.84809 9.9955E-05 9.9955E-05 0.15141
0.0216244 9.9964E-05 9.9964E-05 0.672342 9.9964E-05 9.9964E-05 0.305634
9.9982E-05 0.0827287 0.00798244 0.819249 9.9982E-05 0.00462883 0.0852112
9.995E-05 9.995E-05 9.995E-05 0.9994 9.995E-05 9.995E-05 9.995E-05
0.0514055 9.9964E-05 0.0175988 0.930596 9.9964E-05 9.9964E-05 9.9964E-05
0.0517979 0.000492759 9.9973E-05 0.789283 9.9973E-05 9.9973E-05 0.158127
9.9955E-05 9.9955E-05 9.9955E-05 0.929865 9.9955E-05 9.9955E-05 0.0696351
9.995E-05 9.995E-05 9.995E-05 0.9994 9.995E-05 9.995E-05 9.995E-05
9.995E-05 9.995E-05 9.995E-05 0.9994 9.995E-05 9.995E-05 9.995E-05
9.9964E-05 9.9964E-05 9.9964E-05 0.720608 9.9964E-05 0.0720069 0.206986
9.9982E-05 0.0214464 0.0348028 0.78726 0.0445751 9.9982E-05 0.111716
9.9955E-05 0.00772353 9.9955E-05 0.991777 9.9955E-05 9.9955E-05 9.9955E-05
9.9973E-05 9.9973E-05 0.0587208 0.672891 9.9973E-05 0.0202042 0.247884
9.9973E-05 9.9973E-05 0.0288531 0.817853 9.9973E-05 0.0563773 0.0966164
9.9964E-05 0.0241619 9.9964E-05 0.953119 9.9964E-05 9.9964E-05 0.0223197
0.0352538 9.9973E-05 0.0389796 0.861379 9.9973E-05 9.9973E-05 0.0640873
9.9955E-05 9.9955E-05 9.9955E-05 0.990546 0.0089542 9.9955E-05 9.9955E-05
0.0283402 0.00749138 0.13145 0.526631 9.9982E-05 9.9982E-05 0.305888
0.00952291 0.0453828 9.9973E-05 0.899259 9.9973E-05 0.0455353 9.9973E-05
9.9982E-05 0.0118432 0.209393 0.0243436 0.729765 9.9982E-05 0.0244544
9.9991E-05 0.00653793 0.139585 0.0472453 0.239378 0.120541 0.446613
0.00246428 9.9991E-05 0.181112 0.0391852 0.308248 0.0442532 0.424637
0.0205429 0.00813366 0.175792 0.0410569 0.498332 9.9991E-05 0.256043
9.9982E-05 0.0666632 0.214248 0.0978741 0.411917 9.9982E-05 0.209098
0.0377935 0.0832273 0.0911556 0.171881 0.3412 9.9991E-05 0.274642
9.9973E-05 9.9973E-05 0.169784 0.0898854 0.251435 9.9973E-05 0.488595
9.9973E-05 9.9973E-05 0.139316 0.129381 0.35696 9.9973E-05 0.374042
9.9973E-05 9.9973E-05 0.794644 9.9973E-05 0.144855 0.042314 0.0178871
0.0187084 0.0143597 0.891689 0.0595918 0.0154509 9.9982E-05 9.9982E-05
9.9973E-05 9.9973E-05 0.906939 9.9973E-05 0.0532685 0.0360274 0.00346481
0.0283011 9.9973E-05 0.912956 9.9973E-05 9.9973E-05 0.040773 0.01767
9.9973E-05 9.9973E-05 0.876785 9.9973E-05 0.0892536 0.0331618 0.000499656
0.0480687 9.9964E-05 0.868698 0.0828331 9.9964E-05 9.9964E-05 9.9964E-05
9.9973E-05 0.0173581 0.880161 0.0664565 9.9973E-05 0.0357248 9.9973E-05
0.0542751 9.9973E-05 0.871832 9.9973E-05 0.0215663 0.052027 9.9973E-05
0.0554392 0.0846295 0.849773 0.00985799 9.9973E-05 9.9973E-05 9.9973E-05
9.9973E-05 9.9973E-05 0.838898 0.0830034 0.0463623 0.0314366 9.9973E-05
0.0582721 0.0758888 0.621387 9.9973E-05 9.9973E-05 0.244152 9.9973E-05
9.9964E-05 0.0741109 0.570899 9.9964E-05 9.9964E-05 0.35459 9.9964E-05
0.0395172 0.0118409 0.492845 9.9982E-05 0.117065 0.338532 9.9982E-05
0.0144536 0.157197 0.4616 9.9982E-05 0.0165835 0.349965 9.9982E-05
0.0506122 0.313026 0.0311614 0.0391721 9.9991E-05 0.113956 0.451972
0.0192151 0.143306 9.9982E-05 0.0638592 9.9982E-05 0.308033 0.465387
0.0684931 0.174502 0.0140299 0.00303734 0.0525742 0.272117 0.415246
0.00430911 0.133576 9.9973E-05 9.9973E-05 9.9973E-05 0.616246 0.245569
0.11686 0.162061 0.101185 0.0102216 9.9991E-05 0.028937 0.580635
0.0521932 0.160206 9.9991E-05 0.0110953 0.0310464 0.100747 0.644611
9.9973E-05 0.328189 9.9973E-05 9.9973E-05 0.0943802 0.0851368 0.491994
0.0295813 0.538481 9.9982E-05 0.0580975 9.9982E-05 0.0300023 0.343638
0.017008 0.338429 0.0428315 9.9982E-05 9.9982E-05 0.207886 0.393645
0.197714 0.656702 9.9973E-05 9.9973E-05 0.0310706 0.114213 9.9973E-05
0.16202 0.488613 9.9973E-05 9.9973E-05 0.111001 9.9973E-05 0.238066
9.9973E-05 0.371537 0.0493732 0.0811408 9.9973E-05 9.9973E-05 0.497649
9.9973E-05 0.600346 0.0438702 9.9973E-05 9.9973E-05 0.235924 0.11956
9.9973E-05 0.0205453 0.107212 9.9973E-05 0.0692061 0.802737 9.9973E-05
9.9973E-05 9.9973E-05 0.0866927 0.0191906 9.9973E-05 0.842618 0.0511983
0.0609218 9.9955E-05 9.9955E-05 9.9955E-05 9.9955E-05 0.938578 9.9955E-05
9.9955E-05 9.9955E-05 0.0930197 9.9955E-05 9.9955E-05 0.90648 9.9955E-05
0.0327741 9.9973E-05 9.9973E-05 0.0711647 9.9973E-05 0.886649 0.00911188
9.9964E-05 9.9964E-05 9.9964E-05 0.0861274 9.9964E-05 0.861163 0.0523096
0.0896489 9.9964E-05 0.840558 9.9964E-05 9.9964E-05 9.9964E-05 0.0693931
9.9982E-05 9.9982E-05 0.86558 0.00556607 0.0327608 0.0501341 0.0457587
9.9973E-05 9.9973E-05 0.75587 0.104466 0.00232865 9.9973E-05 0.137035
9.9973E-05 9.9973E-05 0.751064 0.0960997 9.9973E-05 0.05338 0.0991565
9.9973E-05 9.9973E-05 0.74147 0.0432404 0.0969214 9.9973E-05 0.118069
0.032615 9.9973E-05 0.360166 9.9973E-05 0.0917035 0.515216 9.9973E-05
0.0690258 0.078232 0.424758 9.9982E-05 0.0315146 0.396269 9.9982E-05
0.08435 9.9964E-05 0.435084 9.9964E-05 9.9964E-05 0.480166 9.9964E-05
9.9964E-05 9.9964E-05 0.799083 0.0236971 9.9964E-05 9.9964E-05 0.17682
0.0033388 0.0574676 0.350136 9.9982E-05 0.0504347 0.538423 9.9982E-05
9.9973E-05 9.9973E-05 0.17858 0.303763 0.209476 9.9973E-05 0.307881
9.9973E-05 9.9973E-05 0.16299 0.207766 0.020982 9.9973E-05 0.607962
9.9991E-05 0.0663591 0.200637 0.270461 0.0926168 0.0485224 0.321303
9.9964E-05 9.9964E-05 0.340058 0.325222 0.33432 9.9964E-05 9.9964E-05
0.0855177 0.0600182 9.9991E-05 0.0455435 0.049221 0.30327 0.456329
0.183375 0.0408301 9.9982E-05 9.9982E-05 0.176418 0.239253 0.359923
0.0337599 0.0207794 0.103065 9.9982E-05 9.9982E-05 0.535091 0.307104
0.265212 0.144949 0.0342691 9.9982E-05 9.9982E-05 0.104889 0.450482
0.280853 0.165981 9.9973E-05 9.9973E-05 0.313911 0.238954 9.9973E-05
0.130439 0.0568909 0.0428752 9.9991E-05 0.066523 0.111025 0.592147
0.0391015 0.14452 0.0816304 9.9991E-05 0.00966345 0.33056 0.394424
0.0940275 0.156755 9.9982E-05 9.9982E-05 0.303576 0.326898 0.118543
0.0744009 0.110161 9.9991E-05 0.0473618 0.13088 0.210969 0.426127
0.00579991 0.125132 0.0202165 0.0427052 0.0367541 0.273835 0.495557
9.9991E-05 0.177122 0.106359 0.192442 0.0524586 0.109407 0.362111
0.186545 9.9982E-05 9.9982E-05 0.0111275 0.0783358 0.311431 0.412361
0.0596974 0.120778 9.9982E-05 9.9982E-05 0.093669 0.228992 0.496664
0.132214 0.0878434 0.00919589 0.103146 0.0381469 0.162035 0.467419
0.0794286 0.145003 9.9982E-05 9.9982E-05 0.0912247 0.164747 0.519397
0.108616 0.0148977 9.9991E-05 0.108988 0.0682116 0.158367 0.540819
0.0202662 9.9973E-05 0.793709 0.0632271 9.9973E-05 9.9973E-05 0.122498
0.0108013 0.00584126 0.82755 0.0144847 9.9982E-05 9.9982E-05 0.141123
0.0288236 0.0537734 0.819708 0.0336714 9.9982E-05 0.0638239 9.9982E-05
0.0887754 0.0206761 0.794316 0.0376814 9.9982E-05 0.0583507 9.9982E-05
9.9955E-05 9.9955E-05 0.822912 9.9955E-05 9.9955E-05 9.9955E-05 0.176588
9.9982E-05 0.0589106 9.9982E-05 0.0769032 0.0981978 0.571402 0.194386
0.0726313 0.0491831 0.00830696 0.0833105 9.9991E-05 0.140513 0.645955
0.0497964 0.066922 0.0564712 0.0177637 9.9991E-05 0.238526 0.570421
0.16259 0.0501438 9.9991E-05 0.107725 0.171829 0.400589 0.107023
0.0484483 0.059982 0.131513 9.9991E-05 0.0927256 0.655405 0.0118253
0.0616161 0.0581024 0.0108402 0.00124841 9.9991E-05 0.297169 0.570924
0.119504 0.05971 0.043103 0.0770781 0.022128 0.542044 0.136433
9.9991E-05 0.101818 0.0423964 0.046881 0.179998 0.276245 0.352561
0.0737035 0.083049 0.107564 0.0122495 0.0356687 0.535076 0.152689
9.9991E-05 0.135121 0.0352274 0.0512329 0.00702206 0.549875 0.221421
0.253269 0.0362587 9.9982E-05 0.0692194 9.9982E-05 0.275082 0.36597
0.109845 9.9973E-05 9.9973E-05 9.9973E-05 0.43895 0.1341 0.316806
0.0815398 0.0794491 0.0253377 9.9982E-05 0.319913 9.9982E-05 0.49356
0.0713565 0.0978438 9.9982E-05 9.9982E-05 0.42711 0.0524212 0.351068
0.128416 9.9982E-05 0.0557607 9.9982E-05 0.242838 0.0623365 0.510449
0.0791019 0.219573 9.9982E-05 9.9982E-05 0.496946 0.11532 0.0888591
0.0761004 0.196095 9.9982E-05 9.9982E-05 0.508043 0.0382314 0.18133
0.0834098 9.9973E-05 9.9973E-05 9.9973E-05 0.294844 0.0581388 0.563307
0.132201 0.199906 9.9982E-05 9.9982E-05 0.447244 0.0855914 0.134858
9.9973E-05 0.13813 9.9973E-05 9.9973E-05 0.268907 0.107377 0.485286
0.0545729 0.145242 9.9991E-05 0.00693376 0.0171001 0.638973 0.137078
0.194146 0.183772 9.9991E-05 0.0334825 0.0460404 0.320328 0.222131
0.0318749 0.0884343 0.0127353 0.136623 9.9991E-05 0.435128 0.295104
0.00924038 9.9991E-05 0.0840486 0.013648 0.0653214 0.183683 0.643959
9.9973E-05 0.313569 9.9973E-05 0.0518933 9.9973E-05 0.464885 0.169353
0.122758 0.05467 9.9982E-05 0.101928 9.9982E-05 0.291116 0.429329
9.9973E-05 0.247151 9.9973E-05 0.0970826 9.9973E-05 0.247689 0.407777
0.0136842 0.20826 9.9982E-05 0.0838601 9.9982E-05 0.471081 0.222914
9.9982E-05 0.139158 9.9982E-05 0.119107 0.00798433 0.456201 0.27735
0.0816129 0.0396246 9.99893E-05 9.99893E-05 0.0261769 0.223665 0.628721
0.0970018 0.122796 0.0498129 0.0308873 0.11634 0.22912 0.354042
0.163038 9.9973E-05 9.9973E-05 0.0851734 9.9973E-05 0.253719 0.49777
0.00232357 0.000304995 0.0691511 9.9991E-05 0.0853363 0.415557 0.427227
0.0626296 0.0584363 0.0352987 0.0352146 9.9991E-05 0.250937 0.557384
9.9982E-05 0.0365987 0.343355 0.0966497 0.112582 9.9982E-05 0.410615
0.000856714 0.104931 0.13124 0.227539 0.100854 0.0185751 0.416004
0.112353 0.0502011 0.0404745 0.172861 0.0492004 0.122373 0.452538
9.9982E-05 0.0361856 0.151391 0.24183 0.128105 9.9982E-05 0.442287
0.163655 0.0407495 9.9991E-05 0.0440405 0.111019 0.185098 0.455339
0.00580234 0.191857 0.126823 0.176806 0.492402 9.9991E-05 0.00620868
0.0480769 0.0900828 0.108093 0.135879 0.0554871 0.0511667 0.511214
0.119884 0.0548319 9.9982E-05 0.335394 9.9982E-05 0.103871 0.385819
9.9991E-05 0.0342847 0.148506 0.134533 0.213162 0.140715 0.3287
0.0274035 0.015671 0.0888283 0.16541 0.164673 0.0244194 0.513595
0.00521504 0.00118416 0.404843 0.184478 0.40408 9.9982E-05 9.9982E-05
9.9982E-05 0.0451095 0.214339 0.293108 0.068803 9.9982E-05 0.37844
0.00560877 0.0182171 0.119586 0.154136 0.112139 0.133021 0.457292
0.369868 0.0269224 0.0730473 0.0115644 9.9991E-05 0.0235393 0.494959
0.79968 0.145182 9.9964E-05 9.9964E-05 9.9964E-05 0.0547383 9.9964E-05
0.820548 0.0274772 0.0195829 9.9982E-05 0.0424864 0.0897053 9.9982E-05
0.0717421 9.9982E-05 0.138331 0.229473 0.132379 9.9982E-05 0.427874
0.254443 9.9982E-05 0.0700038 0.41547 0.0235932 9.9982E-05 0.23629
0.192759 0.00304691 0.170831 0.335213 0.175104 0.00656126 0.116485
0.271044 9.9973E-05 0.166293 0.305817 9.9973E-05 9.9973E-05 0.256545
0.689313 9.9982E-05 0.0411155 0.082577 0.157953 9.9982E-05 0.0288412
0.636101 9.9982E-05 0.108656 0.0591872 0.0830881 9.9982E-05 0.112769
0.335535 0.0140207 9.9973E-05 0.175554 9.9973E-05 9.9973E-05 0.47459
0.473349 9.9973E-05 0.0137139 0.118258 9.9973E-05 9.9973E-05 0.39438
0.713247 9.9973E-05 0.0744575 0.082505 9.9973E-05 9.9973E-05 0.129491
0.256868 9.9991E-05 0.0837657 0.0804744 0.0250386 0.0138343 0.539919
0.38643 0.00300932 0.0358371 0.0706256 0.0130637 9.9991E-05 0.490934
0.564883 9.9973E-05 0.0664596 9.9973E-05 9.9973E-05 0.0491854 0.319172
0.557381 0.0640055 0.0157087 0.0275985 9.9991E-05 0.0680854 0.267121
0.427328 0.00367021 0.01684 0.0997856 9.9991E-05 0.180383 0.271894
0.414702 9.9982E-05 9.9982E-05 0.0179152 0.12861 0.000801184 0.437772
0.659303 9.9973E-05 9.9973E-05 9.9973E-05 0.0166492 0.118295 0.205452
0.325114 0.00920118 0.0442682 0.02611 9.9982E-05 9.9982E-05 0.595107
0.714278 0.0363489 9.9973E-05 9.9973E-05 9.9973E-05 0.093694 0.155379
0.432641 0.0796572 0.012527 0.00261245 9.9991E-05 0.043618 0.428844
0.0254236 9.9982E-05 0.172808 0.17619 0.169885 9.9982E-05 0.455493
0.103153 9.9991E-05 0.132071 0.180233 0.092084 0.167162 0.325199
0.637139 9.9973E-05 0.218869 0.110105 0.0335875 9.9973E-05 9.9973E-05
0.172606 9.9982E-05 0.0425939 0.185211 0.0627359 9.9982E-05 0.536653
0.428402 9.9973E-05 0.377846 0.0898816 0.10357 9.9973E-05 9.9973E-05
0.28931 9.9973E-05 0.0374135 0.187194 9.9973E-05 9.9973E-05 0.485782
0.835411 0.156787 9.9964E-05 9.9964E-05 0.00740278 9.9964E-05 9.9964E-05
0.972758 0.01482 9.9964E-05 9.9964E-05 9.9964E-05 0.0120217 9.9964E-05
0.440764 0.0167489 9.9973E-05 9.9973E-05 9.9973E-05 0.0601135 0.482073
0.376269 9.9964E-05 9.9964E-05 0.0406376 9.9964E-05 9.9964E-05 0.582693
0.527499 0.0640742 9.9973E-05 9.9973E-05 0.00578904 9.9973E-05 0.402338
0.462167 0.080174 9.9964E-05 9.9964E-05 9.9964E-05 9.9964E-05 0.457259
0.496966 9.9955E-05 9.9955E-05 9.9955E-05 9.9955E-05 9.9955E-05 0.502534
0.112999 0.0165059 0.801164 0.0690313 9.9973E-05 9.9973E-05 9.9973E-05
9.9973E-05 9.9973E-05 0.688722 0.0960754 0.0589831 0.155919 9.9973E-05
9.9964E-05 9.9964E-05 0.857561 0.065419 9.9964E-05 0.0766203 9.9964E-05
0.0107088 9.9964E-05 0.901792 9.9964E-05 9.9964E-05 9.9964E-05 0.0870993
0.0680374 0.386812 0.0745891 9.9982E-05 0.0335449 9.9982E-05 0.436816
9.9973E-05 0.430578 0.0375474 9.9973E-05 9.9973E-05 0.0276317 0.503943
9.9991E-05 0.519005 0.0172084 0.0345947 0.0465526 0.157154 0.225385
0.00140607 0.319023 0.0314491 9.9973E-05 9.9973E-05 9.9973E-05 0.647822
0.150308 0.439453 9.9973E-05 9.9973E-05 0.076201 9.9973E-05 0.333738
0.0302136 9.9982E-05 0.251768 0.167648 0.031184 9.9982E-05 0.518987
0.00797346 0.407584 9.9991E-05 0.0609551 0.109947 0.00450365 0.408937
9.9973E-05 0.538563 9.9973E-05 9.9973E-05 0.0252435 0.0767272 0.359166
0.0967799 0.33052 9.9982E-05 0.0685523 9.9982E-05 0.069418 0.43453
0.109731 0.39747 0.0857812 9.9982E-05 9.9982E-05 0.0587016 0.348116
0.0766561 0.360194 9.9973E-05 0.0262617 9.9973E-05 9.9973E-05 0.536588
0.0507865 0.944691 9.9973E-05 9.9973E-05 0.0010989 9.9973E-05 0.00312368
0.0719951 0.633809 9.9982E-05 0.00262636 0.0641164 9.9982E-05 0.227253
0.0108393 0.600294 0.0320891 0.0036107 9.9991E-05 0.0233623 0.329704
0.0839322 0.806613 9.9964E-05 9.9964E-05 0.109055 9.9964E-05 9.9964E-05
0.00519046 0.377151 0.0599515 9.9982E-05 9.9982E-05 0.160328 0.39718
0.0517132 0.621232 9.9982E-05 9.9982E-05 0.232288 0.002925 0.091642
0.0989504 0.804118 9.9964E-05 9.9964E-05 0.096532 9.9964E-05 9.9964E-05
0.0494761 0.274348 0.034002 0.0313782 9.9982E-05 9.9982E-05 0.610596
9.9973E-05 0.633753 0.0393438 9.9973E-05 9.9973E-05 0.121678 0.204925
9.9982E-05 0.309145 9.9982E-05 0.106713 0.0610842 0.20099 0.321867
9.9973E-05 0.314689 0.0351247 9.9973E-05 9.9973E-05 0.102837 0.54705
0.142862 0.0957994 9.9991E-05 0.0986907 0.0923398 0.250865 0.319343
0.0635283 0.329243 0.0358071 9.9973E-05 9.9973E-05 9.9973E-05 0.571121
9.9973E-05 0.250961 0.0724736 9.9973E-05 9.9973E-05 0.146338 0.529928
0.0647189 0.601359 9.9973E-05 9.9973E-05 0.0421798 9.9973E-05 0.291442
9.9973E-05 0.0029996 0.686583 9.9973E-05 0.007422 0.302695 9.9973E-05
9.9982E-05 0.0826202 0.728821 9.9982E-05 0.0644346 0.0896992 0.034225
9.9964E-05 9.9964E-05 0.808863 9.9964E-05 0.029039 0.161698 9.9964E-05
0.01828 0.00481067 0.823804 9.9982E-05 0.0468003 0.106105 9.9982E-05
9.9973E-05 9.9973E-05 0.701644 9.9973E-05 0.0406114 0.206818 0.0506263
9.9973E-05 0.601462 0.0511685 9.9973E-05 9.9973E-05 0.184105 0.162964
0.00818834 0.680516 0.0515798 9.9982E-05 9.9982E-05 0.0747747 0.184741
0.107236 0.702937 9.9973E-05 0.0072697 9.9973E-05 9.9973E-05 0.182258
9.9982E-05 0.511553 0.0267836 0.000999586 0.113442 9.9982E-05 0.347022
9.9982E-05 0.235451 0.0273433 0.0482633 0.129337 9.9982E-05 0.559406
0.0433264 0.443276 9.9982E-05 0.165221 0.0565959 9.9982E-05 0.291381
0.123598 0.174793 0.0128915 9.9982E-05 0.105089 9.9982E-05 0.583428
0.00712888 0.486879 9.9991E-05 0.00559078 0.073359 0.130078 0.296864
9.9964E-05 0.549793 9.9964E-05 9.9964E-05 9.9964E-05 0.0808992 0.368908
9.9964E-05 0.437263 9.9964E-05 9.9964E-05 9.9964E-05 0.164355 0.397982
0.0295603 9.9982E-05 0.0643491 9.9982E-05 0.182417 0.0558784 0.667595
9.9973E-05 0.55266 0.0435702 9.9973E-05 9.9973E-05 0.0327779 0.370692
9.9982E-05 0.411978 0.0319676 0.0470582 9.9982E-05 0.138665 0.370132
9.9982E-05 9.9982E-05 0.068159 0.511968 0.0314745 0.0472074 0.340991
0.00873386 0.0242245 0.108836 0.421512 0.122824 9.9991E-05 0.31377
0.038314 0.355429 0.0496761 0.0154493 0.115046 9.9991E-05 0.425986
0.0714079 9.9982E-05 0.259169 0.60029 0.0367493 9.9982E-05 0.0321837
0.0471555 9.9982E-05 0.153052 0.455652 9.9982E-05 0.0337877 0.310153
9.9982E-05 0.11729 0.118888 0.129746 0.224228 9.9982E-05 0.409648
0.0378197 9.9982E-05 0.115679 9.9982E-05 0.183274 0.0834793 0.579548
0.0183031 9.9991E-05 0.0920945 0.0152687 0.280469 0.107179 0.486586
0.0662062 9.9982E-05 0.15805 0.465675 0.0442313 9.9982E-05 0.265638
9.9982E-05 9.9982E-05 0.104768 0.390896 0.036159 0.00399147 0.463985
0.00377047 0.007228 0.13859 0.538696 0.0724745 9.9991E-05 0.239141
0.0860873 9.9982E-05 0.119274 0.495627 0.0251903 9.9982E-05 0.273621
9.9982E-05 0.00651404 0.0371119 9.9982E-05 0.281296 0.00934706 0.665531
9.9973E-05 9.9973E-05 0.209394 0.577363 0.0498993 9.9973E-05 0.163044
9.9982E-05 0.0510095 0.0900866 9.9982E-05 0.296359 0.32698 0.235366
9.9955E-05 9.9955E-05 9.9955E-05 9.9955E-05 0.275067 9.9955E-05 0.724433
9.9973E-05 9.9973E-05 0.0612632 9.9973E-05 0.257292 0.062191 0.618954
9.9973E-05 9.9973E-05 0.101823 9.9973E-05 0.304 0.0312159 0.562661
0.019098 0.0804703 0.151998 0.2288 0.0928313 0.0349692 0.391833
0.112698 9.9982E-05 0.234365 0.254443 0.0166679 9.9982E-05 0.381627
0.014836 9.9973E-05 0.249092 0.519325 9.9973E-05 9.9973E-05 0.216447
9.9982E-05 0.0588008 0.0231295 9.9982E-05 0.235509 0.0888973 0.593463
0.0398917 0.00109569 0.0130756 0.0115435 0.635865 0.0546387 0.24389
0.226955 9.9991E-05 0.130708 0.0239749 0.0388295 0.128663 0.45077
9.9982E-05 0.0481926 0.16616 0.0406213 0.157092 9.9982E-05 0.587734
9.9964E-05 9.9964E-05 0.185913 0.159143 0.654544 9.9964E-05 9.9964E-05
9.9964E-05 9.9964E-05 0.200765 0.0597515 0.739084 9.9964E-05 9.9964E-05
0.0399135 0.025284 0.178806 0.0330807 0.245732 0.0970754 0.380109
9.9973E-05 0.0537746 0.236606 0.204194 0.505125 9.9973E-05 9.9973E-05
9.9964E-05 9.9964E-05 0.315968 0.163696 0.519936 9.9964E-05 9.9964E-05
0.148787 9.9982E-05 0.0790714 0.204377 0.301327 9.9982E-05 0.266237
0.0486565 0.0460944 0.201152 0.128781 0.195694 9.9991E-05 0.379522
9.9982E-05 0.0380018 0.209525 0.248246 0.369112 9.9982E-05 0.134915
9.9973E-05 9.9973E-05 0.22166 0.106921 0.598652 9.9973E-05 0.0724668
9.9982E-05 9.9982E-05 0.0739337 0.152964 0.296483 0.0939595 0.38246
9.9991E-05 0.0650351 0.164593 0.0696115 0.51376 0.0089812 0.17792
9.9964E-05 9.9964E-05 0.291517 0.0235645 0.684518 9.9964E-05 9.9964E-05
0.00375767 0.128046 0.148576 0.202582 0.200496 9.9991E-05 0.316442
9.9982E-05 0.101382 0.287568 0.188729 9.9982E-05 0.0860001 0.336122
0.0534583 9.9982E-05 0.11717 0.226515 0.0405605 9.9982E-05 0.562096
0.0253105 0.0661108 0.242156 0.175593 0.0710032 0.0153175 0.404509
9.9982E-05 9.9982E-05 0.344974 0.135816 0.0724814 0.0697367 0.376792
9.9973E-05 9.9973E-05 0.204265 0.158414 9.9973E-05 0.0730651 0.563956
9.9973E-05 0.129149 0.254149 0.275802 9.9973E-05 9.9973E-05 0.3406
0.0427164 9.9991E-05 0.230354 0.239945 0.0740331 0.0577581 0.355093
0.0706237 0.218081 0.169883 0.138854 0.0100534 0.138759 0.253747
9.9991E-05 0.00235723 0.287482 0.232317 0.0650161 0.0732355 0.339493
9.9982E-05 0.0377503 0.318605 0.261672 0.246982 9.9982E-05 0.134791
0.0954527 9.9982E-05 0.272827 0.310331 0.159024 9.9982E-05 0.162166
9.99639E-05 0.0409894 0.802701 9.99639E-05 9.99639E-05 0.15591 9.99639E-05
9.9964E-05 9.9964E-05 0.101571 9.9964E-05 9.9964E-05 0.763774 0.134255
0.0709954 9.9955E-05 9.9955E-05 9.9955E-05 9.9955E-05 0.928505 9.9955E-05
9.9955E-05 9.9955E-05 0.0145662 9.9955E-05 9.9955E-05 0.984934 9.9955E-05
9.9964E-05 9.9964E-05 0.0158381 9.9964E-05 9.9964E-05 0.908139 0.0756229
9.9973E-05 9.9973E-05 0.0175672 0.0574733 9.9973E-05 0.88653 0.0381295
0.0150663 9.9964E-05 9.9964E-05 9.9964E-05 9.9964E-05 0.863791 0.120743
9.9964E-05 0.0703667 0.0399776 9.9964E-05 9.9964E-05 0.889256 9.9964E-05
9.9964E-05 9.9964E-05 0.191245 0.0199215 9.9964E-05 0.788434 9.9964E-05
9.9982E-05 0.001967 0.83685 9.9982E-05 0.0528503 0.0385709 0.0695618
9.9973E-05 0.00381423 0.774636 9.9973E-05 9.9973E-05 0.117736 0.103513
9.9982E-05 0.00738057 0.841069 0.0705322 0.045762 0.0350567 9.9982E-05
0.0330991 9.9982E-05 0.764572 9.9982E-05 0.0364258 0.116903 0.0487999
9.9982E-05 0.0609852 0.882993 0.029885 9.9982E-05 0.0189622 0.00697471
0.016765 9.9982E-05 0.847916 0.00997854 0.0635799 0.0615607 9.9982E-05
9.9982E-05 9.9982E-05 0.66973 0.166613 0.00179773 0.13564 0.0260198
9.9982E-05 0.00623189 0.821196 0.0789804 9.9982E-05 0.0297821 0.0636102
0.0337445 0.0442719 0.699984 0.0334934 9.9991E-05 0.12903 0.0593761
0.0292517 0.00370467 0.882124 0.0846196 9.9973E-05 9.9973E-05 9.9973E-05
0.0364413 0.0172927 0.929993 9.9973E-05 0.0159735 9.9973E-05 9.9973E-05
0.0696469 0.00608071 0.855786 0.0433963 0.0203844 0.00460609 9.9991E-05
9.9973E-05 9.9973E-05 0.96456 0.0137871 0.00279144 0.0185617 9.9973E-05
9.9973E-05 9.9973E-05 0.890101 9.9973E-05 0.0404776 0.025767 0.0433549
9.9973E-05 0.0197255 0.872206 0.0619318 9.9973E-05 9.9973E-05 0.045837
0.00485874 9.9973E-05 0.815971 0.0442403 9.9973E-05 9.9973E-05 0.13463
9.9973E-05 9.9973E-05 0.750814 0.12838 0.00675622 9.9973E-05 0.11375
9.9964E-05 9.9964E-05 0.805099 0.0373737 9.9964E-05 9.9964E-05 0.157127
9.9964E-05 9.9964E-05 0.818424 0.0665661 9.9964E-05 9.9964E-05 0.11461
0.0195888 0.155141 0.120584 9.9991E-05 0.286135 0.0507041 0.367748
0.0220121 0.0338002 0.0156307 9.9991E-05 0.205406 0.0129076 0.710143
0.114336 0.0675348 9.9973E-05 9.9973E-05 0.630495 9.9973E-05 0.187335
0.0298539 9.9982E-05 0.030798 9.9982E-05 0.200656 0.158602 0.57989
9.9955E-05 9.9955E-05 9.9955E-05 9.9955E-05 0.776172 9.9955E-05 0.223328
9.9982E-05 9.9982E-05 0.0228605 0.0127296 0.289199 0.0707216 0.60429
9.9982E-05 0.0797819 0.0538561 9.9982E-05 0.27742 0.140633 0.44811
9.9982E-05 0.118312 0.0401559 9.9982E-05 0.225262 0.0875119 0.528558
9.9991E-05 0.405433 0.0103116 0.0440663 0.0196652 0.133342 0.387082
9.9964E-05 9.9964E-05 9.9964E-05 9.9964E-05 0.29924 0.190004 0.510356
9.9991E-05 0.0356028 0.00948913 0.00418911 0.163591 0.147325 0.639703
0.186943 0.173164 9.9982E-05 0.0894832 0.135954 0.414255 9.9982E-05
0.194865 0.0244424 9.9973E-05 9.9973E-05 0.646296 0.134097 9.9973E-05
9.9973E-05 0.035597 9.9973E-05 9.9973E-05 0.7347 0.0265976 0.202805
9.9982E-05 0.0289758 0.0709616 9.9982E-05 0.34145 0.00601696 0.552396
9.9982E-05 0.0805122 0.0630054 9.9982E-05 0.287027 0.0285008 0.540754
0.0321275 9.9982E-05 0.216997 0.125448 0.121427 9.9982E-05 0.5038
0.0440417 9.9991E-05 0.142519 0.226535 0.00832861 0.0733026 0.505173
0.0811024 0.0979896 0.440807 0.177131 9.9991E-05 0.183294 0.0195769
0.0428642 9.9991E-05 0.188234 0.115239 0.0516601 0.147076 0.454827
0.00210357 9.9973E-05 0.310601 0.181902 0.505094 9.9973E-05 9.9973E-05
9.9982E-05 0.0337568 0.288725 0.205416 0.132563 9.9982E-05 0.339339
9.9991E-05 0.140696 0.318418 0.175652 0.0695016 0.0154476 0.280185
9.9991E-05 0.0276589 0.286781 0.0564366 0.0561265 0.160327 0.41257
9.9991E-05 0.0251642 0.195551 0.180368 0.0473847 0.0440542 0.507377
0.0453766 0.171191 0.210294 0.215074 0.0483218 0.0483182 0.261424
9.9991E-05 0.0516868 0.441107 0.141445 0.0151254 0.0638668 0.286669
