0.0233313 9.9973E-05 0.0281092 9.9973E-05 0.883859 0.0644011 9.9973E-05
9.9973E-05 0.0336309 9.9973E-05 0.0393514 0.908152 0.0185654 9.9973E-05
0.0907311 9.9982E-05 0.045354 9.9982E-05 0.804345 0.0541489 0.00522099
0.00575808 0.0150959 0.0727812 9.9991E-05 0.757537 0.132386 0.0163417
0.0697854 0.0413211 0.0286094 9.9982E-05 0.855792 0.00429259 9.9982E-05
0.1687 9.9991E-05 0.0125504 0.167731 0.59376 0.0483205 0.00883783
9.9973E-05 9.9973E-05 0.0292789 0.16511 0.772927 0.0323836 9.9973E-05
0.0579564 0.0421639 9.9991E-05 0.121788 0.682326 0.0615751 0.0340907
9.99729E-05 9.99729E-05 9.99729E-05 0.0469585 0.805652 0.138048 0.00904126
0.0684206 0.0870418 0.105012 0.133928 0.59359 0.0119082 9.9991E-05
0.0203885 0.0190359 9.9982E-05 0.168067 0.690418 0.101892 9.9982E-05
0.227127 9.9973E-05 0.0902204 9.9973E-05 9.9973E-05 0.504195 0.178158
0.489332 9.9991E-05 0.0791497 0.0624594 0.0029458 0.307275 0.0587381
0.284706 0.107595 0.124296 0.0580465 0.00706328 0.418193 9.9991E-05
0.293009 0.0387005 0.183034 9.9991E-05 0.0354459 0.407272 0.0424389
0.323424 0.0534437 0.119965 0.0845022 0.122882 0.160601 0.135183
0.526072 9.9982E-05 0.0475489 0.0537369 9.9982E-05 0.223349 0.149094
0.298518 9.9991E-05 0.160614 0.0368766 0.0750884 0.324519 0.104284
0.0464759 0.0462426 0.0671675 0.148252 9.9991E-05 0.607819 0.0839435
0.339954 0.0636716 0.0945327 0.00294761 0.0186103 0.288376 0.191908
0.446854 0.0941283 0.0741094 0.15106 0.00733549 0.189922 0.0365903
0.505317 0.0789453 0.0886194 0.0195434 0.015336 0.210343 0.0818962
0.318658 0.0866122 0.0964229 0.109349 9.9991E-05 0.305743 0.0831153
0.499461 9.9991E-05 0.135537 0.0982151 0.0404575 0.215409 0.0108204
0.201498 0.0746504 0.133666 0.0126368 0.0351254 0.416811 0.125613
0.221268 9.9991E-05 0.196331 0.103028 0.00571084 0.369873 0.103689
0.234587 0.0449086 0.0443915 0.00783458 0.0422181 0.4775 0.148561
0.11645 9.9964E-05 0.0391548 9.9964E-05 0.843995 9.9964E-05 9.9964E-05
0.193366 9.9964E-05 0.00565901 9.9964E-05 0.800575 9.9964E-05 9.9964E-05
0.216801 9.9964E-05 0.012754 9.9964E-05 0.770045 9.9964E-05 9.9964E-05
0.0707506 9.9982E-05 0.095524 0.0355687 0.712299 9.9982E-05 0.0856581
0.634828 0.106338 9.9982E-05 9.9982E-05 0.0172357 0.121582 0.119818
0.596113 0.0797024 0.0237851 9.9982E-05 0.041743 9.9982E-05 0.258457
0.250325 9.9991E-05 0.0165655 0.0807632 0.0327309 0.52984 0.0896758
0.335547 0.0464746 0.00257051 0.0443607 0.050423 9.9991E-05 0.520525
0.639628 9.9982E-05 0.0160557 0.122424 0.0206876 9.9982E-05 0.201005
0.563804 9.9982E-05 9.9982E-05 0.187759 0.0975236 0.0322905 0.118424
0.570958 0.00280402 0.0329203 0.0397112 0.125932 0.0803593 0.147315
0.155134 9.9982E-05 9.9982E-05 0.0408052 0.0245518 0.151341 0.627968
0.530418 9.9991E-05 0.0795623 0.127112 0.0421747 0.10818 0.112453
0.343795 0.0598364 9.9964E-05 9.9964E-05 9.9964E-05 9.9964E-05 0.595968
9.9973E-05 0.0582929 9.9973E-05 0.27425 0.0233961 9.9973E-05 0.643761
0.203447 0.0994251 9.9982E-05 0.0526866 9.9982E-05 0.502093 0.142148
0.0870949 0.150965 0.0246461 0.36096 9.9991E-05 0.212252 0.163982
0.184 0.034239 9.9991E-05 0.159136 0.0697011 0.288152 0.264673
0.544826 0.0824417 0.0305458 0.0989017 0.0269898 0.165575 0.0507199
0.390905 0.110422 9.9991E-05 0.061765 0.127422 0.177631 0.131754
0.050766 9.9991E-05 0.104128 0.15655 0.215749 0.334086 0.138621
0.434014 0.0405816 0.0264125 0.113878 0.0561818 0.241751 0.0871808
0.0929713 9.9973E-05 9.9973E-05 0.142031 9.9973E-05 0.544322 0.220376
0.544506 0.0165588 0.0287541 0.110615 9.9991E-05 0.212931 0.0865359
0.572911 0.219363 0.0508488 0.0948021 0.0102045 0.0517713 9.9991E-05
0.265304 0.0449071 0.100293 0.140507 9.9991E-05 0.292943 0.155947
0.421944 0.0875705 0.107161 0.070506 9.9991E-05 0.216904 0.0958146
0.273821 0.082065 9.9991E-05 0.162316 0.000971923 0.342253 0.138473
0.580166 9.9964E-05 9.9964E-05 9.9964E-05 9.9964E-05 0.0652551 0.354179
0.208964 9.9973E-05 0.00878442 9.9973E-05 9.9973E-05 0.12706 0.654892
9.9955E-05 9.9955E-05 9.9955E-05 0.0786631 9.9955E-05 9.9955E-05 0.920837
9.9973E-05 0.052723 9.9973E-05 0.0172091 9.9973E-05 0.0240682 0.9057
0.222196 9.9964E-05 0.0159936 9.9964E-05 9.9964E-05 9.9964E-05 0.76141
0.444773 9.9973E-05 9.9973E-05 9.9973E-05 0.0666159 0.0495297 0.438782
0.474045 9.9982E-05 9.9982E-05 0.0542813 0.0616001 0.00926855 0.400605
0.104553 9.9982E-05 0.062198 9.9982E-05 0.00919788 0.209467 0.614384
0.198292 9.9973E-05 9.9973E-05 9.9973E-05 0.0186689 0.2984 0.48434
0.232836 9.9973E-05 0.0926296 9.9973E-05 9.9973E-05 0.0763868 0.597848
0.412314 9.9982E-05 0.0770421 9.9982E-05 0.025836 0.0845448 0.400063
0.403602 0.0634512 0.0160146 9.9973E-05 9.9973E-05 9.9973E-05 0.516633
9.9973E-05 0.0594848 0.00894441 0.217287 9.9973E-05 9.9973E-05 0.713984
0.101912 9.9973E-05 0.0341386 9.9973E-05 0.791904 0.071746 9.9973E-05
0.0826509 9.9955E-05 9.9955E-05 9.9955E-05 0.916849 9.9955E-05 9.9955E-05
0.0616598 9.9973E-05 0.04752 9.9973E-05 0.865915 9.9973E-05 0.024605
0.0438852 9.9973E-05 0.0256083 0.0212804 0.908926 9.9973E-05 9.9973E-05
0.0191863 9.9973E-05 0.0601729 9.9973E-05 0.860462 9.9973E-05 0.0598791
0.0343822 9.9973E-05 0.029078 9.9973E-05 0.899862 9.9973E-05 0.0363774
0.0399829 0.00587041 0.0325016 9.9973E-05 0.921345 9.9973E-05 9.9973E-05
0.0568115 0.0358849 9.9982E-05 9.9982E-05 0.0179792 0.116668 0.772456
0.414297 9.9973E-05 9.9973E-05 9.9973E-05 0.0356466 0.107986 0.44177
0.631676 0.0407884 0.0115612 9.9982E-05 0.0661744 9.9982E-05 0.2496
0.528709 0.0612839 0.0261692 0.0121104 0.0793278 0.0314064 0.260993
0.482557 0.00160071 0.102221 9.9982E-05 0.0231189 9.9982E-05 0.390303
9.9973E-05 0.0464519 9.9973E-05 9.9973E-05 0.0496972 0.173892 0.729659
0.30079 0.0764322 0.0172818 0.101042 0.0132804 9.9991E-05 0.491073
0.552161 0.0720128 9.9973E-05 9.9973E-05 0.0842113 9.9973E-05 0.291315
0.459324 9.9973E-05 9.9973E-05 9.9973E-05 0.0329802 0.195964 0.311432
0.244248 0.0495898 0.11982 9.9973E-05 9.9973E-05 9.9973E-05 0.586042
0.471195 9.9973E-05 9.9973E-05 9.9973E-05 0.107241 0.0966988 0.324565
0.291942 0.177768 0.0059859 0.184752 0.00809344 0.293182 0.0382767
0.438874 9.9982E-05 0.0740618 0.0740918 0.101049 0.311724 9.9982E-05
0.508447 0.0980769 9.9991E-05 0.00320485 0.106613 0.23701 0.0465484
0.527181 0.0421636 0.0521369 0.0366901 0.0381772 0.283355 0.0202964
0.473123 0.0860027 9.9982E-05 9.9982E-05 0.045359 0.360158 0.0351582
0.632126 9.9991E-05 0.00893153 0.00449839 0.0976602 0.159538 0.097146
0.553731 0.0703966 9.9964E-05 9.9964E-05 9.9964E-05 0.375472 9.9964E-05
0.519216 0.0643103 0.105494 9.9982E-05 9.9982E-05 0.255063 0.0557164
0.536423 0.0749426 0.142426 0.010893 9.9982E-05 0.235116 9.9982E-05
0.264853 0.0701505 0.0836963 0.238996 0.0604955 0.280007 0.00180227
0.674081 9.9991E-05 0.0361444 0.0461152 0.0174691 0.159267 0.066823
0.580202 0.109323 0.104745 0.0218439 0.0427636 0.141022 9.9991E-05
0.247077 0.086203 0.0384244 0.0616636 0.047099 0.382499 0.137034
0.0918116 0.138278 0.10444 0.293163 9.9991E-05 0.315283 0.0569237
0.122079 0.160841 0.023692 0.209511 9.9991E-05 0.346843 0.136934
0.275535 0.125461 9.9991E-05 0.0870621 0.0111081 0.418798 0.0819368
0.471794 0.130978 9.9973E-05 9.9973E-05 9.9973E-05 0.307741 0.0891864
0.363174 9.9964E-05 9.9964E-05 9.9964E-05 9.9964E-05 0.493849 0.142577
0.264028 0.0770851 0.0614751 9.9982E-05 9.9982E-05 0.426237 0.170975
0.497089 9.9991E-05 0.0648057 0.0628244 0.100536 0.152031 0.122614
0.244884 0.0696365 0.0480821 0.200867 9.9991E-05 0.32345 0.112981
0.529136 0.0635798 0.0604588 0.168671 0.0850456 0.00524253 0.0878664
0.0510161 0.0616013 9.9991E-05 0.529096 0.0490325 0.218657 0.0904973
0.351768 0.0716289 0.0357589 0.319384 0.0761993 0.0818343 0.0634271
0.454262 0.113737 0.110053 0.117655 0.100371 0.0151891 0.0887327
0.2864 0.0183529 9.9991E-05 0.456935 0.0396437 0.0965169 0.102051
0.248139 0.208861 9.9982E-05 0.406454 0.000878246 0.135468 9.9982E-05
0.481378 0.157919 9.9991E-05 0.173569 0.0472675 0.135401 0.0043652
0.0535854 0.19639 0.156634 0.323573 0.030096 0.0332405 0.206482
0.391492 9.9973E-05 9.9973E-05 0.291161 9.9973E-05 0.125309 0.191739
0.423719 0.0906504 0.0222329 0.169114 9.9991E-05 0.100733 0.193451
0.189142 9.9982E-05 0.211742 0.300569 0.270549 0.0277975 9.9982E-05
9.9964E-05 9.9964E-05 0.12961 0.416745 0.453245 9.9964E-05 9.9964E-05
9.9964E-05 9.9964E-05 0.128989 0.554289 0.316323 9.9964E-05 9.9964E-05
0.0629866 9.9973E-05 0.317909 0.275204 0.3436 9.9973E-05 9.9973E-05
0.707723 9.9964E-05 9.9964E-05 0.283076 9.9964E-05 9.9964E-05 0.00880107
0.262878 9.9964E-05 0.711395 9.9964E-05 9.9964E-05 0.0253269 9.9964E-05
0.399334 0.0727634 9.9973E-05 0.436713 9.9973E-05 9.9973E-05 0.0908893
0.223345 0.252728 9.9973E-05 0.487324 9.9973E-05 9.9973E-05 0.0363034
0.609903 0.0276497 9.9973E-05 0.254218 9.9973E-05 9.9973E-05 0.107929
0.454596 0.157716 9.9991E-05 0.143446 0.0248652 0.159155 0.0601216
0.622878 0.0960782 0.00923905 0.271505 9.9973E-05 9.9973E-05 9.9973E-05
0.264369 0.0661855 9.9982E-05 0.489976 9.9982E-05 0.0623629 0.116906
9.9973E-05 0.0289078 0.954435 9.9973E-05 0.0139742 9.9973E-05 0.00238259
0.114121 0.00808397 0.877395 9.9964E-05 9.9964E-05 9.9964E-05 9.9964E-05
0.325434 9.9964E-05 0.665635 9.9964E-05 9.9964E-05 0.00853096 9.9964E-05
0.119299 9.9964E-05 0.818489 9.9964E-05 9.9964E-05 9.9964E-05 0.0618124
9.995E-05 9.995E-05 0.9994 9.995E-05 9.995E-05 9.995E-05 9.995E-05
9.9955E-05 9.9955E-05 0.946612 9.9955E-05 9.9955E-05 0.0528881 9.9955E-05
0.114325 0.0451895 0.840085 9.9964E-05 9.9964E-05 9.9964E-05 9.9964E-05
0.023055 9.9973E-05 0.925656 9.9973E-05 9.9973E-05 0.037554 0.0134353
9.995E-05 9.995E-05 0.9994 9.995E-05 9.995E-05 9.995E-05 9.995E-05
9.995E-05 9.995E-05 0.9994 9.995E-05 9.995E-05 9.995E-05 9.995E-05
0.188752 0.0461444 0.74364 9.9982E-05 0.0102839 0.0109801 9.9982E-05
0.184803 9.9982E-05 0.735445 0.00537092 0.0490767 0.0251047 9.9982E-05
9.9955E-05 9.9955E-05 0.943888 9.9955E-05 9.9955E-05 9.9955E-05 0.0556121
0.22918 9.9973E-05 0.724547 9.9973E-05 0.0169053 0.0290683 9.9973E-05
0.0546696 9.9964E-05 0.888421 9.9964E-05 9.9964E-05 0.0565097 9.9964E-05
9.9955E-05 9.9955E-05 0.955692 9.9955E-05 9.9955E-05 9.9955E-05 0.043808
0.066453 9.9973E-05 0.870576 0.0164737 0.046197 9.9973E-05 9.9973E-05
9.9955E-05 9.9955E-05 0.987447 0.0120533 9.9955E-05 9.9955E-05 9.9955E-05
0.188784 0.0206384 0.629389 9.9991E-05 0.0153985 0.103952 0.0417376
0.0553343 9.9973E-05 0.861472 9.9973E-05 0.0155167 9.9973E-05 0.0673769
9.9973E-05 0.0443205 0.0487841 0.697057 0.209538 9.9973E-05 9.9973E-05
0.375902 9.9991E-05 0.0979746 0.309033 0.0741779 0.127987 0.0148255
0.425884 0.0770186 0.069821 0.200382 0.207024 9.9991E-05 0.0197705
0.162074 0.0361733 0.120943 0.487455 0.163812 9.9991E-05 0.0294427
0.198857 9.9982E-05 0.0981232 0.378684 0.182894 9.9982E-05 0.141241
0.355495 9.9982E-05 0.115425 0.406462 0.107069 9.9982E-05 0.015349
0.438681 0.00859384 0.150498 0.290835 0.101881 0.00854184 0.000968998
0.333629 9.9973E-05 0.171862 0.386663 0.107546 9.9973E-05 9.9973E-05
0.000823481 0.0044865 0.00983501 0.0505052 0.805701 0.0635552 0.065094
9.9964E-05 0.0260366 0.0442574 9.9964E-05 0.929306 9.9964E-05 9.9964E-05
9.9973E-05 9.9973E-05 9.9973E-05 0.0636071 0.91713 0.0117722 0.00719065
9.9973E-05 0.00440049 9.9973E-05 0.0346323 0.926127 0.0345399 9.9973E-05
0.0778399 9.9982E-05 0.00109878 0.0205244 0.884466 0.0158711 9.9982E-05
9.9982E-05 0.0253366 0.0827777 0.00938664 0.881132 9.9982E-05 0.00116752
0.0514146 9.9973E-05 0.0632876 9.9973E-05 0.882456 0.00254152 9.9973E-05
9.9973E-05 0.0686057 0.00690083 9.9973E-05 0.87824 0.0459534 9.9973E-05
0.0146294 0.044437 9.9973E-05 9.9973E-05 0.89454 9.9973E-05 0.0460939
9.9964E-05 9.9964E-05 0.111771 0.110187 0.777642 9.9964E-05 9.9964E-05
9.9973E-05 0.0720184 9.9973E-05 9.9973E-05 0.610206 0.269503 0.047973
9.9964E-05 9.9964E-05 9.9964E-05 9.9964E-05 0.575843 0.367408 0.0563495
9.9982E-05 0.0365808 9.9982E-05 0.138786 0.494025 0.2717 0.0587082
9.9982E-05 0.0165873 9.9982E-05 0.0523926 0.449398 0.340868 0.140554
0.409038 0.18514 0.0687187 9.9991E-05 0.0933509 0.0372214 0.206431
0.487581 0.0395436 0.0693883 0.00588623 0.0334863 0.165088 0.199027
0.398788 9.9982E-05 9.9982E-05 0.0333452 0.0820548 0.252603 0.233009
0.211163 0.107859 0.0118027 9.9982E-05 9.9982E-05 0.556604 0.112372
0.580045 9.9982E-05 0.0117672 9.9982E-05 0.0831595 0.0415039 0.283324
0.612516 0.0615814 9.9991E-05 0.0200376 0.0452007 0.0520721 0.208492
0.491736 0.0858908 0.0136868 0.0365198 9.9991E-05 0.0734396 0.298627
0.39175 0.0432759 0.0435995 0.0245122 9.9982E-05 9.9982E-05 0.496663
0.413229 9.9973E-05 9.9973E-05 9.9973E-05 0.0257962 0.111508 0.449168
9.9964E-05 0.120847 9.9964E-05 0.0699842 9.9964E-05 9.9964E-05 0.808769
0.234355 0.0268543 9.9973E-05 0.200648 9.9973E-05 9.9973E-05 0.537843
0.45661 0.0610328 0.0292335 9.9991E-05 0.0836446 0.00829523 0.361084
0.153876 9.9973E-05 9.9973E-05 9.9973E-05 0.0223522 0.210303 0.613168
0.0205102 9.9973E-05 9.9973E-05 0.125331 0.0868075 0.767051 9.9973E-05
0.0603213 0.038363 9.9982E-05 0.0107069 0.0819274 0.808481 9.9982E-05
9.9955E-05 0.0588297 9.9955E-05 9.9955E-05 9.9955E-05 0.940671 9.9955E-05
9.9964E-05 9.9964E-05 9.9964E-05 9.9964E-05 0.105813 0.834907 0.0588792
0.0556815 0.0227621 9.9982E-05 0.0191931 0.0283022 0.873861 9.9982E-05
0.0586411 9.9973E-05 0.080815 9.9973E-05 0.0063776 0.853866 9.9973E-05
0.112859 0.00889957 9.9964E-05 9.9964E-05 0.877841 9.9964E-05 9.9964E-05
0.107809 9.9973E-05 9.9973E-05 0.0285878 0.819447 0.0438557 9.9973E-05
0.183765 0.00196936 0.0495593 9.9973E-05 0.764406 9.9973E-05 9.9973E-05
0.135489 9.9973E-05 0.0514464 9.9973E-05 0.764889 0.0478756 9.9973E-05
0.0674455 9.9982E-05 0.0608457 0.0834281 0.730087 0.0579941 9.9982E-05
9.9964E-05 9.9964E-05 9.9964E-05 0.138206 0.30908 0.552315 9.9964E-05
9.9973E-05 0.0951242 9.9973E-05 0.0802132 0.395401 0.428961 9.9973E-05
9.9991E-05 0.0596864 0.0014209 0.0118546 0.447998 0.47547 0.00347059
0.151882 9.9973E-05 0.0302154 9.9973E-05 0.815426 0.00217661 9.9973E-05
9.9991E-05 0.0227116 0.0100291 0.0489251 0.356196 0.467314 0.0947234
0.240189 9.9973E-05 0.364653 0.250247 0.144611 9.9973E-05 9.9973E-05
0.50065 9.9964E-05 0.292259 9.9964E-05 0.206691 9.9964E-05 9.9964E-05
0.332624 9.9982E-05 0.221085 0.134311 0.304025 0.00775356 9.9982E-05
9.9964E-05 9.9964E-05 0.32623 0.363493 0.309877 9.9964E-05 9.9964E-05
0.490363 0.0809068 0.00784135 0.0273622 9.9982E-05 0.393327 9.9982E-05
0.372876 0.297921 9.9982E-05 0.0468343 9.9982E-05 0.24722 0.0349492
0.334985 9.9982E-05 9.9982E-05 0.0801502 0.0493824 0.530814 0.00446822
0.515334 0.121874 0.0130586 0.0187338 9.9991E-05 0.134418 0.196482
9.9973E-05 0.342043 9.9973E-05 0.263234 9.9973E-05 0.205102 0.189321
0.487965 0.225229 9.9982E-05 0.0664822 0.0361351 0.183989 9.9982E-05
0.344036 0.0103536 9.9991E-05 0.0798571 0.0110679 0.44467 0.109915
0.130584 0.187036 9.9982E-05 0.300026 9.9982E-05 0.211055 0.171099
0.441942 0.17778 0.00997567 0.101401 9.9991E-05 0.212924 0.0558785
0.516244 0.0700569 0.0430802 0.0213979 9.9991E-05 0.262322 0.0867993
0.432738 9.9991E-05 0.16574 0.0457851 0.144354 0.0813236 0.129958
0.398596 0.208047 0.0271655 0.102786 9.9991E-05 0.261634 0.00167233
0.488573 0.137215 9.9982E-05 0.0222642 9.9982E-05 0.203844 0.147904
0.510965 0.135053 0.100889 0.0179906 9.9991E-05 0.163458 0.0715445
0.606467 0.101278 9.9991E-05 0.0989781 0.0159628 0.09348 0.083734
0.610328 0.106494 0.0665265 0.0152098 0.0477551 0.0884837 0.0652021
0.173289 9.9964E-05 0.0369097 9.9964E-05 0.789401 9.9964E-05 9.9964E-05
0.122671 0.0238164 9.9973E-05 9.9973E-05 0.852647 9.9973E-05 0.000566518
0.0246604 0.0599844 0.042836 0.0412915 0.780348 0.0507797 9.9991E-05
0.0935298 0.033759 9.9982E-05 9.9982E-05 0.820313 0.0166979 0.0355007
0.182758 9.9955E-05 9.9955E-05 9.9955E-05 0.816742 9.9955E-05 9.9955E-05
0.242434 9.9973E-05 0.0229958 0.1166 9.9973E-05 0.617671 9.9973E-05
0.704483 0.0305689 0.0617577 0.100456 9.9991E-05 0.0881615 0.014473
0.593747 0.00266243 0.00605442 9.9991E-05 0.0437118 0.255896 0.0978283
0.321617 0.0824246 0.0466573 0.278438 9.9982E-05 0.270663 9.9982E-05
0.00148335 9.9982E-05 9.9982E-05 0.174239 0.0986704 0.607731 0.117676
0.535516 0.039552 0.0492521 0.032096 9.9991E-05 0.27309 0.0703935
0.13841 0.167922 0.0531644 9.9991E-05 0.0892731 0.53119 0.0199402
0.415079 0.0682499 0.0153083 0.182804 0.0594518 0.237517 0.0215904
0.151073 0.127622 0.0294355 0.0215769 0.144208 0.506666 0.0194184
0.218734 0.018343 0.0626379 0.0545189 0.0445199 0.531947 0.0692992
0.375088 0.178229 0.077098 0.0982154 0.000985913 0.252087 0.0182972
0.344153 0.0910126 9.9973E-05 0.467572 9.9973E-05 0.0969617 9.9973E-05
0.536886 0.0217602 9.9991E-05 0.194492 0.0708827 0.0441969 0.131683
0.341166 0.0603951 9.9973E-05 0.468113 9.9973E-05 9.9973E-05 0.130026
0.56874 0.0779351 9.9973E-05 0.266687 9.9973E-05 0.0863378 9.9973E-05
0.100718 0.237897 9.9982E-05 0.499288 9.9982E-05 0.0780726 0.0838252
0.286775 0.0660682 9.9973E-05 0.566834 9.9973E-05 9.9973E-05 0.0800236
0.510806 0.0716428 9.9973E-05 0.414298 9.9973E-05 0.00295402 9.9973E-05
0.189218 0.154479 9.9982E-05 0.447197 9.9982E-05 0.0820241 0.126882
0.485054 9.9973E-05 9.9973E-05 0.317554 9.9973E-05 0.115639 0.081452
0.0721311 0.108436 0.0396025 9.9982E-05 9.9982E-05 0.614489 0.165141
0.210034 0.282018 0.00844755 0.131506 9.9991E-05 0.31423 0.0536647
0.370231 0.0753184 0.0980341 9.9991E-05 0.0230728 0.408456 0.0247876
0.630897 0.030799 0.103796 0.0340644 0.0548723 0.100513 0.0450581
0.319291 0.0170082 9.9982E-05 0.0297286 9.9982E-05 0.451167 0.182605
0.478621 0.0672 0.071193 9.9991E-05 0.107907 0.188397 0.0865818
0.539479 9.9973E-05 9.9973E-05 9.9973E-05 0.0857124 0.175923 0.198586
0.212475 0.0842531 0.105607 9.9982E-05 9.9982E-05 0.401694 0.195771
0.285886 0.061112 0.126275 0.0340059 9.9991E-05 0.411751 0.0808699
0.67799 0.0596671 9.9973E-05 0.0783119 9.9973E-05 0.183731 9.9973E-05
0.334236 0.106601 0.0894126 0.0897596 0.0523717 0.228078 0.0995407
0.554427 0.168873 0.0650578 0.0203348 9.9982E-05 0.191107 9.9982E-05
0.390696 0.0209 0.0716362 0.108994 0.0320627 0.375611 9.9991E-05
0.548884 0.0891877 0.0631104 9.9991E-05 0.0559422 0.217998 0.0247778
0.455511 9.9982E-05 0.108674 0.0835845 0.307611 9.9982E-05 0.0444193
0.400625 0.0240376 0.24625 0.111518 0.170841 9.9991E-05 0.0466277
0.642534 0.0197612 0.0787427 0.0703494 0.0612219 0.0910562 0.0363348
0.40363 0.0399371 0.274362 0.00245117 0.190618 9.9991E-05 0.0889022
0.537114 0.121313 0.0281664 0.193143 9.9982E-05 0.120063 9.9982E-05
0.00104005 0.00563888 0.16257 0.518587 0.119261 0.0056602 0.187242
0.494731 0.00149771 0.119045 0.165808 0.205961 0.0128575 9.9991E-05
0.392962 0.0226194 0.260697 0.0101688 0.0804284 0.121936 0.111188
0.133298 9.9991E-05 0.192729 0.225156 0.168355 0.11733 0.163031
0.621963 9.9982E-05 0.114639 0.00317048 0.244679 0.0153493 9.9982E-05
9.9973E-05 9.9973E-05 0.188667 0.385808 0.395425 9.9973E-05 0.0297998
0.421023 9.9982E-05 0.25587 0.152404 0.134142 0.0363615 9.9982E-05
0.513885 0.0491405 0.134136 0.0649452 0.201425 0.0363688 9.9991E-05
0.385647 0.388199 0.0953017 9.9991E-05 0.0963739 0.0276245 0.00675385
9.9964E-05 0.864355 9.9964E-05 9.9964E-05 9.9964E-05 0.0684271 0.0668179
9.9973E-05 0.917207 9.9973E-05 9.9973E-05 0.0393102 0.0292397 0.0139429
0.350516 0.124317 0.310552 0.0835056 0.13091 9.9982E-05 9.9982E-05
0.220354 0.237157 0.432752 0.0383101 0.0712269 9.9982E-05 9.9982E-05
0.101667 0.186175 0.305588 0.197822 0.190377 0.000982314 0.0173886
0.326116 0.156155 0.296934 0.107286 0.113309 9.9982E-05 9.9982E-05
9.9973E-05 0.631979 0.13826 0.218513 0.0109485 9.9973E-05 9.9973E-05
0.0295386 0.62884 0.157972 0.0928583 0.0905906 9.9982E-05 9.9982E-05
0.492635 0.314568 0.15687 0.00402255 0.00860237 9.9991E-05 0.023202
0.385299 0.413429 0.13965 9.9973E-05 0.0613214 9.9973E-05 9.9973E-05
0.135867 0.700004 0.0974961 9.9973E-05 0.0663321 9.9973E-05 9.9973E-05
0.40528 0.26461 0.140493 9.9982E-05 0.0366423 0.152775 9.9982E-05
0.521075 0.342931 0.0783534 9.9973E-05 0.0573397 9.9973E-05 9.9973E-05
0.346035 0.516573 9.9982E-05 9.9982E-05 0.0312026 0.0840544 0.0219349
0.310291 0.491253 0.027838 9.9991E-05 0.0564247 0.00128971 0.112804
0.27461 0.431241 0.068154 0.0484828 0.0568575 0.0590258 0.0616286
0.495042 0.348574 0.00572323 0.103601 9.9991E-05 0.0268572 0.0201024
0.212553 0.755369 9.9964E-05 9.9964E-05 9.9964E-05 0.0316782 9.9964E-05
0.492345 0.401758 0.0613161 9.9973E-05 9.9973E-05 9.9973E-05 0.0442811
0.165263 0.693764 0.045045 9.9982E-05 9.9982E-05 0.0386995 0.0570289
0.357528 0.574644 0.00673306 9.9973E-05 0.0607944 9.9973E-05 9.9973E-05
0.363752 9.9991E-05 0.16684 0.214767 0.215591 0.0255987 0.013352
0.336764 0.0151066 0.205302 0.153714 0.179784 0.0846083 0.0247216
9.9973E-05 0.575073 0.132308 0.105931 0.186389 9.9973E-05 9.9973E-05
0.505307 0.0292102 0.228622 0.0914772 0.112756 0.0225126 0.0101146
9.9973E-05 0.307402 0.117886 0.249605 0.324806 9.9973E-05 9.9973E-05
0.482319 0.229346 0.261836 9.9973E-05 0.0261984 9.9973E-05 9.9973E-05
9.9955E-05 0.907686 9.9955E-05 9.9955E-05 9.9955E-05 9.9955E-05 0.0918139
9.9955E-05 0.997754 9.9955E-05 0.00174624 9.9955E-05 9.9955E-05 9.9955E-05
0.513566 0.475269 9.9964E-05 9.9964E-05 9.9964E-05 9.9964E-05 0.0107649
0.62186 0.267368 0.00935329 9.9973E-05 0.101119 9.9973E-05 9.9973E-05
0.344879 0.632992 9.9982E-05 0.0107342 0.00988524 0.00130961 9.9982E-05
0.440305 0.444025 0.0521439 9.9973E-05 9.9973E-05 9.9973E-05 0.0632259
0.514855 0.484645 9.9955E-05 9.9955E-05 9.9955E-05 9.9955E-05 9.9955E-05
0.0878137 0.0770993 0.0295954 9.9991E-05 0.770782 0.00960937 0.0249997
9.9982E-05 9.9982E-05 0.10843 0.0184523 0.732593 0.101469 0.0388559
9.9964E-05 9.9964E-05 0.106427 9.9964E-05 0.85596 0.037213 9.9964E-05
0.0459897 0.0210134 9.9973E-05 0.00748626 0.925211 9.9973E-05 9.9973E-05
0.607257 0.0296813 9.9982E-05 9.9982E-05 0.0446332 0.0612358 0.256993
0.511786 9.9982E-05 0.0300011 9.9982E-05 0.0182886 0.0275067 0.412217
0.259241 9.9982E-05 9.9982E-05 0.0896604 0.0323143 0.157923 0.460661
0.472191 0.106799 0.154344 9.9973E-05 9.9973E-05 9.9973E-05 0.266366
0.294574 0.11633 9.9973E-05 0.145972 9.9973E-05 9.9973E-05 0.442823
0.485951 0.0758941 0.131306 9.9973E-05 0.306549 9.9973E-05 9.9973E-05
0.369964 0.0366896 0.105607 0.034053 9.9991E-05 0.0739724 0.379614
0.415165 9.9973E-05 9.9973E-05 9.9973E-05 0.00871511 0.151131 0.424689
0.505858 0.0936818 9.9982E-05 9.9982E-05 0.0348636 0.0209237 0.344473
0.35732 0.0811782 0.065854 9.9991E-05 0.0522784 0.0601605 0.383109
0.498474 0.0388378 0.0617532 0.00463428 0.00858015 9.9991E-05 0.38762
0.0412959 0.0655546 9.9964E-05 9.9964E-05 9.9964E-05 9.9964E-05 0.89275
0.3225 0.010992 9.9991E-05 0.0851361 0.00341892 0.00380283 0.574051
0.302505 0.0992813 9.9982E-05 9.9982E-05 0.0230895 0.0326984 0.542226
9.9955E-05 9.9955E-05 9.9955E-05 0.137859 9.9955E-05 9.9955E-05 0.861642
0.378463 0.0656346 0.100554 9.9982E-05 9.9982E-05 0.0612377 0.39391
0.122018 0.0595656 0.00767586 0.284243 9.9982E-05 9.9982E-05 0.526298
9.9964E-05 0.149157 9.9964E-05 0.120853 9.9964E-05 9.9964E-05 0.72959
0.480679 0.0408565 0.0987232 0.0579805 9.9982E-05 9.9982E-05 0.321561
0.282207 9.9973E-05 9.9973E-05 9.9973E-05 0.0543183 0.081441 0.581734
0.427214 9.9991E-05 0.0287166 0.0913155 0.0084679 0.113939 0.330247
0.468056 9.9991E-05 0.0199493 0.0875005 0.0110351 0.0432131 0.370146
0.276016 0.16115 0.0679983 0.109259 9.9991E-05 0.301841 0.0836354
0.482096 9.9982E-05 0.0381909 9.9982E-05 0.044662 0.0532658 0.381585
0.495085 0.0135822 0.046959 9.9991E-05 0.0398419 0.0472759 0.357156
0.27732 9.9973E-05 9.9973E-05 9.9973E-05 0.0315337 0.00900582 0.68184
9.9964E-05 9.9964E-05 9.9964E-05 9.9964E-05 0.677963 0.316367 0.00527046
0.071481 9.9982E-05 9.9982E-05 0.0197353 0.703887 0.181147 0.0235496
9.9964E-05 9.9964E-05 9.9964E-05 0.00813936 0.774235 0.217226 9.9964E-05
9.9982E-05 0.0114254 9.9982E-05 0.0738916 0.799659 0.0735512 0.0412726
0.0295515 9.9973E-05 9.9973E-05 0.0813417 0.710597 0.17821 9.9973E-05
0.0441237 9.9982E-05 0.0583469 9.9982E-05 0.001399 0.166197 0.729734
0.176463 9.9982E-05 9.9982E-05 0.00862306 0.0824954 0.0832765 0.648943
0.179712 0.00389004 9.9973E-05 0.0308518 9.9973E-05 9.9973E-05 0.785246
0.29547 0.0788096 0.0585903 0.0624457 0.0512709 9.9991E-05 0.453314
0.693953 9.9973E-05 9.9973E-05 0.057502 0.0208923 9.9973E-05 0.227352
0.401067 9.9982E-05 0.0362843 0.0846897 0.0340608 9.9982E-05 0.443698
0.581922 9.9982E-05 9.9982E-05 0.0196604 0.0405692 0.082395 0.275253
0.288065 0.0492402 0.00129989 9.9982E-05 9.9982E-05 0.105646 0.555549
0.370101 0.00283115 0.0387844 9.9982E-05 9.9982E-05 0.110884 0.477199
0.404572 9.9964E-05 9.9964E-05 9.9964E-05 9.9964E-05 0.10227 0.492758
0.617711 9.9982E-05 0.00185981 0.227099 0.0968928 0.0562374 9.9982E-05
0.45351 9.9973E-05 9.9973E-05 9.9973E-05 0.0533712 0.000759954 0.492059
0.482249 9.9991E-05 0.0456513 0.00983682 0.0377542 0.107356 0.317053
0.387549 0.0221771 0.425457 0.09195 0.0726668 9.9982E-05 9.9982E-05
0.335398 9.9973E-05 0.411035 0.148812 0.104455 9.9973E-05 9.9973E-05
0.424761 0.0361325 0.0742564 0.198901 9.9991E-05 0.00352742 0.262322
0.0289957 0.0195973 0.625143 0.0860513 0.240012 9.9982E-05 9.9982E-05
0.311885 0.0638688 0.444324 9.9973E-05 0.179622 9.9973E-05 9.9973E-05
0.394149 9.9991E-05 0.202817 0.277968 0.0748593 0.00932641 0.0407805
0.578054 9.9973E-05 9.9973E-05 0.335046 0.0784111 0.0081883 9.9973E-05
0.488664 0.00189329 0.0180398 0.237129 0.0798755 0.100071 0.0743271
0.344639 9.9973E-05 0.430493 0.0315688 0.192999 9.9973E-05 9.9973E-05
0.387036 9.9973E-05 0.422264 0.100003 0.0903973 9.9973E-05 9.9973E-05
0.254236 0.0540675 0.493837 9.9982E-05 0.155458 9.9982E-05 0.0422015
0.208514 0.00111699 0.519045 0.127271 0.143853 9.9982E-05 9.9982E-05
0.553725 9.9973E-05 9.9973E-05 0.370759 0.0537566 9.9973E-05 0.0214591
0.191281 9.9982E-05 0.558017 0.0351269 0.209245 9.9982E-05 0.0061306
0.32038 9.9973E-05 9.9973E-05 0.297918 0.0942608 0.287141 9.9973E-05
0.586208 9.9982E-05 0.0850021 0.230463 0.0403351 0.0577924 9.9982E-05
0.588854 0.0674497 0.0348484 0.162148 0.0736791 0.0729212 9.9991E-05
0.511233 0.0122612 0.00443076 0.167217 0.117115 0.0644428 0.123301
0.348412 0.0340052 0.247321 0.0456321 0.187148 0.0676459 0.0698356
0.294038 0.0639461 0.318852 0.0790453 0.179381 0.0291127 0.0356244
0.238029 9.9973E-05 0.501331 0.0107703 0.249569 9.9973E-05 9.9973E-05
0.590052 9.9973E-05 9.9973E-05 0.286728 0.0612496 0.0616711 9.9973E-05
0.25437 0.0197957 9.9991E-05 0.615407 0.0343406 0.0208709 0.0551164
0.462005 0.107696 9.9982E-05 0.100382 0.140679 0.189038 9.9982E-05
0.478235 9.9982E-05 0.124114 0.202424 0.176158 9.9982E-05 0.0188697
9.9964E-05 9.9964E-05 0.189993 0.621424 0.188184 9.9964E-05 9.9964E-05
9.9964E-05 9.9964E-05 0.0986474 0.728765 0.172188 9.9964E-05 9.9964E-05
0.248115 0.0689624 0.110804 0.35333 0.134671 0.0329782 0.0511401
0.0409731 9.9991E-05 0.208946 0.492228 0.235702 0.0149673 0.00708382
9.9964E-05 9.9964E-05 0.225629 0.515356 0.258616 9.9964E-05 9.9964E-05
0.342114 0.088945 0.136594 0.229922 0.0760145 0.0572384 0.0691709
0.288021 0.0650626 0.161079 0.291274 0.194363 9.9982E-05 9.9982E-05
0.206351 9.9982E-05 0.1183 0.425035 0.245901 9.9982E-05 0.00421275
0.0771297 9.9973E-05 0.114432 0.561526 0.246613 9.9973E-05 9.9973E-05
0.412623 0.0120629 0.102805 0.323278 0.0886848 0.0408117 0.0197357
0.178538 9.9982E-05 0.128233 0.564154 0.10594 0.0229349 9.9982E-05
9.9964E-05 9.9964E-05 0.0326022 0.708009 0.258989 9.9964E-05 9.9964E-05
0.271275 9.9991E-05 0.249666 0.244992 0.0968938 0.10572 0.0313536
0.315848 0.00487296 0.247455 0.127324 0.242217 9.9991E-05 0.062184
0.528354 9.9973E-05 0.27136 0.0457817 0.154204 9.9973E-05 9.9973E-05
0.369087 9.9991E-05 0.26156 0.0845079 0.154316 0.0529938 0.0774356
0.348499 9.9973E-05 0.218978 0.119672 0.312552 9.9973E-05 9.9973E-05
0.544512 0.0352804 0.0943151 0.0564979 0.26461 9.9991E-05 0.00468437
0.443118 9.9973E-05 0.210283 9.9973E-05 0.304637 9.9973E-05 0.0416629
0.321965 0.0486385 0.227266 0.151904 0.250027 9.9982E-05 9.9982E-05
0.223042 0.0305701 0.200696 0.0826299 0.182454 0.068988 0.211619
0.407163 9.9973E-05 0.242108 0.0694142 0.281014 9.9973E-05 9.9973E-05
0.137059 9.9982E-05 0.226451 0.286498 0.300317 9.9982E-05 0.0494751
0.197353 0.0392107 0.269498 0.176368 0.281063 9.9991E-05 0.0364068
9.9964E-05 9.9964E-05 9.9964E-05 9.9964E-05 0.800046 0.147194 0.0523605
0.0733961 9.9982E-05 0.050908 0.0410412 0.0556676 0.778787 9.9982E-05
9.9964E-05 0.002249 9.9964E-05 9.9964E-05 0.0141233 0.983228 9.9964E-05
9.995E-05 9.995E-05 9.995E-05 9.995E-05 9.995E-05 0.9994 9.995E-05
9.9964E-05 0.0276278 0.0204108 9.9964E-05 9.9964E-05 0.951562 9.9964E-05
0.0378403 9.9964E-05 0.0481731 9.9964E-05 9.9964E-05 0.913587 9.9964E-05
0.0850462 9.9964E-05 0.00808792 9.9964E-05 9.9964E-05 0.906466 9.9964E-05
9.9964E-05 9.9964E-05 9.9964E-05 9.9964E-05 0.0359932 0.938723 0.0248835
0.00106786 0.00568948 9.9973E-05 9.9973E-05 0.205735 0.787208 9.9973E-05
0.0912933 9.9964E-05 9.9964E-05 0.0265849 0.881722 9.9964E-05 9.9964E-05
0.125935 9.9973E-05 9.9973E-05 9.9973E-05 0.781547 0.0761623 0.016056
9.9973E-05 9.9973E-05 0.0598117 0.0537989 0.853162 9.9973E-05 0.0329275
0.00330195 9.9973E-05 9.9973E-05 0.0824127 0.783302 0.130684 9.9973E-05
0.0357251 9.9973E-05 0.0379634 9.9973E-05 0.875852 0.0501593 9.9973E-05
0.00620593 0.065051 0.0101141 9.9982E-05 0.86408 0.054349 9.9982E-05
0.138147 9.9982E-05 0.115386 0.0527362 0.670359 0.0231721 9.9982E-05
9.9973E-05 0.0299076 0.107275 0.062006 0.800511 9.9973E-05 9.9973E-05
0.0291788 0.0959585 0.0804457 9.9982E-05 0.72932 0.0648971 9.9982E-05
9.99786E-05 0.0257991 0.0463333 9.99786E-05 0.902121 9.99786E-05 0.0254469
9.9964E-05 0.0394893 9.9964E-05 9.9964E-05 0.925298 0.0348126 9.9964E-05
0.058808 0.0340388 0.0459618 9.9982E-05 0.854824 0.00616746 9.9982E-05
0.00588317 9.9964E-05 9.9964E-05 9.9964E-05 0.951156 0.0425613 9.9964E-05
0.0317151 9.9982E-05 0.0563857 0.000945205 0.901692 0.00906251 9.9982E-05
0.0817753 9.9973E-05 0.0341636 9.9973E-05 0.851407 0.0323544 9.9973E-05
0.103344 9.9964E-05 0.0693706 9.9964E-05 0.826886 9.9964E-05 9.9964E-05
0.108146 9.9964E-05 0.134083 9.9964E-05 0.757371 9.9964E-05 9.9964E-05
0.179621 9.9964E-05 0.030852 9.9964E-05 0.789128 9.9964E-05 9.9964E-05
0.107027 9.9973E-05 0.0688649 9.9973E-05 0.810224 9.9973E-05 0.013585
0.446154 9.9982E-05 9.9982E-05 0.328782 0.116878 0.0529526 0.0550333
0.725146 9.9982E-05 9.9982E-05 0.145861 0.0453296 0.062468 0.0209955
0.201766 0.0838555 9.9973E-05 0.596687 9.9973E-05 9.9973E-05 0.117391
0.59351 9.9982E-05 0.0442253 0.219296 0.0763663 0.0664033 9.9982E-05
0.222238 9.9964E-05 9.9964E-05 0.73725 9.9964E-05 9.9964E-05 0.0401118
0.659615 0.0172483 0.0781327 0.224658 0.020147 9.9982E-05 9.9982E-05
0.515006 9.9973E-05 9.9973E-05 0.281916 9.9973E-05 0.102491 0.100288
0.502538 9.9982E-05 9.9982E-05 0.265066 0.0256159 0.0649882 0.141592
0.449555 0.00254144 0.0457175 9.9991E-05 0.0408554 0.0459102 0.415321
0.480471 9.9982E-05 9.9982E-05 0.285482 0.0872194 0.124444 0.0221841
0.622837 9.9973E-05 9.9973E-05 0.194574 0.067888 0.114402 9.9973E-05
9.9982E-05 0.167366 0.0844223 0.124582 9.9982E-05 0.389656 0.233773
0.0311402 0.195853 9.9982E-05 0.649589 9.9982E-05 0.0629793 0.0602385
0.203262 9.9964E-05 9.9964E-05 0.700979 9.9964E-05 0.0953592 9.9964E-05
0.582344 9.9982E-05 0.0244857 0.348225 0.0362038 9.9982E-05 0.00854188
0.664208 9.9982E-05 9.9982E-05 0.238108 0.0527944 0.0292247 0.0154644
0.544834 9.9982E-05 0.112666 0.0651802 0.216961 0.0601585 9.9982E-05
0.544636 0.0898716 0.161066 0.000636856 0.148591 0.0550989 9.9991E-05
0.115739 0.0357408 0.119205 0.0656319 0.423315 0.186236 0.0541324
0.391097 0.0272105 0.162912 0.0704627 0.18796 0.0659869 0.0943706
9.9964E-05 9.9964E-05 0.186805 0.51747 0.295325 9.9964E-05 9.9964E-05
0.345505 0.0109113 0.190689 0.205023 0.247672 9.9982E-05 9.9982E-05
0.283634 9.9982E-05 0.157217 0.172716 0.277147 0.109087 9.9982E-05
0.456417 9.9982E-05 0.0416566 0.0330749 0.356198 0.112453 9.9982E-05
0.490091 9.9973E-05 0.121624 0.154249 0.233736 9.9973E-05 9.9973E-05
0.357481 9.9982E-05 0.194592 0.102455 0.176751 9.9982E-05 0.168521
0.259726 9.9982E-05 0.122401 0.134323 0.437838 9.9982E-05 0.0455128
