9.9991E-05 0.0264807 0.895298 0.0781213
9.9982E-05 9.9982E-05 0.972559 0.0272407
9.999E-05 0.0825459 0.851118 0.0662357
9.999E-05 0.0518131 0.807337 0.14075
9.999E-05 0.0385701 0.895095 0.0662351
0.154272 0.0517057 0.674979 0.119043
0.0509482 9.9991E-05 0.877623 0.0713287
0.0920956 0.0130757 0.724157 0.170672
9.9982E-05 9.9982E-05 0.867749 0.132051
0.0350277 0.0951644 0.705011 0.164796
0.0940964 9.9991E-05 0.729783 0.176021
0.309184 0.176395 9.9991E-05 0.51432
0.265924 0.17834 0.0332547 0.522481
0.33917 0.154008 0.140047 0.366775
0.256742 0.103458 0.0460877 0.593712
0.367652 0.233712 9.9991E-05 0.398536
0.336747 0.204682 0.0219583 0.436613
0.252347 0.276895 0.0493951 0.421362
0.312261 0.141434 0.0161667 0.530139
9.9982E-05 0.126764 0.873036 9.9982E-05
0.00379078 0.140858 0.855251 9.9991E-05
0.0135868 0.116006 0.794648 0.0757587
0.0104263 0.146713 0.779188 0.0636724
0.188978 0.106584 0.0580241 0.646414
0.643045 0.0274498 0.046372 0.283133
0.879789 0.0900778 9.9991E-05 0.0300337
0.877517 9.9982E-05 0.122283 9.9982E-05
0.473341 0.0270877 9.9991E-05 0.499471
0.692382 0.0240102 0.0568258 0.226782
0.397538 0.0873098 0.0877699 0.427382
0.270391 0.0957858 0.189109 0.444714
0.370288 9.9991E-05 0.0879944 0.541618
0.500649 0.148716 0.0533272 0.297307
0.432163 0.0408587 0.0518446 0.475133
0.654243 0.112882 9.9991E-05 0.232775
0.926388 9.9982E-05 9.9982E-05 0.0734119
0.935684 9.9982E-05 9.9982E-05 0.0641158
0.89726 0.0542042 9.9991E-05 0.0484362
0.521149 0.103195 9.9991E-05 0.375556
0.529665 0.0934499 9.9991E-05 0.376785
0.892038 9.9982E-05 9.9982E-05 0.107762
9.9991E-05 0.0779032 0.836538 0.085459
0.00775379 9.99847E-05 0.992046 9.99847E-05
9.9991E-05 0.0473879 0.906619 0.045893
9.9982E-05 0.0317782 0.968022 9.9982E-05
0.0548143 0.0663733 0.878712 9.9991E-05
0.00729179 0.0693427 0.903207 0.0201585
9.9991E-05 0.0340613 0.953979 0.0118593
0.762226 9.9982E-05 9.9982E-05 0.237574
0.627894 9.9982E-05 9.9982E-05 0.371906
0.691792 0.19989 9.9991E-05 0.108218
0.447145 0.0970564 0.080991 0.374808
0.378867 0.165378 9.9991E-05 0.455655
0.534367 0.138981 0.0264679 0.300184
0.554951 0.101049 9.9991E-05 0.3439
0.447353 0.0678925 9.9991E-05 0.484654
0.301058 0.150801 0.00134365 0.546798
0.493571 0.146168 9.9991E-05 0.360162
0.595727 9.9991E-05 0.232292 0.171881
0.577068 0.0426512 0.174894 0.205387
0.614283 0.00958846 0.187883 0.188245
0.576452 0.137638 0.102445 0.183465
0.677796 0.116276 0.196907 0.00902169
0.781509 0.0633186 9.9991E-05 0.155073
0.324086 0.265084 0.41073 9.9991E-05
0.220392 0.121068 0.65844 9.9991E-05
0.298529 0.175336 0.526035 9.9991E-05
0.23954 0.337092 0.423268 9.9991E-05
0.835797 0.102489 0.0616139 9.9991E-05
0.869099 0.0954161 0.0353851 9.9991E-05
0.80586 0.0247781 0.110219 0.0591435
0.0180951 0.964812 0.0169927 9.9991E-05
9.9982E-05 0.942696 9.9982E-05 0.057104
9.998E-05 0.9997 9.998E-05 9.998E-05
9.9982E-05 0.93686 9.9982E-05 0.0629397
9.9982E-05 0.948823 9.9982E-05 0.0509766
9.998E-05 0.9997 9.998E-05 9.998E-05
9.998E-05 0.9997 9.998E-05 9.998E-05
0.0258908 0.973909 9.9982E-05 9.9982E-05
0.0111552 0.948015 0.0407297 9.9991E-05
9.9991E-05 0.893296 0.0766562 0.0299479
9.998E-05 0.9997 9.998E-05 9.998E-05
0.034142 0.886572 0.0409473 0.0383385
0.523365 0.0316506 0.444885 9.9991E-05
0.545894 0.121243 0.332763 9.9991E-05
0.532787 0.120352 0.346761 9.9991E-05
0.00410269 9.9991E-05 0.850871 0.144926
9.9991E-05 0.0787537 0.913377 0.00776972
9.9982E-05 9.9982E-05 0.964561 0.0352393
9.9982E-05 9.9982E-05 0.931219 0.068581
9.9991E-05 0.0289677 0.918321 0.0526112
9.9982E-05 0.0768063 0.922994 9.9982E-05
9.9982E-05 0.072525 0.927275 9.9982E-05
0.0755629 9.9982E-05 0.924237 9.9982E-05
0.0128312 0.0434665 0.943602 9.9991E-05
0.00145437 0.0591099 0.939336 9.9991E-05
0.0703916 9.9991E-05 0.603362 0.326146
0.0320118 9.9991E-05 0.601018 0.36687
0.178979 9.9991E-05 0.549488 0.271433
0.114252 9.9991E-05 0.463538 0.422111
0.315069 0.0459086 9.9991E-05 0.638922
0.810439 0.170965 9.9991E-05 0.0184953
0.929248 9.9982E-05 9.9982E-05 0.0705516
0.768167 0.126023 0.00247544 0.103334
0.590346 0.0263093 0.0354795 0.347865
9.9982E-05 9.9982E-05 0.0932658 0.906534
0.0425529 0.0129494 0.0051585 0.939339
9.998E-05 9.998E-05 9.998E-05 0.9997
9.9982E-05 9.9982E-05 0.0214353 0.978365
0.0440647 0.0128699 9.9991E-05 0.942965
9.9991E-05 0.0796569 0.0179508 0.902292
9.9991E-05 0.100629 0.846203 0.053068
9.9991E-05 0.0916217 0.849936 0.0583427
0.0212421 0.146486 0.832172 9.9991E-05
9.9991E-05 0.146528 0.719576 0.133796
9.9991E-05 0.124843 0.773501 0.101556
0.0610484 9.9991E-05 0.346658 0.592194
0.0580415 9.9991E-05 0.460846 0.481012
9.9991E-05 0.0189141 0.446551 0.534435
9.9991E-05 0.128546 0.811136 0.0602175
0.0413863 9.9991E-05 0.375954 0.582559
0.285835 0.459363 0.254702 9.9991E-05
0.213182 0.311342 0.475377 9.9991E-05
0.628404 0.13666 0.01788 0.217056
0.19092 0.100988 0.0675472 0.640545
0.559946 0.150014 9.9991E-05 0.289941
0.780649 9.9982E-05 9.9982E-05 0.219151
0.342927 0.0523543 0.0660765 0.538642
0.684435 0.0137271 9.9991E-05 0.301738
0.520457 0.171259 9.9991E-05 0.308184
0.457228 0.187549 0.0152612 0.339962
0.0693869 0.119657 0.810857 9.9991E-05
0.0779951 0.0403251 0.88158 9.9991E-05
0.12025 0.0579101 0.817561 0.00427934
0.1119 0.0113192 0.870093 0.00668768
0.050709 0.0635098 0.856611 0.0291704
0.282559 0.115462 9.9991E-05 0.601879
0.468389 0.148602 0.0637848 0.319224
0.243634 9.9991E-05 0.131138 0.625128
0.261729 0.0943095 0.00788534 0.636076
0.211265 0.0985711 0.125124 0.56504
0.162356 0.124694 0.116321 0.596629
0.436881 0.187217 0.0217798 0.354122
0.748282 0.101426 0.0234713 0.12682
0.814819 9.9991E-05 0.0279848 0.157096
0.844661 0.0297336 0.0236533 0.101953
0.814956 9.9991E-05 0.0642907 0.120654
0.351215 0.0563551 0.00961291 0.582817
0.514608 0.124397 9.9991E-05 0.360895
0.44966 0.0777633 9.9991E-05 0.472477
0.257734 0.195652 9.9991E-05 0.546514
0.556357 0.137235 0.306309 9.9991E-05
0.29453 0.159774 0.545596 9.9991E-05
0.882356 9.9982E-05 9.9982E-05 0.117444
0.863302 9.9991E-05 0.0372538 0.0993437
0.436119 0.441085 0.122695 9.9991E-05
0.38961 0.369002 0.241288 9.9991E-05
0.762989 0.117847 0.119064 9.9991E-05
0.661164 0.117075 0.212042 0.00971981
0.557554 0.353519 0.0472117 0.0417156
0.747655 0.135239 0.117007 9.9991E-05
0.706579 0.0579255 0.0665997 0.168896
0.75294 0.0634036 0.0491276 0.134529
0.586168 0.104933 0.296851 0.0120477
0.388851 0.114154 0.496895 9.9991E-05
0.9997 9.998E-05 9.998E-05 9.998E-05
0.991673 9.9982E-05 0.00812693 9.9982E-05
0.673634 0.19551 9.9991E-05 0.130756
0.829725 0.107682 9.9991E-05 0.0624929
0.0844865 0.036035 0.805042 0.0744368
0.033032 0.107942 0.72778 0.131246
9.9991E-05 0.0630637 0.855073 0.0817636
9.998E-05 9.998E-05 0.9997 9.998E-05
0.659689 0.0396701 0.0847491 0.215892
0.982898 9.9991E-05 0.00277473 0.0142277
0.7624 0.131793 0.0360125 0.0697945
0.9997 9.998E-05 9.998E-05 9.998E-05
0.853922 9.99936E-05 0.0438649 0.102113
0.977242 9.9982E-05 0.0225585 9.9982E-05
0.635746 0.108656 9.9991E-05 0.255499
0.838238 0.0784621 9.9991E-05 0.0831998
9.9982E-05 9.9982E-05 0.689748 0.310052
0.0734166 0.0280917 0.750325 0.148166
9.9982E-05 9.9982E-05 0.820585 0.179215
0.0172117 9.9991E-05 0.855886 0.126803
0.0202632 0.00466922 0.742574 0.232494
0.598207 0.0660546 9.9991E-05 0.335638
0.646616 0.011937 0.023864 0.317583
0.927157 0.0726432 9.9982E-05 9.9982E-05
0.633129 0.0926402 9.9991E-05 0.27413
0.655527 0.131529 9.9991E-05 0.212844
0.0437119 0.646991 0.291877 0.0174207
0.407339 0.07409 0.189881 0.32869
0.62252 0.0851938 0.269068 0.0232186
0.41993 0.135709 0.444261 9.9991E-05
0.469593 0.0546046 0.475702 9.9991E-05
0.449758 0.168443 0.3817 9.9991E-05
0.369577 0.15909 0.471233 9.9991E-05
0.400747 0.224929 0.374223 9.9991E-05
0.394913 0.159446 0.445541 9.9991E-05
0.51117 0.163796 0.324933 9.9991E-05
0.389898 0.022064 0.587938 9.9991E-05
0.30069 0.299274 0.399936 9.9991E-05
0.279107 0.359441 0.361352 9.9991E-05
0.0350145 9.9991E-05 0.80445 0.160436
0.0156805 9.9991E-05 0.0086825 0.975537
9.998E-05 9.998E-05 9.998E-05 0.9997
9.9982E-05 9.9982E-05 0.0122465 0.987554
9.9991E-05 0.0821368 0.00956729 0.908196
0.00443396 0.0462533 9.9991E-05 0.949213
9.998E-05 9.998E-05 9.998E-05 0.9997
9.9982E-05 9.9982E-05 0.22713 0.77267
0.0300891 0.00896526 0.908697 0.0522482
9.9991E-05 0.0159619 0.758901 0.225038
9.9991E-05 0.0356662 0.910387 0.0538463
0.00474917 0.018765 0.824414 0.152072
0.0310922 0.0583656 0.910442 9.9991E-05
0.0267171 9.9991E-05 0.895049 0.0781341
0.0042693 0.0968155 0.884682 0.0142329
9.9982E-05 0.0732198 0.92658 9.9982E-05
9.9982E-05 9.9982E-05 0.996468 0.00333217
0.0339485 0.0612156 0.892824 0.0120115
9.9991E-05 0.0155619 0.945321 0.0390167
0.00178314 0.0600837 0.938033 9.9991E-05
9.9991E-05 0.103198 0.857897 0.0388055
0.0241955 0.10267 0.873034 9.9991E-05
9.9982E-05 0.174523 0.825277 9.9982E-05
0.00776519 0.138918 0.823679 0.0296373
0.0380031 0.0961322 0.865765 9.9991E-05
0.506131 0.169958 0.176043 0.147868
0.774894 0.0266548 0.139753 0.0586982
0.725905 0.0223566 0.251638 9.9991E-05
0.563684 0.0763953 9.9991E-05 0.359821
0.826775 9.9991E-05 0.115616 0.0575093
0.710348 9.9991E-05 0.197883 0.0916686
0.543419 0.222413 0.126504 0.107664
0.125156 0.197204 0.437329 0.24031
0.332934 0.18636 0.480605 9.9991E-05
0.17982 0.327557 0.327431 0.165193
0.128162 0.28107 0.471807 0.118961
