9.9982E-05 0.929528 0.0702718 9.9982E-05
0.0213019 0.978498 9.9982E-05 9.9982E-05
9.999E-05 0.832977 0.154398 0.0125251
0.0261986 0.862046 0.0528187 0.0589367
9.999E-05 0.857962 0.085456 0.0564816
0.173644 0.637749 0.0828966 0.105711
0.0869159 0.896655 0.010366 0.00606266
0.156151 0.75558 0.0462833 0.0419859
0.129072 0.870728 9.9982E-05 9.9982E-05
0.102493 0.683485 0.0833669 0.130655
0.175741 0.757515 0.0379223 0.0288218
0.551238 0.0691177 0.333909 0.0457352
0.300514 0.0294579 0.569709 0.100319
0.489762 0.121788 0.287793 0.100656
0.33325 0.149924 0.3777 0.139127
0.249948 0.193319 0.502269 0.0544645
0.129525 0.0490163 0.696071 0.125388
0.330273 0.0797241 0.50094 0.0890632
0.333955 0.202848 0.372334 0.0908631
0.664897 0.16135 0.145792 0.0279606
0.350954 0.0289839 0.557047 0.0630155
0.32091 0.0678716 0.535347 0.075872
0.233106 0.0473591 0.696704 0.0228304
0.442072 0.0579658 0.404219 0.0957432
0.189353 9.9991E-05 0.663821 0.146725
0.277458 0.050603 0.58813 0.0838089
0.485676 0.110217 0.314908 0.0891993
0.451244 0.104734 0.28531 0.158712
0.540505 0.0957929 0.363603 9.9991E-05
9.9991E-05 0.834594 0.0987169 0.0665893
9.9991E-05 0.84078 0.145281 0.0138386
9.9991E-05 0.78669 0.18551 0.0277009
0.0175304 0.760431 0.107563 0.114476
0.271032 0.0192386 0.700279 0.00945065
0.232172 0.109729 0.600492 0.0576073
0.213369 0.0419839 0.744547 9.9991E-05
0.59063 0.146991 0.202703 0.059676
0.473365 0.00679281 0.507534 0.0123076
0.310357 0.09927 0.590273 9.9991E-05
0.151941 0.0209041 0.765779 0.0613759
0.185924 0.102894 0.60911 0.102072
0.10855 0.152844 0.738505 9.9991E-05
0.610031 0.0122989 0.377571 9.9991E-05
0.168516 0.084859 0.655022 0.0916031
0.192163 0.0574824 0.669723 0.0806308
0.169521 0.163477 0.529144 0.137858
0.451755 9.9982E-05 0.548045 9.9982E-05
0.154573 0.0392128 0.774321 0.0318932
0.17807 0.127692 0.598749 0.0954889
0.913682 0.0861178 9.9982E-05 9.9982E-05
0.658425 0.0583587 0.283117 9.9991E-05
0.66377 0.0422331 0.185237 0.108759
0.1506 0.192256 0.611015 0.0461292
0.151293 0.0833816 0.624764 0.140562
0.104085 0.120937 0.687512 0.0874666
0.63694 0.144837 0.198738 0.0194854
0.263873 0.0419657 0.615802 0.0783587
0.102007 0.15075 0.603825 0.143418
0.357279 0.189506 0.431774 0.0214416
0.525456 0.292048 0.122252 0.0602444
0.189921 0.126865 0.683114 9.9991E-05
0.340998 0.0696164 0.535516 0.0538693
0.724591 0.170503 0.104806 9.9991E-05
0.358512 0.00368986 0.593805 0.0439927
0.251165 9.9991E-05 0.627144 0.121592
0.1312 0.136008 0.682525 0.0502671
0.464362 0.145586 0.368886 0.0211661
0.320181 0.0503284 0.547471 0.0820195
0.16488 0.106299 0.633926 0.0948954
0.558442 0.0824475 0.35901 9.9991E-05
0.228378 9.9982E-05 0.771422 9.9982E-05
0.544199 0.0211977 0.434503 9.9991E-05
0.277838 0.0529395 0.601193 0.0680286
0.232324 0.16267 0.433952 0.171054
0.785508 9.9982E-05 0.214292 9.9982E-05
0.749489 9.9982E-05 0.250311 9.9982E-05
0.479908 9.9982E-05 0.519892 9.9982E-05
0.400454 0.0106302 0.588816 9.9991E-05
0.109576 0.0982074 0.763864 0.0283525
0.41482 0.00309842 0.545421 0.0366609
0.531625 0.048393 0.419882 9.9991E-05
0.520711 0.0411612 0.438028 9.9991E-05
0.176025 0.104232 0.672452 0.0472911
0.457285 9.9991E-05 0.531728 0.0108876
0.355909 0.0379169 0.606074 9.9991E-05
0.359621 9.9982E-05 0.640179 9.9982E-05
0.79141 9.9991E-05 0.185258 0.023232
0.187108 0.0488635 0.6568 0.107229
9.9991E-05 0.854501 0.0781586 0.0672407
9.9991E-05 0.934146 0.0648461 0.00090767
9.9991E-05 0.905389 0.0795672 0.0149438
9.9982E-05 0.947201 0.0525995 9.9982E-05
0.0434352 0.863897 0.00549988 0.0871681
9.9991E-05 0.911198 0.034018 0.0546844
9.9991E-05 0.9253 0.0419789 0.0326206
0.198763 0.114259 0.583067 0.10391
0.158636 0.0966779 0.7298 0.0148862
0.758548 9.9982E-05 0.241252 9.9982E-05
0.260416 0.0239245 0.631563 0.0840969
0.350186 0.0151394 0.629913 0.00476225
0.0971965 0.0845523 0.818151 9.9991E-05
0.205992 0.0786865 0.715222 9.9991E-05
0.272878 0.0536386 0.63462 0.0388637
0.751114 0.0837502 0.165036 9.9991E-05
0.192892 0.160503 0.563336 0.0832688
0.0993743 0.137559 0.676849 0.0862173
0.134096 0.156352 0.696292 0.0132603
0.433103 0.00381525 0.510306 0.0527754
0.288831 9.9982E-05 0.710969 9.9982E-05
0.331875 9.9991E-05 0.625905 0.0421204
0.444368 9.9991E-05 0.498828 0.0567044
0.289391 0.0978489 0.61266 9.9991E-05
0.14607 0.167374 0.620587 0.065969
0.577465 0.0652235 0.278387 0.0789246
0.202987 0.0887566 0.523339 0.184917
0.287854 0.207518 0.47394 0.0306885
0.26269 0.0562299 0.53821 0.14287
0.215697 0.0731201 0.656757 0.0544255
0.363958 0.0769868 0.558955 9.9991E-05
0.241082 0.018264 0.682345 0.0583093
0.394853 0.0571788 0.519894 0.0280744
0.212323 0.112334 0.647778 0.0275645
0.226624 0.0633458 0.610527 0.0995031
0.248199 0.0696493 0.682052 9.9991E-05
0.300462 0.0670756 0.632363 9.9991E-05
0.169562 0.0697785 0.651291 0.109369
0.201514 0.0658342 0.620428 0.112223
0.255374 0.0206307 0.637697 0.0862988
0.175211 0.0813477 0.669691 0.0737502
0.260433 9.9991E-05 0.668616 0.0708506
0.362412 0.175196 0.395793 0.0665987
0.169892 0.0680443 0.734417 0.0276466
0.161974 0.0684523 0.769474 9.9991E-05
0.548899 0.0348744 0.291587 0.124639
0.670253 9.9991E-05 0.173054 0.156594
0.186687 0.116794 0.638127 0.0583924
0.766705 9.9991E-05 0.119273 0.113922
0.521442 0.107945 0.370513 9.9991E-05
0.422137 0.0573227 0.52044 9.9991E-05
0.490367 0.0745056 0.435028 9.9991E-05
0.487927 0.0931942 0.418779 9.9991E-05
0.174003 0.0724974 0.707677 0.0458232
0.135374 0.115963 0.702105 0.0465572
0.241933 0.0465968 0.657219 0.0542504
0.654836 9.9991E-05 0.199884 0.14518
0.157409 0.282763 0.556101 0.00372686
0.354313 0.0510595 0.472041 0.122586
0.704157 0.207539 0.0882045 9.9991E-05
0.0562381 0.122758 0.773993 0.047011
0.424509 0.0553065 0.341244 0.178941
0.226079 0.128382 0.565186 0.0803524
0.462348 0.129512 0.367444 0.0406957
0.551597 0.147562 0.300741 9.9991E-05
0.264934 0.0972948 0.521457 0.116314
0.388695 0.0562667 0.52982 0.0252178
0.194119 0.0922098 0.60924 0.104431
0.287116 0.118916 0.487455 0.106513
0.16255 0.133076 0.659025 0.0453489
0.125036 0.150818 0.601787 0.122359
0.579893 0.124061 0.108424 0.187622
0.126527 0.196457 0.597737 0.0792796
0.237297 0.193535 0.544126 0.0250428
0.525483 9.9982E-05 0.474317 9.9982E-05
0.407278 9.9991E-05 0.559028 0.0335941
0.179711 0.0988839 0.571232 0.150173
0.181652 0.121823 0.544637 0.151888
0.138123 0.13558 0.528671 0.197627
0.231057 0.341115 0.0836792 0.344149
0.164766 0.607124 9.9991E-05 0.228009
0.32454 0.443885 9.9991E-05 0.231475
0.178859 0.386778 9.9991E-05 0.434262
0.152128 9.9982E-05 0.847672 9.9982E-05
0.250072 0.140539 0.508063 0.101326
0.0229987 9.9991E-05 0.302142 0.67476
0.151319 0.0107069 0.398912 0.439063
0.0756183 0.0554734 0.504318 0.364591
0.541662 0.0515959 0.382112 0.0246305
0.238435 0.061506 0.678478 0.021581
0.68964 0.0075237 0.168567 0.13427
0.295383 9.9991E-05 0.672077 0.0324393
0.40786 0.0348436 0.494037 0.0632594
0.332876 0.0410956 0.555353 0.0706751
0.618017 0.0580246 0.288487 0.0354716
0.217074 0.0539665 0.685691 0.0432684
0.196871 0.120287 0.624444 0.0583979
0.221705 0.251416 0.435143 0.091736
0.126327 0.223996 0.523755 0.125922
0.0272771 9.9982E-05 9.9982E-05 0.972523
9.9982E-05 9.9982E-05 0.132517 0.867283
0.0789658 0.0630137 0.308638 0.549382
9.9982E-05 9.9982E-05 0.314749 0.685051
9.9982E-05 9.9982E-05 0.217719 0.782082
9.998E-05 9.998E-05 9.998E-05 0.9997
0.0305851 0.0165137 9.9991E-05 0.952801
9.9982E-05 9.9982E-05 0.108502 0.891298
9.9982E-05 9.9982E-05 0.0400535 0.959746
9.998E-05 9.998E-05 9.998E-05 0.9997
9.998E-05 9.998E-05 9.998E-05 0.9997
9.9991E-05 0.0452579 0.19139 0.763252
9.9991E-05 0.0578687 0.141472 0.80056
9.998E-05 9.998E-05 9.998E-05 0.9997
0.0660927 0.0811732 0.42605 0.426684
0.0329313 0.0293114 0.28526 0.652497
9.9991E-05 0.0965477 0.195732 0.70762
9.9991E-05 0.0250947 0.138146 0.836659
9.9982E-05 9.9982E-05 0.036912 0.962888
9.9991E-05 0.0322569 0.0830414 0.884602
9.998E-05 9.998E-05 9.998E-05 0.9997
0.0831471 9.9991E-05 0.300387 0.616366
9.9991E-05 0.020268 0.100664 0.878968
0.471585 0.368101 9.9991E-05 0.160214
0.284277 0.162725 0.405007 0.14799
0.227289 0.25308 0.41087 0.108762
0.382853 0.273005 0.198682 0.14546
0.191976 0.160345 0.404171 0.243509
0.368557 0.271393 0.204054 0.155996
0.187367 0.288927 0.523606 9.9991E-05
0.17458 0.227322 0.483391 0.114707
0.262826 0.117658 0.372654 0.246862
0.197728 0.098577 0.545469 0.158227
0.156907 0.239683 0.404447 0.198963
0.139367 0.192423 0.587557 0.080652
0.211331 0.200776 0.475779 0.112114
0.0823211 0.866972 0.0506073 9.9991E-05
9.9982E-05 0.92302 9.9982E-05 0.0767803
0.0162842 0.979205 0.00441039 9.9991E-05
0.0471885 0.925906 0.0268052 9.9991E-05
9.9991E-05 0.913015 0.0670499 0.0198355
9.9982E-05 0.903925 9.9982E-05 0.0958753
9.9991E-05 0.889096 0.024387 0.0864171
0.0682369 0.914361 9.9991E-05 0.0173023
9.9982E-05 0.934196 0.065604 9.9982E-05
0.016501 0.884626 9.9991E-05 0.0987731
0.319743 0.680057 9.9982E-05 9.9982E-05
0.332308 0.663441 0.000541409 0.00370971
0.4228 0.577 9.9982E-05 9.9982E-05
0.439831 0.559969 9.9982E-05 9.9982E-05
0.351414 0.0171011 0.561094 0.0703907
0.335717 0.0385295 0.569969 0.055785
0.227853 0.0755086 0.686495 0.0101428
0.195018 0.0964992 0.593537 0.114946
0.420969 0.0520474 0.526883 9.9991E-05
0.612104 0.090717 0.297079 9.9991E-05
0.157506 0.0263812 0.786353 0.0297595
0.302984 9.9991E-05 0.686186 0.0107296
0.338252 9.9991E-05 0.643199 0.018449
0.412061 9.9991E-05 0.548361 0.0394783
0.192598 0.0254785 0.647911 0.134012
0.345159 0.055145 0.599597 9.9991E-05
0.888441 9.9991E-05 0.0669573 0.0445014
0.321439 0.030388 0.577826 0.0703466
0.582909 0.00218119 0.41481 9.9991E-05
0.341986 0.033665 0.624249 9.9991E-05
0.647831 0.0433277 0.308741 9.9991E-05
0.664767 0.273195 0.061938 9.9991E-05
0.632949 0.261437 0.105514 9.9991E-05
0.730622 0.16637 0.102909 9.9991E-05
0.642164 0.267661 0.0900757 9.9991E-05
0.718341 0.154711 0.116125 0.0108228
0.577452 0.222108 0.13918 0.0612606
9.9991E-05 0.899903 0.0564666 0.0435303
0.0402144 0.855246 0.0753791 0.0291603
9.9991E-05 0.781117 0.112104 0.10668
0.0373094 0.785033 0.10712 0.070538
0.0261106 0.765244 0.0890987 0.119546
0.54674 0.45306 9.9982E-05 9.9982E-05
0.475086 0.524714 9.9982E-05 9.9982E-05
0.47363 0.52617 9.9982E-05 9.9982E-05
9.9991E-05 0.817285 0.160298 0.0223172
0.529327 0.470473 9.9982E-05 9.9982E-05
0.0992464 0.177058 0.28594 0.437755
9.9991E-05 0.207713 0.607847 0.18434
9.9991E-05 0.183754 0.553657 0.262489
0.0852204 0.287926 0.373437 0.253416
0.0516322 0.197799 0.60815 0.14242
0.14468 0.407732 9.9991E-05 0.447488
0.396683 9.9991E-05 0.57434 0.0288768
0.517925 0.024577 0.377497 0.0800007
0.474895 0.130612 0.394394 9.9991E-05
0.392435 9.9991E-05 0.603452 0.00401212
0.9997 9.998E-05 9.998E-05 9.998E-05
0.229904 0.110676 0.636315 0.023105
0.251506 0.0811078 0.653914 0.0134721
0.46713 0.114762 0.418007 9.9991E-05
0.321765 0.0509116 0.553494 0.0738292
0.760903 0.0137361 0.215637 0.00972413
0.350656 9.9991E-05 0.53542 0.113823
0.328838 0.0363282 0.570541 0.0642932
0.230071 0.145432 0.454466 0.170031
0.498167 9.9991E-05 0.420695 0.0810386
0.409443 0.0410216 0.549436 9.9991E-05
0.27267 0.0636768 0.584868 0.0787847
0.282072 0.0333988 0.684429 9.9991E-05
0.222438 0.0691135 0.618126 0.0903226
0.153731 0.171963 0.66979 0.00451643
0.243591 0.111159 0.594125 0.0511247
9.9991E-05 0.809278 0.151711 0.0389115
9.9991E-05 0.852258 0.130217 0.0174247
0.0772853 0.818864 0.103751 9.9991E-05
0.051309 0.838729 0.109862 9.9991E-05
9.9982E-05 0.852028 0.147772 9.9982E-05
0.582369 0.107801 0.30973 9.9991E-05
0.305519 0.0273643 0.51725 0.149867
0.0768754 0.192066 0.525834 0.205225
0.166008 0.0606428 0.733123 0.0402262
0.312992 0.158631 0.528277 9.9991E-05
0.647184 9.9991E-05 0.170787 0.181929
0.747751 0.234744 0.0174043 9.9991E-05
0.288321 0.0491219 0.621156 0.0414004
0.546556 0.171417 0.281927 9.9991E-05
0.370417 0.0798637 0.462643 0.0870762
0.594467 0.225296 0.176489 0.00374847
0.164249 0.163334 0.572732 0.0996845
0.544539 0.150869 0.28604 0.0185519
0.193515 0.171742 0.520839 0.113904
0.466297 0.0693411 0.365639 0.0987232
0.279395 0.0723121 0.528983 0.119311
0.501713 0.0334562 0.402865 0.0619661
0.224893 0.112039 0.627917 0.0351506
0.272999 0.108071 0.57703 0.0419006
0.541936 0.0118284 0.446136 9.9991E-05
0.158355 0.108226 0.67096 0.062459
0.259214 0.0684988 0.540238 0.132048
0.222591 0.0859453 0.691364 9.9991E-05
0.779001 9.9991E-05 0.177481 0.0434176
0.611657 0.0104216 0.370911 0.0070104
0.343023 0.0502308 0.588965 0.0177809
0.171394 0.171517 0.604536 0.0525525
0.721525 0.0380374 0.240337 9.9991E-05
0.351147 0.0215736 0.627179 9.9991E-05
0.591458 0.135812 0.272631 9.9991E-05
0.630855 9.9991E-05 0.247978 0.121068
0.337874 0.119709 0.476486 0.0659305
0.189217 0.0160243 0.67601 0.118748
0.619523 0.0280017 0.335471 0.0170043
0.292177 0.116299 0.497239 0.0942843
0.148994 0.0856068 0.706566 0.058833
0.361311 0.00616918 0.491957 0.140563
0.313116 0.0403743 0.491445 0.155065
0.357418 0.0585488 0.573826 0.0102065
0.515018 0.0262571 0.312716 0.146009
0.481311 0.0817251 0.293074 0.143889
0.249582 0.00283271 0.663648 0.0839382
0.260988 0.0290005 0.601325 0.108687
0.496241 0.0342486 0.384468 0.0850425
0.341025 9.9991E-05 0.529279 0.129597
0.414756 0.0954077 0.387218 0.102618
0.193079 0.116528 0.679351 0.0110418
0.285074 0.0706353 0.503013 0.141277
0.218364 0.0448738 0.5754 0.161362
0.0605634 0.364014 0.317503 0.257919
0.0815426 0.173525 0.568279 0.176653
0.0806809 0.216298 0.566705 0.136316
0.0982937 0.136225 0.671475 0.0940056
0.132257 0.160496 0.463247 0.244
0.363833 9.9991E-05 0.589082 0.0469853
0.0689148 0.166907 0.683628 0.0805498
0.52157 0.228725 9.9991E-05 0.249605
0.0839802 0.133746 0.682292 0.0999818
0.0765279 0.152648 0.644504 0.12632
0.11708 0.120407 0.552139 0.210375
0.317423 0.163541 0.305689 0.213347
0.153161 0.15976 0.496085 0.190994
0.0491331 0.206033 0.58629 0.158543
0.277071 0.47722 9.9991E-05 0.245609
9.9991E-05 0.192341 0.573136 0.234423
9.9991E-05 0.210018 0.602494 0.187387
0.15846 0.11919 0.572103 0.150247
0.0863098 0.166105 0.491879 0.255706
0.122303 0.190225 0.596432 0.0910401
0.306978 0.0615489 0.631374 9.9991E-05
0.141889 0.118027 0.65818 0.0819038
0.885391 9.9991E-05 0.0866118 0.0278971
0.182025 0.19229 0.527946 0.0977393
0.231146 0.136747 0.554563 0.0775442
0.878203 9.9991E-05 0.0635928 0.0581042
0.270247 0.0455798 0.576849 0.107324
0.258452 0.247103 0.494345 9.9991E-05
0.163236 0.0758819 0.366246 0.394636
0.173428 0.103146 0.321005 0.402421
0.267088 0.21844 0.143418 0.371054
0.0877255 0.218851 0.408445 0.284979
0.106249 0.190295 0.601952 0.101504
0.584889 0.0838606 0.0937252 0.237525
0.470734 0.102196 0.201525 0.225546
0.176355 9.9991E-05 0.646839 0.176706
0.259439 0.00862975 0.512893 0.219038
0.459816 0.0574718 0.273631 0.209081
0.233074 0.0455646 0.58693 0.134432
0.268366 0.020074 0.510806 0.200754
0.166486 0.175072 0.433072 0.22537
0.40328 0.0634755 0.533145 9.9991E-05
0.461104 0.0482583 0.403311 0.0873276
0.17915 0.203474 0.616553 0.00082297
0.294369 9.9991E-05 0.56884 0.136691
0.367601 0.064067 0.520773 0.0475587
0.219882 0.125622 0.537181 0.117315
0.309364 0.103658 0.412933 0.174044
0.323307 0.0101024 0.660564 0.0060273
0.651975 9.9991E-05 0.316925 0.0309998
0.216665 0.0288548 0.731943 0.0225371
0.230857 0.119651 0.507544 0.141947
0.589726 9.9991E-05 0.357486 0.0526879
0.414772 0.0256919 0.519252 0.0402842
0.178802 0.103305 0.650251 0.0676426
0.325357 0.0108868 0.599084 0.0646715
0.106917 0.185676 0.626138 0.0812696
0.199743 0.194323 0.435334 0.170601
0.12957 0.175402 0.449376 0.245652
0.118331 0.232938 0.480103 0.168629
0.209177 0.189638 0.405875 0.195309
0.223018 0.188969 0.490454 0.0975598
0.221026 0.0942597 0.448759 0.235956
0.15984 0.140574 0.509471 0.190115
0.541899 0.182956 9.9991E-05 0.275045
0.06602 0.0752757 0.646537 0.212167
0.361866 0.368048 9.9991E-05 0.269986
0.105672 0.110092 0.568323 0.215914
0.203651 0.219874 0.343267 0.233209
0.742243 9.9982E-05 0.257557 9.9982E-05
0.938734 9.9982E-05 9.9982E-05 0.0610659
0.415113 9.9991E-05 0.582514 0.00227317
0.143219 0.0363448 0.748207 0.0722294
0.42075 9.9982E-05 0.57905 9.9982E-05
0.252748 0.00178054 0.709596 0.0358752
0.345679 9.9991E-05 0.608095 0.0461268
0.02598 0.805476 0.124109 0.0444344
0.105817 0.81321 9.9991E-05 0.0808721
9.9982E-05 0.899026 9.9982E-05 0.100774
9.9982E-05 0.96507 0.03473 9.9982E-05
0.308338 0.0298198 0.661742 9.9991E-05
0.243626 0.0617204 0.63631 0.0583434
0.276592 0.0295437 0.693765 9.9991E-05
0.151215 0.118543 0.730142 9.9991E-05
0.305986 0.0898006 0.604114 9.9991E-05
0.465355 0.0902229 0.444322 9.9991E-05
0.170207 9.9991E-05 0.772493 0.0571995
0.472875 9.9982E-05 0.526926 9.9982E-05
0.0436788 0.277688 0.465486 0.213147
0.423429 9.9991E-05 0.508918 0.0675529
0.439272 9.9982E-05 0.560528 9.9982E-05
0.244 0.13279 0.553643 0.0695663
0.269638 9.9991E-05 0.682627 0.047635
0.432152 0.0339018 0.533846 9.9991E-05
0.250615 9.9982E-05 0.749185 9.9982E-05
0.281924 0.0373597 0.640118 0.0405977
0.677158 9.9982E-05 0.322642 9.9982E-05
0.515509 9.9982E-05 0.484291 9.9982E-05
0.448744 0.0154783 0.535678 9.9991E-05
0.871009 9.9982E-05 0.128791 9.9982E-05
0.194527 0.226807 0.356404 0.222263
0.270481 0.0964292 0.627445 0.00564505
0.701774 9.9991E-05 0.242809 0.0553175
0.833626 9.9991E-05 0.133366 0.0329082
0.248537 0.0335826 0.678975 0.0389053
0.522689 0.0277833 0.449428 9.9991E-05
0.454297 0.0140372 0.436861 0.0948045
0.177992 0.0067865 0.685987 0.129234
0.258798 0.0116198 0.729482 9.9991E-05
0.521066 9.9991E-05 0.356151 0.122684
0.283679 0.0107713 0.663464 0.0420859
0.342967 0.0530536 0.603879 9.9991E-05
0.496296 9.9982E-05 0.503504 9.9982E-05
0.272008 0.0372317 0.605155 0.0856057
0.241427 0.758373 9.9982E-05 9.9982E-05
0.131537 0.79759 0.0707732 9.9991E-05
0.124595 0.875205 9.9982E-05 9.9982E-05
0.0985481 0.901252 9.9982E-05 9.9982E-05
0.117446 0.798091 0.0843629 9.9991E-05
0.590405 0.0670471 0.342448 9.9991E-05
0.585355 0.0961663 0.318379 9.9991E-05
0.583613 9.9982E-05 0.416187 9.9982E-05
0.239603 0.128893 0.548623 0.0828809
0.150851 0.121162 0.606544 0.121442
0.479338 0.000793479 0.519769 9.9991E-05
0.131047 9.9991E-05 0.777476 0.0913772
0.294022 0.0793981 0.585809 0.0407704
0.19494 0.240379 0.502888 0.0617934
0.266903 0.00142171 0.731576 9.9991E-05
0.246181 0.023138 0.715717 0.0149634
0.515695 9.9982E-05 0.484105 9.9982E-05
0.43963 9.9991E-05 0.549231 0.0110383
0.428429 9.9982E-05 0.571371 9.9982E-05
0.175848 0.156254 0.667798 9.9991E-05
0.377598 9.9982E-05 0.622202 9.9982E-05
0.336176 0.0360139 0.627711 9.9991E-05
0.0650255 0.036938 0.449033 0.449003
0.0320807 0.0959759 0.432049 0.439895
0.00607203 0.0799234 0.402398 0.511606
0.0665799 0.116199 0.265843 0.551379
0.0566561 0.163178 0.480894 0.299272
0.311482 0.0395005 0.577874 0.0711432
9.9991E-05 0.286104 0.0740579 0.639738
9.9991E-05 0.156729 0.304412 0.538759
0.234164 0.154266 0.434698 0.176872
0.200135 0.152252 0.633804 0.0138087
0.308187 0.143429 0.479902 0.068482
0.124322 0.157216 0.717041 0.00142115
0.138746 0.147193 0.65242 0.061641
9.9991E-05 0.162862 0.331053 0.505985
0.065386 0.198434 0.325481 0.410699
9.9991E-05 0.0770968 0.371813 0.55099
0.0406938 0.140793 0.543495 0.275019
0.0377559 0.0819588 0.343394 0.536891
0.0706394 0.135054 0.528634 0.265672
0.0908816 0.058468 0.237387 0.613263
0.0987187 0.157188 0.386452 0.357641
0.184484 0.140933 0.638049 0.0365343
0.0185799 0.157833 0.505282 0.318305
9.9991E-05 0.20151 0.180378 0.618011
0.155986 0.139643 0.401094 0.303276
0.139681 0.146048 0.417831 0.296441
0.128719 0.15437 0.329731 0.38718
0.484435 0.226384 0.289081 9.9991E-05
0.274612 0.00856469 0.556683 0.16014
0.0885938 0.173326 0.410884 0.327196
0.158643 0.183608 0.512824 0.144924
0.173862 0.178594 0.607719 0.0398245
0.175453 0.196658 0.62779 9.9991E-05
0.145436 0.167517 0.493803 0.193244
0.0941143 0.229357 0.347197 0.329331
0.165346 0.101258 0.574414 0.158982
0.137945 0.162327 0.392866 0.306862
0.224835 0.128327 0.384831 0.262007
0.0102436 0.0965526 0.58393 0.309274
9.9991E-05 0.081834 0.482624 0.435442
9.9991E-05 0.244819 0.166664 0.588417
0.194497 0.0537514 0.637656 0.114096
0.247244 0.147319 0.605337 9.9991E-05
0.496225 0.155803 0.221379 0.126594
0.121882 0.134715 0.633495 0.109908
0.350651 0.128801 0.469194 0.0513531
0.0559332 0.166224 0.568236 0.209607
0.146797 0.161571 0.640794 0.0508383
0.419614 0.307869 9.9991E-05 0.272417
0.42506 0.353621 9.9991E-05 0.221219
0.34323 0.181876 0.285895 0.188998
0.369891 0.324824 9.9991E-05 0.305185
0.280001 0.421591 9.9991E-05 0.298308
0.215865 0.163582 0.444933 0.17562
0.225339 0.209263 0.361215 0.204183
0.311513 0.254897 0.122129 0.31146
0.360732 0.307714 0.0816486 0.249905
0.223774 0.04695 0.533716 0.19556
0.420218 0.202238 0.0974725 0.280071
0.167735 0.179552 0.485707 0.167007
0.32756 0.496967 9.9991E-05 0.175373
0.168799 0.127147 0.460248 0.243806
0.222153 0.151401 0.328708 0.297738
0.0543717 0.296485 0.509723 0.13942
9.9991E-05 0.120599 0.647202 0.232098
0.118563 0.188781 0.544782 0.147875
9.9991E-05 0.169653 0.678017 0.152229
0.0996943 0.169725 0.397959 0.332622
0.0485912 0.405933 0.35725 0.188225
9.9991E-05 0.278302 0.569509 0.152088
9.9991E-05 0.292277 0.488284 0.219339
0.151636 0.252634 0.352253 0.243477
0.270917 0.216421 0.406688 0.105975
0.133274 0.173673 0.522173 0.17088
0.0937355 0.146272 0.567143 0.192849
0.137789 0.0873332 0.643134 0.131744
0.0527178 0.280249 0.32777 0.339263
0.0693539 0.165135 0.571486 0.194025
0.180188 0.353425 0.139117 0.32727
0.0370523 0.222709 0.422139 0.318099
0.140015 0.226639 0.236119 0.397226
0.131173 0.867544 0.00118317 9.9991E-05
0.642586 0.183461 0.173854 9.9991E-05
0.803472 0.186582 0.00984566 9.9991E-05
0.747871 0.214136 0.0378935 9.9991E-05
0.694938 0.199952 0.105011 9.9991E-05
0.618856 0.20726 0.173784 9.9991E-05
0.68274 0.140277 0.176883 9.9991E-05
0.752953 0.246847 9.9982E-05 9.9982E-05
0.545555 0.386443 0.0679014 9.9991E-05
0.0061923 0.899193 0.0865941 0.00802054
0.0324717 0.854565 0.112863 9.9991E-05
0.0380744 0.890758 0.0182906 0.0528774
0.103341 0.865334 0.0312259 9.9991E-05
0.00572244 0.935454 0.0188912 0.0399321
0.0830164 0.9092 0.00500281 0.00278086
0.0606793 0.683633 0.0615277 0.19416
9.9991E-05 0.847254 0.0408554 0.11179
0.18133 0.691485 0.0118123 0.115373
9.9982E-05 0.916159 9.9982E-05 0.0836411
0.0325834 0.967217 9.9982E-05 9.9982E-05
9.9991E-05 0.881667 0.0163833 0.10185
9.9982E-05 0.988327 9.9982E-05 0.0114734
9.9991E-05 0.94323 0.0489251 0.00774454
9.9991E-05 0.873992 0.0370304 0.0888776
9.9991E-05 0.836508 0.0758756 0.0875164
9.9991E-05 0.766785 0.0933362 0.139779
9.9991E-05 0.76466 0.156828 0.0784127
9.9991E-05 0.796484 0.144601 0.0588151
0.312533 0.133848 0.469063 0.0845564
0.13036 0.0899606 0.774665 0.00501479
0.0748388 0.131657 0.764578 0.028926
0.609118 0.0791273 0.211165 0.10059
0.182627 0.189226 0.599534 0.0286122
0.603437 0.129767 0.155661 0.111135
0.103933 0.181681 0.652824 0.0615622
0.334828 0.116617 0.548455 9.9991E-05
0.249311 0.140844 0.609745 9.9991E-05
0.280789 0.0809974 0.630367 0.00784624
0.325263 0.130659 0.543977 9.9991E-05
0.14477 0.126722 0.728409 9.9991E-05
0.188882 0.161574 0.649444 9.9991E-05
0.804173 9.9991E-05 0.0621216 0.133605
0.829017 0.0821126 0.00590478 0.0829656
0.593767 0.129558 0.169572 0.107103
0.206634 0.0757856 0.598118 0.119463
0.173278 0.166404 0.615679 0.0446394
0.213209 0.126958 0.655322 0.00451103
0.0938696 0.155237 0.68848 0.0624133
0.00853546 0.256927 0.594942 0.139595
9.9991E-05 0.203217 0.67293 0.123753
0.24602 0.445778 0.152185 0.156017
0.0998582 0.160259 0.720008 0.0198753
0.173317 0.230232 0.437401 0.15905
0.352429 0.397217 9.9991E-05 0.250254
0.0448742 0.321664 0.409254 0.224208
0.120676 0.329501 0.375278 0.174545
0.0434353 0.379928 0.495918 0.0807184
0.199645 0.164218 0.431599 0.204537
0.0125529 0.189392 0.591603 0.206452
0.0232774 0.145325 0.741214 0.090184
0.173912 0.152796 0.504565 0.168727
0.0254697 0.48115 0.30631 0.18707
