0.0608084 9.9964E-05 9.9964E-05 9.9964E-05 0.0605889 9.9964E-05 0.823129 0.0214756 0.0335985
9.9946E-05 0.084273 9.9946E-05 9.9946E-05 0.0268312 9.9946E-05 0.888296 9.9946E-05 9.9946E-05
0.0479807 9.9982E-05 9.9982E-05 0.0640635 0.0471085 0.0248007 0.739708 0.0465938 0.0295452
0.109039 9.9973E-05 9.9973E-05 0.0103621 0.0605543 0.0136424 0.748075 9.9973E-05 0.0580273
0.0307449 9.9955E-05 0.0259217 9.9955E-05 9.9955E-05 9.9955E-05 0.870966 9.9955E-05 0.0718681
0.0173253 0.00124742 0.203634 9.9973E-05 9.9973E-05 0.0487418 0.671849 9.9973E-05 0.0569031
0.027569 9.9982E-05 0.0455741 0.0418839 0.0573784 0.0083895 0.816363 9.9982E-05 0.00264192
0.0461144 9.9982E-05 0.0850814 9.9982E-05 0.0420811 0.0560451 0.743842 0.00343609 0.0231995
0.0698727 9.99639E-05 9.99639E-05 0.00121335 9.99639E-05 0.0836749 0.824368 0.0204716 9.99639E-05
9.9973E-05 9.9973E-05 0.136555 0.0624758 0.0427037 0.0463022 0.585574 9.9973E-05 0.12609
0.12959 0.0591983 0.0958917 9.9955E-05 9.9955E-05 9.9955E-05 0.714821 9.9955E-05 9.9955E-05
9.9937E-05 0.92263 9.9937E-05 9.9937E-05 9.9937E-05 9.9937E-05 9.9937E-05 9.9937E-05 0.0766703
9.9964E-05 0.839142 9.9964E-05 0.0857922 0.0135872 0.0169069 9.9964E-05 9.9964E-05 0.0441719
9.9955E-05 0.750676 9.9955E-05 9.9955E-05 0.0155198 9.9955E-05 0.0958897 9.9955E-05 0.137414
0.0522773 0.911541 0.0309731 9.9955E-05 9.9955E-05 9.9955E-05 0.0047089 9.9955E-05 9.9955E-05
9.9955E-05 0.826171 0.0285651 9.9955E-05 0.00226412 9.9955E-05 9.9955E-05 9.9955E-05 0.1425
9.9946E-05 0.928214 9.9946E-05 9.9946E-05 0.0259375 9.9946E-05 9.9946E-05 9.9946E-05 0.0452489
9.9973E-05 0.72335 9.9973E-05 0.0146242 0.0057579 9.9973E-05 0.0470858 0.0471816 0.1617
9.9964E-05 0.921238 9.9964E-05 0.0237837 9.9964E-05 0.0239284 0.01046 9.9964E-05 0.0201898
9.993E-05 9.993E-05 9.993E-05 9.993E-05 0.999201 9.993E-05 9.993E-05 9.993E-05 9.993E-05
9.993E-05 9.993E-05 9.993E-05 9.993E-05 0.999201 9.993E-05 9.993E-05 9.993E-05 9.993E-05
0.00909098 0.0417901 9.9973E-05 9.9973E-05 0.316204 9.9973E-05 0.523205 0.0267831 0.082627
9.9964E-05 9.9964E-05 9.9964E-05 0.0501581 0.222597 9.9964E-05 0.566799 0.0762232 0.083823
0.194246 0.648942 9.9982E-05 0.0044762 9.9982E-05 0.0267478 0.0621862 0.0307022 0.0324998
9.9973E-05 0.270028 9.9973E-05 0.0200143 0.0157972 0.00108988 0.0707669 0.622004 9.9973E-05
0.0319192 0.0519567 0.0471309 0.0442265 0.0256455 9.9982E-05 9.9982E-05 0.690476 0.108446
0.0573536 9.9955E-05 9.9955E-05 0.178773 9.9955E-05 9.9955E-05 0.0121422 0.751232 9.9955E-05
0.189282 0.340978 0.116365 0.0231295 0.0288666 0.0439618 9.9991E-05 0.215563 0.0417527
9.9964E-05 0.330206 0.0958016 0.288534 9.9964E-05 0.050636 9.9964E-05 0.234423 9.9964E-05
0.261392 0.219922 9.9991E-05 0.0486795 0.0224756 0.0537674 0.0300507 0.299126 0.0644871
9.9991E-05 0.563934 0.0716716 0.0729648 0.011706 0.0785858 0.168784 0.00591159 0.0263418
0.0364975 0.730357 9.9973E-05 0.0680249 0.0323069 0.0631433 9.9973E-05 0.0693708 9.9973E-05
9.9982E-05 0.571438 0.0548214 0.12932 0.00921985 9.9982E-05 0.0257122 0.105675 0.103614
0.0340898 0.628439 0.0604912 9.9982E-05 0.0657384 0.0294803 0.0160429 0.165519 9.9982E-05
9.9973E-05 0.281021 9.9973E-05 9.9973E-05 0.00511248 0.00100368 0.0178967 0.633319 0.0613473
9.9946E-05 9.9946E-05 9.9946E-05 0.0701814 9.9946E-05 0.00869938 9.9946E-05 0.92052 9.9946E-05
9.9955E-05 0.0756606 0.042155 9.9955E-05 0.0263978 9.9955E-05 9.9955E-05 0.855287 9.9955E-05
9.9964E-05 0.0564236 9.9964E-05 9.9964E-05 9.9964E-05 0.000353748 0.0269007 0.853192 0.0627306
0.12584 0.153209 9.9973E-05 9.9973E-05 9.9973E-05 0.0332216 0.0449139 0.568345 0.0741704
0.124254 0.130243 9.9982E-05 9.9982E-05 0.0374618 0.0893345 0.0209693 0.507496 0.0900421
0.0822846 9.9973E-05 0.11865 0.0827495 9.9973E-05 0.0048711 0.00818537 0.702959 9.9973E-05
0.0337549 0.0837487 9.9982E-05 9.9982E-05 0.0614839 0.0157569 0.718575 0.0112202 0.0752606
0.00650793 9.9973E-05 9.9973E-05 0.0122904 0.13941 9.9973E-05 0.802697 0.0209521 0.0178427
9.9973E-05 0.0227679 9.9973E-05 0.0405815 0.129036 9.9973E-05 0.752385 0.0287487 0.0261816
9.9955E-05 9.9955E-05 9.9955E-05 0.0515454 0.110834 9.9955E-05 0.826395 9.9955E-05 0.0107262
9.9964E-05 9.9964E-05 9.9964E-05 0.0691946 0.108909 9.9964E-05 0.746934 0.0175994 0.0569631
9.9964E-05 9.9964E-05 9.9964E-05 0.0510708 0.110855 0.00968742 0.780573 9.9964E-05 0.0474134
9.9964E-05 0.0289853 9.9964E-05 0.0217335 0.0587476 9.9964E-05 0.869585 9.9964E-05 0.0205491
0.0379097 0.116341 0.0203466 9.9964E-05 9.9964E-05 9.9964E-05 0.071469 0.753534 9.9964E-05
9.9955E-05 0.341057 9.9955E-05 9.9955E-05 9.9955E-05 0.0213476 0.0449824 0.592113 9.9955E-05
0.00435454 0.0870436 0.0593356 9.9982E-05 0.00222072 0.01436 9.9982E-05 0.605094 0.227391
0.148888 0.323678 0.234009 0.0562301 0.0231566 0.021457 0.0671091 0.0903748 0.035097
0.199412 0.332724 0.166943 9.9982E-05 0.00589272 9.9982E-05 0.0102688 0.135878 0.148683
0.0577887 0.357492 0.205677 0.166721 0.0309095 0.0685628 9.9991E-05 0.0971439 0.0156053
0.0609439 0.148005 0.308298 0.0495415 0.00472881 0.177911 9.9991E-05 0.182334 0.0681372
0.0755742 0.614931 0.160382 9.9973E-05 9.9973E-05 9.9973E-05 0.0465021 0.0801442 0.0221666
0.135589 0.596016 0.0483282 9.9982E-05 9.9982E-05 0.00963791 0.000267228 0.114921 0.0950414
0.180396 0.260056 0.0934458 0.177878 9.9982E-05 0.0186706 9.9982E-05 0.198865 0.0704886
0.118299 0.0686588 0.340428 0.22762 9.9982E-05 0.0317884 0.0954267 0.117579 9.9982E-05
0.127112 0.210983 0.224848 0.271963 0.0123905 0.0103444 0.0186689 0.118204 0.00548563
0.0588184 0.265526 0.388835 0.155054 0.0256235 0.00181795 0.065852 0.0383724 9.9991E-05
0.0569043 0.291214 0.278815 0.0187625 9.9991E-05 0.0131316 0.0845213 0.140273 0.116278
9.9973E-05 0.239337 0.130075 0.357436 0.0137388 9.9973E-05 9.9973E-05 0.191199 0.0679145
0.00916067 0.369711 0.219989 0.130607 9.9973E-05 9.9973E-05 9.9973E-05 0.219026 0.0512059
0.104076 0.0132457 9.9991E-05 0.321866 0.0332436 0.0113901 0.185634 0.0320179 0.298426
9.9955E-05 9.9955E-05 9.9955E-05 0.573434 0.00470872 9.9955E-05 0.377479 9.9955E-05 0.0438786
9.9964E-05 9.9964E-05 0.021637 0.694607 0.0166189 9.9964E-05 0.206327 9.9964E-05 0.0604101
9.9955E-05 0.0891255 9.9955E-05 0.291803 9.9955E-05 9.9955E-05 0.330593 9.9955E-05 0.287979
9.9973E-05 0.042356 0.443432 0.132078 0.0361694 9.9973E-05 9.9973E-05 0.269489 0.0761753
9.9973E-05 0.126093 0.580601 0.196236 9.9973E-05 0.00514102 9.9973E-05 0.0777143 0.013915
9.9973E-05 0.108934 0.351269 0.199114 9.9973E-05 0.0638247 9.9973E-05 0.23018 0.0463775
9.9955E-05 9.9955E-05 0.00895333 9.9955E-05 9.9955E-05 9.9955E-05 0.0338836 0.0405182 0.916145
0.00260178 0.0307769 0.00896956 9.9982E-05 9.9982E-05 0.0104482 0.0193829 0.013783 0.913838
9.9946E-05 9.9946E-05 9.9946E-05 0.0107984 9.9946E-05 0.00937558 9.9946E-05 9.9946E-05 0.979226
0.00929845 0.00448596 0.000284142 0.0419717 9.9973E-05 0.022502 9.9973E-05 9.9973E-05 0.921158
9.9955E-05 0.0502419 9.9955E-05 9.9955E-05 0.00973912 0.0120035 9.9955E-05 9.9955E-05 0.927516
9.993E-05 9.993E-05 9.993E-05 9.993E-05 9.993E-05 9.993E-05 9.993E-05 9.993E-05 0.999201
9.9937E-05 9.9937E-05 9.9937E-05 9.9937E-05 0.00658608 9.9937E-05 9.9937E-05 9.9937E-05 0.992714
9.9937E-05 9.9937E-05 9.9937E-05 9.9937E-05 0.0100854 9.9937E-05 9.9937E-05 9.9937E-05 0.989215
0.00272224 9.9946E-05 9.9946E-05 9.9946E-05 9.9946E-05 9.9946E-05 0.0728102 9.9946E-05 0.923868
0.00945861 9.9955E-05 9.9955E-05 0.0286493 9.9955E-05 9.9955E-05 0.118692 9.9955E-05 0.8427
9.9955E-05 9.9955E-05 9.9955E-05 0.00508041 0.0310314 9.9955E-05 0.0207158 9.9955E-05 0.942673
0.0147592 0.0101066 9.9964E-05 9.9964E-05 9.9964E-05 9.9964E-05 0.0841413 0.0286327 0.86196
9.9964E-05 9.9964E-05 0.221039 0.515775 9.9964E-05 9.9964E-05 0.195052 0.0647528 0.00298074
9.9991E-05 0.0344307 0.183415 0.440298 0.0230763 0.12138 0.0491834 0.0530485 0.0950681
9.9982E-05 0.0662216 0.17539 0.290881 0.0233607 9.9982E-05 0.175065 0.134962 0.13392
0.0603904 9.9973E-05 0.0110693 0.0754366 9.9973E-05 0.0231299 0.817106 0.0125675 9.9973E-05
0.0182436 9.9964E-05 9.9964E-05 0.0546668 0.0884237 9.9964E-05 0.751467 9.9964E-05 0.0867987
0.0318375 9.9955E-05 9.9955E-05 0.0795398 0.0414595 9.9955E-05 0.846663 9.9955E-05 9.9955E-05
0.0239138 0.022551 9.9964E-05 9.9964E-05 0.0191994 9.9964E-05 0.917889 9.9964E-05 0.0160474
0.0119919 0.0477627 9.9973E-05 0.0668325 0.0992183 9.9973E-05 0.750412 9.9973E-05 0.0234829
9.9964E-05 9.9964E-05 9.9964E-05 0.0382092 0.0482356 9.9964E-05 0.88596 0.0173731 0.00982244
9.9955E-05 9.9955E-05 9.9955E-05 9.9955E-05 0.00893644 0.0496513 0.873619 9.9955E-05 0.0672932
0.0183343 9.9964E-05 0.0513986 0.04137 0.0289563 9.9964E-05 0.859541 9.9964E-05 9.9964E-05
9.9955E-05 9.9955E-05 9.9955E-05 9.9955E-05 0.00873701 9.9955E-05 0.916866 0.0278127 0.0460844
9.9955E-05 0.0260265 9.9955E-05 0.0983805 9.9955E-05 9.9955E-05 0.824606 9.9955E-05 0.0504876
0.0209811 0.208529 0.0194208 9.9982E-05 0.0339411 0.112658 0.571944 0.0323261 9.9982E-05
0.0663698 0.164563 9.9973E-05 9.9973E-05 0.0150903 0.157247 0.564664 0.0317657 9.9973E-05
0.0330785 0.263649 0.0523943 0.0627999 0.0202194 0.098681 0.468978 9.9982E-05 9.9982E-05
9.9964E-05 0.428994 0.0124707 9.9964E-05 9.9964E-05 0.093572 0.458229 0.00633483 9.9964E-05
0.231953 0.455142 0.0281086 9.9991E-05 0.0242725 0.0429866 0.000833157 0.155528 0.0610767
0.0274478 9.9964E-05 0.109477 9.9964E-05 9.9964E-05 0.0423709 9.9964E-05 0.599733 0.220571
0.0874045 9.9955E-05 0.10276 0.00640663 9.9955E-05 9.9955E-05 9.9955E-05 0.80293 9.9955E-05
9.9982E-05 0.00275782 0.15935 0.133374 0.000437901 0.0224517 9.9982E-05 0.599607 0.0818213
0.0956264 0.178306 9.9964E-05 9.9964E-05 9.9964E-05 0.017374 0.0814366 0.626858 9.9964E-05
0.0535365 9.9955E-05 9.9955E-05 0.0607526 9.9955E-05 0.852321 0.0328901 9.9955E-05 9.9955E-05
9.993E-05 9.993E-05 9.993E-05 9.993E-05 9.993E-05 0.999201 9.993E-05 9.993E-05 9.993E-05
9.993E-05 9.993E-05 9.993E-05 9.993E-05 9.993E-05 0.999201 9.993E-05 9.993E-05 9.993E-05
9.9946E-05 9.9946E-05 9.9946E-05 9.9946E-05 9.9946E-05 0.951708 0.0374161 0.0102767 9.9946E-05
0.0244658 0.0702883 9.9973E-05 0.00488365 0.0107116 0.865819 9.9973E-05 0.0235321 9.9973E-05
9.9937E-05 9.9937E-05 9.9937E-05 9.9937E-05 9.9937E-05 0.935218 9.9937E-05 9.9937E-05 0.0640829
9.9964E-05 9.9964E-05 9.9964E-05 9.9964E-05 0.0599442 0.033287 0.796053 0.0572736 0.0530423
0.0430813 0.071628 9.9964E-05 0.0500846 9.9964E-05 9.9964E-05 0.808836 9.9964E-05 0.0259699
9.9964E-05 0.0603032 9.9964E-05 9.9964E-05 0.0148174 0.0327225 0.759848 9.9964E-05 0.131909
0.0267974 0.174511 9.9964E-05 9.9964E-05 0.0116076 9.9964E-05 0.691749 9.9964E-05 0.0949357
0.0265096 0.107415 9.9955E-05 9.9955E-05 9.9955E-05 9.9955E-05 0.8111 9.9955E-05 0.0544762
0.402559 0.0608562 9.9973E-05 0.00559952 9.9973E-05 0.074965 0.391091 0.0646295 9.9973E-05
0.276129 9.9973E-05 0.0528596 9.9973E-05 0.0143126 0.110939 0.44533 0.10013 9.9973E-05
0.322078 9.9964E-05 0.0946182 9.9964E-05 0.00721001 0.152361 0.423333 9.9964E-05 9.9964E-05
9.993E-05 9.993E-05 9.993E-05 9.993E-05 0.999201 9.993E-05 9.993E-05 9.993E-05 9.993E-05
0.252789 9.9964E-05 9.9964E-05 9.9964E-05 0.0323892 0.251761 0.342786 0.119875 9.9964E-05
0.113868 0.038897 0.036181 0.236805 9.9982E-05 9.9982E-05 0.139424 0.0461963 0.388429
9.9955E-05 9.9955E-05 9.9955E-05 0.437073 9.9955E-05 0.0283719 0.256241 9.9955E-05 0.277814
0.199353 0.13553 0.255601 0.0516441 9.9991E-05 0.021966 0.0384946 0.209537 0.0877749
0.0961662 0.79809 9.9973E-05 9.9973E-05 0.0513233 0.0169663 0.0218764 9.9973E-05 0.0152777
9.9973E-05 0.371575 0.232929 9.9973E-05 9.9973E-05 0.0615574 0.0180239 0.206643 0.108972
0.0405316 0.163638 0.269469 0.221047 9.9973E-05 0.0472504 9.9973E-05 0.257764 9.9973E-05
0.108609 0.652768 0.119156 0.000675159 0.0254049 9.9991E-05 0.0400432 0.0311599 0.0220849
9.9964E-05 0.504974 0.20621 0.178236 9.9964E-05 0.00189666 9.9964E-05 0.108284 9.9964E-05
0.0481337 0.476906 0.270974 9.9973E-05 9.9973E-05 0.0100482 9.9973E-05 0.0808249 0.112813
0.0711233 0.459646 0.194471 9.9991E-05 0.0132725 0.0123285 0.0300926 0.127766 0.0911994
9.9955E-05 9.9955E-05 0.0440223 9.9955E-05 9.9955E-05 9.9955E-05 0.780371 0.017046 0.158061
9.9964E-05 9.9964E-05 0.0720494 9.9964E-05 0.0200106 9.9964E-05 0.815897 0.0391893 0.0524537
0.0854837 9.9964E-05 0.0334064 9.9964E-05 9.9964E-05 9.9964E-05 0.756212 0.0530752 0.0714229
9.9964E-05 9.9964E-05 9.9964E-05 9.9964E-05 0.00781517 0.0467543 0.801998 0.10089 0.0421418
9.9973E-05 9.9973E-05 0.0565393 9.9973E-05 0.0207861 0.0238 0.818512 0.0101788 0.0698843
0.163079 0.698332 0.028727 0.0335212 0.0120667 0.0347314 0.00679331 9.9991E-05 0.0226494
0.218183 0.234234 0.156774 0.0935771 0.0416371 0.0489959 9.9991E-05 0.0908831 0.115616
0.142428 0.567441 9.9982E-05 0.0664635 0.00838165 0.0923513 0.0659181 0.0568171 9.9982E-05
0.215997 0.428383 0.11259 9.9982E-05 9.9982E-05 0.0399567 0.090945 0.0235684 0.0883599
0.0781129 0.609019 0.0164756 9.9982E-05 0.028938 0.0613342 0.125372 0.0805487 9.9982E-05
0.151589 0.656289 0.0830747 0.0309037 0.0185496 0.0149256 0.0202462 0.017604 0.00681851
0.196062 0.260042 0.241053 9.9991E-05 0.0163729 0.0162838 0.0441662 0.0706563 0.155265
0.0360015 0.147726 0.423799 0.110369 0.0237195 0.05982 9.9991E-05 0.192648 0.00581587
0.142288 0.0183232 0.426256 0.197608 9.9973E-05 0.00406191 9.9973E-05 0.211162 9.9973E-05
0.00803476 0.115148 0.443197 0.265729 9.9973E-05 0.0428407 9.9973E-05 0.12475 9.9973E-05
0.0700135 9.9973E-05 0.549196 0.143663 0.0105256 0.0220617 9.9973E-05 0.204241 9.9973E-05
0.131591 0.675494 9.9982E-05 0.0501155 0.00340228 0.090789 0.0275792 0.0208289 9.9982E-05
0.160434 0.334617 0.207333 0.0585626 9.9982E-05 0.00923212 9.9982E-05 0.13554 0.09408
0.230857 0.41755 0.107932 9.9973E-05 9.9973E-05 0.026289 9.9973E-05 0.16549 0.0515827
0.129616 0.516105 9.9964E-05 9.9964E-05 9.9964E-05 0.0676634 9.9964E-05 0.168558 0.117658
0.00935 0.0795306 0.088665 0.54744 9.9982E-05 9.9982E-05 0.0485599 0.204226 0.0220289
9.9964E-05 9.9964E-05 9.9964E-05 0.540392 0.0254076 9.9964E-05 0.326009 0.0229899 0.0848018
9.9946E-05 0.0373404 0.928035 9.9946E-05 9.9946E-05 0.0340251 9.9946E-05 9.9946E-05 9.9946E-05
0.0691895 9.9946E-05 0.914238 9.9946E-05 9.9946E-05 9.9946E-05 0.0159732 9.9946E-05 9.9946E-05
9.9973E-05 9.9973E-05 0.317244 0.0734518 0.00783237 9.9973E-05 0.117971 0.0723625 0.410839
9.9973E-05 0.116796 0.234423 0.160968 0.0450679 9.9973E-05 0.108182 9.9973E-05 0.334263
9.9964E-05 9.9964E-05 0.678856 0.17853 9.9964E-05 0.0147391 0.0485234 9.9964E-05 0.0789521
9.9973E-05 9.9973E-05 0.633907 0.119614 0.0473595 9.9973E-05 0.0767792 0.0271959 0.0948445
9.9982E-05 0.0487206 0.531962 9.9982E-05 0.029178 0.0440671 0.0142276 0.0229179 0.308727
9.9955E-05 9.9955E-05 0.749187 9.9955E-05 0.0785521 9.9955E-05 0.0436049 9.9955E-05 0.128156
0.124426 9.9955E-05 0.792866 9.9955E-05 9.9955E-05 0.0387726 9.9955E-05 9.9955E-05 0.0434355
9.9973E-05 0.129213 0.716701 9.9973E-05 9.9973E-05 0.00344838 0.0329599 0.0464604 0.0709171
9.9973E-05 9.9973E-05 0.588629 0.0408043 0.0595283 0.0451214 0.175538 9.9973E-05 0.0900787
9.9964E-05 9.9964E-05 0.348867 0.283972 0.0388418 9.9964E-05 0.24287 9.9964E-05 0.0850495
9.9937E-05 9.9937E-05 0.886617 9.9937E-05 9.9937E-05 9.9937E-05 9.9937E-05 0.112683 9.9937E-05
9.9946E-05 0.0357314 0.945239 9.9946E-05 9.9946E-05 9.9946E-05 0.0184299 9.9946E-05 9.9946E-05
0.00172542 0.111867 0.742321 9.9964E-05 0.0269344 9.9964E-05 9.9964E-05 9.9964E-05 0.116752
9.9955E-05 0.110924 0.761504 9.9955E-05 9.9955E-05 9.9955E-05 9.9955E-05 0.0279614 0.0991113
9.9991E-05 0.0943895 0.00844155 0.0703186 0.0834123 0.00322941 0.646768 0.012874 0.080467
0.102722 0.0517904 0.00159382 0.0630736 0.0318241 9.9982E-05 0.671694 9.9982E-05 0.0771015
0.0196434 9.9964E-05 9.9964E-05 9.9964E-05 0.0239396 0.0266906 0.865448 9.9964E-05 0.0638787
9.9955E-05 9.9955E-05 0.0308284 0.00342174 0.107086 9.9955E-05 0.858164 9.9955E-05 9.9955E-05
0.0304815 0.164935 0.0561389 9.9991E-05 0.00739627 0.113404 0.0219726 0.494644 0.110927
9.9946E-05 9.9946E-05 0.0682833 9.9946E-05 0.0205033 9.9946E-05 9.9946E-05 0.910614 9.9946E-05
9.9973E-05 0.164958 0.0464981 9.9973E-05 9.9973E-05 0.0452585 0.0501733 0.601855 0.0909571
9.9937E-05 9.9937E-05 9.9937E-05 0.0949248 9.9937E-05 9.9937E-05 9.9937E-05 0.904376 9.9937E-05
9.9955E-05 0.0302621 9.9955E-05 0.196049 9.9955E-05 0.0614932 9.9955E-05 0.711696 9.9955E-05
9.9946E-05 9.9946E-05 0.03344 0.138433 9.9946E-05 9.9946E-05 9.9946E-05 0.827527 9.9946E-05
0.016304 0.17638 0.0946571 9.9973E-05 0.0331697 9.9973E-05 9.9973E-05 0.568382 0.110808
0.0378784 0.0171888 0.0540439 9.9973E-05 0.0414353 9.9973E-05 9.9973E-05 0.740141 0.109012
0.192786 0.0813213 0.0267728 9.9973E-05 0.0275531 9.9973E-05 0.65426 0.0170064 9.9973E-05
0.053644 0.143092 9.9982E-05 0.0670454 0.0586491 0.0178127 0.642183 0.0173737 9.9982E-05
0.143248 0.0108787 9.9964E-05 0.0355878 0.12189 9.9964E-05 0.687997 9.9964E-05 9.9964E-05
0.0812862 9.9964E-05 9.9964E-05 0.0673606 0.106922 0.0504617 0.69357 9.9964E-05 9.9964E-05
0.107019 0.123245 9.9973E-05 0.0158326 0.0619308 0.0488745 0.642798 9.9973E-05 9.9973E-05
0.0301381 0.165435 9.9973E-05 9.9973E-05 9.9973E-05 0.0156471 0.0868469 0.684836 0.0167969
0.093431 0.109661 9.9964E-05 9.9964E-05 0.0466482 9.9964E-05 0.071769 0.678091 9.9964E-05
9.9946E-05 9.9946E-05 0.0291254 9.9946E-05 9.9946E-05 9.9946E-05 9.9946E-05 0.890669 0.0796058
0.0975756 0.208115 0.00728447 9.9973E-05 9.9973E-05 9.9973E-05 0.0154632 0.601836 0.0694258
9.9964E-05 0.245215 9.9964E-05 9.9964E-05 0.0425237 0.0255103 9.9964E-05 0.576861 0.10949
9.9982E-05 0.00462936 0.0281431 0.126205 0.0505078 9.9982E-05 0.231274 0.00974116 0.5493
0.0666585 0.270875 0.222795 0.0868636 0.0697147 0.135709 0.113012 0.00863087 0.025741
9.9982E-05 9.9982E-05 0.323446 0.266169 0.024326 0.0752677 0.0852226 0.183322 0.0420467
9.9955E-05 9.9955E-05 9.9955E-05 0.882635 9.9955E-05 0.0319629 9.9955E-05 0.0392148 0.0456876
9.9946E-05 9.9946E-05 9.9946E-05 0.970258 0.0144762 0.014666 9.9946E-05 9.9946E-05 9.9946E-05
9.9982E-05 0.0413694 0.00761668 0.6732 0.0491953 9.9982E-05 0.116257 0.0388535 0.0733078
9.9955E-05 9.9955E-05 9.9955E-05 0.750806 0.0269637 9.9955E-05 0.130235 9.9955E-05 0.0914959
0.0494002 0.0196974 0.10303 0.407685 9.9991E-05 0.0507479 0.106544 0.0683986 0.194398
9.9964E-05 0.131836 9.9964E-05 0.798898 9.9964E-05 0.0131767 0.0120325 9.9964E-05 0.0436567
9.9964E-05 0.176401 9.9964E-05 0.584068 0.0275133 9.9964E-05 9.9964E-05 0.125801 0.0858167
9.9946E-05 9.9946E-05 9.9946E-05 0.946001 0.00538467 9.9946E-05 0.048015 9.9946E-05 9.9946E-05
9.9964E-05 0.0344162 9.9964E-05 0.272828 9.9964E-05 9.9964E-05 0.324992 0.144341 0.223023
9.9991E-05 0.0240693 0.0544976 0.24148 0.00275368 0.00686857 0.271619 0.10606 0.292552
0.0352823 9.99639E-05 9.99639E-05 9.99639E-05 0.0315019 0.100348 0.783492 0.0489758 9.99639E-05
0.944955 9.9955E-05 0.0266293 9.9955E-05 9.9955E-05 0.0251262 0.00278999 9.9955E-05 9.9955E-05
0.968129 0.00301574 9.9946E-05 9.9946E-05 0.0282552 9.9946E-05 9.9946E-05 9.9946E-05 9.9946E-05
0.980107 9.9937E-05 9.9937E-05 0.019193 9.9937E-05 9.9937E-05 9.9937E-05 9.9937E-05 9.9937E-05
0.939659 9.9946E-05 9.9946E-05 9.9946E-05 0.0298726 9.9946E-05 9.9946E-05 9.9946E-05 0.0298689
0.892711 9.9955E-05 0.068019 9.9955E-05 0.025294 0.0134767 9.9955E-05 9.9955E-05 9.9955E-05
0.999201 9.993E-05 9.993E-05 9.993E-05 9.993E-05 9.993E-05 9.993E-05 9.993E-05 9.993E-05
0.757534 9.9955E-05 9.9955E-05 9.9955E-05 0.0278855 9.9955E-05 0.203456 9.9955E-05 0.0106251
9.9964E-05 0.0734072 9.9964E-05 0.0197095 0.0314463 9.9964E-05 0.853117 0.0219206 9.9964E-05
0.0934461 9.9973E-05 0.0138394 9.9973E-05 0.0554976 0.0684193 0.758426 9.9973E-05 0.0100721
0.00224454 9.9964E-05 9.9964E-05 9.9964E-05 0.0903961 0.038567 0.819058 9.9964E-05 0.049334
9.9964E-05 0.174221 0.0359349 9.9964E-05 0.0237044 0.0314481 0.734292 9.9964E-05 9.9964E-05
9.9955E-05 0.0127638 9.9955E-05 0.0861898 9.9955E-05 9.9955E-05 0.878474 9.9955E-05 0.0220728
0.112522 9.9964E-05 9.9964E-05 0.0178377 0.0105917 9.9964E-05 0.832577 9.9964E-05 0.0260724
0.011185 9.9973E-05 9.9973E-05 9.9973E-05 0.0331295 0.00713711 0.817909 0.0321533 0.0981863
9.9973E-05 9.9973E-05 0.0554951 0.0258337 9.9973E-05 0.00551623 0.851744 0.0161858 0.0449251
9.9946E-05 9.9946E-05 0.0195557 9.9946E-05 0.0565069 9.9946E-05 0.923338 9.9946E-05 9.9946E-05
9.9982E-05 0.0225537 0.0228764 0.0475649 0.0248581 0.00669897 0.805536 9.9982E-05 0.0697118
9.9955E-05 9.9955E-05 9.9955E-05 9.9955E-05 0.00885969 0.0426915 0.932594 9.9955E-05 0.0153555
0.0153292 9.9964E-05 0.0277995 9.9964E-05 0.0754865 9.9964E-05 0.850721 9.9964E-05 0.0302644
0.0235388 0.000210556 9.9982E-05 9.9982E-05 0.0895603 0.0211186 0.778843 0.00350578 0.0830231
9.9955E-05 9.9955E-05 9.9955E-05 9.9955E-05 0.0725181 9.9955E-05 0.771036 0.0242166 0.131729
9.9964E-05 9.9964E-05 9.9964E-05 0.00710103 0.016549 0.0664454 0.693817 9.9964E-05 0.215688
9.9964E-05 9.9964E-05 9.9964E-05 9.9964E-05 0.0719076 0.0352238 0.727834 0.00772758 0.156907
9.9955E-05 9.9955E-05 9.9955E-05 9.9955E-05 0.0866192 9.9955E-05 0.748994 0.0422842 0.121602
9.9991E-05 0.207875 0.307131 0.0364345 0.0303695 0.0376724 0.0900739 0.178019 0.112325
0.0541143 9.9973E-05 0.281889 0.373251 9.9973E-05 0.0787157 9.9973E-05 0.18804 0.0236892
0.00170456 9.9982E-05 0.373247 0.392403 0.0110754 0.0556551 0.0251426 0.140572 9.9982E-05
0.25771 0.295593 0.0702565 0.104516 9.9973E-05 9.9973E-05 9.9973E-05 0.234317 0.0373073
9.9955E-05 9.9955E-05 0.537868 0.268547 9.9955E-05 0.179937 9.9955E-05 0.0131473 9.9955E-05
0.131973 9.9964E-05 0.359972 0.355198 9.9964E-05 0.0572317 9.9964E-05 0.0952256 9.9964E-05
9.9991E-05 0.189978 0.256269 0.0814752 0.0671951 0.0115407 0.0721746 0.145823 0.175444
0.0172056 0.190064 9.9982E-05 0.13087 9.9982E-05 0.0345779 0.400204 0.100158 0.126721
0.0557164 0.0465683 0.00178081 0.586176 9.9973E-05 9.9973E-05 0.175539 9.9973E-05 0.13392
0.0213167 0.089649 0.123102 9.9991E-05 0.0260454 0.0383256 0.359713 0.0978426 0.243906
9.9982E-05 0.119009 9.9982E-05 0.100173 0.0846821 0.00634564 0.356315 0.123164 0.210112
