9.9964E-05 0.00420434 9.9964E-05 9.9964E-05 0.0036479 0.0793796 0.664253 0.248116 9.9964E-05
0.0143843 9.9955E-05 9.9955E-05 9.9955E-05 9.9955E-05 9.9955E-05 0.734823 0.210439 0.0398539
0.0143584 0.0115944 0.0179608 9.9973E-05 0.115849 9.9973E-05 0.694533 0.145405 9.9973E-05
0.0513436 0.0578112 0.050393 0.00543851 0.000829711 9.9982E-05 0.644354 0.18963 9.9982E-05
9.9946E-05 9.9946E-05 9.9946E-05 9.9946E-05 0.120459 9.9946E-05 0.766571 0.11237 9.9946E-05
9.9973E-05 0.0727459 0.0810703 0.0484574 9.9973E-05 0.218758 0.574632 0.00403639 9.9973E-05
9.9955E-05 9.9955E-05 9.9955E-05 0.0297688 9.9955E-05 0.163331 0.764575 0.0418247 9.9955E-05
0.00272337 0.0178319 0.142978 0.051606 0.0214742 0.0410383 0.666835 0.0416454 0.0138681
0.0160802 9.99729E-05 0.049737 0.0312441 9.99729E-05 9.99729E-05 0.641291 0.227137 0.0342101
9.9982E-05 0.0915191 0.0906645 0.076343 0.0415397 0.011081 0.578924 0.109729 9.9982E-05
9.9946E-05 9.9946E-05 0.0652159 9.9946E-05 9.9946E-05 0.273227 0.660957 9.9946E-05 9.9946E-05
0.178657 0.0429842 9.9955E-05 9.9955E-05 0.0137874 0.764071 9.9955E-05 9.9955E-05 9.9955E-05
0.175093 0.0343778 0.0147651 9.9973E-05 0.326929 0.394646 9.9973E-05 0.0538894 9.9973E-05
0.206382 0.0223585 9.9982E-05 0.014881 0.0882157 0.664523 0.00189949 0.00154091 9.9982E-05
0.0920459 0.181395 9.9955E-05 9.9955E-05 0.0774736 0.648585 9.9955E-05 9.9955E-05 9.9955E-05
0.0810586 0.137646 9.9982E-05 9.9982E-05 0.233948 0.391835 0.110256 0.0201476 0.0249092
0.0427433 0.0986023 9.9982E-05 0.0265818 0.456013 0.29019 0.0314174 0.0542527 9.9982E-05
0.120542 0.0567272 0.0849468 9.9973E-05 0.301826 0.429375 9.9973E-05 0.00628254 9.9973E-05
0.198657 0.109209 9.9964E-05 9.9964E-05 0.116254 0.475462 0.100019 9.9964E-05 9.9964E-05
0.262283 9.9946E-05 9.9946E-05 9.9946E-05 9.9946E-05 0.699902 9.9946E-05 0.0372158 9.9946E-05
0.107691 0.124288 0.0370037 9.9982E-05 0.24246 0.36458 9.9982E-05 0.0328224 0.0909555
0.0183909 0.0154256 0.0239353 0.0560178 0.460884 0.222962 0.0655707 9.9991E-05 0.136714
0.117491 0.00773426 0.0307015 9.9991E-05 0.421809 0.345489 0.0126242 0.0278224 0.0362296
0.0607565 0.0606199 9.9964E-05 9.9964E-05 0.0155894 0.861992 0.000642798 9.9964E-05 9.9964E-05
0.116249 0.0391624 0.00630309 0.0718667 0.567863 0.0878088 0.0356979 0.0749495 9.9991E-05
0.250422 0.115783 9.9964E-05 9.9964E-05 0.388555 0.222801 9.9964E-05 0.0220392 9.9964E-05
0.215011 0.0608775 9.9955E-05 9.9955E-05 9.9955E-05 0.690884 9.9955E-05 9.9955E-05 0.0327276
0.20473 0.156259 9.9946E-05 9.9946E-05 9.9946E-05 0.638411 9.9946E-05 9.9946E-05 9.9946E-05
0.291608 0.00307762 9.9955E-05 9.9955E-05 0.109647 0.595167 9.9955E-05 9.9955E-05 9.9955E-05
9.993E-05 9.993E-05 9.993E-05 9.993E-05 9.993E-05 9.993E-05 9.993E-05 0.999201 9.993E-05
9.993E-05 9.993E-05 9.993E-05 9.993E-05 9.993E-05 9.993E-05 9.993E-05 0.999201 9.993E-05
0.0335903 0.0295247 9.9973E-05 0.0197459 0.0517849 9.9973E-05 0.27317 0.591884 9.9973E-05
9.9964E-05 0.055691 9.9964E-05 9.9964E-05 0.103578 9.9964E-05 0.325548 0.49397 0.0208128
0.0325607 0.00269649 0.112928 9.9991E-05 0.517048 0.153375 0.0163021 0.0973659 0.0676236
0.146464 0.0494645 9.9982E-05 9.9982E-05 0.470946 0.0207849 0.0173032 0.0186774 0.27616
9.9973E-05 0.00299954 0.0461727 9.9973E-05 0.599007 9.9973E-05 0.0283027 0.0285666 0.294651
0.527219 0.00569875 0.0167233 9.9991E-05 0.0437336 0.134627 0.0905099 0.00752396 0.173864
9.9964E-05 0.0398168 9.9964E-05 0.0384174 0.251372 9.9964E-05 9.9964E-05 0.0354734 0.634521
0.271654 0.075444 9.99743E-05 9.99743E-05 0.436006 0.0384777 9.99743E-05 0.0109648 0.167154
0.0220488 0.0773095 0.0587199 0.0210573 0.650523 0.0157557 9.9982E-05 9.9982E-05 0.154386
0.0115833 9.9982E-05 0.140058 0.0575901 0.620897 0.0449802 0.0382096 0.086482 9.9982E-05
0.0237397 0.0198748 0.0941149 9.9991E-05 0.515669 0.0994901 0.0431565 0.0737011 0.130154
0.0284799 0.0395593 0.0106512 9.9991E-05 0.103223 0.313341 0.00774285 0.0125544 0.484348
0.000134027 0.0457377 0.03727 0.0652342 0.591204 0.148928 0.065067 9.9991E-05 0.046325
9.9964E-05 0.0450549 9.9964E-05 0.05016 0.621882 9.9964E-05 0.0694538 9.9964E-05 0.21305
0.0601167 0.10131 0.0921828 9.9982E-05 0.519072 9.9982E-05 0.0504273 0.0489057 0.127785
9.9946E-05 9.9946E-05 9.9946E-05 0.0192002 0.345305 9.9946E-05 9.9946E-05 9.9946E-05 0.634895
9.9973E-05 9.9973E-05 0.00696599 9.9973E-05 0.610871 0.0303095 0.080895 0.048975 0.221683
9.9982E-05 9.9982E-05 0.0169557 0.0195675 0.428608 0.170523 0.0613072 0.0886826 0.214156
9.9955E-05 9.9955E-05 9.9955E-05 0.24309 9.9955E-05 9.9955E-05 0.016569 0.0147225 0.725119
0.323505 9.9982E-05 0.081822 0.0622013 0.0527593 0.188998 9.9982E-05 0.000602652 0.289911
0.0159241 9.9973E-05 0.0610032 0.257044 0.0589489 0.340096 9.9973E-05 9.9973E-05 0.266684
0.206175 0.0612877 0.0482321 0.0739057 0.506 0.0557779 0.00437929 0.0441418 9.9991E-05
0.0313372 0.0649776 9.9973E-05 0.103859 0.58854 0.131544 9.9973E-05 0.0794422 9.9973E-05
0.0560245 0.0641462 0.0191323 0.0989942 0.512933 0.14037 9.9991E-05 0.0724685 0.0358314
0.273468 9.9991E-05 0.0360112 0.0166673 0.153039 0.145559 0.0932104 0.00295509 0.278991
0.217729 9.9973E-05 0.0887848 0.026318 0.572376 9.9973E-05 9.9973E-05 0.0395133 0.0549792
0.215369 0.070061 0.0253601 0.0315602 0.414349 0.142024 0.101077 9.9982E-05 9.9982E-05
0.119381 9.9982E-05 9.9982E-05 0.0302777 0.315841 0.314699 0.0957566 0.0685762 0.0552681
0.126029 0.0435431 0.066958 0.102495 9.9982E-05 0.467774 0.126913 9.9982E-05 0.0660879
0.095578 9.99785E-05 0.0483767 9.99785E-05 0.541262 0.0274645 9.99785E-05 0.176072 0.110946
0.167749 0.0260456 0.0371863 0.0502271 0.313773 0.283958 0.0257247 0.0517274 0.0436091
0.160905 9.9964E-05 0.12371 9.9964E-05 9.9964E-05 0.540986 9.9964E-05 0.0669399 0.107059
0.308715 0.0136897 9.9973E-05 9.9973E-05 0.342812 0.237211 9.9973E-05 0.0389045 0.0583674
0.111666 0.0674752 0.0356876 0.160465 0.55125 9.9991E-05 0.00462338 0.0322 0.0365335
0.152018 9.9982E-05 9.9982E-05 0.0748972 0.518944 0.116689 0.011137 0.0707096 0.0554055
0.132757 0.0366821 9.9982E-05 0.0621285 0.201638 0.323793 9.9982E-05 0.0487426 0.194059
0.071917 0.0265795 0.0154579 0.0893983 0.464179 0.315683 9.9982E-05 9.9982E-05 0.0165852
0.207309 0.0124869 0.021777 0.0334715 0.503325 0.0174798 0.00143387 0.166345 0.0363721
0.176625 9.9982E-05 0.0835593 0.0456228 0.080849 0.358359 9.9982E-05 0.0857991 0.168986
0.0071696 9.9973E-05 0.0976798 9.9973E-05 0.555871 0.0655303 9.9973E-05 0.00498988 0.26846
9.9964E-05 0.0346587 0.0146632 9.9964E-05 0.183719 0.219825 9.9964E-05 9.9964E-05 0.546734
0.0709911 0.0520058 9.9991E-05 0.00771495 0.535493 0.0372636 0.0502528 0.0687176 0.177461
9.9982E-05 0.040038 9.9982E-05 0.0133506 0.581724 0.129105 0.0776103 0.109368 0.0486052
9.9973E-05 0.00152943 0.0221594 0.000462552 9.9973E-05 0.191622 9.9973E-05 0.00667183 0.777254
9.9973E-05 0.0269451 9.9973E-05 0.0515226 0.0372786 0.0495094 9.9973E-05 0.00117167 0.833273
9.9964E-05 0.000735657 9.9964E-05 9.9964E-05 0.324034 0.00921621 0.0147297 9.9964E-05 0.650885
9.9982E-05 0.0494374 0.00174441 9.9982E-05 0.405851 0.00456117 0.0178191 0.0297526 0.490635
0.120476 0.086057 9.9991E-05 0.0130803 0.432935 0.0722425 0.126981 0.0892485 0.0588801
0.0819241 0.0408539 9.9982E-05 0.00287542 0.410901 0.106086 9.9982E-05 0.0412669 0.315893
9.9982E-05 0.0915432 0.0310533 9.9982E-05 0.0823473 0.112171 0.0190539 0.0545896 0.609042
0.026806 9.9973E-05 0.171546 9.9973E-05 0.229216 0.164256 0.0447099 9.9973E-05 0.363165
0.0654105 0.18923 0.00970385 9.9982E-05 0.420106 0.0114376 9.9982E-05 0.0809322 0.222979
0.0303236 0.0781836 0.0567228 0.0234594 0.31144 0.0270595 9.9982E-05 9.9982E-05 0.472612
9.9973E-05 0.0577179 0.0753432 9.9973E-05 0.371938 0.157184 0.011842 9.9973E-05 0.325675
9.9973E-05 0.00987542 0.000802955 9.9973E-05 0.430125 0.0587529 0.0370968 9.9973E-05 0.463047
0.0264505 9.9973E-05 9.9973E-05 0.108426 0.0421735 0.0561068 0.0540255 9.9973E-05 0.712518
9.9982E-05 0.0265537 0.0820059 0.00032425 0.583501 0.0719597 9.9982E-05 0.08697 0.148485
0.0812662 0.0325922 9.9982E-05 9.9982E-05 0.037213 0.0164176 0.607807 0.215632 0.00887188
9.9946E-05 9.9946E-05 9.9946E-05 9.9946E-05 0.0279422 9.9946E-05 0.5148 0.456659 9.9946E-05
9.9964E-05 0.0415651 9.9964E-05 9.9964E-05 0.0133547 0.0242363 0.439512 0.480932 9.9964E-05
9.9964E-05 0.0233296 9.9964E-05 0.0103306 0.00715781 9.9964E-05 0.574026 0.384756 9.9964E-05
9.9964E-05 0.0278281 9.9964E-05 0.0486229 0.0496716 9.9964E-05 0.514431 0.359046 9.9964E-05
9.9973E-05 0.013099 9.9973E-05 0.0203741 0.0304823 9.9973E-05 0.527046 0.395687 0.0130114
9.9955E-05 0.00143077 9.9955E-05 9.9955E-05 9.9955E-05 0.0430228 0.603477 0.351569 9.9955E-05
0.128176 0.0623632 9.9982E-05 0.0950716 0.514809 9.9982E-05 0.0379863 0.0632899 0.0981039
9.9973E-05 0.0725078 0.0751379 9.9973E-05 0.523631 0.139259 9.9973E-05 0.0599894 0.129175
0.0546152 9.9973E-05 9.9973E-05 9.9973E-05 0.0543734 0.176695 0.00514384 0.00241884 0.706453
0.00688687 0.0444026 0.0395849 0.0660042 0.491591 0.14801 0.0699396 0.0449066 0.0886741
9.9973E-05 9.9973E-05 0.00664225 9.9973E-05 0.428892 0.17143 0.037499 0.0353929 0.319844
9.9973E-05 0.0577501 0.0309364 9.9973E-05 0.539148 0.0986329 9.9973E-05 0.0873262 0.185906
0.0198877 9.9973E-05 9.9973E-05 9.9973E-05 0.520895 0.0268714 0.0749933 0.0421579 0.314895
9.9964E-05 0.0887693 9.9964E-05 9.9964E-05 0.398688 9.9964E-05 0.011835 0.0468787 0.453429
9.9964E-05 9.9964E-05 0.0920551 9.9964E-05 9.9964E-05 0.261841 0.00521269 0.0386021 0.601889
0.0731944 0.106313 9.9973E-05 9.9973E-05 0.415768 0.098772 9.9973E-05 0.155642 0.150012
9.9991E-05 0.0245288 0.0619479 0.00402737 0.588565 0.080588 0.0644351 0.0126737 0.163134
0.190912 0.132551 9.9973E-05 9.9973E-05 0.437085 0.0120355 0.0424451 9.9973E-05 0.184671
0.025696 9.9982E-05 9.9982E-05 0.06886 0.354628 0.0395646 0.0386825 0.00326639 0.469103
9.9964E-05 0.00614323 0.0106476 9.9964E-05 0.55651 9.9964E-05 9.9964E-05 0.0549678 0.371332
0.072699 9.9982E-05 0.0173174 9.9982E-05 0.392275 0.161731 0.0142886 0.039457 0.302031
9.9964E-05 0.124867 0.0573469 9.9964E-05 0.257607 0.0903193 9.9964E-05 9.9964E-05 0.46946
0.0487622 9.9982E-05 0.0108556 9.9982E-05 0.441032 0.068475 0.0959165 0.0146528 0.320106
0.0966179 0.0145318 0.0272322 9.9982E-05 0.569718 9.9982E-05 0.119961 0.0783052 0.0934333
0.320558 9.9964E-05 9.9964E-05 0.183815 0.199301 0.124535 9.9964E-05 9.9964E-05 0.171391
0.152211 0.05889 0.0782045 0.0368033 0.534862 9.9982E-05 0.0935415 0.0452877 9.9982E-05
0.123027 0.058043 0.159876 0.0117725 0.288092 0.201375 0.0470376 0.095345 0.0154322
0.246016 0.064703 0.0166819 0.0210324 0.470565 9.9991E-05 0.107558 0.00951832 0.0638251
0.139059 0.00985332 0.0981121 0.065327 0.583533 9.9991E-05 0.0581961 0.0260543 0.0197654
0.419884 9.9973E-05 9.9973E-05 0.0658114 0.317449 0.105928 9.9973E-05 0.0333532 0.0572748
0.248859 0.0457398 0.0504992 9.9964E-05 0.430127 0.224375 9.9964E-05 9.9964E-05 9.9964E-05
0.31372 9.9982E-05 0.0453632 9.9982E-05 0.430004 0.0256414 0.01283 0.0640319 0.10821
0.184168 9.9991E-05 0.0141203 0.0145675 0.524397 0.0113926 0.00742245 0.107977 0.135855
0.19942 0.0856793 0.0528807 9.9973E-05 0.570829 9.9973E-05 0.0591911 9.9973E-05 0.0317006
0.175692 9.9982E-05 0.0511137 9.9982E-05 0.529807 0.067381 0.029654 0.102221 0.0439309
0.391779 9.9964E-05 0.0434947 0.00977206 0.484767 9.9964E-05 9.9964E-05 9.9964E-05 0.0697872
0.189224 0.00588678 0.124429 0.127893 0.536059 9.9973E-05 9.9973E-05 0.0162085 9.9973E-05
0.0989367 0.149945 0.0631083 0.0524299 0.456427 0.0456336 9.9991E-05 0.121708 0.0117116
0.340461 0.0565614 9.9973E-05 0.0207319 0.437073 0.00988274 9.9973E-05 9.9973E-05 0.134989
0.184494 0.0456843 0.137004 0.0888165 0.514373 9.9982E-05 0.0258179 0.0036105 9.9982E-05
0.344154 0.0765725 9.9973E-05 0.0386959 0.45345 0.00423622 9.9973E-05 9.9973E-05 0.0825912
0.309043 0.00482656 9.9982E-05 0.127412 0.236448 0.165399 9.9982E-05 0.071006 0.085666
0.227781 0.0808366 9.9982E-05 9.9982E-05 0.572874 0.0103723 0.00153716 0.0459796 0.0604202
0.264654 0.0144525 9.9955E-05 0.139088 0.581305 9.9955E-05 9.9955E-05 9.9955E-05 9.9955E-05
0.371215 0.000930823 9.9982E-05 9.9982E-05 0.190338 0.158521 0.0371062 0.00914532 0.232543
0.264359 0.0208728 0.0519241 0.190103 0.124249 0.136679 9.9982E-05 9.9982E-05 0.211614
0.201672 0.0412788 0.145855 0.0330462 0.456825 9.9991E-05 0.00415816 0.0715803 0.0454847
0.29411 0.0327866 0.0811941 0.179041 0.0449361 9.9973E-05 9.9973E-05 9.9973E-05 0.367633
0.298459 9.9973E-05 0.00502101 9.9973E-05 0.140098 0.317969 0.0272346 9.9973E-05 0.210919
0.195589 9.9964E-05 9.9964E-05 9.9964E-05 0.385921 0.265212 0.00323535 9.9964E-05 0.149643
0.438316 9.9982E-05 0.0175463 9.9982E-05 0.213076 0.0524707 0.0460334 0.0067741 0.225583
0.417973 9.9973E-05 0.0737583 9.9973E-05 0.227107 0.0950753 0.0404239 9.9973E-05 0.145362
0.233991 0.0327532 0.0317796 9.9982E-05 0.581282 0.0861705 9.9982E-05 0.0266695 0.00715431
0.0291568 0.0377833 0.0912185 0.0960446 0.639583 0.0126421 0.0190238 0.0744483 9.9991E-05
0.254648 9.9973E-05 9.9973E-05 9.9973E-05 0.437235 0.12118 0.0554055 0.062478 0.0687535
0.418209 0.043198 0.00116998 0.152737 0.140541 9.9973E-05 9.9973E-05 9.9973E-05 0.243845
0.111494 0.0820557 0.0720972 0.0461928 0.490863 0.0160653 0.147417 9.9991E-05 0.0337148
0.0712018 0.0192659 0.0338637 0.100271 0.474642 0.265771 0.00189134 0.032994 9.9991E-05
9.9982E-05 9.9982E-05 0.208736 0.295132 0.0103238 0.2481 0.0601742 0.0297926 0.147541
0.0487863 0.00847219 9.9982E-05 0.0564022 0.694227 0.0368643 0.0465797 0.108469 9.9982E-05
0.0305445 9.9991E-05 0.0785314 0.250218 0.335182 0.103814 0.000197121 0.0333459 0.168067
0.0338288 0.0439087 9.9991E-05 0.152755 0.493918 0.080022 0.133273 0.00503019 0.0571643
9.9964E-05 9.9964E-05 0.0949725 0.355373 0.310237 0.18026 9.9964E-05 9.9964E-05 0.0587574
9.9973E-05 9.9973E-05 0.154294 0.234165 0.145387 0.2614 9.9973E-05 0.0752427 0.129212
0.10521 9.9991E-05 0.0417748 0.00848487 0.478688 0.0349218 0.193082 0.0141392 0.123598
0.0609372 9.9982E-05 0.0586089 0.122428 0.460599 0.104724 0.0579769 9.9982E-05 0.134526
0.000333532 0.0789716 0.0656315 9.9991E-05 0.336717 0.265269 0.0461083 0.0516998 0.155169
0.00243587 0.00711477 0.016391 0.103532 0.394386 0.21373 0.0602035 0.0972911 0.104916
0.0250952 0.0403309 0.0145479 0.121776 0.56418 0.0252217 0.0916373 9.9991E-05 0.117111
0.134622 0.100197 0.102144 0.0515352 0.352594 0.113103 0.138229 9.9991E-05 0.00747533
9.9964E-05 0.0311044 9.9964E-05 0.275646 9.9964E-05 0.486421 9.9964E-05 0.0508391 0.15559
0.060706 0.0701134 0.0729443 0.00125426 0.542198 0.146689 0.014003 0.0767866 0.0153059
0.098739 0.0736582 0.0357942 0.0957241 0.483296 9.9991E-05 0.024108 0.0735106 0.11507
9.9964E-05 9.9964E-05 0.132418 0.117029 0.370572 0.197814 9.9964E-05 9.9964E-05 0.181767
0.0552741 9.9973E-05 0.0490543 0.132793 0.388533 0.266361 9.9973E-05 9.9973E-05 0.107685
0.127367 0.11787 0.0145122 9.9991E-05 0.498062 0.0357514 0.0241056 0.0476233 0.134607
0.0991741 0.100264 9.9991E-05 0.0358547 0.416155 0.0414476 0.147043 0.0541551 0.105806
0.00496053 0.167791 0.11109 9.9982E-05 0.51775 0.0303334 0.151323 0.0165531 9.9982E-05
9.9982E-05 0.172701 0.0443775 0.248159 0.188047 0.087489 0.125903 0.133123 9.9982E-05
9.9955E-05 0.0435884 9.9955E-05 0.524281 9.9955E-05 9.9955E-05 0.344743 0.0868879 9.9955E-05
9.9955E-05 0.02192 9.9955E-05 0.692832 9.9955E-05 9.9955E-05 0.197039 0.0877089 9.9955E-05
0.100413 0.260987 9.9973E-05 0.300568 0.0634322 9.9973E-05 0.145398 0.128902 9.9973E-05
0.0209059 9.9973E-05 0.0603001 0.135925 0.606649 0.00970244 9.9973E-05 9.9973E-05 0.166218
0.0534425 0.0433307 0.0498757 0.0335853 0.496402 0.108784 9.9991E-05 0.127527 0.086953
0.0801226 0.726712 9.9955E-05 9.9955E-05 0.182571 9.9955E-05 9.9955E-05 9.9955E-05 0.0100945
0.08152 0.43251 9.9964E-05 9.9964E-05 0.306539 0.129347 9.9964E-05 0.0496846 9.9964E-05
0.0439154 0.260837 0.00918984 0.00258347 0.458669 0.070594 0.133284 9.9991E-05 0.0208279
9.9964E-05 9.9964E-05 0.0485451 0.308274 0.364237 0.0518123 9.9964E-05 9.9964E-05 0.226731
0.0968958 0.0360513 0.033099 0.00771785 0.521261 9.9982E-05 9.9982E-05 0.128182 0.176593
9.9955E-05 9.9955E-05 0.156203 0.433168 0.239088 9.9955E-05 9.9955E-05 9.9955E-05 0.171042
0.0115083 9.9973E-05 0.119993 0.151132 0.592008 9.9973E-05 0.0421345 9.9973E-05 0.082925
0.103099 9.9982E-05 0.0167496 0.171957 0.520531 0.0171327 9.9982E-05 0.00858367 0.161747
9.9973E-05 0.00267774 0.0692932 0.153054 0.606156 0.136346 9.9973E-05 9.9973E-05 0.0321728
9.9964E-05 9.9964E-05 0.0915413 0.311879 0.234274 0.193813 9.9964E-05 9.9964E-05 0.168094
0.0751801 0.0990473 9.9973E-05 0.0266546 0.626482 9.9973E-05 0.0595688 9.9973E-05 0.112767
9.9973E-05 9.9973E-05 9.9973E-05 0.116119 0.634302 0.103121 0.0276115 0.0514928 0.0670538
0.135614 9.9973E-05 9.9973E-05 0.0952323 0.48243 0.0236162 0.159406 9.9973E-05 0.103401
0.10273 0.249974 0.0276299 9.9982E-05 0.261551 0.151521 0.122652 9.9982E-05 0.0837419
9.9946E-05 0.928663 9.9946E-05 0.0427693 9.9946E-05 9.9946E-05 9.9946E-05 9.9946E-05 0.0279679
9.9955E-05 0.888079 0.0566727 9.9955E-05 9.9955E-05 0.0311666 9.9955E-05 9.9955E-05 0.0235816
0.0544373 0.67518 9.9973E-05 9.9973E-05 0.156241 9.9973E-05 0.0228749 0.00495029 0.0860167
9.9946E-05 0.689945 0.0249396 9.9946E-05 0.284515 9.9946E-05 9.9946E-05 9.9946E-05 9.9946E-05
9.9973E-05 0.782053 0.0248753 0.079296 0.0451694 9.9973E-05 9.9973E-05 0.00772634 0.0605799
9.9937E-05 0.986309 9.9937E-05 0.0129918 9.9937E-05 9.9937E-05 9.9937E-05 9.9937E-05 9.9937E-05
9.9946E-05 0.912553 0.016312 0.0705356 9.9946E-05 9.9946E-05 9.9946E-05 9.9946E-05 9.9946E-05
0.0270731 0.862905 9.9946E-05 9.9946E-05 0.109422 9.9946E-05 9.9946E-05 9.9946E-05 9.9946E-05
0.0342746 0.965026 9.9937E-05 9.9937E-05 9.9937E-05 9.9937E-05 9.9937E-05 9.9937E-05 9.9937E-05
9.9937E-05 0.987399 9.9937E-05 0.011901 9.9937E-05 9.9937E-05 9.9937E-05 9.9937E-05 9.9937E-05
9.9946E-05 0.998139 9.9946E-05 0.00114175 9.9946E-05 9.9946E-05 9.9946E-05 0.000120038 9.9946E-05
0.0304146 0.731578 9.9964E-05 9.9964E-05 0.147887 0.041368 9.9964E-05 0.0483519 9.9964E-05
0.000671233 0.751054 0.0278686 0.0792728 0.0813021 9.9982E-05 0.0498855 9.9982E-05 0.00974568
9.9946E-05 0.94719 9.9946E-05 9.9946E-05 9.9946E-05 9.9946E-05 9.9946E-05 0.0385587 0.013652
0.12935 0.356505 0.0374509 9.9982E-05 0.338556 9.9982E-05 0.0657057 0.0247089 0.047524
0.0514135 0.623278 9.9955E-05 9.9955E-05 0.229349 9.9955E-05 9.9955E-05 0.0954605 9.9955E-05
0.0339361 0.674154 0.00509043 0.020706 0.181614 0.00225034 0.0179482 0.0474002 0.0169005
9.9955E-05 0.822299 9.9955E-05 9.9955E-05 0.0698678 0.0598906 9.9955E-05 0.0474425 9.9955E-05
9.9937E-05 0.987439 9.9937E-05 9.9937E-05 9.9937E-05 9.9937E-05 9.9937E-05 0.0118615 9.9937E-05
9.9964E-05 0.845613 9.9964E-05 0.0738457 0.0160701 0.0511693 9.9964E-05 0.0129025 9.9964E-05
9.9937E-05 0.996347 9.9937E-05 9.9937E-05 9.9937E-05 9.9937E-05 9.9937E-05 0.00295351 9.9937E-05
0.0901448 0.592625 9.9973E-05 0.03415 0.187099 0.00814639 0.0875355 9.9973E-05 9.9973E-05
9.9973E-05 0.835051 9.9973E-05 0.0024375 9.9973E-05 0.0718861 0.0467763 0.00803199 0.0355168
9.9973E-05 9.9973E-05 0.028575 0.438846 9.9973E-05 0.18182 0.221543 0.0386838 0.0902326
0.0446734 0.0790234 0.121118 0.213365 0.413153 9.9991E-05 0.0531475 0.0228007 0.052619
9.9973E-05 0.0426746 0.0906235 0.179568 0.436741 9.9973E-05 0.194904 0.055189 9.9973E-05
9.9982E-05 9.9982E-05 0.120555 0.394941 0.269549 0.020818 0.0808324 0.0938821 0.0192216
0.0851852 0.108448 0.0212428 0.137906 0.482972 0.0237729 0.0859205 9.9991E-05 0.0544526
9.9982E-05 0.0614926 9.9982E-05 0.302225 0.238804 0.070874 0.0928112 0.137985 0.0956078
9.9982E-05 0.181635 0.041021 0.0720416 0.353864 0.215911 0.0703267 9.9982E-05 0.0650002
9.9982E-05 0.143661 0.149938 0.0275867 0.359184 0.166463 0.126598 9.9982E-05 0.0263695
9.9973E-05 0.0995997 0.088082 0.304649 0.412259 0.0219596 0.0731503 9.9973E-05 9.9973E-05
0.0707184 0.0361981 0.00224705 0.202315 0.503923 0.0034231 0.11403 0.067045 9.9991E-05
9.9982E-05 0.193027 0.117707 0.236194 0.268062 0.104655 0.0156113 0.0645429 9.9982E-05
0.0255883 0.0693958 0.0500544 0.0657417 0.489045 0.101532 0.134494 0.0640476 9.9991E-05
9.9982E-05 0.05832 0.0400302 0.133753 0.600247 0.0137755 0.148325 0.00534878 9.9982E-05
9.9982E-05 9.9982E-05 0.0510757 0.0216395 0.0214445 0.00290411 0.750951 0.105634 0.0461512
0.0309429 0.0503625 9.9955E-05 9.9955E-05 9.9955E-05 9.9955E-05 0.735573 0.182622 9.9955E-05
0.0372455 9.9955E-05 9.9955E-05 0.00293509 9.9955E-05 9.9955E-05 0.763374 0.195945 9.9955E-05
0.0592795 9.9955E-05 0.00813925 9.9955E-05 9.9955E-05 9.9955E-05 0.763695 0.168386 9.9955E-05
0.0663503 0.0366669 9.9955E-05 9.9955E-05 9.9955E-05 9.9955E-05 0.685269 0.211214 9.9955E-05
9.9955E-05 0.0255172 9.9955E-05 0.0478126 9.9955E-05 9.9955E-05 0.660043 0.266127 9.9955E-05
9.9964E-05 0.0627881 0.0223456 9.9964E-05 0.00553664 9.9964E-05 0.652123 0.256807 9.9964E-05
9.9955E-05 9.9955E-05 9.9955E-05 0.111132 9.9955E-05 0.00933125 0.581392 0.297645 9.9955E-05
0.00241585 9.9964E-05 9.9964E-05 0.0499516 0.0386951 9.9964E-05 0.719093 0.189445 9.9964E-05
0.0128846 0.0258241 9.9973E-05 0.0755584 9.9973E-05 0.00536434 0.673886 0.206183 9.9973E-05
9.9964E-05 9.9964E-05 0.1221 9.9964E-05 9.9964E-05 0.18106 0.424919 0.188165 0.0833561
0.104447 9.9973E-05 0.0941415 9.9973E-05 9.9973E-05 0.133555 0.483785 0.132102 0.0516699
0.0249478 9.9982E-05 0.15538 0.0562527 9.9982E-05 0.194177 0.417219 0.102596 0.049228
0.0467012 9.9973E-05 0.20277 9.9973E-05 9.9973E-05 0.298853 0.400741 0.0411513 0.00948404
0.106323 9.9973E-05 0.0275455 9.9973E-05 0.509357 0.0803871 9.9973E-05 0.0686059 0.207482
9.9982E-05 0.0635477 0.0783519 0.00116792 0.447787 0.142677 0.0556343 9.9982E-05 0.210634
0.0479837 0.0225419 0.0863659 9.9982E-05 0.488054 0.0277353 0.0700333 9.9982E-05 0.257086
0.249014 0.0797373 0.0532681 9.9991E-05 0.409923 0.0355774 0.0195756 0.0408926 0.111911
0.306165 9.9973E-05 0.0114787 9.9973E-05 0.290834 0.131278 0.0397794 9.9973E-05 0.220164
0.447577 0.0195028 0.115943 9.9973E-05 0.0984356 0.0711457 9.9973E-05 9.9973E-05 0.247096
9.9973E-05 0.062464 0.0764488 9.9973E-05 0.579234 0.0228007 0.0925801 9.9973E-05 0.166173
0.148895 9.9955E-05 9.9955E-05 9.9955E-05 0.573145 9.9955E-05 0.0268404 9.9955E-05 0.25062
0.0353071 0.00786431 0.0395604 9.9982E-05 0.488451 0.170039 0.0309793 9.9982E-05 0.227599
9.9964E-05 0.0234175 0.031781 9.9964E-05 0.403904 9.9964E-05 0.0375268 9.9964E-05 0.502971
0.123526 9.9973E-05 0.0101939 9.9973E-05 0.626678 0.00242337 0.120389 9.9973E-05 0.11649
0.0210642 9.9973E-05 0.082275 9.9973E-05 0.398128 0.0897411 9.9973E-05 0.0481072 0.360385
0.0120468 9.9964E-05 0.000604185 0.125655 9.9964E-05 0.047622 9.9964E-05 9.9964E-05 0.813672
0.107838 9.9982E-05 0.0458407 9.9982E-05 0.464197 0.157597 0.0192962 0.04679 0.158242
9.9955E-05 9.9955E-05 0.00419396 0.176738 0.323041 9.9955E-05 9.9955E-05 9.9955E-05 0.495527
0.0840021 9.9964E-05 9.9964E-05 0.00317709 0.540111 9.9964E-05 9.9964E-05 0.0699471 0.302363
0.0482833 9.9973E-05 0.0721391 9.9973E-05 0.139543 0.0886699 0.0589556 9.9973E-05 0.592109
0.0303292 9.99459E-05 0.905368 9.99459E-05 9.99459E-05 9.99459E-05 0.0637031 9.99459E-05 9.99459E-05
9.9937E-05 0.0525353 0.946765 9.9937E-05 9.9937E-05 9.9937E-05 9.9937E-05 9.9937E-05 9.9937E-05
9.993E-05 9.993E-05 0.999201 9.993E-05 9.993E-05 9.993E-05 9.993E-05 9.993E-05 9.993E-05
0.0386841 9.9955E-05 0.903501 9.9955E-05 9.9955E-05 9.9955E-05 0.0360184 9.9955E-05 0.0212971
0.0309681 0.0601648 0.902257 9.99549E-05 0.00610997 9.99549E-05 9.99549E-05 9.99549E-05 9.99549E-05
0.0837753 0.10075 0.804605 9.9955E-05 0.01037 9.9955E-05 9.9955E-05 9.9955E-05 9.9955E-05
9.9955E-05 9.9955E-05 9.9955E-05 9.9955E-05 0.141678 9.9955E-05 0.720201 0.133402 0.0042199
0.133235 0.00867472 9.9964E-05 0.0069826 0.0514082 9.9964E-05 0.7993 9.9964E-05 9.9964E-05
9.9973E-05 0.0941328 0.000635752 9.9973E-05 0.109561 0.0453437 0.634873 0.115154 9.9973E-05
0.0698786 0.0954036 0.00328781 9.9982E-05 0.023501 0.0417365 0.664356 0.101637 9.9982E-05
0.0601744 0.102191 9.9973E-05 9.9973E-05 0.0757742 0.00643311 0.712015 0.0431128 9.9973E-05
0.134381 9.9973E-05 0.392123 9.9973E-05 9.9973E-05 0.031628 0.234423 0.160362 0.0467827
0.100594 9.9973E-05 0.353314 0.0508657 9.9973E-05 9.9973E-05 0.351648 0.086584 0.056695
0.0708836 9.9964E-05 0.387831 9.9964E-05 9.9964E-05 9.9964E-05 0.299201 0.157489 0.0841958
9.993E-05 9.993E-05 9.993E-05 9.993E-05 9.993E-05 9.993E-05 9.993E-05 0.999201 9.993E-05
0.0762773 9.9973E-05 0.494543 9.9973E-05 9.9973E-05 0.0262561 0.174981 0.18583 0.0418125
9.9964E-05 0.30378 9.9964E-05 0.200738 0.318194 0.0162802 0.160609 9.9964E-05 9.9964E-05
0.0872431 0.107875 9.9973E-05 9.9973E-05 0.479311 0.150051 0.128062 0.0471578 9.9973E-05
9.9964E-05 0.229627 9.9964E-05 9.9964E-05 0.539286 0.0314505 0.106729 0.0925069 9.9964E-05
9.9991E-05 0.198555 0.0904377 0.0231863 0.327145 0.0136751 0.258819 0.0281732 0.0599091
0.149853 0.156487 9.9982E-05 0.0312804 0.426585 9.9982E-05 0.0548244 0.110791 0.069979
9.9955E-05 0.254591 9.9955E-05 0.455435 9.9955E-05 9.9955E-05 0.253505 0.03597 9.9955E-05
0.261881 0.0124011 0.13655 0.041419 0.362365 0.0874285 0.00104237 9.9991E-05 0.0968126
0.226574 0.0106358 0.056321 0.130592 0.324614 9.9982E-05 0.0106624 9.9982E-05 0.240401
0.407657 9.9955E-05 9.9955E-05 9.9955E-05 0.116759 0.393393 9.9955E-05 0.0816912 9.9955E-05
0.185576 9.9982E-05 0.000577432 0.0844149 0.442754 9.9982E-05 0.0180329 0.00518473 0.26326
0.072894 9.9964E-05 0.0834467 0.315809 9.9964E-05 0.0875553 9.9964E-05 9.9964E-05 0.439896
0.0607832 0.052932 0.0886232 0.0144229 0.438673 0.070399 0.0760034 0.0886123 0.109551
0.197716 0.00385454 9.9982E-05 0.094417 0.392421 0.104946 9.9982E-05 0.0673453 0.1391
0.316995 9.9982E-05 0.0393766 0.0813355 0.204554 0.225477 9.9982E-05 0.0205301 0.111532
0.188185 0.0115245 0.0240929 0.0574165 0.464862 0.0945389 0.0881825 9.9991E-05 0.0710977
0.160019 9.9955E-05 9.9955E-05 0.22529 9.9955E-05 0.424341 9.9955E-05 9.9955E-05 0.18985
0.120434 0.0376814 0.0669811 0.15093 0.425702 0.0849963 9.9982E-05 9.9982E-05 0.113075
0.176417 0.0249906 0.0737571 0.0316377 0.469808 0.0924344 9.9991E-05 0.0831736 0.0476821
0.117016 0.10644 9.9991E-05 0.0588291 0.377928 0.0517295 0.133832 0.0329427 0.121182
0.320415 9.9964E-05 9.9964E-05 0.120637 0.311872 0.105927 9.9964E-05 9.9964E-05 0.14075
0.170084 9.9973E-05 0.14613 0.0494795 0.485843 0.00986843 9.9973E-05 9.9973E-05 0.138294
0.141624 0.130338 9.9982E-05 0.0722829 0.315326 0.0944883 0.0169941 9.9982E-05 0.228747
0.122935 9.9973E-05 0.0542469 0.0851542 0.515082 0.111977 9.9973E-05 9.9973E-05 0.110304
0.19062 0.0962331 9.9982E-05 0.090353 0.50612 0.00422496 0.0170018 9.9982E-05 0.0952469
0.165157 0.0637086 9.9973E-05 9.9973E-05 0.403418 0.191536 9.9973E-05 0.0982849 0.0775956
0.165816 0.00706801 0.0400704 0.0664267 0.447977 0.0297238 0.0395966 0.115772 0.08755
9.9964E-05 0.0719594 9.9964E-05 0.0113487 0.112355 9.9964E-05 0.436259 0.367678 9.9964E-05
9.9964E-05 9.9964E-05 0.00418115 9.9964E-05 0.087532 9.9964E-05 0.49513 0.380387 0.0323702
0.0976492 0.0163398 9.9982E-05 0.0478676 0.0221272 9.9982E-05 0.683614 0.0968572 0.0353448
9.9964E-05 0.0319865 0.0757126 9.9964E-05 9.9964E-05 9.9964E-05 0.433404 0.375002 0.0834953
9.9955E-05 9.9955E-05 0.00826827 9.9955E-05 0.109852 9.9955E-05 0.468549 0.41283 9.9955E-05
0.460665 9.9982E-05 0.0487602 0.00174317 0.0791284 0.286261 0.0480828 9.9982E-05 0.0751592
0.203257 0.0146556 9.9982E-05 0.150675 0.471362 0.0795058 0.0572659 9.9982E-05 0.0230786
0.0392727 0.174435 0.0405388 0.187281 0.4155 0.00235759 0.124507 0.0160085 9.9991E-05
0.192339 0.0485261 9.9982E-05 0.0201001 0.53575 0.142567 9.9982E-05 0.02454 0.0359786
0.255023 0.0523896 0.0356155 9.9982E-05 0.415316 9.9982E-05 0.0412852 0.0442641 0.155906
0.419429 0.0244636 9.9973E-05 0.246627 0.179461 9.9973E-05 0.0150031 9.9973E-05 0.114716
0.471908 9.9982E-05 0.0144991 0.0299524 9.9982E-05 0.117545 0.0258837 0.102702 0.237309
0.228691 0.0236906 0.0741776 9.9991E-05 0.474856 0.0269187 0.00772778 0.0804837 0.0833555
0.478638 0.0557758 0.100993 9.9991E-05 0.032309 0.0941469 0.0496487 0.0108959 0.177493
0.170238 0.00315806 0.0570462 0.144202 0.411963 0.0630674 9.9993E-05 0.0545166 0.0957089
0.522753 9.9982E-05 9.9982E-05 0.0104812 0.0725607 0.078825 0.0872774 0.0777922 0.15011
0.0657573 0.0222579 0.0856495 9.9982E-05 0.540982 0.0808444 0.0996469 0.104662 9.9982E-05
0.443034 9.9982E-05 9.9982E-05 0.0145134 0.138239 0.190322 0.0267862 0.0241433 0.162762
0.177665 0.0474325 0.0359028 0.0236061 0.523748 0.0425104 0.0831795 0.0658555 9.9991E-05
0.294929 0.0179913 0.0308827 0.131717 0.233656 0.0735602 9.9991E-05 0.086508 0.130655
0.0657431 0.0891466 0.121721 0.0230432 0.382379 0.179193 0.0286591 9.9991E-05 0.110016
9.9964E-05 9.9964E-05 0.239043 0.342928 0.268869 0.0393965 9.9964E-05 9.9964E-05 0.109363
9.9982E-05 0.0109952 0.16943 0.0802197 0.546533 0.0765997 0.0549931 9.9982E-05 0.0610295
9.9964E-05 9.9964E-05 0.114201 0.0280654 0.501061 0.250019 9.9964E-05 0.106253 9.9964E-05
9.9964E-05 9.9964E-05 0.185647 0.267502 0.347101 0.0387938 9.9964E-05 9.9964E-05 0.160557
0.0351942 0.00711988 0.0905568 0.0575509 0.47187 0.0671656 0.0955046 0.0527649 0.122273
0.0737066 0.151717 0.0582457 0.0562962 0.375315 0.0592597 9.9991E-05 0.120241 0.105118
9.9964E-05 9.9964E-05 0.107531 0.106154 0.570616 9.9964E-05 9.9964E-05 0.0629 0.152399
9.9964E-05 9.9964E-05 0.248733 0.352201 0.116175 0.124702 9.9964E-05 9.9964E-05 0.157788
9.9964E-05 9.9964E-05 0.158719 0.34192 0.258015 0.132599 9.9964E-05 9.9964E-05 0.108348
9.9973E-05 9.9973E-05 0.168 0.190421 0.578258 0.0282157 9.9973E-05 0.0274501 0.00735557
0.0307211 0.174329 9.9991E-05 0.0668108 0.378978 0.148262 0.08233 0.014054 0.104415
9.9964E-05 9.9964E-05 0.216203 0.25424 0.133567 0.0915736 9.9964E-05 9.9964E-05 0.304016
9.9964E-05 9.9964E-05 0.184402 0.104043 0.433418 0.157149 9.9964E-05 9.9964E-05 0.120589
0.529662 9.9973E-05 0.0211319 0.0167667 9.9973E-05 0.17124 9.9973E-05 0.0318317 0.229068
0.409943 9.9955E-05 9.9955E-05 0.131029 0.184229 9.9955E-05 9.9955E-05 9.9955E-05 0.2743
0.405582 9.9973E-05 0.00937398 9.9973E-05 0.314223 9.9973E-05 0.00624356 0.0645985 0.199679
0.260993 9.9973E-05 0.0289185 9.9973E-05 0.574395 0.0410199 0.0571366 9.9973E-05 0.0372375
0.418054 9.9964E-05 0.0238723 9.9964E-05 0.118344 0.168764 9.9964E-05 9.9964E-05 0.270566
0.213425 0.0596327 0.0303293 0.0741839 0.443065 0.00397392 9.9991E-05 0.0728466 0.102444
0.330644 0.00862339 9.9982E-05 0.0460035 0.450602 9.9982E-05 0.0365591 0.0815203 0.0458472
0.257069 0.0464021 0.0436485 0.107638 0.379737 0.125102 9.9982E-05 9.9982E-05 0.0402034
0.271191 0.146787 0.0247472 9.9982E-05 0.358543 0.0817549 9.9982E-05 0.00414951 0.112628
0.23066 0.0404785 0.0908495 9.9982E-05 0.394986 9.9982E-05 0.0675834 0.00633037 0.168912
0.48738 0.141332 0.00534442 9.9973E-05 0.0661607 0.100966 9.9973E-05 9.9973E-05 0.198517
0.303255 0.141998 0.145014 0.00395734 0.225787 0.0451695 9.9982E-05 9.9982E-05 0.134619
0.226918 0.0291461 9.9964E-05 9.9964E-05 0.532007 0.164843 9.9964E-05 9.9964E-05 0.0466859
0.320001 0.0228205 9.9973E-05 0.0451199 0.53052 9.9973E-05 0.0183796 9.9973E-05 0.0628595
0.339382 0.00457958 9.9991E-05 0.151208 0.285701 0.0335667 0.00237582 0.0371427 0.145945
0.276563 0.046661 0.0434668 0.0924947 0.446646 9.9973E-05 9.9973E-05 9.9973E-05 0.093869
0.356891 9.9991E-05 0.0128692 0.0116948 0.335867 0.10919 0.0536294 0.0307739 0.0889853
0.272528 9.9973E-05 9.9973E-05 9.9973E-05 0.582334 0.0141612 0.0637287 0.0143903 0.0525586
0.193253 0.126359 0.0414604 9.9982E-05 0.404154 0.107997 0.0498303 9.9982E-05 0.0767463
0.309603 0.123755 9.9982E-05 0.0581477 0.356656 0.0999607 0.00404881 0.0476278 9.9982E-05
9.9964E-05 0.164637 9.9964E-05 9.9964E-05 0.312367 0.181572 0.229857 0.111166 9.9964E-05
9.9982E-05 0.186342 9.9982E-05 0.0465855 0.467115 0.170098 0.0233769 0.10161 0.00467287
0.0684613 0.0646398 9.9991E-05 0.00801537 0.573317 0.0766195 0.16483 0.0200401 0.0239771
0.0325967 0.130431 0.0473795 0.0867391 0.462035 0.132817 9.9991E-05 0.0768783 0.0310235
0.0391809 0.232666 9.9982E-05 9.9982E-05 0.299357 0.188748 0.0384452 0.13218 0.069223
0.33081 9.9973E-05 0.000122113 0.0392964 0.411617 0.10968 9.9973E-05 9.9973E-05 0.108175
0.0320563 0.139044 0.0361969 0.0561957 0.443812 0.179971 0.0391463 0.059284 0.0142937
0.0169716 0.0698806 9.9991E-05 0.42699 0.0510829 0.183356 0.120957 0.00251938 0.128143
0.160211 0.114539 9.9982E-05 0.112978 0.448463 0.0686446 0.0930456 0.00191849 9.9982E-05
9.9982E-05 0.139194 0.0411051 0.0713631 0.550842 9.9982E-05 0.108999 0.0511239 0.0371725
0.101207 0.198032 9.9982E-05 0.0753723 0.405863 0.103776 9.9982E-05 0.06757 0.0479805
0.0934249 0.12134 9.9991E-05 0.212545 0.194971 0.188295 0.0328212 0.109423 0.0470806
9.9991E-05 0.205879 0.0749121 0.0635753 0.386399 0.109619 0.0844772 0.0567986 0.0182401
0.122927 0.17386 0.0231996 0.0355034 0.53506 0.0258681 0.0131883 0.0702938 9.9991E-05
9.9964E-05 0.103003 9.9964E-05 0.460777 9.9964E-05 9.9964E-05 0.259717 0.157629 0.0184744
9.9973E-05 0.211939 9.9973E-05 9.9973E-05 0.440305 0.103627 0.0873329 0.0840538 0.0724431
9.9973E-05 0.176647 9.9973E-05 0.040671 0.481732 0.157565 0.124459 0.0186253 9.9973E-05
0.0562048 0.145221 9.9982E-05 0.00632294 0.524813 0.081881 0.12852 9.9982E-05 0.0568377
0.0473829 0.139537 9.9964E-05 0.106433 0.530461 9.9964E-05 0.175786 9.9964E-05 9.9964E-05
0.126537 0.0893175 0.00863416 9.9982E-05 0.483541 0.0764024 0.118338 0.0970297 9.9982E-05
0.0755086 0.0784764 0.0774381 0.0509301 0.422563 0.00552947 9.9991E-05 0.0360782 0.253376
0.0395017 0.104068 0.077807 0.0541149 0.543482 0.0256543 9.9991E-05 0.0546831 0.100589
0.0491082 9.9973E-05 0.0106418 0.248334 0.068907 0.0760225 9.9973E-05 9.9973E-05 0.546687
0.0837347 0.0524446 0.0530785 0.112572 0.450626 0.0554766 0.0171044 0.0734974 0.101466
0.00117999 0.125688 0.0850253 0.0274213 0.365297 0.108697 0.0524203 0.0874887 0.146783
0.0631124 9.9964E-05 0.0911592 0.349823 0.0141918 9.9964E-05 9.9964E-05 9.9964E-05 0.481313
0.140081 0.0994822 9.9991E-05 0.106851 0.465572 0.0148346 0.0215036 0.0592729 0.0923025
0.104764 9.9991E-05 0.041514 0.0229961 0.476618 0.0760564 0.0294482 0.11628 0.132223
0.0956105 0.267798 0.000252152 0.0839585 0.425669 0.0518253 0.0746863 9.9982E-05 9.9982E-05
9.9973E-05 0.309457 9.9973E-05 0.209779 0.331776 0.0487758 0.0739889 9.9973E-05 0.0259225
9.9991E-05 0.182477 0.000407488 0.304002 0.241964 0.0516389 0.0406876 0.0994038 0.0793193
9.9973E-05 0.253048 9.9973E-05 0.235311 0.284372 0.107402 0.00482072 0.114746 9.9973E-05
0.0589788 0.125931 0.026154 0.0712581 0.465238 0.0412663 0.118992 0.0920813 9.9991E-05
9.9946E-05 9.9946E-05 9.9946E-05 0.574024 0.207971 9.9946E-05 9.9946E-05 9.9946E-05 0.217405
0.0228191 9.9964E-05 9.9964E-05 0.424736 0.318136 9.9964E-05 9.9964E-05 0.0733917 0.160517
9.9973E-05 0.142173 0.00535197 0.0853141 0.561926 0.0954764 9.9973E-05 9.9973E-05 0.109459
0.00719011 0.0831993 9.9973E-05 0.145586 0.50455 9.9973E-05 0.0753059 9.9973E-05 0.183868
9.9982E-05 0.041134 0.0229509 0.302294 0.354542 0.00230569 9.9982E-05 0.0555642 0.221009
0.0381846 0.0440174 9.9982E-05 0.0444336 0.481165 0.173844 9.9982E-05 0.138577 0.0795784
0.0780967 0.00454766 0.0161164 0.139888 0.560167 0.0142455 9.9991E-05 0.0358062 0.151033
0.107978 0.154775 0.00650311 0.0577521 0.434807 0.0190575 9.9991E-05 0.122324 0.0967036
0.0678724 9.9973E-05 0.10599 0.153085 0.425672 9.9973E-05 9.9973E-05 0.000376433 0.246704
0.0946773 9.9982E-05 0.0286409 0.127043 0.433052 0.0212704 9.9982E-05 0.0690876 0.226029
0.149652 0.0129922 9.9982E-05 0.108647 0.429844 0.0452756 0.0762099 9.9982E-05 0.177178
0.0199378 9.9991E-05 0.0140338 0.105756 0.499235 0.0811664 0.0419004 0.0409692 0.196901
9.9982E-05 9.9982E-05 0.17294 0.111954 0.445693 0.0180953 0.016525 0.0675381 0.167055
0.00935306 0.139972 0.128664 0.0815109 0.386303 9.9982E-05 9.9982E-05 0.136369 0.117627
0.0110683 0.188451 0.141258 0.12969 0.371163 9.9991E-05 0.0162086 0.000527593 0.141533
0.0109174 9.9982E-05 0.0599933 0.168949 0.505916 0.0605062 9.9982E-05 0.0040043 0.189514
0.0631143 9.9964E-05 0.111289 0.191143 0.310055 9.9964E-05 9.9964E-05 9.9964E-05 0.323999
0.0174599 9.9973E-05 0.012938 0.0813762 0.654403 9.9973E-05 0.0593021 9.9973E-05 0.174221
0.0448398 9.9982E-05 0.00615333 0.0401304 0.493742 0.0855314 9.9982E-05 0.193157 0.136247
0.105993 9.9955E-05 9.9955E-05 0.213844 0.317959 9.9955E-05 9.9955E-05 9.9955E-05 0.361705
9.9973E-05 9.9973E-05 0.0669126 0.066493 0.513164 0.114532 0.0406491 9.9973E-05 0.197949
0.00661743 9.9982E-05 0.0916018 0.0718773 0.594245 9.9982E-05 0.046853 0.0891099 0.0994959
0.151712 0.0549706 0.051456 0.146313 0.340582 9.9982E-05 9.9982E-05 0.0458931 0.208874
0.0966329 0.10788 0.017874 0.0192659 0.398942 9.9991E-05 0.164647 0.0498368 0.144821
9.9973E-05 0.120809 0.0691475 0.137791 0.431994 0.120808 0.119151 9.9973E-05 9.9973E-05
0.0424756 0.206073 0.0674688 0.13254 0.369003 0.0541052 0.0177797 0.110456 9.9991E-05
9.9991E-05 0.0508478 0.128686 0.0151223 0.526275 0.0596312 0.00748081 0.133925 0.0779328
0.155407 0.130265 0.0757578 0.150294 0.333081 9.9982E-05 0.0400907 0.114905 9.9982E-05
0.104668 0.0939058 0.0512287 9.9991E-05 0.434814 0.0545485 0.115741 0.0653784 0.0796157
0.0292365 0.145634 0.0507309 0.0651939 0.439468 0.0162456 0.188382 0.0101679 0.054941
9.9991E-05 0.105476 0.0201655 0.176949 0.380523 0.104495 0.0590165 0.09184 0.0614344
0.0154066 0.1015 0.0820799 0.424598 0.109442 9.9991E-05 0.00911627 0.0887685 0.168989
9.9973E-05 0.171581 0.112243 0.0877574 0.572177 9.9973E-05 0.017055 0.0388858 9.9973E-05
0.0713834 0.0754571 9.9973E-05 0.618998 9.9973E-05 9.9973E-05 0.164138 0.0684912 0.0012315
9.9973E-05 0.130455 0.00627669 0.196514 0.58844 9.9973E-05 9.9973E-05 0.0291751 0.0488381
0.0809766 0.142809 9.9991E-05 0.0734417 0.394879 0.0265667 0.0909839 0.0795982 0.110645
9.9955E-05 9.9955E-05 0.00506286 0.300534 0.149123 9.9955E-05 9.9955E-05 9.9955E-05 0.54478
0.0309378 9.9955E-05 0.02181 0.327591 9.9955E-05 9.9955E-05 9.9955E-05 9.9955E-05 0.619161
0.0315091 9.9982E-05 0.0173951 0.107754 0.438125 0.0683864 9.9982E-05 0.0576806 0.278951
0.00374165 9.9964E-05 9.9964E-05 0.0504484 0.702235 9.9964E-05 9.9964E-05 0.119257 0.123917
0.0234979 9.9955E-05 9.9955E-05 0.21161 0.42116 9.9955E-05 9.9955E-05 9.9955E-05 0.343232
0.00984245 9.9955E-05 9.9955E-05 0.0823426 0.640546 9.9955E-05 9.9955E-05 9.9955E-05 0.266769
0.114495 9.9955E-05 9.9955E-05 0.0590087 0.593169 9.9955E-05 9.9955E-05 9.9955E-05 0.232827
0.00858836 0.056829 9.9982E-05 0.0285271 0.0446114 9.9982E-05 0.520659 0.269903 0.0706827
0.0630108 0.0831597 0.0849212 9.9973E-05 9.9973E-05 0.0697526 0.532047 0.166809 9.9973E-05
9.9955E-05 0.0391309 9.9955E-05 9.9955E-05 9.9955E-05 0.0323566 0.731035 0.196977 9.9955E-05
9.9955E-05 9.9955E-05 9.9955E-05 0.0485787 0.0123479 9.9955E-05 0.619629 0.318944 9.9955E-05
0.0288769 0.0338284 0.0297579 9.9991E-05 0.442614 0.0885101 0.0130845 0.0957678 0.26746
9.9973E-05 0.0715244 0.00502231 9.9973E-05 0.441227 9.9973E-05 0.0792169 0.0269691 0.37574
0.0588879 9.9964E-05 9.9964E-05 9.9964E-05 0.532418 0.0970532 9.9964E-05 0.0266905 0.28455
9.9982E-05 0.105879 0.0985569 9.9982E-05 0.493672 0.108583 0.0419042 0.0183582 0.132846
9.9973E-05 0.00170971 0.19338 9.9973E-05 0.584907 9.9973E-05 0.0789582 0.0471214 0.093624
9.9964E-05 9.9964E-05 0.0705062 9.9964E-05 0.272869 0.130998 0.0769943 9.9964E-05 0.448233
0.0302485 0.0431457 9.9973E-05 9.9973E-05 0.582903 9.9973E-05 0.0259442 0.0337278 0.28373
9.9955E-05 9.9955E-05 9.9955E-05 0.117269 0.362426 9.9955E-05 9.9955E-05 0.0178523 0.501953
0.0370981 0.0843478 9.9973E-05 0.0626074 0.542539 9.9973E-05 0.153318 0.119789 9.9973E-05
0.0704934 0.0311305 9.9973E-05 0.0772684 0.466181 0.0724377 9.9973E-05 9.9973E-05 0.282189
0.0191755 9.9973E-05 0.0120638 9.9973E-05 0.34079 0.136926 9.9973E-05 0.0534822 0.437263
0.0732522 0.0322404 0.0417727 0.0189568 0.486719 0.0988913 0.102311 0.00756977 0.138286
0.0943334 9.9982E-05 0.0196964 9.9982E-05 0.559785 0.015317 0.0336148 0.0212231 0.25583
0.107103 9.9964E-05 9.9964E-05 9.9964E-05 0.448257 0.0231636 0.0171593 9.9964E-05 0.403917
9.9973E-05 9.9973E-05 0.0190352 0.0678762 0.550742 9.9973E-05 0.0268051 0.00494589 0.330296
