9.9982E-05 0.882609 0.0712512 0.0459398 9.9982E-05
0.0391455 0.936211 0.024444 9.9982E-05 9.9982E-05
9.999E-05 0.822557 0.0195241 0.0348483 0.12297
9.9991E-05 0.790972 0.0877186 0.0907862 0.0304236
9.9982E-05 0.893593 9.9982E-05 0.0581832 0.0480243
0.114301 0.702551 0.0556464 9.9991E-05 0.127402
0.0643731 0.846096 0.0724459 0.00495724 0.0121279
0.085915 0.766858 0.126878 0.00154068 0.0188089
0.0287886 0.853369 0.117642 9.9982E-05 9.9982E-05
0.0771889 0.736895 0.0143902 0.0533278 0.118198
0.0437364 0.753406 0.170142 9.9991E-05 0.0326151
0.111449 9.9991E-05 0.463367 0.0941519 0.330933
9.9991E-05 0.0264431 0.2874 0.0864492 0.599608
0.122367 9.9991E-05 0.451495 0.154732 0.271306
0.00680655 0.0453638 0.377383 0.180671 0.389775
0.125461 0.153619 0.190794 0.158078 0.372048
0.0448951 0.100214 0.107097 0.100607 0.647186
0.211844 0.051113 0.136631 0.0651515 0.53526
0.0798924 0.117894 0.300248 0.0661204 0.435845
0.171769 0.0523201 0.677306 0.0985049 9.9991E-05
0.169407 0.00820138 0.244308 0.0887384 0.489345
0.216609 0.0204679 0.178916 0.0502525 0.533754
0.184066 0.0502085 0.118034 0.00519739 0.642495
0.125032 0.0673418 0.322115 0.0770309 0.408481
0.049203 0.164601 0.101049 0.0835415 0.601606
9.9991E-05 0.0174053 0.295993 0.149771 0.536731
0.0948575 0.0319097 0.501693 0.0883857 0.283154
0.0813044 9.9991E-05 0.418574 0.238682 0.26134
0.197429 9.9991E-05 0.480411 0.0328412 0.289219
9.9982E-05 0.853971 9.9982E-05 0.0832566 0.0625723
9.9982E-05 0.823983 9.9982E-05 0.0186559 0.157161
9.9991E-05 0.794394 0.0225381 0.0694959 0.113472
0.014374 0.762392 9.9991E-05 0.0743373 0.148797
0.141548 0.0405514 0.119039 9.9991E-05 0.698761
0.209704 0.135976 0.0553826 0.0449704 0.553967
0.168713 0.0530581 0.000860212 0.0907438 0.686625
0.0953665 0.0913634 0.582104 0.00939305 0.221773
0.4802 9.9973E-05 9.9973E-05 9.9973E-05 0.5195
0.131904 0.0678631 0.156958 0.0728089 0.570466
0.0742579 0.0446343 0.0719805 0.0671029 0.742024
0.15131 0.117739 0.0206575 9.9991E-05 0.710193
0.0564023 0.0933872 0.152604 0.0769201 0.620686
0.448621 9.9982E-05 0.222245 9.9982E-05 0.328934
0.203042 0.131996 0.00397506 0.0615574 0.59943
0.220305 0.0206527 9.9991E-05 0.106942 0.652
0.136544 0.192697 9.9991E-05 0.102634 0.568024
0.448789 9.9982E-05 0.0713969 9.9982E-05 0.479614
0.136365 0.0664192 0.00702574 9.9991E-05 0.79009
0.12283 0.0599321 0.0878609 0.025365 0.704012
0.8878 0.10067 0.0113301 9.9982E-05 9.9982E-05
0.31295 9.9991E-05 0.43024 0.0413907 0.21532
0.581743 0.0442705 0.191273 0.0516269 0.131086
0.118151 0.0817253 0.0651573 0.0899553 0.645012
0.208606 0.0378997 0.0144135 0.146119 0.592962
0.103163 0.123737 0.122346 0.0171474 0.633607
0.279036 0.0967528 0.380573 0.0186474 0.224991
0.101723 9.9991E-05 0.269814 0.011012 0.617351
0.121431 0.0667608 0.1074 0.141388 0.56302
0.21161 0.152383 0.230083 9.9991E-05 0.405823
0.256599 0.210067 0.316234 0.0415575 0.175543
0.1147 0.0783483 0.164981 0.0483689 0.593602
0.108629 0.0321164 0.337499 0.176124 0.345631
0.305938 0.0389291 0.535309 9.9991E-05 0.119724
0.0925372 0.0311617 0.30451 0.0609834 0.510807
0.205226 9.9991E-05 0.00318673 0.10395 0.687537
0.121864 0.0785316 0.167261 0.100801 0.531542
0.238592 0.0355945 0.318581 0.072797 0.334435
0.174847 0.0284702 0.158092 0.0629627 0.575628
0.0587661 0.0958649 0.212867 0.0434177 0.589084
0.311333 0.0203248 0.427047 9.9991E-05 0.241195
0.21261 9.9982E-05 0.0776079 9.9982E-05 0.709583
0.358427 9.9982E-05 0.199348 9.9982E-05 0.442025
0.0850593 0.175046 0.121979 0.0129562 0.60496
0.786729 9.9982E-05 0.00198724 9.9982E-05 0.211084
0.738716 9.9982E-05 0.0846421 9.9982E-05 0.176442
0.449315 9.9982E-05 0.0484937 9.9982E-05 0.501992
0.181936 9.9982E-05 0.19366 9.9982E-05 0.624204
0.0871164 0.136087 0.221664 0.0468403 0.508292
0.290663 0.0304262 0.116351 0.0128471 0.549713
0.299722 0.049977 0.275541 0.0103236 0.364436
0.228549 0.00160541 0.363897 9.9991E-05 0.405849
0.148645 0.104878 0.144465 0.0482494 0.553763
0.33824 0.0467361 0.128583 9.9991E-05 0.486341
0.247967 0.0490577 0.143725 9.9991E-05 0.559151
0.364402 9.9982E-05 0.0387701 9.9982E-05 0.596628
0.808777 9.9982E-05 0.0646335 9.9982E-05 0.12639
0.10622 0.0348823 0.131951 0.0666463 0.6603
9.9982E-05 0.828558 0.0721212 9.9982E-05 0.0991207
9.9973E-05 0.915164 9.9973E-05 9.9973E-05 0.0845364
9.9982E-05 0.882766 9.9982E-05 0.0139556 0.103078
0.0116542 0.918852 9.9982E-05 9.9982E-05 0.0692935
0.0366357 0.904843 9.9991E-05 0.00930126 0.0491201
9.9991E-05 0.892482 0.00229137 0.0390523 0.0660743
9.9982E-05 0.912387 9.9982E-05 0.00841934 0.0789932
0.118537 0.0932288 0.138354 0.0999859 0.549894
0.153016 0.138761 0.059479 9.9991E-05 0.648644
0.560003 9.9982E-05 0.177599 9.9982E-05 0.262198
0.0359595 0.0688046 0.13273 0.133218 0.629288
0.190672 0.0234421 0.161826 9.9991E-05 0.62396
0.170487 0.0602663 0.00336846 0.0316637 0.734214
0.285485 0.0112492 9.9991E-05 0.0285803 0.674586
0.287069 9.9991E-05 0.0326255 0.0776679 0.602537
0.555127 0.00371175 0.285477 9.9991E-05 0.155584
0.171293 0.237147 0.0313394 0.0279854 0.532235
0.106501 0.0814888 0.0881847 0.0507672 0.673059
0.0931532 0.0646499 0.113777 0.143733 0.584687
0.541071 9.9973E-05 9.9973E-05 9.9973E-05 0.458629
0.242036 0.0181952 0.00297267 9.9991E-05 0.736696
0.213975 0.0484564 0.157264 9.9991E-05 0.580204
0.379888 9.9991E-05 0.0274036 0.00823815 0.58437
0.201285 0.102442 0.0779577 9.9991E-05 0.618216
0.0744523 0.170754 0.0927154 9.9991E-05 0.661979
0.346691 9.9991E-05 0.342753 0.117978 0.192479
0.0420465 0.151672 0.313068 0.113205 0.380009
0.0681258 0.0752813 0.179483 0.0249143 0.652195
9.9991E-05 0.195116 0.0787095 0.0325408 0.693534
0.104552 0.0690173 0.264045 0.0194022 0.542984
0.0134851 0.0165729 0.300054 0.0761706 0.593717
0.0704971 9.9991E-05 0.408792 0.123435 0.397175
0.0202894 0.126854 0.229463 0.0342901 0.589103
0.0589106 0.0655448 0.231945 0.0924837 0.551116
0.0735213 0.0618602 0.194248 9.9991E-05 0.670271
0.0715638 0.00149144 0.362296 9.9991E-05 0.564548
0.118441 0.116532 0.030385 0.108597 0.626045
0.142925 0.0660135 0.147483 0.0679498 0.575629
0.021826 9.9991E-05 0.271215 0.0518936 0.654965
0.0902456 0.0761318 0.159317 0.0758419 0.598463
0.0946479 0.0452329 0.174861 0.12699 0.558268
0.210403 0.11646 0.250368 0.0325344 0.390235
0.103917 0.0250265 0.111576 0.0967247 0.662755
0.0393159 0.0443125 0.184062 0.0988122 0.633497
0.148498 0.0329838 0.434537 0.0720111 0.311971
0.444455 0.0199835 0.262116 0.0632287 0.210217
0.0264218 0.0199228 0.214359 0.0492655 0.690031
0.446273 9.9991E-05 0.389733 0.0336912 0.130203
0.13388 0.0431464 0.469538 9.9991E-05 0.353335
0.112157 0.00949709 0.376679 9.9991E-05 0.501566
0.151719 0.028544 0.40477 9.9991E-05 0.414868
0.13939 9.9982E-05 0.471761 9.9982E-05 0.388649
0.109151 0.0847741 0.107543 0.0498804 0.648652
0.0403128 0.195988 0.0689106 0.146332 0.548457
0.0898074 0.0705148 0.14198 0.0251507 0.672547
0.401557 9.9991E-05 0.314868 0.120923 0.162551
0.162168 0.176618 0.076973 0.0795381 0.504704
0.348642 0.0655253 0.0345113 0.0894499 0.461871
0.665736 0.194246 0.0956564 9.9991E-05 0.044262
0.131069 0.15325 9.9991E-05 0.0247172 0.690864
0.391871 0.157362 0.0702899 0.0221713 0.358306
0.177948 0.108401 0.152013 0.146918 0.41472
0.448471 0.0973876 0.100813 0.0417862 0.311542
0.455796 0.119348 0.148657 9.9991E-05 0.276098
0.275793 0.0497016 0.158508 9.9991E-05 0.515898
0.243416 0.0505724 0.0920801 0.0588287 0.555103
0.295553 0.116053 0.0318328 0.0806553 0.475905
0.615358 0.0732359 0.099245 0.212061 9.9991E-05
0.138983 0.0612594 0.164585 0.117076 0.518097
0.371336 9.9982E-05 0.194284 9.9982E-05 0.43418
0.332515 9.9982E-05 0.17164 9.9982E-05 0.495644
0.144599 0.0935323 0.0643341 0.0917747 0.60576
0.202982 0.355802 9.9991E-05 0.277673 0.163444
0.239656 0.593534 9.9982E-05 0.166611 9.9982E-05
0.33337 0.493824 9.9982E-05 0.172606 9.9982E-05
0.124675 0.391781 0.0281174 0.357866 0.0975604
0.235882 9.9982E-05 9.9982E-05 0.0392662 0.724651
0.190298 0.0922669 9.9991E-05 0.0333042 0.684031
9.9982E-05 9.9982E-05 0.0534222 0.73548 0.210898
9.9991E-05 0.0813244 0.0793378 0.469514 0.369723
0.0502173 0.142754 0.0460913 0.412801 0.348136
0.529279 0.031832 9.9991E-05 0.0203406 0.418449
0.315512 0.0428675 0.093094 0.119484 0.429043
0.665093 0.0417837 9.9991E-05 0.0665299 0.226493
0.224447 0.0895995 0.0857727 0.0439346 0.556246
0.34027 0.0627737 0.141303 0.00308619 0.452567
0.251379 0.0700606 0.0392318 0.0870207 0.552308
0.662758 0.0346107 0.00538295 9.9991E-05 0.297148
0.0855049 0.0929407 0.0937912 0.166416 0.561348
0.200922 0.11468 0.00404047 0.0489035 0.631455
9.997E-05 9.997E-05 9.997E-05 0.9996 9.997E-05
9.9982E-05 9.9982E-05 0.0010516 0.909643 0.0891056
0.0255873 0.0252181 0.0714655 0.686828 0.190901
9.9982E-05 9.9982E-05 0.000240072 0.681714 0.317846
0.00468867 9.9991E-05 0.00506102 0.870373 0.119777
9.997E-05 9.997E-05 9.997E-05 0.9996 9.997E-05
9.9973E-05 9.9973E-05 0.012354 0.987346 9.9973E-05
9.9973E-05 9.9973E-05 9.9973E-05 0.885886 0.113814
9.9982E-05 9.9982E-05 0.0195439 0.95124 0.0290162
9.997E-05 9.997E-05 9.997E-05 0.9996 9.997E-05
9.997E-05 9.997E-05 9.997E-05 0.9996 9.997E-05
9.9991E-05 0.021409 0.0421644 0.750611 0.185715
9.9982E-05 0.0454333 9.9982E-05 0.837581 0.116786
9.9982E-05 0.00341877 0.01764 0.978741 9.9982E-05
0.0978259 0.124407 0.0695789 0.353333 0.354856
9.9991E-05 0.0449432 0.0327086 0.674026 0.248222
9.9991E-05 0.0523173 0.0690122 0.791846 0.0867245
9.9991E-05 0.00211514 0.010656 0.915807 0.0713222
9.997E-05 9.997E-05 9.997E-05 0.9996 9.997E-05
9.9982E-05 0.0397708 9.9982E-05 0.88203 0.0779992
9.997E-05 9.997E-05 9.997E-05 0.9996 9.997E-05
9.9991E-05 0.084409 0.076878 0.629627 0.208986
0.0277985 9.9991E-05 0.0535285 0.899013 0.0195601
0.573955 0.400144 9.9982E-05 0.0257007 9.9982E-05
0.136873 0.17878 0.154714 0.115017 0.414616
0.173733 0.281655 0.0145002 0.0552622 0.47485
0.416332 0.291676 9.9991E-05 0.147158 0.144734
0.11145 0.119468 0.104656 0.226846 0.43758
0.405272 0.301912 9.9991E-05 0.119835 0.172881
0.178622 0.206726 0.0597953 0.0875039 0.467353
0.30624 0.15993 9.9991E-05 0.191258 0.342472
0.136792 0.226763 9.9991E-05 0.142751 0.493594
0.274801 0.237908 9.9991E-05 0.202386 0.284805
0.192576 0.18253 0.0317152 0.126617 0.466562
0.049716 0.84375 0.0509542 9.9991E-05 0.0554802
0.00939155 0.931145 9.9991E-05 0.0585579 0.000805181
9.9973E-05 0.977271 0.022429 9.9973E-05 9.9973E-05
9.9982E-05 0.955317 0.0241974 9.9982E-05 0.0202853
9.9982E-05 0.914162 0.0554402 0.030198 9.9982E-05
0.0171232 0.894172 9.9982E-05 0.0885044 9.9982E-05
9.9982E-05 0.86692 9.9982E-05 0.0696044 0.0632753
0.0590667 0.934498 9.9982E-05 9.9982E-05 0.00623516
9.9982E-05 0.918261 0.000574076 9.9982E-05 0.0809645
0.0140522 0.854088 0.00995819 0.119201 0.00270004
0.0825405 0.601362 0.315897 9.9982E-05 9.9982E-05
0.0017308 0.593232 0.394185 9.9991E-05 0.0107524
0.13445 0.575437 0.289913 9.9982E-05 9.9982E-05
0.137651 0.506414 0.324829 9.9991E-05 0.0310063
0.0910458 0.0927245 0.170493 9.9991E-05 0.645637
0.179769 9.9991E-05 0.143838 0.0560187 0.620274
0.164421 0.000765985 0.18264 0.0319732 0.6202
0.23908 0.0356124 0.224434 9.9991E-05 0.500774
0.125441 9.9982E-05 0.616951 9.9982E-05 0.257408
0.167683 0.0727777 0.0951529 0.0149568 0.64943
0.213555 0.00807236 0.0785672 9.9991E-05 0.699705
0.299865 9.9982E-05 0.0688133 9.9982E-05 0.631122
0.414052 9.9982E-05 0.010458 9.9982E-05 0.57529
0.120149 0.106639 0.0474141 0.023744 0.702054
0.245783 9.9982E-05 0.202309 9.9982E-05 0.551708
0.777858 9.9982E-05 0.157753 9.9982E-05 0.0641894
0.134193 0.0307561 0.294287 0.0453949 0.495369
0.565596 9.9982E-05 0.00714114 9.9982E-05 0.427062
0.225663 9.9991E-05 0.0805212 0.0057075 0.688008
0.426672 0.0117984 0.28203 9.9991E-05 0.279399
0.0764626 0.129513 0.793825 9.9982E-05 9.9982E-05
0.0176792 0.137171 0.767039 9.9991E-05 0.0780109
0.0889743 0.0312931 0.879533 9.9982E-05 9.9982E-05
0.0335902 0.110418 0.839431 9.9991E-05 0.0164612
0.0791845 0.0085379 0.837174 0.0750033 9.9991E-05
9.9991E-05 0.068107 0.805715 0.0616505 0.064428
9.9982E-05 0.901871 9.9982E-05 0.0330871 0.0648422
9.9991E-05 0.822415 0.0831911 0.0354046 0.0588889
9.9982E-05 0.778332 9.9982E-05 0.158064 0.0634038
9.9991E-05 0.777913 0.0698743 0.151463 0.00064922
9.9991E-05 0.801078 0.024986 0.0718135 0.102023
0.0409222 0.402908 0.55597 9.9982E-05 9.9982E-05
0.169139 0.462675 0.367985 9.9982E-05 9.9982E-05
0.0830407 0.438097 0.478663 9.9982E-05 9.9982E-05
9.9991E-05 0.812768 0.0329309 0.0697777 0.0844229
0.12482 0.387431 0.487549 9.9982E-05 9.9982E-05
0.139867 0.234996 9.9991E-05 0.407512 0.217525
9.9991E-05 0.110914 0.029643 0.335625 0.523718
9.9982E-05 0.204246 9.9982E-05 0.264804 0.53075
0.116886 0.243042 0.0393204 0.255742 0.34501
0.110894 0.0809095 0.11462 0.253761 0.439814
0.187604 0.476305 9.9982E-05 0.335891 9.9982E-05
0.145487 0.0398007 0.304542 9.9991E-05 0.510071
0.255082 0.0443705 0.241274 0.010245 0.449029
9.9982E-05 0.0543246 0.570395 9.9982E-05 0.37508
0.263107 9.9991E-05 0.174571 0.0374837 0.524738
0.815811 9.9973E-05 0.183889 9.9973E-05 9.9973E-05
0.162754 0.110055 0.127871 0.0668132 0.532506
0.140514 0.0043653 0.261386 0.0536988 0.540036
0.0960614 0.0675915 0.447593 9.9991E-05 0.388654
0.0263173 0.017302 0.274796 0.0745071 0.607077
0.528853 9.9991E-05 0.277941 0.021404 0.171702
0.212874 0.0169917 0.158596 0.129345 0.482194
0.0554621 9.9991E-05 0.292203 0.0203641 0.631871
0.0944196 0.167609 0.11353 0.180922 0.443519
0.24931 9.9991E-05 0.298996 0.0347031 0.416891
0.151536 0.0171591 0.23864 0.0643715 0.528293
0.2603 9.9991E-05 0.109623 0.100413 0.529563
0.175592 0.0485001 0.180863 9.9991E-05 0.594945
9.9991E-05 0.0476076 0.215623 0.106107 0.630562
0.0841269 0.0410684 0.173909 0.102392 0.598503
9.9991E-05 0.0895975 0.241153 0.080878 0.588272
9.9982E-05 0.798811 9.9982E-05 0.0558461 0.145143
9.9982E-05 0.877114 9.9982E-05 0.0224931 0.100193
0.0333118 0.792767 0.0705356 0.0107774 0.0926079
0.0166685 0.837075 0.0587526 0.0182798 0.0692241
9.9973E-05 0.858191 9.9973E-05 9.9973E-05 0.141509
0.0890616 9.9991E-05 0.627385 0.0850793 0.198374
0.246947 0.085288 0.095592 0.0707783 0.501395
0.128742 0.185224 0.0260559 0.206415 0.453562
0.0594318 0.0548248 0.188033 0.0773442 0.620367
0.138307 0.0479637 0.183367 0.051791 0.578571
0.241493 9.9991E-05 0.380341 0.108728 0.269338
0.218773 0.12208 0.644186 9.9991E-05 0.0148608
0.0386719 0.0312488 0.342006 0.0252531 0.56282
0.221468 0.0331132 0.533139 0.106287 0.105993
0.241847 0.0678927 0.154789 0.075622 0.45985
0.149574 0.113504 0.573217 0.013558 0.150147
9.9991E-05 0.101893 0.18843 0.0679852 0.641592
0.158397 0.064778 0.475203 0.0193444 0.282278
0.22595 9.9991E-05 0.279792 0.116738 0.37742
0.253819 0.0933348 0.0482441 0.117356 0.487246
0.520921 0.0479176 0.0581758 0.0543801 0.318606
0.149221 0.1204 0.0994398 9.9991E-05 0.630839
0.171716 0.0875449 0.0172005 0.0968192 0.626719
0.458127 0.0267068 0.150783 9.9991E-05 0.364283
0.177437 0.132135 0.0928643 0.0265468 0.571017
0.210347 0.0819101 0.0109327 0.00219581 0.694614
0.771612 9.9982E-05 0.0382509 9.9982E-05 0.189937
0.554557 0.0439895 0.0344709 9.9991E-05 0.366883
0.257292 0.03289 0.10728 9.9991E-05 0.602438
0.592104 0.0522152 0.124311 9.9991E-05 0.23127
0.269981 0.0300161 0.12078 9.9991E-05 0.579122
0.17374 9.9991E-05 0.626434 0.0411952 0.158531
0.322814 9.9991E-05 0.345746 0.00808951 0.32325
0.0429204 9.9991E-05 0.506816 0.13885 0.311313
0.0587643 0.0218368 0.162542 0.103862 0.652995
0.126471 9.9991E-05 0.509851 0.0503709 0.313207
0.166777 0.0611437 0.138472 0.0673826 0.566224
0.0806829 0.0325256 0.232195 0.191286 0.463311
0.143713 0.0328877 0.154836 0.0881433 0.58042
0.0011541 0.0299451 0.325692 0.0857441 0.557465
0.0686012 0.0526225 0.256466 0.00603228 0.616278
9.9982E-05 9.9982E-05 0.624488 0.0651564 0.310155
0.146879 9.9991E-05 0.364598 0.120419 0.368004
0.0593651 9.9991E-05 0.190561 0.0438932 0.70608
0.144762 9.9991E-05 0.110567 0.0968688 0.647703
0.1975 0.100939 0.200763 9.9991E-05 0.500698
0.0731484 0.0062682 0.257955 0.121134 0.541495
0.0951033 0.0705788 0.373064 0.0586706 0.402583
0.00966146 9.9991E-05 0.272938 0.0987998 0.6185
0.0371539 0.0258081 0.280425 0.141194 0.515419
0.0339815 0.0535599 0.242508 0.128933 0.541017
9.9982E-05 0.385147 9.9982E-05 0.150771 0.463882
0.103379 0.204118 9.9991E-05 0.233162 0.459241
0.178505 0.0994274 0.084285 0.183211 0.454571
0.107658 0.0827422 0.0494557 0.169055 0.591089
0.107969 0.21552 9.9991E-05 0.25627 0.420141
0.251485 9.9991E-05 0.193275 0.0451349 0.510005
0.0725372 0.116259 0.0927646 0.222697 0.495743
0.478801 0.321601 9.9991E-05 0.151909 0.0475898
0.0205014 0.11247 0.165242 0.219714 0.482072
0.00764657 0.128193 0.0826638 0.196932 0.584565
0.106898 0.0941707 0.0499674 0.250053 0.49891
0.257393 0.240613 0.0274695 0.193696 0.280828
0.119949 0.180962 9.9991E-05 0.178126 0.520862
0.0737806 0.195072 9.9991E-05 0.139702 0.591345
0.28768 0.503766 9.9982E-05 0.208355 9.9982E-05
0.0323613 0.241821 9.9991E-05 0.234136 0.491582
0.043818 0.194359 0.0100246 0.237518 0.51428
0.0857328 0.166316 0.0153704 0.1369 0.595681
0.00454119 0.192996 9.9991E-05 0.285846 0.516517
0.0850548 0.209572 0.0292763 0.120417 0.555681
0.297647 0.0366543 0.0576175 0.0772233 0.530858
0.292178 0.0136468 0.133926 0.179421 0.380828
0.7453 9.9982E-05 0.124413 9.9982E-05 0.130088
0.804464 0.00443131 0.135917 0.00746491 0.0477228
0.227028 0.0139741 0.034587 0.102211 0.6222
0.115796 0.164299 9.9991E-05 0.40466 0.315145
0.148247 0.119604 9.9991E-05 0.391789 0.34026
0.3145 0.212693 9.9991E-05 0.344063 0.128644
0.125076 0.19739 9.9991E-05 0.316658 0.360776
0.673147 0.0895371 9.9991E-05 0.120128 0.117087
0.603674 0.112315 9.9991E-05 0.135023 0.148887
0.257083 0.0124852 9.9991E-05 0.135598 0.594734
0.284918 0.0534627 9.9991E-05 0.16806 0.493459
0.524467 0.0373535 0.00312953 0.197552 0.237498
0.210521 0.0179877 0.0926595 0.14588 0.532952
0.247284 9.9991E-05 0.0422042 0.197726 0.512686
0.129521 0.107464 0.055152 0.211113 0.49675
0.439121 0.0345993 0.104742 9.9991E-05 0.421437
0.360011 9.9991E-05 0.158853 0.0432275 0.437808
0.329352 0.0647003 0.0722417 0.047893 0.485813
0.328933 0.0308834 0.116069 0.0969097 0.427205
0.170298 0.0635028 0.109945 0.126994 0.52926
0.429521 0.0441143 0.0111224 0.074885 0.440357
0.593908 9.9982E-05 0.109358 9.9982E-05 0.296534
0.263319 0.00219785 9.9991E-05 0.0564023 0.677981
0.606671 9.9991E-05 0.0841907 0.00476375 0.304274
0.412053 0.0240769 0.0173147 0.0757355 0.47082
0.186135 0.119254 9.99962E-05 0.0995777 0.594933
0.330701 0.0297601 0.0124073 0.0641329 0.562999
0.147275 0.136427 0.00307797 0.236286 0.476934
0.129471 0.154739 0.196529 0.190491 0.32877
0.147468 0.223871 0.0358188 0.269347 0.323495
0.131247 0.118765 0.135114 0.324262 0.290613
0.0204024 0.183777 0.117666 0.195608 0.482547
0.176682 0.158127 0.0353234 0.237878 0.39199
0.615291 0.193763 9.9982E-05 0.190746 9.9982E-05
0.0339114 0.123218 9.9991E-05 0.218547 0.624224
0.413679 0.418364 9.9982E-05 0.167758 9.9982E-05
0.147406 0.0284959 9.9991E-05 0.279761 0.544237
0.771717 9.9973E-05 9.9973E-05 9.9973E-05 0.227983
0.895272 9.9991E-05 0.0914921 0.00376988 0.00936579
0.412899 9.9982E-05 9.9982E-05 0.0459447 0.540956
0.214661 0.0510354 9.9991E-05 0.0142715 0.719932
0.467617 9.9973E-05 9.9973E-05 9.9973E-05 0.532084
0.294119 0.0241424 9.9991E-05 0.0204069 0.661232
0.30418 9.9991E-05 0.0384007 0.0529505 0.604369
0.00380702 0.799173 0.0599953 0.0099746 0.12705
9.9982E-05 0.695863 0.155599 0.148338 9.9982E-05
9.9982E-05 0.917301 0.032311 0.0501884 9.9982E-05
9.9973E-05 0.981562 9.9973E-05 9.9973E-05 0.0181382
0.154355 0.0699034 0.0788118 0.000923052 0.696007
0.244944 0.0343542 0.0509809 0.0434457 0.626276
0.217594 0.0261608 0.0744626 9.9991E-05 0.681683
0.106702 0.119242 0.0489112 9.9991E-05 0.725045
0.110504 0.153855 0.0991862 0.0118029 0.624652
0.46706 0.0092751 0.0957099 0.00689258 0.421062
0.111465 0.0292443 0.0030829 0.0471068 0.809101
0.448953 0.0332737 9.9982E-05 9.9982E-05 0.517573
9.9991E-05 0.269892 0.0708403 0.231807 0.427361
0.305156 9.9991E-05 0.103487 0.00961858 0.581639
0.305509 9.9982E-05 0.185549 9.9982E-05 0.508742
0.236586 9.9991E-05 0.0288409 0.0296456 0.704827
0.269987 0.0180937 0.157406 9.9991E-05 0.554413
0.277862 9.9973E-05 9.9973E-05 9.9973E-05 0.721838
0.286872 0.0617171 9.9991E-05 0.0272469 0.624064
0.667938 9.9973E-05 9.9973E-05 9.9973E-05 0.331762
0.533085 9.9982E-05 0.0445363 9.9982E-05 0.422179
0.375632 9.9982E-05 0.108036 9.9982E-05 0.516132
0.916033 9.9973E-05 9.9973E-05 9.9973E-05 0.0836674
0.217051 0.0430624 0.144922 9.9991E-05 0.594865
0.7357 0.00105229 9.9982E-05 9.9982E-05 0.263048
0.879435 9.9982E-05 0.0404557 9.9982E-05 0.0799089
0.178428 0.0854743 9.9991E-05 0.0414011 0.694597
0.408353 0.0508341 0.150798 9.9991E-05 0.389916
0.20121 9.9991E-05 0.194129 0.0619533 0.542608
0.234281 0.0583052 9.9991E-05 0.0478009 0.659513
0.160157 0.0296582 0.1589 0.00302871 0.648257
0.250447 9.9991E-05 0.307066 0.101247 0.341139
0.207561 9.9982E-05 0.106758 9.9982E-05 0.685481
0.193681 0.0584752 0.124028 9.9991E-05 0.623716
0.488037 9.9982E-05 0.0327712 9.9982E-05 0.478992
0.233732 0.0716681 0.0422833 0.0968057 0.555511
0.0522911 0.652282 0.295227 9.9982E-05 9.9982E-05
0.0561768 0.766714 0.0932217 9.9991E-05 0.0837873
0.0749658 0.831639 0.0931951 9.9982E-05 9.9982E-05
0.0300818 0.821042 0.148676 9.9982E-05 9.9982E-05
9.9982E-05 0.727427 0.206533 9.9982E-05 0.0658398
0.424439 0.0407589 0.20032 9.9991E-05 0.334382
0.528278 9.9982E-05 0.188169 9.9982E-05 0.283354
0.646434 9.9973E-05 9.9973E-05 9.9973E-05 0.353266
0.0202075 0.142378 0.0786541 0.0571273 0.701633
0.104248 0.104281 0.0256235 0.0297072 0.73614
0.50377 9.9973E-05 9.9973E-05 9.9973E-05 0.49593
0.21472 9.9991E-05 0.0140324 0.0409864 0.730161
0.384023 0.0113632 0.0339997 0.106373 0.464241
0.216856 0.0406174 9.9982E-05 9.9982E-05 0.742326
0.118991 0.0156033 0.0824063 0.127659 0.65534
0.382294 0.00866161 0.168983 9.9991E-05 0.439962
0.289375 9.9982E-05 0.133746 9.9982E-05 0.576679
0.270039 9.9982E-05 0.173707 9.9982E-05 0.556054
0.14211 0.177578 0.0132358 0.0130569 0.654019
0.303074 0.0262751 0.112674 9.9991E-05 0.557877
0.260449 9.9991E-05 0.173416 0.00872348 0.557311
9.9991E-05 0.0391115 0.0476671 0.468313 0.444808
0.0472229 0.131007 9.9991E-05 0.472655 0.349016
9.9991E-05 0.114355 0.0247691 0.516219 0.344556
0.047898 0.100057 9.9991E-05 0.563793 0.288151
0.0111661 0.137971 0.00630198 0.323352 0.521209
0.300118 0.060584 9.9991E-05 0.00689835 0.6323
0.0978966 0.214797 9.9991E-05 0.656638 0.0305676
0.0759259 0.128615 0.0477906 0.49177 0.255898
0.188924 0.210535 0.0389044 0.213372 0.348264
0.109711 0.182257 0.0250367 9.9991E-05 0.682896
0.221183 0.145923 0.148245 0.0431452 0.441504
0.0913996 0.170313 0.0212524 0.0916246 0.625411
0.0816373 0.152219 0.0428244 0.0275453 0.695774
9.9982E-05 0.208741 9.9982E-05 0.390084 0.400975
9.9991E-05 0.145953 0.0959837 0.363595 0.394368
9.9982E-05 0.0552275 9.9982E-05 0.544311 0.400261
0.0565814 0.172922 0.0278832 0.281214 0.461399
0.0147626 0.155882 9.9991E-05 0.476667 0.352589
0.104434 0.124585 9.9991E-05 0.34195 0.428932
0.119256 0.108493 9.9991E-05 0.621453 0.150698
0.0506039 0.0445811 0.0190449 0.444561 0.441209
0.23757 0.115604 9.9991E-05 0.0346024 0.612124
0.0300429 0.231547 9.9991E-05 0.278369 0.459941
9.9982E-05 0.193118 9.9982E-05 0.692944 0.113738
0.0912128 0.153552 0.0541759 0.330366 0.370693
0.281283 0.179633 0.244494 9.9991E-05 0.29449
0.153758 0.0283859 0.0792132 0.164405 0.574238
0.0579059 0.075747 0.0853758 0.361113 0.419858
0.127566 0.159082 0.0833551 0.112885 0.517112
0.195305 0.181833 0.0405278 9.9991E-05 0.582234
0.117982 0.224687 0.0598788 0.261735 0.335717
0.135959 0.228041 9.9991E-05 0.304242 0.331658
0.127468 0.171593 0.00685985 0.0799613 0.614118
0.183824 0.0983272 9.9991E-05 0.367482 0.350267
0.057578 0.0801964 9.9991E-05 0.420833 0.441292
0.0433018 0.231509 0.0141335 0.672712 0.0383443
0.136038 0.0785634 0.0985044 0.150845 0.536049
0.181679 0.167644 0.102942 9.9991E-05 0.547636
0.558372 0.152445 9.9991E-05 0.0958711 0.193212
0.0565465 0.179599 0.0751188 0.0442569 0.644479
0.247329 0.0104115 0.261048 0.158481 0.32273
0.138334 0.237905 0.00486308 0.133442 0.485455
0.134708 0.136434 0.07655 0.126022 0.526285
0.405723 0.368 9.9982E-05 0.226077 9.9982E-05
0.46254 0.375566 9.9982E-05 0.161694 9.9982E-05
0.329639 0.202516 0.0419438 0.13795 0.287951
0.399824 0.367575 9.9982E-05 0.232401 9.9982E-05
0.308094 0.478621 9.9982E-05 0.213085 9.9982E-05
0.314445 0.14551 0.000130809 0.149791 0.390123
0.107073 0.305877 9.9991E-05 0.148359 0.438591
0.274339 0.337188 9.9991E-05 0.189933 0.198439
0.393272 0.327638 9.9991E-05 0.195703 0.0832865
0.155222 0.154142 0.0423899 0.0986662 0.549579
0.44585 0.227157 9.9991E-05 0.206359 0.120534
0.409985 0.53057 9.9982E-05 0.0592446 9.9982E-05
0.0279184 0.14682 0.131769 0.217741 0.475751
0.154851 0.189484 0.0499437 0.28345 0.32227
0.0300179 0.31291 0.0471209 0.193845 0.416106
9.9982E-05 0.16222 9.9982E-05 0.223458 0.614122
9.9991E-05 0.197577 0.0213992 0.210368 0.570556
0.118491 0.201286 9.9991E-05 0.27145 0.408672
9.9991E-05 0.397276 0.0167292 0.189013 0.396882
0.0355447 0.15698 0.0404217 0.217728 0.549326
0.0197758 0.222343 0.0438915 0.317474 0.396516
0.149484 0.25687 9.9991E-05 0.264445 0.329101
0.188225 0.187785 0.130129 0.133813 0.360049
0.07248 0.175637 0.0630348 0.180933 0.507915
0.0223566 0.0824735 0.0751366 0.235176 0.584857
0.0241187 0.17434 9.9991E-05 0.100633 0.700808
0.0480844 0.301503 0.00801817 0.276594 0.365801
0.0460535 0.214839 9.9991E-05 0.234695 0.504312
0.183385 0.398536 9.9991E-05 0.185793 0.232185
9.9991E-05 0.175932 0.0258082 0.274227 0.523933
0.123333 0.295316 9.9991E-05 0.325062 0.25619
0.081462 0.812721 0.097884 0.00783311 9.9991E-05
0.0488357 0.125521 0.748949 9.9991E-05 0.076595
0.0296629 0.0069646 0.963173 9.9982E-05 9.9982E-05
9.997E-05 9.997E-05 0.9996 9.997E-05 9.997E-05
9.9973E-05 9.9973E-05 0.948736 0.0509637 9.9973E-05
9.9982E-05 0.0062794 0.955304 0.038217 9.9982E-05
9.9982E-05 9.9982E-05 0.882763 0.00964864 0.107389
9.9973E-05 0.072227 0.927473 9.9973E-05 9.9973E-05
9.9973E-05 0.163312 0.836388 9.9973E-05 9.9973E-05
9.9982E-05 0.91742 0.0429274 9.9982E-05 0.0394531
0.000159109 0.811852 0.104108 0.0167176 0.0671637
0.0290256 0.874761 0.0337191 0.062394 9.9991E-05
0.0226563 0.85717 0.0520224 9.9991E-05 0.0680512
0.00303224 0.869314 0.0499501 0.0687249 0.00897856
0.015113 0.882052 0.0881189 0.0146164 9.9991E-05
9.9982E-05 0.756033 0.101338 0.142429 9.9982E-05
0.0238287 0.849644 9.9991E-05 0.0887211 0.0377057
9.9991E-05 0.745592 0.111394 0.0805202 0.0623942
0.0256609 0.900638 9.9982E-05 0.0735012 9.9982E-05
9.9973E-05 0.963051 0.0366496 9.9973E-05 9.9973E-05
9.9991E-05 0.860188 0.0838248 0.0275501 0.0283375
9.9982E-05 0.938793 0.018831 9.9982E-05 0.0421758
9.9973E-05 0.91647 9.9973E-05 9.9973E-05 0.0832301
9.9991E-05 0.858916 0.0397189 0.0546617 0.0466032
9.9982E-05 0.874361 9.9982E-05 0.0206644 0.104775
9.9982E-05 0.795193 9.9982E-05 0.0885623 0.116045
9.9982E-05 0.784024 9.9982E-05 0.104745 0.111032
9.9982E-05 0.823115 9.9982E-05 0.0497064 0.126979
0.206225 0.173665 0.112217 0.0574662 0.450427
0.10947 0.12827 9.9982E-05 9.9982E-05 0.762059
0.102268 0.133318 0.0442346 0.0922057 0.627974
0.692894 0.102187 9.9982E-05 9.9982E-05 0.20472
0.133119 0.125477 0.12561 9.9991E-05 0.615694
0.618941 0.231743 9.9991E-05 0.00590527 0.143311
0.133469 0.129712 9.9991E-05 0.0591497 0.67757
0.168179 0.103183 0.137025 9.9991E-05 0.591513
0.227285 0.162424 0.0271154 9.9991E-05 0.583075
0.213415 0.0552653 0.0758338 0.0122481 0.643238
0.167028 0.139915 0.148654 9.9991E-05 0.544304
0.11414 0.0941723 0.00722998 0.0850184 0.69944
0.13231 0.131335 0.0773 9.9991E-05 0.658954
0.369746 9.9991E-05 0.455821 0.0711888 0.103144
0.835961 0.0985908 0.0652481 9.9982E-05 9.9982E-05
0.592893 0.134768 0.0411082 0.049532 0.181699
0.0768784 0.201118 0.0730484 0.0462028 0.602753
0.133402 0.17547 0.0817849 9.9991E-05 0.609244
0.208397 0.173429 9.9982E-05 9.9982E-05 0.617974
0.176256 0.0919063 9.9991E-05 0.0651491 0.666589
0.044199 0.23337 0.0168824 0.161486 0.544063
9.9991E-05 0.213007 0.00762783 0.152855 0.62641
0.12817 0.433061 0.0861819 0.193857 0.158729
0.0714425 0.107566 0.130207 0.106122 0.584663
0.11868 0.217186 0.052163 0.169586 0.442385
0.341845 0.46688 9.9982E-05 0.191075 9.9982E-05
0.0890553 0.339749 9.9991E-05 0.220609 0.350487
0.0305288 0.387063 0.090172 0.146063 0.346173
9.9991E-05 0.337757 0.138757 0.140796 0.38259
0.0578207 0.122907 0.0588908 0.296132 0.464249
9.9982E-05 0.229574 9.9982E-05 0.119394 0.650832
0.0607757 0.125303 0.0263498 0.284509 0.503062
0.197274 0.262609 0.0403005 0.154477 0.34534
0.0181464 0.473968 0.00902465 0.158203 0.340659
