0.0569165 0.0315866 0.880752 9.9991E-05 0.0306449
9.9973E-05 9.9973E-05 0.964386 0.0353144 9.9973E-05
0.0429483 0.0259684 0.826789 9.9991E-05 0.104195
0.0970336 0.0867036 0.775973 9.9991E-05 0.0401902
0.0352743 0.0623678 0.877816 9.9991E-05 0.0244415
0.127767 0.0753731 0.609605 0.128511 0.0587434
0.0773804 0.0289463 0.852233 0.0413408 9.9991E-05
0.143283 0.0199211 0.760338 0.0763573 9.9991E-05
0.103435 9.9982E-05 0.839028 0.0573369 9.9982E-05
0.0391091 0.0466517 0.753397 0.0474575 0.113385
0.129264 9.9982E-05 0.77889 0.0916456 9.9982E-05
0.499912 0.0708315 9.9991E-05 0.116384 0.312772
0.318299 0.168987 9.9982E-05 9.9982E-05 0.512514
0.495615 0.155205 0.0363529 0.140078 0.172748
0.312758 0.124939 0.0595084 0.103236 0.399558
0.152997 0.1478 0.0919712 0.171616 0.435616
0.237831 0.173126 9.9982E-05 9.9982E-05 0.588843
0.203104 0.0242143 0.0601469 0.202576 0.509959
0.309044 0.0759693 0.171151 0.0653888 0.378447
0.656626 0.0790188 9.9991E-05 0.238351 0.0259035
0.231702 0.102367 0.00767149 0.210347 0.447911
0.206209 0.0601527 0.0246937 0.212673 0.496272
0.223328 0.0958506 9.9991E-05 0.0834655 0.597256
0.388601 0.130777 9.9991E-05 0.163327 0.317194
0.0739293 0.128871 0.0738976 0.0966201 0.626682
0.24249 0.0962119 0.00168206 0.037054 0.622563
0.504014 0.107192 0.0334515 0.0983816 0.256961
0.431982 0.218014 0.0170529 0.082063 0.250887
0.507436 0.0359125 9.9991E-05 0.21098 0.245571
9.9982E-05 0.119105 0.841185 9.9982E-05 0.03951
9.9973E-05 9.9973E-05 0.861074 9.9973E-05 0.138626
0.0165296 0.116288 0.76749 9.9991E-05 0.0995923
9.9982E-05 0.0882505 0.765738 9.9982E-05 0.145811
0.0800645 0.0293088 0.0658892 0.205786 0.618952
9.9991E-05 0.0431191 0.117026 0.227987 0.611768
0.0296471 9.9991E-05 0.0215512 0.2438 0.704902
0.620233 0.0429304 0.0944115 0.089626 0.152799
0.0471171 0.0348593 0.0545678 0.454695 0.40876
0.141415 0.0734572 0.00942937 0.229372 0.546326
9.9991E-05 0.0446352 0.0183609 0.137267 0.799637
0.130394 0.00849521 0.103452 0.137773 0.619885
0.0555716 0.00162348 0.142303 0.0455142 0.754988
0.140544 9.9982E-05 9.9982E-05 0.545897 0.313359
0.0418001 0.0616908 0.0584658 0.155696 0.682347
9.9991E-05 0.0896325 0.0425514 0.222877 0.644839
9.9991E-05 0.075932 0.153579 0.128243 0.642146
0.0760149 9.9982E-05 9.9982E-05 0.444024 0.479761
9.9991E-05 0.069062 0.0158241 0.17842 0.736594
9.9991E-05 0.0888613 0.151074 0.120477 0.639487
9.9982E-05 9.9982E-05 0.113565 0.858147 0.0280872
0.488291 9.9982E-05 9.9982E-05 0.280166 0.231343
0.272172 0.119566 9.9982E-05 0.608062 9.9982E-05
0.178102 0.13316 9.9991E-05 0.119245 0.569393
0.0716828 9.9991E-05 0.131277 0.0812521 0.715688
0.0801876 0.0454541 0.0465066 0.196573 0.631279
0.325217 9.9991E-05 0.100196 0.361125 0.213362
0.277975 0.0496815 0.0101447 0.0683903 0.593809
0.140214 0.0965313 0.10926 0.123379 0.530616
0.226058 0.0708931 0.114029 0.210633 0.378387
0.31752 0.034505 0.21479 0.297366 0.135819
0.234063 0.0386693 0.0238651 0.0754273 0.627975
0.350984 0.143516 0.0393566 0.105481 0.360662
0.596613 9.9991E-05 0.0265083 0.259412 0.117367
0.26117 0.0224502 0.0181971 0.131544 0.566639
0.0515688 0.0914788 9.9991E-05 0.288879 0.567973
0.133575 0.0973206 0.0758318 0.0855276 0.607745
0.28333 0.0790151 0.0484207 0.312346 0.276888
0.257229 0.0941017 9.9991E-05 0.14829 0.500279
0.254188 0.0360442 0.021951 0.0446941 0.643123
0.390874 9.9991E-05 0.0417087 0.282447 0.28487
0.0496793 9.9982E-05 9.9982E-05 0.306324 0.643797
0.184329 9.9982E-05 9.9982E-05 0.464626 0.350845
0.138928 0.0264115 0.0985317 0.155714 0.580415
0.0468217 9.9982E-05 9.9982E-05 0.83408 0.118898
0.0635162 9.9982E-05 9.9982E-05 0.769283 0.167001
0.00247781 9.9982E-05 9.9982E-05 0.569886 0.427437
0.113178 9.9982E-05 9.9982E-05 0.314391 0.57223
0.122555 0.0782127 0.0995077 0.0637855 0.635939
0.084442 0.0679676 0.00752125 0.321911 0.518158
0.233497 9.9982E-05 9.9982E-05 0.464357 0.301946
0.350826 9.9982E-05 9.9982E-05 0.281565 0.36741
0.181849 0.0298305 0.0716213 0.115224 0.601476
0.131362 9.9991E-05 0.0228684 0.389539 0.456131
0.113717 9.9991E-05 0.0555885 0.283916 0.546679
9.9973E-05 9.9973E-05 9.9973E-05 0.435766 0.563934
0.0818476 0.0032747 9.9991E-05 0.825964 0.0888133
0.0167824 0.0394205 0.0154186 0.259869 0.668509
0.0542936 9.9982E-05 0.82423 9.9982E-05 0.121276
9.9973E-05 9.9973E-05 0.889763 9.9973E-05 0.109937
9.9982E-05 0.0351613 0.840831 9.9982E-05 0.123807
9.9982E-05 0.0291228 0.916554 9.9982E-05 0.0541228
9.9973E-05 9.9973E-05 0.895459 9.9973E-05 0.104242
0.0191821 0.000502983 0.901838 0.00860223 0.0698752
9.9973E-05 9.9973E-05 0.94018 9.9973E-05 0.0595206
0.127333 0.0679052 0.0887558 0.206387 0.50962
0.117471 9.9991E-05 0.123921 0.127989 0.630519
0.155882 9.9991E-05 0.00511647 0.62593 0.212971
0.0677457 0.172517 0.146519 0.0706682 0.54255
0.120672 9.9991E-05 0.0699952 0.252196 0.557037
9.9982E-05 9.9982E-05 0.0931794 0.238574 0.668046
9.9982E-05 0.064415 9.9982E-05 0.288341 0.647044
0.0427664 0.0938211 9.9991E-05 0.30137 0.561942
0.347064 9.9982E-05 9.9982E-05 0.546341 0.106395
0.210436 0.0622154 0.0841487 0.0394874 0.603713
0.10211 0.0416961 9.9991E-05 0.205759 0.650335
0.12281 0.134287 0.0680975 0.108688 0.566117
0.0426589 9.9982E-05 9.9982E-05 0.563528 0.393613
9.9982E-05 9.9982E-05 0.0415446 0.334856 0.6234
0.18163 9.9991E-05 0.0483733 0.230336 0.539561
9.9982E-05 0.0366801 9.9982E-05 0.500368 0.462752
0.190002 9.9991E-05 0.0703642 0.188003 0.551531
0.190684 0.0958316 0.0797362 0.0964005 0.537348
0.39519 0.0231838 0.0464231 0.22746 0.307743
0.327658 9.9991E-05 0.118689 0.0349612 0.518592
0.218984 0.101407 0.10203 0.0313949 0.546184
0.0978178 0.0730865 0.0797525 0.239262 0.510081
0.344845 0.0354095 0.0387003 0.0367127 0.544332
0.271802 9.9982E-05 0.081984 9.9982E-05 0.646014
0.360902 0.044033 0.0366502 0.0344806 0.523935
0.188694 0.0467106 0.0557438 0.189026 0.519825
0.215665 0.148875 0.00372232 0.0551537 0.576584
0.170158 0.0267185 0.0531634 0.139793 0.610167
0.411146 9.9973E-05 9.9973E-05 9.9973E-05 0.588554
0.0986562 0.0421615 0.1013 0.0630395 0.694843
0.200593 0.165413 0.112916 0.0204806 0.500597
0.231064 0.0146255 9.9991E-05 0.0591036 0.695107
0.197399 0.072914 0.0414829 0.0857381 0.602466
0.24346 0.142429 9.9991E-05 0.0695625 0.544449
0.389048 0.0324037 0.0321846 0.156232 0.390132
0.244735 0.0790636 9.9991E-05 0.0143163 0.661785
0.137612 0.0449821 0.0513178 0.0774143 0.688674
0.481884 0.0943553 9.9991E-05 0.180172 0.243489
0.291868 0.0697301 0.0482912 0.437925 0.152185
0.224825 0.11102 0.0221889 0.0858176 0.556149
0.33096 0.0747107 9.9991E-05 0.497072 0.097157
0.421109 9.9991E-05 0.013632 0.242544 0.322614
0.323937 9.9991E-05 0.0148312 0.116118 0.545014
0.439473 9.9991E-05 0.0490002 0.144452 0.366975
0.470836 9.9991E-05 0.00983622 0.109322 0.409905
0.15274 0.0438442 0.0897134 0.04108 0.672622
0.096574 0.118205 0.115981 0.0640498 0.60519
0.199469 0.105875 0.0346309 0.133635 0.526389
0.402539 0.0788187 9.9991E-05 0.32989 0.188653
0.0464499 0.0616881 0.183678 0.111285 0.596899
0.0588118 0.123892 0.0637891 0.339002 0.414505
0.166827 9.9991E-05 0.206442 0.615423 0.0112073
9.9991E-05 0.0827276 0.0604561 0.179427 0.677289
0.0859602 0.0452051 0.0555088 0.381998 0.431328
0.0490323 0.0873853 0.0205865 0.300208 0.542788
0.187752 0.0406988 0.108907 0.426785 0.235856
0.0755675 9.9991E-05 0.164677 0.472228 0.287427
0.14604 9.9991E-05 0.0547686 0.34175 0.457341
0.152301 0.115382 0.0978082 0.16355 0.470959
0.108301 0.0610947 0.142197 0.16802 0.520387
0.13887 0.218156 0.0702797 0.572595 9.9991E-05
0.0907276 0.142307 0.109262 0.0857099 0.571993
0.143947 9.9982E-05 9.9982E-05 0.386958 0.468895
0.0780505 0.0196059 9.9991E-05 0.30925 0.592993
0.0631439 0.106536 0.0708593 0.164083 0.595378
0.00618862 0.294277 0.360101 0.23246 0.106972
9.9982E-05 0.151693 0.590387 0.257721 9.9982E-05
9.9982E-05 0.160663 0.537983 0.301155 9.9982E-05
0.0495875 0.368494 0.396174 0.0850423 0.100702
9.9982E-05 9.9982E-05 0.0128798 0.213832 0.773088
0.208691 0.0530181 9.9991E-05 0.134232 0.603959
0.00907387 0.659403 9.9982E-05 9.9982E-05 0.331323
0.129712 0.475837 9.9991E-05 0.0186888 0.375662
0.0898616 0.396208 0.103407 9.9991E-05 0.410424
9.9991E-05 0.0148379 0.0318304 0.622116 0.331115
0.149888 0.0929717 0.0477762 0.130892 0.578472
0.0317725 0.0447221 0.0692577 0.611874 0.242373
9.9982E-05 9.9982E-05 0.113052 0.262302 0.624446
0.0682853 0.0190181 0.0412745 0.399755 0.471667
0.0469563 0.067107 0.0324492 0.244154 0.609333
0.0945259 0.0171875 0.00983635 0.643271 0.23518
9.9991E-05 0.116844 0.0805038 0.16525 0.637303
9.9991E-05 0.0601273 0.0861213 0.214184 0.639468
9.9982E-05 0.942021 9.9982E-05 0.0540572 0.00372196
9.9973E-05 0.912983 9.9973E-05 9.9973E-05 0.0867167
0.0045831 0.604203 0.0928163 0.0261917 0.272205
0.0274297 0.708271 9.9982E-05 9.9982E-05 0.264099
9.9973E-05 0.828696 9.9973E-05 9.9973E-05 0.171004
9.997E-05 0.9996 9.997E-05 9.997E-05 9.997E-05
0.0391787 0.960521 9.9973E-05 9.9973E-05 9.9973E-05
9.9973E-05 0.838742 9.9973E-05 9.9973E-05 0.160958
0.0360602 0.941594 9.9982E-05 9.9982E-05 0.0221455
9.997E-05 0.9996 9.997E-05 9.997E-05 9.997E-05
9.997E-05 0.9996 9.997E-05 9.997E-05 9.997E-05
0.0580507 0.819773 9.9982E-05 9.9982E-05 0.121977
0.00826798 0.825356 0.0244369 9.9991E-05 0.141839
0.0340239 0.965676 9.9973E-05 9.9973E-05 9.9973E-05
0.00280595 0.3983 0.108743 0.138686 0.351464
0.0678574 0.656544 0.0618164 0.0135087 0.200274
0.00167826 0.819384 0.0681905 9.9991E-05 0.110647
0.0315914 0.891756 0.0105964 9.9991E-05 0.0659562
9.997E-05 0.9996 9.997E-05 9.997E-05 9.997E-05
0.0217534 0.907899 0.00149225 9.9991E-05 0.0687554
9.997E-05 0.9996 9.997E-05 9.997E-05 9.997E-05
0.0500563 0.688551 9.99882E-05 9.99882E-05 0.261193
0.00722785 0.861204 0.0531837 9.9991E-05 0.0782844
9.9982E-05 0.0459972 0.373332 0.580471 9.9982E-05
0.0918818 0.121906 0.201303 0.172696 0.412212
0.034343 0.141167 0.247998 0.24003 0.336461
9.9991E-05 0.182515 0.242035 0.484126 0.0912235
9.9991E-05 0.235073 0.0981827 0.212853 0.453791
9.9991E-05 0.10623 0.285965 0.43935 0.168356
0.0664694 0.0516873 0.192467 0.187025 0.502352
9.9991E-05 0.181809 0.174958 0.335643 0.307491
9.9991E-05 0.113727 0.200902 0.222073 0.463198
9.9991E-05 0.283503 0.175822 0.233504 0.307071
0.0976559 0.0235578 0.197889 0.164919 0.515978
0.0735807 9.9991E-05 0.842035 0.0376695 0.0466151
9.9982E-05 0.0524791 0.928211 9.9982E-05 0.01911
0.0136982 9.9982E-05 0.984224 9.9982E-05 0.00187822
0.0490906 9.9973E-05 0.950609 9.9973E-05 9.9973E-05
0.0719603 0.0127648 0.892191 9.9991E-05 0.0229844
9.9973E-05 0.0991268 0.900573 9.9973E-05 9.9973E-05
0.0107871 0.0666069 0.87529 9.9991E-05 0.0472165
9.9982E-05 9.9982E-05 0.88562 0.0690631 0.0451167
9.9982E-05 9.9982E-05 0.928336 0.00513992 0.0663238
0.0403923 0.109153 0.84244 9.9991E-05 0.0079149
0.272616 9.9982E-05 0.617345 0.109839 9.9982E-05
0.386909 0.00251985 0.587432 0.0230397 9.9991E-05
0.30949 9.9982E-05 0.543291 0.147019 9.9982E-05
0.30999 9.9982E-05 0.501751 0.188059 9.9982E-05
0.227184 0.0208936 0.0389426 0.142213 0.570767
0.108106 0.0316913 0.0154066 0.276919 0.567878
0.239318 0.0671123 9.9991E-05 0.065252 0.628217
0.286299 9.9991E-05 0.0260931 0.197223 0.490284
0.627288 9.9982E-05 9.9982E-05 0.120307 0.252205
0.0830065 0.0846758 0.0873032 0.169439 0.575576
0.0941211 9.9982E-05 9.9982E-05 0.202078 0.703601
0.0527447 9.9982E-05 9.9982E-05 0.236384 0.710672
0.00893753 9.9982E-05 9.9982E-05 0.449945 0.540918
0.15634 0.0155073 0.0324369 0.152601 0.643115
0.179728 9.9982E-05 9.9982E-05 0.256974 0.563098
0.183066 9.9982E-05 9.9982E-05 0.785234 0.0315003
0.147568 9.9991E-05 0.0567674 0.209306 0.586259
9.9973E-05 9.9973E-05 9.9973E-05 0.624586 0.375114
0.024524 0.0536887 0.00330549 0.308065 0.610417
0.253636 9.9991E-05 0.00286176 0.463926 0.279475
0.841789 0.0439724 0.0894256 0.0247128 9.9991E-05
0.729628 9.9991E-05 0.104195 0.091409 0.0746681
0.906487 9.9991E-05 0.0373004 0.0232377 0.0328754
0.843679 9.9982E-05 0.125445 0.0306756 9.9982E-05
0.881026 0.0289889 9.9991E-05 0.0632966 0.0265888
0.814326 0.0852914 0.0514677 9.9991E-05 0.0488153
9.9982E-05 0.0352299 0.870928 9.9982E-05 0.0936426
0.0651075 0.0472782 0.843049 9.9991E-05 0.0444654
9.9982E-05 0.122419 0.765542 9.9982E-05 0.111838
0.068459 0.133199 0.75221 9.9991E-05 0.046032
0.0123773 0.0381186 0.826213 9.9991E-05 0.123191
0.575356 9.9982E-05 0.377324 0.0471205 9.9982E-05
0.388648 9.9982E-05 0.500249 0.110903 9.9982E-05
0.480947 9.9982E-05 0.434908 0.0839449 9.9982E-05
0.0627019 0.057585 0.77159 9.9991E-05 0.108023
0.450485 9.9982E-05 0.383792 0.165523 9.9982E-05
9.9991E-05 0.387609 0.249064 0.136731 0.226496
0.0629336 0.177216 0.140392 9.9991E-05 0.619358
9.9982E-05 0.235601 0.21155 9.9982E-05 0.552648
9.9991E-05 0.244859 0.279063 0.114979 0.360999
0.034083 0.182938 0.128046 0.0879682 0.566965
9.9982E-05 0.318529 0.512928 0.168343 9.9982E-05
0.331156 9.9982E-05 9.9982E-05 0.155026 0.513618
0.235591 0.00672212 0.0454797 0.27475 0.437457
0.572178 0.0498383 0.0548329 0.0725191 0.250632
0.179519 0.0194888 9.9991E-05 0.291176 0.509717
0.178622 9.9973E-05 9.9973E-05 0.821078 9.9973E-05
0.179713 0.0367929 0.138688 0.0874924 0.557314
0.170211 0.0178841 0.0508303 0.264472 0.496603
0.463489 9.9991E-05 0.00796682 0.0844412 0.444003
0.216354 0.0970133 0.0788639 0.0355112 0.572258
0.297648 9.9982E-05 9.9982E-05 0.551297 0.150855
0.226067 0.0589272 9.9991E-05 0.273411 0.441495
0.267908 9.9982E-05 9.9982E-05 0.109118 0.622774
0.0951801 0.241322 0.132693 0.111989 0.418816
0.313551 0.0212602 9.9991E-05 0.246968 0.418121
0.270478 0.0440773 0.0267784 0.161591 0.497075
0.0936608 0.103225 9.9991E-05 0.327347 0.475668
0.0833833 9.9991E-05 0.0599208 0.200479 0.656116
0.18826 0.107065 0.00730713 0.0292012 0.668166
0.129288 0.0326848 0.152741 0.060501 0.624785
0.0837479 0.0745779 0.0995685 0.164863 0.577243
9.9982E-05 0.0681433 0.79346 9.9982E-05 0.138197
9.9991E-05 0.0566554 0.836361 0.0288148 0.0780687
0.0596411 0.0104384 0.747144 0.0973075 0.0854694
0.0284986 0.0397697 0.853562 0.0320019 0.0461677
0.0154423 0.0333467 0.83814 9.9991E-05 0.112971
0.568258 0.0622091 0.00275768 0.170382 0.196392
0.0840675 0.0967369 0.0462818 0.237941 0.534973
0.0143678 0.10409 0.28334 0.0783612 0.519841
0.110418 0.129865 0.031702 0.0881638 0.639851
0.235458 0.0368424 0.082802 0.0578814 0.587016
0.308587 0.100801 0.0182511 0.299109 0.273252
0.569534 9.9991E-05 0.158879 0.228814 0.0426733
0.349253 0.0257518 9.9991E-05 0.0684024 0.556493
0.514234 0.113811 0.0698851 0.142823 0.159247
0.250231 0.107896 0.0279255 0.185117 0.428831
0.488568 0.00911393 0.148953 0.183514 0.169852
0.217655 0.11354 0.111682 0.0116209 0.545503
0.451713 0.0293617 0.0747795 0.201571 0.242574
0.278569 0.0814836 0.0150607 0.227185 0.397702
0.141892 0.039012 0.0681604 0.24375 0.507186
0.154366 0.0698826 0.0193665 0.468364 0.288021
0.0474908 9.9991E-05 0.12008 0.269892 0.562437
0.00770902 9.9991E-05 0.215248 0.105663 0.671279
0.160057 9.9991E-05 0.0174719 0.423981 0.39839
0.126675 0.11749 0.0291449 0.246895 0.479795
0.0148284 9.9991E-05 0.125303 0.282634 0.577134
0.137621 9.9982E-05 9.9982E-05 0.715527 0.146652
9.9982E-05 9.9982E-05 0.045582 0.635111 0.319107
9.9991E-05 0.000733518 0.0592208 0.371696 0.568249
0.144943 9.9991E-05 0.01827 0.577033 0.259653
0.0743803 9.9991E-05 0.0807632 0.321388 0.523369
0.615393 0.00281778 0.0411505 0.105407 0.235232
0.335595 0.0209226 9.9991E-05 0.328214 0.315168
0.455929 0.0563748 0.0131353 9.9991E-05 0.47446
0.173536 0.112861 9.9991E-05 0.0942239 0.619279
0.490724 9.9982E-05 9.9982E-05 0.171493 0.337583
0.0950107 0.0438793 0.163098 0.207707 0.490305
0.283063 0.104772 0.0175626 0.0605124 0.53409
0.274505 0.0353743 0.0168123 0.0640575 0.609251
0.283722 0.0961568 0.0119063 0.0845243 0.523691
0.326155 9.9991E-05 0.0584023 0.102527 0.512816
0.556814 0.100835 9.9991E-05 0.0710684 0.271183
0.47219 0.111607 9.9991E-05 0.037347 0.378756
0.236632 0.0824413 9.9991E-05 0.0453594 0.635467
0.12419 0.033189 0.0412062 0.0606547 0.74076
0.206392 0.0163613 0.0467191 0.223495 0.507032
0.223267 0.0704952 0.00131094 0.144842 0.560085
0.401578 0.0554442 0.0941724 0.022099 0.426706
0.239186 0.0649892 9.9982E-05 9.9982E-05 0.695625
0.227406 0.0552193 0.020846 0.0285024 0.668026
0.0706687 0.160274 0.0781929 0.11251 0.578355
0.00466092 0.186401 0.363504 0.067614 0.377821
9.9991E-05 0.293807 0.082797 0.205085 0.418211
9.9991E-05 0.180612 0.184167 0.256619 0.378502
0.154193 0.12099 0.0849612 0.0378287 0.602027
9.9991E-05 0.228387 0.236413 0.0258717 0.509228
0.23063 0.0862282 9.9991E-05 0.181303 0.50174
0.156735 0.187309 0.105409 0.0233659 0.527182
9.9991E-05 0.173486 0.299817 0.497399 0.0291981
0.0776437 0.227164 0.136571 0.0100227 0.548598
0.0828676 0.130474 0.130785 0.131496 0.524378
0.144477 0.267159 0.012955 0.158481 0.416928
0.14079 0.175972 0.181012 0.205817 0.296409
0.0345488 0.145023 0.193977 0.0379173 0.588535
9.9991E-05 0.158607 0.197684 0.0522366 0.591372
9.9982E-05 0.222127 0.521232 0.256441 9.9982E-05
0.00186636 0.180136 0.219976 0.0416399 0.556382
0.0551262 0.283428 0.116722 0.0385755 0.506148
0.0158007 0.109615 0.119897 0.12089 0.633798
9.9991E-05 0.182462 0.205109 0.0182173 0.594111
0.0346885 0.175608 0.22937 0.032361 0.527972
9.9991E-05 0.0104536 0.049534 0.428074 0.511839
0.14711 0.0815624 0.0325973 0.238008 0.500722
0.119973 9.9982E-05 9.9982E-05 0.771095 0.108733
0.14912 9.9982E-05 9.9982E-05 0.790038 0.0606422
0.150971 0.10089 0.0726611 0.114878 0.560599
0.0031985 0.365232 0.121735 0.167594 0.34224
9.9991E-05 0.329313 0.0878351 0.20969 0.373062
9.9991E-05 0.291751 0.210634 0.328871 0.168644
9.9991E-05 0.391989 0.154154 0.18778 0.265976
9.9991E-05 0.123945 0.104302 0.663617 0.108037
9.9991E-05 0.13149 0.0975791 0.632683 0.138148
0.0297212 0.233074 0.00516503 0.262632 0.469408
9.9991E-05 0.191954 0.0649581 0.322275 0.420713
9.9991E-05 0.0813365 0.124471 0.519729 0.274363
0.0486956 0.119129 0.0150715 0.247897 0.569206
0.0684817 0.144582 9.9991E-05 0.213256 0.57358
0.124437 0.116751 0.0731523 0.109542 0.576117
0.0745002 9.9991E-05 0.0189648 0.532675 0.37376
0.0934818 0.0646433 9.9991E-05 0.440957 0.400817
0.0896352 0.000731988 0.0858923 0.287667 0.536073
0.110475 0.0590513 0.0712696 0.330752 0.428453
0.162214 0.190605 0.0205921 0.257994 0.368594
9.9973E-05 9.9973E-05 9.9973E-05 0.419561 0.580139
0.101207 9.9982E-05 9.9982E-05 0.532288 0.366305
0.00669659 0.0861559 0.00763251 0.313707 0.585808
0.0346991 0.0300368 9.9991E-05 0.73858 0.196584
0.0298267 9.9991E-05 0.0336957 0.383991 0.552386
0.0708216 9.9991E-05 0.0795592 0.147199 0.70232
9.9991E-05 0.102696 0.0214431 0.413495 0.462266
9.9991E-05 0.180594 0.202454 0.098728 0.518124
0.0567924 0.176301 0.134045 0.169206 0.463656
0.0216044 0.243068 0.182289 0.139876 0.413162
0.127003 0.235266 0.115852 0.193978 0.327902
0.100163 0.139015 0.157447 0.111956 0.491419
9.9991E-05 0.192903 0.152355 0.176406 0.478236
0.0277019 0.164695 0.202114 0.60539 9.9991E-05
0.0830661 0.240259 0.0328709 0.0318031 0.612001
9.9982E-05 0.14862 0.460866 0.390314 9.9982E-05
9.9991E-05 0.172634 0.102108 0.157927 0.567231
9.9973E-05 9.9973E-05 9.9973E-05 0.862474 0.137226
0.0668835 0.000900188 0.0117675 0.89824 0.0222084
0.0394094 0.013403 9.9991E-05 0.407174 0.539914
9.9991E-05 0.0319216 0.0381503 0.226146 0.703682
0.0652018 9.9982E-05 9.9982E-05 0.473682 0.460916
0.0167872 0.0316743 9.9991E-05 0.337463 0.613976
9.9982E-05 0.0396328 9.9982E-05 0.382407 0.57776
9.9991E-05 0.0815072 0.836885 0.0378145 0.0436937
0.143093 0.109772 0.746934 9.9982E-05 9.9982E-05
0.05628 0.0580737 0.885446 9.9982E-05 9.9982E-05
9.9973E-05 9.9973E-05 0.949771 9.9973E-05 0.049929
0.0525785 0.00916365 0.0449747 0.304575 0.588708
0.0220272 0.00900925 0.0813677 0.343883 0.543713
0.132802 9.9991E-05 0.00222779 0.196469 0.668401
0.0579728 9.9991E-05 0.0972522 0.104292 0.740383
0.0753591 0.0300832 0.0705247 0.167224 0.656809
0.136343 9.9982E-05 9.9982E-05 0.457305 0.406152
0.0394646 0.0249211 9.9991E-05 0.224521 0.710993
9.9982E-05 9.9982E-05 0.00225206 0.580001 0.417547
0.0383775 0.118059 0.297009 9.9991E-05 0.546455
0.064104 0.0742572 9.9991E-05 0.328472 0.533067
0.12767 9.9982E-05 9.9982E-05 0.445288 0.426843
0.0814602 9.9982E-05 9.9982E-05 0.196792 0.721548
0.197791 9.9982E-05 9.9982E-05 0.249209 0.552801
0.0523125 9.9982E-05 9.9982E-05 0.316897 0.63059
0.131458 0.00012216 0.0891891 0.126172 0.653058
9.9973E-05 9.9973E-05 9.9973E-05 0.790926 0.208775
0.00835495 0.000267679 0.0237866 0.575104 0.392486
0.0916434 9.9982E-05 9.9982E-05 0.523489 0.384667
9.9973E-05 9.9973E-05 9.9973E-05 0.952307 0.0473932
0.203879 9.9991E-05 0.0148073 0.220157 0.561056
0.0122885 9.9991E-05 0.00552915 0.738397 0.243686
9.9982E-05 9.9982E-05 0.048998 0.907325 0.0434773
0.0493582 0.00152259 0.0704107 0.212278 0.666431
0.183645 9.9991E-05 0.0148637 0.446628 0.354764
0.154623 9.99926E-05 0.0266961 0.307008 0.511572
0.113101 0.0987761 0.150493 0.0887989 0.548831
0.129632 9.9991E-05 0.00976167 0.230803 0.629703
0.345167 0.121887 9.9991E-05 0.193379 0.339468
0.0464224 0.0469677 9.9991E-05 0.266524 0.639986
0.15555 0.0274331 0.00458889 0.247437 0.564992
0.0120456 9.9982E-05 9.9982E-05 0.511774 0.47598
9.9991E-05 0.10891 0.0734735 0.2199 0.597616
0.321462 0.0351087 0.64323 9.9982E-05 9.9982E-05
0.107847 0.00225881 0.744076 0.0704478 0.0753703
0.156362 9.9982E-05 0.822025 0.0214129 9.9982E-05
0.132995 9.9982E-05 0.824111 0.0426936 9.9982E-05
0.26152 9.9982E-05 0.719921 9.9982E-05 0.0183592
0.21869 9.9991E-05 0.031137 0.465685 0.284388
0.221353 9.9991E-05 0.00413622 0.523741 0.25067
9.9973E-05 9.9973E-05 9.9973E-05 0.724619 0.275081
0.0639243 0.0491618 0.139882 0.113698 0.633334
0.0369329 0.000662969 0.117652 0.184616 0.660136
0.00076147 9.9991E-05 0.0179715 0.546256 0.434911
9.9991E-05 0.110561 0.0142464 0.221445 0.653648
0.0626233 9.9991E-05 0.0507152 0.389802 0.49676
0.0836211 0.00223292 0.0250461 0.257517 0.631583
0.14268 0.0753598 0.0249284 0.115381 0.64165
0.17251 0.00438446 9.9991E-05 0.464652 0.358353
0.0795703 9.9991E-05 0.00278144 0.387585 0.529963
0.224751 9.9982E-05 9.9982E-05 0.299688 0.47536
0.0692047 0.0243164 0.110807 0.202453 0.593218
0.154471 9.9991E-05 0.0077217 0.30617 0.531538
0.100546 9.9991E-05 0.031225 0.293944 0.574185
0.0495247 0.411135 0.0749037 0.0365689 0.427868
0.00624327 0.411914 0.138069 0.0143355 0.429438
9.9982E-05 0.407793 0.12177 9.9982E-05 0.470237
9.9982E-05 0.475403 0.154866 9.9982E-05 0.369531
0.0813058 0.276637 0.209216 0.00972549 0.423116
9.9991E-05 0.00397962 0.108348 0.32468 0.562893
9.9991E-05 0.650217 0.297447 0.00137497 0.0508617
9.9991E-05 0.453329 0.190105 0.0509496 0.305516
9.9991E-05 0.152846 0.146794 0.205607 0.494653
0.0490902 0.0194956 0.156451 0.152158 0.622805
0.124317 0.0296593 0.169163 0.23234 0.444521
0.0721146 0.0889434 0.101238 0.169748 0.567956
0.0192477 0.0538096 0.158268 0.188202 0.580473
9.9982E-05 0.422519 0.215281 9.9982E-05 0.362
0.0458314 0.251779 0.195877 9.9991E-05 0.506412
9.9982E-05 0.51315 0.0615943 9.9982E-05 0.425056
0.122166 0.240134 0.163596 0.00981395 0.46429
9.9991E-05 0.473834 0.112683 0.08275 0.330633
0.0975645 0.321348 0.0666276 0.0432637 0.471197
9.9991E-05 0.528881 0.165996 0.0148929 0.29013
0.120493 0.374154 0.0498904 9.9991E-05 0.455363
0.019766 0.0171923 0.0905503 0.283846 0.588645
0.0489395 0.343004 0.231916 9.9991E-05 0.376041
9.9982E-05 0.592658 0.195026 9.9982E-05 0.212117
0.114168 0.397088 0.0643702 9.9991E-05 0.424274
0.274138 0.0227882 0.205991 0.233166 0.263916
0.076173 0.0592264 0.0501709 0.158217 0.656213
0.0389915 0.257031 0.218511 0.0774353 0.408031
0.0670587 0.0725731 0.142438 0.135859 0.582071
0.0542599 9.9991E-05 0.202347 0.173175 0.570118
9.9991E-05 0.313648 0.168769 0.159561 0.357923
0.0454637 0.327711 0.260989 0.0152024 0.350633
0.0780927 0.118037 0.082454 0.158209 0.563206
9.9991E-05 0.373971 0.0935289 0.0869959 0.445404
9.9982E-05 0.421076 0.12591 9.9982E-05 0.452814
9.9991E-05 0.637068 0.181042 0.00564499 0.176145
0.104541 0.0658415 0.131399 0.118317 0.579901
0.126429 9.9991E-05 0.132664 0.186256 0.55455
0.0252334 0.065211 0.176924 0.563509 0.169123
0.153565 0.10219 0.170635 0.0309752 0.542634
0.274062 9.9991E-05 0.0947305 0.165431 0.465677
9.9991E-05 0.222264 0.156664 0.212148 0.408824
0.0820978 0.207079 0.123023 0.220748 0.367052
9.9982E-05 0.223068 0.358343 0.418389 9.9982E-05
9.9982E-05 0.116805 0.399622 0.483373 9.9982E-05
0.068135 0.0903989 0.237817 0.287958 0.315691
9.9991E-05 0.227708 0.392214 0.377513 0.00246455
9.9982E-05 0.27163 0.456314 0.271856 9.9982E-05
9.9991E-05 0.151466 0.158383 0.289784 0.400267
9.9991E-05 0.201723 0.192752 0.253543 0.351882
0.00794863 0.228938 0.301014 0.288092 0.174008
9.9991E-05 0.145401 0.379918 0.37748 0.0971019
0.0243436 0.134654 0.174447 0.156561 0.509995
9.9991E-05 0.157083 0.278788 0.420837 0.143191
9.9982E-05 0.0865042 0.563551 0.349744 9.9982E-05
0.0531356 0.14274 0.207194 0.0679325 0.528998
0.0148016 0.191192 0.230697 0.149004 0.414306
0.0534986 0.213574 0.302362 9.9991E-05 0.430465
9.9982E-05 0.256399 0.14792 9.9982E-05 0.595481
9.9991E-05 0.168613 0.157294 0.113908 0.560085
9.9991E-05 0.253917 0.188081 0.0804511 0.477451
9.9991E-05 0.165922 0.387195 0.0166023 0.430181
0.0368294 0.0862323 0.241764 9.9991E-05 0.635075
0.0204484 0.3341 0.193752 0.058576 0.393123
9.9991E-05 0.233229 0.302862 0.117044 0.346765
0.129625 0.142624 0.127503 0.240868 0.35938
0.09391 0.133793 0.115071 0.142633 0.514593
0.0501314 0.187188 0.159213 0.069338 0.53413
9.9991E-05 0.0706707 0.173986 0.0434769 0.711767
0.019118 0.289465 0.315183 0.0307585 0.345476
9.9991E-05 0.124508 0.220504 0.0831681 0.57172
9.9991E-05 0.270733 0.381481 0.257693 0.0899932
0.0787651 0.174898 0.144858 0.00336949 0.59811
9.9991E-05 0.331643 0.310421 0.214944 0.142891
0.121533 9.9982E-05 0.80182 0.0764469 9.9982E-05
0.765631 0.0346861 0.0949563 0.0664764 0.0382498
0.9996 9.997E-05 9.997E-05 9.997E-05 9.997E-05
0.984265 9.9973E-05 0.0154352 9.9973E-05 9.9973E-05
0.988762 9.9973E-05 9.9973E-05 9.9973E-05 0.0109385
0.946051 0.0409009 9.9982E-05 9.9982E-05 0.0128483
0.916439 9.9973E-05 9.9973E-05 9.9973E-05 0.0832612
0.97408 9.9973E-05 0.0256202 9.9973E-05 9.9973E-05
0.809672 0.00663003 0.183498 9.9982E-05 9.9982E-05
0.0340443 0.044858 0.893472 0.0275259 9.9991E-05
0.126407 0.0137936 0.797769 9.9991E-05 0.0619304
0.0457952 0.060748 0.878588 9.9991E-05 0.0147691
0.091449 9.9991E-05 0.839143 0.015218 0.05409
0.0384212 0.0584325 0.895384 9.9991E-05 0.00766244
0.0882288 0.006774 0.904519 0.000378343 9.9991E-05
0.0520988 0.177489 0.722176 0.021144 0.027093
0.0249528 0.0646891 0.86966 9.9991E-05 0.0405985
0.146925 0.103461 0.716498 9.9991E-05 0.0330156
9.9982E-05 0.0742015 0.923946 0.00165232 9.9982E-05
0.0749973 9.9973E-05 0.924703 9.9973E-05 9.9973E-05
0.0330253 0.0102621 0.854518 0.0378794 0.0643154
0.0589773 9.9973E-05 0.940723 9.9973E-05 9.9973E-05
9.9982E-05 0.00517046 0.920055 9.9982E-05 0.0745743
0.0162145 0.0417174 0.850416 9.9991E-05 0.0915518
9.9982E-05 0.0311296 0.852102 9.9982E-05 0.116568
9.9982E-05 0.108741 0.801192 9.9982E-05 0.0898666
9.9982E-05 0.0863869 0.793371 9.9982E-05 0.120042
9.9982E-05 0.0700986 0.809647 9.9982E-05 0.120054
0.0641617 9.9991E-05 0.167981 0.295965 0.471792
0.0178986 9.9991E-05 0.0714266 0.138994 0.771581
0.121564 0.0713554 0.168018 0.0484824 0.59058
9.9991E-05 0.0107698 0.111053 0.69426 0.183817
0.116194 9.9991E-05 0.154394 0.114674 0.614637
0.00809392 0.0325755 0.217644 0.652859 0.088828
0.0857085 0.11848 0.0471962 0.163449 0.585166
0.188806 9.9991E-05 0.108405 0.269181 0.433508
0.119505 0.00663093 0.0790028 0.191578 0.603283
0.0137879 9.9991E-05 0.0895689 0.266333 0.63021
0.161709 0.0230058 0.117411 0.199773 0.498101
0.0402309 0.0198107 0.110136 0.136493 0.69333
0.117255 9.9991E-05 0.104112 0.0958276 0.682705
0.455284 0.0464676 9.9991E-05 0.338168 0.159981
0.133294 9.9982E-05 0.0970117 0.769495 9.9982E-05
0.0224471 0.0288594 0.165006 0.614564 0.169123
0.0352602 0.0669316 0.0953146 0.151166 0.651327
0.0177853 0.0384684 0.123215 0.274859 0.545672
9.9982E-05 9.9982E-05 0.154324 0.269717 0.57576
9.9991E-05 0.0953247 0.0876163 0.263973 0.552986
9.9991E-05 0.171203 0.287647 0.0470101 0.49404
0.0309733 0.189387 0.164744 9.9991E-05 0.614796
0.172701 0.147743 0.372936 0.112078 0.194542
0.118724 0.0992412 0.119299 0.0680842 0.594651
0.0538085 0.0796641 0.231455 0.103808 0.531264
9.9982E-05 0.186477 0.493137 0.320186 9.9982E-05
9.9991E-05 0.239628 0.257412 0.129225 0.373635
0.0419987 0.156867 0.360667 0.106311 0.334156
0.109099 0.0571707 0.355734 9.9991E-05 0.477896
0.0926396 0.225943 0.152526 0.0579705 0.470922
0.0566236 0.164283 0.224143 9.9991E-05 0.554851
0.0126218 0.208622 0.139909 0.0912226 0.547624
0.101869 0.183253 0.140936 0.177045 0.396897
9.9991E-05 0.11262 0.472518 0.0361724 0.37859
