0.0210654 9.9982E-05 0.853882 0.0355733 0.0621537 9.9982E-05 0.0271255
9.9973E-05 0.0472459 0.911765 9.9973E-05 0.0359607 0.00472802 9.9973E-05
0.0138604 0.0508809 0.75763 0.0657072 0.0376108 9.9991E-05 0.0742112
0.086386 9.9982E-05 0.811938 0.0289424 0.0317123 9.9982E-05 0.0408209
0.0187519 9.9991E-05 0.885178 0.00255538 0.0202391 0.0166 0.0565754
0.0885901 0.0750604 0.620024 0.0336117 0.0219928 0.0929588 0.0677623
0.080185 0.107065 0.738258 0.00799585 0.0537716 9.9991E-05 0.0126237
0.181831 0.0100572 0.671465 9.9991E-05 0.00521635 0.0797186 0.0516117
0.118702 0.0445515 0.811864 9.9973E-05 0.0245826 9.9973E-05 9.9973E-05
0.0675541 0.112443 0.566578 0.000281377 0.0475112 0.0916375 0.113994
0.126749 0.0971893 0.68767 0.00452466 0.0205091 0.0632579 9.9991E-05
9.9964E-05 9.9964E-05 0.0202151 0.894736 9.9964E-05 9.9964E-05 0.084649
0.00437956 0.0171993 0.0754244 0.888721 0.00429493 9.9991E-05 0.00988106
9.9973E-05 9.9973E-05 0.0936129 0.739994 9.9973E-05 0.0490637 0.117029
0.0756907 0.0515291 9.9982E-05 0.812267 0.0334567 9.9982E-05 0.0268566
9.9973E-05 0.0134438 9.9973E-05 0.85334 0.00347331 9.9973E-05 0.129443
9.9964E-05 9.9964E-05 0.00732035 0.953735 9.9964E-05 9.9964E-05 0.0385445
9.9964E-05 9.9964E-05 0.00391951 0.809383 9.9964E-05 9.9964E-05 0.186298
9.9982E-05 9.9982E-05 0.052411 0.879569 0.00279658 0.0287095 0.0363138
9.995E-05 9.995E-05 9.995E-05 9.995E-05 0.9994 9.995E-05 9.995E-05
9.995E-05 9.995E-05 9.995E-05 9.995E-05 0.9994 9.995E-05 9.995E-05
9.9982E-05 0.0473096 0.482776 0.108369 0.302754 9.9982E-05 0.0585925
0.00375021 0.0581857 0.553969 9.9991E-05 0.245987 0.0679213 0.0700873
0.107735 9.9982E-05 0.084398 0.739069 9.9982E-05 0.0272145 0.0413835
0.0170521 0.00508859 9.9991E-05 0.332926 0.0755637 0.566973 0.00229681
9.9973E-05 0.00575904 9.9973E-05 9.9973E-05 0.049631 0.827792 0.116518
9.9964E-05 0.173629 0.0817998 9.9964E-05 9.9964E-05 0.744171 9.9964E-05
0.115424 0.0271662 9.9982E-05 0.584283 0.0208989 0.252028 9.9982E-05
9.9964E-05 0.257094 9.9964E-05 0.424897 9.9964E-05 0.317608 9.9964E-05
0.121277 0.0607613 0.10732 0.492624 9.9991E-05 0.213027 0.00489173
0.0389164 0.0826411 0.213422 0.562759 0.0186028 0.0835587 9.9991E-05
0.109869 0.0346057 9.9982E-05 0.769029 0.0687616 0.0175346 9.9982E-05
9.9982E-05 0.0526596 9.9982E-05 0.607683 0.0357879 0.209349 0.0943203
0.0656015 0.0794056 9.9991E-05 0.70996 0.0283322 0.108969 0.00763151
9.9973E-05 9.9973E-05 0.0264781 0.327301 9.9973E-05 0.588335 0.0575859
0.0463908 9.9973E-05 0.0506147 9.9973E-05 0.00148181 0.901213 9.9973E-05
9.9964E-05 9.9964E-05 0.0223943 0.104412 9.9964E-05 0.872794 9.9964E-05
9.9973E-05 9.9973E-05 0.0423809 0.0373477 9.9973E-05 0.85568 0.064292
0.233703 9.9973E-05 9.9973E-05 0.168131 9.9973E-05 0.47736 0.120506
0.196443 9.9991E-05 0.0331708 0.23617 0.0190351 0.43051 0.0845712
0.0062751 0.115732 0.0233876 0.0130423 9.9982E-05 0.841363 9.9982E-05
9.9973E-05 9.9973E-05 0.752308 0.153202 0.0524748 9.9973E-05 0.0417148
9.9973E-05 9.9973E-05 0.826333 0.0176333 0.150545 0.00518902 9.9973E-05
0.01112 9.9991E-05 0.79707 0.0174019 0.11831 0.017966 0.0380317
9.9973E-05 0.071484 0.816396 9.9973E-05 0.0861743 9.9973E-05 0.0256462
9.9982E-05 0.0871048 0.768239 0.0187588 0.0875308 9.9982E-05 0.0381668
0.0311518 0.0223575 0.800895 9.9982E-05 0.0545111 9.9982E-05 0.0908847
9.9982E-05 0.0238548 0.863299 0.004255 0.0553324 9.9982E-05 0.0530594
9.9973E-05 9.9973E-05 0.0752339 0.15174 0.0207003 0.752025 9.9973E-05
0.108843 9.9973E-05 0.0790868 0.198355 9.9973E-05 0.613416 9.9973E-05
0.0400326 9.9982E-05 9.9982E-05 0.0252008 0.0262347 0.652501 0.255831
0.0707766 0.157199 0.00847269 0.445269 0.0496774 0.204161 0.0644448
0.0862381 0.00724385 0.0106909 0.513627 0.043095 0.19732 0.141785
0.0972373 0.207837 9.9982E-05 0.396526 9.9982E-05 0.23344 0.0647599
0.192426 0.125947 9.9982E-05 0.194512 9.9982E-05 0.417373 0.0695424
9.9973E-05 9.9973E-05 0.0761277 0.725384 0.00376722 0.194421 9.9973E-05
0.0761165 9.9982E-05 0.0327052 0.635925 9.9982E-05 0.127853 0.127201
0.137781 0.188169 9.9991E-05 0.278871 0.00297736 0.328191 0.0639106
0.167031 0.350395 0.0870892 0.0610821 9.9982E-05 0.334203 9.9982E-05
9.9991E-05 0.31434 0.00561084 0.387817 0.0339098 0.245313 0.0129093
0.0730021 0.312501 0.000332603 0.26369 0.0234269 0.326947 9.9991E-05
0.0258394 0.207184 9.9991E-05 0.32699 0.00143859 0.348812 0.0896358
9.9982E-05 0.333032 9.9982E-05 0.221597 0.0217919 0.333269 0.0901106
0.0718593 0.0941202 9.9982E-05 0.36789 9.9982E-05 0.402806 0.0631248
0.0196072 0.383352 0.162501 0.057319 0.0580018 0.0678111 0.251407
9.9973E-05 0.653663 0.324506 9.9973E-05 0.00949089 9.9973E-05 0.01204
9.9973E-05 0.742206 0.198875 9.9973E-05 0.0164583 9.9973E-05 0.0421609
0.00864976 0.363836 0.267908 0.0537329 0.0375615 9.9991E-05 0.268212
9.9982E-05 0.218606 9.9982E-05 0.089791 0.0182328 0.542168 0.131003
9.9973E-05 0.342133 9.9973E-05 0.141607 9.9973E-05 0.515226 0.000733878
0.0719813 0.27105 9.9982E-05 0.167793 9.9982E-05 0.463353 0.0256226
0.00307322 0.0332025 0.0208586 9.9982E-05 9.9982E-05 0.0180341 0.924632
0.0442417 9.9991E-05 0.00890416 0.014634 0.00442134 0.00291776 0.924781
9.9964E-05 0.0235931 9.9964E-05 9.9964E-05 0.00954533 9.9964E-05 0.966462
0.0320616 9.9973E-05 0.020246 9.9973E-05 0.0138893 9.9973E-05 0.933503
9.9955E-05 9.9955E-05 9.9955E-05 0.0478695 9.9955E-05 9.9955E-05 0.951631
9.995E-05 9.995E-05 9.995E-05 9.995E-05 9.995E-05 9.995E-05 0.9994
9.9955E-05 9.9955E-05 9.9955E-05 9.9955E-05 0.0159017 9.9955E-05 0.983599
9.9964E-05 9.9964E-05 9.9964E-05 0.00975036 0.038482 9.9964E-05 0.951368
9.9955E-05 9.9955E-05 9.9955E-05 9.9955E-05 9.9955E-05 0.0391211 0.960379
9.9964E-05 0.0177998 0.0930601 9.9964E-05 9.9964E-05 9.9964E-05 0.88874
9.9955E-05 9.9955E-05 9.9955E-05 9.9955E-05 0.0188987 9.9955E-05 0.980602
0.00516311 9.9973E-05 0.0550736 9.9973E-05 9.9973E-05 0.0583646 0.881099
9.9964E-05 0.502029 0.245331 9.9964E-05 9.9964E-05 0.252241 9.9964E-05
0.0848413 0.394605 0.105169 9.9991E-05 0.0633984 0.248939 0.102947
9.9991E-05 0.420327 0.106041 0.222987 0.0392318 0.142525 0.0687876
0.119218 0.0432551 0.823663 9.9973E-05 9.9973E-05 0.0135645 9.9973E-05
9.9973E-05 0.0313701 0.836392 9.9973E-05 0.0543671 9.9973E-05 0.0775704
0.0244017 9.9964E-05 0.927723 9.9964E-05 0.0474756 9.9964E-05 9.9964E-05
0.0381929 0.0456606 0.892206 9.9973E-05 0.0236406 9.9973E-05 9.9973E-05
9.9982E-05 0.0340307 0.764307 0.087187 0.112291 9.9982E-05 0.00198365
9.9973E-05 0.0750635 0.830702 9.9973E-05 0.0663454 9.9973E-05 0.0275896
0.016707 9.9973E-05 0.877254 9.9973E-05 0.0270098 9.9973E-05 0.0787294
0.0118256 0.10436 0.827014 0.00420892 0.0523916 9.9982E-05 9.9982E-05
9.9982E-05 0.00918247 0.874211 9.9982E-05 0.043597 0.0263558 0.0464533
9.9973E-05 0.0810848 0.854659 0.0311769 9.9973E-05 9.9973E-05 0.0327794
0.126453 9.9982E-05 0.635768 0.101782 0.0136083 0.122188 9.9982E-05
0.245235 9.9973E-05 0.60665 0.0656574 9.9973E-05 0.0821569 9.9973E-05
0.0877858 0.0815856 0.475531 0.227162 0.0360312 0.091804 9.9991E-05
0.0994413 9.9973E-05 0.472145 0.410474 9.9973E-05 0.0176398 9.9973E-05
0.205057 9.9982E-05 0.0180589 0.635164 0.0120403 0.129479 9.9982E-05
0.0320389 9.9973E-05 0.0221428 9.9973E-05 9.9973E-05 0.763351 0.182168
9.9964E-05 0.0773364 9.9964E-05 9.9964E-05 0.00970458 0.912559 9.9964E-05
9.9982E-05 0.101324 9.9982E-05 0.0773099 0.036455 0.697379 0.0873323
0.088968 9.9973E-05 0.10907 0.197923 9.9973E-05 0.603738 9.9973E-05
0.89089 0.0557176 0.0529925 9.9964E-05 9.9964E-05 9.9964E-05 9.9964E-05
0.920177 9.9973E-05 0.0276956 9.9973E-05 9.9973E-05 0.00142337 0.0504037
0.9994 9.995E-05 9.995E-05 9.995E-05 9.995E-05 9.995E-05 9.995E-05
0.957094 9.9964E-05 0.035713 9.9964E-05 9.9964E-05 0.00679303 9.9964E-05
0.909583 9.9964E-05 9.9964E-05 9.9964E-05 9.9964E-05 0.0425472 0.0474699
0.907892 9.9955E-05 9.9955E-05 9.9955E-05 9.9955E-05 9.9955E-05 0.0916078
0.00802375 9.9982E-05 0.830755 9.9982E-05 0.0499683 0.0411678 0.0698848
0.0315143 0.0334623 0.789923 0.0670166 0.0207397 9.9991E-05 0.0572443
9.9982E-05 0.0320878 0.741944 0.0315734 0.0458815 9.9982E-05 0.148313
9.9973E-05 9.9973E-05 0.734114 0.141305 0.0191466 9.9973E-05 0.105134
9.9973E-05 0.0404529 0.743726 0.109472 9.9973E-05 9.9973E-05 0.106049
0.495369 0.0312942 0.359252 0.100856 9.9982E-05 0.0130283 9.9982E-05
0.420387 9.9964E-05 0.483815 9.9964E-05 9.9964E-05 0.0953976 9.9964E-05
0.474693 9.9982E-05 0.4455 0.00667779 0.00113634 0.0717934 9.9982E-05
9.995E-05 9.995E-05 9.995E-05 9.995E-05 0.9994 9.995E-05 9.995E-05
0.457755 0.00906468 0.349331 0.123103 0.0106607 0.0499852 9.9991E-05
9.9991E-05 0.210649 0.135271 0.164378 0.0213942 0.106857 0.36135
9.9964E-05 0.504475 0.270835 9.9964E-05 9.9964E-05 9.9964E-05 0.22429
0.0340492 0.100942 0.046335 0.329062 9.9991E-05 0.375888 0.113623
0.0247471 9.9982E-05 0.0523657 0.865251 0.0367674 9.9982E-05 0.020669
0.0275073 0.00626921 0.00716347 0.368373 9.9991E-05 0.427802 0.162785
0.085634 0.226271 9.9973E-05 0.285343 9.9973E-05 0.402452 9.9973E-05
9.9982E-05 0.00530634 0.0876675 0.846433 0.00722803 0.0531656 9.9982E-05
9.9964E-05 0.240969 9.9964E-05 0.579258 9.9964E-05 0.179373 9.9964E-05
0.0151728 0.0388173 9.9982E-05 0.463936 9.9982E-05 0.319989 0.161885
0.025792 9.9991E-05 0.00836426 0.494515 0.0376931 0.314939 0.118597
9.9964E-05 9.9964E-05 0.78742 9.9964E-05 9.9964E-05 0.0651039 0.147077
9.9973E-05 9.9973E-05 0.849278 9.9973E-05 0.00133985 0.08053 0.0685524
9.9973E-05 0.00113473 0.836771 9.9973E-05 9.9973E-05 0.100192 0.0616028
0.0782954 9.9982E-05 0.79314 9.9982E-05 0.0226089 0.0713624 0.0343934
0.00388492 0.00753362 0.829708 9.9991E-05 0.0446652 0.0498718 0.0642368
0.0824904 9.9973E-05 0.0615987 0.806129 9.9973E-05 9.9973E-05 0.0494822
0.162424 0.0875974 9.9991E-05 0.46502 0.0780356 0.168789 0.038034
0.149909 0.0393637 0.0475242 0.715449 0.0475541 9.9982E-05 9.9982E-05
0.184073 9.9991E-05 0.073828 0.641978 0.000495042 0.0197395 0.0797866
0.103092 0.0284608 0.0868229 0.751191 0.0278415 0.0024918 9.9991E-05
0.0809643 9.9991E-05 0.0427116 0.787649 0.0224759 0.0264028 0.0396968
0.0396056 0.034949 0.0467639 0.401035 0.0131192 0.334775 0.129753
0.031634 0.281147 9.9982E-05 0.181292 9.9982E-05 0.47729 0.0284375
0.157864 0.323488 9.9964E-05 9.9964E-05 9.9964E-05 0.518248 9.9964E-05
0.0394958 0.371481 9.9973E-05 0.097957 9.9973E-05 0.490766 9.9973E-05
0.106552 0.218264 9.9973E-05 0.115348 9.9973E-05 0.559536 9.9973E-05
0.167909 0.0311218 0.0206519 0.691259 9.9982E-05 0.0888584 9.9982E-05
0.0956317 9.9973E-05 9.9973E-05 0.480528 9.9973E-05 0.302473 0.121068
0.131574 9.9973E-05 9.9973E-05 0.678935 9.9973E-05 0.138008 0.0511832
0.147531 9.9973E-05 9.9973E-05 0.548338 9.9973E-05 0.152793 0.151037
9.9982E-05 0.518739 0.0845881 0.147672 9.9982E-05 0.202039 0.0467616
9.9982E-05 0.577272 0.227732 9.9982E-05 0.0664228 0.0198507 0.108523
9.9964E-05 0.046706 9.9964E-05 0.237089 9.9964E-05 0.715805 9.9964E-05
0.0519803 0.144507 0.0255803 0.0490745 9.9982E-05 0.728658 9.9982E-05
9.9991E-05 0.202081 0.0177435 0.0421705 0.0491505 0.272021 0.416734
9.9991E-05 0.17883 0.120461 0.202056 0.0299948 0.142573 0.325986
0.0153929 0.377697 9.9982E-05 0.00900451 9.9982E-05 0.522981 0.0747243
0.00544748 0.305827 0.066833 9.9991E-05 0.0688901 0.485033 0.0678701
9.9973E-05 9.9973E-05 0.077137 0.175071 9.9973E-05 0.428405 0.319087
9.9991E-05 0.116437 0.0765973 0.0985651 0.0190596 0.532824 0.156417
0.15011 0.0922236 9.9982E-05 0.0526723 9.9982E-05 0.645825 0.0589684
0.0184247 0.103502 0.00900383 0.194284 9.9991E-05 0.588558 0.0861275
0.0735264 0.254653 0.143802 9.9991E-05 0.0374759 0.406974 0.083469
9.9982E-05 0.516335 0.258835 9.9982E-05 0.000595295 0.139281 0.0847539
9.9964E-05 0.175497 9.9964E-05 9.9964E-05 0.00991355 0.814189 9.9964E-05
9.9982E-05 0.0326324 0.0313276 0.0735702 0.0446486 0.817621 9.9982E-05
9.9973E-05 9.9973E-05 9.9973E-05 0.197933 0.075371 0.58864 0.137755
0.00209608 0.0608335 9.9991E-05 0.178038 0.0148232 0.598831 0.145278
9.9991E-05 0.0323767 0.749334 0.0122223 0.073589 0.0577078 0.0746701
0.125896 9.9991E-05 0.681645 0.0255015 0.0477646 0.0131024 0.10599
0.0133146 9.9973E-05 0.891939 9.9973E-05 0.0391365 9.9973E-05 0.0553104
9.9964E-05 0.0331595 0.866792 9.9964E-05 0.099649 9.9964E-05 9.9964E-05
0.129702 9.9991E-05 0.0847035 0.189585 0.014245 0.495582 0.0860823
9.9964E-05 9.9964E-05 0.028969 9.9964E-05 0.0355201 0.935111 9.9964E-05
9.9982E-05 9.9982E-05 0.0813507 0.0656692 0.0210783 0.750589 0.0811131
9.9955E-05 0.0564436 9.9955E-05 9.9955E-05 9.9955E-05 0.943057 9.9955E-05
0.04806 0.18192 9.9982E-05 0.0261223 0.0104503 0.733248 9.9982E-05
9.9955E-05 0.142174 9.9955E-05 9.9955E-05 9.9955E-05 0.857327 9.9955E-05
9.9982E-05 9.9982E-05 0.0924015 0.242178 0.00486805 0.587715 0.0726376
0.0313845 9.9982E-05 9.9982E-05 0.0404619 0.0554719 0.757027 0.115455
0.185572 0.0146639 0.58566 0.135856 0.0780478 9.9982E-05 9.9982E-05
0.0471965 0.103891 0.681623 0.115845 0.0392681 0.0120767 9.9991E-05
0.114505 0.055139 0.679669 0.0160884 0.134399 9.9982E-05 9.9982E-05
0.13556 0.0505319 0.71692 9.9973E-05 0.0966882 9.9973E-05 9.9973E-05
0.126871 9.9973E-05 0.628791 0.154822 0.0892157 9.9973E-05 9.9973E-05
0.0219938 9.9982E-05 0.091531 0.208284 9.9982E-05 0.674321 0.00366988
0.00136018 9.9982E-05 0.124461 0.211947 0.0387482 0.623284 9.9982E-05
9.9955E-05 9.9955E-05 9.9955E-05 9.9955E-05 9.9955E-05 0.906294 0.0932057
0.0555863 9.9982E-05 0.0336074 0.226595 9.9982E-05 0.632914 0.051097
0.0683678 9.9991E-05 0.0163717 0.195358 0.0255028 0.567818 0.126481
9.9982E-05 0.15268 0.250663 0.00277546 0.0153439 9.9982E-05 0.578338
0.154624 0.194291 0.0992502 0.376262 0.0306475 0.144826 9.9991E-05
0.164178 0.417151 0.0212125 9.9991E-05 0.055722 0.314558 0.0270788
0.0286459 0.858624 0.0326778 9.9973E-05 9.9973E-05 9.9973E-05 0.0797527
9.9955E-05 0.959637 9.9955E-05 9.9955E-05 0.0398631 9.9955E-05 9.9955E-05
9.9991E-05 0.6175 0.110873 0.0463167 0.0390183 0.116595 0.069597
9.9964E-05 0.758017 0.184919 9.9964E-05 9.9964E-05 9.9964E-05 0.0566643
0.0373799 0.441806 0.172797 0.0188717 0.00245907 0.165774 0.160912
0.0151496 0.82417 9.9982E-05 0.137578 0.0167239 9.9982E-05 0.006179
9.9982E-05 0.587316 9.9982E-05 0.240033 0.0361817 0.0617717 0.074498
9.9964E-05 0.947308 0.0388567 9.9964E-05 0.0134351 9.9964E-05 9.9964E-05
9.9982E-05 0.37735 0.236928 0.0697424 9.9982E-05 0.0654787 0.250301
9.9982E-05 0.185411 0.229225 9.9982E-05 0.0112725 0.23559 0.338301
0.164079 0.0445955 0.748931 9.9982E-05 0.0186659 0.0235284 9.9982E-05
0.757553 9.9973E-05 0.00923392 0.228905 0.00400876 9.9973E-05 9.9973E-05
0.687701 9.9964E-05 9.9964E-05 0.297575 0.0143238 9.9964E-05 9.9964E-05
0.712926 0.0471468 9.9964E-05 0.239527 9.9964E-05 9.9964E-05 9.9964E-05
0.645395 9.9973E-05 9.9973E-05 0.288118 0.031101 9.9973E-05 0.0350861
0.772959 9.9964E-05 9.9964E-05 0.180542 0.0460998 9.9964E-05 9.9964E-05
0.685696 9.9973E-05 0.014107 0.293086 0.00681157 9.9973E-05 9.9973E-05
0.710393 9.9973E-05 0.240708 0.0406746 0.00792381 9.9973E-05 9.9973E-05
9.9973E-05 0.00760476 0.878286 9.9973E-05 0.0460006 0.0678089 9.9973E-05
0.0963978 0.0344521 0.726843 0.0600911 0.0653324 9.9991E-05 0.0167839
0.0151766 0.0766736 0.777318 9.9982E-05 0.105951 9.9982E-05 0.0246816
9.9964E-05 9.9964E-05 0.803479 0.143062 0.053059 9.9964E-05 9.9964E-05
0.0189382 0.0555297 0.882803 9.9991E-05 0.0102084 0.00310145 0.0293189
0.0959467 0.000116491 0.86452 0.0187999 9.9982E-05 9.9982E-05 0.0204168
0.0216226 0.0383111 0.77161 0.0052898 0.0561639 9.9991E-05 0.106903
9.9973E-05 9.9973E-05 0.856064 9.9973E-05 0.0462054 0.0266996 0.0707309
9.9955E-05 9.9955E-05 0.936434 9.9955E-05 0.0630659 9.9955E-05 9.9955E-05
0.0537536 0.00672015 0.806238 9.9991E-05 0.0355486 0.0161775 0.0814625
0.0636018 9.9955E-05 0.935898 9.9955E-05 9.9955E-05 9.9955E-05 9.9955E-05
0.013918 0.00564506 0.839793 9.9982E-05 0.0771435 9.9982E-05 0.0633009
0.000379454 9.9982E-05 0.782497 0.0503505 0.0824379 9.9982E-05 0.0841353
9.9973E-05 9.9973E-05 0.782475 9.9973E-05 0.0967971 0.00696933 0.113458
9.9973E-05 0.0302012 0.748806 9.9973E-05 0.0319417 9.9973E-05 0.188751
9.9973E-05 9.9973E-05 0.721354 0.0717089 0.0743211 9.9973E-05 0.132316
9.9982E-05 9.9982E-05 0.755868 0.0356191 0.069527 0.013868 0.124918
0.054941 0.142865 0.101332 0.275372 0.0232586 0.297727 0.104504
0.097045 0.379914 9.9982E-05 9.9982E-05 0.0297644 0.483383 0.00969356
0.0726873 0.603254 9.9964E-05 9.9964E-05 9.9964E-05 0.323659 9.9964E-05
0.176043 0.167419 9.9982E-05 0.27487 9.9982E-05 0.343723 0.0377446
0.165285 0.465459 9.9964E-05 9.9964E-05 9.9964E-05 0.368857 9.9964E-05
0.145439 0.529489 9.9964E-05 9.9964E-05 9.9964E-05 0.324673 9.9964E-05
0.0276547 0.162684 0.0074115 0.273348 0.0308364 0.295317 0.202748
9.9982E-05 0.138745 0.419765 0.247758 9.9982E-05 0.0908544 0.102678
0.0151911 0.56863 0.195473 0.0925835 9.9982E-05 9.9982E-05 0.127922
0.0429032 0.0232921 0.30828 0.287105 9.9991E-05 0.0843242 0.253996
9.9982E-05 0.121138 0.383017 0.277055 0.040659 9.9982E-05 0.177932
