0.052348 9.9973E-05 9.9973E-05 0.813454 0.133067 9.9973E-05 0.000831145
9.9955E-05 0.0608132 9.9955E-05 0.938687 9.9955E-05 9.9955E-05 9.9955E-05
0.061989 9.9982E-05 0.00217363 0.805141 0.0616774 9.9982E-05 0.0688192
0.0298673 9.9973E-05 9.9973E-05 0.801256 0.0870398 9.9973E-05 0.0815367
0.0452373 0.0188906 9.9973E-05 0.848533 9.9973E-05 9.9973E-05 0.0870389
0.0563445 0.0309061 0.0864472 0.606825 0.0416114 0.103351 0.0745151
9.9982E-05 0.0121763 9.9982E-05 0.846548 0.0498979 0.0766735 0.0145039
0.0234167 0.0050103 9.9982E-05 0.705852 0.127747 0.137775 9.9982E-05
9.99639E-05 9.99639E-05 9.99639E-05 0.828821 0.100162 0.0706172 9.99639E-05
0.0698214 0.0835379 9.9991E-05 0.629746 0.0644706 0.0574484 0.0948753
9.9982E-05 0.0142714 9.9982E-05 0.687688 0.101945 0.146398 0.0494986
0.0421599 9.9991E-05 0.133253 0.00884646 0.477035 0.0719359 0.26667
0.127603 9.9982E-05 0.0723194 9.9982E-05 0.303809 0.0416379 0.454431
0.0548912 0.0679135 0.0779518 0.0762833 0.425567 0.0706611 0.226733
0.136551 0.0394021 9.9982E-05 0.0527922 0.430622 9.9982E-05 0.340433
0.0949133 0.0561486 0.0341059 0.155034 0.243665 9.9991E-05 0.416033
0.146593 0.0685567 9.9991E-05 0.0858872 0.15513 0.00694071 0.536792
0.0745773 9.9982E-05 0.207578 9.9982E-05 0.184901 0.127883 0.404861
0.0893357 0.0315826 0.0710398 0.108149 0.334896 0.052202 0.312795
0.0754646 0.109936 0.113535 0.0238729 0.583662 0.093429 9.9991E-05
0.0697142 0.121256 0.143686 0.0105726 0.216264 0.0179907 0.420517
0.0203841 0.0379148 0.0673748 0.0482183 0.178739 0.184214 0.463155
0.0478578 0.00784003 0.117938 0.00620465 0.216618 0.0808585 0.522683
0.123532 0.0857547 0.0887993 9.9991E-05 0.424844 0.0408108 0.236158
0.136732 0.0211227 0.0568731 0.0593515 0.0935795 0.0445278 0.587813
0.0303908 0.0288208 0.0239845 9.9991E-05 0.281348 0.0573133 0.578043
0.143981 0.0472196 0.106122 0.00455243 0.529794 9.9991E-05 0.168232
0.217146 9.9982E-05 0.017401 9.9982E-05 0.435368 0.090467 0.239418
0.0824077 0.0964534 0.119592 9.9991E-05 0.475171 0.0456043 0.180671
0.0620155 9.9964E-05 9.9964E-05 0.813565 9.9964E-05 9.9964E-05 0.12402
0.0452235 9.9964E-05 9.9964E-05 0.799191 9.9964E-05 9.9964E-05 0.155185
0.0608739 9.9982E-05 0.0271216 0.782894 0.00840071 9.9982E-05 0.12051
0.103259 9.9982E-05 0.1312 0.697887 9.9982E-05 0.00129669 0.0661575
9.9982E-05 0.0626792 0.173187 0.0540488 0.111611 9.9982E-05 0.598275
0.0802419 0.0419089 0.319509 0.0657914 9.9982E-05 9.9982E-05 0.492349
0.0318025 0.0833654 0.316468 0.0306752 9.9991E-05 0.0242005 0.513388
0.0798999 9.9982E-05 0.106527 0.0829403 0.604043 9.9982E-05 0.12639
0.0339309 0.0257454 0.579798 0.033678 9.9991E-05 0.0799424 0.246806
0.0144494 0.0596546 0.212972 0.109602 0.0627161 0.000152876 0.540453
0.016488 0.176439 0.0709773 0.029602 0.0304148 0.0467076 0.629372
9.9991E-05 0.00879724 0.0047217 0.0368585 0.147033 0.194126 0.608363
9.9982E-05 9.9982E-05 0.081769 0.0685219 0.0352132 0.151145 0.663151
9.9973E-05 9.9973E-05 0.66345 0.0838685 0.123425 9.9973E-05 0.128957
0.054816 9.9991E-05 0.125865 0.0245885 0.0369783 0.219349 0.538303
0.10159 0.0901498 0.221537 0.0788169 9.9991E-05 0.0122917 0.495515
0.110337 0.0217518 0.0511462 0.0767718 0.0407805 0.126818 0.572395
0.0515355 9.9973E-05 0.695344 9.9973E-05 9.9973E-05 0.00309337 0.249728
0.078087 9.9982E-05 0.274271 0.0619128 9.9982E-05 0.0642841 0.521245
0.0366823 0.0513629 0.190833 0.152657 9.9991E-05 0.0280821 0.540283
9.9973E-05 0.0588804 0.60009 0.0194087 9.9973E-05 0.321321 9.9973E-05
9.9991E-05 0.0832018 0.191892 0.000138127 0.488288 0.0776112 0.158769
0.0782152 0.195702 0.191654 9.9991E-05 0.24991 0.234411 0.0500081
0.0839138 0.14947 0.0287677 0.0368424 0.158348 0.0249193 0.517739
0.135622 0.0686656 9.9991E-05 0.0896176 0.104288 0.114065 0.487642
9.9991E-05 0.0625643 0.114067 0.0346467 0.068791 0.130231 0.5896
9.9991E-05 0.0967352 0.252932 0.0912853 0.373441 0.0274493 0.158057
9.9982E-05 0.0872858 9.9982E-05 0.0199613 0.272458 0.0309063 0.589188
0.146187 9.9991E-05 0.134859 0.0958114 0.0656618 0.0981395 0.459242
0.0869105 0.193011 0.0520881 0.0265718 0.338114 0.0250139 0.278291
0.112909 9.9991E-05 0.144286 0.20018 0.379518 0.127874 0.0351334
0.0570416 0.130112 0.123703 0.0940662 0.103278 0.0158247 0.475975
0.054896 0.0897945 0.104501 0.0357648 0.267252 0.0451792 0.402613
9.9991E-05 0.089021 0.0780064 0.0736936 0.592066 0.073535 0.0935776
0.0133375 0.0923337 0.0558693 9.9991E-05 0.212091 0.124346 0.501923
0.141948 0.134471 0.0735635 0.00272821 0.0739003 0.0348198 0.53857
0.06386 0.0843657 9.9991E-05 0.0104586 0.178295 0.106699 0.556222
0.107051 0.245777 0.0900412 0.0281389 0.262462 0.0365338 0.229996
0.067554 0.0260212 0.0407763 9.9991E-05 0.21046 0.156325 0.498763
0.0792046 0.0970575 0.0466625 0.0249967 0.209111 9.9991E-05 0.542867
9.9982E-05 0.102458 0.0415313 9.9982E-05 0.408781 0.164071 0.282959
9.9973E-05 0.00391423 0.387287 9.9973E-05 0.0918542 9.9973E-05 0.516645
9.9973E-05 9.9973E-05 0.677822 0.0285561 0.0959725 9.9973E-05 0.197349
9.9982E-05 0.148502 0.155351 0.137924 0.0025115 9.9982E-05 0.555512
0.113354 0.146569 0.154901 0.156564 9.9991E-05 0.0549436 0.373568
9.9955E-05 9.9955E-05 0.8713 9.9955E-05 9.9955E-05 0.1282 9.9955E-05
9.9973E-05 0.0118788 0.905758 9.9973E-05 0.0155198 0.0665438 9.9973E-05
0.0217098 9.9964E-05 0.784324 9.9964E-05 9.9964E-05 9.9964E-05 0.193566
9.9964E-05 9.9964E-05 0.452802 9.9964E-05 0.0665311 9.9964E-05 0.480267
9.9982E-05 0.113014 0.143934 0.190258 0.0506053 9.9982E-05 0.501989
0.0437543 0.00454259 0.553977 0.0840166 9.9982E-05 9.9982E-05 0.31351
0.0411952 9.9982E-05 0.622677 0.0727487 0.14618 9.9982E-05 0.116999
9.9982E-05 0.0169212 0.526111 0.0545312 0.247222 9.9982E-05 0.155014
0.0909533 9.9982E-05 0.161408 0.0751719 0.1175 9.9982E-05 0.554767
0.0830527 9.9973E-05 0.565437 9.9973E-05 0.129583 9.9973E-05 0.221628
0.00471556 9.9982E-05 0.473543 0.102447 0.0527851 9.9982E-05 0.36631
9.9973E-05 0.00649051 0.588761 9.9973E-05 9.9973E-05 0.0387204 0.365728
9.9964E-05 0.100342 0.697355 9.9964E-05 9.9964E-05 0.201903 9.9964E-05
0.0941109 9.9982E-05 0.172247 9.9982E-05 0.05572 0.0654897 0.612232
0.0015769 9.9973E-05 9.9973E-05 0.823452 0.0826407 9.9973E-05 0.0920309
9.9964E-05 0.0061167 9.9964E-05 0.917497 9.9964E-05 9.9964E-05 0.0759862
0.00462927 9.9973E-05 0.0191622 0.882867 9.9973E-05 9.9973E-05 0.0930412
9.9964E-05 9.9964E-05 9.9964E-05 0.936477 9.9964E-05 0.0064988 0.0566248
0.0144753 0.0325888 9.9973E-05 0.87662 9.9973E-05 9.9973E-05 0.0760156
0.0614106 9.9964E-05 0.0383325 0.899857 9.9964E-05 9.9964E-05 9.9964E-05
0.0142118 9.9973E-05 9.9973E-05 0.91896 9.9973E-05 0.00951411 0.0570141
0.0472687 0.0495586 0.206676 0.13281 0.155454 0.0385143 0.369719
0.0582463 9.9982E-05 0.164185 0.0563537 0.114132 9.9982E-05 0.606884
9.9982E-05 0.0264711 0.844836 0.0212299 0.0901661 9.9982E-05 0.0170973
0.00779929 9.9991E-05 0.17685 0.050011 0.0434934 0.11142 0.610327
0.0125882 9.9982E-05 0.432776 0.0711763 0.0753964 9.9982E-05 0.407864
9.9973E-05 0.0134939 0.325227 0.0496187 9.9973E-05 9.9973E-05 0.611361
0.053687 9.9991E-05 0.379581 0.0392995 0.0212704 0.0316332 0.474429
9.9964E-05 0.0931211 0.343632 9.9964E-05 9.9964E-05 9.9964E-05 0.562847
9.9973E-05 0.077466 0.685686 0.0701438 0.166404 9.9973E-05 9.9973E-05
9.9991E-05 0.0503952 0.156484 0.164846 0.0541607 0.0534618 0.520552
0.0700533 0.0191911 0.225781 0.0798444 0.0617028 0.049338 0.494089
0.0922963 0.0743372 0.0351025 0.110681 0.0622007 0.0507838 0.574598
9.9982E-05 0.0823347 0.532875 0.0566668 9.9982E-05 0.0755624 0.252361
9.9973E-05 0.0354578 0.435628 9.9973E-05 9.9973E-05 0.0705014 0.458113
9.9991E-05 0.0244721 0.275821 0.0127312 0.202798 0.00898875 0.475089
0.0630773 0.0594371 0.640109 9.9973E-05 9.9973E-05 9.9973E-05 0.237077
9.9973E-05 9.9973E-05 0.473066 0.137985 0.0756244 9.9973E-05 0.313025
0.0510455 0.0291471 0.234118 0.143019 0.0354804 9.9991E-05 0.50709
0.0068919 0.199609 9.9991E-05 0.0183387 0.353862 0.153158 0.268041
0.0566534 0.146447 9.9991E-05 0.169501 0.144237 0.0547932 0.428269
0.0720431 9.9991E-05 0.0577112 0.078536 0.389113 0.0466698 0.355827
0.0999354 0.104537 0.0302113 0.0997374 0.13757 0.0153774 0.512631
0.0617284 0.0625676 0.127012 0.0961634 0.093243 0.0141272 0.545159
9.9982E-05 0.0994984 9.9982E-05 0.00986206 0.350315 0.0210401 0.519085
0.0833543 9.9982E-05 0.0720072 9.9982E-05 0.304022 0.0634899 0.476926
0.100982 9.9982E-05 0.101606 9.9982E-05 0.373511 0.0123622 0.411339
0.0588873 0.134687 0.0651561 0.0293096 0.164578 0.000246321 0.547135
0.0808107 0.0332346 9.9991E-05 0.0376748 0.232132 0.0892643 0.526783
0.0410236 0.12481 0.079983 0.0457256 0.187814 0.0209563 0.499687
9.9973E-05 0.0370998 0.055407 9.9973E-05 0.328839 9.9973E-05 0.578355
0.0347763 0.0256652 0.125224 9.9991E-05 0.0688965 0.157427 0.587911
0.0739389 0.170995 0.0479061 0.156353 0.0816276 9.9991E-05 0.46908
0.0322711 0.115608 0.0457291 9.9982E-05 0.256815 9.9982E-05 0.549377
0.0913876 0.0874576 9.9991E-05 0.0591043 0.115279 0.0858641 0.560808
0.121176 0.030865 0.0838282 9.9991E-05 0.181661 0.103385 0.478985
0.0202486 0.0383847 9.9991E-05 0.0101502 0.314486 0.199084 0.417547
0.0386618 0.00902818 0.0230466 0.0132486 0.227606 0.0516271 0.636782
0.0796032 0.146601 9.9982E-05 0.0228523 0.123733 9.9982E-05 0.62701
0.033907 0.0798347 0.107687 9.9991E-05 0.405161 0.0867632 0.286547
0.0673261 0.202405 0.0199097 9.9991E-05 0.307133 0.202557 0.200569
0.00627269 0.0920684 0.068466 0.00548666 0.150893 0.0629187 0.613895
0.0105888 0.233077 0.17547 9.9991E-05 0.33448 0.156239 0.0900451
0.0288937 0.12501 0.122868 9.9991E-05 0.461231 0.0324324 0.229466
9.9982E-05 0.00384483 0.183335 0.025736 0.34817 9.9982E-05 0.438714
9.9982E-05 0.0916096 0.101282 0.00658968 0.47086 9.9982E-05 0.329458
9.9982E-05 0.091393 0.0486994 0.0277599 0.518494 9.9982E-05 0.313454
0.0457283 0.0753024 0.0424115 0.018497 0.178651 0.0439408 0.595469
0.0715629 0.0205518 0.075609 0.112351 0.159132 9.9991E-05 0.560693
0.0282659 0.174062 9.9991E-05 0.0192175 0.25072 0.00789859 0.519737
0.0495751 0.130741 0.0757108 9.9991E-05 0.397535 0.17818 0.168159
9.9991E-05 0.0873636 0.0501941 0.144797 0.0950947 0.0604177 0.562033
9.9991E-05 0.132208 0.0406037 0.131974 0.00103616 0.168466 0.525613
9.9991E-05 0.0773609 0.122485 0.10001 0.204049 0.440412 0.0555827
9.9982E-05 0.161724 0.0341081 0.0934444 9.9982E-05 0.0205215 0.690002
0.0707012 0.0767028 0.198698 0.0623576 0.0616867 0.239672 0.290182
9.9991E-05 0.084071 0.120614 0.0841956 0.0265637 0.186606 0.497849
9.9991E-05 0.0522044 0.0612068 0.0507229 0.12317 0.385858 0.326738
9.9991E-05 0.161468 0.0559957 0.0377263 0.138081 0.404581 0.202049
9.9991E-05 0.0151488 0.0322173 0.140033 0.114239 0.105252 0.593009
9.9991E-05 0.0744728 0.1342 0.0121 0.106728 0.266712 0.405687
0.082769 0.0734867 0.058337 0.0827866 0.108927 0.145771 0.447923
0.12918 0.0451288 0.0813175 0.0965482 0.183934 0.0758798 0.388011
0.0788105 0.162159 0.0314167 0.154451 0.0194694 0.00292413 0.550769
0.125583 0.0897135 9.9991E-05 0.156736 0.0180554 0.0819291 0.527882
0.0936114 0.134774 0.154646 0.0578571 0.108034 0.352393 0.0986853
0.110251 0.0488596 0.0803332 0.0225583 0.101181 0.112876 0.52394
0.0439381 0.034176 0.104791 0.127525 0.0844765 0.0913646 0.513729
9.9982E-05 0.022252 0.206504 9.9982E-05 0.0530807 0.365089 0.352875
9.9982E-05 0.0586134 0.169102 9.9982E-05 0.096578 0.199449 0.476058
0.0754657 0.115299 0.0787652 0.0368886 0.0754279 0.0911089 0.527044
0.172694 0.0820828 0.0779348 0.0808222 0.046719 0.111823 0.427924
0.0528575 0.0752949 9.9991E-05 0.125842 0.0207041 0.179525 0.545677
0.270901 9.9982E-05 9.9982E-05 0.252873 0.0482129 0.30572 0.122093
0.12349 9.9964E-05 9.9964E-05 0.460575 9.9964E-05 0.415535 9.9964E-05
0.118239 9.9964E-05 9.9964E-05 0.332741 9.9964E-05 0.54862 9.9964E-05
0.329016 9.9973E-05 9.9973E-05 0.336715 9.9973E-05 0.272822 0.0611471
9.9964E-05 0.0264401 9.9964E-05 9.9964E-05 9.9964E-05 0.25281 0.72035
0.0362305 0.112428 0.050259 0.0788395 0.0539072 0.118476 0.54986
0.649122 9.9964E-05 9.9964E-05 9.9964E-05 0.0163526 9.9964E-05 0.334126
0.414489 9.9973E-05 0.121523 9.9973E-05 0.14082 9.9973E-05 0.322868
0.380147 0.0480062 0.0761133 0.101319 0.0431538 0.0219043 0.329356
9.9973E-05 0.150496 0.142593 9.9973E-05 9.9973E-05 0.378101 0.32851
0.040142 0.0258021 0.139543 0.055303 0.0432015 0.210994 0.485015
9.9982E-05 0.229232 0.107151 9.9982E-05 0.0161172 0.484337 0.162962
9.9982E-05 0.0864707 0.19418 9.9982E-05 0.015504 0.132897 0.570748
9.9973E-05 0.182049 9.9973E-05 9.9973E-05 0.00833929 0.243376 0.565936
9.9973E-05 0.137409 9.9973E-05 9.9973E-05 0.0169478 0.250818 0.594525
9.9982E-05 0.122043 0.162499 9.9982E-05 0.0943094 0.388215 0.232733
0.0738461 0.0828423 0.175705 9.9991E-05 0.0182486 0.0650615 0.584196
0.0572199 0.0699526 9.9973E-05 9.9973E-05 9.9973E-05 0.280312 0.592216
0.0470958 0.172045 9.9991E-05 0.1885 0.0517508 0.0864366 0.454072
0.220245 0.0539371 0.083923 0.0777354 0.0545967 0.028302 0.481261
0.932911 0.0606376 0.00605178 9.9964E-05 9.9964E-05 9.9964E-05 9.9964E-05
0.856956 0.021742 9.9964E-05 9.9964E-05 9.9964E-05 9.9964E-05 0.120902
0.544188 9.9982E-05 0.0885822 0.0684561 0.122325 9.9982E-05 0.176249
0.689393 0.0239572 9.9973E-05 0.0165818 9.9973E-05 9.9973E-05 0.269768
0.813864 9.9973E-05 0.0721894 0.0358329 9.9973E-05 9.9973E-05 0.077814
0.9994 9.995E-05 9.995E-05 9.995E-05 9.995E-05 9.995E-05 9.995E-05
0.936542 9.9964E-05 9.9964E-05 9.9964E-05 0.0298742 0.0331839 9.9964E-05
0.853205 0.0200834 9.9964E-05 9.9964E-05 9.9964E-05 9.9964E-05 0.126312
0.953218 9.9955E-05 9.9955E-05 9.9955E-05 9.9955E-05 9.9955E-05 0.0462824
0.9994 9.995E-05 9.995E-05 9.995E-05 9.995E-05 9.995E-05 9.995E-05
0.9994 9.995E-05 9.995E-05 9.995E-05 9.995E-05 9.995E-05 9.995E-05
0.752961 0.0402353 9.9973E-05 0.0174955 9.9973E-05 9.9973E-05 0.189008
0.749525 0.012755 9.9982E-05 0.0700428 9.9982E-05 0.0162941 0.151183
0.9994 9.995E-05 9.995E-05 9.995E-05 9.995E-05 9.995E-05 9.995E-05
0.411338 0.0841076 0.0879099 0.0992037 0.00278954 0.0234922 0.291159
0.65582 0.0155126 9.9982E-05 9.9982E-05 0.0289375 0.0818566 0.217673
0.657254 9.9973E-05 0.0182923 0.065633 9.9973E-05 9.9973E-05 0.258521
0.855443 9.9964E-05 9.9964E-05 9.9964E-05 0.0194645 9.9964E-05 0.124692
0.976777 0.000844138 0.0219786 9.9964E-05 9.9964E-05 9.9964E-05 9.9964E-05
0.905626 9.9964E-05 9.9964E-05 0.0335162 9.9964E-05 9.9964E-05 0.0604582
0.9994 9.995E-05 9.995E-05 9.995E-05 9.995E-05 9.995E-05 9.995E-05
0.560685 0.0694026 0.00278987 0.0500765 0.0556513 9.9991E-05 0.261295
0.912658 0.00599525 0.0233494 9.9982E-05 0.00736807 9.9982E-05 0.0504294
0.0603181 0.00576799 9.9973E-05 0.221547 9.9973E-05 0.712067 9.9973E-05
0.0477157 9.9991E-05 0.0683668 0.0923308 0.0776732 0.305131 0.408682
9.9973E-05 9.9973E-05 0.0118384 0.217989 9.9973E-05 0.323284 0.446588
0.0458885 0.0982949 9.9982E-05 0.240744 9.9982E-05 0.377466 0.237407
0.10605 9.9991E-05 0.0329113 0.0791926 0.0380862 0.217898 0.525762
0.0511034 0.038742 0.0560413 0.231756 9.9991E-05 0.376939 0.245317
0.115911 0.0601837 0.0889011 0.126504 0.154639 0.0590136 0.394848
9.9991E-05 0.0656406 0.0358587 0.186536 0.0727536 0.137597 0.501514
0.164675 0.0458138 9.9982E-05 0.103785 9.9982E-05 0.357524 0.328001
0.126326 0.000753165 9.9991E-05 0.125462 0.0408913 0.203531 0.502937
0.160535 9.9973E-05 9.9973E-05 0.105917 9.9973E-05 0.398622 0.334626
0.152215 0.0514172 0.0506091 0.127117 9.9991E-05 0.139079 0.479463
0.13519 0.0173382 0.0787664 0.144081 9.9991E-05 0.187757 0.436767
9.9991E-05 0.0119588 0.0396935 0.831977 0.0624316 0.00481724 0.0490223
0.0544031 0.0271066 9.9964E-05 0.91809 9.9964E-05 9.9964E-05 9.9964E-05
9.9964E-05 9.9964E-05 0.0141472 0.925306 0.0601474 9.9964E-05 9.9964E-05
9.9973E-05 9.9973E-05 9.9973E-05 0.916031 0.0347948 0.0449601 0.00391391
0.0373537 9.9973E-05 9.9973E-05 0.897162 0.0333946 9.9973E-05 0.0317898
0.0902175 0.00153876 9.9973E-05 0.894201 9.9973E-05 0.0137432 9.9973E-05
0.0876599 9.9973E-05 9.9973E-05 0.86933 0.0280273 9.9973E-05 0.0146831
9.9973E-05 0.0395669 9.9973E-05 0.865522 0.0658609 0.0287506 9.9973E-05
0.00123708 9.9973E-05 0.0446554 0.918583 9.9973E-05 9.9973E-05 0.0352243
0.0733076 9.9982E-05 9.9982E-05 0.808498 0.0100762 0.0938931 0.0140251
0.0106071 0.0663248 0.0608872 0.596702 0.265279 9.9982E-05 9.9982E-05
9.9964E-05 0.0677404 9.9964E-05 0.576783 0.355077 9.9964E-05 9.9964E-05
9.9982E-05 0.0184037 0.0440138 0.489413 0.342464 0.105506 9.9982E-05
9.9982E-05 0.000200682 0.0927825 0.477531 0.395623 0.0336631 9.9982E-05
9.9991E-05 0.0355023 0.192218 0.0731863 0.176972 0.0469033 0.475118
0.0238557 0.206423 0.284731 0.00231904 9.9982E-05 9.9982E-05 0.482471
0.0766784 0.045114 0.213801 0.0356502 0.187479 9.9991E-05 0.441178
0.167038 0.0210747 0.114387 0.104388 0.066966 0.0776562 0.44849
0.0422011 0.0704728 0.210384 0.0615925 0.256374 9.9991E-05 0.358875
0.0163776 0.157115 0.0510653 9.9991E-05 0.590542 0.00576994 0.17903
0.0556796 0.0842512 0.196382 0.0256951 0.119801 9.9991E-05 0.518091
0.00521981 0.0649014 0.308801 9.9991E-05 0.0176936 0.0288196 0.574465
0.0256822 9.9982E-05 0.32911 9.9982E-05 0.111047 0.0298175 0.504143
0.0903129 0.0456065 0.565175 9.9982E-05 0.0744677 9.9982E-05 0.224238
9.9982E-05 9.9982E-05 0.18653 0.053506 0.0928203 0.0673888 0.599555
9.9973E-05 0.0226684 0.463399 9.9973E-05 0.0921635 9.9973E-05 0.421469
9.9973E-05 0.217156 0.641497 9.9973E-05 0.0108525 0.130194 9.9973E-05
0.0571722 9.9991E-05 0.215064 0.0475321 0.188781 0.0450175 0.446334
0.0161194 0.0720961 0.465951 0.0109118 9.9991E-05 0.243018 0.191803
9.9982E-05 0.0177997 0.400229 0.0298555 9.9982E-05 0.0646226 0.487294
0.00519601 9.9982E-05 0.671599 0.0246334 0.199232 9.9982E-05 0.0991401
9.9982E-05 9.9982E-05 0.0233878 0.112172 0.710778 0.1325 0.0209615
9.9982E-05 0.016841 9.9982E-05 0.0728357 0.790258 0.0536729 0.0661926
9.9964E-05 0.0850649 9.9964E-05 0.0490467 0.865489 9.9964E-05 9.9964E-05
9.9973E-05 0.0610947 9.9973E-05 0.109402 0.816145 9.9973E-05 0.0130579
9.9973E-05 0.079108 9.9973E-05 9.9973E-05 0.827513 0.0282177 0.0648618
0.071211 9.9982E-05 9.9982E-05 0.0611066 0.767266 0.0479427 0.052274
0.0348952 0.00332897 0.060735 0.883318 9.9982E-05 9.9982E-05 0.017523
0.0224149 9.9973E-05 9.9973E-05 0.796568 0.114262 9.9973E-05 0.0664558
0.0889828 9.9973E-05 9.9973E-05 0.764503 0.0116024 9.9973E-05 0.134612
0.0822448 9.9973E-05 9.9973E-05 0.729464 0.114504 9.9973E-05 0.0734876
0.126503 9.9982E-05 9.9982E-05 0.744321 0.0305662 0.0350322 0.0633779
9.9964E-05 9.9964E-05 9.9964E-05 0.325023 0.564561 0.110016 9.9964E-05
9.9973E-05 9.9973E-05 0.0559113 0.466246 0.372477 0.105066 9.9973E-05
9.9973E-05 0.0302074 0.0641993 0.447218 0.458075 9.9973E-05 9.9973E-05
0.060346 9.9973E-05 9.9973E-05 0.793733 0.00942068 9.9973E-05 0.136201
9.9973E-05 9.9973E-05 0.110663 0.378842 0.466264 0.0439313 9.9973E-05
0.345924 9.9973E-05 9.9973E-05 0.105917 9.9973E-05 0.215581 0.332278
0.21761 9.9982E-05 9.9982E-05 0.0618675 0.110964 0.0857939 0.523564
0.254174 9.9964E-05 9.9964E-05 0.237738 9.9964E-05 9.9964E-05 0.507689
0.226768 0.0231026 0.0152959 0.249819 9.9991E-05 0.16469 0.320223
0.255743 9.9991E-05 0.127298 0.127915 0.0834973 0.0805437 0.324903
0.352449 9.9964E-05 9.9964E-05 0.26849 9.9964E-05 0.378661 9.9964E-05
9.9973E-05 9.9973E-05 0.160112 9.9973E-05 0.318868 0.0458329 0.474887
9.9982E-05 0.120316 0.102132 9.9982E-05 0.237166 0.156166 0.384021
9.9982E-05 0.0273309 0.0447637 0.0461339 0.581399 9.9982E-05 0.300173
9.9982E-05 0.222551 0.154704 9.9982E-05 0.106281 0.0349076 0.481356
9.9973E-05 0.380772 0.16639 9.9973E-05 0.21246 0.240078 9.9973E-05
0.0596029 0.0767162 0.0176533 0.0866793 0.211792 0.0693488 0.478208
0.0071841 0.177833 9.9991E-05 0.0260427 0.155542 0.144436 0.488862
9.9991E-05 0.0301999 0.0808753 0.0384918 0.450199 0.0684876 0.331647
0.117196 0.0566321 0.0265939 0.0761331 0.219858 0.0699342 0.433652
9.9982E-05 0.0565833 0.144289 9.9982E-05 0.336684 0.320846 0.141398
0.0499034 0.182619 0.0720635 9.9991E-05 0.147261 0.118549 0.429504
9.9991E-05 0.0101533 0.116531 0.0447626 0.276377 0.01105 0.541026
0.140213 9.9991E-05 0.0443023 0.115538 0.142088 0.128828 0.428931
9.99736E-05 0.157322 9.99736E-05 9.99736E-05 0.3319 0.102594 0.407884
0.013342 0.104409 0.128116 9.9991E-05 0.30786 0.0212691 0.424904
0.0509153 0.0179774 0.192731 9.9991E-05 0.163285 0.103146 0.471845
9.9982E-05 9.9982E-05 0.149542 0.0142817 0.157491 0.110919 0.567565
0.100625 0.0296834 0.0283792 0.0320885 0.168021 9.9991E-05 0.641103
0.0347813 0.128895 0.0807734 0.108701 0.0668809 0.0237136 0.556255
9.9991E-05 0.0448099 0.0222599 0.105318 0.129082 0.0828889 0.615541
0.0174634 9.9964E-05 9.9964E-05 0.808911 9.9964E-05 9.9964E-05 0.173226
0.00482273 9.9973E-05 0.0114786 0.850208 9.9973E-05 9.9973E-05 0.13319
9.9991E-05 0.0448545 0.0295182 0.791926 0.0278265 0.042375 0.0634002
9.9982E-05 0.0824634 0.0622691 0.806908 0.00829609 9.9982E-05 0.0398631
0.00580174 9.9973E-05 9.9973E-05 0.821247 9.9973E-05 0.00781375 0.164838
0.0577278 0.0491902 0.0374144 0.00616746 0.597121 0.0508407 0.201538
0.08077 0.274725 0.0191443 0.114007 0.0696705 9.9991E-05 0.441583
0.166121 9.9982E-05 0.0438144 0.109148 9.9982E-05 0.223414 0.457302
0.0473344 0.00583053 0.0361054 0.0643714 0.0988962 0.0282795 0.719183
0.00557864 9.9982E-05 0.206527 0.0779773 0.215022 9.9982E-05 0.494695
0.0664282 0.0962472 9.9982E-05 9.9982E-05 0.32072 0.245783 0.270621
9.9973E-05 9.9973E-05 0.108411 0.119417 0.672932 0.0989402 9.9973E-05
0.000985553 0.0277816 0.0915785 0.0288854 0.309605 0.00292683 0.538237
0.0460207 0.169944 0.0541534 0.0436674 0.529966 9.9991E-05 0.156149
0.00327863 0.139084 0.0650793 0.0991808 0.11746 0.134816 0.441101
0.0489347 0.186935 0.0191372 0.129881 0.552958 9.9991E-05 0.0620545
0.0915269 0.0519857 9.9982E-05 0.0766406 0.273165 9.9982E-05 0.506482
0.0802891 0.0560238 0.0591066 0.00039837 0.567423 0.0709219 0.165837
0.00827455 9.9991E-05 0.0985298 0.227028 0.0700966 0.0498334 0.546137
0.104389 0.153187 0.0878819 9.9991E-05 0.275691 0.127762 0.250989
9.9973E-05 0.0774486 9.9973E-05 9.9973E-05 0.102641 0.255294 0.564317
9.9973E-05 0.110023 9.9973E-05 9.9973E-05 0.101838 0.452968 0.334872
0.0995513 0.0674022 0.0973413 0.0307611 0.0668423 0.172181 0.465921
9.9991E-05 0.0407307 0.00998318 0.175392 0.0597741 0.163333 0.550687
9.9973E-05 0.119408 9.9973E-05 9.9973E-05 0.0564308 0.482987 0.340874
0.0794886 0.057225 0.0793584 0.0938627 0.112372 0.139535 0.438159
0.0392665 0.0636728 0.0960127 0.0458314 0.0619509 0.148716 0.54455
9.9982E-05 0.130876 0.040262 0.039829 9.9982E-05 0.193467 0.595366
9.9982E-05 0.046925 0.215731 9.9982E-05 0.100173 0.570581 0.0663902
9.9982E-05 0.119081 0.0886447 9.9982E-05 0.00662317 0.529342 0.256109
9.9973E-05 0.06104 9.9973E-05 9.9973E-05 0.167253 0.218403 0.553004
0.0671612 9.9991E-05 0.0728595 0.152893 0.141153 0.0655987 0.500235
9.9982E-05 0.149971 0.087342 9.9982E-05 0.10061 0.500294 0.161583
9.9973E-05 9.9973E-05 0.125664 9.9973E-05 0.101027 0.325757 0.447253
0.0428354 0.0154426 0.143303 0.0516184 0.564695 0.0744328 0.107673
0.0679726 0.240628 0.133357 9.9991E-05 0.345577 0.0634382 0.148928
0.0946987 0.0951752 0.0757469 9.9982E-05 0.411758 9.9982E-05 0.322421
0.0454889 0.0292809 0.0849315 9.9991E-05 0.140392 0.0574827 0.642324
0.0353347 0.0246042 0.192964 9.9982E-05 0.523357 9.9982E-05 0.22354
0.101599 0.0846203 0.14519 9.9991E-05 0.118494 0.165328 0.384668
0.0495066 9.9982E-05 9.9982E-05 0.0303589 0.289197 0.0302327 0.600505
0.0766751 9.9973E-05 9.9973E-05 9.9973E-05 0.357124 0.0706854 0.495216
0.131368 0.0333689 0.194436 9.9982E-05 0.278442 9.9982E-05 0.362184
0.114847 9.9982E-05 0.191579 0.0371004 0.317236 9.9982E-05 0.339039
0.0947459 0.0765664 0.194999 9.9982E-05 0.445496 9.9982E-05 0.187993
0.103622 0.0922446 0.0822158 9.9991E-05 0.397722 0.0085386 0.315556
0.0403671 0.0559391 0.0782464 9.9991E-05 0.179201 0.0646097 0.581537
0.142342 0.09398 0.035148 0.0666667 0.135557 0.0512275 0.475078
0.0349315 0.0153541 0.195465 9.9991E-05 0.254831 0.115578 0.38374
0.0509445 0.177746 0.0411589 9.9991E-05 0.19969 0.0225303 0.507831
0.0113786 9.9982E-05 9.9982E-05 0.103821 0.437117 0.00601408 0.441469
0.0195829 0.0478609 0.0551012 0.0444648 0.160812 0.0571111 0.615067
0.128372 0.0821394 9.9991E-05 0.011506 0.276853 0.0311106 0.46992
0.0301485 9.9991E-05 0.136311 0.10571 0.240929 0.0260408 0.460761
0.0392657 9.9982E-05 0.0419681 0.32847 9.9982E-05 0.182621 0.407475
0.174172 9.9982E-05 0.102441 0.108662 9.9982E-05 0.0967864 0.517739
0.127546 0.0134527 0.0443673 0.12856 0.021597 0.0999261 0.564551
0.140533 9.9982E-05 9.9982E-05 0.0489536 0.121717 0.141579 0.547018
0.22447 0.121054 0.0914357 0.195531 9.9982E-05 9.9982E-05 0.367309
9.9982E-05 0.0988246 0.0870759 9.9982E-05 0.194884 0.143228 0.475788
0.115002 0.0311084 0.045044 0.163815 9.9991E-05 0.0943482 0.550583
0.146541 0.102285 0.0888965 0.15315 0.0422536 0.466774 9.9991E-05
0.206974 9.9991E-05 0.0112379 0.0188598 0.157501 0.103552 0.501776
0.169319 0.111398 0.055053 0.11549 0.087547 9.9991E-05 0.461093
0.266497 9.9991E-05 0.0605836 0.045458 0.133742 0.00156646 0.492053
0.15425 0.0246696 0.0777125 0.151832 0.0880201 0.270069 0.233446
0.125838 0.0400314 9.9991E-05 0.13511 0.101824 0.0724377 0.524658
0.160887 0.0487972 9.9991E-05 0.109438 0.0349424 0.0811932 0.564642
0.17465 0.0171612 9.9973E-05 0.397031 9.9973E-05 0.410858 9.9973E-05
0.264683 9.9982E-05 9.9982E-05 0.0749363 0.084559 0.105286 0.470336
0.20187 9.9991E-05 0.0147037 0.125245 0.0310994 0.135515 0.491467
0.1327 0.125687 9.9991E-05 0.0311267 0.00292292 0.14728 0.560183
0.16442 0.0266083 9.9991E-05 0.169666 0.0106518 0.0448378 0.583716
0.107257 9.9991E-05 0.0575592 0.182704 0.0825828 0.0463478 0.52345
0.00445422 0.399793 9.9982E-05 0.0249298 0.101085 9.9982E-05 0.469538
0.0931539 0.274612 0.00651469 0.0323629 0.0778446 9.9991E-05 0.515411
9.9964E-05 0.860166 0.0733193 9.9964E-05 0.0661152 9.9964E-05 9.9964E-05
0.171327 0.253585 0.0376334 0.135743 9.9991E-05 0.0026725 0.398939
0.0815734 0.137758 0.185578 0.151735 9.9982E-05 9.9982E-05 0.443156
9.9964E-05 0.898055 9.9964E-05 0.0295758 0.0719697 9.9964E-05 9.9964E-05
0.199077 0.286275 0.0179877 0.0108021 0.127088 9.9991E-05 0.358669
0.0579039 0.163688 0.120917 0.179669 9.9982E-05 9.9982E-05 0.477622
0.269454 0.0736109 9.9991E-05 0.121162 0.0461597 0.0682606 0.421253
0.365779 0.186641 0.000894753 0.0921584 9.9991E-05 0.116857 0.237569
0.301235 0.113357 0.0365062 0.173583 0.00238126 0.220319 0.152619
0.272589 0.190491 9.9982E-05 0.152152 9.9982E-05 0.0676194 0.316948
0.126151 0.131174 9.9991E-05 0.0955565 0.0124677 0.107049 0.527503
0.124901 0.581963 9.9982E-05 0.0474888 9.9982E-05 0.201747 0.0437001
0.0699207 0.585664 9.9982E-05 0.132275 9.9982E-05 0.067198 0.144743
0.116406 0.389735 9.9964E-05 9.9964E-05 9.9964E-05 9.9964E-05 0.493459
0.139039 0.412688 9.9973E-05 0.0546939 9.9973E-05 9.9973E-05 0.39328
0.103418 0.600439 9.9973E-05 0.0499251 9.9973E-05 9.9973E-05 0.245918
0.0363246 0.221661 9.9991E-05 0.0770845 0.0106517 0.0840085 0.57017
0.0764383 0.382078 9.9964E-05 9.9964E-05 9.9964E-05 9.9964E-05 0.541084
0.0921856 0.147092 0.0654591 0.148715 0.00966267 0.0527485 0.484137
9.9982E-05 0.513206 0.0565146 0.0465924 0.0351997 9.9982E-05 0.348287
9.9982E-05 0.49281 0.0996318 0.0487111 0.0604412 9.9982E-05 0.298206
0.0384596 0.117819 0.209523 0.139323 9.9991E-05 0.0398863 0.454889
0.00181948 0.328691 0.0332074 0.0530233 0.0459619 0.0194917 0.517806
0.061423 0.344888 0.044443 0.0381391 0.0938936 0.0503258 0.366888
0.131875 0.200767 0.0197691 0.0817216 0.113744 0.0407008 0.411423
0.0140762 0.0771217 0.0412536 0.0531152 0.124297 0.190747 0.499389
9.9973E-05 0.361804 0.08111 9.9973E-05 9.9973E-05 0.14366 0.413126
9.9973E-05 0.655224 9.9973E-05 0.0222703 0.0659972 9.9973E-05 0.256209
0.0241354 0.316774 0.12717 0.0492667 9.9982E-05 9.9982E-05 0.482454
0.0625901 0.251104 9.9982E-05 0.110866 9.9982E-05 0.00526253 0.569977
9.9964E-05 0.668783 9.9964E-05 9.9964E-05 0.0918086 9.9964E-05 0.239008
9.9973E-05 0.515814 9.9973E-05 0.0104104 0.0252486 9.9973E-05 0.448228
9.9982E-05 0.184927 0.0481769 0.134322 9.9982E-05 0.0799334 0.552441
0.0074905 0.340834 0.110455 0.0821807 0.0339507 0.0123667 0.412722
0.205011 0.105629 0.0461558 0.138953 0.0401672 0.0195711 0.444512
0.138562 0.183941 9.9991E-05 0.132109 0.0515827 0.152131 0.341573
0.177423 9.9982E-05 9.9982E-05 0.20028 0.0311538 0.14751 0.443432
0.115354 0.143144 0.0453906 0.179666 0.046456 0.0111179 0.458872
0.227439 0.0719347 0.00948486 0.135849 0.0455094 0.166757 0.343026
0.088426 9.9991E-05 0.148049 0.141806 0.00774981 0.125538 0.488332
0.119033 0.0304768 0.0195941 0.0921948 0.107874 0.167114 0.463713
0.165779 0.0987746 0.102392 0.12951 0.0570169 0.148128 0.298398
0.134673 0.624484 9.9982E-05 0.204619 0.00887099 0.0271545 9.9982E-05
0.204944 0.0753664 9.9982E-05 0.0965354 9.9982E-05 0.0101711 0.612783
0.149157 0.39078 9.9973E-05 0.287794 9.9973E-05 0.171969 9.9973E-05
0.217662 0.300832 9.9973E-05 0.0146219 9.9973E-05 9.9973E-05 0.466584
0.0827158 0.0747994 0.031846 0.15811 0.207626 0.0286751 0.416228
9.9955E-05 0.914463 0.0850369 9.9955E-05 9.9955E-05 9.9955E-05 9.9955E-05
9.9964E-05 0.940022 0.00748633 9.9964E-05 9.9964E-05 0.0520919 9.9964E-05
9.9964E-05 0.492617 0.047768 9.9964E-05 9.9964E-05 9.9964E-05 0.459216
9.9964E-05 0.327874 9.9964E-05 0.0434705 9.9964E-05 9.9964E-05 0.628256
9.9964E-05 0.673221 9.9964E-05 9.9964E-05 9.9964E-05 0.00864964 0.317729
9.9973E-05 0.42191 0.12467 0.00338554 9.9973E-05 9.9973E-05 0.449735
0.0145199 0.506609 9.9964E-05 9.9964E-05 9.9964E-05 9.9964E-05 0.478472
0.0492101 0.100953 9.9982E-05 0.772557 0.000303458 9.9982E-05 0.0767761
0.101634 0.00942922 0.0150822 0.712071 0.114938 0.046745 9.9991E-05
0.0927011 9.9964E-05 9.9964E-05 0.848174 0.0587253 9.9964E-05 9.9964E-05
0.0017798 9.9964E-05 9.9964E-05 0.926484 9.9964E-05 9.9964E-05 0.0713361
0.0134573 0.0836165 0.281825 0.078962 0.00334427 0.0560837 0.482711
9.9973E-05 9.9973E-05 0.344567 0.0948645 0.0632988 9.9973E-05 0.49697
9.9964E-05 9.9964E-05 0.436687 9.9964E-05 0.0494716 9.9964E-05 0.513441
9.9982E-05 0.0326725 0.288501 0.0699402 9.9982E-05 0.0608494 0.547837
0.0709374 0.0423529 0.216964 0.0449415 0.0787597 0.051716 0.494328
0.0384522 9.9991E-05 0.516596 0.0360336 0.170321 0.0214203 0.217077
0.0105639 9.9982E-05 0.323915 0.0136796 0.054164 9.9982E-05 0.597477
9.9973E-05 0.118477 0.491179 9.9973E-05 9.9973E-05 0.0878826 0.302162
0.14112 0.00820101 0.0524412 0.228286 0.00433276 0.0719188 0.4937
0.0431895 0.0981507 0.383124 9.9991E-05 0.00178712 0.106625 0.367023
9.9973E-05 9.9973E-05 0.441177 0.0154401 0.174538 9.9973E-05 0.368545
0.0420044 9.9991E-05 0.22248 0.135858 0.111599 0.0157809 0.472178
0.0468247 0.0552283 0.451721 9.9973E-05 9.9973E-05 9.9973E-05 0.445926
9.9982E-05 0.0492359 0.464184 0.0228969 0.0770987 9.9982E-05 0.386385
0.0575739 0.00892821 0.413881 9.9982E-05 9.9982E-05 0.0363366 0.48308
0.0183245 9.9982E-05 0.321046 0.112593 0.0134764 9.9982E-05 0.53436
9.9964E-05 0.0295477 0.967777 9.9964E-05 9.9964E-05 9.9964E-05 0.00227532
9.9982E-05 0.0689573 0.554473 0.0398878 9.9982E-05 0.0616327 0.274849
9.9991E-05 0.0141572 0.594133 0.0491977 0.012409 0.00426753 0.325735
9.9964E-05 0.0381186 0.81271 9.9964E-05 9.9964E-05 0.148771 9.9964E-05
0.181113 9.9991E-05 0.109388 0.107652 0.0955149 0.070855 0.435376
9.9973E-05 9.9973E-05 0.395571 0.0520895 0.127208 9.9973E-05 0.424832
9.9964E-05 9.9964E-05 0.574358 9.9964E-05 9.9964E-05 0.341602 0.0836406
9.9964E-05 0.0826325 0.729596 9.9964E-05 9.9964E-05 0.187372 9.9964E-05
0.0761956 0.076197 0.287296 9.9982E-05 9.9982E-05 0.0427688 0.517343
0.022561 0.029559 0.648482 0.0530812 0.0739191 9.9991E-05 0.172298
0.0865682 9.9991E-05 0.323455 0.0186116 0.153609 0.106172 0.311484
0.0838129 0.0108574 0.201123 0.0662294 0.00594486 0.035011 0.597021
9.9982E-05 9.9982E-05 0.376913 0.0289911 0.093027 0.0637356 0.437134
0.0594892 0.171835 0.0261367 9.9991E-05 0.310184 0.0697102 0.362545
9.9973E-05 0.10971 0.357478 0.0527366 9.9973E-05 9.9973E-05 0.479775
0.0380327 0.0211788 0.341043 0.056045 0.145864 9.9991E-05 0.397736
9.9964E-05 9.9964E-05 0.706281 9.9964E-05 9.9964E-05 0.0293804 0.263938
0.0334166 0.0655046 0.296638 0.090021 0.0690281 0.042182 0.40321
9.9973E-05 9.9973E-05 0.00780121 0.679323 0.311893 0.000683132 9.9973E-05
0.0126985 9.9991E-05 0.0230217 0.696775 0.116902 0.0911512 0.0593516
9.9973E-05 0.00908138 9.9973E-05 0.77767 0.135839 0.0771099 9.9973E-05
9.9973E-05 0.0598711 0.0197945 0.831592 0.0884423 9.9973E-05 9.9973E-05
9.9973E-05 9.9973E-05 9.9973E-05 0.692387 0.237451 0.015467 0.0543944
0.0517894 9.9982E-05 0.727178 0.0186684 0.152236 9.9982E-05 0.0499285
9.9982E-05 9.9982E-05 0.624321 0.119522 0.119971 0.0238906 0.112096
9.9964E-05 0.0307869 0.888565 9.9964E-05 9.9964E-05 9.9964E-05 0.0802481
0.1042 0.0880423 0.258641 0.0483203 0.0543974 9.9991E-05 0.4463
0.12838 0.0679386 0.213674 0.0388881 0.0658974 9.9991E-05 0.485122
9.9973E-05 9.9973E-05 0.639705 0.0504932 9.9973E-05 0.0214096 0.288093
0.0639469 0.0264586 0.284285 0.0151192 0.0123545 0.00524809 0.592588
0.0430389 9.9982E-05 0.506566 0.0567622 9.9982E-05 0.0731799 0.320253
0.0450789 0.212013 0.112212 0.118519 0.112453 0.00522077 0.394502
0.0076185 0.0762154 0.353044 0.025641 0.0393667 9.9991E-05 0.498014
0.0502377 9.9973E-05 0.241962 9.9973E-05 0.103805 9.9973E-05 0.603696
0.0418667 0.0376912 0.574034 9.9982E-05 0.121602 9.9982E-05 0.224607
0.0019766 9.9973E-05 0.592437 9.9973E-05 0.103461 9.9973E-05 0.301826
9.9964E-05 9.9964E-05 0.52984 9.9964E-05 0.139627 9.9964E-05 0.330132
0.0105554 0.0577166 9.9991E-05 0.0644737 0.100702 0.185457 0.580996
9.9964E-05 9.9964E-05 0.603337 0.0176827 9.9964E-05 9.9964E-05 0.378581
0.0336028 9.9982E-05 0.434269 0.0668781 0.067236 9.9982E-05 0.397815
0.34667 9.9973E-05 9.9973E-05 0.0539653 9.9973E-05 0.0801407 0.518924
0.422297 9.9991E-05 0.0537025 0.106851 0.00573131 0.0517444 0.359574
0.452619 9.9973E-05 9.9973E-05 0.0847083 9.9973E-05 0.0923483 0.370025
0.496959 0.0154534 9.9991E-05 0.112404 0.00653519 0.0514171 0.31713
0.272632 0.0557476 9.9991E-05 0.0464432 0.0450324 0.108283 0.471762
0.00886415 9.9982E-05 0.173651 0.00616651 9.9982E-05 0.269292 0.541826
0.644733 0.00640781 9.9982E-05 0.231649 9.9982E-05 0.077823 0.0391874
0.498287 0.0423157 0.0217598 0.172724 9.9982E-05 9.9982E-05 0.264714
0.19235 9.9982E-05 0.107898 0.115162 9.9982E-05 0.232445 0.351945
9.9973E-05 9.9973E-05 9.9973E-05 0.073022 0.0407048 0.284534 0.601439
9.9973E-05 9.9973E-05 9.9973E-05 0.0699811 0.0935488 0.314586 0.521584
9.9973E-05 9.9973E-05 9.9973E-05 0.126342 0.0161981 0.218468 0.638692
0.04007 0.0442833 0.0722668 0.12086 0.0250255 0.117441 0.580053
0.504942 9.9973E-05 9.9973E-05 0.141279 9.9973E-05 0.0459484 0.30753
0.397562 0.00779814 0.132782 0.107471 0.00102596 9.9991E-05 0.353261
0.482076 9.9973E-05 9.9973E-05 0.0559595 9.9973E-05 0.012005 0.44966
0.297105 0.128339 0.0275658 0.0997165 0.0223707 0.0248071 0.400095
0.55382 0.00793316 9.9991E-05 0.0955755 0.0367782 0.0166184 0.289175
0.33237 9.9982E-05 9.9982E-05 0.129834 0.0491257 0.0649303 0.42354
0.548947 0.0652396 0.0344624 0.14823 0.0229865 9.9991E-05 0.180034
0.374662 0.0262324 9.9991E-05 0.0705941 0.102882 0.0123617 0.413168
0.0257879 9.99907E-05 0.0256063 0.0399151 0.00263504 0.327456 0.5785
0.298728 9.9982E-05 0.0538629 0.168613 0.101487 9.9982E-05 0.377108
0.583393 9.9973E-05 9.9973E-05 0.185862 9.9973E-05 0.0469459 0.183499
0.217628 0.0236727 0.0831971 0.0895737 0.106837 0.0711321 0.40796
0.30933 9.9982E-05 0.14632 0.170027 0.0766617 9.9982E-05 0.297461
0.466196 0.0294268 0.208722 0.115613 0.123252 9.9991E-05 0.0566896
9.9982E-05 9.9982E-05 0.0933886 0.104884 0.252093 0.377933 0.171501
0.0758309 9.9964E-05 9.9964E-05 9.9964E-05 9.9964E-05 0.302156 0.621614
0.278823 9.9991E-05 0.0799117 0.0995655 0.0980016 0.0553712 0.388226
0.172329 0.0701614 0.220194 0.114195 0.0564758 9.9991E-05 0.366545
0.00648087 0.0195753 0.00969047 0.135363 0.108654 0.117874 0.602363
9.9982E-05 9.9982E-05 0.0770469 0.147892 0.0654594 0.161743 0.547658
0.175158 9.9991E-05 0.168085 0.184035 0.024482 0.0379659 0.410175
0.314683 0.101616 0.00736447 0.200881 0.00351256 0.0504987 0.321445
0.103378 9.9982E-05 0.0672551 0.0886935 9.9982E-05 0.176598 0.563876
0.326981 0.0818511 0.0968367 0.0845056 9.9991E-05 0.02887 0.380856
0.216266 0.0350508 0.148139 0.192092 9.9991E-05 0.0574343 0.350918
0.45707 0.00912085 0.114657 0.0919065 9.9982E-05 9.9982E-05 0.327046
0.499409 0.0477956 9.9982E-05 0.0641416 9.9982E-05 0.0582294 0.330224
0.622106 9.9973E-05 9.9973E-05 0.198783 9.9973E-05 0.032991 0.14582
9.9982E-05 0.00659223 9.9982E-05 0.0735505 0.014088 0.138184 0.767385
9.9982E-05 9.9982E-05 0.102379 0.0808707 0.0457324 0.270326 0.500492
0.0104788 0.072871 0.00555671 0.0341517 0.0344781 0.614413 0.228051
0.00963238 9.9982E-05 0.0476885 0.0999219 9.9982E-05 0.263628 0.578929
0.0237313 0.108838 0.0591662 0.162635 0.135372 0.144111 0.366146
0.144048 9.9982E-05 0.101172 0.138508 9.9982E-05 0.155724 0.460349
0.121179 9.9991E-05 0.0581336 0.0838744 0.121066 0.168578 0.447069
0.198235 9.9973E-05 9.9973E-05 0.183801 0.0057863 0.611879 9.9973E-05
0.0904171 9.9964E-05 9.9964E-05 0.186876 9.9964E-05 0.722307 9.9964E-05
0.090816 0.00706404 9.9991E-05 0.069951 0.0953201 0.413638 0.323111
0.164819 9.9973E-05 0.0567522 0.257219 9.9973E-05 0.520909 9.9973E-05
0.206919 9.9964E-05 9.9964E-05 0.334828 9.9964E-05 0.457854 9.9964E-05
0.12623 0.0790214 0.128859 0.0475418 9.9991E-05 0.284923 0.333324
0.0637072 0.120822 0.0247052 0.177954 9.9991E-05 0.198953 0.413758
0.178185 0.00767325 0.0192756 0.176997 0.0550698 0.345633 0.217167
0.137141 9.9982E-05 9.9982E-05 0.178889 0.0141463 0.57736 0.0922644
0.189382 0.0313288 0.0936588 0.0521933 9.9991E-05 0.202969 0.430368
0.173987 9.9982E-05 0.0876934 0.128164 9.9982E-05 0.504292 0.105663
0.0338196 0.122406 9.9991E-05 0.132913 0.0297968 0.158384 0.522581
0.0466517 9.9964E-05 9.9964E-05 0.319717 9.9964E-05 0.633231 9.9964E-05
0.207424 9.9991E-05 0.108059 0.136773 0.100392 0.0243487 0.422903
0.200514 0.0263899 9.9982E-05 0.155473 9.9982E-05 0.248026 0.369397
0.154845 9.9982E-05 0.11445 0.280716 0.0267317 9.9982E-05 0.423057
0.283119 9.9973E-05 9.9973E-05 0.139981 9.9973E-05 0.053352 0.523249
0.125643 0.0110219 0.0964219 0.0768306 0.117356 0.119868 0.452859
0.196725 0.0425414 0.0993138 0.0949443 0.0424712 0.0405238 0.48348
0.308457 0.0119063 0.0971419 0.130307 9.9991E-05 0.0897056 0.362383
0.132352 0.0195291 9.9991E-05 0.376502 0.0134233 0.08955 0.368544
0.19073 0.0241795 0.00906939 0.219993 9.9991E-05 0.0490345 0.506893
0.2614 9.9973E-05 0.0660934 0.247801 9.9973E-05 9.9973E-05 0.424406
0.225686 0.0695149 9.9982E-05 0.230328 9.9982E-05 0.111234 0.363037
0.187852 0.0143573 0.179625 0.143571 0.152539 0.0670303 0.255026
0.101946 9.9991E-05 0.00482177 0.183532 0.101995 0.0840757 0.52353
0.197999 0.0190604 0.0343859 0.118568 0.0920085 0.015428 0.52255
0.102724 9.9982E-05 0.218203 0.115186 0.0353227 9.9982E-05 0.528364
0.226306 9.9982E-05 9.9982E-05 0.268932 0.016046 0.108882 0.379633
0.159771 0.0608829 0.0475021 0.239447 9.9982E-05 9.9982E-05 0.492197
0.255865 9.9973E-05 9.9973E-05 0.264133 9.9973E-05 0.331941 0.147762
0.215714 0.00964663 0.0313753 0.211215 0.0511413 9.9991E-05 0.480808
0.302453 0.0473633 0.0364354 0.22891 9.9991E-05 0.129846 0.254893
9.9973E-05 9.9973E-05 0.0383981 0.783861 0.107854 0.069587 9.9973E-05
0.00503148 0.0209612 9.9982E-05 0.101989 0.794713 9.9982E-05 0.0771059
9.9955E-05 9.9955E-05 0.0318754 9.9955E-05 0.967625 9.9955E-05 9.9955E-05
9.9955E-05 9.9955E-05 9.9955E-05 0.0734198 0.92608 9.9955E-05 9.9955E-05
0.017075 9.9964E-05 9.9964E-05 9.9964E-05 0.942824 9.9964E-05 0.0397007
9.9955E-05 9.9955E-05 9.9955E-05 9.9955E-05 0.920016 9.9955E-05 0.0794847
9.9964E-05 9.9964E-05 9.9964E-05 0.00295756 0.896406 9.9964E-05 0.100236
9.9964E-05 9.9964E-05 0.0241245 0.0355052 0.93997 9.9964E-05 9.9964E-05
9.9964E-05 9.9964E-05 9.9964E-05 0.242742 0.755127 9.9964E-05 0.00173155
9.9973E-05 9.9973E-05 9.9973E-05 0.863854 0.0268436 0.0347919 0.0742109
9.9964E-05 9.9964E-05 9.9964E-05 0.78967 0.106469 9.9964E-05 0.103461
0.0527809 9.9991E-05 0.0167841 0.858697 0.0228522 0.0330143 0.0157718
9.9982E-05 0.0103352 9.9982E-05 0.749376 0.144516 0.0554756 0.0400966
9.9964E-05 9.9964E-05 9.9964E-05 0.908582 0.0178187 9.9964E-05 0.0731993
