9.9991E-05 0.109978 0.889922
0.00419188 0.0263412 0.969467
0.0224976 0.171011 0.806491
0.0181739 0.130108 0.851718
9.9991E-05 0.169842 0.830058
0.219637 0.109414 0.670949
0.0518512 0.0521863 0.895962
0.187453 0.0249047 0.787642
0.0702862 9.9991E-05 0.929614
0.127521 0.16725 0.705229
0.235531 0.0275827 0.736886
0.76298 0.117165 0.119855
0.586211 0.351357 0.0624321
0.680781 0.161991 0.157228
0.528541 0.373714 0.0977443
0.517219 0.344006 0.138775
0.577464 0.419252 0.00328386
0.681661 0.318239 9.9991E-05
0.561684 0.250779 0.187537
0.786722 9.9991E-05 0.213178
0.60222 0.3 0.0977799
0.617537 0.334529 0.0479338
0.591805 0.367979 0.0402156
0.683124 0.169423 0.147453
0.462504 0.464187 0.0733095
0.520272 0.460483 0.0192448
0.702579 0.161714 0.135707
0.543233 0.294762 0.162005
0.748655 0.116314 0.13503
9.9991E-05 0.194349 0.805551
9.9991E-05 0.185403 0.814497
9.9991E-05 0.2183 0.7816
0.0674068 0.218512 0.714081
0.643785 0.356115 9.9991E-05
0.610204 0.333254 0.0565424
0.635475 0.364425 9.9991E-05
0.743342 9.9991E-05 0.256558
0.796567 0.203333 9.9991E-05
0.610775 0.317717 0.071508
0.513967 0.485933 9.9991E-05
0.541431 0.391349 0.06722
0.588925 0.335567 0.0755087
0.869397 0.0471445 0.0834582
0.594866 0.405034 9.9991E-05
0.568146 0.402119 0.0297355
0.482474 0.461765 0.055761
0.828447 0.171453 9.9991E-05
0.607159 0.392741 9.9991E-05
0.484426 0.440365 0.0752092
0.812868 9.9991E-05 0.187032
0.881004 0.0268433 0.0921531
0.833824 0.0385445 0.127632
0.547792 0.452108 9.9991E-05
0.553724 0.43077 0.0155064
0.467424 0.532476 9.9991E-05
0.742117 0.0354014 0.222482
0.5919 0.32234 0.0857599
0.475678 0.460928 0.0633934
0.664964 0.216923 0.118113
0.60083 0.0622681 0.336902
0.588145 0.333849 0.0780065
0.61662 0.270044 0.113335
0.79203 9.9991E-05 0.20787
0.681817 0.276478 0.0417047
0.517432 0.482468 9.9991E-05
0.525937 0.434342 0.0397205
0.711457 0.161939 0.126604
0.626675 0.335427 0.0378978
0.582146 0.351718 0.0661361
0.797098 0.0427457 0.160156
0.709709 0.290191 9.9991E-05
0.890232 0.109668 9.9991E-05
0.551214 0.396776 0.0520098
0.511597 0.421461 0.0669427
0.963204 9.9991E-05 0.0366959
0.985655 9.9991E-05 0.0142452
0.867469 0.132431 9.9991E-05
0.748144 0.225744 0.026112
0.454712 0.426683 0.118605
0.680979 0.318921 9.9991E-05
0.846007 0.0678067 0.0861867
0.848613 0.0891127 0.0622745
0.508537 0.392161 0.0993019
0.769837 0.213893 0.0162701
0.665287 0.28244 0.0522728
0.773732 0.226168 9.9991E-05
0.924428 9.9991E-05 0.0754721
0.673168 0.326732 9.9991E-05
0.0325119 0.130093 0.837395
9.9991E-05 0.0978027 0.902097
9.9991E-05 0.154486 0.845414
9.9991E-05 0.102199 0.897701
9.9991E-05 0.168574 0.831326
9.9991E-05 0.118784 0.881116
9.9991E-05 0.0697096 0.93019
0.566128 0.388065 0.0458068
0.609713 0.349849 0.0404374
0.966135 9.9991E-05 0.0337651
0.50587 0.49403 9.99958E-05
0.677118 0.278065 0.0448167
0.586331 0.413569 9.9991E-05
0.633609 0.366291 9.9991E-05
0.620212 0.359644 0.0201444
0.871863 9.9991E-05 0.128037
0.520832 0.32439 0.154778
0.530733 0.456625 0.0126412
0.541244 0.458607 0.000149071
0.779373 0.220527 9.9991E-05
0.715862 0.284038 9.9991E-05
0.70696 0.29294 9.9991E-05
0.739845 0.260055 9.9991E-05
0.712047 0.261353 0.0265999
0.578227 0.386285 0.0354882
0.781148 0.127656 0.0911962
0.566941 0.412941 0.0201176
0.5603 0.290374 0.149326
0.518636 0.386583 0.0947806
0.54095 0.424891 0.0341589
0.641016 0.289758 0.0692263
0.641218 0.358682 9.9991E-05
0.695936 0.268719 0.0353449
0.575396 0.381308 0.0432959
0.539156 0.395181 0.0656628
0.654527 0.345373 9.9991E-05
0.695782 0.285703 0.0185144
0.559685 0.440215 9.9991E-05
0.48331 0.449349 0.067341
0.607784 0.392116 9.9991E-05
0.552081 0.42004 0.0278791
0.596947 0.402953 9.9991E-05
0.597558 0.229179 0.173263
0.555837 0.444063 9.9991E-05
0.542349 0.457551 9.9991E-05
0.720199 0.141987 0.137814
0.769844 0.0979803 0.132176
0.544779 0.399702 0.0555192
0.879892 0.0702852 0.049823
0.769161 0.113481 0.117358
0.689074 0.211134 0.0997927
0.753012 0.170825 0.0761631
0.790966 0.146902 0.0621322
0.564251 0.435649 9.9991E-05
0.535105 0.412561 0.0523336
0.611413 0.388487 9.9991E-05
0.748484 0.104176 0.14734
0.502511 0.377454 0.120036
0.541224 0.436808 0.021968
0.721501 9.9991E-05 0.278399
0.490618 0.474713 0.034668
0.641589 0.293283 0.0651288
0.59379 0.379677 0.0265329
0.69673 0.130143 0.173127
0.784682 0.0166792 0.198638
0.557101 0.322402 0.120497
0.694684 0.257589 0.0477275
0.594816 0.318142 0.0870421
0.5767 0.28122 0.14208
0.586747 0.338471 0.0747822
0.484245 0.494279 0.0214759
0.680726 0.1101 0.209174
0.534826 0.433949 0.0312248
0.559234 0.371702 0.0690638
0.812725 0.187175 9.9991E-05
0.733582 0.266318 9.9991E-05
0.47396 0.410129 0.115911
0.504243 0.383533 0.112224
0.356094 0.534139 0.109767
0.254529 0.350163 0.395307
0.0904328 0.137907 0.77166
0.248354 0.0916972 0.659949
0.111462 0.414399 0.474139
0.630678 0.369222 9.9991E-05
0.582234 0.378365 0.0394018
0.0483303 0.919057 0.0326126
0.227885 0.742494 0.0296217
0.220536 0.666367 0.113097
0.735489 0.222076 0.0424353
0.602853 0.359908 0.037239
0.820359 0.0720825 0.107559
0.633261 0.366639 9.9991E-05
0.630925 0.300409 0.0686667
0.642765 0.357135 9.9991E-05
0.841717 0.099341 0.0589421
0.526596 0.473304 9.9991E-05
0.603699 0.341186 0.0551146
0.481813 0.36365 0.154537
0.438046 0.490352 0.0716021
9.9991E-05 0.948409 0.0514905
9.9991E-05 0.939987 0.059913
0.116064 0.763654 0.120282
0.0767103 0.92319 9.9991E-05
0.0667261 0.870691 0.0625826
9.9991E-05 0.961412 0.0384879
9.9991E-05 0.907677 0.0922233
0.00690349 0.985867 0.00722956
9.9991E-05 0.971246 0.0286545
9.9991E-05 0.967058 0.0328425
9.9991E-05 0.948838 0.0510621
9.9991E-05 0.882668 0.117232
0.0157505 0.838197 0.146053
9.9991E-05 0.927187 0.0727131
0.275221 0.640453 0.084326
0.0916041 0.796929 0.111467
0.00883031 0.874437 0.116733
9.9991E-05 0.911212 0.0886882
9.9991E-05 0.931343 0.0685569
9.9991E-05 0.921626 0.0782742
9.9991E-05 0.921159 0.0787413
0.165126 0.759796 0.0750778
9.9991E-05 0.895411 0.104489
0.444977 0.0484736 0.506549
0.527466 0.28005 0.192484
0.458914 0.288672 0.252414
0.474464 0.228726 0.29681
0.367006 0.508119 0.124875
0.414733 0.28602 0.299246
0.490852 0.331906 0.177243
0.413505 0.404478 0.182017
0.439737 0.370248 0.190015
0.396437 0.434791 0.168772
0.361171 0.444509 0.19432
0.408794 0.437879 0.153327
0.441574 0.328084 0.230343
0.0715674 0.0551671 0.873266
9.9991E-05 0.112559 0.887341
9.9991E-05 0.0228054 0.977095
9.9991E-05 0.0665535 0.933346
9.9991E-05 0.117455 0.882445
9.9991E-05 0.107179 0.892721
9.9991E-05 0.12608 0.87382
0.00956339 0.0442532 0.946183
0.00252213 0.111632 0.885846
9.9991E-05 0.123526 0.876374
0.283298 9.9991E-05 0.716602
0.302826 0.00994057 0.687234
0.30542 9.9991E-05 0.69448
0.421223 9.9991E-05 0.578677
0.688358 0.311542 9.9991E-05
0.614634 0.323458 0.0619079
0.699793 0.291253 0.00895393
0.627046 0.369142 0.00381247
0.740926 0.175335 0.0837384
0.842789 0.00333141 0.153879
0.569727 0.430173 9.9991E-05
0.689086 0.310814 9.9991E-05
0.723957 0.275943 9.9991E-05
0.734847 0.265053 9.9991E-05
0.635911 0.363989 9.9991E-05
0.830541 0.169359 9.9991E-05
0.988213 9.9991E-05 0.0116872
0.600394 0.323499 0.0761073
0.877725 0.105943 0.0163321
0.652218 0.347682 9.9991E-05
0.911953 0.0302178 0.0578288
0.644514 9.9991E-05 0.355386
0.676376 9.9991E-05 0.323524
0.732375 9.9991E-05 0.267525
0.682256 9.9991E-05 0.317644
0.756117 9.9991E-05 0.243783
0.680439 0.0512924 0.268268
9.9991E-05 0.139973 0.859927
0.0556246 0.155932 0.788443
9.9991E-05 0.271098 0.728802
0.00572718 0.22575 0.768523
9.9991E-05 0.224369 0.775531
0.473654 9.9991E-05 0.526246
0.398303 9.9991E-05 0.601597
0.380758 9.9991E-05 0.619142
9.9991E-05 0.181801 0.818099
0.481465 9.9991E-05 0.518435
0.192769 0.557621 0.24961
0.337908 0.510122 0.15197
0.205233 0.65973 0.135037
0.318488 0.467171 0.214342
0.396082 0.498097 0.105821
0.0904849 0.3466 0.562915
0.670485 0.291579 0.0379358
0.702341 0.216628 0.0810306
0.691359 0.126424 0.182217
0.722704 0.277196 9.9991E-05
0.938272 9.9991E-05 0.0616285
0.549893 0.383429 0.0666775
0.721926 0.266937 0.0111366
0.814359 0.111736 0.0739048
0.497658 0.421477 0.080865
0.919852 9.9991E-05 0.0800477
0.646718 0.328488 0.0247942
0.675205 0.314835 0.00996006
0.445632 0.413928 0.14044
0.787154 0.212746 9.9991E-05
0.729347 0.228882 0.0417709
0.630295 0.322131 0.0475738
0.711722 0.288178 9.9991E-05
0.554746 0.429398 0.0158568
0.540448 0.380641 0.0789108
0.525845 0.397452 0.0767027
9.9991E-05 0.241589 0.758311
0.00708288 0.177798 0.815119
0.0285175 0.157853 0.813629
0.0879339 0.123364 0.788703
9.9991E-05 0.171853 0.828047
0.779698 0.0513392 0.168963
0.52404 0.39914 0.0768191
0.389879 0.406971 0.203149
0.569371 0.430529 9.9991E-05
0.691572 0.251969 0.0564589
0.686007 0.209657 0.104336
0.743149 9.9991E-05 0.256751
0.620466 0.348244 0.03129
0.712545 0.0875062 0.199949
0.635771 0.264688 0.0995412
0.6873 0.051502 0.261198
0.47222 0.463124 0.0646553
0.717952 0.116642 0.165406
0.418506 0.493534 0.0879597
0.658325 0.225077 0.116598
0.609794 0.333952 0.0562544
0.738646 0.186932 0.0744222
0.625516 0.349207 0.0252778
0.513253 0.374467 0.112279
0.861235 0.103002 0.035763
0.462466 0.383657 0.153877
0.629196 0.364597 0.00620668
0.641896 0.315134 0.0429704
0.919209 9.9991E-05 0.0806908
0.843558 0.08074 0.0757024
0.63993 0.328666 0.0314043
0.479992 0.432367 0.0876401
0.865275 0.0421301 0.0925953
0.717237 0.282663 9.9991E-05
0.788752 9.9991E-05 0.211148
0.853073 0.146827 9.9991E-05
0.671835 0.250816 0.0773493
0.594482 0.401779 0.00373859
0.824839 0.116421 0.0587394
0.547352 0.38404 0.0686085
0.48187 0.434803 0.0833269
0.575713 0.392216 0.0320713
0.635322 0.364578 9.9991E-05
0.676233 0.258341 0.0654253
0.721907 0.197295 0.0807978
0.674783 0.245528 0.0796889
0.602959 0.396941 9.9991E-05
0.578271 0.420127 0.0016014
0.705988 0.238129 0.055883
0.635468 0.364432 9.9991E-05
0.663589 0.187679 0.148732
0.633613 0.366287 9.9991E-05
0.58314 0.362847 0.0540128
0.472988 0.372657 0.154355
0.275128 0.414458 0.310414
0.413155 0.460214 0.126631
0.35546 0.45317 0.19137
0.466625 0.516844 0.0165312
0.325734 0.49827 0.175996
0.682768 0.317132 9.9991E-05
0.327216 0.49059 0.182194
0.507748 0.146809 0.345444
0.427614 0.493713 0.078673
0.36248 0.566297 0.0712225
0.447946 0.551954 9.9991E-05
0.457112 0.348664 0.194224
0.392889 0.47576 0.13135
0.402251 0.528734 0.0690151
0.147667 0.180489 0.671844
0.283916 0.539437 0.176646
0.25132 0.570213 0.178467
0.490114 0.483519 0.0263665
0.241415 0.58704 0.171545
0.438806 0.46754 0.0936533
0.638336 0.357087 0.00457624
0.577561 0.360507 0.061932
0.9998 9.999E-05 9.999E-05
0.561194 0.429453 0.00935253
0.558736 0.343882 0.0973814
0.869896 9.9991E-05 0.130004
0.577313 0.415034 0.0076531
0.548655 0.321736 0.129608
0.268934 0.564113 0.166954
0.237042 0.589251 0.173707
0.267718 0.467332 0.26495
0.293847 0.507496 0.198658
0.328787 0.459338 0.211875
0.711271 0.118117 0.170613
0.661518 0.174024 0.164458
0.543889 0.456011 9.9991E-05
0.522783 0.411699 0.0655173
0.65587 0.289776 0.0543544
0.559882 0.434984 0.00513426
0.519435 0.480465 9.9991E-05
0.561386 0.385618 0.0529952
0.73109 0.244684 0.024226
0.766158 0.193067 0.0407749
0.531752 0.334361 0.133887
0.574264 0.394706 0.0310297
0.624299 0.278801 0.0968999
0.569678 0.309121 0.121202
0.468872 0.422231 0.108897
0.726092 0.273808 9.9991E-05
0.851598 0.148302 9.9991E-05
0.615298 0.384602 9.9991E-05
0.54199 0.394747 0.0632633
0.814915 0.152123 0.032962
0.682573 0.317327 9.9991E-05
0.555711 0.437843 0.00644595
0.723473 0.265457 0.0110697
0.388318 0.476488 0.135195
0.448207 0.446723 0.10507
0.293195 0.499188 0.207618
0.394854 0.481417 0.12373
0.338899 0.475409 0.185692
0.438519 0.432328 0.129153
0.433437 0.38909 0.177473
0.466391 0.391373 0.142236
0.529114 0.185139 0.285747
0.374854 0.625046 9.9991E-05
0.340594 0.110772 0.548634
0.376271 0.564234 0.0594949
0.336482 0.496146 0.167372
0.990245 9.9991E-05 0.00965493
0.951802 9.9991E-05 0.0480976
0.769135 0.230765 9.9991E-05
0.587177 0.412723 9.9991E-05
0.798835 0.201065 9.9991E-05
0.636298 0.363602 9.9991E-05
0.690519 0.309381 9.9991E-05
0.0470707 0.156877 0.796052
0.0987089 0.103186 0.798105
9.9991E-05 0.0981499 0.90175
9.9991E-05 0.0818726 0.918027
0.639679 0.302051 0.05827
0.68508 0.306853 0.0080667
0.731457 0.268443 9.9991E-05
0.513061 0.387093 0.0998466
0.566339 0.380683 0.0529779
0.783671 0.152219 0.06411
0.573866 0.426034 9.9991E-05
0.844467 0.155433 9.9991E-05
0.26946 0.506886 0.223654
0.729125 0.270775 9.9991E-05
0.772828 0.212523 0.0146494
0.538564 0.38562 0.0758163
0.593755 0.406145 9.9991E-05
0.757966 0.241934 9.9991E-05
0.693752 0.306148 9.9991E-05
0.626032 0.373868 9.9991E-05
0.9998 9.999E-05 9.999E-05
0.853818 0.146082 9.9991E-05
0.826194 0.173706 9.9991E-05
0.994882 9.9991E-05 0.00501815
0.265685 0.483191 0.251125
0.721974 0.218287 0.059739
0.897094 0.0490855 0.0538206
0.910199 9.9991E-05 0.0897013
0.653843 0.346057 9.9991E-05
0.784536 0.15752 0.0579442
0.657969 0.325588 0.0164432
0.490616 0.509284 9.9991E-05
0.675257 0.324643 9.9991E-05
0.744156 0.254467 0.0013774
0.596409 0.403491 9.9991E-05
0.721854 0.278046 9.9991E-05
0.805878 0.194022 9.9991E-05
0.54986 0.331855 0.118285
0.214398 9.9991E-05 0.785502
0.143782 0.0672297 0.788988
0.0758605 9.9991E-05 0.924039
0.103049 9.9991E-05 0.896851
0.212023 9.9991E-05 0.787877
0.830661 0.104942 0.064397
0.836704 0.0609753 0.102321
0.904245 0.0956553 9.9991E-05
0.479023 0.428565 0.0924117
0.513524 0.486376 9.9991E-05
0.734589 0.223873 0.0415384
0.620667 0.379233 9.9991E-05
0.733803 0.266097 9.9991E-05
0.607329 0.268504 0.124167
0.628921 0.370979 9.9991E-05
0.67792 0.291189 0.0308912
0.854727 0.143178 0.00209442
0.861988 0.137912 9.9991E-05
0.806908 0.192992 9.9991E-05
0.489066 0.426618 0.0843162
0.774572 0.225328 9.9991E-05
0.765076 0.224199 0.0107248
0.235313 0.742102 0.0225849
0.133053 0.768757 0.0981901
0.168462 0.733184 0.0983539
0.110663 0.751059 0.138279
0.273304 0.618886 0.10781
0.641361 0.356407 0.00223208
9.9991E-05 0.661405 0.338495
0.049601 0.734062 0.216337
0.438963 0.430977 0.13006
0.500826 0.371471 0.127702
0.577293 0.313294 0.109413
0.602212 0.367435 0.0303535
0.578178 0.379614 0.0422085
0.0945426 0.754137 0.15132
0.333894 0.585406 0.0806997
0.0806801 0.829514 0.0898059
0.355724 0.601464 0.0428118
0.121679 0.769918 0.108402
0.225657 0.613255 0.161088
0.123377 0.763753 0.112869
0.194992 0.660641 0.144368
0.551142 0.427742 0.0211163
0.191547 0.618393 0.19006
9.9991E-05 0.776297 0.223603
0.384196 0.433423 0.182381
0.26069 0.606534 0.132776
0.287365 0.575043 0.137592
0.663921 0.0683595 0.26772
0.593072 0.406828 9.9991E-05
0.317376 0.590468 0.0921559
0.377736 0.408586 0.213677
0.493252 0.47694 0.029808
0.523236 0.341274 0.13549
0.403191 0.456404 0.140405
0.284241 0.515761 0.199998
0.478601 0.46925 0.0521491
0.383589 0.506018 0.110393
0.380151 0.437904 0.181945
0.242571 0.677097 0.0803326
0.156727 0.763693 0.0795799
9.9991E-05 0.750027 0.249873
0.522795 0.363152 0.114053
0.62056 0.278103 0.101338
0.643289 0.12425 0.232461
0.453539 0.492651 0.0538099
0.64946 0.254597 0.0959434
0.311862 0.486097 0.202041
0.501858 0.364945 0.133198
0.359739 0.182389 0.457871
0.359352 0.127714 0.512934
0.507509 0.301806 0.190685
0.362276 0.196566 0.441158
0.185777 0.297131 0.517092
0.504111 0.384367 0.111522
0.400618 0.387093 0.212288
0.32276 0.282364 0.394876
0.361713 0.254334 0.383953
0.423169 0.478992 0.0978383
0.481881 0.221345 0.296774
0.449822 0.409844 0.140334
0.257892 0.0985277 0.643581
0.429379 0.541256 0.0293643
0.365717 0.447273 0.18701
0.240032 0.504296 0.255672
0.220435 0.649283 0.130282
0.346422 0.49602 0.157558
0.3537 0.539873 0.106428
0.291755 0.557583 0.150662
0.234153 0.429152 0.336695
0.377619 0.485476 0.136905
0.198213 0.560524 0.241262
0.283227 0.429083 0.28769
0.46656 0.334623 0.198817
0.384659 0.454663 0.160678
0.431711 0.470718 0.0975714
0.432627 0.52457 0.0428023
0.197013 0.521121 0.281867
0.385954 0.503657 0.110389
0.212223 0.33576 0.452017
0.350286 0.592229 0.057485
0.220391 0.48411 0.295499
0.101011 0.0268664 0.872123
0.723399 9.9991E-05 0.276501
0.738112 9.9991E-05 0.261788
0.72224 9.9991E-05 0.27766
0.74202 9.9991E-05 0.25788
0.714047 9.9991E-05 0.285853
0.77824 9.9991E-05 0.22166
0.684357 9.9991E-05 0.315543
0.581472 9.9991E-05 0.418428
9.9991E-05 0.136262 0.863638
0.0626217 0.109414 0.827964
9.9991E-05 0.105371 0.894529
0.0580529 0.0838907 0.858056
9.9991E-05 0.1017 0.8982
0.0479702 0.0667916 0.885238
0.0765651 0.181899 0.741535
9.9991E-05 0.184742 0.815158
0.168741 0.103402 0.727857
9.9991E-05 0.114688 0.885212
9.999E-05 9.999E-05 0.9998
9.9991E-05 0.164588 0.835312
9.9991E-05 0.0515685 0.948332
9.9991E-05 0.0769013 0.922999
9.9991E-05 0.14496 0.85494
9.9991E-05 0.216517 0.783383
9.9991E-05 0.259361 0.740539
9.9991E-05 0.232187 0.767713
9.9991E-05 0.211984 0.787916
0.632502 0.257565 0.109933
0.597768 0.402132 9.9991E-05
0.402855 0.549331 0.0478139
0.803181 0.0772177 0.119601
0.594593 0.345406 0.0600007
0.675569 0.0679847 0.256447
0.530068 0.426656 0.0432755
0.739438 0.138526 0.122036
0.62793 0.28236 0.0897108
0.661467 0.338433 9.9991E-05
0.636459 0.260426 0.103116
0.542435 0.420311 0.0372541
0.606289 0.325321 0.0683902
0.878261 0.0153589 0.10638
0.827118 9.9991E-05 0.172782
0.766778 0.0408088 0.192413
0.47927 0.465784 0.0549458
0.56099 0.357319 0.0816914
0.62689 0.271576 0.101534
0.51271 0.428001 0.0592894
0.267478 0.546028 0.186494
0.324828 0.525187 0.149986
0.285847 0.236639 0.477514
0.585573 0.33544 0.0789875
0.322203 0.458368 0.219429
0.256166 0.180013 0.563821
0.308918 0.423492 0.26759
0.287021 0.330345 0.382634
0.28252 0.38913 0.32835
0.353952 0.515601 0.130447
0.334532 0.490265 0.175203
0.396554 0.553012 0.0504345
0.476294 0.397593 0.126112
0.169464 0.373507 0.457029
