0.961854 9.9991E-05 0.0380457
0.992316 0.00758386 9.9991E-05
0.843336 0.0453383 0.111326
0.89767 0.0351427 0.0671871
0.939664 9.9991E-05 0.0602358
0.668538 0.258105 0.0733576
0.933586 0.0663138 9.9991E-05
0.756649 0.159632 0.0837188
0.912261 0.0876394 9.9991E-05
0.723496 0.145386 0.131118
0.785146 0.180882 0.0339721
0.0942696 0.744158 0.161572
0.103451 0.749201 0.147348
0.207759 0.604844 0.187397
0.139432 0.793 0.0675683
0.0725851 0.715917 0.211498
0.129344 0.734601 0.136055
0.117829 0.618783 0.263388
0.147306 0.746393 0.1063
0.874099 9.9991E-05 0.125801
0.843468 0.00395313 0.152579
0.797941 0.0388298 0.16323
0.737851 0.0806154 0.181534
0.200362 0.740726 0.0589117
0.0346096 0.916764 0.0486262
9.9991E-05 0.814196 0.185704
0.0956057 0.904294 9.9991E-05
0.0554477 0.920443 0.0241091
0.0766384 0.810261 0.113101
0.13864 0.78185 0.0795097
0.281254 0.63983 0.078916
0.189396 0.810504 9.9991E-05
0.128473 0.692215 0.179312
0.11319 0.826263 0.0605472
9.9991E-05 0.872181 0.127719
9.9991E-05 0.95866 0.0412395
9.9991E-05 0.97455 0.0253496
9.9991E-05 0.887117 0.112783
9.9991E-05 0.83304 0.16686
0.0918965 0.818352 0.089752
0.0128595 0.931267 0.0558738
0.856674 0.0499192 0.0934072
0.97366 9.9991E-05 0.0262405
0.89762 9.9991E-05 0.10228
0.925797 9.9991E-05 0.0741035
0.904455 9.9991E-05 0.0954449
0.908922 9.9991E-05 0.0909779
0.96101 9.9991E-05 0.03889
0.054254 0.911693 0.0340526
0.0479871 0.951913 9.9991E-05
9.9991E-05 0.764586 0.235314
0.0969571 0.765784 0.137259
0.119665 0.7266 0.153736
0.102123 0.769878 0.127999
9.9991E-05 0.887552 0.112348
0.147177 0.787498 0.065325
0.0978653 0.776991 0.125144
0.0791521 0.769231 0.151617
0.266625 0.706164 0.0272108
0.20296 0.68424 0.112801
0.201984 0.779129 0.0188873
0.139297 0.721341 0.139362
0.127008 0.67848 0.194512
9.9991E-05 0.848694 0.151206
0.399469 0.270185 0.330346
0.653283 0.139835 0.206881
0.544437 0.20512 0.250444
0.445503 0.154504 0.399993
0.0239028 0.76042 0.215677
0.0169509 0.800054 0.182995
0.0615518 0.79089 0.147559
0.0257338 0.0330322 0.941234
9.9991E-05 0.036795 0.963105
9.999E-05 9.999E-05 0.9998
0.0880551 0.00112304 0.910822
9.9991E-05 0.0448941 0.955006
9.999E-05 9.999E-05 0.9998
9.999E-05 9.999E-05 0.9998
9.999E-05 9.999E-05 0.9998
9.9991E-05 0.0166844 0.983216
0.110163 9.9991E-05 0.889737
0.0171602 9.9991E-05 0.98274
0.0464121 0.0211605 0.932427
0.398275 0.448356 0.153369
0.291257 0.457092 0.251651
0.324547 0.436359 0.239094
0.924396 0.0755037 9.9991E-05
0.874467 9.9991E-05 0.125433
0.986804 0.00242826 0.0107677
0.979265 0.00312848 0.0176064
0.952415 9.9991E-05 0.0474855
0.901182 9.9991E-05 0.0987182
0.92446 9.9991E-05 0.0754402
0.952247 0.0366977 0.0110554
0.931823 9.9991E-05 0.068077
0.874505 9.9991E-05 0.125395
0.721119 0.27351 0.00537068
0.696654 0.303246 9.9991E-05
0.60899 0.39091 9.9991E-05
0.567045 0.432855 9.9991E-05
0.138741 0.81366 0.0475994
9.9991E-05 0.759605 0.240295
9.999E-05 0.9998 9.999E-05
0.0306644 0.80096 0.168376
0.0739914 0.891679 0.0343294
0.314949 0.684951 9.9991E-05
0.293946 0.705954 9.9991E-05
0.203928 0.795972 9.9991E-05
0.304112 0.695788 9.9991E-05
0.245614 0.754286 9.9991E-05
0.273508 0.72193 0.00456151
0.903348 9.9991E-05 0.0965523
0.887256 0.0623469 0.0503974
0.8055 0.0409159 0.153584
0.807397 0.0616538 0.130949
0.810116 0.0673396 0.122544
0.538136 0.461764 9.9991E-05
0.582767 0.417133 9.9991E-05
0.558552 0.441348 9.9991E-05
0.83753 9.9991E-05 0.16237
0.510389 0.489511 9.9991E-05
0.205173 0.299274 0.495553
0.468052 0.119859 0.412088
9.9991E-05 0.765502 0.234398
0.141703 0.711759 0.146538
9.9991E-05 0.799007 0.200893
9.999E-05 0.9998 9.999E-05
0.180919 0.733515 0.0855667
0.0272751 0.917997 0.0547274
0.002803 0.831851 0.165346
0.0467825 0.767091 0.186126
0.78724 0.00338138 0.209378
0.867548 0.0145712 0.117881
0.828452 0.0748121 0.096736
0.840243 0.0941839 0.0655729
0.844983 0.037332 0.117685
0.13534 0.774073 0.0905862
0.102552 0.746879 0.150569
0.253158 0.746742 9.9991E-05
0.213496 0.707069 0.0794353
0.244768 0.678483 0.0767481
0.176789 0.736714 0.0864977
0.0911937 0.728676 0.180131
0.0373119 0.784189 0.178499
0.0587268 0.933132 0.00814144
9.9991E-05 0.878248 0.121652
0.0524404 0.861604 0.0859553
0.198813 0.790708 0.010479
9.9991E-05 0.822594 0.177306
0.0926511 0.801664 0.105685
0.0811186 0.78247 0.136411
0.266735 0.542348 0.190917
0.571416 0.196701 0.231883
9.9991E-05 0.949695 0.050205
9.9991E-05 0.933121 0.0667792
0.0961734 0.339994 0.563833
0.228975 0.312684 0.458341
0.128046 0.613475 0.258479
0.19964 0.624408 0.175952
0.0545182 0.546511 0.398971
0.0992142 0.613397 0.287388
9.9991E-05 0.87065 0.12925
9.9991E-05 0.846937 0.152963
0.26795 0.568988 0.163062
0.388357 0.347866 0.263777
9.9991E-05 0.96362 0.0362805
0.0195789 0.975985 0.00443612
9.9991E-05 0.774951 0.224949
9.9991E-05 0.841667 0.158233
0.817516 0.0416487 0.140835
0.774655 0.109261 0.116084
0.887059 9.9991E-05 0.112841
0.974684 9.9991E-05 0.0252157
0.0672616 0.807273 0.125465
9.9991E-05 0.952969 0.0469312
0.0513155 0.851172 0.097512
9.999E-05 0.9998 9.999E-05
9.9991E-05 0.88913 0.11077
9.9991E-05 0.945349 0.0545511
0.042526 0.839369 0.118105
9.9991E-05 0.838325 0.161575
0.77704 0.22286 9.9991E-05
0.789121 0.195401 0.0154774
0.894238 0.105662 9.9991E-05
0.90636 0.0935403 9.9991E-05
0.820366 0.179534 9.9991E-05
0.0797733 0.832291 0.0879358
0.111701 0.827355 0.0609437
9.9991E-05 0.880527 0.119373
0.0130013 0.823609 0.16339
0.0373789 0.817642 0.144979
0.329681 0.0544858 0.615833
0.232218 0.686941 0.0808413
0.202207 0.62097 0.176824
0.357166 0.361869 0.280965
0.416289 0.387639 0.196072
0.407326 0.359143 0.233531
0.489981 0.179989 0.33003
0.363744 0.341361 0.294895
0.377893 0.391572 0.230536
0.306451 0.496149 0.1974
0.545487 0.290783 0.16373
0.405228 0.278183 0.316589
0.339017 0.249891 0.411092
0.894316 0.105584 9.9991E-05
0.220889 0.779011 9.9991E-05
0.200825 0.799075 9.9991E-05
0.194384 0.805516 9.9991E-05
0.268041 0.713061 0.0188982
0.190509 0.809391 9.9991E-05
0.212916 0.786984 9.9991E-05
0.392576 0.607324 9.9991E-05
0.939767 0.0213633 0.0388693
0.867191 0.0963378 0.0364713
0.908758 0.00931789 0.081924
0.847626 0.111643 0.0407316
0.967744 9.9991E-05 0.0321557
0.963879 0.0178981 0.0182225
0.892169 0.0171068 0.0907243
0.886045 0.0356345 0.0783208
0.9998 9.999E-05 9.999E-05
0.894662 0.0147438 0.0905946
0.986956 9.9991E-05 0.0129438
0.95826 9.9991E-05 0.0416404
0.868669 9.9991E-05 0.131231
0.81505 9.9991E-05 0.18485
0.751819 9.9991E-05 0.248081
0.807698 9.9991E-05 0.192202
0.833017 9.9991E-05 0.166883
0.154927 0.647011 0.198061
0.121483 0.732613 0.145904
0.212777 0.667091 0.120132
0.0405615 0.863786 0.0956523
0.0894557 0.871625 0.0389191
0.169575 0.764009 0.0664157
0.102975 0.639931 0.257095
0.479168 0.310601 0.210231
0.462681 0.272693 0.264626
0.404103 0.272053 0.323844
0.469885 0.230443 0.299672
