0.00393432 9.9982E-05 0.868046 9.9982E-05 0.0671665 0.0606534
9.9982E-05 0.0180973 0.911441 0.0662438 0.00401745 9.9982E-05
0.0889216 9.9991E-05 0.789473 0.0485558 0.0310222 0.0419275
0.00331876 9.9982E-05 0.788218 9.9982E-05 0.111213 0.0970506
0.02602 9.9991E-05 0.862527 0.00456755 0.0423638 0.0644216
0.068354 0.0636205 0.652174 0.0763175 0.0705234 0.069011
9.9973E-05 0.104155 0.828795 9.9973E-05 0.0667506 9.9973E-05
9.9982E-05 0.145706 0.663804 9.9982E-05 0.15223 0.0380607
9.9982E-05 0.0275296 0.7924 0.0209401 0.158931 9.9982E-05
0.0778989 0.109784 0.64642 9.9991E-05 0.0465103 0.119287
0.0820783 0.084439 0.712517 9.9982E-05 0.120766 9.9982E-05
0.345641 9.9991E-05 0.0198976 0.103232 0.485583 0.0455467
0.594468 0.0250259 0.109465 0.0327721 0.238169 9.9991E-05
0.314542 0.135819 0.0107585 0.00983712 0.423616 0.105427
0.371977 0.0289106 0.00697184 0.036726 0.396268 0.159147
0.348635 0.0385805 0.178481 0.179077 0.104266 0.15096
0.350285 0.156171 9.9991E-05 0.200199 0.188912 0.104333
0.476035 9.9991E-05 0.135526 0.0479743 0.313365 0.0269997
0.119478 0.120588 0.0158911 0.0878616 0.600875 0.0553062
0.43827 0.0926439 0.00370723 0.157341 0.251236 0.056802
0.497331 0.16703 0.0470132 0.0873159 0.165596 0.0357142
0.546198 0.00791392 0.0401408 0.172397 0.155101 0.0782497
0.357331 0.099342 0.0272705 0.101035 0.316467 0.0985543
0.45404 0.108499 0.0272352 0.0874986 0.17039 0.152337
0.26949 0.0560567 0.0245557 0.10553 0.463162 0.0812059
0.260191 0.0568682 0.058297 0.0273924 0.412394 0.184858
0.300708 0.117219 0.00832549 0.084177 0.466126 0.0234456
0.130965 9.9973E-05 0.818292 9.9973E-05 9.9973E-05 0.050443
0.189311 9.9973E-05 0.789305 9.9973E-05 9.9973E-05 0.021084
0.189155 0.0114044 0.786896 0.0111198 9.9991E-05 0.00132412
0.0867663 9.9982E-05 0.706999 0.0761502 9.9982E-05 0.129885
0.515393 0.0804596 0.0309959 0.213144 0.159907 9.9991E-05
0.443718 0.00050365 0.0774074 0.412511 9.9991E-05 0.0657601
0.2576 0.0376455 0.095112 0.0780827 0.53146 9.9991E-05
0.21492 0.118695 9.9982E-05 0.590726 9.9982E-05 0.075459
0.653226 0.0218049 0.0926601 0.232109 9.9982E-05 9.9982E-05
0.630623 0.165799 0.0735135 0.091374 0.0385901 9.9991E-05
0.640154 0.0321648 0.0811192 0.109371 0.10329 0.0339006
0.1114 9.9982E-05 0.0585643 0.746636 0.0831996 9.9982E-05
0.6259 0.0791636 0.0523918 0.0900975 0.0834843 0.0689633
0.29215 0.0675789 9.9973E-05 0.639971 9.9973E-05 9.9973E-05
9.9973E-05 0.401337 0.0274701 0.570893 9.9973E-05 9.9973E-05
0.197441 0.147196 9.9982E-05 0.230009 0.425154 9.9982E-05
0.143959 0.441295 9.9991E-05 0.219521 0.158889 0.0362364
0.186475 0.158886 0.0960685 0.207849 0.350621 9.9991E-05
0.655111 0.112834 0.0207397 0.0224108 0.188804 9.9991E-05
0.409489 0.0817135 0.119011 0.177292 0.212394 9.9991E-05
0.143507 0.236933 0.210933 0.102701 0.279601 0.0263251
0.391439 0.048331 0.0636506 0.214924 0.206389 0.075266
0.100846 0.166805 0.0446423 0.143264 0.544343 9.9991E-05
0.556876 0.0731537 0.00322911 0.0695059 0.237212 0.0600235
0.692875 0.157445 9.9982E-05 9.9982E-05 0.0907548 0.0587254
0.319438 0.131505 0.0627846 0.148159 0.258926 0.079187
0.469554 0.132059 9.9991E-05 0.143087 0.196446 0.0587529
0.34044 0.184575 0.0394566 0.105118 0.33031 9.9991E-05
0.507205 9.9973E-05 9.9973E-05 0.375092 0.117403 9.9973E-05
0.184068 9.9991E-05 0.0383914 0.626533 0.14489 0.00601799
9.9973E-05 0.124317 0.0381625 0.837221 9.9973E-05 9.9973E-05
9.9973E-05 0.121531 9.9973E-05 0.856069 0.0221004 9.9973E-05
0.156347 9.9982E-05 9.9982E-05 0.801488 0.00232288 0.0396423
0.328735 9.9991E-05 0.0440186 0.56934 0.00376042 0.0540461
0.432928 9.9991E-05 0.0443791 0.431312 0.0383044 0.0529771
0.0461932 9.9991E-05 0.0217853 0.715937 0.140533 0.0754513
0.150581 9.9991E-05 0.02363 0.59009 0.197433 0.0381655
0.324867 9.9991E-05 0.0572711 0.565539 0.0434118 0.00881096
0.372077 9.9991E-05 0.0910561 0.414448 0.0632833 0.0590348
0.316333 0.0160309 0.0279355 0.621925 9.9991E-05 0.0176755
9.9973E-05 0.312544 9.9973E-05 0.680522 9.9973E-05 0.00663422
0.0592134 9.9991E-05 0.804774 0.042285 0.0562705 0.0373567
0.080831 9.9964E-05 0.918769 9.9964E-05 9.9964E-05 9.9964E-05
0.0448107 9.9982E-05 0.876268 0.025179 9.9982E-05 0.053542
0.0652652 0.00372596 0.912527 9.9982E-05 9.9982E-05 0.0182823
0.0106621 9.9982E-05 0.868775 0.0512049 9.9982E-05 0.0691578
0.0127851 9.9982E-05 0.904018 0.0595241 9.9982E-05 0.023473
0.0503243 9.9982E-05 0.937968 0.00661221 9.9982E-05 0.00489523
0.0215596 9.9982E-05 0.0303162 0.835786 0.112138 9.9982E-05
0.385208 9.9982E-05 0.0963247 0.391251 0.127017 9.9982E-05
0.571909 0.00616002 0.103291 0.25941 9.9991E-05 0.0591296
0.607774 0.0299769 0.0498244 0.288415 0.0239095 9.9991E-05
0.421538 9.9973E-05 9.9973E-05 0.509334 9.9973E-05 0.0688274
9.9973E-05 9.9973E-05 0.0721258 0.775095 0.15248 9.9973E-05
0.27033 0.148189 0.0337568 0.518459 9.9991E-05 0.0291653
0.481768 0.0252992 0.0696088 0.416702 9.9991E-05 0.00652211
0.432413 9.9991E-05 0.0791708 0.454515 0.0320581 0.00174295
0.299113 9.9982E-05 9.9982E-05 0.596293 0.0179176 0.0864766
0.354785 9.9982E-05 0.0768057 0.402747 0.165462 9.9982E-05
0.22023 0.217979 0.0580364 0.206041 0.2373 0.060413
0.446703 0.0629605 0.0968091 0.0117739 0.3152 0.0665528
0.517101 0.0884003 0.0411286 9.9982E-05 0.35317 9.9982E-05
0.681773 0.0046432 0.0379568 9.9991E-05 0.264813 0.0107136
0.55719 9.9982E-05 0.0439324 0.0901248 0.308553 9.9982E-05
0.556322 0.0889426 0.0143776 0.141404 0.198853 9.9991E-05
0.615918 0.00306724 9.9982E-05 0.0812598 0.299555 9.9982E-05
0.488278 0.048824 9.9991E-05 0.0711744 0.268379 0.123244
0.620547 0.126867 9.9991E-05 0.0395856 0.184731 0.0281703
0.360203 0.27277 0.0731462 9.9991E-05 0.258386 0.0353952
0.658887 0.0754184 9.9982E-05 9.9982E-05 0.186824 0.0786708
0.692745 0.0830148 0.0539885 9.9982E-05 0.170052 9.9982E-05
0.257499 0.0778659 0.0206435 0.19139 0.382044 0.0705575
0.263446 0.357994 9.9991E-05 0.091682 0.277701 0.00907763
0.162312 0.362421 9.9991E-05 0.168793 0.286928 0.0194456
0.407865 0.0496267 0.0823622 0.0370408 0.423005 9.9991E-05
0.526739 0.0188094 9.9982E-05 0.154564 0.299688 9.9982E-05
0.357777 9.9982E-05 0.0478296 0.136537 0.457656 9.9982E-05
0.375196 0.0553526 9.9982E-05 0.137907 0.431344 9.9982E-05
0.663294 0.0763667 0.0348903 0.058355 0.0551462 0.111948
0.273176 0.242651 9.9991E-05 0.128511 0.331298 0.0242646
0.575087 0.213004 0.0995167 0.0560739 0.0562185 9.9991E-05
0.0554307 0.472657 0.12523 0.113318 0.233264 9.9991E-05
0.38666 0.281206 0.0843322 0.137264 0.0689091 0.0416295
0.527243 0.210868 0.0753351 0.0704378 0.0224608 0.0936554
0.276968 0.390067 0.0846004 0.136509 0.0855155 0.0263397
0.289855 0.491314 0.0547428 9.9982E-05 0.163888 9.9982E-05
0.467344 0.250509 0.062382 0.124135 0.09553 9.9991E-05
0.102052 0.387927 0.071489 0.219135 0.106783 0.112615
0.394265 0.351832 9.9982E-05 0.166422 0.087282 9.9982E-05
0.413964 0.206157 9.9991E-05 0.244993 0.0904339 0.0443515
0.127027 0.268938 0.267584 9.9991E-05 0.0417357 0.294615
9.9973E-05 0.346634 0.500791 9.9973E-05 9.9973E-05 0.152275
9.9973E-05 0.476149 0.378037 9.9973E-05 9.9973E-05 0.145514
0.0784583 0.225457 0.347492 9.9982E-05 9.9982E-05 0.348393
0.689918 0.239192 9.9973E-05 0.0705892 9.9973E-05 9.9973E-05
0.282786 9.9973E-05 9.9973E-05 0.034717 9.9973E-05 0.682197
0.382522 0.537489 9.9982E-05 0.0509121 0.0288762 9.9982E-05
0.289896 0.592009 9.9982E-05 0.111208 0.00668633 9.9982E-05
0.608904 0.163625 9.9982E-05 0.176797 9.9982E-05 0.0504738
0.536652 0.252369 0.0182124 0.0791676 0.10011 0.013489
0.617282 0.260322 9.9991E-05 0.0204868 0.0533802 0.0484292
0.280778 0.566322 9.9982E-05 0.0900201 0.0626793 9.9982E-05
9.9973E-05 0.0262383 9.9973E-05 0.00471904 9.9973E-05 0.968743
0.120338 9.9973E-05 9.9973E-05 9.9973E-05 0.0201278 0.859234
0.202235 9.9973E-05 9.9973E-05 0.0938847 9.9973E-05 0.70358
0.106956 9.9991E-05 0.0149755 0.0869899 0.0111906 0.779788
9.9964E-05 9.9964E-05 9.9964E-05 9.9964E-05 0.00468092 0.994919
9.9973E-05 9.9973E-05 0.0108547 9.9973E-05 0.0583352 0.93051
0.175145 9.9973E-05 9.9973E-05 0.00140829 9.9973E-05 0.823147
0.0652192 9.9973E-05 9.9973E-05 9.9973E-05 0.0229379 0.911543
9.996E-05 9.996E-05 9.996E-05 9.996E-05 9.996E-05 0.9995
9.996E-05 9.996E-05 9.996E-05 9.996E-05 9.996E-05 0.9995
0.101955 9.9991E-05 0.0398729 0.0106439 0.0510359 0.796393
0.10313 9.9982E-05 0.0429785 9.9982E-05 0.0631742 0.790518
0.00256645 9.9982E-05 9.9982E-05 0.0384142 0.0208733 0.937946
0.119689 0.00431398 0.0371478 0.0644074 9.9991E-05 0.774342
0.0385198 0.0262264 9.9982E-05 9.9982E-05 0.0336323 0.901421
0.0215571 9.9964E-05 9.9964E-05 9.9964E-05 9.9964E-05 0.978043
0.0909414 9.9973E-05 0.0312046 9.9973E-05 9.9973E-05 0.877554
9.9964E-05 9.9964E-05 9.9964E-05 0.0148808 9.9964E-05 0.984719
0.201962 9.9991E-05 0.0680057 0.042016 0.038077 0.649839
9.9973E-05 9.9973E-05 0.00997867 0.0912747 9.9973E-05 0.898447
9.9973E-05 0.639645 0.289835 9.9973E-05 9.9973E-05 0.0702193
0.45565 0.110695 0.212426 0.0655218 0.0611894 0.0945171
0.486915 0.157647 0.208579 0.0573308 0.0532133 0.036315
0.198535 0.439075 0.203718 9.9991E-05 0.0381904 0.120382
0.124483 0.325741 0.236554 0.149945 0.000160479 0.163117
0.39507 0.353483 0.0754587 9.9982E-05 9.9982E-05 0.175788
0.486338 0.200349 0.1558 9.99937E-05 0.0173032 0.14011
0.433931 0.277968 0.164163 9.9982E-05 9.9982E-05 0.123739
0.0351171 0.052548 0.813402 0.0114707 0.0873619 9.9991E-05
9.9964E-05 9.9964E-05 0.937013 9.9964E-05 9.9964E-05 0.0625867
9.9973E-05 0.00372184 0.942219 9.9973E-05 0.0537595 9.9973E-05
0.0077345 0.0194515 0.94147 9.9982E-05 0.0311441 9.9982E-05
0.0691485 9.9982E-05 0.904438 9.9982E-05 0.0237227 0.00249048
9.9973E-05 0.00315288 0.909651 9.9973E-05 9.9973E-05 0.0868961
9.9973E-05 9.9973E-05 0.888224 9.9973E-05 0.0234866 0.0879893
0.00798796 0.102124 0.885968 9.9982E-05 0.00372018 9.9982E-05
0.00299486 9.9982E-05 0.873481 0.0929385 9.9982E-05 0.030386
0.00799812 0.0481198 0.861355 9.9982E-05 9.9982E-05 0.0823275
9.9973E-05 9.9973E-05 0.613331 0.104007 0.282362 9.9973E-05
9.9973E-05 9.9973E-05 0.599254 0.0673751 0.333071 9.9973E-05
9.9982E-05 0.0719516 0.545348 0.157803 0.224697 9.9982E-05
9.9982E-05 0.0400718 0.454258 0.0918125 0.413657 9.9982E-05
0.422609 9.9991E-05 0.0320825 0.301683 0.147769 0.0957554
0.51814 9.9991E-05 0.0122454 0.229383 0.214126 0.0260068
0.398283 0.0696301 0.0718163 0.225852 0.234319 9.9991E-05
0.201315 9.9973E-05 9.9973E-05 0.176801 0.621584 9.9973E-05
0.600012 9.9991E-05 0.0769848 0.2303 0.0745191 0.0180837
0.550177 9.9982E-05 9.9982E-05 0.339038 0.0831049 0.0274798
0.530152 0.00831631 9.9991E-05 0.344484 0.0498404 0.0671077
0.278736 0.028111 9.9991E-05 0.595051 0.0152126 0.0827891
0.408901 9.9991E-05 0.0237623 0.456626 0.108288 0.00232309
9.9964E-05 0.185154 9.9964E-05 0.814446 9.9964E-05 9.9964E-05
0.17255 0.198287 0.0199176 0.574004 9.9991E-05 0.0351413
0.402915 0.10329 0.0010359 0.428784 9.9991E-05 0.0638745
0.155 9.9982E-05 0.0269757 0.616248 0.201576 9.9982E-05
0.0219701 0.037978 0.115036 9.9982E-05 0.824816 9.9982E-05
0.0545574 0.0244906 0.0768708 9.9991E-05 0.806499 0.0374825
9.9964E-05 9.9964E-05 0.0066365 9.9964E-05 0.992964 9.9964E-05
9.9964E-05 9.9964E-05 0.122414 9.9964E-05 0.877186 9.9964E-05
9.9964E-05 9.9964E-05 9.9964E-05 9.9964E-05 0.932674 0.0669258
0.0254104 9.9982E-05 0.0243706 9.9982E-05 0.837158 0.112861
0.121195 9.9964E-05 0.878405 9.9964E-05 9.9964E-05 9.9964E-05
0.0874695 9.9973E-05 0.800742 9.9973E-05 0.111488 9.9973E-05
0.0875189 0.0140421 0.720278 9.9991E-05 0.0140577 0.164003
0.11242 9.9982E-05 0.777014 9.9982E-05 0.0482773 0.0620891
0.175132 9.9982E-05 0.760323 9.9982E-05 0.0249036 0.0394417
9.9982E-05 0.035768 0.366139 0.0261313 0.571762 9.9982E-05
9.9982E-05 0.133818 0.430774 0.0605514 0.374657 9.9982E-05
9.9982E-05 0.00918528 0.437807 0.0168639 0.535944 9.9982E-05
0.146485 9.9973E-05 0.781451 9.9973E-05 9.9973E-05 0.0717634
9.9991E-05 0.0269722 0.342431 0.101087 0.49231 0.0371
0.297945 0.172577 0.173624 9.9982E-05 9.9982E-05 0.355653
0.551695 9.9973E-05 0.159815 9.9973E-05 9.9973E-05 0.28819
0.346031 0.174208 0.235177 9.9982E-05 9.9982E-05 0.244383
9.9973E-05 0.309387 0.365559 9.9973E-05 9.9973E-05 0.324754
0.548344 0.099601 9.9991E-05 0.142428 0.206002 0.00352438
0.429968 0.26047 9.9982E-05 0.118848 0.190514 9.9982E-05
0.376219 0.0521615 0.0658196 0.0308646 0.474835 9.9991E-05
0.511022 0.138534 9.9991E-05 0.216757 0.0989048 0.0346818
9.9973E-05 0.559767 9.9973E-05 0.253668 0.186265 9.9973E-05
0.605223 0.115713 0.00714645 0.00663765 0.26518 9.9991E-05
0.377912 0.10041 0.0421475 0.131279 0.348151 9.9991E-05
0.206411 0.376018 9.9982E-05 0.156139 0.261232 9.9982E-05
0.412434 0.198305 9.9991E-05 0.0366883 0.189231 0.163241
0.454658 0.0433404 9.9991E-05 0.112262 0.31488 0.0747597
0.424337 0.0935814 0.147069 0.101386 0.113005 0.120622
0.408752 0.201288 9.9991E-05 0.0582067 0.295071 0.0365821
0.465876 0.132595 9.9991E-05 0.190635 0.192602 0.0181921
0.440594 0.144714 9.9991E-05 0.197765 0.104028 0.112798
0.479367 0.0324337 0.0192885 0.20421 0.210082 0.0546182
0.559499 0.0602639 9.9991E-05 0.0842071 0.180816 0.115114
0.195393 9.9973E-05 0.774965 9.9973E-05 9.9973E-05 0.0293426
0.0992431 9.9973E-05 0.861497 0.03896 9.9973E-05 9.9973E-05
0.0205294 0.0155362 0.822388 0.108313 0.0331337 9.9991E-05
0.0551519 9.9991E-05 0.791089 0.131307 0.0168385 0.00551411
0.159668 9.9964E-05 0.839932 9.9964E-05 9.9964E-05 9.9964E-05
0.303826 0.0920161 9.9982E-05 0.0857046 0.518253 9.9982E-05
0.646979 0.0266071 0.007833 0.0554283 0.158255 0.104898
0.588925 9.9982E-05 0.0650032 0.0529565 0.292916 9.9982E-05
0.270454 0.265548 9.9991E-05 0.0332007 0.373297 0.0574004
0.0470676 0.157639 0.169354 0.0473782 0.578461 9.9991E-05
0.583451 0.0497713 9.9991E-05 0.061301 0.292245 0.0131322
0.199696 0.0939301 0.050689 0.145952 0.486921 0.0228119
0.418171 0.17587 0.0930637 0.173578 0.107904 0.0314127
0.188504 0.119062 0.102195 0.0927712 0.489669 0.00779898
0.303802 0.0783453 0.0424896 0.0670907 0.508172 9.9991E-05
0.439068 0.178112 9.9982E-05 9.9982E-05 0.349723 0.0328975
0.403071 0.443559 9.9982E-05 9.9982E-05 0.135179 0.0179907
0.51552 0.206905 0.108891 0.168484 9.9982E-05 9.9982E-05
0.430142 0.470771 9.9982E-05 0.0800792 0.0188077 9.9982E-05
0.590401 0.179771 0.1024 0.0879293 0.0393994 9.9991E-05
0.123848 0.6304 9.9982E-05 0.149525 0.0960263 9.9982E-05
0.334843 0.606906 9.9982E-05 0.0398835 0.0181673 9.9982E-05
0.561739 0.30762 0.026185 9.9982E-05 0.104256 9.9982E-05
0.213518 0.556996 9.9982E-05 0.159665 0.069621 9.9982E-05
0.5629 0.225326 9.9982E-05 0.0573052 0.154269 9.9982E-05
0.123451 0.0714348 0.0131311 0.15572 0.60531 0.0309522
0.262125 0.18636 9.9991E-05 0.199477 0.342204 0.00973458
0.305757 0.0563484 9.9991E-05 0.0964192 0.427787 0.113589
0.74747 0.0181135 0.0824211 0.0214649 0.13043 9.9991E-05
0.224173 0.0610797 9.9991E-05 0.226591 0.479882 0.00817332
0.449348 9.9991E-05 0.0654289 0.176685 0.208266 0.100173
0.487152 0.02659 0.0697491 0.132436 0.226608 0.0574645
0.169944 9.9982E-05 9.9982E-05 0.185375 0.501479 0.143003
0.273667 9.9991E-05 0.00377636 0.198445 0.427647 0.0963647
0.577247 0.134025 9.9991E-05 0.0848079 0.146058 0.0577625
0.361823 0.152761 0.00348183 0.129259 0.286239 0.0664367
0.550375 0.0713356 9.9991E-05 0.0806791 0.24843 0.0490798
0.379705 0.093489 0.117936 9.9991E-05 0.355033 0.0537375
0.477669 9.9991E-05 0.0949221 0.0508916 0.254878 0.12154
0.528066 0.0445654 0.349531 9.9982E-05 9.9982E-05 0.0776385
0.430588 0.04784 0.129332 0.118327 9.9991E-05 0.273813
0.622045 0.0885622 0.0571021 0.00623219 0.0977128 0.128346
0.519596 0.021385 0.17676 0.065858 9.9991E-05 0.216302
0.472009 0.253007 9.9991E-05 0.0766481 0.167108 0.0311273
0.134185 0.506198 0.182194 0.0656559 9.9991E-05 0.111667
0.616669 0.0390247 0.127599 9.9991E-05 0.103832 0.112775
0.473725 0.0524306 0.0382891 0.0319535 0.0879246 0.315677
0.261375 0.238952 0.163808 0.056863 0.109032 0.16997
0.573218 0.0440147 0.161492 0.0498895 0.0120033 0.159383
9.9973E-05 0.38569 0.413744 9.9973E-05 9.9973E-05 0.200266
0.594463 0.0618919 0.148267 9.9982E-05 9.9982E-05 0.195178
0.461188 9.9991E-05 0.164583 0.166241 0.0356759 0.172213
0.514173 0.141565 0.0374691 0.218291 0.0454452 0.0430562
0.0504247 0.516202 9.9982E-05 0.358565 0.0746084 9.9982E-05
0.149631 0.471945 9.9982E-05 0.281827 0.0963965 9.9982E-05
0.473195 0.148289 0.129192 9.9991E-05 0.00875638 0.240468
0.32813 0.204775 0.0255496 0.0346045 9.9991E-05 0.406841
0.19719 0.277598 0.181198 0.0743177 9.9991E-05 0.269597
0.379141 0.131594 0.20265 0.00407543 0.0107543 0.271785
0.231863 0.64387 0.0160308 0.0492979 9.9991E-05 0.0588383
0.263831 0.457043 0.0754321 0.0810679 0.0371461 0.0854807
0.715488 0.115275 9.9982E-05 0.0915663 9.9982E-05 0.0774708
0.585227 0.149586 0.0622016 0.0778878 9.9991E-05 0.124997
0.410072 0.385028 0.0570585 0.103218 0.0059212 0.0387022
0.60953 0.0824128 0.0557753 0.149747 9.9991E-05 0.102434
0.582957 0.182793 0.00701553 0.130116 9.9991E-05 0.097018
0.495168 0.203013 0.00766966 0.191661 0.102389 9.9991E-05
0.482432 0.226368 0.0151349 0.154511 0.121454 9.9991E-05
0.44079 0.236796 0.0768574 0.0735798 0.143343 0.0286336
0.561756 0.256648 0.0355856 0.10205 0.0438598 9.9991E-05
0.347185 0.340028 9.9982E-05 0.162082 0.150504 9.9982E-05
0.554045 0.147524 0.01887 0.230114 9.9991E-05 0.0493457
0.342167 0.340001 9.9982E-05 0.193337 0.124296 9.9982E-05
0.532115 0.259874 0.031647 0.169604 0.0066608 9.9991E-05
0.40832 0.190331 0.165392 0.0254416 9.9991E-05 0.210415
0.412098 0.11266 0.171548 9.9991E-05 0.0971279 0.206466
0.112447 0.457365 0.175797 0.0735611 0.0935137 0.0873162
0.684696 0.14614 0.059018 9.9982E-05 9.9982E-05 0.109946
9.9973E-05 0.496568 0.340782 9.9973E-05 9.9973E-05 0.16235
0.544859 0.0981578 0.0605215 0.0787428 9.9991E-05 0.217619
0.0798082 0.509334 9.9973E-05 0.410558 9.9973E-05 9.9973E-05
0.0517603 0.538329 9.9982E-05 0.356107 0.0536042 9.9982E-05
0.65153 0.225037 9.9982E-05 0.0732037 0.0500302 9.9982E-05
0.64208 0.0754045 0.00562515 0.189391 0.00877234 0.0787271
0.436189 0.321205 9.9982E-05 0.193539 0.0488663 9.9982E-05
0.591011 0.0809637 0.0146754 0.294013 0.0192365 9.9991E-05
0.622305 0.212364 9.9982E-05 0.158443 9.9982E-05 0.00668845
0.119745 0.0259687 0.813315 0.0157227 0.0140468 0.0112019
9.9991E-05 0.075283 0.706594 0.00334968 0.0948659 0.119808
9.9973E-05 9.9973E-05 0.857183 9.9973E-05 0.0532249 0.0892921
0.0673663 9.9964E-05 0.932234 9.9964E-05 9.9964E-05 9.9964E-05
0.43742 0.0500742 0.104955 0.395582 0.00660398 0.00536503
0.524239 9.9973E-05 9.9973E-05 0.435311 0.0401502 9.9973E-05
0.244597 9.9982E-05 0.0395545 0.558064 0.157584 9.9982E-05
0.516206 0.0209134 9.9982E-05 0.338782 9.9982E-05 0.123899
0.32704 0.179284 9.9973E-05 0.493376 9.9973E-05 9.9973E-05
0.46654 9.9991E-05 0.277862 0.0554784 0.00591468 0.194105
0.469596 0.142453 9.9991E-05 0.359651 0.0207427 0.00745798
0.436111 9.9973E-05 9.9973E-05 0.486059 0.0775303 9.9973E-05
0.442578 9.9982E-05 9.9982E-05 0.401323 0.112929 0.0429691
0.388683 9.9982E-05 0.00657477 0.50361 0.100932 9.9982E-05
0.571049 9.9982E-05 0.00195676 0.388479 9.9982E-05 0.0383155
0.0151902 0.0326578 9.9973E-05 0.951852 9.9973E-05 9.9973E-05
0.300177 0.0649381 0.0135617 0.587592 0.0336317 9.9991E-05
0.361166 0.0198798 9.9982E-05 0.548789 0.0699653 9.9982E-05
9.9964E-05 0.227858 9.9964E-05 0.771742 9.9964E-05 9.9964E-05
0.43286 0.000205845 0.0776398 0.416771 0.0724231 9.9991E-05
0.0352174 0.363883 9.9982E-05 0.58625 9.9982E-05 0.0144501
9.9964E-05 0.292122 9.9964E-05 0.707479 9.9964E-05 9.9964E-05
0.575158 0.0455138 0.078983 0.300146 9.9982E-05 9.9982E-05
0.235325 9.9982E-05 0.0459308 0.591922 0.126622 9.9982E-05
0.347006 9.9991E-05 0.0351975 0.408405 0.107699 0.101593
0.550654 9.9973E-05 9.9973E-05 0.389542 0.059504 9.9973E-05
0.340932 0.237152 9.9991E-05 0.0921096 0.259462 0.0702444
0.408503 0.00940132 9.9991E-05 0.488226 0.0110248 0.0827454
0.305672 9.9991E-05 0.0172862 0.424893 0.115759 0.13629
0.353374 0.0381226 9.9973E-05 0.608204 9.9973E-05 9.9973E-05
9.9982E-05 0.0171464 0.702193 0.0402993 0.240161 9.9982E-05
0.00711765 0.0259791 0.764221 0.142639 0.0599432 9.9991E-05
9.9973E-05 0.0721963 0.808359 9.9973E-05 0.119145 9.9973E-05
9.9964E-05 9.9964E-05 0.849179 9.9964E-05 0.150421 9.9964E-05
0.0618316 0.0116557 0.701584 0.0146308 0.210198 9.9991E-05
0.0629494 9.9991E-05 0.0706409 0.711 0.126889 0.0284202
0.136546 9.9982E-05 0.1073 0.63946 0.116494 9.9982E-05
0.166673 0.0675096 9.9973E-05 0.765517 9.9973E-05 9.9973E-05
0.234078 0.0796754 0.0901573 0.573004 9.9991E-05 0.0229846
0.528351 0.0343791 9.9991E-05 0.332163 0.00202137 0.102986
0.37691 9.9982E-05 0.053432 0.556584 9.9982E-05 0.0128742
0.649683 9.9982E-05 0.0400331 0.267513 0.0425714 9.9982E-05
0.220443 0.0403728 9.9991E-05 0.617051 0.117439 0.00459434
0.37308 9.9982E-05 0.0757098 0.493145 0.0578656 9.9982E-05
0.324149 9.9973E-05 9.9973E-05 0.47165 0.203901 9.9973E-05
0.659604 0.22257 0.0919338 9.9982E-05 0.0256926 9.9982E-05
0.43336 9.9973E-05 0.0410157 0.525324 9.9973E-05 9.9973E-05
0.409414 0.00780675 0.0453959 0.403203 0.0560439 0.0781372
0.406033 0.0889799 0.0663483 9.9982E-05 9.9982E-05 0.438439
0.342125 0.0608702 0.192592 9.9982E-05 9.9982E-05 0.404213
0.469956 0.168292 0.0678543 0.256864 9.9991E-05 0.0369335
0.0786387 0.0553859 0.273981 9.9991E-05 0.00159584 0.590299
0.34799 9.9973E-05 0.258131 9.9973E-05 9.9973E-05 0.393579
0.440601 0.199761 0.15596 0.0477768 9.9991E-05 0.155801
0.625714 0.29131 0.0826762 9.9973E-05 9.9973E-05 9.9973E-05
0.549826 0.262047 0.116357 9.9982E-05 0.0715695 9.9982E-05
0.34238 0.0185111 0.210299 9.9982E-05 9.9982E-05 0.42861
0.373678 9.9982E-05 0.120116 9.9982E-05 0.0254385 0.480568
0.232161 0.0132102 0.107326 0.0596856 0.0607258 0.526892
0.289649 0.0557167 0.0809399 9.9982E-05 9.9982E-05 0.573494
0.55162 0.3019 0.0813992 0.0267229 0.0228794 0.0154785
0.268808 0.0529595 0.0827544 9.9982E-05 9.9982E-05 0.595278
0.316807 0.314878 0.0777374 9.9982E-05 0.290377 9.9982E-05
0.727553 0.191009 0.0184075 9.9991E-05 0.0101941 0.052737
0.617656 0.198927 0.161368 9.9991E-05 0.00601595 0.0159323
0.585981 0.160229 0.163278 0.0336416 0.0567706 9.9991E-05
0.313041 0.0829616 0.235929 0.12812 9.9991E-05 0.239847
0.434344 0.0729443 0.205488 0.018251 0.00926097 0.259711
0.213472 0.00168441 0.250177 9.9982E-05 9.9982E-05 0.534467
0.614492 0.200707 0.107453 0.0579581 0.0192909 9.9991E-05
0.250437 0.635232 0.0876726 9.9982E-05 9.9982E-05 0.0264586
0.324677 0.133175 0.0707988 0.228257 0.186867 0.0562257
0.458425 0.147332 0.190465 0.0414963 9.9991E-05 0.162181
9.9973E-05 0.574733 0.230409 9.9973E-05 9.9973E-05 0.194558
9.9973E-05 0.658478 0.233792 9.9973E-05 9.9973E-05 0.10743
0.303345 0.349461 0.0866721 9.9991E-05 0.0698647 0.190558
0.0641142 0.419049 0.311042 0.0081833 9.9991E-05 0.197511
9.9973E-05 0.407801 0.361809 9.9973E-05 9.9973E-05 0.23009
0.407966 0.232097 0.163583 0.0873493 0.0103716 0.0986326
0.43989 0.174395 0.222776 0.0303407 0.0140991 0.118499
0.144699 0.2813 0.256049 0.0834933 9.9991E-05 0.234359
0.178567 0.420643 0.274953 9.9982E-05 9.9982E-05 0.125637
0.297935 0.198799 0.119144 0.152306 0.0375761 0.194239
0.210458 0.401996 0.214356 0.0512152 9.9991E-05 0.121874
9.9973E-05 0.520635 0.39992 9.9973E-05 9.9973E-05 0.0791452
0.306373 0.320568 0.11033 0.0239667 0.014761 0.224002
0.349519 9.9991E-05 0.336381 0.0825211 0.0478396 0.183639
0.632111 9.9973E-05 0.143772 9.9973E-05 9.9973E-05 0.223818
0.432767 0.00817761 0.246946 0.0694012 0.0107227 0.231986
0.410668 0.012219 0.375958 9.9991E-05 0.0197101 0.181345
0.551919 0.0985384 0.186656 9.9991E-05 0.0067198 0.156068
0.357023 9.9991E-05 0.2811 0.159009 0.0010666 0.201701
0.339315 0.1345 0.247299 0.0295039 0.0346906 0.214691
0.174493 0.0751696 0.192886 0.260982 0.132802 0.163668
0.332616 0.0549205 0.288658 9.9991E-05 0.0603325 0.263374
0.0954231 0.245483 0.330001 0.0387538 9.9991E-05 0.29024
0.184736 0.161396 0.216903 0.0626749 9.9991E-05 0.37419
9.9973E-05 9.9973E-05 0.80277 0.0288441 0.168086 9.9973E-05
0.0912299 0.0491946 0.0438949 9.9991E-05 0.793272 0.0223089
9.9964E-05 9.9964E-05 0.0208202 9.9964E-05 0.97878 9.9964E-05
9.9964E-05 9.9964E-05 0.0173549 9.9964E-05 0.982245 9.9964E-05
9.9964E-05 9.9964E-05 9.9964E-05 9.9964E-05 0.963464 0.0361365
9.9982E-05 0.0171537 0.0169162 9.9982E-05 0.914924 0.0508064
0.112883 9.9964E-05 9.9964E-05 9.9964E-05 0.886717 9.9964E-05
9.9973E-05 9.9973E-05 0.0408983 0.0357385 0.923063 9.9973E-05
9.9973E-05 9.9973E-05 0.174016 9.9973E-05 0.785553 0.0401314
0.060595 0.0364143 0.889579 9.9982E-05 9.9982E-05 0.013212
0.0707128 9.9982E-05 0.812279 0.0136044 0.103204 9.9982E-05
9.9991E-05 0.0172199 0.86978 0.0445493 0.00707244 0.0612785
0.0528677 0.0165024 0.804944 9.9982E-05 0.125486 9.9982E-05
0.000966465 9.9991E-05 0.887694 0.0275603 0.0399097 0.04377
9.9982E-05 0.0545234 0.848295 9.9982E-05 0.0833406 0.0136415
9.9982E-05 0.101484 0.679006 0.0650524 9.9982E-05 0.154257
0.0505841 0.0154423 0.83777 9.9991E-05 0.0283097 0.0677938
0.0490542 0.0368491 0.711808 0.0678138 0.0779601 0.0565152
9.9973E-05 9.9973E-05 0.897239 0.0418892 9.9973E-05 0.0605724
9.9973E-05 9.9973E-05 0.972223 0.0177095 0.00976717 9.9973E-05
9.9991E-05 0.0585015 0.81985 0.0152318 0.0068933 0.0994233
9.9964E-05 9.9964E-05 0.949294 9.9964E-05 0.0503058 9.9964E-05
0.0494623 0.0120939 0.915658 9.9991E-05 0.00663762 0.0160485
0.0450619 9.9991E-05 0.835733 0.0187726 0.017377 0.082956
0.105911 9.9973E-05 0.810142 9.9973E-05 9.9973E-05 0.083647
0.0870138 9.9973E-05 0.777583 9.9973E-05 9.9973E-05 0.135104
0.116069 9.9973E-05 0.789897 9.9973E-05 9.9973E-05 0.0937338
0.16758 9.9973E-05 0.792054 9.9973E-05 9.9973E-05 0.0400668
0.463829 0.2094 0.0989347 0.105206 0.0700374 0.0525934
0.697162 0.0561068 0.0872325 0.138553 0.0208451 9.9991E-05
0.262608 0.658048 9.9982E-05 0.0414009 0.0377427 9.9982E-05
0.596001 0.192713 0.0835716 9.9982E-05 0.127514 9.9982E-05
0.170047 0.742546 0.0871073 9.9973E-05 9.9973E-05 9.9973E-05
0.672939 0.23388 0.0928809 9.9973E-05 9.9973E-05 9.9973E-05
0.52223 0.166052 0.0975214 0.16227 0.0518271 9.9991E-05
0.623678 0.213882 0.0983606 9.9982E-05 0.0638797 9.9982E-05
0.417082 0.00105299 0.0937024 0.35861 0.0997147 0.0298382
0.546752 0.207485 0.0859247 9.9982E-05 0.159639 9.9982E-05
0.676025 0.0869781 0.0873965 9.9982E-05 0.149401 9.9982E-05
9.9982E-05 0.239244 9.9982E-05 0.266733 0.408442 0.085381
0.0780826 0.790231 9.9982E-05 0.00489383 0.126593 9.9982E-05
0.265429 0.674648 0.00195004 9.9982E-05 0.0577733 9.9982E-05
0.622212 0.324849 0.0453545 0.00738522 9.9982E-05 9.9982E-05
0.60714 0.211287 0.0838959 0.0667886 0.0191087 0.0117791
0.576611 0.0997024 0.196708 0.0221244 9.9991E-05 0.104754
0.523649 0.0183093 0.126151 0.06856 0.0672303 0.196101
0.199205 0.0597628 0.456833 0.0720254 0.0993618 0.112812
0.424124 0.0693867 0.256687 0.0300746 0.0933735 0.126353
9.9973E-05 0.463478 0.308579 9.9973E-05 9.9973E-05 0.227643
0.327617 0.199525 0.230647 0.0156273 9.9991E-05 0.226484
0.301869 9.9991E-05 0.356698 0.0686021 0.102875 0.169857
0.46608 0.020451 0.373706 9.9991E-05 0.112252 0.0274107
0.568376 9.9991E-05 0.218625 0.0350239 0.0173984 0.160477
0.367218 0.189394 0.128043 0.0366661 0.0164295 0.26225
0.30693 0.0315548 0.418226 0.0788554 9.9991E-05 0.164334
