0.066827 9.9973E-05 0.0458012 9.9973E-05 9.9973E-05 0.887072
9.9964E-05 9.9964E-05 9.9964E-05 9.9964E-05 0.0321489 0.967451
0.109224 0.0150044 0.0568846 9.9991E-05 0.0103932 0.808393
9.9982E-05 0.0566324 0.0894334 9.9982E-05 0.0193761 0.834358
0.0747033 0.00945837 9.9973E-05 9.9973E-05 9.9973E-05 0.915538
0.0286355 0.0693606 0.0662359 0.0506633 0.161411 0.623694
9.9982E-05 9.9982E-05 0.0658194 0.0535312 0.0604734 0.819976
0.0137759 9.9991E-05 0.0908244 0.165219 0.0154793 0.714601
9.9982E-05 9.9982E-05 0.11894 0.0464439 0.00137028 0.833046
0.089261 0.0712056 0.0379665 0.133501 9.9991E-05 0.667966
0.0566552 9.9991E-05 0.155735 0.0632156 0.0501886 0.674106
0.291141 0.0919126 0.475333 9.9982E-05 0.141413 9.9982E-05
0.587429 0.0282686 0.359929 9.9982E-05 0.0241737 9.9982E-05
0.299896 0.0563726 0.448362 0.0928894 0.080599 0.0218813
0.33336 0.133197 0.36321 0.0228439 0.0520577 0.095331
0.383649 0.150232 0.136205 0.0843602 0.128199 0.117355
0.485438 0.10868 0.197707 0.104568 0.103508 9.9991E-05
0.411742 0.031508 0.325936 9.9991E-05 0.0777448 0.15297
0.130861 0.0130722 0.607077 0.142313 0.0824886 0.0241879
0.461982 0.0236009 0.191469 0.0966374 0.175534 0.0507772
0.498368 0.0733409 0.0966951 0.152088 0.127244 0.0522636
0.620208 0.0285805 0.225149 9.9991E-05 0.108135 0.0178271
0.254188 0.152895 0.381682 0.0805293 0.130606 9.9991E-05
0.585546 0.114952 0.249223 9.9991E-05 0.0132932 0.0368856
0.290069 0.0678205 0.488902 0.00703212 0.0856377 0.0605384
0.103267 0.258365 0.422168 0.0264098 0.18969 9.9991E-05
0.388326 9.9991E-05 0.417466 0.0997041 0.0789897 0.0154141
0.11331 0.0465446 9.9973E-05 9.9973E-05 9.9973E-05 0.839846
0.203356 9.9964E-05 9.9964E-05 9.9964E-05 9.9964E-05 0.796244
0.177687 0.0391965 9.9973E-05 9.9973E-05 9.9973E-05 0.782816
0.0962356 0.0705049 0.0266023 9.9991E-05 0.08573 0.720827
0.541196 0.00337849 0.0985107 9.9991E-05 0.283911 0.0729036
0.481104 0.0965571 9.9982E-05 0.0267842 0.395355 9.9982E-05
0.222587 0.00718865 0.560669 9.9991E-05 0.0887276 0.120728
0.248053 0.0446983 0.0422558 0.150998 0.513895 9.9991E-05
0.554671 0.138858 0.0375954 0.0118296 0.256847 0.000199244
0.574266 0.0411236 0.0203298 0.142646 0.137993 0.0836422
0.612199 0.0302005 0.0584145 0.088016 0.106364 0.104806
0.18779 9.9982E-05 0.183223 9.9982E-05 0.622365 0.00642205
0.660216 0.00980553 9.9991E-05 0.133991 0.0980923 0.0977952
0.281677 0.01627 9.9982E-05 0.0540124 0.64784 9.9982E-05
9.9973E-05 9.9973E-05 9.9973E-05 0.364722 0.611329 0.0236494
0.128518 9.9982E-05 0.41522 0.224867 0.231195 9.9982E-05
0.170469 0.0150912 0.135889 0.492611 0.185841 9.9991E-05
0.20992 9.9991E-05 0.301189 0.0943583 0.272266 0.122166
0.616915 0.0128981 0.165789 0.204198 9.9982E-05 9.9982E-05
0.424919 9.9982E-05 0.238238 9.9982E-05 0.162291 0.174352
0.0774289 0.0636225 0.348588 0.140984 0.16097 0.208406
0.529138 0.0345444 0.231811 0.115119 0.0101465 0.0792419
0.113369 9.9991E-05 0.50892 0.153942 0.162135 0.0615346
0.598563 0.0352334 0.246989 0.0331035 0.0860108 9.9991E-05
0.647698 0.088541 0.0548729 0.164369 0.0410965 0.00342236
0.335225 0.0436602 0.29459 0.0647177 0.195963 0.0658438
0.566539 0.0118599 0.17494 0.207316 0.0191973 0.0201473
0.335265 9.9991E-05 0.457289 0.131422 0.0697972 0.00612694
0.60901 9.9973E-05 0.0319935 9.9973E-05 0.358697 9.9973E-05
0.192807 9.9982E-05 0.0834951 9.9982E-05 0.69618 0.0273174
9.9964E-05 9.9964E-05 9.9964E-05 0.128981 0.870619 9.9964E-05
9.9964E-05 9.9964E-05 9.9964E-05 0.104517 0.895083 9.9964E-05
0.182365 0.01876 9.9973E-05 9.9973E-05 0.798575 9.9973E-05
0.255369 0.0361872 0.00677099 9.9991E-05 0.644774 0.0567988
0.362912 0.102991 9.9973E-05 9.9973E-05 0.533798 9.9973E-05
0.0793448 0.117045 0.122113 9.9991E-05 0.652711 0.0286857
0.200414 9.9982E-05 0.209528 9.9982E-05 0.552871 0.036986
0.294739 0.0585665 0.0564271 9.9991E-05 0.570155 0.0200119
0.434959 0.00394677 0.0564363 0.0153684 0.400011 0.0892793
0.325658 0.0100741 9.9982E-05 0.0618486 0.602219 9.9982E-05
9.9973E-05 9.9973E-05 0.00275841 0.296109 0.700832 9.9973E-05
0.0897201 0.00993001 0.0436414 9.9982E-05 9.9982E-05 0.856508
0.0811629 9.9964E-05 9.9964E-05 9.9964E-05 9.9964E-05 0.918437
0.0672946 0.0457257 9.9973E-05 9.9973E-05 9.9973E-05 0.88668
0.0182538 0.0208988 9.9991E-05 0.0344282 0.000616273 0.925703
0.0194282 0.0461272 9.9991E-05 0.01344 0.0534001 0.867505
9.9973E-05 0.0617362 9.9973E-05 9.9973E-05 0.0499202 0.888044
0.0568644 0.00865491 9.9982E-05 9.9982E-05 0.00610759 0.928173
0.0137955 9.9982E-05 0.119393 0.0122117 0.8544 9.9982E-05
0.477396 9.9982E-05 0.0972404 9.9982E-05 0.415943 0.00922086
0.552657 0.112495 0.0438062 9.9982E-05 0.290842 9.9982E-05
0.532304 0.0235723 0.0670462 0.0760008 0.285586 0.0154902
0.341578 0.120534 0.0569713 0.0127464 0.454861 0.0133095
9.99775E-05 9.99775E-05 0.256867 9.99775E-05 0.715794 0.0270386
0.213461 0.0838197 9.9982E-05 0.102747 0.599772 9.9982E-05
0.504379 0.0249509 9.9991E-05 0.0469347 0.411754 0.0118812
0.35656 0.0990516 0.0912819 9.9991E-05 0.426917 0.0260894
0.202682 0.132898 9.9973E-05 9.9973E-05 0.66412 9.9973E-05
0.4019 9.9982E-05 0.0854888 9.9982E-05 0.427853 0.0845579
0.319467 9.9991E-05 0.362456 0.203962 0.0984461 0.0155686
0.425569 0.0368251 0.201827 0.200274 0.034954 0.100551
0.552669 9.9991E-05 0.375705 0.0293758 0.012794 0.029356
0.609581 0.0458731 0.231872 9.9991E-05 0.0447547 0.0678194
0.495427 0.059025 0.362114 9.9991E-05 0.0559417 0.0273924
0.677408 9.9991E-05 0.160186 0.0138429 0.107163 0.0412995
0.605996 9.9991E-05 0.299898 0.0409939 0.0405336 0.0124782
0.608145 0.0632987 0.140169 9.9991E-05 0.183405 0.0048825
0.562569 0.0799412 0.137669 0.141205 0.0785159 9.9991E-05
0.458774 9.9991E-05 0.212774 0.235058 0.0143179 0.0789758
0.596091 0.0801684 0.172603 0.0809607 0.0700761 9.9991E-05
0.692847 0.0917123 0.0961607 0.0688323 9.9991E-05 0.0503473
0.325209 0.0554938 0.37274 0.0239581 0.213845 0.00875446
0.168107 0.0953115 0.392219 0.300986 0.043277 9.9991E-05
0.0613914 0.0775027 0.349406 0.327052 0.184548 9.9991E-05
0.328272 9.9991E-05 0.417863 0.0483359 0.157572 0.0478577
0.461712 9.99831E-05 0.27252 9.99831E-05 0.236858 0.0287109
0.43606 9.9982E-05 0.395954 9.9982E-05 0.1278 0.0399859
0.357343 0.0270371 0.493605 9.9982E-05 0.121815 9.9982E-05
0.63442 0.081631 0.175582 0.015366 0.064595 0.0284053
0.241773 0.0511933 0.378107 0.308319 0.0205085 9.9991E-05
0.500266 0.0340432 0.00274681 0.207384 0.151965 0.103595
0.0610095 9.9991E-05 0.221105 0.506386 0.071533 0.139867
0.411829 9.9991E-05 0.105104 0.199594 0.208706 0.0746675
0.394977 0.165066 0.103067 0.190043 0.056223 0.0906235
0.285032 9.9991E-05 0.085187 0.44633 0.081556 0.101795
0.248728 9.9991E-05 0.182864 0.442003 0.0489014 0.0774042
0.490814 9.9991E-05 0.0851032 0.255392 0.107966 0.0606242
0.112624 0.0683138 0.10063 0.409219 0.191544 0.117669
0.413898 9.9982E-05 0.102042 0.34428 0.13958 9.9982E-05
0.35009 0.0809137 0.0978511 0.235906 0.204933 0.0303064
0.120899 0.263821 0.0377985 0.243048 9.9991E-05 0.334333
9.9973E-05 0.144609 9.9973E-05 0.316409 9.9973E-05 0.538683
9.9973E-05 0.14085 9.9973E-05 0.479034 9.9973E-05 0.379816
0.0724832 0.318828 0.0295277 0.196185 9.9991E-05 0.382876
0.554 0.0521916 9.9982E-05 0.239384 0.154224 9.9982E-05
0.257692 0.668532 9.9973E-05 9.9973E-05 0.0734762 9.9973E-05
0.385344 0.00278671 9.9982E-05 0.434224 0.177445 9.9982E-05
0.25883 0.018763 0.0199889 0.684091 0.0182268 9.9991E-05
0.594616 0.0610942 9.9982E-05 0.198892 0.145198 9.9982E-05
0.539401 9.9991E-05 0.0839947 0.316014 0.0240781 0.036412
0.487842 0.0878654 0.0828967 0.231297 0.0995271 0.0105724
0.230089 0.0605847 0.079356 0.549246 0.0806242 9.9991E-05
0.0201641 0.979436 9.9964E-05 9.9964E-05 9.9964E-05 9.9964E-05
0.0363331 0.927212 0.00125553 9.9982E-05 0.0349998 9.9982E-05
0.220662 0.751721 0.0116786 9.9982E-05 0.0157385 9.9982E-05
0.034952 0.793881 0.0536922 9.9991E-05 0.082193 0.0351813
9.996E-05 0.9995 9.996E-05 9.996E-05 9.996E-05 9.996E-05
9.9973E-05 0.948352 0.0062597 0.0450882 9.9973E-05 9.9973E-05
0.152158 0.847442 9.9964E-05 9.9964E-05 9.9964E-05 9.9964E-05
9.9964E-05 0.948609 0.0509909 9.9964E-05 9.9964E-05 9.9964E-05
9.9973E-05 0.988175 9.9973E-05 0.00109044 0.0104346 9.9973E-05
9.996E-05 0.9995 9.996E-05 9.996E-05 9.996E-05 9.996E-05
0.173982 0.788268 0.0338321 9.9982E-05 9.9982E-05 0.00371723
0.107067 0.775541 0.0541294 9.9991E-05 0.00802116 0.0551414
9.9964E-05 0.953751 9.9964E-05 9.9964E-05 0.0458493 9.9964E-05
0.173627 0.752679 9.9982E-05 9.9982E-05 0.020846 0.0526488
0.0599355 0.889292 0.0504727 9.9973E-05 9.9973E-05 9.9973E-05
9.9982E-05 0.971696 9.9982E-05 0.007801 0.00193013 0.0183731
0.109535 0.860948 9.9973E-05 9.9973E-05 9.9973E-05 0.0292169
9.996E-05 0.9995 9.996E-05 9.996E-05 9.996E-05 9.996E-05
0.152169 0.622381 0.0831604 0.0784828 9.9991E-05 0.0637068
0.0391804 0.875253 0.0830469 0.00231951 9.9982E-05 9.9982E-05
9.9982E-05 0.0978491 9.9982E-05 0.593777 0.00439672 0.303777
0.47146 0.0677698 0.125691 0.15635 9.9991E-05 0.178629
0.380221 0.0633273 0.0138646 0.175617 0.120443 0.246528
0.237474 0.10176 0.0271555 0.403637 9.9991E-05 0.229873
0.163767 0.16513 9.9991E-05 0.315496 0.0878596 0.267647
0.331378 0.208194 9.9991E-05 0.33421 0.0210313 0.105087
0.473491 0.135716 0.0877439 0.125795 0.0645961 0.112658
0.328154 0.214355 9.9982E-05 0.296388 9.9982E-05 0.160903
9.9982E-05 9.9982E-05 0.0539524 0.00728313 0.0778458 0.860719
0.00249234 0.0724886 9.9982E-05 0.0102481 9.9982E-05 0.914571
9.9973E-05 9.9973E-05 0.0483493 0.0195853 9.9973E-05 0.931765
9.9973E-05 0.0209438 0.0458485 9.9973E-05 9.9973E-05 0.932908
0.0943134 0.000550901 0.00814864 0.0306152 9.9991E-05 0.866272
9.9982E-05 0.0715671 9.9982E-05 0.0213193 0.00614729 0.900766
9.9973E-05 0.0975377 0.0315568 9.9973E-05 9.9973E-05 0.870606
9.9973E-05 9.9973E-05 0.00801246 0.112247 9.9973E-05 0.87944
0.00994635 0.021227 9.9982E-05 9.9982E-05 0.0446733 0.923953
9.9982E-05 0.091819 0.031155 0.0680161 9.9982E-05 0.80881
9.9982E-05 0.000901103 0.300214 9.9982E-05 0.100634 0.598051
9.9982E-05 0.00430109 0.395878 9.9982E-05 0.0251856 0.574436
9.9982E-05 9.9982E-05 0.26767 0.181941 0.0552451 0.494944
9.9982E-05 9.9982E-05 0.428695 0.0272233 0.0903952 0.453486
0.53496 0.0503814 0.141362 9.9982E-05 0.273096 9.9982E-05
0.575049 0.037895 0.162656 0.00616325 0.191407 0.026829
0.446476 9.9991E-05 0.234262 0.110745 0.155123 0.0532943
0.279644 9.9982E-05 0.571471 0.00445169 0.144234 9.9982E-05
0.585719 0.0844454 9.9982E-05 9.9982E-05 0.265425 0.0642106
0.630726 0.00997096 0.0610096 9.9982E-05 0.298094 9.9982E-05
0.478993 0.0550223 0.0550138 0.0396574 0.371214 9.9991E-05
0.284331 0.098096 9.9973E-05 9.9973E-05 0.617273 9.9973E-05
0.495814 9.9973E-05 0.153347 9.9973E-05 0.35054 9.9973E-05
9.9964E-05 9.9964E-05 9.9964E-05 0.304805 0.694795 9.9964E-05
0.219951 9.9982E-05 9.9982E-05 0.212265 0.54969 0.017894
0.497437 0.0267308 9.9982E-05 0.028781 0.446852 9.9982E-05
0.0696507 9.9982E-05 0.251923 9.9982E-05 0.673685 0.00454147
9.9982E-05 9.9982E-05 0.799639 0.00182602 0.0650147 0.13332
0.0850197 9.9982E-05 0.777719 0.0403661 9.9982E-05 0.096695
9.9973E-05 9.9973E-05 0.957116 0.0383809 9.9973E-05 0.00420349
9.9982E-05 9.9982E-05 0.89895 0.0141647 0.0127765 0.0739089
0.0419157 0.0737086 0.873908 0.0102677 9.9982E-05 9.9982E-05
0.105384 0.0768392 0.796161 9.9982E-05 9.9982E-05 0.0214165
0.0524909 0.0137428 9.9982E-05 9.9982E-05 0.0743521 0.859214
0.0983265 0.0167335 0.0238102 9.9982E-05 9.9982E-05 0.86093
0.122113 0.0695417 9.9982E-05 0.0152301 9.9982E-05 0.792915
0.0863784 0.10323 0.0752582 9.9982E-05 9.9982E-05 0.734934
0.00546935 0.152132 0.0299249 9.9991E-05 0.0637844 0.74859
9.9982E-05 9.9982E-05 0.531363 0.0133244 0.0795304 0.375582
9.9982E-05 9.9982E-05 0.441455 0.0129226 0.119236 0.426187
9.9991E-05 0.0130172 0.462827 0.0205682 0.065753 0.437735
0.19332 0.0141378 9.9973E-05 9.9973E-05 9.9973E-05 0.792243
9.9982E-05 9.9982E-05 0.48647 0.0394543 0.104398 0.369478
0.295561 0.347513 9.9982E-05 0.16236 9.9982E-05 0.194366
0.541664 0.307953 9.9973E-05 9.9973E-05 9.9973E-05 0.150082
0.24413 0.312321 0.0312154 0.20613 9.9991E-05 0.206103
9.9973E-05 0.305328 9.9973E-05 0.326063 9.9973E-05 0.36831
0.493755 9.9982E-05 0.376628 0.0273448 0.102072 9.9982E-05
0.314647 0.0514442 0.241901 0.243933 0.138931 0.00914392
0.337119 0.056716 0.549281 9.9982E-05 9.9982E-05 0.0566836
0.518306 0.0279191 0.166527 0.171756 0.115392 9.9991E-05
9.9973E-05 9.9973E-05 0.195267 0.644163 0.16027 9.9973E-05
0.627702 9.9982E-05 0.240114 0.0846651 9.9982E-05 0.0473194
0.446524 9.9991E-05 0.438541 0.0264277 0.0722925 0.0161147
0.121879 9.9982E-05 0.284444 0.39215 0.201328 9.9982E-05
0.437296 0.060407 0.134541 0.185948 0.181708 9.9991E-05
0.525877 0.0333918 0.289192 0.00387357 0.147565 9.9991E-05
0.328102 0.20608 0.0984437 0.0386929 0.212673 0.116008
0.451577 0.00444927 0.260213 0.254301 0.0293592 9.9991E-05
0.560561 9.9991E-05 0.225568 0.0849889 0.102252 0.0265303
0.553121 0.0523849 0.134544 0.076295 0.183555 9.9991E-05
0.584411 0.00462103 0.149624 0.0750409 0.143461 0.0428413
0.624643 0.0348859 0.111518 0.0715356 0.113462 0.0439548
0.19091 0.0314322 9.9973E-05 9.9973E-05 9.9973E-05 0.777358
0.130472 9.9964E-05 9.9964E-05 9.9964E-05 9.9964E-05 0.869128
0.0492852 9.9991E-05 0.0385155 0.00598911 0.0902919 0.815818
0.0401196 0.0554532 9.9982E-05 9.9982E-05 0.112858 0.791369
0.167602 9.9964E-05 9.9964E-05 9.9964E-05 9.9964E-05 0.831998
0.298085 0.0176013 0.525294 0.0700019 0.0472123 0.0418054
0.669901 0.0950083 0.10993 0.057053 0.0680071 9.9991E-05
0.580769 0.040271 0.259457 9.9991E-05 0.0586216 0.0607818
0.329897 0.0863384 0.293182 0.290383 9.9982E-05 9.9982E-05
0.0501521 0.00788811 0.626801 0.0923056 0.122922 0.099931
0.579383 0.0226057 0.241224 0.137717 9.9991E-05 0.0189697
0.264938 0.0270018 0.511071 0.136073 0.0309754 0.0299405
0.384593 0.0662 0.225098 0.15986 0.133215 0.0310349
0.214187 0.0284016 0.487511 0.100259 0.0481749 0.121466
0.288447 9.9991E-05 0.469867 0.112424 0.0664341 0.0627273
0.368182 0.131351 0.319117 0.167199 0.0140511 9.9991E-05
0.289864 0.0218017 0.0802007 0.530685 0.0602248 0.0172238
0.397035 0.0937103 0.0988536 0.17457 0.235731 9.99979E-05
0.386156 9.9982E-05 0.136589 0.472906 0.00414971 9.9982E-05
0.610609 9.9982E-05 9.9982E-05 0.237684 0.0668464 0.0846608
0.159484 9.9982E-05 0.0345974 0.692909 0.112809 9.9982E-05
0.301041 9.9973E-05 9.9973E-05 0.57189 0.126769 9.9973E-05
0.591398 9.9982E-05 0.0505917 0.322352 9.9982E-05 0.035458
0.192352 9.9982E-05 0.0898761 0.539644 0.177928 9.9982E-05
0.518388 9.9982E-05 0.123238 0.303843 0.0543305 9.9982E-05
0.177174 0.0294682 0.603629 0.0268185 0.16281 9.9991E-05
0.351415 9.9982E-05 0.268039 0.295664 0.084682 9.9982E-05
0.325341 0.0861832 0.33705 0.045302 0.160179 0.0459445
0.603279 0.0487973 0.219751 0.0530525 0.0750203 9.9991E-05
0.317323 0.0127004 0.484019 0.0540869 0.131771 9.9991E-05
0.487141 0.134626 0.195816 0.0346834 0.147634 9.9991E-05
0.548672 9.9982E-05 0.289416 9.9982E-05 0.158236 0.00347557
0.304061 0.0885007 0.55988 9.9982E-05 0.0473575 9.9982E-05
0.40494 0.0553693 0.414566 0.0977077 0.0273178 9.9991E-05
0.731936 0.0233035 0.168284 9.9991E-05 0.0493634 0.0270133
0.427015 0.0273984 0.224384 0.178145 0.0413555 0.101702
0.572449 0.0899935 0.190301 0.0877719 0.0593849 9.9991E-05
0.43957 0.0614374 0.359862 0.0189799 0.0527243 0.0674268
0.52923 0.0615837 0.223344 0.0214615 0.106926 0.0574553
0.374775 0.152829 9.9991E-05 0.0777513 0.0073686 0.387176
0.474288 0.217391 9.9991E-05 0.104895 0.0941977 0.109129
0.561206 0.149278 0.0410091 0.0103479 0.144547 0.0936125
0.410305 0.236572 9.9991E-05 0.117869 0.0406802 0.194474
0.524192 0.0351198 0.23527 0.203238 0.00208027 9.9991E-05
0.0589115 0.143951 0.00257739 0.483287 0.122949 0.188325
0.449599 0.240679 0.162909 9.9991E-05 0.0843219 0.0623909
0.404647 0.22981 0.0923111 0.0625207 0.0851829 0.125528
0.271221 0.139103 0.0722319 0.180391 0.131312 0.20574
0.537531 0.20263 9.9982E-05 0.0724632 9.9982E-05 0.187176
9.9973E-05 0.190757 9.9973E-05 0.361859 9.9973E-05 0.447084
0.553637 0.212496 0.0252858 0.0072118 9.9991E-05 0.201269
0.480139 0.143037 0.121951 9.9991E-05 0.102763 0.15201
0.650496 0.027697 0.000236954 0.20047 0.103524 0.0175762
0.0801538 9.9982E-05 0.106296 0.514116 0.299234 9.9982E-05
0.0992363 9.9982E-05 0.135554 0.496913 0.268097 9.9982E-05
0.397858 0.349461 0.0558958 0.102663 0.00859946 0.0855228
0.350498 0.373563 9.9982E-05 0.207323 9.9982E-05 0.0684163
0.264395 0.241326 9.9982E-05 0.293383 9.9982E-05 0.200695
0.450051 0.183138 9.9982E-05 0.176682 9.9982E-05 0.189929
0.229992 0.0494446 9.9991E-05 0.573227 0.0602457 0.0869908
0.354819 0.00107314 9.9991E-05 0.448396 0.0728517 0.12276
0.564923 0.200254 0.0112153 0.148405 0.0751028 9.9991E-05
0.600408 0.114687 9.9991E-05 0.136993 0.0818124 0.0660001
0.499529 0.0307829 9.9991E-05 0.392428 0.033736 0.0434244
0.658436 0.0576239 0.0141033 0.136883 0.0497806 0.0831736
0.598595 0.120834 0.0413548 0.239016 9.9982E-05 9.9982E-05
0.444151 9.9982E-05 0.179201 0.272116 0.104332 9.9982E-05
0.48419 9.9991E-05 0.0846676 0.216773 0.184606 0.0296635
0.476788 0.0474188 0.0699874 0.262104 0.125283 0.0184189
0.543615 9.9982E-05 0.133378 0.285508 0.0372996 9.9982E-05
0.35719 9.9982E-05 0.0393144 0.468418 0.134878 9.9982E-05
0.694208 9.9982E-05 9.9982E-05 0.162314 0.0793787 0.063899
0.335094 9.9982E-05 0.117799 0.343867 0.20304 9.9982E-05
0.486784 0.0475753 0.0440835 0.326314 0.0951429 9.9991E-05
0.431752 0.212621 9.9982E-05 0.234232 9.9982E-05 0.121195
0.415195 0.149287 0.0669908 0.156066 9.9991E-05 0.212362
0.102739 0.125909 0.0163402 0.598834 9.9991E-05 0.156078
0.633007 0.242088 9.9982E-05 0.0784377 9.9982E-05 0.046267
9.9973E-05 0.126415 9.9973E-05 0.544014 9.9973E-05 0.329272
0.579062 0.157519 9.9982E-05 0.205711 9.9982E-05 0.0575079
0.150539 9.9973E-05 9.9973E-05 0.604546 0.244615 9.9973E-05
0.0642947 9.9982E-05 0.0541335 0.635472 0.2459 9.9982E-05
0.615018 9.9973E-05 9.9973E-05 0.297352 0.0873293 9.9973E-05
0.757328 9.9982E-05 9.9982E-05 0.169519 0.0513519 0.0216008
0.495464 9.9973E-05 9.9973E-05 0.393407 0.110829 9.9973E-05
0.649197 0.0199344 0.00835704 0.0805913 0.230072 0.0118487
0.649906 0.00187672 9.9982E-05 0.307929 0.0400879 9.9982E-05
0.131201 0.0161525 9.9991E-05 0.0170021 0.0151248 0.820419
9.9991E-05 0.0948275 0.170437 0.00547376 0.00416836 0.724993
9.9973E-05 0.0771929 0.050131 9.9973E-05 9.9973E-05 0.872376
0.0886964 9.9964E-05 9.9964E-05 9.9964E-05 9.9964E-05 0.910904
0.397315 0.0657416 0.0182722 0.0787258 0.374388 0.0655568
0.505921 9.9973E-05 9.9973E-05 9.9973E-05 0.491301 0.00247804
0.184821 0.076122 0.130863 0.0600817 0.536827 0.0112842
0.549867 0.069846 9.9982E-05 9.9982E-05 0.369548 0.010539
0.259498 9.9973E-05 9.9973E-05 0.218459 0.521743 9.9973E-05
0.577018 0.0864488 0.00339427 0.01887 9.9991E-05 0.314169
0.399329 0.0686493 0.0199706 0.0264241 0.485527 9.9991E-05
0.297889 0.0409824 0.081445 0.0091276 0.570456 9.9991E-05
0.501948 0.034061 0.0782935 9.9991E-05 0.370751 0.0148459
0.414128 9.9973E-05 0.127289 9.9973E-05 0.458283 9.9973E-05
0.439981 0.108907 9.9991E-05 0.0499512 0.382312 0.0187486
0.00468735 9.9973E-05 9.9973E-05 0.0206944 0.974318 9.9973E-05
0.216357 0.0486447 9.9991E-05 0.140269 0.585083 0.00954653
0.273852 0.00407813 0.00354456 0.0427521 0.675673 9.9991E-05
9.9964E-05 9.9964E-05 9.9964E-05 0.263134 0.736466 9.9964E-05
0.334711 0.0352486 0.116332 0.0425187 0.40428 0.0669096
0.144691 9.9973E-05 9.9973E-05 0.403584 0.451425 9.9973E-05
9.9964E-05 9.9964E-05 9.9964E-05 0.29954 0.70006 9.9964E-05
0.486922 0.0999076 9.9991E-05 0.00453374 0.374233 0.0343037
0.180439 0.0305346 0.0981473 0.0343264 0.642169 0.0143831
0.438103 0.0346537 0.0602974 9.9991E-05 0.444345 0.0225015
0.61063 0.00564107 0.0623258 0.0042945 0.31148 0.00562812
0.365644 0.0937027 0.293349 0.202113 0.045091 9.9991E-05
0.418981 0.0649528 9.9982E-05 9.9982E-05 0.458407 0.0574595
0.460457 0.0693145 0.039947 9.9991E-05 0.393064 0.0371176
0.252508 0.0209149 0.00242417 0.0358427 0.68821 9.9991E-05
9.9973E-05 9.9973E-05 0.345638 0.0117717 9.9973E-05 0.64229
9.9991E-05 0.0083689 0.139451 0.0969986 0.0273159 0.727766
9.9973E-05 9.9973E-05 0.182698 9.9973E-05 0.00834223 0.80866
9.9973E-05 9.9973E-05 0.136196 0.0573946 9.9973E-05 0.80611
0.0671999 9.9982E-05 0.179045 9.9982E-05 0.0334604 0.720095
0.0328422 0.0440165 0.131004 9.9991E-05 0.732669 0.0593682
0.149005 9.9982E-05 0.137345 9.9982E-05 0.625546 0.087904
0.0849798 0.0197146 9.9982E-05 0.113887 0.781219 9.9982E-05
0.168647 0.124644 9.9991E-05 0.100813 0.594361 0.0114352
0.587943 0.0568037 0.00862928 9.9991E-05 0.33888 0.00764423
0.321831 0.0751238 9.9982E-05 0.0869571 0.515888 9.9982E-05
0.43479 0.11125 0.0223523 0.00122317 0.422755 0.00762992
0.235085 0.0260508 0.106246 0.0606189 0.563243 0.00875596
0.321431 9.9982E-05 0.0980372 9.9982E-05 0.5637 0.016632
0.314898 9.9973E-05 0.0379917 9.9973E-05 0.646811 9.9973E-05
0.570401 0.056442 0.047647 0.143997 0.0895357 0.0919776
0.362045 9.9982E-05 0.0855588 9.9982E-05 0.508328 0.0438687
0.408075 0.0620995 0.0231242 0.0846468 0.416381 0.00567327
0.335579 0.478735 9.9991E-05 0.0816191 0.0465936 0.0573734
0.28971 0.464807 9.9982E-05 0.124007 9.9982E-05 0.121277
0.388616 0.108857 9.9982E-05 0.107856 0.39447 9.9982E-05
0.0944504 0.607354 9.9982E-05 0.0880633 9.9982E-05 0.209933
0.255519 0.508924 9.9982E-05 9.9982E-05 0.0545394 0.180818
0.28703 0.204697 0.000881937 0.195663 0.0824415 0.229288
0.658775 9.9982E-05 0.00108514 0.249038 9.9982E-05 0.0909019
0.479291 0.0352735 0.0725808 0.250944 0.0476295 0.114281
0.338228 0.44288 9.9982E-05 0.0321111 9.9982E-05 0.186581
0.439231 0.47796 9.9973E-05 9.9973E-05 9.9973E-05 0.0825084
0.235073 0.601361 0.0566384 0.011456 0.0101106 0.0853617
0.243102 0.551402 9.9991E-05 0.095733 0.0113863 0.0982771
0.531064 0.101977 9.9991E-05 0.220079 0.108051 0.0387295
0.152511 0.670688 9.9982E-05 0.0209314 9.9982E-05 0.15567
0.264529 9.9991E-05 0.250192 0.225871 0.0970615 0.162246
0.607687 0.149766 0.0619268 0.180421 9.9982E-05 9.9982E-05
0.698016 0.0487647 0.128673 0.0250785 9.9991E-05 0.0993682
0.560136 0.0257519 0.0585295 0.142789 0.0421305 0.170663
0.392051 0.241437 9.9991E-05 0.0508881 0.137805 0.177719
0.279088 0.276122 9.9991E-05 0.081401 0.11746 0.245829
0.194493 0.554272 9.9982E-05 0.0169402 9.9982E-05 0.234094
0.512523 9.9991E-05 0.0953753 0.174364 0.102761 0.114876
0.248536 0.0346482 0.0328579 0.592853 0.00017941 0.0909262
0.383569 0.095175 0.180393 0.150721 0.107969 0.0821733
0.417206 0.181977 9.9991E-05 0.164349 0.093257 0.143112
9.9973E-05 0.178113 9.9973E-05 0.542154 9.9973E-05 0.279432
9.9973E-05 0.101977 9.9973E-05 0.60284 9.9973E-05 0.294883
0.362744 0.0815723 9.9991E-05 0.329833 0.052595 0.173156
0.0285361 0.202197 9.9991E-05 0.443575 0.0489336 0.276659
9.9973E-05 0.221581 9.9973E-05 0.392042 9.9973E-05 0.386077
0.375421 0.118744 0.0817017 0.258775 0.0314937 0.133864
0.314899 0.189084 0.040093 0.178262 0.0650788 0.212584
0.180887 0.170431 0.0575644 0.292617 0.0376363 0.260864
0.159031 0.126396 9.9982E-05 0.432037 9.9982E-05 0.282336
0.485881 0.134013 9.9982E-05 0.209171 9.9982E-05 0.170736
0.150816 0.128389 9.9991E-05 0.438909 0.0746462 0.20714
9.9973E-05 0.0371221 9.9973E-05 0.552642 9.9973E-05 0.409936
0.396777 0.235472 0.0691855 0.170313 9.9991E-05 0.128153
0.315114 0.207871 0.0844009 9.9991E-05 0.087508 0.305006
0.509409 0.267829 9.9991E-05 0.010836 0.0380336 0.173793
0.444643 0.243876 0.0456563 0.0878805 9.9991E-05 0.177845
0.380062 0.220536 0.0241912 0.0260186 9.9991E-05 0.349092
0.46303 0.178664 9.9991E-05 0.0579662 0.0911402 0.209099
0.418418 0.240203 9.9982E-05 9.9982E-05 0.0733704 0.267809
0.368182 0.223757 0.0265657 0.036205 0.0757086 0.269582
0.294796 0.151914 0.159409 0.0716559 0.152743 0.169482
0.411689 0.228948 9.9982E-05 0.0738739 9.9982E-05 0.285289
0.123516 0.292375 9.9991E-05 0.214492 0.0418661 0.327651
0.10864 0.379437 9.9991E-05 0.0875763 0.138299 0.285947
9.9982E-05 9.9982E-05 0.10557 0.0123837 0.0705887 0.811257
0.140904 0.0271175 0.798546 9.9991E-05 0.00982963 0.0235024
9.9964E-05 9.9964E-05 0.99263 9.9964E-05 9.9964E-05 0.00696981
9.9964E-05 9.9964E-05 0.993202 9.9964E-05 9.9964E-05 0.00639804
0.0114472 0.0188612 0.969392 9.9973E-05 9.9973E-05 9.9973E-05
0.0286975 0.054866 0.916137 9.9973E-05 9.9973E-05 9.9973E-05
0.0616324 9.9973E-05 0.883221 0.0548464 9.9973E-05 9.9973E-05
9.9973E-05 9.9973E-05 0.976773 9.9973E-05 0.0162536 0.00667348
0.00249176 9.9973E-05 0.787056 9.9973E-05 9.9973E-05 0.210152
0.0843931 9.9982E-05 0.0377141 0.00566302 9.9982E-05 0.87203
0.0346754 9.9982E-05 0.1347 9.9982E-05 0.0426065 0.787818
9.9982E-05 0.0547083 9.9982E-05 0.0159658 0.0480925 0.881033
0.0528883 9.9982E-05 0.11351 0.0437228 9.9982E-05 0.789678
0.0192785 0.0256723 0.0258305 9.9991E-05 0.0406808 0.888438
0.0195318 0.0283369 0.0721404 0.00739808 0.010431 0.862162
0.00155249 0.144088 0.0520338 9.9991E-05 0.0945641 0.707661
0.0315462 0.0755674 0.00237718 9.9991E-05 0.043022 0.847387
0.113014 0.024228 0.151978 9.9982E-05 9.9982E-05 0.71058
9.9973E-05 0.0528941 9.9973E-05 9.9973E-05 0.0603868 0.886419
9.9973E-05 9.9973E-05 0.0172857 9.9973E-05 0.00981917 0.972595
0.0546398 0.0530416 0.0347532 9.9991E-05 0.0150501 0.842415
9.9973E-05 0.0224661 0.0381025 9.9973E-05 9.9973E-05 0.939131
0.0673415 0.00889059 0.00859184 9.9982E-05 9.9982E-05 0.914976
0.0271729 0.0850783 0.0482115 9.9991E-05 0.0266544 0.812783
0.116673 0.0364524 9.9973E-05 9.9973E-05 9.9973E-05 0.846574
0.0864524 0.13495 9.9973E-05 9.9973E-05 9.9973E-05 0.778298
0.180467 0.0456079 9.9973E-05 9.9973E-05 9.9973E-05 0.773625
0.0821401 0.133937 9.9973E-05 9.9973E-05 9.9973E-05 0.783623
0.385103 9.9991E-05 0.09889 0.194022 0.172602 0.149283
0.750861 9.9991E-05 0.0157683 0.0890405 0.0602667 0.0839638
0.23806 0.00276813 0.0218222 0.61731 0.093953 0.0260868
0.56248 9.9991E-05 0.0785649 0.127761 0.0657747 0.16532
0.219094 9.9973E-05 9.9973E-05 0.698308 9.9973E-05 0.0822982
0.67342 0.0347796 9.9982E-05 0.215938 9.9982E-05 0.0756623
0.504575 9.9991E-05 0.157699 0.179116 0.109793 0.0487166
0.483135 0.00511871 0.0984475 0.130885 0.147944 0.13447
0.512762 9.9982E-05 0.136846 9.9982E-05 0.311764 0.0384275
0.498634 9.9991E-05 0.171087 0.215554 0.00332554 0.111299
0.627182 9.9991E-05 0.174745 0.059077 0.0186299 0.120266
0.0210888 0.0623275 0.426193 0.234422 0.255869 9.9991E-05
9.9973E-05 9.9973E-05 0.158134 0.747092 0.0944751 9.9973E-05
0.257133 9.9982E-05 0.0338004 0.66112 9.9982E-05 0.0477464
0.601473 9.9991E-05 0.0114536 0.186764 0.0857409 0.114468
0.589564 9.9982E-05 9.9982E-05 0.253803 0.0540705 0.102363
0.456325 0.237808 9.9991E-05 0.0540942 0.0447266 0.206946
0.552193 0.146945 0.0939195 0.0285141 0.00503085 0.173398
0.166556 0.141416 0.139795 0.0972979 0.0383042 0.416631
0.440337 0.102091 0.0178165 0.0795288 0.126847 0.233381
9.9973E-05 0.183745 9.9973E-05 0.498661 9.9973E-05 0.317294
0.21008 0.271136 9.9991E-05 0.234856 0.0581685 0.225659
0.335438 0.11713 0.0715306 0.0575425 0.0821647 0.336195
0.402757 0.0885478 0.0968819 0.0762758 0.0441594 0.291378
0.450517 0.172137 9.9991E-05 0.0975114 0.0604715 0.219263
0.354479 0.217657 9.9991E-05 0.134408 0.132603 0.160754
0.306651 0.136813 9.9991E-05 0.0190523 0.0688874 0.468497
