0.0592855 0.0450309 0.81443 9.9964E-05 9.9964E-05 9.9964E-05 0.0182703 9.9964E-05 0.0625832
0.0467682 9.9955E-05 0.895768 0.0306001 0.0263644 9.9955E-05 9.9955E-05 9.9955E-05 9.9955E-05
0.0692022 0.143679 0.736082 9.9973E-05 9.9973E-05 9.9973E-05 0.0170465 0.0315614 0.00212895
0.00736493 0.050104 0.815742 9.9973E-05 0.0013578 9.9973E-05 0.0348027 9.9973E-05 0.0903282
9.9964E-05 0.0411801 0.865151 9.9964E-05 0.0165869 0.0396555 0.037027 9.9964E-05 9.9964E-05
0.0312815 9.9982E-05 0.553718 0.0506467 9.9982E-05 0.222216 0.0587394 0.048078 0.035121
0.0899497 9.9955E-05 0.760881 9.9955E-05 9.9955E-05 0.111104 9.9955E-05 0.0375648 9.9955E-05
0.0348348 9.9964E-05 0.649744 9.9964E-05 0.037894 0.230925 9.9964E-05 0.0462019 9.9964E-05
0.0245056 9.99549E-05 0.784371 9.99549E-05 9.99549E-05 9.99549E-05 9.99549E-05 0.0572323 0.133391
0.060426 9.9973E-05 0.553023 9.9973E-05 0.0460455 0.133815 0.135953 0.0704376 9.9973E-05
9.9955E-05 9.9955E-05 0.627625 9.9955E-05 9.9955E-05 0.23534 9.9955E-05 0.0376049 0.0989305
9.9973E-05 0.269595 0.0312857 0.202718 9.9973E-05 9.9973E-05 0.0621921 0.0244935 0.409416
0.0620017 0.545533 9.9964E-05 9.9964E-05 9.9964E-05 0.0972241 0.0184561 9.9964E-05 0.276385
0.0508756 0.169769 0.0144686 0.0263446 0.0849364 0.154245 0.0902333 0.00621225 0.402915
9.999E-05 0.307952 0.0111848 0.0184788 0.0306686 0.0851326 0.118765 0.0507508 0.376967
0.0175633 0.240209 0.125622 0.147686 9.9982E-05 0.240925 0.0967505 9.9982E-05 0.131044
0.0259077 0.455646 0.0659423 9.9982E-05 0.0924687 0.103257 0.0934142 9.9982E-05 0.163164
0.0779633 0.345723 9.9982E-05 0.151317 9.9982E-05 0.146981 0.091729 0.0125005 0.173587
0.00974621 0.285165 0.0961075 0.0905439 9.9982E-05 9.9982E-05 0.1402 0.00521808 0.372819
0.0428823 9.9982E-05 9.9982E-05 0.0823441 0.0941443 0.0641368 0.0811862 0.0489911 0.586115
0.0147759 0.188504 0.0374563 0.165399 0.0444898 0.294675 0.0845282 9.9991E-05 0.170072
0.0108001 0.423973 0.0416617 0.0608743 0.0484604 0.113526 9.9991E-05 0.177729 0.122875
9.9973E-05 0.505513 0.121489 0.106981 0.0831732 0.116096 9.9973E-05 9.9973E-05 0.0664477
0.0286368 0.145474 9.9982E-05 0.192044 9.9982E-05 0.154365 0.136438 0.00520854 0.337633
0.0302837 0.593099 0.04967 0.0572736 9.9982E-05 0.160507 0.0498384 9.9982E-05 0.0591281
0.0753406 0.568814 9.9973E-05 0.0297712 9.9973E-05 0.0869384 9.9973E-05 0.0659423 0.172894
0.0365669 0.106399 0.000569525 0.238239 9.9982E-05 0.05674 0.151827 9.9982E-05 0.409459
9.9982E-05 0.208539 0.0395645 0.103889 9.9982E-05 0.0408642 0.186782 0.059066 0.361096
9.999E-05 0.209501 0.0284561 0.111669 0.0820058 0.0777009 0.0283223 0.0189726 0.443273
0.999201 9.993E-05 9.993E-05 9.993E-05 9.993E-05 9.993E-05 9.993E-05 9.993E-05 9.993E-05
0.999201 9.993E-05 9.993E-05 9.993E-05 9.993E-05 9.993E-05 9.993E-05 9.993E-05 9.993E-05
0.403691 0.0392761 0.425607 0.0140806 9.9982E-05 0.0557415 0.0580999 0.00330353 9.9982E-05
0.291606 0.113132 0.458168 0.0343378 9.9973E-05 9.9973E-05 0.076087 9.9973E-05 0.0263691
0.00977632 0.316023 0.000833627 0.124527 0.119707 0.359178 0.00401087 9.9991E-05 0.0658443
0.0233964 0.404632 0.0805783 0.30411 9.9982E-05 0.123993 0.0523584 9.9982E-05 0.0107324
9.9964E-05 0.356507 9.9964E-05 0.307769 0.0218005 0.245416 0.0681076 9.9964E-05 9.9964E-05
0.00986044 0.190134 0.0875002 0.0547319 0.0155866 0.0415363 0.01575 0.0168063 0.568095
0.0313908 0.121766 0.00217468 0.511138 0.0409737 0.274872 0.0171057 0.000478514 9.9991E-05
0.026394 0.539994 0.0399134 0.158849 9.9973E-05 0.0371066 9.9973E-05 9.9973E-05 0.197443
9.9973E-05 0.485285 0.0204421 0.120297 0.0661392 0.240879 0.0666579 9.9973E-05 9.9973E-05
0.079224 0.235566 9.9982E-05 0.0351614 0.0332231 0.575954 9.9982E-05 0.037892 0.00277973
0.0871305 0.221362 9.9973E-05 0.120959 9.9973E-05 0.483334 0.0748358 9.9973E-05 0.0120787
0.029572 0.0970031 9.9982E-05 0.631253 9.9982E-05 0.0390938 0.0234489 0.0415915 0.137838
9.9973E-05 0.372667 0.0378311 0.0646072 9.9973E-05 0.409292 9.9973E-05 0.0554164 0.0598862
0.0398764 0.469465 0.00101966 0.211916 0.0305495 0.179919 0.0670555 9.9982E-05 9.9982E-05
0.0459691 0.333545 0.0810421 0.125888 0.0499586 0.149206 0.120374 0.0111896 0.0828281
9.9955E-05 0.355809 9.9955E-05 0.538883 0.0378701 9.9955E-05 9.9955E-05 0.0669381 9.9955E-05
9.9964E-05 0.634239 0.0509676 0.237782 9.9964E-05 0.032019 0.0445927 9.9964E-05 9.9964E-05
0.0765873 0.312769 0.0992364 0.177049 0.0167254 0.252814 0.0646193 9.9982E-05 9.9982E-05
9.9964E-05 9.9964E-05 0.0299222 0.662961 0.0543803 9.9964E-05 9.9964E-05 0.24418 0.00815689
0.0180356 0.0717817 9.9982E-05 0.160777 0.153043 0.153762 9.9982E-05 0.0702574 0.372144
9.9964E-05 0.140982 9.9964E-05 0.16776 0.109994 9.9964E-05 9.9964E-05 0.381883 0.19898
0.0837798 0.619671 9.9973E-05 0.0320996 9.9973E-05 9.9973E-05 0.0476896 0.0847761 0.131684
0.0138637 0.629955 0.0546882 9.9982E-05 0.0443537 0.0650542 9.9982E-05 0.0942054 0.0976803
0.0148726 0.624049 0.0274835 0.0448988 0.038533 9.9982E-05 9.9982E-05 0.161297 0.0886661
0.032412 0.164342 0.0522694 0.270642 0.0776299 9.9991E-05 0.0269618 0.00447196 0.371171
0.00636233 0.53328 9.9982E-05 9.9982E-05 0.00683313 0.13853 0.00383806 0.0671326 0.243824
9.9991E-05 0.553548 0.027872 0.034709 0.0223452 0.104846 0.0791626 0.0868296 0.0905872
0.0179415 0.245637 0.0988428 0.144596 0.05446 0.151616 0.000668445 0.0191588 0.26708
0.0471862 0.0953457 0.18713 0.158209 0.0519755 9.9991E-05 0.048519 0.080804 0.330731
0.103166 0.433726 0.00266856 0.0612295 0.0750666 0.173746 9.9991E-05 0.0247433 0.125553
0.012276 0.495377 0.0660045 0.109082 0.0665175 9.9991E-05 0.00704327 0.0555688 0.188031
0.0762812 0.056717 9.9982E-05 0.168794 0.0357076 0.00475148 9.9982E-05 0.154938 0.50261
0.0117838 0.422474 9.9973E-05 0.114471 9.9973E-05 0.169904 9.9973E-05 0.0428263 0.23824
9.9973E-05 0.655443 0.0379352 0.0552388 0.0831075 0.119633 9.9973E-05 0.048343 9.9973E-05
0.0599012 0.401013 0.0284383 0.0719869 0.0652922 0.10511 0.111865 0.0235072 0.132885
0.050387 0.172934 9.9991E-05 0.224858 0.103789 0.072581 0.106053 0.0274924 0.241805
0.011247 0.503956 9.9982E-05 0.0913223 9.9982E-05 0.0524322 0.0300842 0.166697 0.144062
0.0651187 0.600502 0.00696892 0.0361551 0.0934305 0.00912938 9.9991E-05 0.0306858 0.157909
0.0225969 0.28176 9.9982E-05 0.0433841 0.133091 0.036029 9.9982E-05 0.0854208 0.397518
0.00278177 0.41998 9.9964E-05 0.403431 9.9964E-05 0.122334 9.9964E-05 9.9964E-05 0.0510743
0.0289262 9.9964E-05 9.9964E-05 0.733618 9.9964E-05 0.126372 0.0574083 9.9964E-05 0.0532755
9.9982E-05 0.592912 0.066688 0.12342 0.00314075 0.0726065 9.9982E-05 0.105509 0.0355228
9.999E-05 0.496325 0.119662 0.096845 0.0417545 0.102248 0.104244 0.0196094 0.0192126
9.9946E-05 9.9946E-05 9.9946E-05 0.925737 0.000588787 9.9946E-05 9.9946E-05 0.0730747 9.9946E-05
9.9955E-05 9.9955E-05 9.9955E-05 0.85442 0.0801187 9.9955E-05 9.9955E-05 0.0441059 0.0208557
9.9955E-05 0.22688 9.9955E-05 0.663492 9.9955E-05 0.0703375 9.9955E-05 9.9955E-05 0.0387903
0.0444723 0.360497 9.9964E-05 0.469279 0.00708939 0.118262 9.9964E-05 9.9964E-05 9.9964E-05
0.0873243 0.42114 0.141339 0.168118 0.0161886 0.0913173 9.9991E-05 0.000421658 0.0740511
0.0660921 0.372462 0.00739133 0.489194 9.9982E-05 9.9982E-05 0.0283808 0.00116487 0.0351147
9.9964E-05 0.0786583 0.0487097 0.662835 9.9964E-05 9.9964E-05 0.0496814 9.9964E-05 0.159716
0.027077 0.211463 0.0139053 0.516541 9.9964E-05 9.9964E-05 9.9964E-05 9.9964E-05 0.230615
0.0371783 0.342471 0.0677141 0.0988943 0.126493 0.103562 0.104606 0.000804375 0.118277
0.00945108 0.295238 0.0343028 0.594085 9.9973E-05 0.0205175 9.9973E-05 9.9973E-05 0.0461053
0.0111744 0.292501 0.0797838 0.484812 9.9964E-05 0.131329 9.9964E-05 9.9964E-05 9.9964E-05
0.000441688 0.307468 9.9955E-05 0.619536 9.9955E-05 0.0720544 9.9955E-05 9.9955E-05 9.9955E-05
9.9955E-05 9.9955E-05 0.0145826 0.74056 0.100968 9.9955E-05 9.9955E-05 0.14339 9.9955E-05
9.9982E-05 0.574461 9.9982E-05 0.259734 0.0178217 0.0423586 0.046901 0.038279 0.0202443
0.0394764 0.118379 0.771411 9.9964E-05 9.9964E-05 9.9964E-05 0.0289862 9.9964E-05 0.0413474
0.142227 0.00820108 0.75233 9.9955E-05 9.9955E-05 0.0967421 9.9955E-05 9.9955E-05 9.9955E-05
0.153258 0.0534976 0.745001 0.0242945 9.9964E-05 9.9964E-05 0.023549 9.9964E-05 9.9964E-05
0.131749 0.0560832 0.778788 9.9955E-05 9.9955E-05 9.9955E-05 9.9955E-05 0.0328797 9.9955E-05
0.144759 9.9982E-05 0.703648 0.00181771 0.0155721 0.0341712 0.085248 0.0145841 9.9982E-05
0.08838 9.9964E-05 0.80814 0.0353219 9.9964E-05 9.9964E-05 0.0649257 0.00283211 9.9964E-05
0.0975736 0.0181222 0.842651 9.9964E-05 9.9964E-05 0.0227416 0.0185115 9.9964E-05 9.9964E-05
0.0488214 0.410775 0.0770671 0.150352 9.9982E-05 0.133393 0.138876 9.9982E-05 0.0405163
0.0615599 0.525409 0.0873633 0.129257 9.9964E-05 0.196011 9.9964E-05 9.9964E-05 9.9964E-05
0.00201708 0.00414785 0.0424389 0.717629 0.0998581 0.00410333 9.9982E-05 9.9982E-05 0.129606
0.0176098 0.400328 0.0847067 0.159232 0.0839652 0.124478 0.102776 0.0185253 0.00837971
0.00608027 0.283137 0.0347685 0.43023 9.9973E-05 0.197788 9.9973E-05 9.9973E-05 0.0476963
0.0153935 0.445642 0.00697135 0.258906 0.052546 0.21001 0.0103306 9.9982E-05 9.9982E-05
0.0203809 0.371254 0.0251147 0.249563 0.00358474 0.28247 0.0433745 0.00415738 9.9991E-05
0.0286687 0.382576 9.9973E-05 0.37361 0.010909 0.156709 0.0472276 9.9973E-05 9.9973E-05
9.9946E-05 9.9946E-05 0.0656353 0.713367 9.9946E-05 9.9946E-05 9.9946E-05 9.9946E-05 0.220398
0.0651018 0.462454 0.164884 0.133252 0.0772082 0.0759658 9.9982E-05 9.9982E-05 0.0209342
0.0443457 0.442409 0.00525936 0.266194 9.9973E-05 0.121433 0.120059 9.9973E-05 9.9973E-05
0.0343456 0.521906 0.0775732 0.0968966 9.9982E-05 9.9982E-05 0.111612 0.0143372 0.143129
9.9955E-05 0.18481 9.9955E-05 0.499553 9.9955E-05 0.163098 9.9955E-05 0.152039 9.9955E-05
9.9964E-05 0.312243 9.9964E-05 0.37995 0.0317335 0.271422 0.00425167 9.9964E-05 9.9964E-05
0.0177935 0.320007 9.9973E-05 0.356599 9.9973E-05 0.17275 0.0331965 9.9973E-05 0.0993543
9.9973E-05 0.0740867 9.9973E-05 0.537607 0.00563108 0.207886 0.163242 9.9973E-05 0.0112474
9.9964E-05 0.237028 0.0870174 0.44045 9.9964E-05 0.190377 9.9964E-05 9.9964E-05 0.0447284
0.0115899 0.409727 0.104865 0.100395 0.0921103 0.186183 0.0247998 9.9991E-05 0.0702307
9.9955E-05 0.307328 9.9955E-05 9.9955E-05 0.114213 9.9955E-05 9.9955E-05 0.314385 0.263574
9.9982E-05 0.325821 0.0595166 0.0560364 9.9982E-05 0.356507 0.0538389 0.0445016 0.103578
0.00470186 0.301259 0.13741 0.0903853 9.9991E-05 0.154894 0.0534817 0.0570856 0.200683
9.9982E-05 0.395911 0.0877187 0.0572822 0.0786207 0.207416 0.0347812 9.9982E-05 0.13807
9.9973E-05 0.555194 0.104512 0.0656616 0.0141229 0.165288 9.9973E-05 9.9973E-05 0.0949216
0.0455543 0.498479 9.9964E-05 9.9964E-05 0.0957136 0.0670801 9.9964E-05 9.9964E-05 0.292773
9.9973E-05 0.589779 0.019147 9.9973E-05 0.0136284 0.01661 9.9973E-05 0.0606894 0.299847
9.9973E-05 0.478562 0.0247459 9.9973E-05 0.0763478 0.0575956 0.011937 9.9973E-05 0.350512
9.9973E-05 0.510838 0.0418318 0.0712507 0.0396138 9.9973E-05 9.9973E-05 0.0995233 0.236643
9.9973E-05 0.475602 0.0548743 0.0531493 9.9973E-05 0.172858 9.9973E-05 0.100713 0.142503
0.0234969 0.567534 9.9982E-05 0.0716183 0.00624023 0.172272 9.9982E-05 0.0311187 0.12752
0.0121184 0.430081 0.00923638 0.00372755 0.0367752 0.221604 9.9982E-05 9.9982E-05 0.286258
0.012059 0.60079 0.01266 0.132951 0.0257477 0.0139963 9.9991E-05 0.120595 0.0811015
9.9982E-05 0.465736 0.107605 9.9982E-05 0.196667 0.212607 0.0107874 0.00263104 0.00376681
9.9964E-05 0.634272 9.9964E-05 0.081752 0.0739488 9.9964E-05 9.9964E-05 0.0231339 0.186493
0.0210237 0.536526 0.0912006 0.0582058 0.0905743 0.051654 9.9991E-05 0.0146838 0.136032
0.00289104 0.620924 9.9964E-05 9.9964E-05 0.0234528 9.9964E-05 9.9964E-05 0.121319 0.231014
9.9973E-05 0.380321 0.0444551 9.9973E-05 0.115517 0.0376395 9.9973E-05 0.153195 0.268573
0.00874654 0.696643 0.0747393 0.0604937 0.0217305 9.9991E-05 0.0124537 0.0146039 0.110489
0.0114833 0.73371 9.9973E-05 0.00736915 0.0546218 9.9973E-05 9.9973E-05 0.0432282 0.149288
9.9982E-05 0.137388 9.9982E-05 0.0918001 0.0957089 0.16628 0.102303 0.0103021 0.396018
9.9955E-05 0.269601 9.9955E-05 9.9955E-05 0.163914 9.9955E-05 9.9955E-05 0.298866 0.267119
0.0220828 0.535863 0.0146732 0.0506384 0.0310578 0.0873215 9.9991E-05 0.0284705 0.229792
9.9964E-05 0.14615 9.9964E-05 0.157615 0.151648 9.9964E-05 9.9964E-05 0.220646 0.323541
0.0192454 0.233837 9.9973E-05 0.125284 0.134891 0.111237 9.9973E-05 9.9973E-05 0.375205
9.9973E-05 0.343094 0.0234087 0.101359 0.0221214 0.179145 9.9973E-05 9.9973E-05 0.330572
0.0160567 0.2976 9.9973E-05 0.137195 0.0358489 0.0813702 9.9973E-05 9.9973E-05 0.431629
9.9991E-05 0.179153 0.00411615 0.121252 0.0175047 0.220281 0.0191403 0.0166775 0.421775
0.0493894 0.571521 0.055421 9.9982E-05 0.0677596 0.0491653 9.9982E-05 0.0176788 0.188865
9.9991E-05 0.545815 0.0810762 0.0948734 0.0306769 0.0310814 0.0375968 0.113463 0.0653173
0.0348026 0.447875 0.0375405 0.0959828 0.0593169 0.206095 0.0302887 9.9991E-05 0.0879988
9.9973E-05 0.269759 9.9973E-05 0.0896183 0.074491 9.9973E-05 0.00519083 0.2507 0.309941
9.9982E-05 0.404739 0.0758652 0.0631971 0.010542 0.303593 0.0776032 9.9982E-05 0.0642604
9.9982E-05 0.176409 0.0238694 0.0634679 0.0705638 0.463888 0.0901947 9.9982E-05 0.111407
0.030238 9.9982E-05 0.0527487 0.075126 0.139562 0.168542 9.9982E-05 0.352024 0.181559
0.00197131 0.622085 0.0495662 9.9982E-05 0.0143294 0.150369 9.9982E-05 0.0824969 0.0789829
0.013383 0.411768 0.0591638 0.113904 0.0816253 9.9982E-05 9.9982E-05 0.265924 0.0540315
9.9973E-05 0.481898 0.116831 0.132244 9.9973E-05 0.0491671 9.9973E-05 0.153428 0.0661322
0.0269683 0.324924 9.9973E-05 0.0856472 9.9973E-05 0.0610952 9.9973E-05 0.393267 0.107798
0.0516878 9.9973E-05 9.9973E-05 0.0465041 0.17734 0.363127 9.9973E-05 0.253487 0.107554
0.00777214 0.298624 0.0991976 0.0378392 0.132663 0.207988 0.0480699 9.9991E-05 0.167746
0.000866245 0.213129 0.0543552 0.107442 0.100233 0.332049 9.9991E-05 0.105273 0.0865523
9.9991E-05 0.463616 0.0881804 0.117492 0.000565133 0.0702295 0.0347532 0.100659 0.124405
0.0549323 0.25832 0.0980314 0.158465 0.0350759 0.0999779 0.0751436 0.0337211 0.186333
0.0264077 0.522015 0.080456 0.127552 0.0375368 0.0988274 0.0873787 9.9991E-05 0.0197268
0.00301846 0.640537 0.12348 0.0330725 9.9982E-05 9.9982E-05 0.0619872 0.11786 0.0198443
0.0147334 0.0191996 0.00823383 0.202642 0.139206 0.0754051 0.115286 0.300653 0.124642
0.0559497 0.345994 0.0512482 9.9982E-05 0.153461 0.229615 0.0620351 9.9982E-05 0.101497
0.041488 0.42448 0.0449499 0.160103 0.0312 0.0725942 0.0562219 0.116621 0.052342
9.9973E-05 0.221503 9.9973E-05 0.194997 0.0516733 0.232072 9.9973E-05 0.206911 0.0925445
9.9973E-05 0.409271 9.9973E-05 0.148678 0.094446 0.131821 9.9973E-05 0.159556 0.0559271
9.9991E-05 0.50905 0.0997352 0.0931194 0.0781899 0.108558 0.0151048 0.0566187 0.0395242
0.0064833 0.498355 0.0287858 9.9982E-05 9.9982E-05 0.100879 0.0314425 0.170637 0.163218
0.0291813 0.267939 0.0414152 0.0334419 0.0721725 0.203317 0.18413 0.110374 0.0580277
0.0321525 0.150088 0.254306 9.9973E-05 9.9973E-05 0.0648856 0.203248 0.29502 9.9973E-05
9.9946E-05 9.9946E-05 0.386438 9.9946E-05 9.9946E-05 9.9946E-05 0.140702 0.472259 9.9946E-05
0.0201641 9.9955E-05 0.250941 9.9955E-05 9.9955E-05 9.9955E-05 0.102031 0.626364 9.9955E-05
9.9955E-05 0.180227 0.283213 9.9955E-05 9.9955E-05 9.9955E-05 0.244693 0.291367 9.9955E-05
0.0335443 0.472631 9.9973E-05 0.0531488 0.0049591 0.299043 9.9973E-05 0.136374 9.9973E-05
0.0191285 0.400374 0.0760448 0.0391446 0.0572064 0.247004 0.0773858 0.0127453 0.0709665
9.9955E-05 0.371457 9.9955E-05 0.00669728 9.9955E-05 9.9955E-05 0.596207 9.9955E-05 0.025139
0.0338606 0.408529 0.0259597 0.0258516 0.00655178 9.9991E-05 0.365137 0.0180157 0.115994
9.9982E-05 0.375882 0.056414 0.0220569 9.9982E-05 0.136659 0.321496 0.0516374 0.0356552
0.00796488 0.108309 9.9973E-05 0.109086 0.196393 0.350029 9.9973E-05 0.227918 9.9973E-05
9.9982E-05 0.56842 0.0444382 0.0170781 0.0404527 0.111397 9.9982E-05 0.187821 0.0301926
9.9946E-05 9.9946E-05 9.9946E-05 9.9946E-05 0.328537 0.393409 9.9946E-05 0.277454 9.9946E-05
9.9964E-05 0.553804 9.9964E-05 0.143409 0.0624231 0.0630818 9.9964E-05 0.176882 9.9964E-05
9.9982E-05 0.331992 0.0329962 9.9982E-05 0.187462 0.28235 0.0217751 0.109991 0.0332333
9.9964E-05 0.363731 9.9964E-05 9.9964E-05 0.0565638 0.362594 0.000122316 0.216588 9.9964E-05
9.9973E-05 0.119069 9.9973E-05 0.0792872 0.167314 0.246349 9.9973E-05 0.316073 0.0716082
0.044352 0.403479 0.0253402 0.223244 9.9982E-05 0.188984 0.0738844 0.0405159 9.9982E-05
0.00331953 0.388703 9.9973E-05 0.0827013 9.9973E-05 0.371288 0.0442959 0.109393 9.9973E-05
9.9982E-05 0.378823 0.0758022 0.1094 0.00680602 0.187952 0.129938 0.111079 9.9982E-05
9.9991E-05 0.419192 0.0516792 0.10468 0.0168512 0.0758185 0.220719 0.0631026 0.0478578
9.9937E-05 9.9937E-05 9.9937E-05 9.9937E-05 0.0549536 9.9937E-05 0.944347 9.9937E-05 9.9937E-05
9.9964E-05 0.0144005 9.9964E-05 0.0662272 0.00132709 0.0198436 0.897802 9.9964E-05 9.9964E-05
0.0455569 0.217672 0.00119902 0.0766078 9.9991E-05 0.0693246 0.528686 0.0134833 0.0473709
0.00819076 0.286565 9.9973E-05 9.9973E-05 0.00218862 0.0700967 0.626672 9.9973E-05 0.00598719
9.9955E-05 0.0282051 9.9955E-05 0.0514269 9.9955E-05 0.0786981 0.84117 9.9955E-05 9.9955E-05
9.9937E-05 9.9937E-05 9.9937E-05 9.9937E-05 9.9937E-05 9.9937E-05 0.990018 0.00928277 9.9937E-05
9.9946E-05 9.9946E-05 9.9946E-05 9.9946E-05 9.9946E-05 9.9946E-05 0.935489 0.0126416 0.0512697
0.00110413 0.188059 9.9946E-05 9.9946E-05 9.9946E-05 9.9946E-05 0.810237 9.9946E-05 9.9946E-05
9.9955E-05 0.00919752 9.9955E-05 0.000661897 9.9955E-05 9.9955E-05 0.968111 9.9955E-05 0.0215293
9.993E-05 9.993E-05 9.993E-05 9.993E-05 9.993E-05 9.993E-05 0.999201 9.993E-05 9.993E-05
0.000436372 9.9937E-05 9.9937E-05 9.9937E-05 9.9937E-05 9.9937E-05 0.998864 9.9937E-05 9.9937E-05
0.0916542 0.163166 9.9955E-05 9.9955E-05 0.00483052 9.9955E-05 0.739849 9.9955E-05 9.9955E-05
0.00762913 0.0861365 9.9964E-05 9.9964E-05 9.9964E-05 0.0377422 0.824548 9.9964E-05 0.0435438
0.0268654 9.9937E-05 9.9937E-05 9.9937E-05 9.9937E-05 9.9937E-05 0.972435 9.9937E-05 9.9937E-05
0.0420359 0.265319 0.0693204 0.082631 9.9982E-05 0.112377 0.380361 9.9982E-05 0.0477557
0.0712044 0.158457 0.0042042 0.0800648 0.00348364 0.0281715 0.619414 9.9991E-05 0.0349007
9.9955E-05 0.15064 0.0676442 9.9955E-05 9.9955E-05 0.070103 0.711113 9.9955E-05 9.9955E-05
9.9937E-05 9.9937E-05 9.9937E-05 9.9937E-05 9.9937E-05 0.143477 0.855823 9.9937E-05 9.9937E-05
0.0345644 0.000575364 9.9964E-05 9.9964E-05 0.0157792 0.00533091 0.94335 9.9964E-05 9.9964E-05
0.00114525 0.0730847 0.0457418 9.9982E-05 9.9982E-05 0.012734 0.856487 0.00936697 0.00124043
0.0163649 9.9937E-05 9.9937E-05 9.9937E-05 9.9937E-05 9.9937E-05 0.982935 9.9937E-05 9.9937E-05
0.0239945 0.228447 0.0238227 0.108893 0.0430908 9.9982E-05 0.564432 9.9982E-05 0.00711954
0.0493363 9.9955E-05 9.9955E-05 9.9955E-05 9.9955E-05 0.0277802 0.884911 9.9955E-05 0.0374727
9.9964E-05 9.9964E-05 0.225013 9.9964E-05 0.0342024 0.149221 0.0311448 0.560019 9.9964E-05
9.9973E-05 0.299262 0.13959 9.9973E-05 9.9973E-05 0.168086 0.0884115 0.182577 0.121774
0.00531575 0.281827 0.258971 0.00793813 0.0295641 0.231763 0.0239773 0.128228 0.0324148
0.0752598 0.0110323 0.0374424 0.0776768 0.00310096 0.29314 0.100994 0.354621 0.0467331
0.0262705 0.294821 0.0537925 0.0657404 0.0365516 0.254673 0.178478 0.0524276 0.0372461
0.0568312 0.128632 0.116195 0.0866197 0.028979 0.187339 0.0757439 0.31956 9.9991E-05
0.0212351 0.294523 0.0910197 0.219999 9.9982E-05 0.262966 0.0898109 0.0202465 9.9982E-05
9.9973E-05 0.3744 0.137547 9.9973E-05 0.0591598 0.231033 0.0676081 0.129953 9.9973E-05
9.9991E-05 0.219499 0.0220229 0.0170162 0.0301238 0.219172 0.182473 0.301346 0.00824705
0.123125 0.34794 0.0803189 0.0574998 0.00247728 0.175434 0.0509762 0.162129 9.9991E-05
0.0361436 0.205263 0.0842709 0.0261611 9.9982E-05 0.218137 0.160156 0.269668 9.9982E-05
0.0304781 0.263714 0.0897948 9.9982E-05 0.104742 0.404042 0.104769 0.0022597 9.9982E-05
9.9991E-05 0.393042 0.167235 0.0543543 0.00706594 0.180038 0.0417856 0.132615 0.0237635
9.9973E-05 0.000134712 0.82113 0.0343352 9.9973E-05 0.0846029 9.9973E-05 0.0141225 0.0453744
0.0756157 9.9964E-05 0.824438 9.9964E-05 9.9964E-05 9.9964E-05 0.0634182 0.0276216 0.00850699
0.0494002 9.9973E-05 0.858223 0.00645736 9.9973E-05 0.0170134 9.9973E-05 0.0508873 0.0177189
0.0588482 0.028619 0.830248 9.9964E-05 9.9964E-05 9.9964E-05 9.9964E-05 0.0175695 0.0643156
0.0925453 0.0446975 0.798868 9.9955E-05 9.9955E-05 9.9955E-05 9.9955E-05 0.0633895 9.9955E-05
0.0558218 9.9955E-05 0.827413 9.9955E-05 9.9955E-05 9.9955E-05 0.0656108 0.0506549 9.9955E-05
0.0433707 0.00794262 0.822856 9.9964E-05 9.9964E-05 0.0484047 0.0770257 9.9964E-05 9.9964E-05
0.0332797 9.9955E-05 0.815295 9.9955E-05 0.0351585 9.9955E-05 9.9955E-05 0.115767 9.9955E-05
0.0514608 0.0530151 0.842152 0.0282595 0.0122108 9.9973E-05 9.9973E-05 9.9973E-05 0.0126022
9.9955E-05 9.9955E-05 0.813353 9.9955E-05 9.9955E-05 9.9955E-05 0.112152 0.0491587 0.0248356
0.011992 9.9973E-05 0.587466 0.0275537 0.0881087 9.9973E-05 0.0137355 9.9973E-05 0.270844
9.9973E-05 9.9973E-05 0.592903 0.0791052 0.0214141 0.00289316 0.00568346 9.9973E-05 0.297701
0.0132693 9.9973E-05 0.480078 0.0266706 0.117687 9.9973E-05 9.9973E-05 0.0795409 0.282454
9.9964E-05 9.9964E-05 0.46396 0.0788803 0.0535924 0.0666363 9.9964E-05 9.9964E-05 0.336531
9.9973E-05 0.412941 0.059513 0.222351 9.9973E-05 0.215926 0.00951929 9.9973E-05 0.0794497
0.00956601 0.463304 0.0254197 0.232802 0.141985 0.0515952 9.9982E-05 9.9982E-05 0.075128
0.00903106 0.388975 0.0114106 0.16524 0.0372974 0.182327 0.088654 9.9991E-05 0.116964
0.0641751 0.584959 0.108147 0.152053 9.9964E-05 9.9964E-05 9.9964E-05 9.9964E-05 0.0902661
0.0154393 0.420626 9.9964E-05 0.213126 9.9964E-05 9.9964E-05 9.9964E-05 0.092656 0.257753
0.00773402 0.0689482 9.9982E-05 0.0783056 0.116405 0.12975 0.0459899 9.9982E-05 0.552668
0.0389979 0.530735 0.0614807 0.128725 9.9973E-05 0.178907 9.9973E-05 9.9973E-05 0.0608539
9.9964E-05 0.549095 9.9964E-05 0.291626 0.072022 9.9964E-05 9.9964E-05 0.0213492 0.0655077
9.9973E-05 0.526631 9.9973E-05 0.318853 0.0271248 0.0680649 9.9973E-05 0.0273008 0.031725
9.9964E-05 0.25949 9.9964E-05 0.529287 0.043761 0.121153 0.0459096 9.9964E-05 9.9964E-05
0.034218 0.637261 0.0215758 0.150916 9.9973E-05 9.9973E-05 9.9973E-05 0.0275022 0.128227
0.0289009 0.338502 0.0188659 0.407445 0.000508156 0.0817019 9.9982E-05 9.9982E-05 0.123876
9.9955E-05 9.9955E-05 9.9955E-05 0.702868 0.139965 9.9955E-05 9.9955E-05 0.113358 0.0433087
0.0552985 0.496055 0.0715737 0.110144 0.0614162 0.0944948 9.9982E-05 9.9982E-05 0.110818
9.9964E-05 0.245948 9.9964E-05 0.468256 0.103388 0.0247618 9.9964E-05 0.157246 9.9964E-05
0.0303387 0.445698 9.9973E-05 0.408959 0.0426629 0.0550773 0.0169642 9.9973E-05 9.9973E-05
9.9964E-05 0.0693333 0.0387211 0.571305 9.9964E-05 0.0885191 9.9964E-05 9.9964E-05 0.231721
0.00033185 9.9964E-05 0.0946676 9.9964E-05 9.9964E-05 0.170885 9.9964E-05 0.0219334 0.711783
9.9946E-05 9.9946E-05 0.106517 9.9946E-05 9.9946E-05 0.215409 9.9946E-05 9.9946E-05 0.677475
9.9946E-05 9.9946E-05 0.00523016 9.9946E-05 9.9946E-05 0.177352 9.9946E-05 9.9946E-05 0.816818
9.9946E-05 9.9946E-05 0.0744049 9.9946E-05 9.9946E-05 0.145324 9.9946E-05 9.9946E-05 0.779672
9.9955E-05 9.9955E-05 9.9955E-05 9.9955E-05 0.0269383 0.218055 0.0105611 9.9955E-05 0.743946
0.0049251 9.9964E-05 0.0767738 9.9964E-05 9.9964E-05 0.115031 0.0707622 9.9964E-05 0.732108
0.0435063 0.0637938 0.848696 0.0435038 9.9955E-05 9.9955E-05 9.9955E-05 9.9955E-05 9.9955E-05
9.9955E-05 0.121288 0.776904 9.9955E-05 9.9955E-05 9.9955E-05 9.9955E-05 0.0334105 0.0678984
0.0808022 0.0011755 0.66085 9.9964E-05 9.9964E-05 0.107639 0.149134 9.9964E-05 9.9964E-05
0.0193177 0.0863228 0.671805 9.9973E-05 0.00518178 9.9973E-05 0.118355 9.9973E-05 0.0987176
0.0102602 0.0534845 0.705661 0.0260143 9.9982E-05 9.9982E-05 0.106884 0.00733313 0.0901628
0.0161741 9.9964E-05 0.340605 0.0342528 9.9964E-05 9.9964E-05 9.9964E-05 0.0494611 0.559107
0.0256028 9.9973E-05 0.471125 0.102016 0.0368122 9.9973E-05 9.9973E-05 0.0217277 0.342416
0.051189 9.9964E-05 0.403299 0.0436544 0.0409189 9.9964E-05 9.9964E-05 9.9964E-05 0.460539
0.999201 9.993E-05 9.993E-05 9.993E-05 9.993E-05 9.993E-05 9.993E-05 9.993E-05 9.993E-05
0.0352137 9.9964E-05 0.354886 0.12425 9.9964E-05 9.9964E-05 9.9964E-05 0.016983 0.468267
9.9964E-05 0.348828 0.178757 9.9964E-05 9.9964E-05 0.0473918 0.249729 0.174895 9.9964E-05
0.0657721 0.349613 0.0528831 0.0599446 9.9982E-05 0.250219 0.167133 9.9982E-05 0.054234
9.9955E-05 0.500365 0.154317 9.9955E-05 9.9955E-05 0.04511 0.299708 9.9955E-05 9.9955E-05
9.9991E-05 0.379384 0.238482 0.0183482 0.00308398 0.0131963 0.200929 0.095839 0.050637
0.017186 0.435163 0.111342 0.0481885 9.9991E-05 0.161281 0.133706 0.0410406 0.0519922
9.9946E-05 9.9946E-05 0.309056 9.9946E-05 9.9946E-05 9.9946E-05 0.314666 0.375679 9.9946E-05
9.9973E-05 0.470707 9.9973E-05 0.151002 0.0100274 0.0485461 9.9973E-05 0.0254872 0.293931
9.9964E-05 0.440677 9.9964E-05 0.105828 0.149223 9.9964E-05 9.9964E-05 0.172182 0.13169
0.0620152 0.308375 0.0258866 0.0445768 9.9973E-05 9.9973E-05 9.9973E-05 0.0272192 0.531627
0.0068428 0.453149 9.9982E-05 0.115522 0.237541 0.0379814 9.9982E-05 0.0592304 0.089534
9.9955E-05 9.9955E-05 9.9955E-05 0.194367 0.263358 9.9955E-05 9.9955E-05 0.300316 0.24146
9.9982E-05 0.411141 9.9982E-05 0.116076 0.0489165 0.146575 0.101792 0.0345249 0.140775
9.9973E-05 0.439173 9.9973E-05 0.0593735 0.0707433 0.175667 9.9973E-05 0.0514591 0.203284
0.0588843 0.263068 0.00686873 0.0809933 0.0230453 0.0965272 9.9991E-05 0.0938029 0.37671
0.0150775 0.450671 0.106116 0.0520573 9.9991E-05 0.141738 0.063303 0.00238877 0.168548
9.9964E-05 0.142061 9.9964E-05 0.159421 0.120041 9.9964E-05 9.9964E-05 0.300714 0.277363
9.9964E-05 0.452015 9.9964E-05 0.13124 0.178265 9.9964E-05 9.9964E-05 0.0981861 0.139893
9.9964E-05 0.521533 9.9964E-05 0.0139779 9.9964E-05 0.145196 9.9964E-05 0.0593417 0.259551
9.9973E-05 0.42983 0.112977 0.121213 9.9973E-05 9.9973E-05 0.135907 0.127292 0.0724815
9.9955E-05 0.39978 9.9955E-05 9.9955E-05 0.207641 9.9955E-05 9.9955E-05 0.142907 0.249173
0.00167527 0.479114 9.9982E-05 0.0871126 0.147767 0.00224867 9.9982E-05 0.0841912 0.197692
9.9991E-05 0.424964 0.0302342 0.117207 0.124899 0.0998486 0.0607531 0.0521566 0.0898377
9.9973E-05 0.48557 9.9973E-05 0.126875 0.0240885 0.159876 9.9973E-05 0.0819252 0.121366
9.9982E-05 0.573018 9.9982E-05 0.0126718 0.129885 0.0610382 0.0688994 0.0439829 0.110305
9.9991E-05 0.424456 0.0745088 0.0694001 0.0321525 0.0858859 0.0980908 0.00936672 0.206039
0.0262029 0.464628 0.0577335 0.0450148 9.9991E-05 0.165698 0.00141082 0.106574 0.132638
0.0177269 0.196856 0.763388 9.9955E-05 9.9955E-05 9.9955E-05 0.0215293 9.9955E-05 9.9955E-05
0.0225751 0.125815 0.81237 0.00277744 0.0243667 0.00636728 0.00552896 9.9982E-05 9.9982E-05
9.9982E-05 0.0270876 0.803415 0.0529132 0.04575 0.059584 0.0106225 9.9982E-05 0.000427711
0.00174394 0.00559595 0.826537 0.0498843 0.0492915 0.0361476 0.0305999 9.9982E-05 9.9982E-05
0.0664718 0.0508286 0.746565 9.9964E-05 9.9964E-05 0.112152 0.023583 9.9964E-05 9.9964E-05
0.0336555 0.104692 9.9991E-05 0.0653973 0.0105792 0.15784 0.0574977 0.0353575 0.534881
9.9991E-05 0.593061 0.028922 0.0223261 0.134398 0.0385765 0.0013976 0.0570597 0.12416
0.0480315 0.380152 0.159383 0.107144 0.0586712 0.0363415 0.1785 0.00220903 0.0295677
0.117748 0.663902 9.9973E-05 9.9973E-05 0.0578246 9.9973E-05 0.0101393 0.0397884 0.110298
9.9964E-05 0.500527 0.079921 0.202092 9.9964E-05 0.0193024 9.9964E-05 9.9964E-05 0.197758
9.9964E-05 0.383332 9.9964E-05 0.023199 0.0631883 9.9964E-05 9.9964E-05 0.264538 0.265342
0.0451879 9.9982E-05 0.0792751 0.121605 0.014771 0.0438919 9.9982E-05 0.106142 0.588927
0.0432163 0.414783 9.9982E-05 0.0292942 9.9982E-05 0.216026 0.0346599 0.0722499 0.189571
0.0371193 0.140312 0.042277 0.0786315 0.116642 0.0759464 0.0192814 9.9991E-05 0.48969
0.026438 0.44312 0.0209279 0.135636 0.0526385 9.9982E-05 9.9982E-05 0.0937324 0.227307
0.0523332 0.148008 0.120144 0.0590823 0.190998 9.9973E-05 9.9973E-05 9.9973E-05 0.429135
0.0561401 0.537783 9.9982E-05 9.9982E-05 0.0416037 0.0823564 0.0420529 0.010148 0.229716
0.036286 0.218013 0.0604301 0.00702831 0.15261 0.0391911 0.0112746 9.9991E-05 0.475068
0.0413558 0.274524 0.098152 0.113612 0.126543 0.134488 0.140226 9.9991E-05 0.0709993
0.0160016 0.297793 0.00975228 0.0276799 0.142736 0.0471831 0.087103 0.0389331 0.332818
9.9973E-05 0.450536 0.0118591 9.9973E-05 0.116804 0.272387 9.9973E-05 0.0779263 0.0701876
9.9964E-05 0.0631128 0.0402269 9.9964E-05 0.305993 0.401969 9.9964E-05 0.188299 9.9964E-05
9.9973E-05 0.295356 0.0207696 0.0243849 9.9973E-05 0.482007 9.9973E-05 0.131902 0.0452806
0.0434271 0.440352 0.054265 0.0639067 0.0416872 0.18606 0.0507893 0.119413 9.9991E-05
9.9973E-05 0.139542 9.9973E-05 0.0694498 0.07323 0.389187 9.9973E-05 0.309023 0.0192687
0.0283766 0.41213 0.0827109 0.0502411 0.0442064 0.264418 0.0314569 0.0680557 0.0184046
0.00157164 0.453844 0.0840512 9.9982E-05 0.144922 0.278711 0.00257272 9.9982E-05 0.0341272
0.00795778 0.352312 0.00187357 0.0446323 0.0685851 0.355883 9.9982E-05 0.168557 9.9982E-05
9.9964E-05 9.9964E-05 9.9964E-05 0.233593 0.19145 0.2406 9.9964E-05 0.310977 0.0229802
9.9955E-05 9.9955E-05 9.9955E-05 0.0899708 0.120546 0.445419 9.9955E-05 0.343565 9.9955E-05
0.0366055 0.327853 9.9982E-05 0.0588115 0.0711586 0.342378 9.9982E-05 0.131724 0.031269
0.0207902 0.38051 0.0385383 9.9991E-05 0.0511772 0.0947962 0.142741 0.155085 0.116262
9.9964E-05 9.9964E-05 9.9964E-05 0.128303 0.187185 0.429394 9.9964E-05 0.233645 0.0210731
9.9973E-05 0.337531 0.0130827 0.165166 9.9973E-05 0.243691 9.9973E-05 0.135962 0.104268
0.0254923 0.102854 9.9982E-05 0.181355 0.0433703 9.9982E-05 0.0491667 0.0236229 0.573938
9.9964E-05 0.303374 9.9964E-05 0.101489 0.179381 9.9964E-05 9.9964E-05 0.0917 0.323657
0.0306055 0.454617 0.051659 0.0202761 0.158026 9.9982E-05 0.0197529 9.9982E-05 0.264864
0.00172814 0.687413 0.0438032 9.9973E-05 9.9973E-05 9.9973E-05 0.00356783 0.030178 0.23301
9.9964E-05 0.263397 9.9964E-05 0.159446 0.0301379 9.9964E-05 9.9964E-05 0.0896762 0.456943
0.0036627 0.501078 0.0259698 0.0722538 0.0453446 0.0804752 0.0276546 0.100138 0.143423
0.00924845 0.54203 0.0531233 0.058942 9.9982E-05 0.0702252 0.0772187 9.9982E-05 0.189012
9.9964E-05 0.61344 9.9964E-05 9.9964E-05 0.0386169 9.9964E-05 0.0126623 0.0690314 0.26585
0.0202002 0.54612 9.9982E-05 0.0450431 0.0480856 9.9982E-05 0.0173277 0.0201737 0.30285
0.047277 0.217272 9.9982E-05 0.205183 0.0237101 0.187626 0.0624348 9.9982E-05 0.256297
0.0072314 0.303866 9.9982E-05 0.136718 0.0567057 9.9982E-05 0.042837 0.00350288 0.448938
9.9964E-05 0.284668 9.9964E-05 0.136412 0.0889292 9.9964E-05 0.100719 9.9964E-05 0.388871
0.0199187 0.628221 0.0388443 0.0155478 0.0278201 9.9991E-05 0.000845004 0.0511036 0.2176
9.9982E-05 0.592844 0.0147092 0.0921924 0.031741 0.104519 9.9982E-05 0.0308198 0.132975
9.9973E-05 0.443709 9.9973E-05 0.0920771 0.101509 9.9973E-05 0.0166164 0.0958469 0.249941
9.9955E-05 0.576146 9.9955E-05 9.9955E-05 0.10417 9.9955E-05 9.9955E-05 0.11713 0.202055
0.0200307 0.418788 0.012324 9.9973E-05 9.9973E-05 0.106381 9.9973E-05 0.114594 0.327582
9.9973E-05 0.690792 9.9973E-05 0.0437222 0.0185211 0.0222725 0.00441001 9.9973E-05 0.219982
9.9973E-05 0.283741 9.9973E-05 0.00251769 0.0170607 0.235082 0.156422 9.9973E-05 0.304878
0.0255778 0.61693 0.0848665 0.0764997 0.0651398 9.9982E-05 9.9982E-05 0.0483409 0.0824451
0.0388046 0.394508 0.303362 0.0564546 9.9973E-05 0.113618 0.0929532 9.9973E-05 9.9973E-05
0.0315033 0.458895 0.142609 0.117056 9.9973E-05 9.9973E-05 0.15606 0.0935771 9.9973E-05
0.0401871 0.508255 0.112586 0.0821389 9.9982E-05 0.0979301 0.0518969 0.106806 9.9982E-05
0.0728359 0.559452 9.9973E-05 9.9973E-05 9.9973E-05 0.169743 0.0474475 0.073372 0.0768497
0.0102915 0.480504 0.169461 0.0132902 0.0812235 9.9991E-05 0.153076 0.0913474 0.000706297
9.9964E-05 0.541344 9.9964E-05 0.00560457 0.165415 9.9964E-05 9.9964E-05 0.139097 0.148139
0.0237291 0.548579 0.0926809 0.0508012 9.9991E-05 0.0931592 0.0446602 0.0981577 0.0481333
9.9982E-05 0.081836 0.127859 0.109371 0.0446251 9.9982E-05 0.0927172 0.496434 0.0469585
0.0448635 0.594439 0.112545 0.0263772 9.9982E-05 9.9982E-05 0.0292367 0.0819305 0.110408
0.0426566 0.480173 0.146097 0.053382 0.0392733 0.0572127 0.0946053 0.015856 0.0707439
0.0132185 0.445616 0.0730077 0.177856 9.9991E-05 0.00825461 0.165973 0.0317924 0.084181
0.085366 0.301726 0.0586866 0.0673348 0.0467802 9.9991E-05 0.11103 0.283699 0.0452776
9.9973E-05 0.538678 0.210249 0.0556146 9.9973E-05 0.0398203 0.0641673 0.0911713 9.9973E-05
0.060133 0.537063 0.100887 9.9982E-05 0.00441821 0.10444 0.0957755 0.0970841 9.9982E-05
0.0354827 9.9964E-05 0.325007 9.9964E-05 0.0161327 9.9964E-05 0.11828 0.504698 9.9964E-05
0.0831451 0.459914 0.145427 0.0429996 0.0026508 0.0255939 0.134056 0.0979593 0.00825452
0.0278219 0.560438 0.196926 0.0546896 9.9982E-05 0.021711 0.127908 0.0103045 9.9982E-05
9.9982E-05 0.601395 0.0351043 0.0357719 9.9982E-05 0.053669 0.111306 0.0988469 0.0637065
0.0442097 0.603991 0.163292 9.9964E-05 9.9964E-05 9.9964E-05 0.130636 0.0574706 9.9964E-05
0.0505791 0.39695 0.0847235 0.0186732 0.0673582 0.198826 0.182277 0.000511848 9.9991E-05
0.047279 0.376184 0.0573951 0.0253167 0.341244 0.100026 0.0523551 9.9982E-05 9.9982E-05
9.9991E-05 0.392419 0.0351175 0.136332 0.217906 0.10741 0.0264446 0.0312756 0.0529951
9.9946E-05 9.9946E-05 9.9946E-05 0.0460573 0.870997 9.9946E-05 9.9946E-05 9.9946E-05 0.0823457
0.0116379 0.481359 0.0942755 0.071164 0.103683 0.0729407 0.117091 0.00136288 0.046486
0.000814631 0.230995 0.0949453 0.125561 0.115652 0.313782 0.0803813 9.9991E-05 0.0377685
9.99549E-05 9.99549E-05 0.0215922 9.99549E-05 0.896812 9.99549E-05 9.99549E-05 0.0126857 0.0684107
9.9973E-05 0.354047 0.0305403 0.0358153 0.311933 0.153679 0.113686 9.9973E-05 9.9973E-05
0.0590057 0.311459 0.121047 0.0476741 0.102423 0.272215 0.0444674 9.9991E-05 0.0416086
9.9982E-05 0.468973 0.131943 9.9982E-05 0.061333 0.00561873 0.240304 0.0790234 0.0126046
0.0109712 0.364519 0.099287 9.9973E-05 0.210052 9.9973E-05 0.273659 0.0412117 9.9973E-05
0.0520879 0.1567 0.175622 9.9982E-05 0.137209 0.102753 0.214773 0.160656 9.9982E-05
0.0896313 0.342224 0.085561 9.9973E-05 0.183352 9.9973E-05 0.219945 0.0789868 9.9973E-05
0.0207206 0.405299 0.137391 0.0461554 0.0306418 0.0975301 0.199771 0.0623914 9.9991E-05
0.0149136 0.0426997 0.0506685 9.9982E-05 0.686035 0.0294615 0.0714288 0.104593 9.9982E-05
0.0261372 0.191918 0.076556 9.9973E-05 0.615322 9.9973E-05 0.0479887 0.0417784 9.9973E-05
9.9973E-05 0.518499 9.9973E-05 0.0306662 0.315713 0.0368176 0.0967939 9.9973E-05 0.00121021
0.0300695 0.379561 0.0457572 9.9973E-05 0.369668 0.0689205 0.105724 9.9973E-05 9.9973E-05
0.0299906 0.203823 9.9955E-05 9.9955E-05 0.672684 9.9955E-05 0.0930033 9.9955E-05 9.9955E-05
0.00361321 0.472381 0.066952 0.0493224 0.19052 0.162865 0.054146 9.9982E-05 9.9982E-05
9.9964E-05 0.402589 0.026805 9.9964E-05 0.321771 0.166854 0.0815819 9.9964E-05 9.9964E-05
0.0531953 0.468213 0.125057 9.9982E-05 0.15129 9.9982E-05 0.16669 0.0259594 0.00939487
0.00772651 0.267365 0.0228607 9.99769E-05 0.556326 0.117695 9.99769E-05 9.99769E-05 0.027727
0.0178059 0.150591 9.9982E-05 0.0298574 0.411175 0.285648 0.0426514 9.9982E-05 0.0620711
0.0162171 0.433403 0.202916 0.179105 0.0701887 0.0978709 9.9973E-05 9.9973E-05 9.9973E-05
9.9982E-05 0.475027 0.0586823 0.0477724 0.269706 0.0418914 0.038474 9.9982E-05 0.0682476
0.0665413 0.323613 0.00694276 9.9982E-05 0.364497 0.129404 0.0457911 9.9982E-05 0.0630111
0.020035 0.452976 0.120089 0.0236386 0.118577 0.123336 9.9991E-05 0.0778217 0.0634267
0.0105689 0.311549 0.110028 0.0511729 0.177289 0.218831 0.0522342 0.0682271 9.9991E-05
9.9973E-05 0.417085 9.9973E-05 0.00399166 0.350665 0.137061 9.9973E-05 0.0864516 0.00444568
9.9964E-05 0.0618396 0.0116971 9.9964E-05 0.725533 0.18377 9.9964E-05 9.9964E-05 0.0167605
9.9964E-05 0.508459 0.0134878 0.0727442 0.225545 0.179364 9.9964E-05 9.9964E-05 9.9964E-05
0.0295161 0.465308 0.0264955 0.0341265 0.0960088 0.124124 0.0800872 0.0429863 0.101347
9.9964E-05 0.246753 9.9964E-05 0.0232809 0.661865 0.0212377 9.9964E-05 9.9964E-05 0.0464636
0.000161483 0.380215 0.0402634 0.0588486 0.432582 0.0561613 9.9982E-05 9.9982E-05 0.0315676
0.0478595 0.397784 0.0802019 0.0551843 0.142919 0.217365 0.0202971 9.9991E-05 0.0382899
0.00200926 0.239048 9.9982E-05 0.0484811 0.297083 0.276746 0.0875385 9.9982E-05 0.0488945
0.0322734 0.433366 0.163087 0.00746922 0.0830121 0.121579 0.159013 9.9982E-05 9.9982E-05
9.9991E-05 0.324748 0.132519 0.00594428 0.101459 0.218689 0.120547 0.0518744 0.0441196
0.0356259 0.246286 0.112909 9.9982E-05 0.000643193 0.282837 0.195307 0.126192 9.9982E-05
0.0281301 0.392134 0.108562 9.9973E-05 9.9973E-05 0.234919 0.0861475 9.9973E-05 0.149807
0.0938763 0.303393 0.09012 9.9991E-05 0.142589 0.0732627 0.156172 0.0663146 0.0741723
0.0367586 0.212201 0.176107 9.9973E-05 0.0509693 0.335209 0.188456 9.9973E-05 9.9973E-05
0.00213633 0.28783 0.0748318 0.00937872 9.9991E-05 0.308566 0.131472 0.0910767 0.0946074
9.9973E-05 0.113083 0.0924143 9.9973E-05 0.164119 0.365378 0.21894 0.0457663 9.9973E-05
0.0390436 9.9964E-05 0.165745 9.9964E-05 0.596108 9.9964E-05 0.123498 0.0752059 9.9964E-05
9.9964E-05 0.425012 0.070417 9.9964E-05 0.110311 0.200518 0.193343 9.9964E-05 9.9964E-05
0.039753 9.9964E-05 0.261597 9.9964E-05 0.429245 9.9964E-05 0.127305 0.141701 9.9964E-05
9.9955E-05 0.550138 0.0433723 9.9955E-05 0.279867 9.9955E-05 0.126122 9.9955E-05 9.9955E-05
0.0208308 0.273741 0.177669 0.0392433 0.0481847 0.146995 0.125088 0.0665421 0.101706
9.9955E-05 9.9955E-05 9.9955E-05 0.170737 0.796718 0.00631623 9.9955E-05 0.0257286 9.9955E-05
0.0138281 9.9955E-05 9.9955E-05 0.0180002 0.893925 9.9955E-05 9.9955E-05 0.0737472 9.9955E-05
0.0390069 0.339564 9.9955E-05 9.9955E-05 0.495417 0.125512 9.9955E-05 9.9955E-05 9.9955E-05
0.0306521 0.539725 9.9964E-05 9.9964E-05 0.292312 0.0880816 0.0488295 9.9964E-05 9.9964E-05
9.9955E-05 0.301574 9.9955E-05 0.00524661 0.563141 0.129538 9.9955E-05 9.9955E-05 9.9955E-05
0.0212453 0.559836 9.9955E-05 0.0645433 0.353876 9.9955E-05 9.9955E-05 9.9955E-05 9.9955E-05
9.9937E-05 0.541914 9.9937E-05 9.9937E-05 0.457386 9.9937E-05 9.9937E-05 9.9937E-05 9.9937E-05
0.0864363 0.0818829 0.710903 9.9964E-05 0.102877 9.9964E-05 0.0175015 9.9964E-05 9.9964E-05
0.0689928 9.9964E-05 0.665432 9.9964E-05 0.0181383 9.9964E-05 0.101013 9.9964E-05 0.146024
0.0382406 0.0192862 0.836346 9.9964E-05 9.9964E-05 9.9964E-05 0.0474036 9.9964E-05 0.0583238
0.1243 0.051776 0.823324 9.9946E-05 9.9946E-05 9.9946E-05 9.9946E-05 9.9946E-05 9.9946E-05
0.058874 0.426544 0.0148812 0.391597 9.9973E-05 0.0936692 9.9973E-05 0.0141353 9.9973E-05
0.0191361 0.296851 9.9991E-05 0.21065 0.0296136 0.256839 0.0447174 0.0610058 0.0810871
0.0541776 0.312202 9.9964E-05 0.380931 9.9964E-05 0.198956 9.9964E-05 9.9964E-05 0.0533338
9.9973E-05 0.441921 0.0735837 0.240142 9.9973E-05 0.157495 0.052791 9.9973E-05 0.033767
9.9991E-05 0.301541 0.054575 0.250312 0.0313 0.229043 0.0466988 0.0190284 0.067402
9.9982E-05 0.184709 0.0533505 0.517486 0.0101195 0.096752 9.9982E-05 0.00900553 0.128378
9.9964E-05 0.518341 9.9964E-05 0.298716 0.0491497 9.9964E-05 0.0772691 9.9964E-05 0.0561248
0.0280362 0.252897 9.9955E-05 0.604098 9.9955E-05 9.9955E-05 9.9955E-05 0.114469 9.9955E-05
0.032473 0.396686 0.207194 9.9982E-05 0.0316781 0.188291 0.1034 0.0400777 9.9982E-05
9.9982E-05 0.325265 9.9982E-05 0.44967 0.0227494 0.0655509 0.0659717 0.0316438 0.0389498
0.03071 0.30736 9.9973E-05 0.487653 9.9973E-05 0.112287 9.9973E-05 0.00977704 0.0519137
0.00637748 0.462882 0.0392693 0.130864 0.0680153 0.111914 0.114579 9.9991E-05 0.0659976
0.0105319 0.510194 0.00285061 0.302368 0.0711041 0.0292285 9.9982E-05 9.9982E-05 0.0735225
0.0301674 0.325263 0.00311499 0.492284 0.0954206 0.0362797 0.010844 9.9991E-05 0.00652607
9.9973E-05 0.489986 9.9973E-05 0.307748 0.0651607 0.105677 0.000751573 0.0303769 9.9973E-05
