0.0688067 0.156073 9.9973E-05 9.9973E-05 0.0256715 0.0226436 0.722437 0.0040686 9.9973E-05
9.9946E-05 0.0893096 9.9946E-05 0.0628342 9.9946E-05 9.9946E-05 0.847257 9.9946E-05 9.9946E-05
0.0645517 0.0288255 0.00647921 0.0300509 0.0289414 0.0919115 0.738743 0.0103964 9.9991E-05
9.9973E-05 0.134739 9.9973E-05 0.00693448 0.0868852 0.0480063 0.715483 9.9973E-05 0.00765213
9.9955E-05 0.194474 9.9955E-05 9.9955E-05 9.9955E-05 0.0235595 0.769509 9.9955E-05 0.0119578
0.0135974 0.887238 9.9955E-05 9.9955E-05 9.9955E-05 0.0543892 9.9955E-05 0.0442753 9.9955E-05
9.993E-05 0.999201 9.993E-05 9.993E-05 9.993E-05 9.993E-05 9.993E-05 9.993E-05 9.993E-05
9.9937E-05 0.979157 9.9937E-05 9.9937E-05 0.0201433 9.9937E-05 9.9937E-05 9.9937E-05 9.9937E-05
9.99549E-05 0.152657 9.99549E-05 0.0836391 0.100692 9.99549E-05 0.662512 9.99549E-05 9.99549E-05
9.9955E-05 0.92739 0.0052 9.9955E-05 9.9955E-05 0.0628053 9.9955E-05 0.0041052 9.9955E-05
9.9955E-05 0.865963 9.9955E-05 9.9955E-05 0.0392345 9.9955E-05 0.0681464 0.0261559 9.9955E-05
0.00960823 0.0590014 9.9973E-05 0.0549827 0.313833 0.149625 9.9973E-05 0.41265 9.9973E-05
0.0671253 0.0163047 9.9982E-05 0.0888456 0.355988 0.0918152 9.9982E-05 0.246638 0.133083
9.9973E-05 9.9973E-05 9.9973E-05 0.0896645 0.242382 0.124557 0.143924 0.271686 0.127487
0.0479479 0.00260824 0.0698363 0.0439785 0.465829 0.0493767 0.014539 0.305784 9.9991E-05
0.0513956 0.00690547 0.0870158 9.9982E-05 0.277532 0.18851 9.9982E-05 0.335503 0.0529384
0.0400999 9.9982E-05 9.9982E-05 0.021861 0.288036 0.158944 0.02782 0.386019 0.0770202
0.001102 0.00169744 9.9982E-05 0.136619 0.299728 0.18029 0.0457188 0.334645 9.9982E-05
0.0576787 0.0147476 9.9982E-05 0.0467251 0.338727 0.0558908 9.9982E-05 0.347435 0.138596
0.999201 9.993E-05 9.993E-05 9.993E-05 9.993E-05 9.993E-05 9.993E-05 9.993E-05 9.993E-05
0.999201 9.993E-05 9.993E-05 9.993E-05 9.993E-05 9.993E-05 9.993E-05 9.993E-05 9.993E-05
0.311737 9.9973E-05 9.9973E-05 0.0066508 0.00957263 0.0999472 0.510815 0.0609779 9.9973E-05
0.195465 0.0409351 9.9973E-05 0.0460681 9.9973E-05 0.0951295 0.518368 0.103734 9.9973E-05
9.9982E-05 0.0331559 9.9982E-05 0.00897356 0.461016 0.125581 0.0809664 0.244707 0.0453993
0.0407449 0.0520148 9.9973E-05 0.0152466 0.00650854 0.0111281 9.9973E-05 0.874057 9.9973E-05
0.000350231 9.9973E-05 0.148216 0.000950059 9.9973E-05 0.0875289 9.9973E-05 0.629103 0.133552
9.9964E-05 0.077305 0.167014 0.124948 9.9964E-05 9.9964E-05 9.9964E-05 0.578582 0.0517516
0.0149776 9.9964E-05 9.9964E-05 0.15569 0.359556 9.9964E-05 9.9964E-05 0.331582 0.137794
0.00781021 0.0500171 0.204442 0.155443 0.112854 0.0118142 9.9991E-05 0.379026 0.0784935
0.0138196 9.9991E-05 0.0285121 0.0935788 0.247388 0.0548005 0.0473433 0.456684 0.0577742
0.0505633 0.0724621 9.9982E-05 0.194197 0.241541 9.9982E-05 0.0987633 0.304416 0.0378572
0.0965704 9.9973E-05 0.205036 9.9973E-05 0.394084 9.9973E-05 0.00277375 0.298473 0.00276278
0.0374273 0.0148334 0.0207224 0.0976987 0.212062 0.102301 9.9991E-05 0.401551 0.113305
0.0476206 9.9991E-05 0.158313 0.0208228 0.314733 0.0361135 0.00933449 0.347088 0.0658747
0.0534878 9.9955E-05 9.9955E-05 9.9955E-05 0.0346494 0.0867197 9.9955E-05 0.824643 9.9955E-05
0.00987225 0.0111195 0.0737042 9.9964E-05 9.9964E-05 9.9964E-05 0.0132087 0.891695 9.9964E-05
9.9946E-05 0.0260178 0.0836207 9.9946E-05 9.9946E-05 9.9946E-05 9.9946E-05 0.889762 9.9946E-05
9.99461E-05 9.99461E-05 9.99461E-05 9.99461E-05 9.99461E-05 0.0811654 0.0240775 0.894157 9.99461E-05
9.9955E-05 9.9955E-05 9.9955E-05 9.9955E-05 0.164546 0.0649178 0.0725521 0.697485 9.9955E-05
0.0184228 0.0513659 9.99701E-05 9.99701E-05 0.209526 0.0771743 9.99701E-05 0.643111 9.99701E-05
9.9973E-05 0.0137608 0.133129 0.0751275 9.9973E-05 9.9973E-05 0.00836359 0.709871 0.059448
0.0777081 0.0185608 9.9973E-05 9.9973E-05 0.0503458 0.059203 0.754773 0.0391089 9.9973E-05
0.142859 0.00215596 0.0139408 9.9973E-05 9.9973E-05 0.000230729 0.829266 0.0112472 9.9973E-05
0.125836 9.9964E-05 9.9964E-05 0.0347195 9.9964E-05 0.0310098 0.787162 0.0208721 9.9964E-05
0.0637539 9.9955E-05 9.9955E-05 0.0811719 9.9955E-05 0.0260669 0.828508 9.9955E-05 9.9955E-05
0.0841178 0.0402538 9.9973E-05 0.0706705 9.9973E-05 0.0809652 0.712702 9.9973E-05 0.0109906
0.0470984 0.0963239 9.9964E-05 0.051214 9.9964E-05 0.0566519 0.748312 9.9964E-05 9.9964E-05
0.0301167 0.150701 9.9964E-05 0.0485912 9.9964E-05 0.0284219 0.741769 9.9964E-05 9.9964E-05
9.9964E-05 0.0538465 9.9964E-05 9.9964E-05 0.00338214 9.9964E-05 0.0423539 0.862558 0.0374595
9.9955E-05 0.0166224 9.9955E-05 9.9955E-05 0.15055 9.9955E-05 0.0326033 0.799725 9.9955E-05
9.9955E-05 0.025371 0.0987832 9.9955E-05 9.9955E-05 0.202029 9.9955E-05 0.673317 9.9955E-05
0.00932319 0.0301911 9.9982E-05 0.183002 0.24186 0.0496319 9.9982E-05 0.26683 0.218961
0.00103667 9.9982E-05 9.9982E-05 0.0116485 0.324266 0.189094 0.0219644 0.367702 0.0840887
0.00112036 9.9991E-05 0.0778054 0.137763 0.184503 0.0755414 0.0349092 0.269465 0.218793
0.00506789 9.9982E-05 0.0783269 0.0946515 0.279769 0.0570302 9.9982E-05 0.24194 0.243015
0.00306722 9.9973E-05 9.9973E-05 9.9973E-05 0.272534 0.0373883 0.107581 0.344922 0.234208
9.9964E-05 9.9964E-05 9.9964E-05 9.9964E-05 0.389525 0.150209 0.0327281 0.341233 0.085905
0.0207432 9.9982E-05 0.127784 0.115898 0.19841 0.0778859 9.9982E-05 0.370549 0.0885304
0.0296802 0.0539788 0.653332 0.0515113 0.0974498 9.9991E-05 0.0658569 0.0391007 0.00899064
0.0387427 0.0118568 0.224535 0.274469 0.0921524 0.0530021 9.9991E-05 0.229052 0.0760905
0.0384479 9.9973E-05 0.531636 9.9973E-05 0.102736 9.9973E-05 0.103965 0.121425 0.10149
0.0197166 9.9982E-05 0.329882 0.0342391 0.0953505 0.16838 9.9982E-05 0.187846 0.164386
0.0509772 9.9991E-05 0.321862 0.154478 0.000895217 0.0741161 0.0487281 0.320601 0.0282416
9.9964E-05 9.9964E-05 0.485468 9.9964E-05 0.0673941 0.0636739 9.9964E-05 0.346144 0.0369198
0.0455967 0.0739132 0.223601 0.141331 9.9982E-05 0.27277 0.172214 0.0703736 9.9982E-05
9.9955E-05 0.0909984 9.9955E-05 0.661823 9.9955E-05 0.0272392 0.21944 9.9955E-05 9.9955E-05
0.0500091 0.176018 0.033873 0.646658 9.9973E-05 0.0616495 0.0314927 9.9973E-05 9.9973E-05
0.0212323 0.0818806 0.118254 0.265315 0.0125066 0.267548 0.233063 9.9982E-05 9.9982E-05
0.0216135 9.9964E-05 0.584423 9.9964E-05 9.9964E-05 0.0974284 9.9964E-05 0.153421 0.142715
9.9955E-05 9.9955E-05 0.708113 9.9955E-05 9.9955E-05 0.0639921 9.9955E-05 0.0538877 0.173507
0.0295306 9.9973E-05 0.573929 9.9973E-05 0.0219276 0.022621 9.9973E-05 0.226844 0.124848
9.9973E-05 9.9973E-05 0.00554852 0.0254701 0.0135426 0.871132 0.0510886 9.9973E-05 0.0329178
9.9964E-05 9.9964E-05 0.0292817 9.9964E-05 0.0278621 0.921167 0.0177269 0.00356292 9.9964E-05
9.99371E-05 9.99371E-05 9.99371E-05 0.02521 9.99371E-05 0.97409 9.99371E-05 9.99371E-05 9.99371E-05
9.9955E-05 0.00045619 9.9955E-05 0.00300502 0.0860299 0.910009 9.9955E-05 9.9955E-05 9.9955E-05
9.9937E-05 9.9937E-05 9.9937E-05 9.9937E-05 0.0657358 0.933565 9.9937E-05 9.9937E-05 9.9937E-05
9.9937E-05 9.9937E-05 0.00337091 9.9937E-05 9.9937E-05 0.99593 9.9937E-05 9.9937E-05 9.9937E-05
0.0270719 9.9937E-05 9.9937E-05 9.9937E-05 9.9937E-05 0.972229 9.9937E-05 9.9937E-05 9.9937E-05
0.0213376 9.9946E-05 9.9946E-05 9.9946E-05 9.9946E-05 0.955591 9.9946E-05 0.0224717 9.9946E-05
9.9946E-05 0.0143259 9.9946E-05 9.9946E-05 9.9946E-05 0.934918 9.9946E-05 9.9946E-05 0.0501569
9.9955E-05 0.0512327 9.9955E-05 9.9955E-05 9.9955E-05 0.853174 0.0604921 9.9955E-05 0.0346017
0.020863 0.0242423 9.9946E-05 9.9946E-05 9.9946E-05 0.954295 9.9946E-05 9.9946E-05 9.9946E-05
9.9973E-05 9.9973E-05 0.00928325 9.9973E-05 0.0192645 0.836151 0.0851692 0.0482912 0.0015414
9.9964E-05 0.040086 0.524954 0.204691 9.9964E-05 0.0285054 0.201364 9.9964E-05 9.9964E-05
0.0698561 0.0524681 0.481161 0.195745 9.9982E-05 0.0844498 0.0946918 0.021428 9.9982E-05
0.0401106 0.0260881 0.204897 0.242295 9.9991E-05 0.117039 0.126309 0.213359 0.0298029
9.9955E-05 0.0530657 0.0835618 9.9955E-05 0.0647414 9.9955E-05 0.798131 9.9955E-05 9.9955E-05
0.0726051 9.9955E-05 9.9955E-05 0.055483 9.9955E-05 0.0588932 0.812519 9.9955E-05 9.9955E-05
0.0568316 9.9955E-05 9.9955E-05 9.9955E-05 0.00246455 9.9955E-05 0.913816 0.0263884 9.9955E-05
0.0134763 9.9955E-05 0.0411143 9.9955E-05 0.0500026 9.9955E-05 0.894907 9.9955E-05 9.9955E-05
0.124065 0.0330689 9.9973E-05 0.0807851 0.0296303 0.0130373 0.719113 9.9973E-05 9.9973E-05
0.0620504 0.0380468 9.9973E-05 0.0720151 9.9973E-05 0.0304763 0.787101 9.9973E-05 0.0100108
0.00462783 0.126488 9.9964E-05 9.9964E-05 0.0175854 0.0751695 0.775729 9.9964E-05 9.9964E-05
0.0157015 0.106399 9.9964E-05 0.00390225 9.9964E-05 9.9964E-05 0.812744 9.9964E-05 0.0608543
0.00196775 9.9964E-05 9.9964E-05 0.00316295 9.9964E-05 0.0303529 0.901457 9.9964E-05 0.06266
0.0228338 9.9955E-05 9.9955E-05 0.122261 9.9955E-05 0.0520734 0.802332 9.9955E-05 9.9955E-05
0.0410254 0.0273355 9.9973E-05 9.9973E-05 0.160651 9.9973E-05 0.578742 0.169058 0.0228888
0.00358049 0.0490042 9.9982E-05 0.0461791 0.269125 9.9982E-05 0.559658 0.0614747 0.0107778
0.0433434 0.0412246 9.9982E-05 0.101564 0.152057 9.9982E-05 0.430301 0.144528 0.0867815
9.9973E-05 0.0150343 0.0575323 9.9973E-05 0.27411 9.9973E-05 0.483818 0.147658 0.0215473
0.0266269 0.0213178 0.0534474 9.9982E-05 0.461276 0.017361 9.9982E-05 0.399853 0.0199175
9.9964E-05 9.9964E-05 0.158258 9.9964E-05 0.0266938 0.155429 9.9964E-05 0.634073 0.0251463
9.9964E-05 0.00571396 0.0894146 0.0308866 9.9964E-05 9.9964E-05 9.9964E-05 0.763097 0.110488
9.9964E-05 9.9964E-05 0.0746641 0.068441 9.9964E-05 0.0776553 9.9964E-05 0.613868 0.164972
9.9946E-05 9.9946E-05 9.9946E-05 9.9946E-05 0.141686 9.9946E-05 0.109994 0.74772 9.9946E-05
9.9955E-05 0.113511 0.0661383 0.0127037 0.807147 9.9955E-05 9.9955E-05 9.9955E-05 9.9955E-05
9.9955E-05 0.0647194 0.185006 9.9955E-05 0.749584 0.000190552 9.9955E-05 9.9955E-05 9.9955E-05
9.9937E-05 9.9937E-05 0.109596 9.9937E-05 0.889704 9.9937E-05 9.9937E-05 9.9937E-05 9.9937E-05
9.9946E-05 9.9946E-05 0.063005 9.9946E-05 0.878906 9.9946E-05 0.0574892 9.9946E-05 9.9946E-05
0.0333291 9.9955E-05 0.0742553 9.9955E-05 0.87196 0.0199559 9.9955E-05 9.9955E-05 9.9955E-05
9.9955E-05 0.0215024 0.0350263 9.9955E-05 0.854419 0.0885527 9.9955E-05 9.9955E-05 9.9955E-05
0.0131813 9.9955E-05 0.0441134 9.9955E-05 9.9955E-05 0.0829187 0.859287 9.9955E-05 9.9955E-05
0.00438625 0.0750035 9.9973E-05 0.0838368 0.0508706 0.0580031 0.7276 9.9973E-05 9.9973E-05
0.0251569 9.9955E-05 0.0541813 9.9955E-05 9.9955E-05 0.206131 0.714031 9.9955E-05 9.9955E-05
0.0225094 0.000715108 0.0336177 0.0221683 0.0937211 0.124874 0.702162 9.9991E-05 0.000132848
9.9982E-05 0.0788618 0.0125663 0.0179677 0.0226792 0.129087 0.701743 0.0368953 9.9982E-05
9.9964E-05 0.11106 9.9964E-05 0.0558553 0.559548 9.9964E-05 0.267896 0.00524146 9.9964E-05
9.9973E-05 0.190491 0.10704 0.00390056 0.39684 9.9973E-05 0.294886 9.9973E-05 0.00654209
9.9955E-05 0.171793 9.9955E-05 9.9955E-05 0.45103 9.9955E-05 0.319506 9.9955E-05 0.057171
0.995739 9.9937E-05 9.9937E-05 9.9937E-05 0.00356099 9.9937E-05 9.9937E-05 9.9937E-05 9.9937E-05
0.0257761 0.131993 0.0831446 9.9973E-05 0.475653 9.9973E-05 0.238467 0.0446667 9.9973E-05
9.9973E-05 9.9973E-05 9.9973E-05 0.26558 0.0501192 0.395555 0.124505 0.0808253 0.0831162
9.9964E-05 0.136951 0.0534592 0.358874 9.9964E-05 0.256971 0.193345 9.9964E-05 9.9964E-05
9.9982E-05 9.9982E-05 0.138268 0.0675665 0.1821 0.0722413 0.06022 0.184076 0.295328
0.0656117 0.112619 9.9973E-05 9.9973E-05 0.368091 0.0484032 9.9973E-05 0.170186 0.23479
9.9982E-05 9.9982E-05 0.0306682 0.00115384 0.15911 0.163825 0.0134693 0.328283 0.30329
9.9964E-05 9.9964E-05 0.126415 0.150975 0.131427 9.9964E-05 9.9964E-05 0.261729 0.329054
0.0295206 9.9973E-05 9.9973E-05 0.14924 0.377997 0.032165 9.9973E-05 0.360867 0.049911
9.9964E-05 9.9964E-05 0.0512044 0.19124 0.222593 9.9964E-05 9.9964E-05 0.375069 0.159494
9.9964E-05 9.9964E-05 9.9964E-05 0.124303 0.221461 0.138255 9.9964E-05 0.257821 0.25776
9.9982E-05 9.9982E-05 0.0307786 0.0115727 0.263709 0.15237 0.0310233 0.19914 0.311206
0.00393564 9.9955E-05 9.9955E-05 9.9955E-05 9.9955E-05 0.140266 0.781259 9.9955E-05 0.0740398
0.0223038 0.0292481 9.9964E-05 9.9964E-05 9.9964E-05 0.0724224 0.78095 0.0946759 9.9964E-05
9.9982E-05 0.0906653 0.0171057 9.9982E-05 0.0216843 0.0429395 0.719483 0.015548 0.0923739
0.0125813 9.9973E-05 9.9973E-05 9.9973E-05 0.00748625 0.00383236 0.83138 0.0439374 0.100482
0.0431716 0.00999516 0.0757211 9.9964E-05 9.9964E-05 0.0635624 0.80715 9.9964E-05 9.9964E-05
0.0363217 9.9991E-05 0.00318749 0.0947165 0.444097 0.0603439 0.0118415 0.233746 0.115646
0.0115632 9.9973E-05 9.9973E-05 0.197161 0.312839 0.112607 9.9973E-05 0.121723 0.243807
0.0423389 9.9973E-05 9.9973E-05 0.171612 0.459701 9.9973E-05 0.0244872 0.262826 0.0387342
9.9973E-05 0.0243162 9.9973E-05 9.9973E-05 0.441046 0.114378 0.0521916 0.130135 0.237633
0.034889 9.9991E-05 0.0616546 0.0150603 0.387978 0.0708377 0.139283 0.184218 0.105979
0.0375927 0.00402804 9.9991E-05 0.0242004 0.457752 0.0501087 0.0578069 0.23801 0.130401
0.0274242 9.9991E-05 0.197831 0.0179274 0.18683 0.151479 0.0650586 0.203899 0.14945
0.00528422 9.9964E-05 0.670474 9.9964E-05 0.0547784 0.0852504 9.9964E-05 0.183813 9.9964E-05
9.9973E-05 0.00197729 0.775183 0.0257495 0.0658816 9.9973E-05 9.9973E-05 0.0572183 0.0736901
0.0260697 9.9964E-05 0.640413 0.0819152 9.9964E-05 9.9964E-05 9.9964E-05 0.124353 0.126849
9.9964E-05 0.0471292 0.605612 9.9964E-05 0.0769026 9.9964E-05 9.9964E-05 0.114933 0.155023
0.0272474 9.9973E-05 9.9973E-05 0.0542977 0.475072 0.0207817 9.9973E-05 0.403522 0.0187794
9.9973E-05 9.9973E-05 0.0327313 0.118778 0.271845 0.0588628 9.9973E-05 0.275133 0.24235
0.000186397 9.9973E-05 9.9973E-05 0.0599336 0.422313 0.0849292 9.9973E-05 0.287678 0.14466
9.9964E-05 9.9964E-05 9.9964E-05 0.0328246 0.41729 0.164496 9.9964E-05 0.315969 0.0690205
9.9973E-05 9.9973E-05 0.207588 0.371046 9.9973E-05 0.0780194 0.0978629 0.212271 0.0329135
0.0566934 9.9973E-05 9.9973E-05 0.53235 9.9973E-05 0.102383 0.241644 0.0375317 0.0290985
9.9937E-05 9.9937E-05 9.9937E-05 9.9937E-05 9.9937E-05 9.9937E-05 9.9937E-05 0.0199789 0.979322
9.9946E-05 9.9946E-05 0.0839217 9.9946E-05 9.9946E-05 9.9946E-05 0.0457415 9.9946E-05 0.869737
0.0137865 0.0554465 0.0273337 0.0903814 9.9991E-05 0.391256 0.0501934 0.141094 0.230408
0.0838258 9.9964E-05 9.9964E-05 0.0906493 9.9964E-05 0.301312 0.119598 9.9964E-05 0.404215
9.9955E-05 0.101879 9.9955E-05 0.159288 9.9955E-05 0.0319717 9.9955E-05 9.9955E-05 0.706361
0.0574056 9.9964E-05 9.9964E-05 0.108387 9.9964E-05 0.0464927 0.105501 9.9964E-05 0.681814
0.00208479 0.0705929 9.9973E-05 9.9973E-05 9.9973E-05 0.235826 0.0320581 0.161127 0.498012
0.0248338 9.9964E-05 9.9964E-05 0.0418446 9.9964E-05 0.149925 0.0464405 9.9964E-05 0.736556
9.9973E-05 0.0343478 0.0104986 9.9973E-05 0.0793251 0.0114799 0.0384399 9.9973E-05 0.825609
0.00996949 9.9973E-05 0.0200644 9.9973E-05 0.0192017 0.0343596 0.0744897 9.9973E-05 0.841615
0.0353941 0.233477 9.9973E-05 0.0485215 9.9973E-05 0.0308131 0.0325027 9.9973E-05 0.618991
9.9964E-05 0.330574 9.9964E-05 0.201491 9.9964E-05 0.055731 0.0791501 9.9964E-05 0.332654
0.00605258 9.9946E-05 9.9946E-05 9.9946E-05 9.9946E-05 9.9946E-05 9.9946E-05 0.035799 0.957549
0.0554247 0.0119998 9.9955E-05 9.9955E-05 9.9955E-05 9.9955E-05 9.9955E-05 0.0566507 0.875425
0.0431553 0.0102599 9.9973E-05 9.9973E-05 0.0206903 0.108023 9.9973E-05 0.138452 0.679119
0.037687 9.9964E-05 0.106773 9.9964E-05 9.9964E-05 0.0911162 9.9964E-05 0.0629507 0.701073
0.0661735 0.0202479 0.0336909 0.0285052 0.0275098 0.025556 0.683378 9.9991E-05 0.114839
9.9982E-05 0.136678 9.9982E-05 0.017054 0.0347533 0.0955116 0.655191 0.0368421 0.0237694
0.0192461 9.9955E-05 9.9955E-05 9.9955E-05 0.0136758 0.0653808 0.901198 9.9955E-05 9.9955E-05
0.0982052 0.0480446 0.0083268 9.9955E-05 9.9955E-05 9.9955E-05 0.844924 9.9955E-05 9.9955E-05
9.997E-05 9.997E-05 0.0800745 9.997E-05 0.168723 0.0354408 0.0688707 0.566972 0.0796184
0.0120323 0.0264504 9.99461E-05 9.99461E-05 9.99461E-05 9.99461E-05 9.99461E-05 0.960918 9.99461E-05
9.9964E-05 9.9964E-05 0.169254 9.9964E-05 9.9964E-05 0.10948 0.0323417 0.657235 0.03129
9.9946E-05 9.9946E-05 0.182329 0.0196877 9.9946E-05 9.9946E-05 9.9946E-05 0.797384 9.9946E-05
9.9946E-05 9.9946E-05 0.270513 0.123445 9.9946E-05 9.9946E-05 9.9946E-05 0.605442 9.9946E-05
9.99461E-05 9.99461E-05 9.99461E-05 0.14171 9.99461E-05 9.99461E-05 9.99461E-05 0.787341 0.0703498
0.00268921 0.0681286 9.9982E-05 9.9982E-05 0.108832 0.0461779 0.0251018 0.718039 0.0308318
0.0160227 9.9964E-05 0.137076 9.9964E-05 9.9964E-05 0.0955384 9.9964E-05 0.740575 0.010388
0.0271978 0.0557737 9.9964E-05 9.9964E-05 0.26816 9.9964E-05 0.60997 0.0384984 9.9964E-05
0.0198057 9.9982E-05 9.9982E-05 0.121148 0.162359 0.00978231 0.66088 0.0106558 0.0151689
0.0833809 9.9955E-05 9.9955E-05 0.0427956 0.152742 9.9955E-05 0.720582 9.9955E-05 9.9955E-05
0.0885865 0.0186978 9.9964E-05 0.034131 0.125145 9.9964E-05 0.73304 9.9964E-05 9.9964E-05
0.0522757 9.9955E-05 0.0871113 9.9955E-05 0.178977 9.9955E-05 0.681136 9.9955E-05 9.9955E-05
9.9964E-05 0.0403632 9.9964E-05 9.9964E-05 0.101588 0.0663628 0.0398755 0.751411 9.9964E-05
0.0588592 0.0399662 0.0899398 9.9973E-05 0.0938415 9.9973E-05 0.017919 0.699174 9.9973E-05
9.9955E-05 9.9955E-05 0.086494 9.9955E-05 9.9955E-05 0.0319478 9.9955E-05 0.826069 0.0549897
9.9964E-05 9.9964E-05 0.0862766 9.9964E-05 0.101916 0.0895017 0.0391943 0.682712 9.9964E-05
0.0484655 9.9964E-05 0.110095 9.9964E-05 0.117064 0.115443 9.9964E-05 0.608533 9.9964E-05
0.0678509 0.124995 0.0106725 0.138011 9.9982E-05 0.553768 0.090516 9.9982E-05 0.0139868
0.0170387 0.0879816 0.519564 9.9982E-05 0.206914 0.0710354 0.05841 0.0388557 9.9982E-05
0.00335994 9.99595E-05 0.781486 9.99595E-05 9.99595E-05 0.0394602 0.175194 9.99595E-05 9.99595E-05
9.9955E-05 9.9955E-05 9.9955E-05 0.904849 9.9955E-05 0.019843 9.9955E-05 0.0685856 0.00622302
0.00606433 9.9946E-05 0.0423568 0.950979 9.9946E-05 9.9946E-05 9.9946E-05 9.9946E-05 9.9946E-05
0.00634924 0.00832376 9.9982E-05 0.764382 0.0731858 0.0513628 0.0241262 0.0720703 9.9982E-05
9.9955E-05 0.0243178 9.9955E-05 0.84401 9.9955E-05 0.0729646 0.0582084 9.9955E-05 9.9955E-05
9.9982E-05 9.9982E-05 0.0885725 0.353639 0.0164852 0.106528 0.239498 0.0794185 0.115659
0.0480369 9.9955E-05 9.9955E-05 0.863094 0.0752278 9.9955E-05 9.9955E-05 0.0131416 9.9955E-05
0.0452545 9.9982E-05 9.9982E-05 0.555581 0.0140115 0.145006 0.00997922 0.152035 0.0779336
9.9937E-05 9.9937E-05 9.9937E-05 0.975681 9.9937E-05 9.9937E-05 0.0236197 9.9937E-05 9.9937E-05
9.9982E-05 0.0860478 0.143792 0.211459 9.9982E-05 0.243377 0.239213 0.0632741 0.0126372
0.0592202 0.0467734 9.9982E-05 0.181824 9.9982E-05 0.337632 0.17439 0.165061 0.0348995
0.0207747 9.9973E-05 0.00283209 0.0271397 0.130985 9.9973E-05 0.759644 9.9973E-05 0.0583248
9.9955E-05 0.0244137 9.9955E-05 9.9955E-05 0.933282 9.9955E-05 0.0192777 9.9955E-05 0.022527
0.0252458 9.9946E-05 9.9946E-05 0.00332344 0.970831 9.9946E-05 9.9946E-05 9.9946E-05 9.9946E-05
9.9955E-05 0.0172665 9.9955E-05 0.0450869 0.92607 9.9955E-05 9.9955E-05 9.9955E-05 0.0110767
9.9946E-05 9.9946E-05 0.0014661 9.9946E-05 0.918605 0.0793296 9.9946E-05 9.9946E-05 9.9946E-05
0.0330551 9.9955E-05 0.0447798 9.9955E-05 0.912081 0.00958429 9.9955E-05 9.9955E-05 9.9955E-05
0.0349054 0.054127 9.9964E-05 9.9964E-05 0.847857 9.9964E-05 0.0223609 0.04035 9.9964E-05
0.00266162 9.9946E-05 9.9946E-05 9.9946E-05 0.746344 9.9946E-05 0.250394 9.9946E-05 9.9946E-05
0.0233174 9.9964E-05 9.9964E-05 0.0270466 9.9964E-05 0.0184776 0.876582 0.0541762 9.9964E-05
0.0527117 0.118566 0.0139359 9.9982E-05 0.139413 9.9982E-05 0.64067 0.0052569 0.0292457
0.0807022 0.0812738 0.0461504 9.9964E-05 9.9964E-05 0.0461653 0.745308 9.9964E-05 9.9964E-05
0.0357606 0.0133903 0.0595442 0.0661794 0.0577229 9.9982E-05 0.759342 9.9982E-05 0.0078601
9.9964E-05 0.0217287 0.0114308 0.0607319 9.9964E-05 0.0407268 0.864982 9.9964E-05 9.9964E-05
9.9964E-05 0.0517203 0.0637835 9.9964E-05 0.0527105 0.0238916 0.807494 9.9964E-05 9.9964E-05
0.0412771 0.139363 0.0197467 9.9973E-05 9.9973E-05 0.0884327 0.70872 9.9973E-05 0.00216035
0.0141134 9.9964E-05 0.0201355 9.9964E-05 9.9964E-05 0.0729194 0.891615 0.000817078 9.9964E-05
0.0332783 0.0361443 9.9955E-05 9.9955E-05 9.9955E-05 9.9955E-05 0.924387 9.9955E-05 0.00569081
0.0236839 0.0171523 0.0550042 0.00455577 0.0337818 0.060339 0.789029 9.9991E-05 0.016354
9.9955E-05 9.9955E-05 0.0443148 9.9955E-05 0.0262205 0.00655592 0.922409 9.9955E-05 9.9955E-05
0.0791024 0.0226518 0.0442147 9.9964E-05 9.9964E-05 0.0366082 0.817023 9.9964E-05 9.9964E-05
0.0763229 0.0103241 9.9973E-05 9.9973E-05 0.0374703 0.0882148 0.773446 0.0139222 9.9973E-05
0.0557189 0.0304557 9.9973E-05 9.9973E-05 9.9973E-05 0.108539 0.760645 0.0319552 0.0123862
9.9955E-05 0.0432603 9.9955E-05 0.0498685 9.9955E-05 0.209724 0.696648 9.9955E-05 9.9955E-05
0.0678283 0.0387954 9.9964E-05 9.9964E-05 9.9964E-05 0.141716 0.703703 0.0475581 9.9964E-05
0.0790874 9.9964E-05 9.9964E-05 0.0227535 9.9964E-05 0.14301 0.694233 0.060516 9.9964E-05
0.00266233 0.00649412 0.409303 9.9982E-05 0.0494354 0.139132 0.135913 0.25686 9.9982E-05
9.9982E-05 0.048826 0.807414 0.0600961 0.00368429 0.0106479 9.9982E-05 0.0533937 0.0157383
9.9946E-05 9.9946E-05 0.855514 0.0460359 9.9946E-05 9.9946E-05 0.0978507 9.9946E-05 9.9946E-05
9.9964E-05 9.9964E-05 9.9964E-05 0.18275 0.285962 0.0266312 9.9964E-05 0.359382 0.144874
9.993E-05 9.993E-05 0.999201 9.993E-05 9.993E-05 9.993E-05 9.993E-05 9.993E-05 9.993E-05
9.9955E-05 0.0732013 0.871538 0.0504515 0.00430926 9.9955E-05 9.9955E-05 9.9955E-05 9.9955E-05
0.00354864 0.00691559 0.496911 9.9973E-05 9.9973E-05 0.235478 0.0656815 0.191165 9.9973E-05
9.9973E-05 9.9973E-05 9.9973E-05 0.11842 0.119607 0.164676 0.403 0.0906759 0.103321
9.9973E-05 9.9973E-05 9.9973E-05 0.58092 0.0763043 0.10316 0.203406 0.00724614 0.0286642
0.0365557 0.0168712 0.0243381 0.0989344 0.112673 0.263974 0.25168 0.163149 0.0318244
0.0481148 0.0478836 9.9982E-05 0.0988929 0.0203818 0.225158 0.350238 0.209131 9.9982E-05
