0.083399 9.9973E-05 0.00555084 9.9973E-05 0.867455 0.00725652 0.0360391 9.9973E-05
0.019055 9.9955E-05 9.9955E-05 9.9955E-05 0.915321 9.9955E-05 9.9955E-05 0.065124
0.00669594 0.0265344 0.102332 0.0151511 0.829727 9.9982E-05 0.0193594 9.9982E-05
0.0399356 0.0328143 0.0581734 9.9973E-05 0.799395 9.9973E-05 0.0693818 9.9973E-05
0.0400574 9.9973E-05 0.0262808 9.9973E-05 0.838097 9.9973E-05 0.0520558 0.0432094
0.0858946 9.9991E-05 0.0455664 0.0705084 0.587709 0.149933 0.0576242 0.00266436
0.0220854 0.0108145 9.9982E-05 9.9982E-05 0.78927 0.114942 0.0202186 0.0424689
0.120352 0.0315215 9.9982E-05 9.9982E-05 0.695554 0.05426 0.0265504 0.0715617
0.101469 0.00819053 9.99729E-05 9.99729E-05 0.838609 0.0443929 9.99729E-05 0.00703887
0.062376 9.9982E-05 0.116197 9.9982E-05 0.685619 0.0750599 0.0488873 0.01166
0.170993 9.9964E-05 0.0228708 9.9964E-05 0.716541 0.0891951 9.9964E-05 9.9964E-05
9.9964E-05 0.79558 0.0649767 0.0504876 9.9964E-05 9.9964E-05 0.0885558 9.9964E-05
0.0371118 0.380009 0.384079 9.9982E-05 0.0262342 0.0587118 0.113654 9.9982E-05
9.9973E-05 0.658128 0.127134 9.9973E-05 0.0268574 9.9973E-05 0.087621 0.0999592
9.9964E-05 0.64697 0.161774 9.9964E-05 0.0390958 9.9964E-05 0.151761 9.9964E-05
9.9982E-05 0.369892 0.361105 0.0463085 0.126845 0.0214 0.0742497 9.9982E-05
9.9964E-05 0.312673 0.487615 9.9964E-05 0.0542365 9.9964E-05 0.145076 9.9964E-05
9.9964E-05 0.420757 0.336314 0.0702279 9.9964E-05 9.9964E-05 0.172301 9.9964E-05
9.9982E-05 0.511814 0.305627 9.9982E-05 0.10337 0.029655 0.0438589 0.00547525
0.00248943 0.82166 9.9973E-05 9.9973E-05 0.0664997 0.104105 0.00494591 9.9973E-05
0.047344 0.385987 0.31637 0.0559182 0.0124637 9.9991E-05 0.0969305 0.0848872
9.9982E-05 0.318435 0.240963 0.179511 0.00410651 0.165413 0.0913724 9.9982E-05
9.9973E-05 0.284346 0.445556 0.136955 9.9973E-05 0.0849951 0.0478476 9.9973E-05
9.9973E-05 0.624753 0.252157 0.0157633 9.9973E-05 0.05372 0.0533065 9.9973E-05
9.9982E-05 0.164075 0.496146 0.141618 0.0884071 9.9982E-05 0.100207 0.00934642
9.9964E-05 0.457097 0.480392 9.9964E-05 0.00369281 9.9964E-05 0.0584184 9.9964E-05
9.9973E-05 0.799057 0.0736172 0.0207744 0.0374149 9.9973E-05 0.0688367 9.9973E-05
9.9964E-05 0.738528 0.0458833 9.9964E-05 0.00851575 9.9964E-05 0.206673 9.9964E-05
9.9964E-05 0.800404 0.133995 9.9964E-05 9.9964E-05 9.9964E-05 0.00630067 0.0589004
9.9955E-05 9.9955E-05 0.0873023 9.9955E-05 0.813603 9.9955E-05 0.0985948 9.9955E-05
9.9964E-05 0.00178539 0.152104 9.9964E-05 0.83964 9.9964E-05 0.00607102 9.9964E-05
9.9964E-05 0.00657852 0.15319 0.043615 0.796217 9.9964E-05 9.9964E-05 9.9964E-05
9.9964E-05 9.9964E-05 0.109725 0.0581497 0.767925 9.9964E-05 0.0638004 9.9964E-05
0.081197 0.0490107 0.498305 0.261934 0.0737813 0.0148989 9.9991E-05 0.020773
9.9982E-05 0.0304907 0.431777 0.374596 0.0907914 9.9982E-05 0.0575232 0.0146212
0.00618915 9.9973E-05 0.483438 0.401137 9.9973E-05 9.9973E-05 0.0233085 0.0856271
0.107256 0.659809 0.0819609 0.0582823 0.0918105 9.9982E-05 0.000680889 9.9982E-05
9.9964E-05 9.9964E-05 0.202573 0.715907 9.9964E-05 9.9964E-05 0.0517507 0.0293692
0.0892147 0.106564 0.494567 0.191761 0.117594 9.9973E-05 9.9973E-05 9.9973E-05
9.9982E-05 9.9982E-05 0.639236 0.273612 0.0174889 0.0280708 0.0382114 0.00318092
0.0573747 9.9973E-05 0.536913 0.17036 0.0732272 0.161825 9.9973E-05 9.9973E-05
0.144177 0.0644917 0.603438 0.0806983 0.0416487 0.0653458 9.9982E-05 9.9982E-05
9.9973E-05 0.289935 0.0688308 0.604476 0.0264155 0.010042 9.9973E-05 9.9973E-05
0.0386838 0.0830362 0.475228 0.105834 9.9982E-05 0.197008 0.10001 9.9982E-05
9.9973E-05 9.9973E-05 0.494796 0.294528 0.0729499 9.9973E-05 0.108102 0.0293243
0.105924 9.9982E-05 0.607303 0.0614172 0.0313756 0.182855 0.0109246 9.9982E-05
9.9955E-05 9.9955E-05 0.320325 0.631586 9.9955E-05 9.9955E-05 9.9955E-05 0.0475895
9.9964E-05 9.9964E-05 0.588631 0.328879 9.9964E-05 9.9964E-05 0.053398 0.0286922
0.00997499 0.134497 0.530283 0.188959 0.0808709 0.000220279 0.00637284 0.0488214
9.9955E-05 9.9955E-05 9.9955E-05 0.639544 0.0676963 0.29226 9.9955E-05 9.9955E-05
0.131844 0.488122 0.0413899 0.183032 9.9982E-05 0.103207 0.0522048 9.9982E-05
9.9982E-05 0.347801 0.0471157 0.0957146 0.0355323 0.383509 9.9982E-05 0.090128
0.0777456 0.0369404 0.475574 0.124247 0.0538549 0.066867 0.13432 0.030451
9.9973E-05 0.135205 0.549632 9.9973E-05 0.152596 0.110497 0.0517698 9.9973E-05
0.0370483 0.141442 0.526845 0.0824068 0.0423825 0.117235 0.0511978 0.00144288
0.147471 0.199386 0.1359 0.216069 0.0790484 0.134854 0.0476463 0.0396249
0.0973918 0.249037 0.521789 9.9973E-05 9.9973E-05 0.0319898 9.9973E-05 0.0994923
0.0362264 0.243234 0.607952 9.9982E-05 0.023442 0.0485232 0.0404222 9.9982E-05
9.999E-05 0.309864 0.302277 0.116185 0.125588 0.0527458 0.00354526 0.0896951
0.0454917 0.48205 0.0609948 0.0706808 0.183162 0.152419 0.00510211 9.9991E-05
0.066732 0.194803 0.536318 0.0698078 0.0784736 0.0536649 9.9982E-05 9.9982E-05
0.105841 0.334103 0.285735 9.9991E-05 0.0325131 0.0213891 0.105811 0.114507
0.0953248 0.684068 9.9982E-05 0.0738971 0.016839 0.115272 9.9982E-05 0.0143998
9.9973E-05 0.402778 0.460791 0.0263764 9.9973E-05 0.043615 9.9973E-05 0.0661392
0.0967297 0.0249135 0.514863 0.157868 9.9991E-05 0.0373632 0.0767201 0.0914429
9.9991E-05 0.119871 0.592136 0.126216 0.0549567 0.0379344 0.00149299 0.0672928
0.0253631 0.448781 0.227654 0.120161 0.0499192 0.0435541 0.035036 0.0495309
0.0578283 0.339385 0.429055 9.9982E-05 9.9982E-05 0.0824926 0.0557527 0.0352862
0.062934 0.149432 0.60964 9.9982E-05 0.0308297 0.103552 9.9982E-05 0.043412
0.0753958 0.605001 0.126886 9.9982E-05 0.00433054 0.175547 9.9982E-05 0.0126394
0.00185479 0.103919 0.472763 0.421063 9.9964E-05 9.9964E-05 9.9964E-05 9.9964E-05
9.9964E-05 0.20587 0.158672 0.608253 0.0268049 9.9964E-05 9.9964E-05 9.9964E-05
0.0901275 0.106944 0.436097 0.215074 0.0297253 9.9991E-05 0.0544713 0.0674605
9.9946E-05 9.9946E-05 9.9946E-05 0.833628 9.9946E-05 0.165773 9.9946E-05 9.9946E-05
9.9964E-05 0.0580136 9.9964E-05 0.770725 9.9964E-05 0.0550622 9.9964E-05 0.115799
9.9964E-05 0.0195903 0.228655 0.700396 9.9964E-05 9.9964E-05 9.9964E-05 0.0509587
0.0278426 0.00684201 0.414484 0.543863 9.9973E-05 9.9973E-05 0.00666826 9.9973E-05
0.042608 0.162274 0.409493 0.0652272 0.0587078 9.9991E-05 0.0657823 0.195808
9.9973E-05 0.052249 0.366902 0.498376 0.0440536 9.9973E-05 0.0381202 9.9973E-05
0.0865265 0.158359 0.129887 0.577217 0.0377565 9.9982E-05 0.0100532 9.9982E-05
0.157692 0.0667383 0.187879 0.527264 0.0601266 9.9973E-05 9.9973E-05 9.9973E-05
0.0332905 0.0691652 0.468028 0.256857 0.0625111 9.9991E-05 0.0378612 0.072187
9.9973E-05 0.101005 0.147846 0.66634 0.00903708 9.9973E-05 0.0754718 9.9973E-05
0.0218344 0.0747809 0.395951 0.444242 0.0628919 9.9973E-05 9.9973E-05 9.9973E-05
9.9973E-05 9.9973E-05 0.307505 0.55638 0.0112214 0.0809714 9.9973E-05 0.043623
9.9973E-05 0.0539999 9.9973E-05 0.640067 0.0168659 0.195053 9.9973E-05 0.0937147
0.0712243 0.0501663 0.575089 0.182012 0.0285072 0.0089911 0.0839106 9.9991E-05
0.00550537 0.0422134 0.135798 9.9973E-05 0.814599 9.9973E-05 9.9973E-05 0.00158348
9.9946E-05 9.9946E-05 0.0861649 9.9946E-05 0.913235 9.9946E-05 9.9946E-05 9.9946E-05
9.9955E-05 9.9955E-05 0.132139 9.9955E-05 0.844934 9.9955E-05 0.0224278 9.9955E-05
9.9964E-05 9.9964E-05 0.0724894 0.00254462 0.895288 0.0292781 9.9964E-05 9.9964E-05
9.9973E-05 9.9973E-05 0.0579059 0.02487 0.871927 9.9973E-05 0.00804956 0.0369479
0.0032928 9.9982E-05 0.0435357 0.00557895 0.877793 9.9982E-05 0.0422754 0.0273241
9.9964E-05 0.00809255 0.0777295 9.9964E-05 0.908439 9.9964E-05 0.00533918 9.9964E-05
0.123967 0.0511085 0.445917 0.235376 0.0101551 0.0191923 0.114184 9.9991E-05
9.9991E-05 0.1185 0.51464 0.198922 0.0264185 0.0159146 0.0592428 0.0662615
9.9955E-05 0.184989 9.9955E-05 0.766692 0.0478188 9.9955E-05 9.9955E-05 9.9955E-05
0.0163268 9.9991E-05 0.513357 0.165851 0.081969 0.000602877 0.100216 0.121576
0.0045361 0.223102 0.411564 0.320548 0.0399504 9.9973E-05 9.9973E-05 9.9973E-05
9.9973E-05 9.9973E-05 0.511077 0.387851 0.0825138 9.9973E-05 0.00593931 0.0123196
9.9982E-05 0.0079612 0.555588 0.293066 0.0244479 0.0660882 9.9982E-05 0.0526488
0.0156678 0.0223968 0.387987 0.459767 9.9973E-05 9.9973E-05 0.113882 9.9973E-05
0.0113616 0.25076 9.9982E-05 0.664106 0.045125 0.0158528 9.9982E-05 0.0125945
0.0455015 0.0700317 0.46991 0.0870079 0.143667 0.045091 0.011201 0.127589
9.9982E-05 0.0912023 0.577645 0.216646 0.0457039 9.9982E-05 0.0598696 0.00873388
0.0437996 0.186773 0.519331 0.101053 0.0989685 0.0218891 0.0180193 0.0101664
9.9991E-05 0.00779721 0.216139 0.555191 0.0235831 0.144964 0.0220656 0.0301602
0.00646265 9.9973E-05 0.474272 0.424775 9.9973E-05 9.9973E-05 0.0141267 0.080064
9.9964E-05 0.181977 0.376444 0.430676 0.0105025 9.9964E-05 9.9964E-05 9.9964E-05
9.9955E-05 9.9955E-05 0.288355 0.633063 9.9955E-05 9.9955E-05 0.0780824 9.9955E-05
0.0272863 0.082789 0.373204 0.402626 0.113795 9.9973E-05 9.9973E-05 9.9973E-05
0.0463819 0.0461062 0.555898 0.178546 0.0980866 0.0248965 0.0115797 0.0385049
0.0295512 0.463638 0.205839 9.9973E-05 0.0882611 9.9973E-05 9.9973E-05 0.21241
0.12638 0.296804 0.343159 9.9982E-05 0.06919 0.08615 0.0781168 9.9982E-05
0.0662258 0.14419 0.515548 9.9991E-05 0.0785658 0.0688843 0.0369412 0.0895451
0.0791928 0.14824 0.557813 0.0537628 0.0202406 9.9991E-05 0.0311259 0.109525
0.0182033 0.541322 0.38866 9.9982E-05 0.003849 0.00371579 9.9982E-05 0.0440502
0.0659689 0.27746 0.559259 0.00645219 9.9991E-05 0.0837271 0.00340335 0.00362963
0.14203 0.297452 0.452042 9.9982E-05 0.0281485 9.9982E-05 0.0381778 0.0419494
0.0679944 0.140603 0.524389 0.0183008 0.102307 0.0955903 9.9991E-05 0.0507146
0.0133103 0.22246 0.552282 0.0447375 0.0447826 0.0835405 0.0371826 0.00170423
9.9982E-05 0.214338 0.587766 0.0563169 0.0226038 0.0462173 9.9982E-05 0.0725586
0.127688 0.260297 0.459087 0.10139 9.9973E-05 0.0512382 9.9973E-05 9.9973E-05
0.155053 0.0127249 0.592264 0.0369579 0.0302116 0.121546 0.0511429 9.9991E-05
0.0667819 9.9991E-05 0.573677 0.0507623 0.111798 0.072042 0.0736389 0.0512007
0.107967 0.18836 0.544196 0.0778336 9.9982E-05 9.9982E-05 0.0201912 0.0612517
0.051072 0.0773709 0.603199 9.9982E-05 0.0199227 0.171661 9.9982E-05 0.0765739
0.100161 0.22175 0.454854 0.0469166 9.9991E-05 0.0547924 0.0729028 0.0485225
0.0847632 0.339451 0.248403 9.9991E-05 0.0744622 0.121357 0.0336953 0.0977682
0.0263983 0.258283 0.662207 9.9973E-05 0.00216114 9.9973E-05 0.0506502 9.9973E-05
0.0942934 0.0939559 0.683349 9.9982E-05 0.00610141 0.0686854 9.9982E-05 0.0534145
0.0902719 0.47913 0.157645 0.092832 0.00490101 0.0379977 0.0757148 0.0615078
0.00943942 0.457305 0.0997722 9.9991E-05 0.0288411 0.178982 0.0149818 0.210579
0.0944202 0.220228 0.562705 0.023782 0.0044727 0.0520998 9.9991E-05 0.0421923
0.155718 0.245888 0.0222293 0.10143 9.9991E-05 0.126784 0.0538574 0.293993
0.119612 0.471107 0.255569 0.0861627 0.0672503 9.9973E-05 9.9973E-05 9.9973E-05
0.0870963 0.396271 0.351775 0.155262 9.9973E-05 0.00929642 9.9973E-05 9.9973E-05
0.151359 0.48921 0.272682 0.0415486 0.015837 9.9982E-05 9.9982E-05 0.0291629
0.13182 0.513188 0.244278 0.0517341 0.00495624 0.00677949 9.9991E-05 0.0471435
9.9991E-05 0.205079 0.591865 0.0230989 0.0317739 0.0738796 0.0347781 0.0394253
0.0281706 0.18575 0.559496 9.9982E-05 0.0595161 0.14595 0.0209186 9.9982E-05
0.15266 0.198203 0.335522 0.135461 9.9991E-05 0.00375723 0.07136 0.102936
0.0453186 0.401794 0.0740111 0.172322 9.9991E-05 0.176605 0.0853405 0.0445094
0.0404382 0.133245 0.451495 0.1433 0.0874683 0.0475707 0.085236 0.0112477
0.00534588 0.174691 0.512018 0.115944 0.0349085 0.0946432 0.0225764 0.0398724
0.0707079 0.111138 9.9982E-05 0.106819 0.09158 0.468795 9.9982E-05 0.150759
9.9973E-05 9.9973E-05 0.601543 0.095728 0.106426 0.152341 0.043663 9.9973E-05
0.0488694 0.0414728 0.34627 0.127084 0.0566314 0.279276 0.00316833 0.0972279
0.070705 0.163327 0.334581 0.142229 0.0433542 0.129645 0.11606 9.9991E-05
0.132397 0.0591409 0.293395 0.0122024 0.0765236 0.348218 9.9991E-05 0.0780236
0.0387688 0.159934 0.211359 9.9982E-05 0.0461504 0.40354 9.9982E-05 0.140048
0.058111 0.056435 0.401283 0.113118 0.0411351 0.138776 9.9991E-05 0.191042
0.0999222 0.0429993 0.51675 9.9991E-05 0.0414664 0.0980748 0.0623232 0.138364
0.0560752 0.125556 0.423767 0.0595476 0.106298 0.152707 0.0582526 0.0177964
9.9982E-05 0.159994 9.9982E-05 0.166389 0.0269725 0.374587 0.148461 0.123396
0.0668347 0.131361 0.448632 0.13885 9.9991E-05 0.14465 0.06919 0.000383114
0.0457282 0.0290708 0.331811 0.22199 9.9982E-05 0.365877 9.9982E-05 0.00532325
9.9973E-05 0.142621 0.442416 0.124725 9.9973E-05 0.18704 9.9973E-05 0.102899
9.9991E-05 0.00131246 0.534675 0.099409 0.0777232 0.178365 0.0511966 0.0572186
9.9964E-05 9.9964E-05 0.113514 9.9964E-05 0.299261 0.292397 0.294428 9.9964E-05
9.9955E-05 9.9955E-05 9.9955E-05 9.9955E-05 0.456543 0.381682 0.161275 9.9955E-05
9.9964E-05 9.9964E-05 9.9964E-05 9.9964E-05 0.42865 0.411787 0.157093 0.00207044
0.0471337 9.9973E-05 0.0524333 9.9973E-05 0.319598 0.212504 0.36803 9.9973E-05
9.9964E-05 0.0225125 0.677714 0.0623935 9.9964E-05 0.23698 9.9964E-05 9.9964E-05
0.0963936 0.0766729 0.499978 0.0472045 0.0598038 0.0723678 0.0810923 0.0664868
9.9955E-05 0.00815243 0.342456 9.9955E-05 9.9955E-05 9.9955E-05 0.648892 9.9955E-05
0.0229812 0.154656 0.259501 0.0412132 9.9982E-05 9.9982E-05 0.493339 0.0281101
0.0824303 0.0236846 0.296882 0.0943472 0.0666392 0.0146881 0.421229 9.9991E-05
0.00774283 9.9973E-05 0.340723 0.102772 9.9973E-05 0.412307 9.9973E-05 0.136155
0.0575831 9.9991E-05 0.505516 0.182933 0.106996 0.0645337 0.026471 0.0558673
9.9973E-05 0.0224882 0.19151 0.0305498 9.9973E-05 0.558358 9.9973E-05 0.196795
0.0336485 0.0370383 0.554948 0.155995 9.9973E-05 0.218071 9.9973E-05 9.9973E-05
9.9982E-05 0.171348 0.326177 0.162012 9.9982E-05 0.0675826 0.0663958 0.206285
0.0184533 0.0570768 0.587607 0.0124197 9.9991E-05 0.226203 0.028927 0.0692128
9.9973E-05 0.0754312 0.221794 0.0535951 9.9973E-05 0.473161 9.9973E-05 0.175718
0.0261077 0.0875954 0.596244 0.0462429 0.0370462 0.101053 0.0958141 0.00989589
9.9982E-05 0.0653637 0.619068 0.0486862 0.0281832 0.233125 0.00537466 9.9982E-05
9.9946E-05 9.9946E-05 9.9946E-05 9.9946E-05 9.9946E-05 9.9946E-05 0.974407 0.0249931
9.9955E-05 0.0082987 0.0637677 9.9955E-05 9.9955E-05 9.9955E-05 0.927434 9.9955E-05
9.9973E-05 0.100492 0.167715 0.0758072 0.015646 9.9973E-05 0.64004 9.9973E-05
0.0803641 9.9973E-05 0.315534 9.9973E-05 0.0141864 9.9973E-05 0.560893 0.0287229
0.00873653 9.9973E-05 0.159003 0.0339044 0.00606239 9.9973E-05 0.791993 9.9973E-05
9.994E-05 9.994E-05 9.994E-05 9.994E-05 9.994E-05 9.994E-05 0.9993 9.994E-05
0.042949 9.9946E-05 9.9946E-05 9.9946E-05 9.9946E-05 9.9946E-05 0.956451 9.9946E-05
9.9955E-05 9.9955E-05 0.0982736 0.027245 9.9955E-05 9.9955E-05 0.873982 9.9955E-05
0.00586827 9.9955E-05 9.9955E-05 0.0217123 9.9955E-05 9.9955E-05 0.97192 9.9955E-05
9.994E-05 9.994E-05 9.994E-05 9.994E-05 9.994E-05 9.994E-05 0.9993 9.994E-05
9.994E-05 9.994E-05 9.994E-05 9.994E-05 9.994E-05 9.994E-05 0.9993 9.994E-05
0.00612362 0.0136422 0.19113 9.9982E-05 0.0387246 9.9982E-05 0.727078 0.0231024
0.0647462 0.00672227 0.110833 9.9973E-05 0.0433262 9.9973E-05 0.774073 9.9973E-05
9.9955E-05 0.000629868 9.9955E-05 9.9955E-05 0.0173374 9.9955E-05 0.981533 9.9955E-05
0.0539482 0.113281 0.15028 0.0738537 0.0287771 0.0865272 0.493233 9.9991E-05
0.086857 0.0116292 0.25337 0.00198643 0.0202017 9.9982E-05 0.625756 9.9982E-05
0.0195106 9.9973E-05 0.180302 9.9973E-05 0.00674771 0.0560997 0.73704 9.9973E-05
9.9955E-05 0.0669621 0.0436603 9.9955E-05 9.9955E-05 9.9955E-05 0.888878 9.9955E-05
9.9955E-05 9.9955E-05 0.0164273 9.9955E-05 9.9955E-05 0.0139834 0.96909 9.9955E-05
0.0182762 0.0414393 0.0686514 9.9982E-05 0.0222147 9.9982E-05 0.847627 0.00159128
9.994E-05 9.994E-05 9.994E-05 9.994E-05 9.994E-05 9.994E-05 0.9993 9.994E-05
0.0435657 0.00842837 0.223769 0.0243077 0.0109628 9.9991E-05 0.663565 0.0253018
9.9982E-05 0.0306295 0.047183 0.0400698 0.017407 9.9982E-05 0.846542 0.0179692
9.9982E-05 0.0463182 9.9982E-05 0.00114024 0.268696 0.617904 0.0504408 0.0153001
0.0875051 0.0777184 0.335863 0.117447 0.0990849 0.149386 0.132895 9.9991E-05
0.0703144 0.0503643 0.458224 9.9982E-05 0.153314 0.17922 0.0883636 9.9982E-05
0.00264334 9.9982E-05 0.18767 9.9982E-05 0.16754 0.414874 0.116643 0.11043
0.0527663 0.00876872 0.499782 9.9991E-05 0.151803 0.136853 0.139162 0.0107653
9.9991E-05 0.0142123 0.154068 0.0557311 0.225398 0.371904 0.104329 0.0742574
0.175473 9.9982E-05 0.389471 9.9982E-05 0.0902558 0.0860839 0.137123 0.121393
0.0147779 9.9982E-05 0.30803 9.9982E-05 0.131864 0.359731 0.123792 0.0616046
9.9982E-05 0.070176 0.40334 9.9982E-05 0.141603 0.225484 0.148395 0.0108026
9.9964E-05 9.9964E-05 0.315398 9.9964E-05 0.138159 0.363026 0.183017 9.9964E-05
9.9982E-05 0.119797 0.41823 0.0242806 0.147252 0.185097 0.105144 9.9982E-05
0.0714204 9.9982E-05 0.0630184 0.0130887 0.81507 0.0147314 9.9982E-05 0.0224711
9.9955E-05 9.9955E-05 9.9955E-05 9.9955E-05 0.918156 9.9955E-05 0.0541255 0.0272188
0.0604364 0.0023493 0.00252425 9.9964E-05 0.93429 9.9964E-05 9.9964E-05 9.9964E-05
0.0310927 9.9964E-05 0.0119311 9.9964E-05 0.913407 0.0431692 9.9964E-05 9.9964E-05
0.035251 0.0223598 0.0362905 9.9973E-05 0.891847 0.0139518 9.9973E-05 9.9973E-05
9.9964E-05 9.9964E-05 9.9964E-05 0.0148289 0.859732 9.9964E-05 0.0855053 0.0395343
0.00118273 9.9964E-05 0.048067 9.9964E-05 0.875976 9.9964E-05 0.0743743 9.9964E-05
9.9964E-05 9.9964E-05 0.0400767 0.0133471 0.880257 0.0659198 9.9964E-05 9.9964E-05
0.0241356 0.0314482 0.0794318 9.9964E-05 0.864585 9.9964E-05 9.9964E-05 9.9964E-05
0.00736766 9.9973E-05 0.0440395 9.9973E-05 0.841898 0.0481367 0.058258 9.9973E-05
0.0252871 0.290896 9.9973E-05 0.015654 0.619114 9.9973E-05 9.9973E-05 0.0487491
0.151637 0.220132 9.9964E-05 0.0508193 0.577012 9.9964E-05 9.9964E-05 9.9964E-05
0.0475675 0.280297 9.9973E-05 0.016121 0.554671 0.101043 9.9973E-05 9.9973E-05
0.177632 0.261376 9.9973E-05 0.0519364 0.503384 0.00537217 9.9973E-05 9.9973E-05
9.9964E-05 0.256578 0.443022 0.233246 0.0667536 9.9964E-05 9.9964E-05 9.9964E-05
9.9973E-05 0.0956386 0.467862 0.299906 0.0666311 9.9973E-05 9.9973E-05 0.0696625
0.0451993 0.183266 0.505763 0.15791 0.0438055 0.00844091 9.9991E-05 0.0555155
0.0757556 0.339252 0.367599 0.188746 9.9973E-05 9.9973E-05 9.9973E-05 0.0283471
0.201133 0.61133 0.0897193 0.0974186 9.9964E-05 9.9964E-05 9.9964E-05 9.9964E-05
9.9964E-05 9.9964E-05 0.559368 0.363538 0.0569816 9.9964E-05 9.9964E-05 0.0197126
9.9964E-05 0.147289 0.544784 0.293067 9.9964E-05 0.0144606 9.9964E-05 9.9964E-05
0.0216395 0.0831843 0.379514 0.383358 9.9991E-05 0.0986245 0.0129098 0.0206696
9.9964E-05 9.9964E-05 0.288516 0.616036 9.9964E-05 0.0131808 0.0818669 9.9964E-05
0.0958735 9.9973E-05 0.669932 0.143255 9.9973E-05 0.0439461 9.9973E-05 0.0466941
0.14288 9.9964E-05 0.375661 0.40264 9.9964E-05 9.9964E-05 9.9964E-05 0.0784192
0.0457536 0.0231612 9.9973E-05 0.651294 9.9973E-05 0.0154564 9.9973E-05 0.264035
0.109001 0.1724 0.490675 9.9991E-05 0.0340607 0.0551523 0.0285105 0.1101
0.0239508 0.0208153 0.240008 0.415349 9.9991E-05 0.135869 0.0020122 0.161896
9.9964E-05 0.045199 0.485204 0.393933 9.9964E-05 0.0752637 9.9964E-05 9.9964E-05
0.0396675 0.247515 0.0231394 0.600858 0.0469892 9.9982E-05 9.9982E-05 0.0416306
0.863514 9.9964E-05 9.9964E-05 9.9964E-05 0.0188809 0.0878549 0.0293502 9.9964E-05
0.827396 9.9955E-05 0.0558533 9.9955E-05 9.9955E-05 0.116251 9.9955E-05 9.9955E-05
0.956662 9.9964E-05 0.00233469 9.9964E-05 9.9964E-05 0.000549136 9.9964E-05 0.0400547
0.861958 9.9973E-05 9.9973E-05 0.0388263 0.0355424 0.0208675 9.9973E-05 0.0425063
0.886678 9.9982E-05 0.0499387 0.00363013 9.9982E-05 0.0493062 0.00487882 0.00536835
0.873973 9.9955E-05 0.060592 9.9955E-05 9.9955E-05 9.9955E-05 0.0649353 9.9955E-05
9.9964E-05 9.9964E-05 0.0547011 9.9964E-05 0.894958 9.9964E-05 0.0433069 0.00663408
0.0479626 0.022756 0.0924102 9.9991E-05 0.807883 0.00701762 0.000828941 0.0210412
0.00725232 0.00183967 0.101946 9.9973E-05 0.738181 9.9973E-05 0.15048 9.9973E-05
0.0515458 0.0493664 0.0028639 9.9973E-05 0.757985 9.9973E-05 0.137939 9.9973E-05
0.0409344 0.000759076 0.127514 9.9973E-05 0.776546 9.9973E-05 0.0539466 9.9973E-05
0.394191 0.111065 9.9973E-05 0.0515627 0.39721 0.0456715 9.9973E-05 9.9973E-05
0.384139 9.9973E-05 9.9973E-05 0.0420495 0.467715 0.0199796 9.9973E-05 0.0858171
0.403214 0.00699939 9.9973E-05 0.0414845 0.428586 9.9973E-05 9.9973E-05 0.119417
9.9964E-05 0.0650763 0.0623105 9.9964E-05 0.805918 9.9964E-05 0.0662956 9.9964E-05
0.475876 0.0189058 9.9973E-05 0.0677957 0.362397 9.9973E-05 9.9973E-05 0.0747254
0.0215906 9.9982E-05 0.242904 9.9982E-05 0.161877 0.12756 0.385006 0.0608621
9.9964E-05 0.0505445 0.562986 9.9964E-05 0.206707 9.9964E-05 0.179362 9.9964E-05
9.9955E-05 9.9955E-05 0.527335 9.9955E-05 0.200592 9.9955E-05 0.271573 9.9955E-05
0.0627554 9.9982E-05 0.33963 0.00871307 0.175282 0.153894 0.259526 9.9982E-05
0.0470704 0.0903292 0.462569 0.00796967 0.166016 0.0102261 0.159721 0.0560989
9.9955E-05 9.9955E-05 9.9955E-05 9.9955E-05 0.393802 0.281584 0.324114 9.9955E-05
0.0802196 0.31621 0.4202 0.0966309 9.9982E-05 0.0141624 9.9982E-05 0.0723774
0.0160353 0.27514 0.357391 0.00537523 0.0118678 0.145896 9.9991E-05 0.188195
0.116211 0.600327 0.216716 9.9973E-05 0.0607776 9.9973E-05 9.9973E-05 0.00566837
9.9973E-05 0.0752688 0.423894 0.117438 9.9973E-05 0.0624098 9.9973E-05 0.32069
0.0121332 0.261879 9.9973E-05 0.0719032 9.9973E-05 0.355316 9.9973E-05 0.298469
9.9982E-05 0.234773 0.499192 9.9982E-05 0.0835407 0.0571834 0.0180179 0.107093
9.9982E-05 0.2963 0.430394 0.0826961 0.0493845 0.0197148 9.9982E-05 0.12131
0.0733077 0.513921 0.266916 0.0511828 0.0670235 9.9982E-05 9.9982E-05 0.0274497
0.0189378 0.218802 0.428479 0.162803 0.0565367 0.0244804 0.0872358 0.00272609
9.9973E-05 0.534059 0.0492258 0.0212134 9.9973E-05 0.301998 9.9973E-05 0.0932036
0.0826393 0.113829 0.40137 9.9982E-05 9.9982E-05 0.145639 0.018129 0.238194
0.159059 0.239398 0.470398 0.0970005 9.9973E-05 9.9973E-05 9.9973E-05 0.033845
0.0520758 0.133305 0.31736 0.139405 0.0832987 0.0740599 0.200395 9.9991E-05
0.0562632 0.335026 0.332872 0.0417834 9.9982E-05 0.0891317 9.9982E-05 0.144724
0.0725175 0.301905 0.416538 9.9973E-05 9.9973E-05 0.113218 9.9973E-05 0.0955221
9.9991E-05 0.163633 0.395233 0.107903 0.0119674 0.0938746 0.114958 0.11233
0.0471698 0.237886 0.476152 0.134896 9.9982E-05 0.00814475 9.9982E-05 0.0955524
0.131381 0.0961996 0.593776 0.00329135 0.00118687 0.0544865 0.0661549 0.0535234
0.0679989 0.201936 0.518012 0.0211915 9.9982E-05 9.9982E-05 0.103825 0.0868374
9.9973E-05 0.303617 0.534573 9.9973E-05 0.0297741 0.0987143 0.033021 9.9973E-05
9.9955E-05 9.9955E-05 0.163529 9.9955E-05 0.754537 9.9955E-05 0.0814341 9.9955E-05
9.9964E-05 9.9964E-05 0.121559 9.9964E-05 0.833983 9.9964E-05 0.0126217 0.0314365
0.0463832 0.0234757 0.0752859 0.0279923 0.786601 9.9982E-05 9.9982E-05 0.040062
9.9973E-05 0.00501266 9.9973E-05 0.0919512 0.789237 9.9973E-05 0.0374659 0.076033
9.9973E-05 9.9973E-05 0.128681 0.0016873 0.821001 0.00679615 9.9973E-05 0.0415339
0.109466 0.706454 0.116087 9.9973E-05 9.9973E-05 9.9973E-05 0.0582667 0.00942688
0.0163426 0.250139 0.471796 9.9982E-05 9.9982E-05 0.0599838 0.0739216 0.127618
9.9982E-05 0.0651237 0.435041 9.9982E-05 0.224614 0.111352 0.0910153 0.0726546
9.9964E-05 0.291798 0.609041 9.9964E-05 0.0534643 9.9964E-05 0.0452967 9.9964E-05
0.0918201 0.266611 0.493434 0.0360944 0.00969741 0.0681189 9.9991E-05 0.0341246
0.159161 0.352739 0.215121 9.9982E-05 9.9982E-05 0.0896404 0.0715143 0.111624
0.0995228 0.674895 9.9964E-05 9.9964E-05 0.11999 0.105193 9.9964E-05 9.9964E-05
0.185732 0.164353 0.512023 0.0954522 9.9982E-05 9.9982E-05 0.00793779 0.0343025
0.199328 0.421177 0.0610187 0.0261932 0.0654269 9.9991E-05 0.0524481 0.174308
0.0596591 0.213031 0.352841 0.101288 9.9991E-05 0.141649 0.0733405 0.0580927
0.113014 0.607312 0.0518074 0.0192376 0.156808 9.9991E-05 0.0244195 0.0273014
0.116751 0.16381 0.651867 9.9973E-05 0.000477611 9.9973E-05 0.0667948 9.9973E-05
0.0398784 0.679265 0.127223 9.9991E-05 0.100347 0.00543463 0.0119485 0.0358036
0.0963743 0.390503 0.257304 9.9991E-05 0.00273861 0.121603 0.0959749 0.0354011
0.0709803 0.115172 0.450954 0.00937145 0.0248899 0.227184 0.0778588 0.0235898
0.0626235 0.0592465 0.300212 9.9973E-05 9.9973E-05 0.422007 9.9973E-05 0.155612
0.12977 9.9964E-05 0.558085 9.9964E-05 9.9964E-05 0.300995 0.0107502 9.9964E-05
9.9982E-05 0.0696454 0.572331 0.0849677 0.0308661 0.177301 0.0646888 9.9982E-05
0.11115 0.0309896 0.331735 0.0206606 9.9982E-05 0.428521 9.9982E-05 0.0767441
0.0604235 0.101793 0.472026 0.0268416 0.0254843 0.174342 0.0396247 0.0994657
0.120784 9.9973E-05 0.503212 0.0195149 9.9973E-05 0.258233 9.9973E-05 0.0979573
0.0858027 9.9973E-05 0.0869273 0.0858083 9.9973E-05 0.580196 9.9973E-05 0.160966
0.0187669 0.00112687 0.268411 0.0979989 9.9982E-05 0.601297 9.9982E-05 0.0121994
0.0659542 0.0243666 0.5228 9.9973E-05 9.9973E-05 0.278642 9.9973E-05 0.107937
0.126291 0.0509467 0.133584 0.234771 9.9982E-05 0.400117 9.9982E-05 0.0540893
0.0839841 0.0878684 0.396424 0.131943 9.9973E-05 0.299481 9.9973E-05 9.9973E-05
0.123625 0.720791 0.0454387 0.0834909 0.0139944 9.9982E-05 0.0124594 9.9982E-05
0.0758952 0.345549 0.222045 0.0391157 9.9982E-05 0.0541685 9.9982E-05 0.263027
0.127898 0.437573 0.283696 0.0292947 9.9982E-05 9.9982E-05 0.0979273 0.0234108
0.0399036 0.251453 0.616653 9.9982E-05 0.00491245 9.9982E-05 0.055028 0.0318497
0.14079 0.550517 0.180534 0.127759 9.9964E-05 9.9964E-05 9.9964E-05 9.9964E-05
0.0550944 0.144576 0.410408 9.9991E-05 0.0699683 0.0846307 0.092006 0.143217
0.10241 0.100122 0.528586 0.138388 0.0454735 9.9991E-05 0.0575942 0.0273268
9.9982E-05 0.357876 0.499189 0.0633267 0.0312221 9.9982E-05 0.0336389 0.0145474
0.0944593 0.224152 0.433899 0.12198 9.9991E-05 0.0188304 0.0850513 0.021529
0.203018 0.254663 0.416173 0.0699409 0.00330746 9.9982E-05 0.0526968 9.9982E-05
0.127882 0.582477 0.184076 0.053673 9.9982E-05 9.9982E-05 0.0303997 0.0212924
0.155369 0.323697 0.30601 0.0630114 9.9982E-05 9.9982E-05 0.130281 0.0214324
0.0252178 0.190584 0.573115 0.0164973 0.0440923 0.0131372 0.0249592 0.112397
0.00270299 0.177157 0.64413 0.0142793 0.0580499 0.0468841 9.9991E-05 0.0566963
0.0860256 0.270577 0.331009 0.0762046 0.0662401 0.0961679 0.0309146 0.0428608
0.110688 0.119251 0.434312 0.0575661 0.00504434 9.9991E-05 0.11239 0.160649
0.113947 0.375469 0.336767 9.9982E-05 0.020458 0.0971223 0.0560371 9.9982E-05
0.0299795 0.25773 0.530851 0.0771646 0.040818 9.9982E-05 9.9982E-05 0.0632573
0.0751445 0.312014 0.397157 0.0597818 9.9982E-05 9.9982E-05 0.102385 0.0533183
0.0172563 0.273517 0.355448 0.0592163 0.093326 0.067111 0.0924564 0.0416684
9.9973E-05 0.0622169 0.388282 9.9973E-05 0.368688 0.0435409 0.136972 9.9973E-05
9.9982E-05 0.182348 0.360779 9.9982E-05 0.0298934 0.145236 0.250612 0.030932
0.0389292 0.0991909 0.496708 0.0504084 0.115538 0.111235 0.0878901 9.9991E-05
0.0465278 0.00110595 0.576679 9.9991E-05 0.0408276 0.144421 0.10819 0.0821482
9.9991E-05 0.022181 0.471326 0.0701386 0.194198 0.0442288 0.17808 0.0197472
0.0205732 0.263543 0.409805 0.0013055 9.9991E-05 0.123168 0.0173788 0.164127
0.0945631 0.00931669 0.453641 0.013464 0.190303 0.0119663 0.118079 0.108667
9.9973E-05 0.14369 9.9973E-05 0.00532007 0.211772 0.472766 0.166152 9.9973E-05
9.9982E-05 0.125019 0.490616 9.9982E-05 0.113791 0.0557518 0.190893 0.0237293
9.9982E-05 0.102723 0.524494 9.9982E-05 0.177896 0.00689895 0.11951 0.0682786
0.029215 0.18014 0.393246 0.00217118 0.0325191 0.0205604 0.244538 0.0976101
0.0383512 0.231337 0.330053 9.9991E-05 0.128096 0.137816 0.11187 0.0223759
0.00177865 9.9991E-05 0.521754 0.114299 0.121194 0.0469723 0.161843 0.032059
9.9973E-05 9.9973E-05 0.575266 9.9973E-05 0.144916 0.168012 0.0763293 0.0351773
9.9964E-05 9.9964E-05 9.9964E-05 9.9964E-05 0.41668 0.376771 0.197763 0.0083864
9.9973E-05 0.161568 0.497012 9.9973E-05 0.146013 9.9973E-05 0.170197 0.024911
9.9982E-05 9.9982E-05 0.520879 0.00350427 0.110665 0.139828 0.203258 0.0216664
0.106125 0.0520451 0.56758 0.0170136 0.005121 0.0861224 0.15088 0.0151121
9.9973E-05 0.0195035 0.519178 9.9973E-05 0.190484 0.0856032 0.184932 9.9973E-05
9.9982E-05 9.9982E-05 0.48426 0.0529264 0.177136 0.0248636 0.142853 0.117761
0.0783093 9.9982E-05 0.410939 0.0314254 0.0330313 9.9982E-05 0.0489883 0.397106
0.0431826 0.0256154 0.396519 0.0902167 0.0455648 9.9991E-05 0.108053 0.290748
0.0183186 0.155866 9.9955E-05 9.9955E-05 9.9955E-05 9.9955E-05 9.9955E-05 0.825316
0.0254105 0.0346677 9.9955E-05 9.9955E-05 9.9955E-05 9.9955E-05 9.9955E-05 0.939422
9.9973E-05 0.170339 0.486748 9.9973E-05 0.00289909 9.9973E-05 0.0338605 0.305854
9.9982E-05 0.0366179 0.42246 9.9982E-05 0.0535644 0.126394 0.31828 0.0424844
9.9973E-05 9.9973E-05 0.262033 9.9973E-05 0.072166 0.00412932 0.366137 0.295235
9.9991E-05 0.018143 0.0755952 0.0232954 0.197852 0.118214 0.337952 0.228849
9.9982E-05 0.118802 0.282731 9.9982E-05 0.198844 0.0219541 0.199429 0.178039
9.9982E-05 0.00584441 0.00610681 9.9982E-05 0.0769463 0.145723 0.0572157 0.707964
9.9973E-05 9.9973E-05 0.144105 9.9973E-05 0.115173 0.0632167 0.0714473 0.605758
0.0205741 9.9982E-05 0.434097 0.0490429 0.00725419 9.9982E-05 0.108187 0.380644
9.9964E-05 9.9964E-05 0.438547 9.9964E-05 0.00815709 9.9964E-05 0.0605532 0.492343
9.9964E-05 9.9964E-05 0.15519 9.9964E-05 0.0612492 9.9964E-05 0.0942278 0.688933
9.9982E-05 9.9982E-05 0.481564 0.0324147 0.0964738 0.0656252 0.0572102 0.266512
0.0634939 9.9973E-05 0.501052 9.9973E-05 9.9973E-05 0.010585 0.113406 0.311163
0.109619 0.0270837 0.46835 0.0325463 0.077556 0.0493202 0.0840823 0.151442
9.9964E-05 0.0843974 0.182318 0.100606 9.9964E-05 9.9964E-05 9.9964E-05 0.632279
0.0127021 0.137154 0.272953 0.0812073 9.9982E-05 9.9982E-05 0.0401406 0.455643
0.0588815 9.9982E-05 0.510648 0.0491369 0.0555064 9.9982E-05 0.0134031 0.312224
0.113925 0.0152566 0.375019 0.0432053 0.00125202 0.0639859 9.9991E-05 0.387256
0.00104557 0.0912992 0.355481 0.0706352 0.064215 0.114772 0.0595168 0.243035
0.00383976 9.9964E-05 0.439787 9.9964E-05 9.9964E-05 0.0532634 9.9964E-05 0.50271
0.0837134 9.9964E-05 0.17229 9.9964E-05 9.9964E-05 0.0211579 9.9964E-05 0.722439
9.9955E-05 9.9955E-05 0.526985 0.069346 9.9955E-05 9.9955E-05 9.9955E-05 0.403169
0.00599366 9.9964E-05 0.168145 0.0376822 9.9964E-05 9.9964E-05 9.9964E-05 0.787779
0.016997 9.9982E-05 0.351048 0.0292178 0.034428 9.9982E-05 0.0168499 0.551259
9.9982E-05 9.9982E-05 0.499313 0.12597 0.106656 0.0110493 0.0546254 0.202186
9.9964E-05 0.168495 0.466306 0.102586 9.9964E-05 9.9964E-05 9.9964E-05 0.262212
9.9982E-05 0.0951438 0.414021 0.0377308 0.134489 0.0923444 0.226071 9.9982E-05
0.0647528 9.9991E-05 0.379388 0.0128334 0.160941 0.10745 0.144532 0.130004
0.0446035 9.9991E-05 0.293159 0.064401 0.150338 0.104506 0.256076 0.0868167
0.0817553 0.0917577 0.338668 9.9991E-05 0.112092 0.0441227 0.217858 0.113646
9.9991E-05 0.0643367 0.41811 0.0357927 0.164293 0.0742892 0.158507 0.0845706
0.0958768 9.9982E-05 0.434097 9.9982E-05 0.115981 0.0519423 0.151009 0.150893
0.0255253 9.9973E-05 9.9973E-05 9.9973E-05 0.189764 0.0766421 0.105018 0.602751
0.0419624 9.9982E-05 0.543936 9.9982E-05 0.0622965 0.00932448 0.186033 0.156248
9.9964E-05 9.9964E-05 9.9964E-05 9.9964E-05 0.384525 0.113801 0.112856 0.388418
9.9973E-05 9.9973E-05 0.454692 0.00905226 0.087044 9.9973E-05 0.170676 0.278236
9.9955E-05 9.9955E-05 0.041653 0.162465 9.9955E-05 9.9955E-05 9.9955E-05 0.795383
9.9955E-05 0.039573 9.9955E-05 0.00602237 9.9955E-05 9.9955E-05 9.9955E-05 0.953905
9.9964E-05 0.0805902 0.416869 0.0478566 9.9964E-05 9.9964E-05 9.9964E-05 0.454285
9.9973E-05 0.0144482 0.572105 9.9973E-05 0.00356359 9.9973E-05 0.0171201 0.392463
9.9973E-05 0.0342475 0.302553 0.10558 9.9973E-05 0.0128794 9.9973E-05 0.54444
9.9964E-05 9.9964E-05 0.462211 0.0522383 9.9964E-05 9.9964E-05 0.00392555 0.481225
9.9955E-05 9.9955E-05 0.482171 0.0466737 9.9955E-05 9.9955E-05 9.9955E-05 0.470655
9.9964E-05 9.9964E-05 0.0660942 9.9964E-05 0.804013 9.9964E-05 0.0315967 0.097896
0.0637781 0.0913316 9.9982E-05 0.0104 0.698273 9.9982E-05 0.110438 0.0255791
0.000806186 0.0120858 0.0231529 9.9973E-05 0.903032 9.9973E-05 0.0606235 9.9973E-05
9.9946E-05 9.9946E-05 0.0527145 9.9946E-05 0.946686 9.9946E-05 9.9946E-05 9.9946E-05
0.0546841 0.0281421 0.423534 0.301392 0.0587255 9.9991E-05 0.0417203 0.0917023
9.9982E-05 0.17642 0.427014 0.252202 0.0817017 9.9982E-05 0.0198523 0.0426091
9.9955E-05 0.0681072 0.485238 0.446155 9.9955E-05 9.9955E-05 9.9955E-05 9.9955E-05
0.0678689 0.0508663 0.543146 0.220897 0.0909075 0.0161807 0.0100335 9.9991E-05
0.0619123 9.9982E-05 0.523468 0.199677 0.0829145 0.11889 0.0129379 9.9982E-05
0.0561623 0.0999114 0.216236 0.480999 0.00279451 0.0288416 0.0398307 0.0752244
9.9973E-05 0.0503703 0.545343 0.301302 9.9973E-05 9.9973E-05 0.0398895 0.0627951
9.9964E-05 9.9964E-05 0.324914 0.473252 9.9964E-05 0.15612 9.9964E-05 0.0453149
0.108866 9.9973E-05 0.426501 9.9973E-05 0.20794 9.9973E-05 0.21962 0.0367727
0.0440442 0.0574453 0.409912 0.361073 9.9991E-05 0.0191567 0.032414 0.0758552
0.0364478 0.0934234 0.318885 0.541939 9.9973E-05 0.00900477 9.9973E-05 9.9973E-05
0.0118434 0.0573194 0.518318 0.389294 0.022925 9.9973E-05 9.9973E-05 9.9973E-05
9.9973E-05 0.0064982 0.371929 0.518911 0.0301308 9.9973E-05 9.9973E-05 0.0722316
9.9955E-05 9.9955E-05 0.515352 0.359458 9.9955E-05 9.9955E-05 9.9955E-05 0.124691
0.000282143 9.9982E-05 0.54096 0.304599 0.0585127 9.9982E-05 0.000269352 0.0951774
9.9964E-05 9.9964E-05 0.0340249 0.847611 9.9964E-05 0.0429491 9.9964E-05 0.0750148
9.9982E-05 0.0571881 0.179511 0.598134 9.9982E-05 0.0875414 0.0602885 0.0171374
0.0835224 9.9973E-05 0.299009 0.582485 9.9973E-05 0.0322201 9.9973E-05 0.0024638
9.9955E-05 9.9955E-05 9.9955E-05 0.782176 9.9955E-05 0.191637 9.9955E-05 0.0256867
0.0298071 0.0132562 0.407288 0.438752 0.0500384 9.9991E-05 0.00201317 0.0587452
9.9964E-05 9.9964E-05 0.0799533 0.641667 9.9964E-05 0.22016 9.9964E-05 0.0578195
9.9955E-05 9.9955E-05 9.9955E-05 0.700893 9.9955E-05 0.210147 9.9955E-05 0.0884609
0.0165136 0.00720117 0.440454 0.402145 0.0161705 9.9991E-05 0.0625661 0.0548498
0.0104173 0.0693194 0.151914 0.620929 0.130695 9.9982E-05 9.9982E-05 0.0165256
0.00341586 0.109414 0.353057 0.389411 9.9982E-05 0.0673891 0.0771134 9.9982E-05
9.9982E-05 0.0843609 0.534867 0.226499 0.0270359 0.0988657 0.0281716 9.9982E-05
9.9973E-05 0.0656856 0.491776 0.352612 0.0275551 0.0620705 9.9973E-05 9.9973E-05
0.00651188 0.397901 0.31743 0.020383 9.9991E-05 0.153325 0.0215133 0.0828355
0.0254561 0.0163909 0.534849 0.393415 0.0164842 9.9982E-05 0.0132046 9.9982E-05
9.9982E-05 0.147594 0.457603 0.290409 0.0495381 9.9982E-05 0.0291484 0.025508
0.017026 0.00690739 0.285055 0.594816 9.9973E-05 0.0958956 9.9973E-05 9.9973E-05
0.103789 0.00207742 0.490265 0.290643 0.112926 9.9973E-05 9.9973E-05 9.9973E-05
0.138512 0.185859 9.9973E-05 0.0234669 0.614369 0.0374926 9.9973E-05 9.9973E-05
9.9973E-05 0.0915057 0.0334316 0.11763 0.755664 0.00146967 9.9973E-05 9.9973E-05
0.0576691 0.0485025 9.9964E-05 9.9964E-05 0.810611 0.0828173 9.9964E-05 9.9964E-05
0.132051 9.9964E-05 9.9964E-05 0.0425206 0.791805 9.9964E-05 9.9964E-05 0.0332237
0.197013 9.9955E-05 0.0765018 9.9955E-05 0.725985 9.9955E-05 9.9955E-05 9.9955E-05
0.0155443 0.147262 0.0203926 0.735646 0.0588757 9.9982E-05 0.0220791 9.9982E-05
9.9973E-05 0.203834 0.0359637 0.637424 0.0928771 0.0296015 9.9973E-05 9.9973E-05
9.9973E-05 9.9973E-05 0.080448 0.776252 9.9973E-05 0.037492 0.0092504 0.096258
0.0260563 9.9982E-05 0.56635 0.16085 0.0577835 0.0924738 0.096286 9.9982E-05
0.0156474 0.0342941 0.55863 0.242275 0.0810916 9.9982E-05 0.0678621 9.9982E-05
0.0387012 9.9973E-05 0.225 0.623203 0.0223304 0.090465 9.9973E-05 9.9973E-05
0.0272799 0.00579764 0.475068 0.333158 9.9982E-05 0.0657964 0.0927006 9.9982E-05
0.00476633 9.9973E-05 0.420141 0.506622 0.0418024 0.0263691 9.9973E-05 9.9973E-05
0.0658632 0.0554187 0.54337 0.214121 9.9982E-05 0.075656 9.9982E-05 0.0453706
9.9964E-05 0.112214 0.545256 0.312399 9.9964E-05 9.9964E-05 0.0297312 9.9964E-05
0.109708 0.073037 0.158501 0.565095 9.9982E-05 9.9982E-05 0.0359388 0.0575207
9.9964E-05 0.0905904 0.274457 0.623886 0.0106663 9.9964E-05 9.9964E-05 9.9964E-05
0.0481189 0.151203 0.21135 0.546932 9.9982E-05 9.9982E-05 0.0213909 0.0208052
0.0385858 0.044206 0.604623 9.9973E-05 0.0726095 0.239676 9.9973E-05 9.9973E-05
0.0551371 0.0134884 0.386408 0.523598 0.0210689 9.9973E-05 9.9973E-05 9.9973E-05
0.0150804 0.0762428 0.44007 0.428325 0.0324214 9.9982E-05 0.00766042 9.9982E-05
9.9973E-05 0.0320478 0.464934 9.9973E-05 0.0873727 9.9973E-05 0.356567 0.0587779
9.9973E-05 0.0544099 0.33163 9.9973E-05 0.100259 0.0795642 0.433837 9.9973E-05
0.0052526 9.9973E-05 0.45405 9.9973E-05 0.0584975 0.0389487 0.442951 9.9973E-05
9.9973E-05 0.0532233 0.278717 9.9973E-05 0.0455555 0.0961685 0.526036 9.9973E-05
0.0131096 9.9973E-05 0.537263 9.9973E-05 0.130237 0.0820068 0.237084 9.9973E-05
9.9973E-05 0.0227855 0.448605 0.273535 0.046806 0.207969 9.9973E-05 9.9973E-05
9.9973E-05 0.0458329 0.065588 9.9973E-05 0.175666 0.062077 0.650536 9.9973E-05
0.00480121 0.0172553 0.313913 9.9982E-05 0.190275 0.00315886 0.470397 9.9982E-05
0.0267387 9.9982E-05 0.3236 0.143138 0.100653 0.173897 0.231773 9.9982E-05
0.0111892 0.0674093 0.581255 9.9973E-05 0.137431 0.202415 9.9973E-05 9.9973E-05
0.0250878 0.118126 0.376818 0.0441814 0.142268 0.263487 9.9991E-05 0.0299318
0.0809016 0.0181151 0.633359 9.9982E-05 0.0862172 0.180162 0.00104528 9.9982E-05
0.110354 0.0114101 0.553798 0.153959 0.0910852 0.0748189 0.00213193 0.00244224
9.9964E-05 9.9964E-05 0.388771 9.9964E-05 0.224317 0.0109364 0.375576 9.9964E-05
0.0453935 0.0259071 0.355665 0.00840717 0.217038 9.9982E-05 0.34739 9.9982E-05
9.9964E-05 9.9964E-05 0.464501 9.9964E-05 0.0983743 0.00854902 0.428176 9.9964E-05
0.127456 0.112327 0.335015 0.0323949 0.116666 9.9991E-05 0.268516 0.00752601
9.9982E-05 0.070711 0.252961 9.9982E-05 0.0892526 0.00254403 0.527441 0.0568904
9.9982E-05 9.9982E-05 0.282346 0.01039 0.153989 0.0683501 0.360352 0.124373
9.9982E-05 0.0222713 0.154717 9.9982E-05 0.0146228 0.0590351 0.632081 0.117073
0.0227383 0.0492778 0.3173 0.101347 0.0687447 0.0347242 0.366577 0.0392915
0.0465875 9.9973E-05 0.540383 0.0240881 9.9973E-05 0.378238 0.0104034 9.9973E-05
0.0809916 9.9973E-05 0.301186 0.137593 0.104205 9.9973E-05 0.375725 9.9973E-05
9.9982E-05 9.9982E-05 0.185309 0.020439 0.131919 0.0306255 0.607672 0.0238359
0.0221964 9.9982E-05 0.366922 0.114916 0.0990413 0.054534 0.34219 9.9982E-05
0.141238 0.18873 0.187684 0.0424281 0.105213 0.334507 9.9982E-05 9.9982E-05
9.9964E-05 0.0631548 0.588063 9.9964E-05 9.9964E-05 0.284489 0.0638935 9.9964E-05
0.02293 0.0416915 0.325514 0.0416696 0.214128 0.0166329 0.337334 9.9991E-05
0.0400913 0.0459703 0.566807 9.9982E-05 0.14252 0.133799 9.9982E-05 0.0706126
0.0252921 0.117974 0.510278 0.0821304 0.103559 0.159745 9.9991E-05 0.000921808
0.00558386 0.0059693 0.319009 0.173125 0.172006 0.0749956 0.249211 9.9991E-05
9.9973E-05 9.9973E-05 0.396605 9.9973E-05 0.226319 0.0128874 0.249455 0.114434
0.0372244 9.9982E-05 0.528402 0.145934 0.0878647 0.174371 0.026004 9.9982E-05
9.9982E-05 9.9982E-05 0.308478 0.167132 0.117678 0.0143553 0.374629 0.0175271
9.9964E-05 0.0514949 0.400311 9.9964E-05 0.0985904 9.9964E-05 0.449204 9.9964E-05
9.9982E-05 0.0130659 0.114856 9.9982E-05 0.226731 0.0161304 0.60002 0.0289963
9.9973E-05 0.0202249 0.690682 9.9973E-05 0.069734 0.207111 0.0119483 9.9973E-05
0.0135881 0.163877 0.450897 0.0319771 0.094391 0.24507 9.9982E-05 9.9982E-05
0.0572342 9.9964E-05 0.25639 9.9964E-05 0.00390511 0.682071 9.9964E-05 9.9964E-05
0.0963407 9.9982E-05 0.602698 0.0594057 0.102393 0.119376 0.0195866 9.9982E-05
0.123844 0.234962 0.468383 9.9991E-05 0.0541952 0.095339 0.0188231 0.00435434
9.9982E-05 0.0137087 0.446469 0.132263 0.218987 0.0634558 0.124917 9.9982E-05
0.0553069 0.0232619 0.462776 0.0843813 0.0928932 0.0544037 0.0531713 0.173805
0.00895787 9.9964E-05 9.9964E-05 9.9964E-05 0.238542 0.551169 0.200931 9.9964E-05
9.9955E-05 9.9955E-05 9.9955E-05 9.9955E-05 0.230521 0.667719 0.101261 9.9955E-05
