0.0107616 0.868614 9.9973E-05 9.9973E-05 9.9973E-05 0.0507185 0.0597827 0.00982363
0.0605839 0.938816 9.9946E-05 9.9946E-05 9.9946E-05 9.9946E-05 9.9946E-05 9.9946E-05
9.99697E-05 0.820013 9.99697E-05 9.99697E-05 9.99697E-05 0.149877 0.0110882 0.018622
9.9982E-05 0.759284 0.00559951 9.9982E-05 0.0647414 0.045941 0.100534 0.0237003
9.9973E-05 0.845331 0.0141879 9.9973E-05 0.0552286 0.0489381 0.0360145 9.9973E-05
0.13226 0.554489 9.9982E-05 0.0633784 0.1165 9.9982E-05 0.0737492 0.0594239
9.9982E-05 0.834483 9.9982E-05 0.0821889 0.00287676 0.00746218 0.0151745 0.0576143
0.0491199 0.729649 9.9982E-05 0.0707102 0.0354727 9.9982E-05 0.113121 0.00172721
0.0767012 0.826782 9.99729E-05 0.0320174 9.99729E-05 9.99729E-05 0.0122899 0.0519098
9.9982E-05 0.666808 0.0253873 0.114999 0.0738854 0.0772193 0.0415012 9.9982E-05
0.0582499 0.733795 0.000975311 0.0383901 9.9991E-05 0.0240021 0.102607 0.0418812
9.9955E-05 9.9955E-05 9.9955E-05 9.9955E-05 0.0503707 0.0670818 9.9955E-05 0.882048
9.9964E-05 9.9964E-05 0.0237167 9.9964E-05 0.0945819 0.358597 9.9964E-05 0.522705
9.9964E-05 9.9964E-05 0.0508098 9.9964E-05 0.108013 0.0544005 9.9964E-05 0.786377
9.9973E-05 0.0348005 0.0410966 9.9973E-05 0.126277 0.179311 9.9973E-05 0.618215
0.0215112 0.0850584 0.00521088 0.0575408 0.114347 0.286752 9.9991E-05 0.42948
0.0464294 0.0720514 0.0318606 9.9982E-05 0.120691 0.37872 9.9982E-05 0.350047
0.0757425 0.00488703 0.00711 9.9991E-05 0.106121 0.275063 0.015145 0.515832
9.9964E-05 0.111064 9.9964E-05 9.9964E-05 0.0361831 0.207033 9.9964E-05 0.645321
9.9964E-05 0.0138928 9.9964E-05 0.0480737 9.9964E-05 9.9964E-05 0.0440676 0.893566
9.9973E-05 0.025379 0.0702549 9.9973E-05 0.0682615 0.365598 9.9973E-05 0.470207
9.9973E-05 9.9973E-05 0.0343645 0.144977 9.9973E-05 0.451523 0.0478969 0.320939
0.000370403 0.0647459 0.0830658 0.0599327 9.9982E-05 0.500519 9.9982E-05 0.291166
0.0206614 9.9964E-05 9.9964E-05 9.9964E-05 0.0877311 0.134932 9.9964E-05 0.756275
9.9964E-05 0.0751661 9.9964E-05 0.0399856 9.9964E-05 0.687243 9.9964E-05 0.197205
9.9973E-05 0.0587721 9.9973E-05 0.00440509 9.9973E-05 0.525563 0.0127463 0.398214
0.00754817 0.0555908 9.9973E-05 9.9973E-05 0.0630615 0.0189295 9.9973E-05 0.85457
9.9946E-05 9.9946E-05 9.9946E-05 9.9946E-05 0.179035 9.9946E-05 9.9946E-05 0.820365
9.9964E-05 9.9964E-05 0.00791629 0.0472239 9.9964E-05 0.082282 9.9964E-05 0.862178
9.9955E-05 0.847938 9.9955E-05 9.9955E-05 0.017156 0.134406 9.9955E-05 9.9955E-05
9.9946E-05 0.821644 9.9946E-05 9.9946E-05 9.9946E-05 0.177757 9.9946E-05 9.9946E-05
0.0317738 0.751303 9.9973E-05 9.9973E-05 0.0308558 0.16044 9.9973E-05 0.0253273
0.0574158 0.703238 9.9964E-05 9.9964E-05 0.125809 0.113137 9.9964E-05 9.9964E-05
0.297401 9.9991E-05 0.0182776 0.0598531 0.0194302 0.481416 0.0749122 0.0486092
0.273948 0.0839911 0.0244732 9.9982E-05 0.0482828 0.465902 9.9982E-05 0.103203
0.467375 9.9964E-05 0.00277706 9.9964E-05 0.0828658 0.446583 9.9964E-05 9.9964E-05
0.00210547 0.102117 0.0258745 9.9982E-05 0.0344256 9.9982E-05 0.178731 0.656547
0.56604 0.00207477 0.0589052 0.0233433 9.9982E-05 0.329445 0.0199921 9.9982E-05
0.262495 0.0312125 0.011132 9.9991E-05 0.0394248 0.434307 0.0987263 0.122603
0.14059 0.0174253 0.00148041 0.120729 0.00594036 0.713634 9.9982E-05 9.9982E-05
0.143145 0.085841 9.9973E-05 0.0984679 9.9973E-05 0.543123 0.129123 9.9973E-05
9.9982E-05 0.0420836 0.143092 0.0433806 9.9982E-05 0.607708 0.100913 0.062622
0.660469 9.9964E-05 9.9964E-05 0.0198668 9.9964E-05 0.072502 9.9964E-05 0.246762
0.0338178 9.9973E-05 9.9973E-05 0.27649 9.9973E-05 0.63696 0.0364361 0.0159963
0.260285 0.0443649 0.0676914 0.00838067 0.105276 0.460033 0.0538691 9.9991E-05
0.213199 0.102601 0.0212623 0.00047757 0.0611343 0.523302 9.9991E-05 0.0779235
0.703484 9.9946E-05 9.9946E-05 9.9946E-05 9.9946E-05 0.295916 9.9946E-05 9.9946E-05
0.285028 0.0623313 9.9973E-05 0.0141872 9.9973E-05 0.62439 9.9973E-05 0.0137645
0.138448 0.0738783 0.091913 9.9991E-05 0.0964993 0.478667 0.00861953 0.111875
0.633562 0.0613905 0.00863187 0.296016 9.9964E-05 9.9964E-05 9.9964E-05 9.9964E-05
0.201522 9.9982E-05 0.0929129 0.0351949 9.9982E-05 0.109623 0.186653 0.373893
0.145655 9.9973E-05 0.0583483 0.290687 0.0274615 9.9973E-05 9.9973E-05 0.477548
9.9991E-05 0.0556279 0.0113427 0.0343325 0.0460707 0.559874 0.0746551 0.217997
9.9982E-05 0.00321864 0.0230518 0.145882 0.0586785 0.58384 9.9982E-05 0.185129
0.0344432 0.0658569 0.0642336 0.0660077 0.0684748 0.544183 0.135497 0.0213044
0.256932 0.108883 0.0394201 0.103778 9.9991E-05 0.106091 0.180734 0.204062
0.00909317 0.00753137 0.0164033 0.0751276 9.9991E-05 0.564147 0.211749 0.115848
0.0146048 0.076419 9.9991E-05 0.0571755 0.0434428 0.557668 0.0106261 0.239964
0.149711 0.135448 0.0782673 0.0302728 9.9991E-05 0.27863 0.072938 0.254632
0.0662478 0.194814 0.0203594 0.127949 0.0273772 0.0292546 0.0333424 0.500655
0.149099 0.0227045 0.00822666 0.0862718 0.00875549 0.532463 0.11871 0.0737702
9.999E-05 0.0232509 0.0938928 0.00234897 0.120484 0.218653 0.031373 0.509898
0.054859 0.0270088 9.9973E-05 0.136384 9.9973E-05 9.9973E-05 0.0760251 0.705424
0.0510543 9.9982E-05 0.038957 0.0223966 0.0232028 0.404608 9.9982E-05 0.459581
0.0430476 9.9991E-05 0.0982822 0.0244307 0.0302714 0.624023 0.00019987 0.179646
9.9991E-05 0.0377154 0.0100526 0.0101847 0.0327296 0.539529 0.075749 0.29394
0.152319 0.0176932 0.0320723 0.0684812 0.0839547 0.165887 9.9991E-05 0.479493
0.0235788 0.0278884 0.124488 0.0307012 0.0255962 0.388788 0.0273401 0.35162
0.0287881 0.0546724 0.025937 9.9991E-05 0.0116092 0.572138 0.0943629 0.212392
0.0318046 0.00246951 0.00682094 0.119533 9.9991E-05 0.135209 0.0429721 0.66109
0.407196 9.9964E-05 9.9964E-05 9.9964E-05 9.9964E-05 0.502768 0.0486673 0.0409694
0.679891 9.9955E-05 9.9955E-05 9.9955E-05 9.9955E-05 0.139423 9.9955E-05 0.180186
0.174069 0.0509184 0.0462982 9.9991E-05 0.0523869 0.534669 0.108875 0.032683
0.831128 9.9955E-05 9.9955E-05 0.112793 9.9955E-05 9.9955E-05 9.9955E-05 0.0555792
0.820701 9.9964E-05 9.9964E-05 0.113971 9.9964E-05 9.9964E-05 0.00564656 0.0592807
0.738411 9.9955E-05 9.9955E-05 9.9955E-05 9.9955E-05 0.245985 9.9955E-05 0.0151047
0.469715 9.9964E-05 9.9964E-05 9.9964E-05 9.9964E-05 0.411518 0.0546022 0.0637654
0.151385 0.0802134 0.00164777 0.0428601 9.9991E-05 0.568872 0.0853241 0.0695974
0.448876 9.9973E-05 9.9973E-05 0.0150819 0.0525476 0.379266 9.9973E-05 0.103929
0.630822 0.0351776 9.9982E-05 9.9982E-05 0.0390526 0.0846803 0.114363 0.0957048
0.468734 0.00372283 0.0307975 9.9982E-05 9.9982E-05 0.210744 0.166602 0.1192
0.332569 0.035595 9.9982E-05 0.0209973 0.178717 0.355017 0.0769044 9.9982E-05
0.564136 0.0477513 0.0112312 9.9982E-05 0.00667739 0.222305 9.9982E-05 0.1477
0.392283 0.0311031 9.9973E-05 0.0268841 9.9973E-05 0.453152 0.0962786 9.9973E-05
0.592007 0.0182889 0.0457577 0.00494392 9.9973E-05 0.338703 9.9973E-05 9.9973E-05
0.658779 9.9973E-05 0.071314 0.256403 0.00920173 9.9973E-05 0.00400293 9.9973E-05
0.273483 9.9973E-05 9.9973E-05 0.0135769 0.125592 0.499551 0.087497 9.9973E-05
0.00798186 0.777394 9.9973E-05 9.9973E-05 0.0403983 0.0926372 9.9973E-05 0.0812884
9.9955E-05 0.894338 9.9955E-05 9.9955E-05 9.9955E-05 0.104938 9.9955E-05 0.00022462
9.9955E-05 0.816527 9.9955E-05 9.9955E-05 0.0512303 0.131743 9.9955E-05 9.9955E-05
9.9964E-05 0.889525 9.9964E-05 0.0218371 0.0274179 0.0608198 9.9964E-05 9.9964E-05
0.00693937 0.905391 9.9955E-05 9.9955E-05 9.9955E-05 0.0871702 9.9955E-05 9.9955E-05
9.9973E-05 0.848561 0.0465375 9.9973E-05 0.0721975 0.00866972 0.0237343 9.9973E-05
9.99551E-05 0.901052 0.0152594 9.99551E-05 9.99551E-05 0.0831885 9.99551E-05 9.99551E-05
0.277868 0.0612401 0.0317497 0.0114564 0.0891495 0.436255 0.0621469 0.0301352
0.0970202 0.0639098 0.0498668 0.0316489 0.112983 0.494286 0.0495148 0.10077
0.752516 0.0428785 0.00885306 9.9973E-05 9.9973E-05 0.0154952 9.9973E-05 0.179957
0.224166 0.0327447 9.9982E-05 0.103835 0.11805 0.415075 0.10593 9.9982E-05
0.478683 0.0274287 9.9991E-05 0.00546652 0.0179849 0.398111 0.050334 0.0218916
0.259073 0.121279 0.0841602 9.9964E-05 9.9964E-05 0.535089 9.9964E-05 9.9964E-05
0.269583 0.00504211 0.12991 9.9973E-05 9.9973E-05 0.567225 9.9973E-05 0.0279405
0.410726 0.0231508 0.0698515 9.9982E-05 0.0444601 0.424832 0.0267799 9.9982E-05
0.72242 0.0532856 0.00673889 9.9973E-05 9.9973E-05 9.9973E-05 0.0372055 0.18005
0.131477 0.11152 0.113729 0.0424319 0.0306558 0.456584 0.00496447 0.108638
0.136949 0.000214307 0.0860681 0.0126584 9.9991E-05 0.642973 0.0149758 0.106061
0.258047 0.0428925 9.9982E-05 9.9982E-05 0.115622 0.452696 0.111514 0.0190272
0.53848 0.0175011 9.9973E-05 0.161271 0.00638605 0.276061 9.9973E-05 9.9973E-05
0.283431 0.0309285 0.137652 0.0131184 0.0015241 0.533146 9.9982E-05 9.9982E-05
0.457077 0.0101321 0.011065 9.9982E-05 9.9982E-05 0.393902 0.00299757 0.124627
0.642493 9.9964E-05 0.0341763 9.9964E-05 0.0852219 0.237708 9.9964E-05 9.9964E-05
0.428339 0.0695058 9.9973E-05 9.9973E-05 9.9973E-05 0.419401 0.0760406 0.00641301
0.17749 0.164022 0.0116036 0.0125213 0.00419712 0.584696 0.0362996 0.00917077
0.035159 0.0387802 0.185506 0.0947184 9.9991E-05 0.144452 0.0399681 0.461316
9.9973E-05 0.076966 9.9973E-05 0.0735014 9.9973E-05 0.385031 0.167387 0.296814
0.0620082 0.135662 0.0279726 0.0573472 0.0195976 0.479146 0.166139 0.0521273
0.128492 0.0432759 9.9991E-05 0.0410168 0.0692414 0.491929 0.132182 0.093763
0.0118133 0.00497627 0.0490239 9.9982E-05 9.9982E-05 0.429389 0.0519785 0.452619
0.0316601 9.9982E-05 0.0355254 0.0563521 9.9982E-05 0.484707 0.132631 0.258924
0.0850681 0.021029 0.0654077 9.9991E-05 0.0599282 0.326588 0.115195 0.326684
0.2078 0.0802643 9.9982E-05 0.0506011 9.9982E-05 0.501151 0.111674 0.0483092
0.0810752 0.0342689 0.0299028 0.0889614 9.9982E-05 0.60563 0.159962 9.9982E-05
0.0798751 0.0475783 9.9973E-05 9.9973E-05 9.9973E-05 0.542864 0.0579808 0.271402
0.0943139 0.00967919 9.9982E-05 0.0196162 9.9982E-05 0.470837 0.112034 0.293319
0.150471 0.0210635 0.0476174 0.0754004 0.0108268 0.596455 0.0980658 9.9991E-05
0.0486712 0.0800506 0.136749 0.0635429 0.0900012 0.480788 0.0635563 0.0366403
0.0936266 0.0119476 0.150371 9.9991E-05 0.0207619 0.519884 0.115139 0.08817
9.9991E-05 0.0736862 0.093686 0.0876858 0.0389176 0.47445 0.127339 0.104136
0.0201264 9.9982E-05 9.9982E-05 0.0512323 0.0496634 0.565597 0.157079 0.156102
9.9982E-05 0.0909098 0.0808439 0.133339 9.9982E-05 0.304932 0.0278978 0.361877
9.9973E-05 0.0144203 9.9973E-05 0.0733773 9.9973E-05 0.678582 0.0716563 0.161665
9.9973E-05 9.9973E-05 0.0782989 0.071915 9.9973E-05 0.67429 0.0290784 0.146118
0.216152 0.0671473 0.0531235 9.9991E-05 0.025534 0.127481 0.197095 0.313367
0.000359081 0.00480565 0.196384 0.204039 0.0667682 0.0536752 0.0457639 0.428205
0.141214 0.061038 9.9991E-05 0.0222089 0.0145156 0.543539 0.176366 0.0410188
0.0846247 9.9991E-05 0.250536 0.173502 0.0035677 0.102896 0.213306 0.171468
0.134167 0.0286296 0.0657079 0.00623133 9.9991E-05 0.164517 0.158499 0.442148
0.104146 9.9982E-05 0.00446559 0.0542741 9.9982E-05 0.41421 0.115091 0.307614
0.164034 0.00816532 9.9973E-05 9.9973E-05 9.9973E-05 0.274195 0.204118 0.349189
0.112887 9.9991E-05 0.000673248 0.0401279 0.0158896 0.206648 0.142532 0.481142
0.0897566 0.0261902 0.0164619 0.016092 0.0381975 0.605934 0.12755 0.0798175
0.0200685 0.103461 0.0812964 0.0190994 0.101301 0.484912 0.0301852 0.159677
0.105435 0.144795 0.067077 0.0171404 9.9991E-05 0.436755 0.0565494 0.172149
0.109131 9.9991E-05 0.0386353 0.299557 0.0290875 0.120567 0.15368 0.249241
9.9982E-05 0.198387 0.095045 0.0153223 9.9982E-05 0.560339 0.0970794 0.0336269
0.160681 9.9982E-05 9.9982E-05 0.162075 0.0793135 0.442944 0.0518498 0.102936
0.199321 0.0921366 0.091455 0.458534 9.9982E-05 9.9982E-05 0.0918218 0.0665319
0.136661 0.106498 0.0875998 0.0441802 9.9982E-05 0.604347 9.9982E-05 0.0205144
0.154159 0.0549982 0.0926421 0.184176 9.9991E-05 0.369817 0.0598923 0.0842155
9.9982E-05 0.0747068 0.166192 0.189496 9.9982E-05 0.431423 0.0466333 0.0913501
0.103772 0.0331895 0.0254514 0.409055 0.024194 0.232052 0.0745663 0.0977191
9.9982E-05 0.0389098 0.0491467 0.422492 9.9982E-05 0.214874 0.0684447 0.205932
0.105976 9.9973E-05 0.147311 0.186795 9.9973E-05 0.412047 0.14757 9.9973E-05
0.0714166 9.9982E-05 9.9982E-05 0.172276 0.086005 0.41637 0.11222 0.141512
0.104266 0.120079 0.0732717 0.0922636 0.045907 0.335545 0.0770969 0.15157
0.18664 0.0190763 0.0522055 0.354155 0.13927 9.9982E-05 9.9982E-05 0.248454
0.0302667 0.0544534 0.0285482 0.200681 9.9991E-05 0.561324 0.0470941 0.0775325
0.104751 9.9973E-05 0.0450559 0.31455 9.9973E-05 0.302391 9.9973E-05 0.232951
0.17068 9.9982E-05 0.0527304 0.118627 9.9982E-05 0.41019 0.0451918 0.202381
0.133414 0.104466 0.0553625 0.0541487 0.0256129 0.544385 0.00981587 0.0727949
9.9973E-05 0.275345 9.9973E-05 0.290339 0.253692 0.126671 9.9973E-05 0.0536532
9.9955E-05 0.441545 9.9955E-05 0.422645 0.13531 9.9955E-05 9.9955E-05 9.9955E-05
9.9955E-05 0.362133 9.9955E-05 0.503428 0.133939 9.9955E-05 9.9955E-05 9.9955E-05
9.9982E-05 0.311705 9.9982E-05 0.248731 0.32552 0.0834848 0.00646068 0.0238983
0.107666 9.9964E-05 9.9964E-05 0.239377 9.9964E-05 0.616908 0.0356494 9.9964E-05
0.168142 0.0441551 0.105004 0.00291805 9.9991E-05 0.578342 0.0208982 0.0804407
9.9946E-05 9.9946E-05 9.9946E-05 9.9946E-05 0.661267 0.338133 9.9946E-05 9.9946E-05
0.02664 0.0731582 0.020953 9.9982E-05 0.395541 0.354389 9.9982E-05 0.129119
0.046544 0.134327 0.0915525 9.9982E-05 0.403134 0.248531 9.9982E-05 0.0757126
0.0611766 9.9973E-05 0.207445 0.377824 9.9973E-05 0.305763 9.9973E-05 0.0474911
0.0553923 0.0831248 0.0855943 0.0992148 0.00950254 0.498704 0.0311221 0.137345
0.0731713 9.9973E-05 0.126746 0.542055 9.9973E-05 0.216152 9.9973E-05 0.0415756
0.0633827 9.9982E-05 0.010227 0.181105 9.9982E-05 0.582826 0.103574 0.0586846
0.0205203 0.04549 0.187503 0.184602 9.9991E-05 0.413219 0.0556428 0.0929231
0.0327015 9.9991E-05 0.0506088 0.249678 0.0274388 0.581515 0.0544771 0.00348046
0.00532222 9.9982E-05 0.14476 0.424186 9.9982E-05 0.213621 0.0464783 0.165434
0.0593212 0.0451572 9.9982E-05 0.120481 0.0745292 0.595365 9.9982E-05 0.104946
0.149231 0.0385227 0.0228127 0.192061 0.0340914 0.531007 9.9991E-05 0.0321753
0.00505794 9.9955E-05 0.0246924 9.9955E-05 0.96975 9.9955E-05 9.9955E-05 9.9955E-05
9.9955E-05 9.9955E-05 9.9955E-05 9.9955E-05 0.903985 0.0907371 0.00477825 9.9955E-05
0.0842561 9.9973E-05 9.9973E-05 9.9973E-05 0.553852 0.301832 0.00948952 0.0502703
9.99652E-05 0.0190183 9.99652E-05 9.99652E-05 0.625104 0.307647 0.0478307 9.99652E-05
0.0117309 0.0327888 9.9982E-05 0.0233474 0.829704 0.0789062 0.0233232 9.9982E-05
9.994E-05 9.994E-05 9.994E-05 9.994E-05 0.9993 9.994E-05 9.994E-05 9.994E-05
9.9946E-05 9.9946E-05 9.9946E-05 9.9946E-05 0.924642 9.9946E-05 0.074758 9.9946E-05
0.00521363 9.9964E-05 9.9964E-05 9.9964E-05 0.791689 0.201334 9.9964E-05 0.00136384
0.0160512 9.9955E-05 9.9955E-05 9.9955E-05 0.977565 9.9955E-05 0.00588441 9.9955E-05
9.994E-05 9.994E-05 9.994E-05 9.994E-05 0.9993 9.994E-05 9.994E-05 9.994E-05
9.994E-05 9.994E-05 9.994E-05 9.994E-05 0.9993 9.994E-05 9.994E-05 9.994E-05
9.9973E-05 0.0182951 0.0487183 9.9973E-05 0.683533 0.213814 9.9973E-05 0.0353401
0.0605503 9.9964E-05 9.9964E-05 9.9964E-05 0.836297 0.06206 0.0406931 9.9964E-05
0.0380684 9.9964E-05 9.9964E-05 9.9964E-05 0.948138 9.9964E-05 0.00873233 0.00466178
0.0878817 9.9982E-05 9.9982E-05 0.0221948 0.394695 0.338561 0.0936296 0.0628386
0.0654983 0.0801805 9.9973E-05 9.9973E-05 0.599667 0.227593 0.0267607 9.9973E-05
9.9991E-05 0.0431449 0.00342005 0.0219776 0.70856 0.190536 0.0139875 0.018274
9.9955E-05 9.9955E-05 9.9955E-05 9.9955E-05 0.886613 0.0394653 0.0734221 9.9955E-05
9.9946E-05 9.9946E-05 9.9946E-05 9.9946E-05 0.98538 0.01402 9.9946E-05 9.9946E-05
0.00981851 0.0708301 9.9973E-05 9.9973E-05 0.859376 0.0580155 0.0016595 9.9973E-05
9.994E-05 9.994E-05 9.994E-05 9.994E-05 0.9993 9.994E-05 9.994E-05 9.994E-05
9.9973E-05 0.00699786 0.0921723 9.9973E-05 0.548183 0.310227 0.0421198 9.9973E-05
0.0308253 9.9973E-05 9.9973E-05 9.9973E-05 0.858254 0.0125716 0.004234 0.0938149
0.0435485 0.276434 0.0463882 0.592379 0.0406214 9.9982E-05 9.9982E-05 0.000429187
9.9982E-05 0.152194 0.0304189 0.252664 0.0470409 0.416824 0.100658 9.9982E-05
0.126666 0.189343 0.00288488 0.269022 0.121407 0.290477 9.9982E-05 9.9982E-05
9.9982E-05 0.130541 0.00112633 0.508207 0.0943691 0.211947 0.0536096 9.9982E-05
0.114711 0.140312 0.0137133 0.180463 0.154327 0.374551 0.0218223 9.9991E-05
0.0466776 0.172043 0.0274062 0.470341 0.0759435 0.207389 9.9982E-05 9.9982E-05
0.00249967 0.142496 0.0626771 0.135496 0.090874 0.454302 0.0569599 0.0546955
0.0580232 0.073638 9.9982E-05 0.418855 0.147273 0.294449 0.00756275 9.9982E-05
0.0516778 0.143256 0.00805341 0.214081 0.117953 0.46478 9.9982E-05 9.9982E-05
9.9964E-05 0.0820325 9.9964E-05 0.446723 0.133761 0.337083 9.9964E-05 9.9964E-05
9.99857E-05 0.162181 0.0199012 0.196534 0.140421 0.396167 9.99857E-05 0.0845967
9.9973E-05 0.797323 0.0181291 0.06807 9.9973E-05 0.0345431 0.081635 9.9973E-05
9.9955E-05 0.882408 9.9955E-05 0.0422908 0.0748013 9.9955E-05 9.9955E-05 9.9955E-05
9.9964E-05 0.947449 9.9964E-05 0.00681566 9.9964E-05 0.0314021 0.0139329 9.9964E-05
0.0159739 0.924342 9.9973E-05 0.000809092 9.9973E-05 0.0215057 0.0370695 9.9973E-05
9.9964E-05 0.858562 9.9964E-05 0.0259902 9.9964E-05 0.0702451 0.044803 9.9964E-05
9.9955E-05 0.887031 0.00545244 9.9955E-05 0.107017 9.9955E-05 9.9955E-05 9.9955E-05
0.00367615 0.843878 9.9973E-05 9.9973E-05 0.079502 0.0568451 0.0157983 9.9973E-05
0.0296525 0.840974 0.0441513 0.0605884 0.0131605 0.0112729 9.9982E-05 9.9982E-05
0.0643801 0.887414 9.9955E-05 9.9955E-05 9.9955E-05 0.0477058 9.9955E-05 9.9955E-05
9.9982E-05 0.799088 9.9982E-05 0.0729812 0.0951193 0.0113198 0.00979328 0.0114983
0.0815661 0.605166 0.0448547 9.9973E-05 9.9973E-05 9.9973E-05 0.0642079 0.203906
0.0398921 0.575953 0.00726589 9.9973E-05 9.9973E-05 9.9973E-05 0.180643 0.195947
0.0276439 0.525211 0.0271953 0.074351 9.9982E-05 9.9982E-05 0.106778 0.238621
0.104017 0.486247 0.00803178 9.9973E-05 9.9973E-05 9.9973E-05 0.115378 0.286026
0.257847 0.0455323 0.0284872 9.9982E-05 9.9982E-05 0.42661 0.103966 0.137358
0.207792 0.0349111 0.113161 9.9991E-05 0.00809739 0.487885 0.0481291 0.0999242
0.166795 0.00413815 0.0411111 9.9982E-05 9.9982E-05 0.584618 0.135112 0.068026
0.0998918 0.0261966 0.0854954 0.0541239 9.9991E-05 0.334899 0.0989395 0.300353
0.0966817 9.9982E-05 0.05211 9.9982E-05 0.000948533 0.0832595 0.235894 0.530906
0.153312 0.0620926 0.0857395 9.9982E-05 0.0250943 0.560865 0.112698 9.9982E-05
0.280693 9.9973E-05 9.9973E-05 0.0404153 9.9973E-05 0.529519 0.0433747 0.105698
0.245435 9.9982E-05 0.0336343 0.0219181 9.9982E-05 0.535244 0.101498 0.0620705
0.552625 9.9973E-05 9.9973E-05 0.046075 0.0539506 0.302314 0.0447347 9.9973E-05
0.227218 0.0495728 0.0312259 0.0107867 0.00695623 0.591025 0.0831155 9.9991E-05
0.41186 9.9973E-05 0.00269761 9.9973E-05 9.9973E-05 0.40481 0.107861 0.0724716
0.710919 9.9964E-05 0.171239 0.0278004 9.9964E-05 9.9964E-05 0.0896416 9.9964E-05
0.190647 0.0211331 0.069067 0.00630889 0.0411186 0.48111 0.036659 0.153957
0.47726 0.0190214 0.127731 0.138155 9.9982E-05 0.209425 9.9982E-05 0.0282078
0.387367 9.9982E-05 0.0500425 0.0447382 0.0241861 0.440484 0.0529816 9.9982E-05
0.618569 0.0608802 9.9973E-05 9.9973E-05 9.9973E-05 0.0973424 0.0781124 0.144796
9.9973E-05 0.0537696 9.9973E-05 0.105642 0.0400906 0.00112441 0.799074 9.9973E-05
9.9973E-05 0.0459522 0.0317159 0.0639692 9.9973E-05 0.0773454 0.780717 9.9973E-05
9.9955E-05 9.9955E-05 0.0567797 0.051716 9.9955E-05 9.9955E-05 0.891005 9.9955E-05
0.0300932 0.0886573 0.0410785 0.0234168 9.9973E-05 9.9973E-05 0.816454 9.9973E-05
9.9982E-05 9.9982E-05 0.00865799 0.0754271 0.0340752 0.0449635 0.776861 0.0598152
9.9973E-05 9.9973E-05 0.0159033 0.00694893 0.0781069 0.0751961 0.823545 9.9973E-05
0.014316 0.85845 9.9973E-05 9.9973E-05 0.0592684 0.0581896 9.9973E-05 0.00947641
9.9973E-05 0.782728 9.9973E-05 9.9973E-05 0.0269041 0.053014 0.0554773 0.0815766
9.9964E-05 0.739967 9.9964E-05 9.9964E-05 0.119358 0.108762 9.9964E-05 0.0315132
9.9964E-05 0.744203 9.9964E-05 9.9964E-05 0.0906009 9.9964E-05 0.000842406 0.163954
0.00895874 0.747433 9.9991E-05 0.0577327 0.123806 0.0158825 0.0118029 0.0342842
0.0197343 0.367304 9.9973E-05 0.0543164 9.9973E-05 9.9973E-05 0.478924 0.0794212
0.0170236 0.457816 0.0644187 0.078409 9.9973E-05 9.9973E-05 0.382033 9.9973E-05
0.0455925 0.383126 0.0885614 9.9973E-05 0.0352629 9.9973E-05 0.447157 9.9973E-05
9.9964E-05 0.771053 9.9964E-05 9.9964E-05 0.0233353 0.146145 9.9964E-05 0.0590661
0.109469 0.386754 0.00866093 0.00737574 9.9973E-05 9.9973E-05 0.487441 9.9973E-05
9.9973E-05 0.180602 0.0292218 0.185519 0.351004 0.253353 9.9973E-05 9.9973E-05
9.9982E-05 0.0990226 9.9982E-05 0.0448179 0.176058 0.565422 0.0691919 0.045288
9.9964E-05 0.169527 9.9964E-05 9.9964E-05 0.279318 0.507789 9.9964E-05 0.0429657
0.0464932 0.205285 0.0445492 0.111232 0.24026 0.322673 9.9991E-05 0.0294076
0.0653043 0.159511 0.0415289 0.0220299 0.16595 0.495228 0.0503476 9.9991E-05
9.9955E-05 0.401482 9.9955E-05 0.30043 0.297589 9.9955E-05 9.9955E-05 9.9955E-05
9.9973E-05 9.9973E-05 0.0644601 0.070085 9.9973E-05 0.376951 0.159378 0.328826
0.118628 0.0310813 0.127816 0.111587 0.0169842 0.326518 0.121097 0.146289
9.9973E-05 0.110289 0.0449428 9.9973E-05 9.9973E-05 0.15238 0.047283 0.644806
0.00160697 9.9982E-05 0.256254 0.0149456 9.9982E-05 0.420603 0.0442184 0.262172
0.154678 9.9973E-05 0.332389 0.305054 9.9973E-05 9.9973E-05 0.0448137 0.162765
0.000854688 0.0788731 9.9991E-05 0.119446 0.0181064 0.519344 0.0657844 0.197492
0.0782381 9.9991E-05 0.233107 0.0359212 0.0444462 0.364253 0.0527592 0.191176
0.0300356 0.0329732 9.9973E-05 9.9973E-05 9.9973E-05 0.261111 0.140564 0.535016
0.0623047 0.152598 9.9991E-05 0.0629444 0.00790727 0.557923 0.00660651 0.149616
0.0549298 9.9973E-05 0.0725121 0.294099 9.9973E-05 0.0281328 9.9973E-05 0.550027
0.0571904 9.9991E-05 0.180736 0.113021 0.023832 0.400737 0.0683808 0.156004
0.124147 9.9982E-05 9.9982E-05 0.0352547 0.0550177 0.496792 0.171815 0.116774
0.18078 0.119286 9.9991E-05 0.0420455 0.204938 0.341146 0.0407206 0.0709829
9.9982E-05 9.9982E-05 0.180475 0.128737 0.00586711 0.306595 0.0576875 0.320439
0.0711151 0.00580072 0.120196 0.054676 0.012289 0.380167 0.0648216 0.290935
0.103335 9.9982E-05 0.112378 0.0505726 0.0347945 0.421118 9.9982E-05 0.277602
0.0964688 9.9973E-05 0.0879034 0.103973 9.9973E-05 0.5064 9.9973E-05 0.204955
0.0783754 9.9982E-05 0.0356642 9.9982E-05 0.0323784 0.627571 0.084009 0.141802
0.128458 0.072246 0.0157724 0.070281 0.0296706 0.51793 0.136264 0.0293771
0.186013 0.0525294 9.9982E-05 0.0507162 9.9982E-05 0.489569 0.0569224 0.164049
9.9955E-05 0.778136 9.9955E-05 9.9955E-05 0.0659467 0.155418 9.9955E-05 9.9955E-05
0.0466785 0.82682 0.00368682 9.9973E-05 0.00484156 0.117673 9.9973E-05 9.9973E-05
0.104176 0.741314 9.9973E-05 0.0306749 9.9973E-05 0.0673718 0.0561625 9.9973E-05
0.0337449 0.825304 0.0380639 9.9973E-05 9.9973E-05 0.07374 0.0288471 9.9973E-05
9.9955E-05 0.825142 9.9955E-05 0.0153826 9.9955E-05 0.158976 9.9955E-05 9.9955E-05
0.0384727 0.0558882 9.9991E-05 0.0420236 0.00517572 0.0607534 0.129971 0.667616
9.9991E-05 0.0328549 0.15081 0.0209938 0.0381427 0.478173 0.0736626 0.205262
9.9982E-05 0.219837 0.0660044 0.0739365 0.124003 0.44355 0.0724691 9.9982E-05
0.0211806 0.0201939 0.0307475 0.0729424 0.0446122 0.577417 0.0454179 0.187488
0.117355 0.111362 0.0530083 9.9982E-05 9.9982E-05 0.466938 0.120174 0.130963
0.0138987 9.9991E-05 0.0969943 0.222808 0.0452323 0.19698 0.134228 0.289759
0.0493416 0.0933742 9.9973E-05 0.15516 9.9973E-05 9.9973E-05 0.148815 0.55301
0.0247887 9.9982E-05 0.11521 9.9982E-05 0.0555266 0.332746 0.188931 0.282597
0.0628587 0.0467979 0.0509939 9.9991E-05 0.0954773 0.0636599 0.236294 0.443818
0.117732 9.9991E-05 0.045568 0.0853567 0.047699 0.377028 0.142554 0.183962
9.9982E-05 0.123871 0.140243 0.0252028 9.9982E-05 0.0562715 0.142821 0.51139
9.9982E-05 0.108335 9.9982E-05 0.0151476 0.0722216 0.480846 0.17919 0.144059
9.9991E-05 0.0803549 0.0997144 0.00140699 0.0205719 0.0792383 0.1062 0.612414
0.0526571 0.0103897 0.10588 0.156951 0.053677 0.291025 0.0958281 0.233592
9.9982E-05 9.9982E-05 0.143048 0.107004 0.0885348 0.474399 0.105482 0.0813325
9.9973E-05 9.9973E-05 0.0885104 0.497415 9.9973E-05 0.250271 0.0794436 0.0840603
0.100165 0.0092362 9.9991E-05 0.246845 0.011579 0.437871 0.0599579 0.134246
0.144717 0.107776 0.0114944 0.204899 9.9991E-05 0.495146 0.0325571 0.00331125
0.0348953 9.9982E-05 0.00138846 0.475348 9.9982E-05 0.352923 0.0736556 0.0615898
9.9991E-05 0.0791307 0.164212 0.0837488 0.0253905 0.52962 0.0341721 0.0836253
9.9973E-05 0.0468506 0.149467 0.241007 9.9973E-05 0.522999 0.0393759 9.9973E-05
0.0993718 9.9973E-05 0.105012 0.549762 9.9973E-05 0.0915677 0.153987 9.9973E-05
0.0769504 9.9964E-05 0.0727423 0.601325 9.9964E-05 0.248582 9.9964E-05 9.9964E-05
0.054168 9.9973E-05 0.0587298 0.294813 9.9973E-05 0.473322 0.118667 9.9973E-05
0.187168 9.9982E-05 0.0954956 0.482388 9.9982E-05 0.144985 0.088884 0.000880651
0.104254 9.9973E-05 9.9973E-05 0.283144 9.9973E-05 0.353935 0.0342876 0.22408
0.128379 0.0233361 9.9973E-05 9.9973E-05 0.0676388 9.9973E-05 0.198381 0.581965
0.0166492 9.9982E-05 0.291524 0.0390052 9.9982E-05 0.188918 0.178063 0.285641
0.14317 9.9982E-05 0.0135566 9.9982E-05 0.125057 0.24477 0.204804 0.268442
0.0771446 9.9982E-05 0.00578983 9.9982E-05 0.0313089 0.590536 0.0413961 0.253625
0.12845 9.9973E-05 0.0229041 9.9973E-05 9.9973E-05 0.195596 0.126093 0.526656
9.9982E-05 0.00798339 0.153313 0.125256 0.0859115 0.398104 0.229233 9.9982E-05
0.00852839 0.0678161 0.00516321 0.00842919 0.0832331 0.473394 0.17633 0.177106
0.109918 0.00105654 0.0213096 0.0156005 0.0240093 0.43388 0.127169 0.267057
0.0186373 0.0190504 0.0749101 9.9991E-05 0.166579 0.324899 0.092154 0.30367
0.0387723 0.0417267 9.9982E-05 9.9982E-05 0.0467073 0.391347 0.230027 0.25122
0.0988032 9.9973E-05 9.9973E-05 9.9973E-05 0.074371 0.162625 0.2501 0.413801
0.00202497 0.0334253 0.107842 0.00597003 0.0682141 0.29685 0.240672 0.245002
0.106007 9.9973E-05 0.0669455 9.9973E-05 9.9973E-05 0.560935 0.0870853 0.178727
9.9982E-05 9.9982E-05 0.0600526 0.0817356 0.0230017 0.56385 0.0898715 0.181289
0.0116195 9.9982E-05 0.138646 0.0985686 9.9982E-05 0.394211 0.229722 0.127034
0.087822 9.9982E-05 0.136493 9.9982E-05 0.034839 0.450729 0.0691421 0.220775
9.9982E-05 0.0690143 9.9982E-05 0.0915364 0.0435494 0.306129 0.152801 0.33677
0.0455448 0.000105084 0.0241297 9.9982E-05 9.9982E-05 0.517249 0.112028 0.300743
0.109978 9.9991E-05 0.00818266 0.0193508 0.0877555 0.416667 0.247271 0.110694
9.9991E-05 0.111449 0.0482834 0.0180287 0.107193 0.424631 0.106186 0.184129
0.0374292 0.305279 9.9982E-05 0.0687868 0.119138 0.322825 9.9982E-05 0.146342
0.0566015 0.123588 0.0900619 0.0294741 0.199799 0.480063 9.9991E-05 0.0203115
0.0846814 0.133125 9.9991E-05 0.103225 0.259642 0.285579 0.0887681 0.0448806
0.0189378 9.9982E-05 0.133604 9.9982E-05 0.16869 0.461584 0.00414038 0.212843
0.107543 0.195729 0.040278 9.9982E-05 0.197323 0.359552 9.9982E-05 0.0993744
0.0616704 9.9991E-05 0.177035 0.0986236 0.00463984 0.394714 0.0143882 0.248828
0.0679762 0.138738 0.0665635 0.0265283 0.106584 0.539038 9.9991E-05 0.0544719
0.132971 0.176958 9.9973E-05 0.445976 0.132161 9.9973E-05 9.9973E-05 0.111635
0.0262098 0.0754851 9.9991E-05 0.0368038 0.259129 0.315202 0.0563788 0.230692
0.0452859 0.108189 0.0954728 0.0542571 0.106104 0.508215 0.0823769 9.9991E-05
0.0390513 0.0593239 0.0861493 0.0187662 0.217477 0.395503 0.0061409 0.177588
0.0426994 0.15948 0.00909945 0.151561 0.141266 0.276778 9.9991E-05 0.219016
9.9973E-05 0.253685 0.0423157 0.124719 0.0211869 0.557794 9.9973E-05 9.9973E-05
9.9973E-05 0.126676 0.0879353 0.093007 0.164574 0.527507 9.9973E-05 9.9973E-05
9.9955E-05 0.443587 9.9955E-05 0.370431 0.185482 9.9955E-05 9.9955E-05 9.9955E-05
0.0154952 0.168931 9.9991E-05 0.0508052 0.166234 0.514694 0.0112515 0.0724888
0.0467339 0.0890466 9.9991E-05 0.0640109 0.250405 0.46106 0.0329693 0.0556739
0.0668515 0.08104 0.0732704 0.0176502 0.112878 0.4918 0.00521377 0.151296
9.9973E-05 0.180762 9.9973E-05 0.0541468 0.106195 0.594593 9.9973E-05 0.0640033
0.0253461 0.188123 0.0186713 0.0643642 0.0513432 0.545816 0.0573793 0.0489569
0.1008 0.0525532 0.416421 9.9982E-05 0.0376058 0.314065 0.0783558 9.9982E-05
9.9982E-05 0.0504026 0.248422 0.0711798 0.0395028 0.534823 0.0554702 9.9982E-05
0.0829328 9.9973E-05 0.815564 0.00043951 9.9973E-05 9.9973E-05 0.0276403 0.0731237
9.9955E-05 9.9955E-05 0.946696 9.9955E-05 9.9955E-05 9.9955E-05 0.0260892 0.0267146
0.0144044 9.9982E-05 0.324552 0.0245287 0.152767 0.394214 9.9982E-05 0.0893348
9.9982E-05 0.0152366 0.0786008 0.0834896 0.26665 0.440943 9.9982E-05 0.11488
9.9973E-05 0.0917438 0.233749 0.0730949 0.339535 0.261577 9.9973E-05 9.9973E-05
0.0395143 0.193796 0.228015 0.165333 0.263791 0.109351 9.9982E-05 9.9982E-05
9.9973E-05 0.200917 0.174531 9.9973E-05 0.321822 0.252337 9.9973E-05 0.0500939
9.9973E-05 0.00501797 0.633453 0.200158 0.117095 0.0439756 9.9973E-05 9.9973E-05
9.9973E-05 0.091354 0.677143 0.0859628 0.0574819 0.0877583 9.9973E-05 9.9973E-05
0.0609543 0.00581482 0.364565 9.9973E-05 0.137578 0.430788 9.9973E-05 9.9973E-05
9.9964E-05 0.0682609 0.447136 9.9964E-05 0.10326 0.380943 9.9964E-05 9.9964E-05
9.9964E-05 0.109664 0.691132 9.9964E-05 0.0787093 0.120094 9.9964E-05 9.9964E-05
9.9973E-05 0.129233 0.335228 9.9973E-05 0.0575949 0.421833 9.9973E-05 0.0558112
9.9982E-05 9.9982E-05 0.259981 0.0309639 0.059083 0.534529 0.0647012 0.0505415
9.9982E-05 0.137108 0.235595 0.0170219 0.0893864 0.477319 9.9982E-05 0.0433697
9.9973E-05 0.00551847 0.602352 9.9973E-05 9.9973E-05 0.295573 0.0423063 0.0539504
0.0458256 9.9973E-05 0.432894 0.0812866 9.9973E-05 0.272446 9.9973E-05 0.167248
0.0907253 9.9973E-05 0.279663 0.0237602 9.9973E-05 0.500801 0.104751 9.9973E-05
0.0359923 0.0810353 0.467618 9.9982E-05 9.9982E-05 0.344007 0.0535465 0.0176009
0.0248436 0.0571424 0.242359 0.0989495 0.111162 0.346167 0.0357189 0.0836575
9.9955E-05 9.9955E-05 0.394063 0.194324 9.9955E-05 0.411113 9.9955E-05 9.9955E-05
9.9955E-05 9.9955E-05 0.734684 9.9955E-05 9.9955E-05 0.161535 0.103282 9.9955E-05
0.042955 0.0709983 0.421688 9.9964E-05 9.9964E-05 0.463959 9.9964E-05 9.9964E-05
0.0603993 9.9964E-05 0.765562 9.9964E-05 9.9964E-05 0.139616 0.0340227 9.9964E-05
9.9973E-05 0.0697124 0.580493 9.9973E-05 9.9973E-05 0.324532 0.0158144 0.00914924
0.0881667 0.0448316 0.289816 9.9982E-05 0.0184701 0.489656 0.0688594 9.9982E-05
0.111319 0.012881 0.208049 0.0306682 0.0435571 0.4862 0.107226 9.9991E-05
0.0491723 0.111183 0.119707 0.0540039 0.11576 0.484483 0.0655899 9.9991E-05
0.113577 0.0544868 0.145656 0.063295 0.204826 0.344243 9.9991E-05 0.0738176
0.0330414 0.125716 0.0490727 0.117717 0.241103 0.331143 0.0389565 0.0632502
9.9982E-05 0.106432 0.104515 0.0905298 0.257745 0.195392 9.9982E-05 0.245187
0.16878 0.14882 9.9982E-05 0.00289507 0.0991086 0.5056 9.9982E-05 0.0745967
9.9982E-05 0.08396 0.192817 0.153549 0.161971 0.403069 0.0044339 9.9982E-05
9.9973E-05 0.172751 0.608299 0.121263 0.095558 9.9973E-05 0.00182926 9.9973E-05
9.9982E-05 0.0922107 0.0766591 0.0613151 0.121086 0.585467 0.0630622 9.9982E-05
9.9964E-05 0.384634 0.365674 0.176722 0.0725698 9.9964E-05 9.9964E-05 9.9964E-05
0.0148838 0.066846 0.291902 9.9991E-05 0.147348 0.454174 0.0179385 0.0068074
0.133128 9.9964E-05 0.851172 0.00898149 9.9964E-05 0.00631878 9.9964E-05 9.9964E-05
0.119078 0.000957288 0.844802 0.0347622 9.9964E-05 9.9964E-05 9.9964E-05 9.9964E-05
0.0460823 9.9964E-05 0.499388 9.9964E-05 9.9964E-05 0.411254 9.9964E-05 0.042875
0.0496509 9.9964E-05 0.386482 9.9964E-05 0.0244316 0.539036 9.9964E-05 9.9964E-05
0.0269547 9.9982E-05 0.566177 0.0397272 9.9982E-05 0.335649 0.0166781 0.014614
0.0910621 0.0138714 0.492655 9.9964E-05 9.9964E-05 0.402011 9.9964E-05 9.9964E-05
9.9964E-05 0.0114159 0.479779 9.9964E-05 0.0172667 0.491138 9.9964E-05 9.9964E-05
0.00636954 0.791647 0.103639 9.9982E-05 0.0730295 0.0249191 0.000196091 9.9982E-05
0.00171541 0.686014 0.0243153 9.9973E-05 0.1645 9.9973E-05 0.123155 9.9973E-05
9.9955E-05 0.903539 9.9955E-05 9.9955E-05 0.0713552 9.9955E-05 9.9955E-05 0.0246057
9.9955E-05 0.924743 0.0311187 9.9955E-05 9.9955E-05 0.0436383 9.9955E-05 9.9955E-05
0.254206 0.0365044 0.0453148 0.061064 0.00795428 0.501589 9.9991E-05 0.0932678
0.339637 0.0823104 0.00458557 9.9982E-05 0.0315671 0.460775 9.9982E-05 0.0809242
0.469369 9.9964E-05 0.00294843 9.9964E-05 9.9964E-05 0.490641 9.9964E-05 0.036641
0.249285 0.0838048 9.9973E-05 9.9973E-05 0.0261835 0.562525 9.9973E-05 0.077902
0.17918 0.0154732 9.9982E-05 0.189784 0.0639865 0.483165 0.0682115 9.9982E-05
0.554439 0.00410852 9.9991E-05 0.0585144 0.0412602 0.176424 0.0619449 0.103209
0.290091 9.9955E-05 9.9955E-05 9.9955E-05 9.9955E-05 0.598484 9.9955E-05 0.110925
0.533317 9.9964E-05 0.0110813 0.11272 9.9964E-05 0.342482 9.9964E-05 9.9964E-05
9.9991E-05 0.180657 0.0556941 0.0575166 0.233458 0.354077 0.0659715 0.0525257
0.327533 9.9991E-05 0.0401121 0.0911417 0.014017 0.402193 0.0667701 0.058133
0.541881 9.9964E-05 9.9964E-05 9.9964E-05 9.9964E-05 0.289608 0.154247 0.0138644
0.396481 9.9973E-05 0.0634575 9.9973E-05 0.0295078 0.444632 9.9973E-05 0.0656219
0.397811 0.0160449 0.0574195 9.9982E-05 9.9982E-05 0.328198 0.044514 0.155813
0.386335 9.9955E-05 9.9955E-05 0.0461398 9.9955E-05 0.567025 9.9955E-05 9.9955E-05
0.362909 0.0261474 9.9964E-05 9.9964E-05 9.9964E-05 0.529848 0.080696 9.9964E-05
0.805594 9.9964E-05 0.116284 0.0297476 9.9964E-05 0.0479745 9.9964E-05 9.9964E-05
0.589803 0.0110387 0.0603806 0.0132189 0.00606382 0.215926 9.9991E-05 0.103469
0.596851 0.0232502 9.9991E-05 0.0220803 0.0317982 0.212492 0.0617164 0.0517114
0.846568 9.9946E-05 9.9946E-05 0.152832 9.9946E-05 9.9946E-05 9.9946E-05 9.9946E-05
0.412 0.0395471 9.9973E-05 9.9973E-05 9.9973E-05 0.391367 0.0407149 0.116071
0.558829 9.9964E-05 9.9964E-05 0.286385 9.9964E-05 0.125215 0.0291719 9.9964E-05
0.793134 0.00124254 0.0276669 0.177556 9.9964E-05 9.9964E-05 9.9964E-05 9.9964E-05
0.325992 0.0347287 0.0287276 0.00636205 0.0540699 0.479899 0.0364199 0.0338007
0.660531 0.0518608 9.9982E-05 9.9982E-05 0.0129889 0.106113 0.00739359 0.160913
0.371901 0.0141158 9.9991E-05 0.0133902 0.0858725 0.359696 0.0432456 0.111679
0.262868 0.0213802 0.0241798 9.9991E-05 0.0755442 0.545281 0.0660917 0.00455511
0.306905 9.9982E-05 9.9982E-05 0.00507799 0.00319199 0.497576 0.0846926 0.102357
0.0556674 9.9991E-05 0.0962189 0.16418 0.0521964 0.28794 0.0752841 0.268413
0.334817 9.9982E-05 0.0333771 9.9982E-05 0.0507887 0.522092 0.0402854 0.01844
0.359422 0.0411771 9.9973E-05 9.9973E-05 9.9973E-05 0.421988 0.0364447 0.140668
0.635169 9.9964E-05 9.9964E-05 0.00164715 9.9964E-05 0.344561 0.0182233 9.9964E-05
0.133028 0.0646984 0.0921065 9.9991E-05 0.0706229 0.491809 0.0712549 0.0763804
0.0646026 0.631523 9.9982E-05 0.0703996 0.00373646 9.9982E-05 0.173512 0.0560255
0.0684426 0.699604 9.9991E-05 0.0317311 0.0151192 0.0508895 0.0489427 0.0851711
0.0253619 0.76011 9.9973E-05 0.0999654 9.9973E-05 9.9973E-05 0.112737 0.00152579
0.00486795 0.808229 0.0360492 0.0493337 9.9973E-05 9.9973E-05 0.101221 9.9973E-05
9.9964E-05 0.674494 9.9964E-05 0.084664 9.9964E-05 0.0301462 0.210296 9.9964E-05
0.693441 0.0539558 9.9973E-05 9.9973E-05 9.9973E-05 0.0824221 0.0520797 0.117802
0.638465 0.0658549 0.0221338 9.9982E-05 9.9982E-05 0.100237 0.0497476 0.123362
0.787291 9.9973E-05 0.0649116 0.0421555 0.0187385 0.0866038 9.9973E-05 9.9973E-05
0.239047 0.116265 0.0547304 9.9982E-05 0.0603305 0.51802 0.011407 9.9982E-05
0.0722364 0.125388 0.0302154 0.0674783 0.046871 0.396808 0.0476247 0.213378
0.566378 0.0409418 9.9973E-05 0.0857337 0.0115581 0.295089 9.9973E-05 9.9973E-05
0.369384 9.9982E-05 0.00466511 0.0202314 0.0295361 0.535277 0.040706 9.9982E-05
0.558516 0.0118373 9.9982E-05 0.0186505 0.11952 0.268474 9.9982E-05 0.0228018
0.33465 9.9973E-05 9.9973E-05 0.0479222 9.9973E-05 0.486813 0.0965702 0.033745
0.334523 0.0723905 0.00191719 9.9991E-05 0.0470148 0.483898 0.0334112 0.0267455
0.569344 9.9973E-05 9.9973E-05 9.9973E-05 0.0634397 0.190574 0.168755 0.00758681
0.515472 0.0002972 9.9973E-05 9.9973E-05 9.9973E-05 0.329207 0.0837886 0.0709352
0.515857 9.9964E-05 9.9964E-05 9.9964E-05 9.9964E-05 0.276918 0.0466465 0.160178
9.9973E-05 0.0788983 0.0780796 0.141735 9.9973E-05 0.618555 0.0824326 9.9973E-05
0.530258 0.0422625 9.9964E-05 9.9964E-05 9.9964E-05 0.282697 9.9964E-05 0.144383
0.353658 0.000204584 9.9982E-05 0.0146252 0.00468123 0.482767 9.9982E-05 0.143863
9.9973E-05 0.10725 9.9973E-05 9.9973E-05 0.363292 0.501767 0.0254977 0.00189309
0.0323361 0.104234 9.9973E-05 0.0213367 0.357715 0.484079 9.9973E-05 9.9973E-05
0.0131088 0.0855613 9.9973E-05 0.0954829 0.414442 0.391105 9.9973E-05 9.9973E-05
9.9982E-05 0.140153 0.0312585 0.0818885 0.41888 0.307306 9.9982E-05 0.0203138
9.9973E-05 0.153754 0.0805341 9.9973E-05 0.275713 0.464328 0.0253701 9.9973E-05
0.285316 0.00638915 9.9982E-05 0.206856 0.038889 0.451763 9.9982E-05 0.0105871
9.9973E-05 0.236586 9.9973E-05 0.0451301 0.656904 0.0262241 9.9973E-05 0.0348553
0.039365 0.11029 0.0945772 9.9973E-05 0.484985 0.270482 9.9973E-05 9.9973E-05
0.0822516 0.0927944 9.9982E-05 0.224886 0.128365 0.451293 0.0202095 9.9982E-05
9.9964E-05 0.0824376 9.9964E-05 0.246018 9.9964E-05 0.55527 9.9964E-05 0.115875
0.00485889 0.0424105 9.9982E-05 0.261891 9.9982E-05 0.382246 0.128319 0.180074
0.0742491 0.0309019 9.9991E-05 0.19555 0.00220684 0.545648 0.0730576 0.0782867
0.0770272 0.0530518 0.0261494 0.134517 0.029059 0.553716 0.0244349 0.102044
9.9955E-05 0.208203 9.9955E-05 9.9955E-05 0.364678 0.426619 9.9955E-05 9.9955E-05
9.9973E-05 0.0394634 9.9973E-05 9.9973E-05 0.347934 0.374608 0.0727934 0.164902
9.9982E-05 0.0473092 0.0317288 0.0145044 0.471179 0.429903 0.00517619 9.9982E-05
9.9982E-05 0.167233 9.9982E-05 0.0222476 0.250825 0.439635 0.075873 0.0439872
9.9982E-05 0.130661 0.00193741 0.043559 0.471399 0.291742 0.0605013 9.9982E-05
0.0291744 0.116508 0.091468 0.0886314 0.326195 0.347823 9.9982E-05 9.9982E-05
9.9982E-05 0.103496 0.0700411 0.0436085 0.556127 0.173574 9.9982E-05 0.0529537
9.9973E-05 0.114812 0.0501584 0.0224254 0.386408 0.425896 9.9973E-05 9.9973E-05
0.015989 0.0548987 9.9982E-05 0.315152 0.0280984 0.573173 0.0124891 9.9982E-05
0.0105755 0.147576 9.9991E-05 0.0374105 0.227602 0.447109 0.0492745 0.080352
9.9973E-05 0.140409 9.9973E-05 0.0703137 0.579677 0.200836 0.00846468 9.9973E-05
0.102871 0.119445 0.135516 9.9973E-05 0.336664 0.305204 9.9973E-05 9.9973E-05
0.0751194 0.0871234 9.9982E-05 0.329418 9.9982E-05 0.188016 0.11819 0.201933
9.9973E-05 9.9973E-05 0.00786333 0.188435 0.102731 0.463733 9.9973E-05 0.236938
9.9991E-05 0.139645 0.0999117 0.050265 0.238925 0.319034 0.0277355 0.124384
9.9982E-05 0.0659856 0.0451552 0.154414 9.9982E-05 0.569876 0.0406241 0.123746
0.0387958 0.0999731 9.9982E-05 0.260222 9.9982E-05 0.477517 0.0839738 0.039318
0.0239629 0.13526 0.0445015 0.159656 0.220182 0.357258 0.0590795 9.9991E-05
9.9982E-05 0.216699 0.0999462 0.0571808 0.261814 0.352862 0.0112982 9.9982E-05
0.0655932 0.11728 0.011643 0.104551 0.0582699 0.606103 0.0264017 0.010158
0.0947255 0.151709 0.0502803 9.9982E-05 0.414079 0.278817 9.9982E-05 0.0101892
9.9982E-05 0.153745 0.0387555 0.00140152 0.314519 0.440505 9.9982E-05 0.0508738
9.9973E-05 0.185145 0.0196465 0.0585855 0.573929 0.162394 9.9973E-05 9.9973E-05
0.017819 0.0716742 0.0155827 0.118226 0.0408096 0.676709 0.0590791 9.9991E-05
0.0293835 0.0860572 9.9982E-05 0.237199 9.9982E-05 0.456351 0.0560069 0.134803
0.0529022 0.0347072 0.0418809 0.605176 0.0127058 0.212851 0.0396768 9.9991E-05
0.000628755 0.115777 9.9982E-05 0.109133 0.0203941 0.649012 0.104855 9.9982E-05
9.9982E-05 0.133092 0.0243242 0.203856 9.9982E-05 0.3349 0.0484899 0.255138
9.9973E-05 0.20276 9.9973E-05 0.174985 0.111577 0.482321 9.9973E-05 0.0280567
9.9991E-05 0.0939381 0.137357 0.148155 0.000525183 0.553532 0.046677 0.0197157
9.9955E-05 0.235961 9.9955E-05 0.582844 0.180695 9.9955E-05 9.9955E-05 9.9955E-05
9.9955E-05 0.190291 9.9955E-05 0.713008 0.0962015 9.9955E-05 9.9955E-05 9.9955E-05
