9.9955E-05 9.9955E-05 0.42799 9.9955E-05 9.9955E-05 0.424596 0.0357732 9.9955E-05 0.0275552 0.0835857
9.9964E-05 0.0189589 0.613936 9.9964E-05 0.00848297 0.26172 0.0556797 9.9964E-05 9.9964E-05 0.0408217
0.0462752 9.9964E-05 0.33495 9.9964E-05 9.9964E-05 0.448337 0.0595134 0.0178971 9.9964E-05 0.0926274
0.00795288 9.9964E-05 0.383943 9.9964E-05 9.9964E-05 0.436596 9.9964E-05 0.0282502 0.107744 0.0351141
0.082311 9.9946E-05 0.671575 9.9946E-05 9.9946E-05 0.241978 9.9946E-05 9.9946E-05 9.9946E-05 0.00353698
0.181611 9.9973E-05 0.584907 0.105055 9.9973E-05 0.00903649 0.0146223 0.0447234 0.0597443 9.9973E-05
9.9973E-05 0.00642086 0.580775 0.0694177 9.9973E-05 0.197289 0.0712545 0.0154762 0.0590672 9.9973E-05
0.0437173 9.9973E-05 0.620271 0.0783525 9.9973E-05 0.0630524 0.0322664 0.0355919 0.126448 9.9973E-05
9.99549E-05 9.99549E-05 0.620038 0.0161905 9.99549E-05 0.20106 0.0153928 9.99549E-05 0.146819 9.99549E-05
0.148883 9.9973E-05 0.563268 0.126828 9.9973E-05 0.0492942 0.00705921 0.0415797 9.9973E-05 0.0627878
0.0818533 9.9955E-05 0.568479 0.0933958 9.9955E-05 0.137484 9.9955E-05 9.9955E-05 0.118288 9.9955E-05
0.259506 9.9964E-05 0.0155541 0.0285287 0.13341 9.9964E-05 9.9964E-05 0.0793504 0.483251 9.9964E-05
0.5772 9.9973E-05 9.9973E-05 0.0106364 9.9973E-05 0.046272 0.0396184 0.0138124 0.269546 0.0426145
0.316008 0.117922 9.9973E-05 0.0796932 9.9973E-05 0.0437206 0.014801 0.0734424 0.354112 9.9973E-05
0.337027 0.0563312 0.086288 0.0578641 9.9973E-05 9.9973E-05 0.00936871 0.151478 0.301343 9.9973E-05
0.402888 9.9973E-05 0.197532 0.00220299 0.101584 9.9973E-05 0.00479123 0.166221 0.124481 9.9973E-05
0.443048 0.0204476 9.9982E-05 0.0137286 0.0931013 9.9982E-05 0.0336476 0.174554 0.210815 0.0104582
0.29111 9.9964E-05 9.9964E-05 9.9964E-05 0.0713825 0.152866 0.0534895 0.11881 0.311942 9.9964E-05
0.104998 0.0308667 0.0173519 0.132798 0.0279933 9.9982E-05 0.0107175 0.0752641 0.59981 9.9982E-05
0.388443 0.0309523 9.9973E-05 0.118905 0.142947 9.9973E-05 9.9973E-05 0.0935321 0.152639 0.0722825
0.375803 0.139142 9.9982E-05 0.0599292 0.0905392 9.9982E-05 0.0598124 0.0118135 0.0989565 0.163804
0.583149 0.0504035 0.0306453 0.0416564 0.0678125 9.9982E-05 9.9982E-05 0.0412791 0.142606 0.0422486
0.329373 0.0828243 0.053087 0.132133 0.0192609 9.9982E-05 0.0144965 0.101007 0.267619 9.9982E-05
0.522825 9.9973E-05 0.00202762 0.021418 9.9973E-05 9.9973E-05 0.0178665 0.0859279 0.24822 0.101415
0.290114 9.9973E-05 0.0485685 0.0664219 0.0603291 9.9973E-05 0.0443277 0.0769135 0.413026 9.9973E-05
0.270026 9.9973E-05 9.9973E-05 0.103616 0.0225401 0.0549581 0.013328 0.176405 0.358826 9.9973E-05
0.248148 0.0933405 0.0305459 0.0735737 0.0454144 0.00288636 9.9991E-05 0.0256741 0.449341 0.0309758
9.99201E-05 9.99201E-05 9.99201E-05 9.99201E-05 9.99201E-05 9.99201E-05 0.999101 9.99201E-05 9.99201E-05 9.99201E-05
9.99201E-05 9.99201E-05 9.99201E-05 9.99201E-05 9.99201E-05 9.99201E-05 0.999101 9.99201E-05 9.99201E-05 9.99201E-05
0.117145 9.9955E-05 0.155877 9.9955E-05 0.00152648 0.375356 0.349596 9.9955E-05 9.9955E-05 9.9955E-05
0.0721755 9.9964E-05 0.520451 0.0188671 0.0379707 9.9964E-05 0.211909 9.9964E-05 9.9964E-05 0.138227
0.584384 0.0530106 0.0727865 0.0513776 0.077061 9.9964E-05 9.9964E-05 9.9964E-05 0.16098 9.9964E-05
0.459749 9.9955E-05 9.9955E-05 9.9955E-05 0.409709 0.0398976 0.0124827 0.0776613 9.9955E-05 9.9955E-05
0.225476 0.0590525 0.0145677 0.0124249 9.9973E-05 0.109204 9.9973E-05 0.0435543 0.535421 9.9973E-05
0.205222 0.0598888 9.9964E-05 9.9964E-05 0.575851 9.9964E-05 0.0337874 0.0241309 9.9964E-05 0.10072
0.602345 9.9973E-05 9.9973E-05 0.017633 0.189893 0.0160388 0.036665 9.9973E-05 0.0510382 0.0860876
0.648723 0.0658006 0.0887502 0.0655163 9.9955E-05 9.9955E-05 9.9955E-05 9.9955E-05 0.13071 9.9955E-05
0.553587 9.9982E-05 0.0592594 0.0563266 0.0685929 0.00550379 0.0924266 0.0436523 0.120451 9.9982E-05
0.191529 9.9955E-05 9.9955E-05 9.9955E-05 0.554013 0.0483657 0.0378031 9.9955E-05 0.16779 9.9955E-05
0.638595 0.00892724 0.0475793 0.142945 0.0409332 0.0206001 0.0136339 0.0144345 9.9991E-05 0.0722517
0.391067 0.124504 9.9946E-05 9.9946E-05 0.454181 9.9946E-05 9.9946E-05 0.0296489 9.9946E-05 9.9946E-05
9.9946E-05 0.0347585 0.0344623 0.271959 0.658221 9.9946E-05 9.9946E-05 9.9946E-05 9.9946E-05 9.9946E-05
0.216417 0.106673 9.9964E-05 0.12448 0.12464 9.9964E-05 0.00418069 9.9964E-05 0.423209 9.9964E-05
0.0816589 0.10618 9.9973E-05 0.307513 0.213929 9.9973E-05 0.0265392 9.9973E-05 0.210019 0.0538613
0.173728 9.9964E-05 9.9964E-05 0.0696206 0.249833 0.126163 0.0201131 9.9964E-05 0.360142 9.9964E-05
0.522401 0.0712613 9.9982E-05 0.00580165 0.070772 0.00338089 0.0310939 9.9982E-05 0.209672 0.0854175
0.403161 0.13154 9.9982E-05 0.0123888 0.135993 0.139958 0.0079444 0.0276713 0.141144 9.9982E-05
9.9964E-05 9.9964E-05 0.180317 0.0601674 0.218981 9.9964E-05 0.00472986 9.9964E-05 0.336051 0.199354
0.348554 0.0889502 9.9982E-05 0.0219624 0.0777835 0.10245 0.00738436 9.9982E-05 0.215845 0.13687
0.103319 0.0196165 9.9964E-05 0.114513 0.169131 9.9964E-05 0.0646336 9.9964E-05 0.528387 9.9964E-05
0.43753 0.0200298 0.041787 0.0117944 0.0978334 0.00202136 0.0187825 9.9991E-05 0.273841 0.0962798
0.461222 0.0725063 9.9964E-05 9.9964E-05 0.0914817 9.9964E-05 9.9964E-05 0.0812248 0.12369 0.169476
0.146241 0.0671401 9.9973E-05 0.0609031 0.218341 0.0853559 9.9973E-05 0.120416 0.301302 9.9973E-05
0.434193 0.00665445 9.9982E-05 0.0450063 0.042142 9.9982E-05 0.0369149 0.00651717 0.248635 0.179737
0.233461 0.163175 9.9964E-05 0.100532 0.0668525 9.9964E-05 0.077097 9.9964E-05 0.358483 9.9964E-05
0.534425 9.9946E-05 9.9946E-05 9.9946E-05 0.369117 9.9946E-05 9.9946E-05 9.9946E-05 0.0932205 0.00263822
0.254457 9.9964E-05 0.0146525 9.9964E-05 0.605943 9.9964E-05 0.00362652 0.00887163 0.11205 9.9964E-05
9.9946E-05 9.9946E-05 0.00131324 0.0427776 0.92403 9.9946E-05 0.0312799 9.9946E-05 9.9946E-05 9.9946E-05
0.00255796 0.0184212 0.0169789 0.015132 0.924089 9.9964E-05 9.9964E-05 9.9964E-05 0.0224215 9.9964E-05
0.198992 9.9946E-05 9.9946E-05 9.9946E-05 0.763405 9.9946E-05 9.9946E-05 0.0277738 9.9946E-05 0.00922916
0.457466 9.9955E-05 9.9955E-05 9.9955E-05 0.347208 9.9955E-05 0.0423643 0.019559 0.132903 9.9955E-05
0.462565 9.9964E-05 9.9964E-05 9.9964E-05 0.395148 0.0175456 0.0230685 0.0736854 0.0275873 9.9964E-05
0.137459 9.9964E-05 9.9964E-05 9.9964E-05 0.5904 0.0177949 9.9964E-05 0.0390101 0.17924 0.0356961
0.314514 9.9946E-05 0.0158451 9.9946E-05 0.423629 9.9946E-05 9.9946E-05 9.9946E-05 0.245412 9.9946E-05
0.294372 0.00662593 9.9964E-05 9.9964E-05 0.5456 0.037877 9.9964E-05 0.0345554 0.0805702 9.9964E-05
0.481282 9.9982E-05 0.0385494 9.9982E-05 0.312108 0.00791259 0.0335293 0.0192889 0.0643545 0.0427752
0.411885 0.0250855 0.0236929 0.0172139 0.503732 9.9964E-05 0.0179908 9.9964E-05 9.9964E-05 9.9964E-05
9.9946E-05 0.0143219 9.9946E-05 0.144094 0.791775 9.9946E-05 9.9946E-05 9.9946E-05 9.9946E-05 0.0492087
0.0251973 9.9964E-05 0.520624 9.9964E-05 9.9964E-05 0.239818 0.0667504 9.9964E-05 0.0585895 0.0886216
0.0203679 9.9946E-05 0.562496 9.9946E-05 9.9946E-05 0.270848 0.145688 9.9946E-05 9.9946E-05 9.9946E-05
9.9955E-05 9.9955E-05 0.601355 9.9955E-05 9.9955E-05 0.146376 0.137046 0.00619311 9.9955E-05 0.108531
9.9946E-05 9.9946E-05 0.630778 9.9946E-05 9.9946E-05 0.15539 0.120297 9.9946E-05 9.9946E-05 0.0929351
9.9973E-05 0.0112061 0.575749 9.9973E-05 0.0255045 0.18073 0.0988806 0.0189781 9.9973E-05 0.0886514
0.000684894 9.9964E-05 0.652393 9.9964E-05 0.0044717 0.167185 0.076781 0.098084 9.9964E-05 9.9964E-05
9.99488E-05 9.99488E-05 0.749833 9.99488E-05 9.99488E-05 0.113356 0.0638499 9.99488E-05 9.99488E-05 0.0723611
0.09877 0.0913917 0.00546145 9.9955E-05 0.669226 9.9955E-05 9.9955E-05 9.9955E-05 0.134651 9.9955E-05
0.47921 9.9955E-05 0.0979973 9.9955E-05 0.389319 9.9955E-05 0.0209024 9.9955E-05 0.0120723 9.9955E-05
0.551796 0.0432161 0.0355213 0.000979661 0.259835 0.0212438 0.00986928 9.9991E-05 0.00359752 0.073841
0.509424 0.0889225 9.9982E-05 0.0232266 0.227604 0.097074 0.0231715 0.0210944 0.00928304 9.9982E-05
0.474109 0.0351296 0.0290321 9.9973E-05 0.355593 9.9973E-05 0.00503459 0.0758953 9.9973E-05 0.0249066
0.0222803 9.9946E-05 0.0424284 9.9946E-05 0.762738 9.9946E-05 9.9946E-05 9.9946E-05 0.171954 9.9946E-05
0.286745 9.9964E-05 9.9964E-05 0.140692 0.524135 0.00212427 0.0311808 9.9964E-05 0.0147223 9.9964E-05
0.540822 0.105241 0.0522811 9.9964E-05 0.290009 9.9964E-05 0.00926427 0.00198234 9.9964E-05 9.9964E-05
0.455769 9.9955E-05 9.9955E-05 9.9955E-05 0.348336 9.9955E-05 0.0477178 9.9955E-05 0.119267 0.0284093
0.346247 0.0743023 9.9955E-05 9.9955E-05 0.510104 9.9955E-05 9.9955E-05 0.0479423 0.0209045 9.9955E-05
0.504963 9.9964E-05 0.0403725 9.9964E-05 0.312614 0.0444829 9.9964E-05 0.0164065 0.0807609 9.9964E-05
0.150887 0.157812 9.9973E-05 0.101338 0.0444744 9.9973E-05 0.0573532 9.9973E-05 0.343309 0.144526
0.467164 9.9982E-05 0.0239686 0.0868397 0.0318164 0.0952493 0.0241019 0.0348103 0.23585 9.9982E-05
0.409938 0.126008 9.9973E-05 0.000880064 9.9973E-05 0.0598052 0.0944461 9.9973E-05 0.298616 0.0100059
0.595458 0.0225486 0.0384895 0.0122396 0.0647986 0.0146227 9.9982E-05 9.9982E-05 0.200748 0.0508946
0.41794 0.0994436 9.9964E-05 9.9964E-05 0.0592473 0.111161 9.9964E-05 0.0213772 0.290431 9.9964E-05
0.533962 9.9973E-05 0.0966967 9.9973E-05 0.0533411 0.0133547 0.00346434 9.9973E-05 0.232567 0.0663151
0.530036 0.0570311 9.9955E-05 9.9955E-05 9.9955E-05 9.9955E-05 0.0492957 9.9955E-05 0.313268 0.0498688
0.489943 0.0504193 9.9973E-05 9.9973E-05 0.0226277 0.0278711 9.9973E-05 0.12559 0.277373 0.00587613
0.455782 0.104265 9.9982E-05 0.0264046 0.0717045 9.9982E-05 0.028165 0.0411701 0.145274 0.127035
0.248614 0.123205 9.9964E-05 0.095712 9.9964E-05 9.9964E-05 0.10634 9.9964E-05 0.234326 0.191403
0.629515 0.0137141 0.0269858 9.9982E-05 0.0472334 0.0341597 9.9982E-05 0.0315638 0.129461 0.0871676
0.591176 0.114752 9.9964E-05 9.9964E-05 0.0170796 0.0686395 9.9964E-05 9.9964E-05 0.0520698 0.155884
0.218707 0.0795875 0.0231204 0.0160956 0.106443 9.9991E-05 0.0327921 0.0542903 0.415004 0.0538598
0.163419 0.234209 9.9982E-05 0.187749 0.0252643 0.00562919 0.0362764 0.0531516 0.294102 9.9982E-05
0.114006 0.234519 9.9973E-05 0.171469 0.121232 9.9973E-05 0.00650451 0.0584231 0.293546 9.9973E-05
0.339792 0.138345 9.9955E-05 9.9955E-05 0.0477361 0.0958596 9.9955E-05 9.9955E-05 0.377767 9.9955E-05
0.52034 0.0422656 0.032058 0.0211701 0.0966276 9.9964E-05 9.9964E-05 9.9964E-05 0.287139 9.9964E-05
0.378957 0.0389271 9.9964E-05 9.9964E-05 0.143587 0.0457227 0.00730603 9.9964E-05 0.3851 9.9964E-05
0.444295 9.9955E-05 9.9955E-05 0.00775448 0.0188185 0.0434326 9.9955E-05 9.9955E-05 0.485199 9.9955E-05
0.510195 9.9982E-05 9.9982E-05 0.0273945 0.133706 0.0320511 0.0816394 0.0574722 0.092576 0.0647654
0.11689 0.0691408 9.9964E-05 0.117876 0.177218 9.9964E-05 9.9964E-05 9.9964E-05 0.31951 0.198966
0.541478 0.0972305 0.00271125 0.1297 0.00882123 0.0937429 9.9982E-05 0.047978 0.0781381 9.9982E-05
0.0989876 0.0955201 0.115324 0.489195 0.0337104 9.9964E-05 9.9964E-05 9.9964E-05 0.166862 9.9964E-05
0.283062 0.0471408 9.9973E-05 0.263298 0.0911675 0.0334881 9.9973E-05 9.9973E-05 0.111216 0.170328
0.338503 0.0882006 9.9973E-05 0.0740996 0.036319 0.124962 9.9973E-05 9.9973E-05 0.0741282 0.263487
0.285481 0.0376711 9.9982E-05 0.367228 0.117122 0.076253 0.0374496 0.01295 0.0656454 9.9982E-05
0.259512 0.0818962 0.0422232 0.386934 0.0914961 9.9973E-05 0.0119099 9.9973E-05 0.125729 9.9973E-05
0.503426 0.169112 9.9946E-05 0.257502 9.9946E-05 9.9946E-05 9.9946E-05 9.9946E-05 0.0693613 9.9946E-05
0.0594093 9.9973E-05 9.9973E-05 0.251765 0.363993 0.108368 0.0300097 0.0989073 0.0872478 9.9973E-05
0.459 9.9946E-05 9.9946E-05 0.263362 0.184401 9.9946E-05 9.9946E-05 9.9946E-05 0.0926371 9.9946E-05
0.418817 0.116779 9.9964E-05 0.25615 0.109558 9.9964E-05 9.9964E-05 0.0374212 0.0608741 9.9964E-05
0.140907 9.9973E-05 0.244375 0.283857 9.9973E-05 0.00242445 0.0300108 0.121631 9.9973E-05 0.176494
9.9946E-05 9.9946E-05 0.357974 0.341931 9.9946E-05 0.0671789 9.9946E-05 9.9946E-05 9.9946E-05 0.232316
9.9955E-05 9.9955E-05 0.277414 0.508065 9.9955E-05 9.9955E-05 0.0646143 0.13239 9.9955E-05 0.0170174
0.0964714 9.9973E-05 0.207744 0.195725 9.9973E-05 0.101108 0.0143295 0.125717 9.9973E-05 0.258606
0.650783 9.9946E-05 9.9946E-05 0.264352 0.0619557 9.9946E-05 9.9946E-05 0.0223095 9.9946E-05 9.9946E-05
0.27921 9.9937E-05 9.9937E-05 9.9937E-05 9.9937E-05 9.9937E-05 0.0093774 0.710713 9.9937E-05 9.9937E-05
0.428725 0.107975 9.9946E-05 0.422607 0.0400933 9.9946E-05 9.9946E-05 9.9946E-05 9.9946E-05 9.9946E-05
0.248276 0.244528 9.9937E-05 0.506496 9.9937E-05 9.9937E-05 9.9937E-05 9.9937E-05 9.9937E-05 9.9937E-05
0.516937 0.0595195 9.9955E-05 0.206702 0.11032 9.9955E-05 9.9955E-05 9.9955E-05 9.9955E-05 0.106022
0.506747 0.126986 9.9964E-05 0.26048 0.0324789 9.9964E-05 0.0578033 9.9964E-05 0.0151052 9.9964E-05
0.557153 0.0804393 9.9982E-05 0.242232 0.0200252 0.0190536 9.9982E-05 0.0316893 0.0301714 0.0190366
0.298234 0.114494 9.9955E-05 0.426749 0.0891375 9.9955E-05 9.9955E-05 9.9955E-05 0.070886 9.9955E-05
9.9937E-05 9.9937E-05 9.9937E-05 9.9937E-05 0.0560853 9.9937E-05 9.9937E-05 0.890707 9.9937E-05 0.0525081
0.139286 9.9928E-05 9.9928E-05 9.9928E-05 9.9928E-05 9.9928E-05 9.9928E-05 0.859915 9.9928E-05 9.9928E-05
0.188121 0.0626356 9.9946E-05 9.9946E-05 9.9946E-05 9.9946E-05 9.9946E-05 0.598451 9.9946E-05 0.150193
0.197471 9.9946E-05 0.0764444 9.9946E-05 9.9946E-05 0.0422948 9.9946E-05 0.683191 9.9946E-05 9.9946E-05
9.99201E-05 9.99201E-05 9.99201E-05 9.99201E-05 9.99201E-05 9.99201E-05 9.99201E-05 0.999101 9.99201E-05 9.99201E-05
9.9946E-05 9.9946E-05 0.0406854 9.9946E-05 9.9946E-05 9.9946E-05 9.9946E-05 0.886802 0.0346479 0.0372649
0.126799 0.00414542 9.9946E-05 9.9946E-05 9.9946E-05 9.9946E-05 9.9946E-05 0.836388 9.9946E-05 0.032068
0.0451719 9.9946E-05 9.9946E-05 9.9946E-05 9.9946E-05 0.0203346 9.9946E-05 0.92318 0.0107139 9.9946E-05
9.9946E-05 9.9946E-05 0.0100518 0.000334895 9.9946E-05 9.9946E-05 9.9946E-05 0.977746 9.9946E-05 0.011268
9.9928E-05 9.9928E-05 9.9928E-05 9.9928E-05 9.9928E-05 9.9928E-05 0.00558619 0.993614 9.9928E-05 9.9928E-05
0.18365 0.0317296 9.9964E-05 9.9964E-05 9.9964E-05 0.0206394 0.0696964 0.685128 0.00875766 9.9964E-05
0.0870366 0.033079 9.9982E-05 0.0145097 0.0277598 0.0657071 0.00051152 0.728661 9.9982E-05 0.0425356
0.0291452 9.9937E-05 9.9937E-05 9.9937E-05 9.9937E-05 9.9937E-05 0.0212634 0.948892 9.9937E-05 9.9937E-05
0.106746 9.9964E-05 0.0116354 9.9964E-05 9.9964E-05 9.9964E-05 0.0554491 0.601476 0.0104129 0.213881
0.0884758 9.9946E-05 9.9946E-05 9.9946E-05 9.9946E-05 0.00486951 9.9946E-05 0.822153 9.9946E-05 0.0839019
9.9928E-05 9.9928E-05 9.9928E-05 9.9928E-05 9.9928E-05 9.9928E-05 9.9928E-05 0.784112 9.9928E-05 0.215089
0.0528835 9.9955E-05 0.038025 9.9955E-05 9.9955E-05 9.9955E-05 0.0016536 0.796144 9.9955E-05 0.110794
9.9946E-05 9.9946E-05 0.0355614 9.9946E-05 9.9946E-05 9.9946E-05 0.014728 0.947368 9.9946E-05 0.00174249
0.258655 0.0175901 0.102379 9.9964E-05 9.9964E-05 9.9964E-05 9.9964E-05 0.507256 0.0655908 0.0481282
9.9955E-05 0.0164886 9.9955E-05 9.9955E-05 0.0195254 0.0693618 9.9955E-05 0.830488 9.9955E-05 0.0636363
0.00311201 9.9973E-05 0.205207 0.656809 0.0124865 0.0261464 9.9973E-05 0.0349644 9.9973E-05 0.0609751
0.273171 0.0440757 0.00994528 0.182711 0.049048 0.179758 0.0401901 0.079626 0.110543 0.0309319
0.347664 0.034326 0.00916929 0.264085 0.0321815 0.082602 0.00713858 9.9982E-05 9.9982E-05 0.222633
0.21873 0.0625204 9.9982E-05 0.39174 0.00990793 0.231898 0.0292632 0.0229556 9.9982E-05 0.0327853
0.275216 0.00522433 0.170405 0.349042 0.00741262 0.041032 0.0359179 0.0866039 9.9991E-05 0.0290464
0.292702 0.00457029 9.9973E-05 0.320392 0.0597781 0.122269 9.9973E-05 0.109592 9.9973E-05 0.0903977
0.448034 9.9955E-05 9.9955E-05 0.255755 9.9955E-05 0.101064 0.0633156 0.131331 9.9955E-05 9.9955E-05
0.294846 9.9964E-05 0.0594556 0.338275 9.9964E-05 9.9964E-05 0.0318042 0.0296264 9.9964E-05 0.245593
0.00703426 9.9955E-05 0.310216 9.9955E-05 0.0797812 0.582909 9.9955E-05 9.9955E-05 0.019559 9.9955E-05
9.9964E-05 0.00801796 0.175734 9.9964E-05 9.9964E-05 0.750462 0.0469665 0.0025882 9.9964E-05 0.0158317
9.99418E-05 9.99418E-05 0.126971 9.99418E-05 9.99418E-05 0.859756 0.012574 9.99418E-05 9.99418E-05 9.99418E-05
9.9946E-05 9.9946E-05 0.229747 0.0129118 9.9946E-05 0.751852 0.0048899 9.9946E-05 9.9946E-05 9.9946E-05
9.9937E-05 9.9937E-05 9.9937E-05 9.9937E-05 9.9937E-05 0.885607 0.104961 9.9937E-05 0.0087322 9.9937E-05
9.9946E-05 9.9946E-05 0.567448 9.9946E-05 9.9946E-05 0.275825 0.0327682 9.9946E-05 9.9946E-05 0.123359
0.0138696 9.9964E-05 0.708636 9.9964E-05 9.9964E-05 0.142393 0.0234946 0.0762658 9.9964E-05 0.0349406
9.9955E-05 0.0570568 0.63242 9.9955E-05 9.9955E-05 0.255761 0.0171513 9.9955E-05 0.0371117 9.9955E-05
9.9964E-05 0.0232442 0.412735 9.9964E-05 0.00940765 0.523544 9.9964E-05 0.013154 9.9964E-05 0.0175156
9.9946E-05 9.9946E-05 0.439609 0.00716372 9.9946E-05 0.356066 9.9946E-05 9.9946E-05 9.9946E-05 0.196562
9.9973E-05 0.0494136 0.476061 9.9973E-05 0.0285947 0.105499 0.0478603 0.00772773 0.284544 9.9973E-05
9.9964E-05 9.9964E-05 0.348598 9.9964E-05 0.0550105 0.24214 0.0171 9.9964E-05 0.327718 0.00903362
9.9964E-05 0.101622 0.431641 0.0422912 9.9964E-05 0.106712 0.0286309 9.9964E-05 0.288704 9.9964E-05
9.9955E-05 0.0626324 0.307745 9.9955E-05 0.0683161 0.194362 9.9955E-05 9.9955E-05 0.366445 9.9955E-05
0.40504 0.067144 9.9973E-05 9.9973E-05 0.25597 0.00729085 9.9973E-05 0.076261 0.163097 0.0248963
0.518639 0.0113465 9.9973E-05 9.9973E-05 0.180189 0.0142326 9.9973E-05 0.0848177 0.136189 0.0542861
0.415858 0.00989325 9.9973E-05 0.00497571 0.225977 9.9973E-05 0.080902 9.9973E-05 0.223342 0.0387525
0.282216 0.0452593 9.9946E-05 9.9946E-05 0.096414 9.9946E-05 9.9946E-05 9.9946E-05 0.575511 9.9946E-05
0.633117 0.151551 0.0409429 9.9973E-05 0.0422854 9.9973E-05 0.0404128 0.0608233 0.0305673 9.9973E-05
0.49761 9.9964E-05 9.9964E-05 0.0264722 0.373587 9.9964E-05 0.0602626 0.0345568 0.00711166 9.9964E-05
0.517906 0.0524135 9.9973E-05 9.9973E-05 0.293247 0.00781617 0.00983726 9.9973E-05 0.100054 0.0184265
0.302947 0.00180762 9.9955E-05 9.9955E-05 0.56604 9.9955E-05 9.9955E-05 0.0310547 9.9955E-05 0.0976505
0.269881 0.0332813 9.9964E-05 9.9964E-05 0.409848 9.9964E-05 0.0175585 9.9964E-05 0.150875 0.118156
9.9946E-05 0.151813 9.9946E-05 0.0977077 0.74171 9.9946E-05 9.9946E-05 9.9946E-05 0.00816967 9.9946E-05
0.261939 0.0677978 9.9964E-05 0.16062 0.456363 0.0393574 0.0135232 9.9964E-05 9.9964E-05 9.9964E-05
0.460798 0.055557 0.0430921 0.0442215 0.331007 9.9973E-05 9.9973E-05 0.0341372 9.9973E-05 0.0308869
0.176411 9.9955E-05 0.042646 9.9955E-05 0.600723 0.0297959 9.9955E-05 9.9955E-05 0.149924 9.9955E-05
9.9937E-05 9.9937E-05 9.9937E-05 0.0718477 9.9937E-05 0.149157 9.9937E-05 9.9937E-05 0.778296 9.9937E-05
0.0285561 9.9973E-05 0.0473582 0.0319413 9.9973E-05 0.040813 9.9973E-05 0.00407818 0.795337 0.0516159
9.99281E-05 9.99281E-05 9.99281E-05 9.99281E-05 9.99281E-05 0.0402728 9.99281E-05 9.99281E-05 0.958928 9.99281E-05
9.9928E-05 9.9928E-05 9.9928E-05 9.9928E-05 9.9928E-05 0.159486 9.9928E-05 9.9928E-05 0.839714 9.9928E-05
0.0954943 9.9955E-05 0.0754357 0.00354802 9.9955E-05 9.9955E-05 9.9955E-05 0.0139094 0.811113 9.9955E-05
0.0861477 9.9955E-05 0.00109458 9.9955E-05 9.9955E-05 0.0932667 9.9955E-05 0.0553075 0.763684 9.9955E-05
9.9955E-05 0.00032725 0.124212 9.9955E-05 0.0437785 0.789326 0.0418566 9.9955E-05 9.9955E-05 9.9955E-05
0.027672 0.0183347 9.9946E-05 0.0119875 9.9946E-05 0.941406 9.9946E-05 9.9946E-05 9.9946E-05 9.9946E-05
0.109735 9.9946E-05 9.9946E-05 9.9946E-05 9.9946E-05 0.795723 0.0576479 0.0362948 9.9946E-05 9.9946E-05
0.0379375 9.9946E-05 9.9946E-05 9.9946E-05 9.9946E-05 0.875826 9.9946E-05 0.055359 0.0302778 9.9946E-05
0.0959421 9.9964E-05 0.04762 9.9964E-05 9.9964E-05 0.795958 0.0147986 0.0255997 0.0196822 9.9964E-05
9.9946E-05 9.9946E-05 0.308282 0.0429344 9.9946E-05 0.05855 9.9946E-05 9.9946E-05 0.589634 9.9946E-05
9.9964E-05 0.0467271 0.386349 0.0078697 0.0674372 0.058305 9.9964E-05 9.9964E-05 0.432912 9.9964E-05
9.9955E-05 0.0522606 0.417554 9.9955E-05 9.9955E-05 9.9955E-05 0.0389073 9.9955E-05 0.488011 0.00276753
9.99201E-05 9.99201E-05 9.99201E-05 9.99201E-05 9.99201E-05 9.99201E-05 0.999101 9.99201E-05 9.99201E-05 9.99201E-05
9.9973E-05 9.9973E-05 0.367876 0.000797153 0.0894637 9.9973E-05 0.0357304 0.00103426 0.502047 0.00275091
0.162883 9.9955E-05 0.0945083 0.148399 9.9955E-05 9.9955E-05 9.9955E-05 0.102141 9.9955E-05 0.491569
0.441443 9.9964E-05 0.0491681 9.9964E-05 9.9964E-05 0.0324629 0.0867657 0.135196 9.9964E-05 0.254564
0.263936 9.9982E-05 0.123039 0.105082 9.9982E-05 0.0632435 0.00872757 0.17198 0.0453751 0.218416
9.9946E-05 9.9946E-05 0.30256 0.257157 9.9946E-05 9.9946E-05 9.9946E-05 0.0980822 9.9946E-05 0.341601
0.457104 0.09938 9.9964E-05 9.9964E-05 0.0998558 9.9964E-05 0.0122129 0.0525178 0.27853 9.9964E-05
0.311484 0.122187 0.0225578 0.0583333 0.157094 9.9973E-05 9.9973E-05 9.9973E-05 0.191315 0.136729
0.324266 0.0291391 9.9964E-05 9.9964E-05 9.9964E-05 0.0408333 0.0525045 9.9964E-05 0.516293 0.0365634
0.429896 0.176765 9.9982E-05 0.0678152 0.120904 0.00378949 0.0106436 9.9982E-05 0.12402 0.0659665
9.9946E-05 0.24468 9.9946E-05 0.371349 0.158093 9.9946E-05 9.9946E-05 9.9946E-05 0.225278 9.9946E-05
0.429319 0.152218 9.9991E-05 0.0297523 0.0272411 0.0192912 0.0368978 0.0537446 0.216014 0.0354219
0.302479 9.9973E-05 0.0204797 0.00586328 0.0957467 9.9973E-05 0.0292383 9.9973E-05 0.417364 0.128529
0.15284 0.123432 9.9955E-05 0.345026 0.141445 9.9955E-05 9.9955E-05 9.9955E-05 0.236757 9.9955E-05
0.378032 0.119306 9.9973E-05 0.132074 0.0589903 9.9973E-05 0.039328 0.0850433 0.186927 9.9973E-05
0.541781 0.0907913 9.9973E-05 9.9973E-05 9.9973E-05 0.0205102 0.0500373 0.0232209 0.229241 0.0441182
0.296759 9.9982E-05 0.0287201 0.035761 0.137364 0.12112 9.9982E-05 0.102591 0.0462569 0.231227
0.384581 0.144613 9.9955E-05 0.103903 9.9955E-05 9.9955E-05 9.9955E-05 0.033222 0.333181 9.9955E-05
0.401301 0.112238 9.9982E-05 0.0269745 0.112273 0.0115633 0.0279662 9.9982E-05 0.198249 0.109236
0.461433 0.126619 0.00398144 0.121614 0.121676 0.0550824 9.9991E-05 0.0192837 0.0305307 0.0596798
0.398966 0.0126123 0.0375213 0.0592927 0.147962 9.9973E-05 9.9973E-05 9.9973E-05 0.182865 0.160481
0.587899 0.0306493 9.9973E-05 0.0465351 0.0366478 9.9973E-05 0.0334597 9.9973E-05 0.0941593 0.17035
0.105794 9.9937E-05 0.825641 9.9937E-05 9.9937E-05 9.9937E-05 9.9937E-05 0.0678648 9.9937E-05 9.9937E-05
0.116363 9.9928E-05 0.882837 9.9928E-05 9.9928E-05 9.9928E-05 9.9928E-05 9.9928E-05 9.9928E-05 9.9928E-05
0.117416 0.0384505 0.564184 9.9946E-05 9.9946E-05 0.27935 9.9946E-05 9.9946E-05 9.9946E-05 9.9946E-05
0.0427073 0.0150799 0.832535 9.9955E-05 0.030183 9.9955E-05 9.9955E-05 9.9955E-05 9.9955E-05 0.0789952
0.168547 9.9937E-05 0.830416 9.9937E-05 9.9937E-05 9.9937E-05 0.000336969 9.9937E-05 9.9937E-05 9.9937E-05
0.250162 9.9955E-05 9.9955E-05 0.105962 0.0204012 9.9955E-05 9.9955E-05 0.0516406 0.571335 9.9955E-05
0.509045 0.0876357 9.9973E-05 0.0374049 9.9973E-05 9.9973E-05 0.0435674 0.021573 0.109646 0.190828
0.481838 0.0231719 0.0481958 9.9982E-05 0.0107532 0.019695 0.0330598 9.9982E-05 0.318203 0.0648835
0.21974 0.197724 9.9991E-05 0.145435 0.0326596 0.0133219 0.0233072 0.0413753 0.237148 0.0891889
0.0514686 9.9964E-05 0.0710487 0.171962 0.0742325 9.9964E-05 0.0476117 9.9964E-05 0.583277 9.9964E-05
0.508894 9.9973E-05 9.9973E-05 0.0636125 9.9973E-05 0.0309719 0.0317645 0.0192692 0.288839 0.056349
0.200823 0.114143 9.9964E-05 9.9964E-05 9.9964E-05 0.112118 0.0149905 0.0448026 0.512724 9.9964E-05
0.306709 9.9973E-05 0.0927802 0.123435 0.11594 0.0133969 9.9973E-05 9.9973E-05 0.163071 0.184368
0.15896 0.109823 0.0536214 9.9982E-05 0.00934399 0.0854144 0.0156911 9.9982E-05 0.52745 0.0394963
0.26892 0.0676231 0.0813427 0.0390264 9.9973E-05 9.9973E-05 0.0306871 0.0315933 0.480508 9.9973E-05
0.254933 0.155283 9.9991E-05 0.0897182 0.0506274 0.00576329 0.0281064 0.0927089 0.262902 0.0598583
0.391361 0.109028 9.9982E-05 0.385846 9.9982E-05 0.003038 0.00018841 0.00797003 0.0996579 0.00271036
0.562004 9.9937E-05 0.101637 0.33566 9.9937E-05 9.9937E-05 9.9937E-05 9.9937E-05 9.9937E-05 9.9937E-05
0.474321 9.9928E-05 9.9928E-05 0.52488 9.9928E-05 9.9928E-05 9.9928E-05 9.9928E-05 9.9928E-05 9.9928E-05
0.607243 0.0224096 0.050216 0.271025 9.9964E-05 9.9964E-05 0.0330585 9.9964E-05 0.0156476 9.9964E-05
0.15113 0.129211 9.9955E-05 0.555878 0.084226 9.9955E-05 9.9955E-05 9.9955E-05 0.0790549 9.9955E-05
0.314239 0.095692 9.9946E-05 0.534999 0.0544698 9.9946E-05 9.9946E-05 9.9946E-05 9.9946E-05 9.9946E-05
0.483285 0.11384 9.9964E-05 0.302797 9.9964E-05 9.9964E-05 0.018281 9.9964E-05 0.0696772 0.0117199
0.232622 0.0965051 9.9955E-05 0.464392 0.138237 9.9955E-05 9.9955E-05 9.9955E-05 0.0677438 9.9955E-05
0.538269 9.9946E-05 0.0390978 0.33168 9.9946E-05 9.9946E-05 9.9946E-05 9.9946E-05 0.0903534 9.9946E-05
0.0257361 0.0597158 9.9955E-05 9.9955E-05 0.227431 9.9955E-05 9.9955E-05 9.9955E-05 0.584718 0.1019
0.182025 0.258912 9.9964E-05 0.133356 0.0941062 9.9964E-05 9.9964E-05 0.0420794 0.289122 9.9964E-05
0.28335 0.0373475 9.9973E-05 9.9973E-05 0.10784 9.9973E-05 0.0427818 0.0527472 0.379007 0.0966256
0.527527 0.0255919 9.9964E-05 0.0298173 9.9964E-05 9.9964E-05 0.0085513 9.9964E-05 0.187412 0.220701
0.358805 9.9946E-05 9.9946E-05 0.0529543 0.135311 9.9946E-05 9.9946E-05 9.9946E-05 0.45233 9.9946E-05
0.370462 0.0870486 9.9973E-05 0.0057618 0.0120904 9.9973E-05 0.0300893 9.9973E-05 0.279028 0.21522
0.374208 9.9973E-05 0.0337601 9.9973E-05 0.178601 9.9973E-05 0.0646804 0.0443107 0.276115 0.0280244
0.227061 9.9946E-05 9.9946E-05 9.9946E-05 0.15531 9.9946E-05 9.9946E-05 0.111509 0.50552 9.9946E-05
0.24637 0.0569179 9.9964E-05 9.9964E-05 0.107363 9.9964E-05 9.9964E-05 0.0640967 0.382134 0.142719
0.55966 0.0622563 9.9964E-05 0.0389021 9.9964E-05 0.00155804 9.9964E-05 9.9964E-05 0.198738 0.138486
0.290065 0.0961428 9.9982E-05 0.0948024 0.0980614 0.0305574 0.0222274 9.9982E-05 0.177805 0.190139
0.404381 0.102451 9.9964E-05 0.0304323 9.9964E-05 9.9964E-05 9.9964E-05 0.080541 0.28541 0.0963844
0.328465 0.0368649 9.9982E-05 0.087584 9.9982E-05 0.0416158 0.0298047 0.0822819 0.382862 0.010322
0.425834 0.027139 0.05544 9.9973E-05 0.057834 9.9973E-05 9.9973E-05 0.100435 0.265598 0.06742
0.462206 9.9964E-05 0.165346 0.107548 9.9964E-05 0.127217 0.0492709 0.0880115 9.9964E-05 9.9964E-05
0.372225 9.9964E-05 0.0846505 0.0377853 0.0455273 9.9964E-05 9.9964E-05 0.0726655 9.9964E-05 0.386746
0.476356 0.0529706 9.9973E-05 0.0518142 9.9973E-05 9.9973E-05 0.0702533 0.154935 0.117781 0.0755897
0.384659 0.0285511 0.20574 9.9982E-05 0.0260807 9.9982E-05 0.0236678 0.0585124 0.000745516 0.271843
0.488963 0.142719 9.9964E-05 0.152464 9.9964E-05 9.9964E-05 0.00618226 0.0411812 0.168091 9.9964E-05
9.9964E-05 0.00236032 9.9964E-05 0.371114 0.200013 0.154749 9.9964E-05 0.0105732 9.9964E-05 0.26079
0.271992 0.00349317 9.9991E-05 0.0820366 0.0755383 0.0508326 0.0251385 0.14969 0.108609 0.23257
0.268438 9.9973E-05 0.0153545 9.9973E-05 0.118002 9.9973E-05 0.0611983 0.0601148 0.0623541 0.414238
0.151385 0.0243976 0.0531985 0.189545 0.100012 9.9991E-05 0.0718894 0.0561628 0.122778 0.230531
0.526825 9.9982E-05 0.100441 0.011236 0.000884664 0.0886472 0.00957836 0.0179843 9.9982E-05 0.244204
9.99567E-05 9.99567E-05 0.310415 0.301591 9.99567E-05 9.99567E-05 0.0618072 0.00975658 9.99567E-05 0.31593
0.478271 9.9973E-05 0.0294467 0.0201951 9.9973E-05 0.184703 0.0113467 0.0407775 9.9973E-05 0.234961
0.498469 0.054595 9.9991E-05 0.00800267 0.0104663 0.225279 0.047015 0.0977008 0.0311796 0.0271924
0.337359 0.460931 0.0466141 9.9973E-05 9.9973E-05 9.9973E-05 0.00821678 0.0560295 0.0348289 0.0557214
9.9946E-05 0.834794 9.9946E-05 0.020875 0.0626941 9.9946E-05 9.9946E-05 9.9946E-05 0.0810376 9.9946E-05
9.9955E-05 0.864458 9.9955E-05 0.0538868 0.00198805 0.00405933 9.9955E-05 9.9955E-05 0.0751076 9.9955E-05
0.311047 0.0679216 0.0637043 9.9973E-05 9.9973E-05 0.0518624 9.9973E-05 0.0757114 0.0114685 0.417985
0.163705 0.207263 9.9955E-05 0.0180644 9.9955E-05 9.9955E-05 9.9955E-05 0.0495845 9.9955E-05 0.560883
9.9982E-05 0.229967 0.029976 0.0657778 0.0358642 0.131803 0.029519 0.126046 9.9982E-05 0.350848
0.204893 0.144759 9.9955E-05 9.9955E-05 9.9955E-05 0.0729585 0.0183917 9.9955E-05 9.9955E-05 0.558498
9.9955E-05 0.737879 0.0679482 0.0401957 9.9955E-05 9.9955E-05 9.9955E-05 0.0559908 9.9955E-05 0.0974869
9.9964E-05 0.642667 0.0483059 0.0435216 9.9964E-05 9.9964E-05 0.0074721 9.9964E-05 0.00254289 0.255091
0.46807 0.353932 9.9964E-05 9.9964E-05 9.9964E-05 0.0120467 0.0178429 0.0597765 9.9964E-05 0.0879324
0.381796 0.348192 9.9946E-05 9.9946E-05 9.9946E-05 0.101425 9.9946E-05 9.9946E-05 9.9946E-05 0.167988
0.0428329 0.735481 0.023093 9.9955E-05 9.9955E-05 9.9955E-05 0.0347437 9.9955E-05 9.9955E-05 0.16335
0.289702 0.263675 9.9964E-05 9.9964E-05 0.054622 0.0907187 0.0291382 9.9964E-05 9.9964E-05 0.271744
0.345459 0.402407 9.9955E-05 9.9955E-05 9.9955E-05 9.9955E-05 9.9955E-05 0.0647523 0.0297758 0.157106
0.356189 0.563401 9.9946E-05 9.9946E-05 9.9946E-05 0.0405284 9.9946E-05 9.9946E-05 0.0392819 9.9946E-05
0.315493 0.506649 9.9982E-05 9.9982E-05 0.0124772 0.0632166 0.0124022 0.0292617 0.0266618 0.0336377
0.185848 0.355235 0.0468467 0.016204 0.0486777 9.9982E-05 0.0389486 9.9982E-05 0.0838851 0.224155
0.3711 0.424783 0.0118804 0.0353994 9.9973E-05 9.9973E-05 0.0293266 9.9973E-05 0.0216188 0.105592
0.199816 0.757298 9.9937E-05 9.9937E-05 9.9937E-05 9.9937E-05 9.9937E-05 9.9937E-05 0.0421861 9.9937E-05
0.466553 0.38471 9.9955E-05 9.9955E-05 0.0145449 0.0216517 9.9955E-05 9.9955E-05 9.9955E-05 0.11204
0.201257 0.73931 9.9955E-05 9.9955E-05 9.9955E-05 9.9955E-05 9.9955E-05 0.00564318 0.0467286 0.00656152
0.341736 0.529765 0.00566679 9.9982E-05 9.9982E-05 0.0303136 0.012998 0.00461802 0.0144842 0.0602183
0.276897 9.9973E-05 0.111979 0.131443 0.0738462 9.9973E-05 0.019697 0.101582 9.9973E-05 0.284256
0.280012 9.9982E-05 0.0756307 0.0807402 9.9982E-05 0.011366 0.0464361 0.0903303 0.155832 0.259452
9.9973E-05 0.526811 0.131418 0.116937 9.9973E-05 0.0207853 0.0297683 0.030421 9.9973E-05 0.14356
0.469112 0.0359517 0.0136195 0.0228998 0.0242683 9.9991E-05 0.0405352 0.109688 0.061968 0.221857
9.9973E-05 0.344345 0.171675 0.174758 9.9973E-05 0.137499 0.0584104 0.0697359 9.9973E-05 0.0432768
0.366764 0.251698 9.9955E-05 9.9955E-05 9.9955E-05 0.0208215 9.9955E-05 0.0150603 9.9955E-05 0.345156
9.9928E-05 0.892121 9.9928E-05 9.9928E-05 0.10708 9.9928E-05 9.9928E-05 9.9928E-05 9.9928E-05 9.9928E-05
9.9946E-05 0.886052 9.9946E-05 0.0793558 0.0275669 9.9946E-05 0.0064255 9.9946E-05 9.9946E-05 9.9946E-05
0.410979 0.521387 9.9946E-05 9.9946E-05 0.0430428 9.9946E-05 9.9946E-05 9.9946E-05 9.9946E-05 0.0239913
0.481452 0.313865 9.9946E-05 9.9946E-05 9.9946E-05 9.9946E-05 0.0458746 9.9946E-05 9.9946E-05 0.158208
0.344922 0.654278 9.9928E-05 9.9928E-05 9.9928E-05 9.9928E-05 9.9928E-05 9.9928E-05 9.9928E-05 9.9928E-05
0.457737 0.471316 9.9973E-05 9.9973E-05 0.0206394 0.00646942 0.00306526 0.0275339 0.012939 9.9973E-05
0.418815 0.488846 9.9937E-05 9.9937E-05 9.9937E-05 9.9937E-05 9.9937E-05 9.9937E-05 9.9937E-05 0.0916392
0.0106063 0.0243942 0.451597 9.9982E-05 0.0364077 0.219931 0.0957521 9.9982E-05 0.0246453 0.136466
9.9982E-05 0.0106971 0.40995 9.9982E-05 0.0201481 0.344666 0.0480486 0.0685073 0.0790605 0.0187229
9.9955E-05 9.9955E-05 0.434521 9.9955E-05 9.9955E-05 0.466609 0.0182781 0.0779675 0.00212434 9.9955E-05
0.032945 0.00403945 0.509079 9.9955E-05 9.9955E-05 0.354656 0.0987814 9.9955E-05 9.9955E-05 9.9955E-05
0.466949 0.0910326 0.00561763 0.0137577 0.286166 0.0541023 0.027323 0.0513495 0.00360277 9.9991E-05
0.477429 0.00959377 9.9973E-05 9.9973E-05 0.354908 0.0110085 0.0661394 9.9973E-05 0.0622003 0.0184215
0.24689 0.00219993 0.0472813 0.0105967 0.486343 9.9973E-05 9.9973E-05 0.0518395 0.154549 9.9973E-05
0.520295 0.0314767 9.9964E-05 9.9964E-05 0.311973 9.9964E-05 0.0327384 0.0856197 9.9964E-05 0.0174968
0.300277 0.112733 9.9955E-05 0.0845396 0.455928 9.9955E-05 0.0460228 9.9955E-05 9.9955E-05 9.9955E-05
0.391848 0.0675935 0.140718 9.9964E-05 9.9964E-05 0.201532 9.9964E-05 0.0998317 9.9964E-05 0.0980762
0.292164 0.119659 9.9964E-05 0.00216511 0.374546 9.9964E-05 9.9964E-05 9.9964E-05 0.0337827 0.177283
0.410124 9.9964E-05 9.9964E-05 9.9964E-05 0.406824 9.9964E-05 0.034991 0.0224886 0.115248 0.00992506
0.465979 0.0596095 9.9973E-05 9.9973E-05 0.300898 0.00100027 9.9973E-05 0.0118577 0.0840918 0.0762637
0.450375 0.0944392 0.00446621 9.9973E-05 0.377434 0.0284065 0.0205097 9.9973E-05 0.0240694 9.9973E-05
0.485942 0.186917 9.9955E-05 9.9955E-05 0.262903 9.9955E-05 0.00616674 0.0575715 9.9955E-05 9.9955E-05
0.0529519 0.00697449 9.9955E-05 0.00510478 0.911931 9.9955E-05 0.0225386 9.9955E-05 9.9955E-05 9.9955E-05
0.278791 0.0509271 9.9964E-05 0.0323938 0.539627 0.0971124 9.9964E-05 0.000748958 9.9964E-05 9.9964E-05
0.231983 0.0504023 9.9973E-05 9.9973E-05 0.555232 0.0116475 9.9973E-05 0.0210366 0.064445 0.0649531
9.9928E-05 9.9928E-05 9.9928E-05 0.171084 0.828117 9.9928E-05 9.9928E-05 9.9928E-05 9.9928E-05 9.9928E-05
0.43482 0.0218648 0.0613783 9.9964E-05 0.290979 9.9964E-05 0.028281 9.9964E-05 0.162278 9.9964E-05
0.139812 0.0199454 9.9955E-05 0.248708 0.569044 9.9955E-05 9.9955E-05 0.0219913 9.9955E-05 9.9955E-05
9.9937E-05 0.0848199 9.9937E-05 0.119527 0.794954 9.9937E-05 9.9937E-05 9.9937E-05 9.9937E-05 9.9937E-05
0.552712 9.9955E-05 9.9955E-05 9.9955E-05 0.318516 0.0320909 0.0326009 9.9955E-05 9.9955E-05 0.0635806
0.259137 9.99639E-05 9.99639E-05 9.99639E-05 0.505706 0.0549586 0.00829446 0.0140826 0.157422 9.99639E-05
0.445533 9.9973E-05 0.00510688 0.121042 0.260877 0.0166443 9.9973E-05 0.0702637 0.0802332 9.9973E-05
0.489683 0.0122761 9.9982E-05 0.00227244 0.301441 0.0307442 9.9982E-05 0.00798418 0.119589 0.0358097
0.276798 0.0534103 9.9964E-05 0.0876675 0.126155 9.9964E-05 9.9964E-05 9.9964E-05 0.24854 0.20703
0.475324 9.9955E-05 0.000865223 9.9955E-05 0.351148 9.9955E-05 9.9955E-05 0.037077 9.9955E-05 0.135086
0.475129 0.0533304 0.0049342 9.9991E-05 0.273717 0.0303998 0.0180745 0.0326411 0.0783967 0.0332772
0.303293 9.9964E-05 9.9964E-05 0.0254912 0.615192 9.9964E-05 0.0157899 0.0256171 0.0142164 9.9964E-05
0.0242144 9.9946E-05 0.684304 9.9946E-05 9.9946E-05 9.9946E-05 0.031782 9.9946E-05 0.2591 9.9946E-05
0.0405725 9.9973E-05 0.574895 0.0297394 0.00952368 0.127224 0.0658018 9.9973E-05 0.151944 9.9973E-05
9.9955E-05 9.9955E-05 0.524723 0.0130566 9.9955E-05 0.186434 0.126162 9.9955E-05 0.149125 9.9955E-05
9.9973E-05 0.0075037 0.569052 0.0588727 0.0323602 0.199501 0.0617766 9.9973E-05 0.0706333 9.9973E-05
0.0158693 9.9964E-05 0.335363 0.0122618 9.9964E-05 0.382681 0.0733062 9.9964E-05 0.180119 9.9964E-05
0.177038 9.9964E-05 0.00466006 9.9964E-05 0.607951 0.0740036 9.9964E-05 0.0340357 0.101912 9.9964E-05
0.202666 9.9964E-05 0.0746227 0.0095875 0.583854 9.9964E-05 0.0504011 9.9964E-05 0.0784689 9.9964E-05
0.209528 0.0640372 9.9946E-05 0.0205398 0.705295 9.9946E-05 9.9946E-05 9.9946E-05 9.9946E-05 9.9946E-05
0.408303 9.9955E-05 0.0445333 0.0199169 0.484558 0.0421889 9.9955E-05 9.9955E-05 9.9955E-05 9.9955E-05
0.621186 0.0108674 9.9964E-05 9.9964E-05 0.211021 0.0979179 9.9964E-05 0.0455717 9.9964E-05 0.0130361
0.440619 9.9973E-05 0.0612075 0.0842208 0.338457 0.00450022 9.9973E-05 0.0362732 9.9973E-05 0.0344221
0.589459 0.0554342 0.0526416 0.0224834 0.191328 9.9973E-05 9.9973E-05 9.9973E-05 0.027084 0.0612695
0.34115 0.0606011 9.9955E-05 9.9955E-05 0.464841 9.9955E-05 0.0103872 9.9955E-05 0.122521 9.9955E-05
0.436787 9.9955E-05 0.00971538 9.9955E-05 0.414459 0.0122745 9.9955E-05 9.9955E-05 0.126265 9.9955E-05
0.456347 9.9937E-05 9.9937E-05 9.9937E-05 0.355993 9.9937E-05 9.9937E-05 9.9937E-05 0.18696 9.9937E-05
0.669419 9.9946E-05 0.193002 0.136522 9.9946E-05 9.9946E-05 9.9946E-05 0.000457454 9.9946E-05 9.9946E-05
0.458018 9.9955E-05 9.9955E-05 9.9955E-05 0.409091 0.029744 0.0293594 9.9955E-05 0.0732875 9.9955E-05
0.473243 9.9946E-05 9.9946E-05 9.9946E-05 0.399182 0.075417 9.9946E-05 9.9946E-05 0.051559 9.9946E-05
0.209639 9.9964E-05 9.9964E-05 9.9964E-05 0.00560097 0.0132814 9.9964E-05 0.157879 0.0208319 0.592368
0.276926 9.9964E-05 9.9964E-05 0.0475723 9.9964E-05 0.0267106 0.0199783 0.0971352 9.9964E-05 0.531278
0.517335 0.00866795 0.00679534 0.168897 0.232871 9.9973E-05 9.9973E-05 0.0452872 9.9973E-05 0.0198472
9.9946E-05 9.9946E-05 0.0304284 9.9946E-05 9.9946E-05 9.9946E-05 0.0448601 0.00102398 9.9946E-05 0.923088
0.171413 9.9946E-05 9.9946E-05 9.9946E-05 9.9946E-05 0.0595092 0.0426241 9.9946E-05 9.9946E-05 0.725854
0.325933 9.9973E-05 0.110249 0.173364 0.114871 9.9973E-05 9.9973E-05 0.137253 0.0340118 0.104019
0.593263 9.9946E-05 0.106361 0.2021 9.9946E-05 9.9946E-05 0.0976767 9.9946E-05 9.9946E-05 9.9946E-05
0.540275 9.9955E-05 0.167747 0.222899 9.9955E-05 9.9955E-05 9.9955E-05 0.0442225 0.0243567 9.9955E-05
0.158108 9.9964E-05 0.0636513 9.9964E-05 9.9964E-05 0.0114933 0.0616614 0.0892811 9.9964E-05 0.615405
0.137254 9.9928E-05 9.9928E-05 9.9928E-05 9.9928E-05 9.9928E-05 9.9928E-05 9.9928E-05 9.9928E-05 0.861947
0.128694 9.9955E-05 9.9955E-05 9.9955E-05 0.0141179 9.9955E-05 0.0166361 0.0572533 9.9955E-05 0.782799
0.065897 9.9955E-05 9.9955E-05 9.9955E-05 9.9955E-05 0.00200339 9.9955E-05 0.0420727 0.0427585 0.846769
0.626841 9.9964E-05 0.0565789 0.285237 0.00588337 9.9964E-05 9.9964E-05 0.010538 9.9964E-05 0.014522
9.9955E-05 9.9955E-05 0.0595888 9.9955E-05 0.0178989 9.9955E-05 0.0449686 0.165559 9.9955E-05 0.711485
0.328155 9.9955E-05 0.084411 0.283594 9.9955E-05 0.0511737 9.9955E-05 9.9955E-05 0.252166 9.9955E-05
0.642367 9.9955E-05 9.9955E-05 0.225225 9.9955E-05 0.0544983 0.0255097 0.0518998 9.9955E-05 9.9955E-05
0.613765 0.00924786 9.9973E-05 0.123128 9.9973E-05 0.127224 0.0171671 0.0148124 0.0943555 9.9973E-05
0.615586 9.9955E-05 0.189613 0.167662 9.9955E-05 9.9955E-05 0.0151776 9.9955E-05 0.0114626 9.9955E-05
0.257851 9.9982E-05 0.0989286 0.04686 0.0800001 9.9982E-05 0.0275766 0.00806499 0.0663141 0.414204
0.121335 0.0954888 0.128858 0.00210838 0.0662841 9.9982E-05 0.0307103 0.0998297 9.9982E-05 0.455187
9.9937E-05 9.9937E-05 9.9937E-05 9.9937E-05 9.9937E-05 9.9937E-05 0.0087452 0.0552407 9.9937E-05 0.935315
0.533121 0.00253239 0.0490857 0.188134 0.0588577 0.0822174 0.0301985 9.9982E-05 0.0556533 9.9982E-05
0.222536 9.9964E-05 9.9964E-05 0.572091 0.0449578 0.0546495 0.0437519 0.0616142 9.9964E-05 9.9964E-05
0.449933 0.069197 0.0810951 0.0960926 9.9973E-05 0.0234139 9.9973E-05 9.9973E-05 0.195659 0.0843096
0.373754 0.00119695 0.0867613 0.0749211 0.10013 0.0938373 0.0430139 0.0952741 9.9991E-05 0.131011
9.99549E-05 9.99549E-05 0.117326 0.57583 9.99549E-05 0.0810451 9.99549E-05 0.0466493 9.99549E-05 0.17865
9.99459E-05 9.99459E-05 9.99459E-05 0.6516 9.99459E-05 0.148648 0.016938 9.99459E-05 9.99459E-05 0.182214
0.247624 0.0286981 0.0501576 0.352372 9.9982E-05 0.0768475 9.9982E-05 0.0409728 0.00968912 0.193439
0.0163883 0.0638223 9.9991E-05 0.369372 0.000113111 0.21078 0.0528887 0.0235622 0.0121706 0.250803
9.9964E-05 9.9964E-05 0.129244 0.410118 9.9964E-05 0.0829585 0.0318609 0.0736274 9.9964E-05 0.27179
0.236104 0.0341894 9.9982E-05 0.226928 0.111515 0.0662267 0.0412683 9.9982E-05 0.0391519 0.244417
0.260501 0.154099 9.9991E-05 0.123864 0.00807293 0.205877 0.0368851 0.0323081 0.0270957 0.151196
0.196567 9.9964E-05 0.0150305 0.300009 0.031074 0.242512 9.9964E-05 9.9964E-05 9.9964E-05 0.214407
0.0125188 9.9955E-05 9.9955E-05 0.503151 9.9955E-05 0.224654 0.0160086 9.9955E-05 9.9955E-05 0.243168
0.393853 0.00805292 0.00533069 0.179365 0.024209 0.0874141 0.051775 0.0857884 0.0780274 0.0861847
0.106633 9.9982E-05 9.9982E-05 0.421892 0.0725432 0.166737 0.027876 0.112278 0.0235353 0.0683057
9.9946E-05 9.9946E-05 9.9946E-05 0.540451 9.9946E-05 0.26288 0.0352186 9.9946E-05 9.9946E-05 0.160851
0.204929 9.9973E-05 0.00685252 0.194674 9.9973E-05 0.0379276 0.0427277 9.9973E-05 0.0664776 0.446111
0.307889 9.9991E-05 0.00996012 0.00811235 0.108697 0.323546 0.00954382 0.0772985 0.00611842 0.148735
