9.9955E-05 9.9955E-05 9.9955E-05 9.9955E-05 0.807677 9.9955E-05 0.0343339 0.00590749 0.0644176 0.0871639
9.9955E-05 0.0440983 9.9955E-05 9.9955E-05 0.870747 0.0291047 9.9955E-05 0.00695554 0.0485943 9.9955E-05
9.9964E-05 9.9964E-05 0.0241084 9.9964E-05 0.768188 0.00537993 0.0218578 9.9964E-05 0.022299 0.157767
9.9955E-05 9.9955E-05 0.0633981 9.9955E-05 0.755875 9.9955E-05 0.0641025 9.9955E-05 0.0421997 0.0739245
9.9955E-05 0.0168882 0.0175794 9.9955E-05 0.885765 9.9955E-05 0.0363366 9.9955E-05 9.9955E-05 0.0429313
9.9964E-05 9.9964E-05 0.0529489 0.324893 0.527918 9.9964E-05 0.0325471 9.9964E-05 0.051665 0.00962777
9.9946E-05 9.9946E-05 9.9946E-05 0.246259 0.654836 9.9946E-05 0.0263929 9.9946E-05 0.0719125 9.9946E-05
9.9955E-05 9.9955E-05 0.0195309 0.286267 0.597568 9.9955E-05 0.0371754 9.9955E-05 0.0589591 9.9955E-05
9.99549E-05 9.99549E-05 9.99549E-05 9.99549E-05 0.775299 0.0952015 0.0937975 0.0324179 0.00278408 9.99549E-05
9.9955E-05 0.0387014 0.0852614 0.217362 0.57293 9.9955E-05 9.9955E-05 9.9955E-05 0.0852455 9.9955E-05
9.9946E-05 9.9946E-05 9.9946E-05 0.259794 0.671097 9.9946E-05 0.0657572 9.9946E-05 0.00275221 9.9946E-05
0.853652 9.9955E-05 0.0605433 0.0162791 9.9955E-05 9.9955E-05 9.9955E-05 0.0233389 9.9955E-05 0.0456873
0.368849 9.9973E-05 0.077847 0.0199967 9.9973E-05 0.00451463 0.0371486 9.9973E-05 0.0276581 0.463686
0.667136 0.0196177 0.0247604 9.9973E-05 0.0525699 0.0393006 9.9973E-05 9.9973E-05 0.0203794 0.175936
0.603237 9.9955E-05 0.145909 9.9955E-05 0.00131761 0.0298966 9.9955E-05 9.9955E-05 9.9955E-05 0.21914
0.422707 9.9955E-05 0.0444633 0.0590115 0.163556 9.9955E-05 9.9955E-05 9.9955E-05 9.9955E-05 0.309762
0.387934 0.019464 0.0898606 0.065364 9.9991E-05 0.0579592 0.0162314 0.0670822 0.0319139 0.26409
0.518991 9.9964E-05 0.0670008 9.9964E-05 0.0844515 0.0519529 9.9964E-05 9.9964E-05 0.0423821 0.234822
0.8072 9.9946E-05 9.9946E-05 0.138181 0.0412603 9.9946E-05 9.9946E-05 9.9946E-05 0.0127595 9.9946E-05
0.315617 0.0820338 0.0977806 0.0117822 0.0461685 9.9991E-05 0.0495315 0.0830179 0.0299798 0.283988
0.214916 9.9973E-05 0.0127301 0.21403 9.9973E-05 0.102361 0.0298688 9.9973E-05 0.0307095 0.395085
0.298671 0.117533 0.026369 0.0405965 0.0661951 9.9982E-05 9.9982E-05 0.02743 0.00551607 0.417489
0.667122 9.9955E-05 0.113539 0.0578328 0.02345 9.9955E-05 9.9955E-05 9.9955E-05 9.9955E-05 0.137556
0.404381 9.9973E-05 0.0622542 0.0237633 0.00763101 0.0828655 9.9973E-05 9.9973E-05 0.0199737 0.398831
0.857277 9.9946E-05 0.1254 9.9946E-05 9.9946E-05 9.9946E-05 9.9946E-05 9.9946E-05 0.00400999 0.0127128
0.655803 9.9955E-05 0.202843 0.0489656 0.0550189 9.9955E-05 9.9955E-05 9.9955E-05 9.9955E-05 0.0368705
0.80516 9.9955E-05 0.0440979 0.0178085 0.0350906 9.9955E-05 9.9955E-05 9.9955E-05 9.9955E-05 0.0973429
9.99201E-05 9.99201E-05 9.99201E-05 9.99201E-05 9.99201E-05 9.99201E-05 9.99201E-05 9.99201E-05 0.999101 9.99201E-05
9.99201E-05 9.99201E-05 9.99201E-05 9.99201E-05 9.99201E-05 9.99201E-05 9.99201E-05 9.99201E-05 0.999101 9.99201E-05
0.0442476 9.9955E-05 0.00445027 9.9955E-05 0.486586 9.9955E-05 9.9955E-05 9.9955E-05 0.33517 0.129047
9.9973E-05 9.9973E-05 0.0490075 0.0504362 0.491184 0.0210247 9.9973E-05 0.0122099 0.266303 0.109535
0.176815 9.9964E-05 9.9964E-05 0.114799 0.0180441 9.9964E-05 9.9964E-05 0.15967 0.0403797 0.489893
9.9973E-05 0.0070525 0.0295609 0.0831331 0.0516864 9.9973E-05 9.9973E-05 0.338722 0.00399536 0.48555
0.636724 9.9964E-05 9.9964E-05 9.9964E-05 0.0972244 0.00241178 0.145541 0.00524375 9.9964E-05 0.112455
0.0265013 9.9973E-05 0.0554828 0.000715945 9.9973E-05 9.9973E-05 0.0153546 0.579012 0.00489288 0.31774
9.9964E-05 9.9964E-05 0.0173569 0.0368628 0.0673914 9.9964E-05 9.9964E-05 0.220544 0.0179522 0.639493
0.0119929 9.9982E-05 0.0344184 0.253032 0.0570458 9.9982E-05 0.0541885 0.0953022 0.0139069 0.479914
9.9973E-05 0.0158589 9.9973E-05 0.211126 0.0343227 0.015641 0.0438663 9.9973E-05 0.0429014 0.635983
0.196949 9.9973E-05 9.9973E-05 9.9973E-05 0.0186487 0.032352 0.00196603 0.553885 0.0469068 0.148992
0.0093416 9.9973E-05 0.0576039 0.281901 0.00551271 9.9973E-05 0.0531353 0.0934497 9.9973E-05 0.498756
9.9937E-05 9.9937E-05 9.9937E-05 9.9937E-05 9.9937E-05 0.0698017 9.9937E-05 0.562055 9.9937E-05 0.367444
9.9946E-05 0.0614002 9.9946E-05 9.9946E-05 0.00405183 0.244076 9.9946E-05 0.689873 9.9946E-05 9.9946E-05
0.42553 0.0808313 9.9982E-05 0.00160148 9.9982E-05 0.0410121 0.171944 0.203582 0.0222845 0.0530144
0.364517 0.0975148 9.9964E-05 0.16738 9.9964E-05 0.189002 9.9964E-05 0.152474 9.9964E-05 0.0287123
0.205835 0.0485459 9.9982E-05 0.0462022 0.098201 9.9982E-05 0.214007 0.199972 0.0194043 0.167634
0.117799 0.0658433 0.0349949 0.00404587 0.0491814 0.0220306 0.102238 0.0306403 0.00821882 0.565008
0.237425 0.119246 0.00795659 0.109019 0.134942 0.00643373 0.0492937 0.0236708 0.0340724 0.277941
0.38731 0.0839174 0.00837497 0.0772339 0.165641 0.110988 0.0763433 9.9982E-05 9.9982E-05 0.089992
0.205114 0.0718247 0.0175258 9.9973E-05 9.9973E-05 0.13577 0.117209 0.0358813 9.9973E-05 0.416375
0.676815 9.9973E-05 9.9973E-05 0.125433 0.0274607 0.00472473 0.0948937 0.0237141 0.0466591 9.9973E-05
0.402137 9.9955E-05 9.9955E-05 9.9955E-05 9.9955E-05 0.0920945 0.0573911 9.9955E-05 0.00912196 0.438756
0.0713599 0.143653 0.0216235 9.9973E-05 9.9973E-05 0.0985996 9.9973E-05 0.033962 0.0418463 0.588656
0.283757 0.0686947 9.9982E-05 9.9982E-05 0.0264706 0.0851025 0.0845911 0.0974322 0.0275234 0.326229
0.265191 9.9982E-05 0.031082 0.0406386 9.9982E-05 0.0976686 0.018949 0.0872422 0.0105676 0.448461
0.600268 0.0607399 9.9982E-05 0.0712763 9.9982E-05 0.0871454 0.0153774 0.00428821 0.0078742 0.152831
0.136615 9.9955E-05 9.9955E-05 0.0123655 9.9955E-05 9.9955E-05 9.9955E-05 0.383816 0.0240572 0.442647
0.183066 9.9964E-05 0.00145192 9.9964E-05 0.0386238 9.9964E-05 9.9964E-05 0.551247 0.00533921 0.219872
9.9955E-05 9.9955E-05 0.0232411 0.020461 0.000526492 0.0455832 9.9955E-05 0.909688 9.9955E-05 9.9955E-05
0.13288 0.0726613 9.9937E-05 9.9937E-05 9.9937E-05 9.9937E-05 9.9937E-05 0.793759 9.9937E-05 9.9937E-05
0.0483076 0.00592782 9.9946E-05 9.9946E-05 9.9946E-05 9.9946E-05 9.9946E-05 0.646527 9.9946E-05 0.298638
0.131713 9.9964E-05 9.9964E-05 0.011123 9.9964E-05 9.9964E-05 0.020854 0.440562 0.0273154 0.368033
0.00978498 9.9964E-05 9.9964E-05 9.9964E-05 9.9964E-05 0.0434454 0.0528877 0.350434 0.0291556 0.513893
0.167483 9.9964E-05 9.9964E-05 9.9964E-05 0.053424 9.9964E-05 0.0994458 0.522912 0.00330448 0.15303
0.157648 9.9964E-05 9.9964E-05 9.9964E-05 0.0388989 9.9964E-05 0.12618 0.469971 0.00562842 0.201274
0.159192 9.9964E-05 9.9964E-05 0.0181116 0.0255287 0.00556813 9.9964E-05 0.503536 9.9964E-05 0.287664
0.0326025 9.9973E-05 9.9973E-05 0.00491637 0.0775441 9.9973E-05 0.0449533 0.402217 0.0340992 0.403368
9.9955E-05 9.9955E-05 9.9955E-05 0.0376034 9.9955E-05 0.0090802 9.9955E-05 0.503261 0.0215099 0.428046
9.9955E-05 0.040722 0.0358482 0.035022 9.9955E-05 0.0950022 9.9955E-05 0.792906 9.9955E-05 9.9955E-05
0.0395675 9.9955E-05 0.0172526 9.9955E-05 0.752487 9.9955E-05 9.9955E-05 9.9955E-05 0.0629594 0.127234
9.9937E-05 9.9937E-05 9.9937E-05 9.9937E-05 0.80105 9.9937E-05 9.9937E-05 9.9937E-05 0.118834 0.0794169
9.9955E-05 9.9955E-05 0.0110811 9.9955E-05 0.786204 0.0184126 9.9955E-05 9.9955E-05 0.087372 0.0964308
9.9955E-05 0.00390895 9.9955E-05 9.9955E-05 0.781375 0.100768 9.9955E-05 9.9955E-05 0.0995971 0.013851
9.9964E-05 9.9964E-05 0.038471 9.9964E-05 0.719271 0.0569155 9.9964E-05 0.00896645 0.103269 0.0727071
9.9964E-05 9.9964E-05 0.0483827 9.9964E-05 0.782627 0.103244 0.00211747 9.9964E-05 0.0425658 0.0206631
0.00682504 9.9955E-05 9.9955E-05 9.9955E-05 0.846547 0.0307133 9.9955E-05 9.9955E-05 0.0532613 0.0621533
0.243308 0.0421301 9.9964E-05 9.9964E-05 0.0299281 9.9964E-05 9.9964E-05 0.600053 0.00306802 0.0811126
0.163372 9.9982E-05 0.00320904 0.0373094 0.00659623 9.9982E-05 0.000523191 0.361155 0.00789991 0.419735
9.9937E-05 9.9937E-05 9.9937E-05 9.9937E-05 0.103128 9.9937E-05 9.9937E-05 0.229153 9.9937E-05 0.667019
9.9973E-05 0.0684768 9.9973E-05 0.0378069 0.0274814 9.9973E-05 0.0847271 0.270776 0.0204082 0.490024
9.9982E-05 0.0199422 0.0279366 9.9982E-05 0.0385502 0.00251053 0.0536584 0.44556 0.0159106 0.395731
0.194122 9.9946E-05 9.9946E-05 9.9946E-05 0.0830066 9.9946E-05 0.0479972 0.674274 9.9946E-05 9.9946E-05
0.00344745 9.9964E-05 0.00546772 0.0449483 9.9964E-05 0.0929909 9.9964E-05 0.603716 9.9964E-05 0.24903
9.9964E-05 0.0839195 9.9964E-05 0.0293499 0.0529935 9.9964E-05 9.9964E-05 0.333309 0.0217984 0.47823
0.139611 9.9973E-05 0.018837 0.0295499 9.9973E-05 9.9973E-05 0.0506597 0.377352 0.0348323 0.348858
9.9946E-05 0.0504205 0.124222 9.9946E-05 9.9946E-05 9.9946E-05 9.9946E-05 0.560946 9.9946E-05 0.263811
0.093259 9.9964E-05 9.9964E-05 9.9964E-05 0.084106 9.9964E-05 0.0383093 0.388406 0.0541936 0.341326
0.519183 0.105427 9.9964E-05 9.9964E-05 0.00323782 0.175899 9.9964E-05 0.0291006 9.9964E-05 0.166753
0.384607 9.9982E-05 0.0286298 0.0483874 0.0640689 0.0237542 0.128888 9.9982E-05 0.0435994 0.277865
0.391176 9.9955E-05 9.9955E-05 9.9955E-05 9.9955E-05 0.134336 0.0238008 9.9955E-05 0.0339427 0.416244
0.199003 0.0677734 0.0566608 0.124763 0.0212634 9.9982E-05 0.0723225 0.00563997 9.9982E-05 0.452374
0.29657 0.0849789 9.9955E-05 9.9955E-05 0.0480102 9.9955E-05 0.118395 9.9955E-05 9.9955E-05 0.451547
0.330336 9.9964E-05 9.9964E-05 0.0121347 0.0840761 9.9964E-05 9.9964E-05 0.0551047 0.00183115 0.516117
0.369966 0.0215154 9.9964E-05 9.9964E-05 9.9964E-05 9.9964E-05 0.147587 0.00340344 0.00121409 0.455914
0.278177 0.108246 0.0730853 9.9955E-05 9.9955E-05 9.9955E-05 0.0643891 9.9955E-05 9.9955E-05 0.475603
0.156906 0.0470798 0.0750016 9.9982E-05 9.9982E-05 0.0627998 0.0487345 0.0362833 0.00652293 0.566473
0.235672 0.0409506 0.00100215 0.055627 9.9982E-05 0.221194 0.156131 0.049432 9.9982E-05 0.239792
0.14624 9.9982E-05 0.00415711 0.0254669 0.0192461 0.0571883 0.119416 9.9982E-05 0.0129709 0.615115
0.0571012 0.127416 9.9955E-05 9.9955E-05 9.9955E-05 0.0910269 0.0988635 9.9955E-05 9.9955E-05 0.625093
0.479052 9.9982E-05 0.0856239 0.0204114 9.9982E-05 0.0302745 0.161221 0.0722759 0.0282892 0.122652
0.481416 0.153475 0.0151866 0.0882179 9.9964E-05 0.198573 9.9964E-05 9.9964E-05 9.9964E-05 0.0627317
0.261642 0.260558 9.9964E-05 9.9964E-05 9.9964E-05 0.0960226 0.186854 0.098091 9.9964E-05 0.0964323
0.483008 0.0431472 9.9982E-05 0.0735158 0.0188789 0.00412832 0.0781405 0.077713 9.9982E-05 0.221269
0.329281 0.0534501 9.9964E-05 9.9964E-05 0.0591378 9.9964E-05 0.0688153 0.103483 9.9964E-05 0.385433
0.419449 0.012724 9.9964E-05 9.9964E-05 9.9964E-05 9.9964E-05 0.159783 0.094668 0.0259112 0.287064
0.576693 0.0262626 0.0762566 9.9964E-05 9.9964E-05 9.9964E-05 0.0870768 0.0959605 9.9964E-05 0.13735
0.163558 0.0331401 0.0460611 0.0862656 0.027597 9.9991E-05 0.0391172 0.0930287 0.0318671 0.479265
0.383465 0.0609313 9.9964E-05 9.9964E-05 9.9964E-05 0.213804 0.0856189 0.0855986 9.9964E-05 0.170182
0.0328482 0.061226 0.0485247 0.194619 0.0616432 0.054931 0.0379797 0.0649473 0.0184426 0.424839
0.104687 0.129167 9.9973E-05 0.374865 0.0785426 0.139408 0.109463 0.0635671 9.9973E-05 9.9973E-05
0.0579451 0.0989848 0.0400694 0.0261074 9.9982E-05 0.185 0.131932 0.174415 9.9982E-05 0.285346
0.0931825 9.9973E-05 9.9973E-05 9.9973E-05 0.0493366 0.21217 0.0823076 0.0412138 0.00641474 0.515075
0.052734 0.0288925 9.9973E-05 0.224654 9.9973E-05 0.230016 0.129492 0.0728335 9.9973E-05 0.261078
0.0943473 0.169724 9.9982E-05 0.450617 0.0581992 9.9982E-05 0.0179772 0.0480975 0.0467226 0.114116
0.0277556 0.113097 9.9973E-05 0.146943 9.9973E-05 0.0563739 0.147427 0.0816599 9.9973E-05 0.426444
0.113701 0.0740018 0.127401 0.196773 0.0183254 0.172022 9.9982E-05 0.276657 0.0209188 9.9982E-05
0.123021 0.0803396 9.9973E-05 0.273035 9.9973E-05 0.018577 0.00740982 0.172594 9.9973E-05 0.324724
0.196966 0.0902473 9.9973E-05 0.161914 9.9973E-05 0.0785965 0.0300986 0.0719723 9.9973E-05 0.369905
0.0745343 9.9973E-05 0.288035 0.198144 0.161226 0.218848 9.9973E-05 9.9973E-05 0.0316509 0.0272624
9.9955E-05 9.9955E-05 0.0595385 0.0239296 0.400878 0.502174 9.9955E-05 9.9955E-05 0.0129808 9.9955E-05
9.9964E-05 0.0101495 0.130419 0.15808 0.198381 0.4917 9.9964E-05 9.9964E-05 0.0108697 9.9964E-05
0.0569316 9.9964E-05 0.211057 0.0186832 0.285337 0.278903 9.9964E-05 9.9964E-05 9.9964E-05 0.148689
0.0279766 9.9955E-05 9.9955E-05 0.27795 9.9955E-05 9.9955E-05 9.9955E-05 0.0565667 0.0194193 0.617588
0.0701941 9.9946E-05 0.607848 9.9946E-05 9.9946E-05 9.9946E-05 9.9946E-05 9.9946E-05 0.0300156 0.291342
9.9964E-05 0.1437 0.0158497 0.57504 9.9964E-05 9.9964E-05 9.9964E-05 0.0398515 0.00031398 0.224845
9.9955E-05 0.159628 0.0212984 0.677607 9.9955E-05 9.9955E-05 9.9955E-05 0.0613902 9.9955E-05 0.0795764
0.0549129 0.0669597 0.0443472 0.272843 0.00966352 0.0320971 9.9982E-05 0.0187978 9.9982E-05 0.500178
0.0479279 0.0710883 0.0322549 0.352326 0.0306693 0.0538435 9.9982E-05 0.0222505 9.9982E-05 0.389439
9.9946E-05 0.0315694 9.9946E-05 0.31747 9.9946E-05 0.0782007 9.9946E-05 9.9946E-05 9.9946E-05 0.57216
0.125567 0.110879 9.9964E-05 0.477388 9.9964E-05 0.0572191 9.9964E-05 0.126928 9.9964E-05 0.101619
9.9937E-05 0.0220167 0.94171 9.9937E-05 9.9937E-05 9.9937E-05 9.9937E-05 0.0355735 9.9937E-05 9.9937E-05
9.9937E-05 9.9937E-05 0.842853 9.9937E-05 9.9937E-05 9.9937E-05 0.0143057 9.9937E-05 9.9937E-05 0.142142
9.9937E-05 0.019795 0.636423 9.9937E-05 9.9937E-05 9.9937E-05 9.9937E-05 9.9937E-05 9.9937E-05 0.343083
9.9955E-05 9.9955E-05 0.748677 0.0352237 9.9955E-05 9.9955E-05 9.9955E-05 0.0355924 0.00581863 0.174189
0.0131738 9.9937E-05 0.968114 9.9937E-05 9.9937E-05 0.0180127 9.9937E-05 9.9937E-05 9.9937E-05 9.9937E-05
0.0149625 0.0117004 0.957182 9.9946E-05 9.9946E-05 9.9946E-05 0.0155557 9.9946E-05 9.9946E-05 9.9946E-05
9.9946E-05 0.00542556 0.776471 9.9946E-05 9.9946E-05 9.9946E-05 9.9946E-05 9.9946E-05 0.0147353 0.202769
0.0323561 9.9955E-05 0.904113 9.9955E-05 9.9955E-05 9.9955E-05 0.00844895 0.00623081 9.9955E-05 0.0483515
9.99201E-05 9.99201E-05 0.999101 9.99201E-05 9.99201E-05 9.99201E-05 9.99201E-05 9.99201E-05 9.99201E-05 9.99201E-05
9.9928E-05 9.9928E-05 0.991863 9.9928E-05 9.9928E-05 9.9928E-05 9.9928E-05 9.9928E-05 0.00733793 9.9928E-05
0.0431069 0.000545865 0.739194 0.0303503 9.9973E-05 9.9973E-05 0.00062671 9.9973E-05 0.0720576 0.113819
9.9973E-05 0.0164188 0.712626 9.9973E-05 0.103998 0.010449 0.0187197 9.9973E-05 0.0032251 0.134264
9.9937E-05 9.9937E-05 0.939344 9.9937E-05 9.9937E-05 9.9937E-05 9.9937E-05 0.0221344 0.0378216 9.9937E-05
0.0102107 9.9964E-05 0.730253 9.9964E-05 0.0457689 9.9964E-05 0.0136355 0.00346562 9.9964E-05 0.196266
9.9955E-05 9.9955E-05 0.854516 9.9955E-05 9.9955E-05 0.0508601 0.015277 9.9955E-05 0.0168613 0.0619857
9.9946E-05 9.9946E-05 0.981704 0.0105466 9.9946E-05 9.9946E-05 9.9946E-05 0.00567313 0.00147653 9.9946E-05
9.9946E-05 0.00273707 0.827191 9.9946E-05 0.0277612 9.9946E-05 9.9946E-05 9.9946E-05 9.9946E-05 0.141711
9.9937E-05 9.9937E-05 0.963956 9.9937E-05 0.0224573 9.9937E-05 9.9937E-05 9.9937E-05 0.0128868 9.9937E-05
9.9982E-05 9.9982E-05 0.585104 0.0149473 0.00855998 0.0395286 0.0534886 0.061206 0.0401249 0.196841
9.9946E-05 9.9946E-05 0.894962 9.9946E-05 0.0100402 0.0047939 9.9946E-05 0.089604 9.9946E-05 9.9946E-05
9.9937E-05 9.9937E-05 9.9937E-05 0.541694 0.189136 0.26847 9.9937E-05 9.9937E-05 9.9937E-05 9.9937E-05
9.9973E-05 9.9973E-05 9.9973E-05 0.16306 0.0665814 0.192734 0.112927 0.0204374 0.0183869 0.425573
0.0146389 0.0358191 0.00298292 0.204971 0.225351 0.0362046 0.00665522 0.0237933 0.0227625 0.426822
9.9973E-05 9.9973E-05 0.129892 0.372404 0.0700576 0.232289 9.9973E-05 0.0624897 0.0675265 0.0650405
0.0433628 0.00291738 0.0853258 0.332643 0.131478 0.213222 9.9991E-05 0.0362123 0.0182848 0.136453
9.9964E-05 9.9964E-05 0.215282 0.366002 0.0215705 0.18293 9.9964E-05 0.0163381 9.9964E-05 0.197477
0.0115896 9.9973E-05 0.106814 0.247446 0.0944877 0.0780669 9.9973E-05 9.9973E-05 0.081302 0.379994
9.9964E-05 9.9964E-05 0.165747 0.35665 0.0845775 0.133114 9.9964E-05 9.9964E-05 0.0600662 0.199445
9.9973E-05 0.0343012 9.9973E-05 0.0313137 0.796459 0.0293627 0.0740511 0.00394755 9.9973E-05 0.0302652
9.9955E-05 0.054741 0.0294862 9.9955E-05 0.778492 0.0632704 9.9955E-05 9.9955E-05 0.0735104 9.9955E-05
9.9946E-05 9.9946E-05 9.9946E-05 9.9946E-05 0.810321 0.10501 0.0377036 9.9946E-05 0.0463654 9.9946E-05
9.9955E-05 9.9955E-05 9.9955E-05 9.9955E-05 0.834495 0.0410004 0.0769236 9.9955E-05 0.0176703 0.0294106
0.0341938 9.9964E-05 9.9964E-05 9.9964E-05 0.742994 0.0656584 0.00238822 9.9964E-05 0.127869 0.0264965
9.9955E-05 0.030389 0.103515 9.9955E-05 0.842525 0.00721877 9.9955E-05 9.9955E-05 0.0158518 9.9955E-05
9.9946E-05 9.9946E-05 0.109966 9.9946E-05 0.858789 9.9946E-05 0.0174309 0.0132153 9.9946E-05 9.9946E-05
0.00668741 0.0569272 9.9955E-05 9.9955E-05 0.796805 0.119524 9.9955E-05 9.9955E-05 0.0195564 9.9955E-05
9.9955E-05 0.00314783 9.9955E-05 9.9955E-05 0.833234 0.0372167 9.9955E-05 9.9955E-05 0.016135 0.109766
0.0133332 9.9946E-05 0.0801451 9.9946E-05 0.837214 0.0687084 9.9946E-05 9.9946E-05 9.9946E-05 9.9946E-05
0.123468 0.0771393 9.9964E-05 9.9964E-05 0.597974 9.9964E-05 0.106507 0.0680742 0.0264371 9.9964E-05
0.135945 0.0585803 0.00517994 9.9964E-05 0.560587 9.9964E-05 0.232124 9.9964E-05 0.00718384 9.9964E-05
0.16237 0.0497403 9.9973E-05 0.0995321 0.468973 0.0659873 0.144919 9.9973E-05 0.00817819 9.9973E-05
0.335569 0.0124893 9.9955E-05 0.102747 0.470971 9.9955E-05 0.0777246 9.9955E-05 9.9955E-05 9.9955E-05
0.0716712 0.0887339 9.9973E-05 9.9973E-05 0.0567987 9.9973E-05 0.082613 0.152295 0.010277 0.537311
0.288039 9.9982E-05 0.00459581 0.00331894 0.0692144 9.9982E-05 0.0355351 0.0866567 0.00771674 0.504723
0.236951 9.9964E-05 9.9964E-05 9.9964E-05 9.9964E-05 0.0827751 0.165462 0.130767 0.00780742 0.375838
0.601152 0.0356316 9.9955E-05 9.9955E-05 9.9955E-05 9.9955E-05 0.219074 0.0140638 9.9955E-05 0.129578
0.0185706 0.0618 0.079202 0.0131606 0.0521826 9.9991E-05 0.0629749 0.172339 0.010455 0.529215
0.0805206 0.0158045 0.0160557 9.9973E-05 9.9973E-05 9.9973E-05 0.0607631 0.221019 0.024284 0.581253
0.024366 9.9955E-05 9.9955E-05 9.9955E-05 9.9955E-05 0.0252864 0.0773421 0.30389 9.9955E-05 0.568616
9.9946E-05 0.0791279 0.079658 9.9946E-05 9.9946E-05 9.9946E-05 9.9946E-05 0.484565 9.9946E-05 0.356049
0.0847156 0.0318374 9.9973E-05 0.0223539 9.9973E-05 9.9973E-05 0.0847869 0.277793 0.0498618 0.448352
0.0403668 0.14986 0.00424467 9.9964E-05 9.9964E-05 0.0103221 0.0359045 0.758902 9.9964E-05 9.9964E-05
9.9955E-05 0.136559 9.9955E-05 0.0258055 9.9955E-05 0.118027 9.9955E-05 0.456753 9.9955E-05 0.262356
9.9964E-05 0.0116128 9.9964E-05 0.0209657 9.9964E-05 0.0297591 9.9964E-05 0.399459 0.0130956 0.524708
0.215248 9.99549E-05 9.99549E-05 9.99549E-05 0.0456388 9.99549E-05 0.105686 0.468584 9.99549E-05 0.164344
9.9955E-05 9.9955E-05 9.9955E-05 0.0793994 0.0565898 0.0196546 0.841651 9.9955E-05 0.00220551 9.9955E-05
9.9937E-05 9.9937E-05 9.9937E-05 9.9937E-05 0.0337301 9.9937E-05 0.86241 9.9937E-05 9.9937E-05 0.103161
9.9946E-05 0.00749045 9.9946E-05 0.02155 9.9946E-05 9.9946E-05 0.968851 9.9946E-05 9.9946E-05 0.00150889
9.9928E-05 9.9928E-05 9.9928E-05 9.9928E-05 0.0727286 9.9928E-05 0.926472 9.9928E-05 9.9928E-05 9.9928E-05
9.9964E-05 0.0437021 0.0428573 0.0577843 9.9964E-05 9.9964E-05 0.819255 9.9964E-05 0.0116571 0.0243447
9.9955E-05 9.9955E-05 0.0874381 9.9955E-05 0.00557131 0.0130676 0.852203 9.9955E-05 9.9955E-05 0.04122
9.9964E-05 0.0105416 0.0620303 9.9964E-05 0.825692 9.9964E-05 0.0258409 9.9964E-05 0.0365557 0.0389402
9.9964E-05 0.00464837 9.9964E-05 9.9964E-05 0.805665 0.0311179 0.0446252 9.9964E-05 0.0205587 0.0929847
9.9955E-05 9.9955E-05 0.136643 9.9955E-05 0.692383 0.0274182 9.9955E-05 9.9955E-05 0.046399 0.0966578
0.0263341 9.9955E-05 0.0696719 9.9955E-05 0.713535 9.9955E-05 9.9955E-05 9.9955E-05 0.0409556 0.149004
9.9964E-05 9.9964E-05 0.073533 0.0532703 0.746486 9.9964E-05 0.00345131 9.9964E-05 0.0421069 0.0807529
0.0346873 9.9955E-05 9.9955E-05 0.0667269 0.346484 9.9955E-05 0.527694 9.9955E-05 0.0239084 9.9955E-05
9.9946E-05 0.0793068 9.9946E-05 9.9946E-05 0.443851 9.9946E-05 0.386605 0.0896372 9.9946E-05 9.9946E-05
0.0613309 0.0418956 0.0027492 9.9964E-05 0.376798 9.9964E-05 0.471293 9.9964E-05 0.045533 9.9964E-05
9.99201E-05 9.99201E-05 9.99201E-05 9.99201E-05 9.99201E-05 9.99201E-05 9.99201E-05 9.99201E-05 0.999101 9.99201E-05
9.9964E-05 9.9964E-05 9.9964E-05 0.00199968 0.273278 0.0311409 0.582421 0.0669139 0.0438467 9.9964E-05
9.9964E-05 9.9964E-05 0.255774 0.0313735 0.0997944 0.224106 0.00867752 9.9964E-05 9.9964E-05 0.379875
9.9955E-05 9.9955E-05 0.225279 9.9955E-05 0.138532 0.0586432 9.9955E-05 9.9955E-05 0.0207367 0.55631
9.9964E-05 9.9964E-05 0.213607 0.122363 0.172564 0.130205 0.0113182 9.9964E-05 9.9964E-05 0.349543
9.9946E-05 9.9946E-05 0.30671 0.0838964 0.28723 0.321564 9.9946E-05 9.9946E-05 9.9946E-05 9.9946E-05
0.362049 0.0877105 9.9955E-05 9.9955E-05 9.9955E-05 9.9955E-05 0.117155 0.0365721 9.9955E-05 0.396013
0.162825 0.159302 9.9973E-05 0.0284052 9.9973E-05 0.132119 0.0559337 0.12777 9.9973E-05 0.333346
0.591777 0.00511315 9.9964E-05 9.9964E-05 0.0881056 0.023631 0.0781669 9.9964E-05 9.9964E-05 0.212807
0.0350084 0.199248 9.9964E-05 9.9964E-05 9.9964E-05 0.022738 0.100402 0.164099 9.9964E-05 0.478104
0.227277 0.273948 9.9964E-05 0.00361902 9.9964E-05 0.193741 0.0393369 0.261678 9.9964E-05 9.9964E-05
0.162739 0.152237 9.9973E-05 0.116189 9.9973E-05 0.0348557 0.096585 0.00222599 9.9973E-05 0.434868
0.500326 9.9964E-05 9.9964E-05 0.0843458 0.0720432 9.9964E-05 9.9964E-05 0.055187 0.0194832 0.268215
0.482189 0.0585123 9.9955E-05 0.0719179 9.9955E-05 0.204395 9.9955E-05 0.182486 9.9955E-05 9.9955E-05
0.0459572 0.190405 0.0602275 0.129073 9.9982E-05 0.0227439 0.123669 0.0280457 9.9982E-05 0.399678
0.161981 9.9982E-05 0.0718675 0.021521 9.9982E-05 0.0122144 0.226467 0.00367372 0.0501288 0.451946
0.0296507 9.9982E-05 0.0971952 0.00559692 0.0833349 0.161178 0.0480078 0.133372 9.9982E-05 0.441464
0.303288 0.220361 0.057317 0.0327297 9.9982E-05 0.00988475 0.0792122 0.024159 9.9982E-05 0.272848
0.121979 0.14416 9.9973E-05 9.9973E-05 0.00302871 0.00945784 0.126797 0.145547 9.9973E-05 0.44873
0.175003 0.137197 0.10246 0.0209826 9.9982E-05 0.013032 0.0155948 0.0861546 9.9982E-05 0.449377
0.245041 0.0515327 9.9982E-05 0.00762643 9.9982E-05 0.0457543 0.0498276 0.0562609 0.0172158 0.526541
0.0705746 0.0314638 0.0330294 9.99894E-05 0.041407 0.0368498 0.0460753 0.129185 9.99894E-05 0.611215
9.9937E-05 9.9937E-05 0.072842 9.9937E-05 0.783407 9.9937E-05 9.9937E-05 9.9937E-05 9.9937E-05 0.143051
9.9946E-05 9.9946E-05 0.0195972 9.9946E-05 0.822084 9.9946E-05 9.9946E-05 9.9946E-05 0.0125482 0.145171
9.9955E-05 0.0776457 0.0145579 9.9955E-05 0.812341 9.9955E-05 0.0106759 9.9955E-05 9.9955E-05 0.0842797
9.9964E-05 0.0655631 0.00930009 9.9964E-05 0.800035 9.9964E-05 0.0236084 0.0366111 9.9964E-05 0.0644826
0.0174143 9.9955E-05 0.0304819 9.9955E-05 0.790153 9.9955E-05 9.9955E-05 9.9955E-05 0.0425068 0.118944
0.681325 9.9973E-05 0.0500334 9.9973E-05 0.0220997 0.0277759 0.0879079 0.0223888 9.9973E-05 0.108169
0.153634 0.0474452 0.116568 0.0543294 9.9973E-05 9.9973E-05 0.0585686 9.9973E-05 0.00555875 0.563596
0.261719 0.0139314 9.9964E-05 9.9964E-05 0.0447661 9.9964E-05 0.0883234 0.0657308 9.9964E-05 0.525129
0.270687 0.226324 0.0937169 0.00892025 9.9991E-05 0.0978168 0.139207 0.0252888 0.0188727 0.119066
0.60009 0.00876843 9.9973E-05 0.0165925 0.115542 0.0845563 0.173564 9.9973E-05 0.000587411 9.9973E-05
0.182374 0.0208641 9.9982E-05 0.0227265 9.9982E-05 0.0332321 0.187949 0.0511167 0.0112897 0.490248
0.407723 0.0736423 0.0219982 9.9964E-05 0.138249 9.9964E-05 0.219658 9.9964E-05 9.9964E-05 0.138329
0.0805761 0.116064 9.9982E-05 9.9982E-05 0.0432871 0.0891089 0.0594907 0.180499 0.0147576 0.416017
0.630286 0.113701 0.04758 9.9964E-05 0.112956 9.9964E-05 0.0629296 9.9964E-05 0.0321471 9.9964E-05
0.656486 0.0339859 0.00236821 0.00178778 0.0106952 0.0257705 0.078759 9.9991E-05 0.0459443 0.144103
0.310167 0.156298 0.0701996 0.0111337 9.9973E-05 0.0671241 0.0838555 9.9973E-05 9.9973E-05 0.300922
9.9964E-05 0.101605 9.9964E-05 0.573311 9.9964E-05 0.0430188 0.0711855 0.0386398 9.9964E-05 0.17184
9.9946E-05 9.9946E-05 9.9946E-05 0.394254 0.0544801 0.0340511 9.9946E-05 9.9946E-05 9.9946E-05 0.516615
0.0122602 0.0950211 9.9964E-05 0.565471 9.9964E-05 9.9964E-05 0.050023 0.0413391 9.9964E-05 0.235486
9.9973E-05 0.185234 9.9973E-05 0.165928 0.0556948 0.0254394 0.0205702 0.0646439 9.9973E-05 0.482191
0.000213482 0.053753 9.9964E-05 0.635307 9.9964E-05 0.0462046 0.0519059 0.212216 9.9964E-05 9.9964E-05
0.062632 0.119958 9.9973E-05 0.438096 9.9973E-05 0.135269 0.00397144 0.100587 9.9973E-05 0.139187
9.9946E-05 0.156692 9.9946E-05 0.489257 9.9946E-05 9.9946E-05 9.9946E-05 9.9946E-05 0.00493443 0.348517
9.9973E-05 0.134046 9.9973E-05 0.537949 9.9973E-05 0.0537092 0.0548599 0.163512 0.00549281 0.0501319
0.159351 9.9955E-05 9.9955E-05 0.40938 0.00473346 0.0524915 9.9955E-05 9.9955E-05 9.9955E-05 0.373544
0.731603 9.9955E-05 9.9955E-05 9.9955E-05 9.9955E-05 0.0862428 0.114911 0.0316478 9.9955E-05 0.0350964
0.363586 0.17535 0.0371169 9.9973E-05 9.9973E-05 0.0254902 0.0946583 0.125352 9.9973E-05 0.178147
0.42511 0.033708 0.0552544 9.9982E-05 0.0109207 0.0733772 0.116369 9.9982E-05 0.00304482 0.282016
0.241552 0.0198 0.0494753 0.000734813 9.9982E-05 0.0800961 0.0761613 9.9982E-05 0.010167 0.521813
0.528072 9.9955E-05 9.9955E-05 9.9955E-05 9.9955E-05 0.0306889 0.183561 0.0853185 9.9955E-05 0.17186
0.277561 0.0399229 0.0661608 9.9982E-05 0.051938 9.9982E-05 0.0519873 0.11526 0.0148846 0.382085
0.270317 9.9955E-05 9.9955E-05 9.9955E-05 0.0715467 9.9955E-05 0.150374 0.0978463 9.9955E-05 0.409416
0.390874 9.9964E-05 0.133245 9.9964E-05 9.9964E-05 9.9964E-05 0.186986 0.180114 0.0217704 0.0866107
0.343365 0.0124977 0.00874791 9.9964E-05 9.9964E-05 0.0441998 0.170623 9.9964E-05 9.9964E-05 0.420167
0.155124 9.9964E-05 9.9964E-05 0.00269959 9.9964E-05 0.048525 0.0669083 0.0814519 9.9964E-05 0.644892
0.113478 0.0502075 9.9982E-05 0.0103168 9.9982E-05 0.208757 0.0921196 0.129786 0.013954 0.381181
0.207784 0.121253 9.9955E-05 9.9955E-05 9.9955E-05 0.035238 0.0708726 9.9955E-05 9.9955E-05 0.564353
0.314266 0.0361831 9.9973E-05 0.00447656 9.9973E-05 0.12372 0.178122 9.9973E-05 0.00878659 0.334145
0.309316 9.9973E-05 0.0402232 0.0298782 0.0977151 9.9973E-05 0.0370295 0.0483882 9.9973E-05 0.43715
9.9973E-05 9.9973E-05 0.0877439 0.0755081 0.332031 0.0168169 9.9973E-05 0.102252 0.0123432 0.373005
0.10888 9.9973E-05 0.155206 9.9973E-05 0.0631709 0.137464 9.9973E-05 0.0746162 0.0770963 0.383267
0.0184692 0.0346015 0.0273643 9.9982E-05 9.9982E-05 0.0558976 0.123801 0.0414207 0.0622271 0.636019
0.0977505 0.00101496 0.144302 9.9973E-05 0.0847467 0.16731 9.9973E-05 9.9973E-05 0.0136932 0.490882
0.308347 0.0777982 0.00843457 0.141205 9.9973E-05 9.9973E-05 0.0189337 9.9973E-05 0.0138135 0.431167
0.0757476 9.9973E-05 0.0795161 0.0720047 0.056792 0.416369 9.9973E-05 0.232179 9.9973E-05 0.0670916
0.076302 0.00206125 0.103863 0.0391698 0.0398672 0.123057 0.0732601 9.9991E-05 0.0323788 0.509941
0.0967714 0.0617808 0.161986 9.9973E-05 9.9973E-05 0.134129 9.9973E-05 0.0270767 0.028536 0.48942
0.167034 9.9982E-05 0.115433 0.117034 0.116877 0.197929 9.9982E-05 0.0267706 0.0213178 0.237406
0.0211158 0.0536746 0.144373 0.0916348 0.144698 0.060653 9.9982E-05 9.9982E-05 0.0379413 0.445709
9.9964E-05 0.0157855 0.115595 9.9964E-05 0.25439 0.555789 9.9964E-05 0.0413366 0.0167045 9.9964E-05
0.0510552 9.9964E-05 0.159429 0.0216304 0.148609 0.113233 9.9964E-05 9.9964E-05 9.9964E-05 0.505643
0.0143337 0.0421457 0.067648 0.0121569 0.16033 9.9991E-05 0.0175245 0.0652742 0.0271268 0.59336
9.9973E-05 0.288617 0.0632223 0.038711 9.9973E-05 9.9973E-05 0.0696809 0.0872948 0.0601956 0.391978
0.130206 0.820897 9.9937E-05 0.0481972 9.9937E-05 9.9937E-05 9.9937E-05 9.9937E-05 9.9937E-05 9.9937E-05
0.0669992 0.779798 9.99549E-05 0.0975498 0.0117781 9.99549E-05 0.043375 9.99549E-05 9.99549E-05 9.99549E-05
9.9973E-05 0.123503 0.274438 0.0129923 0.0606872 0.102476 0.0356818 9.9973E-05 9.9973E-05 0.389923
9.9955E-05 0.162647 0.300259 9.9955E-05 0.0272436 0.167936 9.9955E-05 9.9955E-05 9.9955E-05 0.341414
9.9982E-05 0.164816 0.229722 0.0484088 0.136484 0.194637 9.9982E-05 0.0102858 0.0233532 0.192093
9.9964E-05 0.180324 0.172944 9.9964E-05 0.0781825 0.144272 9.9964E-05 9.9964E-05 0.0522158 0.371662
9.9937E-05 0.614395 9.9937E-05 9.9937E-05 9.9937E-05 0.241016 9.9937E-05 9.9937E-05 9.9937E-05 0.14389
9.9964E-05 0.559757 0.0221501 9.9964E-05 0.010408 0.192444 9.9964E-05 9.9964E-05 0.0622687 0.152573
9.9955E-05 0.303533 0.0398794 9.9955E-05 9.9955E-05 0.0445161 9.9955E-05 9.9955E-05 0.00845897 0.603112
9.9955E-05 0.420358 0.104554 9.9955E-05 0.0104217 9.9955E-05 9.9955E-05 9.9955E-05 0.0137842 0.450383
9.9955E-05 0.605003 0.0951887 9.9955E-05 0.0311003 0.0807835 9.9955E-05 9.9955E-05 9.9955E-05 0.187425
0.0444533 0.211041 0.0329826 0.028635 0.068279 0.0635398 9.9982E-05 9.9982E-05 0.0155811 0.535288
9.9955E-05 0.376603 0.0726744 9.9955E-05 0.0514348 9.9955E-05 0.026727 9.9955E-05 9.9955E-05 0.472061
0.0713978 0.514081 9.9955E-05 9.9955E-05 0.0511384 9.9955E-05 9.9955E-05 9.9955E-05 0.00177126 0.361112
0.183014 0.500351 0.0124585 9.9964E-05 9.9964E-05 9.9964E-05 9.9964E-05 0.0177862 0.0341044 0.251886
0.0786198 0.364129 0.0791273 0.132426 0.0446397 9.9973E-05 0.0469391 9.9973E-05 9.9973E-05 0.253819
0.103995 0.340809 9.9955E-05 0.0523628 9.9955E-05 0.00469164 9.9955E-05 9.9955E-05 9.9955E-05 0.497641
9.9937E-05 0.690956 9.9937E-05 9.9937E-05 9.9937E-05 9.9937E-05 0.122767 9.9937E-05 9.9937E-05 0.185577
9.9973E-05 0.257486 0.0222395 9.9973E-05 0.0204054 0.0161456 0.0381737 0.0905061 9.9973E-05 0.554744
0.0909711 0.674369 0.0143172 9.9964E-05 9.9964E-05 0.00298462 9.9964E-05 0.0164287 9.9964E-05 0.200529
9.9955E-05 0.438023 9.9955E-05 9.9955E-05 0.00276374 9.9955E-05 0.0487045 9.9955E-05 0.0482338 0.461775
9.9991E-05 0.0788143 0.160212 0.0108854 0.139173 0.14212 0.0482565 0.0330683 0.0196102 0.367761
0.0470894 0.0920243 0.125724 0.202333 0.10866 0.0314328 0.0482481 0.0276886 0.0299242 0.286876
9.9964E-05 0.611781 0.116897 0.0417907 0.127829 0.0491819 9.9964E-05 9.9964E-05 0.0521202 9.9964E-05
9.9964E-05 0.0967523 0.211096 0.155387 9.9964E-05 0.00139457 0.0477591 9.9964E-05 9.9964E-05 0.487212
9.9955E-05 0.39005 0.0815762 9.9955E-05 0.259922 0.22731 9.9955E-05 9.9955E-05 0.0406418 9.9955E-05
9.9955E-05 0.36056 0.130241 9.9955E-05 0.0517609 9.9955E-05 0.0130068 9.9955E-05 9.9955E-05 0.443931
9.9937E-05 0.861115 9.9937E-05 9.9937E-05 9.9937E-05 9.9937E-05 9.9937E-05 0.129099 9.9937E-05 0.00908585
0.0685714 0.865133 9.9937E-05 9.9937E-05 9.9937E-05 9.9937E-05 9.9937E-05 0.0655959 9.9937E-05 9.9937E-05
0.0348599 0.430914 9.9955E-05 9.9955E-05 9.9955E-05 9.9955E-05 0.0133495 9.9955E-05 0.00197927 0.518397
9.9955E-05 0.392585 0.0156982 9.9955E-05 0.00337798 9.9955E-05 9.9955E-05 9.9955E-05 0.0195967 0.568243
0.0599457 0.592146 9.9946E-05 9.9946E-05 9.9946E-05 9.9946E-05 9.9946E-05 0.0122206 9.9946E-05 0.335088
9.9937E-05 0.493824 9.9937E-05 9.9937E-05 9.9937E-05 9.9937E-05 9.9937E-05 0.0555129 9.9937E-05 0.449964
0.0316113 0.477668 9.9937E-05 9.9937E-05 9.9937E-05 9.9937E-05 9.9937E-05 9.9937E-05 9.9937E-05 0.490021
0.00970198 0.0789838 0.0527589 0.0207156 0.72993 9.9973E-05 9.9973E-05 0.0512109 0.0563984 9.9973E-05
0.0364266 0.0511283 0.116018 0.0322477 0.677523 0.0306506 0.0477988 9.9982E-05 0.00800642 9.9982E-05
9.9946E-05 9.9946E-05 0.0779668 9.9946E-05 0.862381 9.9946E-05 0.0326977 9.9946E-05 0.0263546 9.9946E-05
9.9955E-05 0.0315463 9.9955E-05 9.9955E-05 0.797739 0.0553737 9.9955E-05 9.9955E-05 0.101565 0.0132763
9.9973E-05 0.0526868 0.0192468 9.9973E-05 0.0520506 0.04491 9.9973E-05 0.395806 0.00120571 0.433794
0.164832 0.0132619 9.9955E-05 9.9955E-05 9.9955E-05 9.9955E-05 9.9955E-05 0.336998 0.0484653 0.435943
0.123153 9.9973E-05 0.0211755 0.0694244 0.0256086 9.9973E-05 0.135643 0.391709 9.9973E-05 0.232987
9.9955E-05 0.0109477 0.0186965 9.9955E-05 9.9955E-05 9.9955E-05 9.9955E-05 0.320204 0.0204668 0.629185
9.9964E-05 0.0750141 9.9964E-05 0.0978959 9.9964E-05 9.9964E-05 0.0053419 0.518306 0.0291237 0.273919
0.039682 0.0397641 0.145596 0.00531676 0.200527 0.105339 0.0113286 0.0116715 0.0193484 0.421426
9.9955E-05 0.0638467 9.9955E-05 0.00919658 9.9955E-05 0.0608824 9.9955E-05 0.355125 9.9955E-05 0.510449
0.047556 9.9955E-05 9.9955E-05 9.9955E-05 9.9955E-05 9.9955E-05 0.109174 0.420857 0.0462962 0.375617
9.9964E-05 0.0771901 0.00919716 9.9964E-05 9.9964E-05 9.9964E-05 0.0907405 0.309301 0.0470035 0.466168
0.101098 9.9955E-05 9.9955E-05 9.9955E-05 0.0524572 9.9955E-05 0.05589 0.287071 9.9955E-05 0.502984
9.9955E-05 0.00895284 9.9955E-05 9.9955E-05 9.9955E-05 0.00385754 9.9955E-05 0.424281 0.00108554 0.561324
9.9946E-05 0.02005 9.9946E-05 9.9946E-05 9.9946E-05 9.9946E-05 9.9946E-05 0.89543 0.0223159 0.0616043
0.0731541 9.9946E-05 9.9946E-05 0.0817736 9.9946E-05 9.9946E-05 9.9946E-05 0.565416 9.9946E-05 0.279056
9.9955E-05 0.068414 9.9955E-05 9.9955E-05 9.9955E-05 0.0456492 0.0143513 0.504309 9.9955E-05 0.366777
9.9937E-05 0.0283129 9.9937E-05 9.9937E-05 9.9937E-05 0.0639346 9.9937E-05 0.907053 9.9937E-05 9.9937E-05
0.189208 0.0407088 9.9982E-05 9.9982E-05 0.00446027 0.0433677 0.0515119 0.202732 0.0114709 0.45634
0.0488546 0.0730881 9.9973E-05 0.0540088 9.9973E-05 0.178698 0.000744882 0.588662 9.9973E-05 0.0556433
9.9937E-05 0.0840915 9.9937E-05 9.9937E-05 9.9937E-05 0.123575 9.9937E-05 0.791634 9.9937E-05 9.9937E-05
9.9973E-05 0.0736231 0.0200333 9.9973E-05 9.9973E-05 0.0445922 0.03825 0.242302 0.0395242 0.541375
0.278562 9.99639E-05 9.99639E-05 0.0188096 0.00595039 9.99639E-05 9.99639E-05 0.470623 0.0288323 0.196823
0.150347 9.9973E-05 0.0535437 0.128043 0.0252998 9.9973E-05 0.0861168 0.13421 9.9973E-05 0.422139
0.0541144 9.9964E-05 9.9964E-05 9.9964E-05 0.0182217 0.0188847 0.0519485 0.308067 9.9964E-05 0.548364
0.283469 0.158261 9.9982E-05 0.0593971 9.9982E-05 0.0913636 0.0353358 0.0626151 0.0148221 0.294536
9.9955E-05 0.0182719 9.9955E-05 0.0974408 9.9955E-05 9.9955E-05 9.9955E-05 0.319693 0.0263167 0.537778
0.199421 9.9964E-05 9.9964E-05 9.9964E-05 0.0583416 9.9964E-05 0.0128359 0.259322 0.0293115 0.440368
0.014178 9.9955E-05 9.9955E-05 0.00800813 9.9955E-05 9.9955E-05 9.9955E-05 0.630145 0.00287458 0.344294
0.18681 9.9946E-05 9.9946E-05 9.9946E-05 0.664456 9.9946E-05 0.101805 9.9946E-05 0.0463295 9.9946E-05
0.0890686 9.9973E-05 9.9973E-05 9.9973E-05 0.609245 0.0718913 0.0637573 0.0266541 0.108167 0.0309165
0.0603337 0.00186917 9.9973E-05 9.9973E-05 0.692783 0.00980972 0.0866663 0.025475 0.122763 9.9973E-05
9.9955E-05 0.0590821 9.9955E-05 0.014039 0.740095 9.9955E-05 0.0801104 9.9955E-05 0.106174 9.9955E-05
0.0744134 9.9955E-05 9.9955E-05 0.143535 0.614958 9.9955E-05 0.0855404 9.9955E-05 0.0810536 9.9955E-05
0.176184 9.9964E-05 0.0041768 9.9964E-05 0.0384082 9.9964E-05 0.0374453 0.60002 9.9964E-05 0.143366
0.252969 9.9982E-05 9.9982E-05 0.0019561 0.0224596 0.043732 0.00473744 0.471655 0.0407056 0.161585
9.9955E-05 0.0204687 0.0186347 0.032104 9.9955E-05 9.9955E-05 9.9955E-05 0.758908 9.9955E-05 0.169385
9.9964E-05 9.9964E-05 0.0308568 0.0850277 0.0932541 9.9964E-05 0.000332795 0.576715 9.9964E-05 0.213414
9.9982E-05 0.0833501 0.105669 0.0753991 0.0175842 9.9982E-05 0.0657558 0.215055 0.00228533 0.434701
0.0376914 0.0151305 0.0356676 0.0251251 0.0232035 9.9973E-05 9.9973E-05 0.514891 9.9973E-05 0.347991
0.0311068 9.9991E-05 0.0394798 0.118805 0.0140346 0.00743583 0.0375865 0.246007 0.00517037 0.500274
0.0764401 9.9964E-05 0.00488793 0.151891 9.9964E-05 9.9964E-05 0.0742576 0.464915 9.9964E-05 0.227208
0.123151 9.9964E-05 9.9964E-05 0.0339424 9.9964E-05 9.9964E-05 0.0882527 0.373061 0.0189166 0.362276
0.227536 9.9955E-05 9.9955E-05 9.9955E-05 9.9955E-05 9.9955E-05 0.0129931 0.480694 0.040201 0.238077
0.00375389 9.9964E-05 9.9964E-05 0.297091 0.0447496 0.0448072 0.0401547 9.9964E-05 9.9964E-05 0.569044
0.0639575 9.9964E-05 9.9964E-05 9.9964E-05 0.0466709 9.9964E-05 0.0245105 0.446948 0.0185928 0.39892
0.143758 9.9973E-05 9.9973E-05 0.107446 0.0122699 0.0181481 9.9973E-05 0.282536 0.0204008 0.415141
9.9955E-05 9.9955E-05 0.333299 0.0143727 0.0861482 0.0357235 9.9955E-05 9.9955E-05 9.9955E-05 0.529957
9.9964E-05 9.9964E-05 0.385189 0.00325256 0.0835663 0.0937741 9.9964E-05 9.9964E-05 0.0427805 0.391038
0.0691188 9.9964E-05 0.0936548 0.217438 9.9964E-05 0.0244509 9.9964E-05 0.231128 9.9964E-05 0.36381
9.9955E-05 9.9955E-05 0.48945 9.9955E-05 0.139173 0.183627 9.9955E-05 9.9955E-05 0.0441451 0.143105
9.9973E-05 0.00134975 0.410915 9.9973E-05 0.194087 0.017202 9.9973E-05 0.0422263 0.0026781 0.331241
9.9964E-05 9.9964E-05 0.166692 0.277454 0.0745347 9.9964E-05 9.9964E-05 0.159625 0.0561753 0.26512
0.0613549 9.9955E-05 9.9955E-05 0.410247 0.0758791 9.9955E-05 9.9955E-05 9.9955E-05 0.0348822 0.417136
0.16824 9.9964E-05 0.110521 0.458433 0.0339887 9.9964E-05 0.00144703 9.9964E-05 9.9964E-05 0.22697
9.9955E-05 9.9955E-05 0.316087 9.9955E-05 0.204613 0.108767 9.9955E-05 9.9955E-05 0.02956 0.340472
9.9964E-05 9.9964E-05 0.371807 9.9964E-05 0.069493 0.0821776 0.00407473 9.9964E-05 0.00524288 0.466805
0.0171706 9.9964E-05 0.383855 9.9964E-05 0.0972532 0.149745 0.0127675 9.9964E-05 9.9964E-05 0.338809
9.9982E-05 0.0300043 0.439694 0.0285795 0.108587 0.0593986 0.0194893 0.00470755 9.9982E-05 0.30934
0.027113 9.9973E-05 0.0106373 0.409683 0.0354399 0.0428327 9.9973E-05 9.9973E-05 0.00316813 0.470826
9.9955E-05 9.9955E-05 0.573559 9.9955E-05 0.0704902 0.123965 9.9955E-05 9.9955E-05 0.0257899 0.205696
0.138819 9.9964E-05 9.9964E-05 0.578815 0.0545154 9.9964E-05 0.0883512 9.9964E-05 0.0309502 0.10815
0.0815171 9.9955E-05 0.041458 0.345931 9.9955E-05 9.9955E-05 9.9955E-05 9.9955E-05 0.058529 0.472065
0.0944174 0.0226856 0.00169505 0.231618 0.135744 9.9973E-05 9.9973E-05 9.9973E-05 0.0443468 0.469193
0.0203902 9.9973E-05 0.00302138 0.32087 0.136525 0.0368568 9.9973E-05 0.00826626 9.9973E-05 0.473771
0.0170306 0.00186781 0.15047 0.023918 0.134092 0.121512 0.00518396 0.142073 0.0458287 0.358024
0.0779473 9.9982E-05 0.259379 9.9982E-05 0.118732 0.140807 0.00706494 0.078193 0.00599905 0.311678
9.9946E-05 9.9946E-05 0.43715 9.9946E-05 0.149234 0.157526 9.9946E-05 9.9946E-05 9.9946E-05 0.25549
0.130714 9.9955E-05 9.9955E-05 0.407576 0.0536654 9.9955E-05 9.9955E-05 9.9955E-05 0.0246042 0.38294
9.9982E-05 0.0555101 0.0567567 0.711247 0.0324219 0.108725 0.00684443 0.0120519 0.0162432 9.9982E-05
0.23715 0.174453 9.9982E-05 0.0546727 0.140994 0.0556546 9.9982E-05 0.0138035 0.015943 0.30713
0.120721 9.9982E-05 0.109082 0.0485598 0.0979898 0.189987 9.9982E-05 0.0510652 0.0331331 0.349262
0.0173372 9.9964E-05 0.0353616 9.9964E-05 9.9964E-05 0.846482 0.0234333 0.0218453 9.9964E-05 0.0551404
9.99459E-05 9.99459E-05 9.99459E-05 0.0258908 9.99459E-05 0.920937 9.99459E-05 9.99459E-05 0.00639366 0.0461786
0.135151 0.0267908 9.9964E-05 0.0521696 9.9964E-05 0.373036 9.9964E-05 9.9964E-05 0.0462453 0.366207
9.9973E-05 9.9973E-05 0.017938 9.9973E-05 0.0128196 0.741524 0.0225767 0.00503582 0.024158 0.175647
9.9946E-05 9.9946E-05 0.0830083 9.9946E-05 0.102237 0.791 9.9946E-05 9.9946E-05 9.9946E-05 0.0231552
9.9982E-05 0.040188 0.0305814 9.9982E-05 0.0320687 0.34563 0.0548338 0.0687564 0.0146868 0.413055
0.144034 0.0466206 0.129199 9.9964E-05 0.191117 0.197225 9.9964E-05 9.9964E-05 9.9964E-05 0.291404
9.9964E-05 9.9964E-05 0.143125 0.0744326 0.125711 0.430444 0.0498684 9.9964E-05 9.9964E-05 0.176019
0.0264396 9.99459E-05 9.99459E-05 9.99459E-05 9.99459E-05 0.785574 9.99459E-05 9.99459E-05 0.0122968 0.17509
9.9973E-05 9.9973E-05 0.0362234 0.00404839 0.0491341 0.258166 9.9973E-05 0.0868181 0.0345586 0.530752
0.0643634 0.0138735 9.9973E-05 0.0295684 9.9973E-05 0.602594 9.9973E-05 0.0872531 0.00213608 0.199912
9.9928E-05 9.9928E-05 9.9928E-05 9.9928E-05 9.9928E-05 0.969498 9.9928E-05 9.9928E-05 0.0297023 9.9928E-05
0.0152229 9.9955E-05 0.122882 9.9955E-05 9.9955E-05 0.39662 9.9955E-05 9.9955E-05 0.068716 0.39606
