0.0465796 0.0187656 0.934655
0.00400731 9.9991E-05 0.995893
0.110132 0.025714 0.864154
0.0397167 0.0703219 0.889961
0.0571598 9.9991E-05 0.94274
0.0828763 0.200949 0.716175
0.0539001 0.0673056 0.878794
0.0476736 0.217181 0.735145
9.9991E-05 0.0761454 0.923755
0.136017 0.145929 0.718054
9.9991E-05 0.18765 0.81225
0.156257 0.724838 0.118905
0.104097 0.754695 0.141207
0.147723 0.626051 0.226226
0.0454405 0.789367 0.165193
0.242907 0.700304 0.0567889
0.154586 0.703284 0.14213
0.269931 0.624187 0.105882
0.090201 0.785413 0.124386
0.122358 9.9991E-05 0.877542
0.148449 9.9991E-05 0.851451
0.130799 0.0494321 0.819768
0.15081 0.0460242 0.803166
0.0230238 0.708379 0.268597
0.0593999 0.854781 0.0858194
0.112337 0.887563 9.9991E-05
9.9991E-05 0.898815 0.101085
0.0224017 0.904018 0.0735802
0.134889 0.831219 0.0338921
0.0715615 0.727966 0.200473
0.0580249 0.64913 0.292845
9.9991E-05 0.820495 0.179405
0.226377 0.67264 0.100983
0.0890784 0.794592 0.116329
0.105424 0.891171 0.0034049
0.0150073 0.984893 9.9991E-05
9.999E-05 0.9998 9.999E-05
0.13894 0.86096 9.9991E-05
0.153433 0.794079 0.0524875
0.0756762 0.84424 0.0800836
0.0346262 0.96358 0.00179395
0.104239 0.0152952 0.880465
0.0148057 9.9991E-05 0.985094
0.0867273 9.9991E-05 0.913173
0.0700268 9.9991E-05 0.929873
0.100502 0.0375786 0.86192
0.0687009 9.9991E-05 0.931199
0.0428528 9.9991E-05 0.957047
0.00814994 0.991749 0.000100698
9.9991E-05 0.927437 0.0724628
0.226568 0.773332 9.9991E-05
0.0869618 0.770792 0.142246
0.152598 0.740543 0.106859
0.170046 0.769807 0.0601468
0.125219 0.874681 9.9991E-05
0.0909153 0.781968 0.127117
0.134354 0.700128 0.165518
0.16668 0.765363 0.0679568
0.0516618 0.69642 0.251918
0.126516 0.715971 0.157513
0.0287955 0.786334 0.18487
0.221221 0.704122 0.0746564
0.180901 0.68659 0.132509
0.136156 0.863744 9.9991E-05
0.363193 0.267958 0.36885
0.246973 0.116003 0.637024
0.285089 0.207468 0.507443
0.443097 0.124643 0.43226
0.189223 0.778804 0.031973
0.169545 0.830355 9.9991E-05
0.11108 0.838177 0.0507424
0.994169 9.9991E-05 0.0057311
0.956279 0.0436209 9.9991E-05
0.9998 9.999E-05 9.999E-05
0.955481 0.0340355 0.0104837
0.982965 0.0169347 9.9991E-05
0.9998 9.999E-05 9.999E-05
0.9998 9.999E-05 9.999E-05
0.993735 9.9991E-05 0.00616492
0.987786 0.00136669 0.0108478
0.88991 0.00984644 0.100244
0.9998 9.999E-05 9.999E-05
0.898356 0.0906061 0.0110383
0.142426 0.471277 0.386296
0.212501 0.456359 0.33114
0.276181 0.451419 0.272401
9.9991E-05 0.112097 0.887803
0.0954587 9.9991E-05 0.904441
9.9991E-05 0.0174029 0.982497
0.00218807 0.0219868 0.975825
0.0815503 0.00449853 0.913951
0.115979 9.9991E-05 0.883921
0.0792777 9.9991E-05 0.920622
0.0202741 0.0614549 0.918271
0.0740257 0.00132741 0.924647
0.109639 9.9991E-05 0.890261
9.9991E-05 0.296685 0.703215
9.9991E-05 0.293489 0.706411
9.9991E-05 0.386175 0.613725
9.9991E-05 0.427806 0.572094
0.00230042 0.842015 0.155684
0.239418 0.760482 9.9991E-05
0.0236166 0.976283 9.9991E-05
0.192248 0.793258 0.0144944
0.0119292 0.896855 0.0912159
9.9991E-05 0.702968 0.296932
9.9991E-05 0.743004 0.256896
9.9991E-05 0.778494 0.221406
9.9991E-05 0.730958 0.268942
9.9991E-05 0.791888 0.208012
9.9991E-05 0.683516 0.316384
0.120178 0.00581137 0.874011
0.0616844 0.030127 0.908189
0.196336 0.00448998 0.799174
0.152812 0.0618003 0.785387
0.0945929 0.0779 0.827507
9.9991E-05 0.474863 0.525037
9.9991E-05 0.413263 0.586637
9.9991E-05 0.429922 0.569979
0.154087 0.0142513 0.831662
9.9991E-05 0.480081 0.519819
0.529315 0.275912 0.194773
0.394023 0.172243 0.433735
0.218121 0.752918 0.028961
0.0662621 0.70029 0.233447
0.203812 0.731437 0.0647515
9.999E-05 0.9998 9.999E-05
0.0938733 0.804266 0.101861
0.000225164 0.933683 0.066092
0.178126 0.821774 9.9991E-05
0.211537 0.768583 0.0198796
0.18447 0.00993673 0.805594
0.104743 0.0226007 0.872656
0.0721772 0.100234 0.827589
0.0511131 0.0823023 0.866585
0.0882707 0.0534456 0.858284
0.0780757 0.797272 0.124652
0.156432 0.722925 0.120643
9.9991E-05 0.760356 0.239544
0.0781618 0.752752 0.169087
0.0391789 0.681698 0.279123
0.0781304 0.749763 0.172107
0.216468 0.67245 0.111082
0.175234 0.820086 0.00468029
0.0609952 0.909756 0.0292487
0.142232 0.857668 9.9991E-05
0.0469603 0.900678 0.052362
0.0171806 0.833216 0.149603
0.161869 0.838031 9.9991E-05
0.0915456 0.820194 0.0882609
0.143434 0.813181 0.0433851
0.2264 0.541851 0.23175
0.292688 0.187966 0.519346
0.052346 0.947554 9.9991E-05
0.0535308 0.946219 0.0002499
0.513906 0.441701 0.044393
0.437701 0.337808 0.224491
0.235643 0.671398 0.092959
0.229425 0.656878 0.113697
0.422554 0.57465 0.00279579
0.277633 0.653664 0.0687033
0.128936 0.870964 9.9991E-05
0.135818 0.862019 0.00216339
0.191463 0.571272 0.237265
0.222116 0.326038 0.451846
0.0729615 0.926939 9.9991E-05
0.0281094 0.971791 9.9991E-05
0.231644 0.768256 9.9991E-05
0.193826 0.806074 9.9991E-05
0.0857243 0.0718224 0.842453
0.130177 0.101087 0.768737
0.0751975 9.9991E-05 0.924702
0.0145948 9.9991E-05 0.985305
0.16283 0.810633 0.0265369
0.044583 0.955317 9.9991E-05
0.165018 0.80044 0.0345424
0.00579163 0.994108 9.9991E-05
0.0570505 0.931117 0.0118321
9.9991E-05 0.99038 0.00952006
0.160201 0.774005 0.0657933
0.135451 0.864449 9.9991E-05
9.9991E-05 0.212824 0.787076
0.0317833 0.173306 0.79491
9.9991E-05 0.105193 0.894707
9.9991E-05 0.114781 0.885119
9.9991E-05 0.193716 0.806184
0.105783 0.882544 0.0116732
0.0266399 0.887362 0.085998
0.117206 0.882694 9.9991E-05
0.149873 0.850027 9.9991E-05
0.13932 0.859272 0.00140838
0.648836 0.0398381 0.311326
0.129114 0.643859 0.227028
0.165196 0.683753 0.151051
0.27678 0.364211 0.359009
0.204027 0.390959 0.405014
0.289823 0.343229 0.366949
0.283159 0.246079 0.470762
0.288185 0.360522 0.351293
0.171201 0.383255 0.445543
0.218363 0.482128 0.299508
0.157021 0.2958 0.547179
0.358413 0.242212 0.399376
0.416272 0.228939 0.354789
9.9991E-05 0.156353 0.843547
9.9991E-05 0.808737 0.191163
9.9991E-05 0.768359 0.231541
9.9991E-05 0.786048 0.213852
9.9991E-05 0.73972 0.26018
9.9991E-05 0.821283 0.178617
9.9991E-05 0.782727 0.217173
9.9991E-05 0.585621 0.414279
0.03074 0.0263984 0.942862
0.0228714 0.110172 0.866957
0.0328459 9.9991E-05 0.967054
0.0737665 0.0545501 0.871683
0.0374585 0.00442726 0.958114
0.061981 0.0252952 0.912724
0.111793 9.9991E-05 0.888107
0.0868481 9.9991E-05 0.913052
9.999E-05 9.999E-05 0.9998
0.0667061 0.0318682 0.901426
0.0184256 9.9991E-05 0.981474
0.0519805 0.00361444 0.944405
0.11226 9.9991E-05 0.88764
0.169434 9.9991E-05 0.830466
0.199893 9.9991E-05 0.800007
0.190259 9.9991E-05 0.809641
0.185859 9.9991E-05 0.814041
0.234096 0.616246 0.149658
0.14291 0.778048 0.0790422
0.111519 0.68394 0.204541
0.101181 0.855156 0.0436633
0.0507607 0.842542 0.106698
0.0715814 0.798507 0.129911
0.255615 0.625419 0.118966
0.195537 0.33651 0.467953
0.229074 0.302699 0.468227
0.312815 0.312629 0.374556
0.280447 0.246343 0.47321
