0.103466 0.893408 0.00312542
0.0257632 0.974137 9.9991E-05
0.169344 0.830556 9.9991E-05
0.15893 0.83588 0.0051897
0.163074 0.836826 9.9991E-05
0.125811 0.654925 0.219264
0.0733756 0.878646 0.047978
0.0642548 0.782382 0.153363
9.9991E-05 0.961465 0.0384351
0.233475 0.671544 0.0949813
0.0297391 0.758332 0.211929
0.13454 0.138924 0.726535
0.365656 9.9991E-05 0.634244
0.190767 0.173485 0.635749
0.315945 0.0904072 0.593648
0.372315 0.159454 0.468231
0.418083 0.0707532 0.511164
0.279657 0.0689262 0.651416
0.216719 0.194012 0.589269
9.9991E-05 0.233892 0.766008
0.280544 0.110821 0.608636
0.26701 0.0971927 0.635798
0.259346 0.00508024 0.735574
0.235753 0.100371 0.663876
0.431264 0.0510696 0.517667
0.359918 0.0449923 0.59509
0.14472 0.15039 0.70489
0.291337 0.148926 0.559737
0.0926293 0.143589 0.763781
0.251022 0.748878 9.9991E-05
0.248417 0.751483 9.9991E-05
0.243947 0.755953 9.9991E-05
0.248041 0.693406 0.0585534
0.3555 9.9991E-05 0.6444
0.346316 0.0620723 0.591612
0.332898 9.9991E-05 0.667002
0.0361778 0.250283 0.71354
0.197484 9.9991E-05 0.802416
0.291083 0.05686 0.652057
0.432678 9.9991E-05 0.567222
0.340416 0.0518327 0.607751
0.390191 0.0298723 0.579937
0.0768555 0.0588986 0.864246
0.40708 0.00543299 0.587487
0.387941 0.0081642 0.603895
0.402563 0.0407222 0.556715
0.136787 9.9991E-05 0.863113
0.385481 9.9991E-05 0.614419
0.33318 0.0869828 0.579837
9.9991E-05 0.158396 0.841504
0.0266483 0.119928 0.853424
0.00894452 0.1477 0.843356
0.373454 0.0154979 0.611048
0.498839 0.021578 0.479583
0.41863 9.9991E-05 0.58127
0.0406645 0.195914 0.763422
0.348408 0.0270554 0.624537
0.346595 0.0700676 0.583337
0.207442 0.168263 0.624295
0.0617785 0.352896 0.585326
0.361924 0.0325227 0.605553
0.244638 0.0757491 0.679613
9.9991E-05 0.217507 0.782393
0.259635 0.00576408 0.734601
0.413508 9.9991E-05 0.586392
0.359117 0.104989 0.535894
0.194851 0.110673 0.694476
0.341591 0.061129 0.59728
0.350025 0.0468479 0.603127
0.112613 0.113061 0.774326
0.250665 9.9991E-05 0.749235
0.0855475 0.0181102 0.896342
0.351875 0.0237817 0.624343
0.360211 0.0808642 0.558925
9.9991E-05 0.0412463 0.958654
9.9991E-05 0.00345718 0.996443
0.11559 9.9991E-05 0.88431
0.252053 9.9991E-05 0.747847
0.358633 0.0135689 0.627798
0.283759 0.00338344 0.712858
0.110846 0.0655121 0.823642
0.0713979 0.0560119 0.87259
0.420299 0.0254737 0.554227
0.153345 9.9991E-05 0.846555
0.246773 9.9991E-05 0.753127
0.212981 9.9991E-05 0.786919
9.9991E-05 0.0439412 0.955959
0.36833 9.9991E-05 0.63157
0.146864 0.830812 0.0223244
0.145592 0.854308 9.9991E-05
0.143082 0.856818 9.9991E-05
0.107498 0.892402 9.9991E-05
0.144301 0.855599 9.9991E-05
0.125865 0.874035 9.9991E-05
0.101695 0.898205 9.9991E-05
0.390798 0.0568222 0.55238
0.388848 0.0303688 0.580783
9.9991E-05 0.013234 0.986666
0.398157 0.0660955 0.535748
0.232172 0.024228 0.7436
0.393903 9.9991E-05 0.605997
0.334734 9.9991E-05 0.665166
0.319662 9.9991E-05 0.680238
9.9991E-05 0.115577 0.884323
0.405785 0.104867 0.489348
0.4866 9.9991E-05 0.5133
0.406512 0.0601909 0.533298
0.173834 9.9991E-05 0.826066
0.273602 9.9991E-05 0.726298
0.284309 9.9991E-05 0.715591
0.235599 9.9991E-05 0.764301
0.277533 0.0872503 0.635217
0.361891 0.0723746 0.565734
0.122056 0.140715 0.737229
0.422556 0.0901024 0.487341
0.229602 0.151808 0.61859
0.392521 0.0902413 0.517237
0.426062 0.073419 0.500519
0.324149 0.0165099 0.659341
0.382727 9.9991E-05 0.617173
0.229665 0.0604131 0.709922
0.358547 0.012151 0.629302
0.388256 0.0681886 0.543555
0.303607 9.9991E-05 0.696293
0.244175 0.0240887 0.731736
0.430745 0.0370619 0.532193
0.434324 0.0407089 0.524967
0.335868 9.9991E-05 0.664032
0.52547 0.0525195 0.42201
0.353586 9.9991E-05 0.646314
0.254432 0.0862985 0.65927
0.478385 9.9991E-05 0.521515
0.403531 0.00142139 0.595048
0.135361 0.11907 0.745569
0.0862225 0.141818 0.771959
0.360651 0.0322854 0.607064
0.0204977 0.0570043 0.922498
0.117823 0.108391 0.773786
0.129248 0.0735891 0.797163
0.0493417 0.102821 0.847837
0.145524 0.086934 0.767542
0.349158 9.9991E-05 0.650742
0.437067 0.0369965 0.525936
0.331999 0.0334911 0.63451
0.10767 0.119461 0.77287
0.342234 0.115208 0.542558
0.349361 0.0720925 0.578546
9.9991E-05 0.295548 0.704352
0.456442 9.9991E-05 0.543458
0.248832 0.150186 0.600982
0.372274 0.0825091 0.545217
0.105142 0.187387 0.707472
0.0294817 0.214376 0.756142
0.37826 0.05917 0.56257
0.210162 0.0890902 0.700748
0.344471 0.136467 0.519062
0.307209 0.129157 0.563634
0.404623 0.113082 0.482295
0.494001 0.0612975 0.444702
0.116019 0.21926 0.66472
0.472403 0.0353483 0.492249
0.384274 0.0526423 0.563083
0.150636 9.9991E-05 0.849264
0.234394 9.9991E-05 0.765506
0.469677 9.9991E-05 0.530223
0.436732 0.112595 0.450673
0.381401 0.17377 0.444829
0.395674 0.343902 0.260424
0.183169 0.748906 0.0679252
0.140407 0.667999 0.191594
0.432582 0.493713 0.0737047
0.370304 9.9991E-05 0.629596
0.414057 0.0486185 0.537324
0.859181 0.0107212 0.130098
0.636059 0.110893 0.253048
0.642675 0.0985272 0.258798
0.164333 0.0367201 0.798947
0.309356 0.0326771 0.657967
0.117299 0.0868632 0.795837
0.350218 9.9991E-05 0.649682
0.287176 0.0252862 0.687538
0.340003 0.0322846 0.627713
0.0660872 0.0806347 0.853278
0.397242 9.9991E-05 0.602658
0.411034 0.0211171 0.567849
0.317869 0.132583 0.549548
0.488221 0.150059 0.361719
0.951456 0.0484439 9.9991E-05
0.998075 0.00182533 9.9991E-05
0.713139 0.101695 0.185167
0.921042 0.00918786 0.0697697
0.917327 0.0648508 0.0178218
0.958515 0.0413855 9.9991E-05
0.876319 0.123581 9.9991E-05
0.981274 0.0186262 9.9991E-05
0.993751 0.00614935 9.9991E-05
0.971438 0.0284624 9.9991E-05
0.953286 0.046614 9.9991E-05
0.902524 0.0973757 9.9991E-05
0.861229 0.103394 0.0353773
0.942455 0.0574455 9.9991E-05
0.65117 0.0992633 0.249567
0.855186 0.0929223 0.0518918
0.879078 0.120822 9.9991E-05
0.932918 0.0669815 9.9991E-05
0.956204 0.0436958 9.9991E-05
0.930826 0.0690737 9.9991E-05
0.962136 0.0377645 9.9991E-05
0.766098 0.0883876 0.145515
0.928037 0.0718634 9.9991E-05
0.0730179 0.49311 0.433872
0.292057 0.215961 0.491982
0.335722 0.257783 0.406495
0.215277 0.289967 0.494756
0.446237 0.132792 0.42097
0.206422 0.321544 0.472035
0.393095 0.159519 0.447387
0.336326 0.203086 0.460588
0.421069 0.150315 0.428615
0.418392 0.113963 0.467645
0.479311 0.18381 0.336879
0.379431 0.10553 0.515039
0.399393 0.158368 0.442239
0.0817737 0.861353 0.0568729
0.104208 0.895692 9.9991E-05
0.0317865 0.968113 9.9991E-05
0.0505429 0.936496 0.0129613
0.095155 0.904745 9.9991E-05
0.111654 0.888246 9.9991E-05
0.127033 0.872867 9.9991E-05
0.0770677 0.906992 0.0159399
0.0944942 0.905406 9.9991E-05
0.153571 0.846329 9.9991E-05
9.9991E-05 0.727873 0.272027
9.9991E-05 0.694762 0.305138
9.9991E-05 0.631798 0.368102
9.9991E-05 0.593922 0.405978
0.302919 0.00604884 0.691032
0.308254 0.0211306 0.670615
0.358767 0.0567596 0.584473
0.346806 0.075198 0.577996
0.185754 0.0682926 0.745954
0.0129927 0.150872 0.836136
0.343698 9.9991E-05 0.656202
0.3074 9.9991E-05 0.6925
0.307649 9.9991E-05 0.692251
0.25542 9.9991E-05 0.74448
0.415227 0.0175736 0.5672
0.203732 0.00465623 0.791611
9.9991E-05 0.0175696 0.98233
0.290007 0.0267619 0.683231
0.12262 0.000411369 0.876968
0.305249 9.9991E-05 0.694651
0.0428011 0.0906056 0.866593
9.9991E-05 0.357474 0.642426
9.9991E-05 0.303338 0.696562
9.9991E-05 0.221345 0.778555
9.9991E-05 0.299922 0.699978
9.9991E-05 0.22054 0.77936
0.0205789 0.25011 0.729311
0.131903 0.867997 9.9991E-05
0.147541 0.83234 0.0201184
0.25857 0.74133 9.9991E-05
0.205734 0.775001 0.019265
0.212761 0.747438 0.0398005
9.9991E-05 0.516204 0.483696
9.9991E-05 0.59513 0.40477
9.9991E-05 0.587819 0.412081
0.236766 0.763134 9.9991E-05
9.9991E-05 0.519406 0.480494
0.591226 0.213235 0.195539
0.570729 0.0859901 0.343281
0.657674 0.126012 0.216314
0.482085 0.244765 0.27315
0.501747 0.112858 0.385396
0.399517 0.532614 0.0678688
0.24378 0.0576855 0.698534
0.220349 0.0282609 0.75139
0.113444 0.18191 0.704646
0.237804 0.00530128 0.756894
9.9991E-05 0.0698058 0.930094
0.294361 0.0760102 0.629629
0.319424 0.029548 0.651028
0.110481 0.142053 0.747466
0.383267 0.0267049 0.590028
9.9991E-05 0.0734352 0.926465
0.306633 0.087508 0.605859
0.299583 0.0244532 0.675964
0.395141 0.164266 0.440594
0.161538 0.0171916 0.821271
0.205297 0.0471964 0.747506
0.334548 9.9991E-05 0.665352
0.294386 9.9991E-05 0.705514
0.474389 9.9991E-05 0.525511
0.41318 0.0583202 0.5285
0.416348 0.0643764 0.519276
0.246798 0.753102 9.9991E-05
0.193493 0.806407 9.9991E-05
0.104075 0.826213 0.069712
0.117783 0.81382 0.0683968
0.196021 0.797398 0.00658086
0.100401 0.185337 0.714263
0.352206 0.0649255 0.582868
0.518299 0.169028 0.312673
0.461069 0.00868742 0.530243
0.312165 0.0995349 0.5883
0.142784 0.0914102 0.765805
9.9991E-05 0.296939 0.702961
0.31818 0.041628 0.640192
0.048788 0.182222 0.76899
0.275516 0.0935843 0.6309
9.9991E-05 0.293213 0.706687
0.376162 0.0888547 0.534983
0.0591608 0.191693 0.749146
0.409465 0.176649 0.413885
0.220473 0.100083 0.679443
0.383465 0.0796245 0.536911
0.132905 0.154962 0.712133
0.292081 0.083478 0.624441
0.410575 0.0663178 0.523107
0.158762 0.0437637 0.797474
0.381536 0.141467 0.476997
0.360835 0.0703748 0.568791
0.353603 0.0667488 0.579648
9.9991E-05 0.0780468 0.921853
0.0785876 0.0528402 0.868572
0.290602 9.9991E-05 0.709298
0.389994 0.0857294 0.524277
9.9991E-05 0.140516 0.859384
0.223309 0.0308083 0.745882
9.9991E-05 0.218338 0.781562
0.146536 9.9991E-05 0.853364
0.233277 0.0894841 0.677239
0.39964 0.035535 0.564825
0.0488441 0.0882199 0.862936
0.355208 0.0595646 0.585227
0.47299 0.0199544 0.507056
0.392085 9.9991E-05 0.607815
0.320136 0.075232 0.604632
0.232954 0.0704304 0.696616
0.187408 0.0735769 0.739015
0.207846 0.0905003 0.701654
0.349244 9.9991E-05 0.650656
0.41834 9.9991E-05 0.58156
0.24049 0.103047 0.656463
0.327102 9.9991E-05 0.672798
0.243514 0.103607 0.652879
0.399915 9.9991E-05 0.599985
0.420965 0.0475393 0.531495
0.421774 0.0696388 0.508587
0.385905 0.268911 0.345184
0.542867 0.0630598 0.394073
0.47497 0.125322 0.399708
0.480129 9.9991E-05 0.519771
0.505657 0.175189 0.319154
0.257536 9.9991E-05 0.742364
0.507007 0.0647066 0.428287
0.147268 0.34039 0.512342
0.492262 0.0944692 0.413269
0.469084 0.102813 0.428104
0.533135 0.0526313 0.414234
0.343168 0.246111 0.410721
0.486968 0.115922 0.39711
0.580019 0.0759951 0.343986
0.169977 0.658282 0.17174
0.465489 0.194399 0.340112
0.58994 0.0647889 0.345271
0.475356 0.0629427 0.461702
0.640771 0.120468 0.238762
0.424365 0.156374 0.419261
0.312005 9.9991E-05 0.687895
0.419687 0.0454333 0.53488
9.999E-05 9.999E-05 0.9998
0.285089 0.102831 0.61208
0.383783 0.0710379 0.545179
9.9991E-05 0.103697 0.896203
0.373419 0.0303356 0.596246
0.335871 0.109696 0.554433
0.594095 0.153004 0.252901
0.600605 0.144862 0.254533
0.464539 0.287465 0.247996
0.538642 0.191473 0.269885
0.445192 0.0957002 0.459108
0.156414 0.130451 0.713136
0.228369 0.158855 0.612776
0.468376 9.9991E-05 0.531524
0.429962 0.0396147 0.530424
0.280586 0.121069 0.598345
0.422431 0.0708313 0.506738
0.405068 0.0202408 0.574691
0.456542 0.0363187 0.507139
0.206337 0.0395572 0.754106
0.198793 0.086697 0.71451
0.352362 0.164768 0.48287
0.404255 9.9991E-05 0.595645
0.291618 0.0755077 0.632874
0.312571 0.112262 0.575166
0.453574 0.0437496 0.502677
0.289544 9.9991E-05 0.710356
0.0947991 0.00478082 0.90042
0.365816 9.9991E-05 0.634084
0.368373 0.100785 0.530842
0.114872 0.0301674 0.85496
0.271244 0.0136807 0.715075
0.368478 0.0446279 0.586894
0.302577 0.0421761 0.655247
0.396087 0.179379 0.424534
0.410272 0.100169 0.489559
0.485948 0.18633 0.327722
0.49767 0.142628 0.359702
0.409933 0.201984 0.388083
0.432721 0.228681 0.338599
0.398959 0.126425 0.474616
0.388034 0.157975 0.45399
0.133553 0.322095 0.544352
0.550174 0.0794577 0.370369
0.155396 0.583444 0.26116
0.551079 0.0367315 0.412189
0.378681 0.160216 0.461103
9.9991E-05 0.00210203 0.997798
9.9991E-05 0.0861981 0.913702
0.248118 9.9991E-05 0.751782
0.381116 9.9991E-05 0.618784
0.185385 9.9991E-05 0.814515
0.27861 9.9991E-05 0.72129
0.32863 9.9991E-05 0.67127
0.196483 0.803417 9.9991E-05
0.161834 0.793982 0.0441843
0.129242 0.870658 9.9991E-05
0.0960524 0.903848 9.9991E-05
0.272393 0.0253062 0.702301
0.323441 0.0259709 0.650588
0.275006 9.9991E-05 0.724894
0.398077 0.0314401 0.570483
0.336008 0.0791946 0.584797
0.115611 0.0692635 0.815125
0.38335 9.9991E-05 0.61655
0.149565 9.9991E-05 0.850335
0.49082 0.201696 0.307485
0.218215 9.9991E-05 0.781685
0.166928 0.0214244 0.811648
0.385399 0.0826374 0.531963
0.305237 9.9991E-05 0.694663
0.218836 0.0486926 0.732471
0.335625 9.9991E-05 0.664275
0.360783 0.0255183 0.613699
9.999E-05 9.999E-05 0.9998
0.175098 9.9991E-05 0.824802
0.163879 0.0263591 0.809762
9.9991E-05 0.00529938 0.994601
0.432428 0.164272 0.4033
0.273701 0.0103537 0.715946
0.0262931 0.0712274 0.902479
9.9991E-05 0.0511872 0.948713
0.32951 9.9991E-05 0.67039
0.0896524 0.0283857 0.881962
0.294781 0.0280597 0.677159
0.422545 9.9991E-05 0.577355
0.317925 9.9991E-05 0.681975
0.19939 9.9991E-05 0.80051
0.27471 9.9991E-05 0.72519
0.278959 0.00250502 0.718536
0.161383 9.9991E-05 0.838517
0.355664 0.0187879 0.625549
9.9991E-05 0.758904 0.240996
0.0505754 0.777331 0.172093
9.9991E-05 0.902683 0.0972173
9.9991E-05 0.914745 0.0851552
0.0198514 0.794171 0.185978
0.0482662 0.0785284 0.873205
0.0234004 0.103638 0.872962
0.0803993 9.9991E-05 0.919501
0.454341 0.0615584 0.4841
0.414467 0.0732174 0.512315
0.224988 0.00755165 0.767461
0.436881 9.9991E-05 0.563019
0.2534 9.9991E-05 0.7465
0.364953 0.0960428 0.539005
0.323835 9.9991E-05 0.676065
0.395113 9.9991E-05 0.604787
0.165593 9.9991E-05 0.834307
0.151153 9.9991E-05 0.848747
0.152185 9.9991E-05 0.847715
0.4119 0.0694222 0.518678
0.244084 0.0120953 0.74382
0.294661 9.9991E-05 0.705239
0.723205 0.0985032 0.178291
0.706238 0.120282 0.17348
0.739097 0.0372012 0.223702
0.708986 0.168012 0.123003
0.672775 0.0706844 0.25654
0.401212 9.9991E-05 0.598688
0.715887 0.284013 9.9991E-05
0.684066 0.201147 0.114787
0.379957 0.110867 0.509176
0.339917 0.133416 0.526667
0.286982 0.145242 0.567776
0.388185 0.0516139 0.560201
0.416323 0.0553332 0.528344
0.748319 0.230416 0.0212648
0.576413 0.0991131 0.324474
0.787716 0.081621 0.130663
0.602013 0.149777 0.24821
0.743641 0.174007 0.0823524
0.591092 0.130511 0.278397
0.72784 0.13831 0.13385
0.674984 9.9991E-05 0.324916
0.392161 0.0573893 0.55045
0.544469 0.226192 0.229339
0.77912 0.22078 9.9991E-05
0.448103 0.0978914 0.454006
0.539429 0.0667133 0.393858
0.569347 0.230269 0.200383
0.0619643 0.268567 0.669468
0.442584 9.9991E-05 0.557316
0.547439 0.131584 0.320977
0.471189 0.0759295 0.452882
0.387033 0.0707267 0.542241
0.298095 0.162953 0.538951
0.523028 0.181883 0.295088
0.504527 0.229905 0.265568
0.535876 0.0267024 0.437422
0.587066 0.0774717 0.335463
0.505102 0.136 0.358899
0.628198 0.083258 0.288544
0.751685 0.114118 0.134197
0.718836 0.281064 9.9991E-05
0.422805 0.00734323 0.569852
0.261953 0.104197 0.633851
0.130787 0.241721 0.627491
0.406247 0.0149198 0.578834
0.288252 0.164164 0.547584
0.506539 0.174415 0.319046
0.343067 0.130793 0.52614
0.131924 0.484711 0.383365
0.151504 0.510904 0.337592
0.308467 0.187678 0.503855
0.233345 0.464234 0.30242
0.235207 0.561217 0.203576
0.384845 0.130176 0.484979
0.400714 0.247862 0.351424
0.288712 0.301018 0.410271
0.22491 0.420483 0.354607
0.423056 0.102601 0.474342
0.277215 0.32658 0.396205
0.35559 0.110053 0.534357
0.0818224 0.656874 0.261304
0.479728 0.0932544 0.427018
0.417942 0.163986 0.418072
0.468322 0.233693 0.297985
0.590474 0.111258 0.298268
0.359207 0.227933 0.41286
0.518923 0.104614 0.376464
0.577228 0.106122 0.31665
0.453712 0.311282 0.235007
0.50625 0.197882 0.295868
0.555531 0.14598 0.29849
0.515688 0.197407 0.286906
0.337272 0.186722 0.476006
0.45472 0.156748 0.388533
0.524615 0.129873 0.345512
0.483246 0.050131 0.466623
0.53856 0.29212 0.169321
0.582228 0.0990461 0.318726
0.353055 0.409538 0.237407
0.62513 0.0693236 0.305546
0.556004 0.292588 0.151408
0.00787302 0.86283 0.129297
9.9991E-05 0.279386 0.720514
9.9991E-05 0.248913 0.750987
9.9991E-05 0.292161 0.707739
9.9991E-05 0.245547 0.754353
9.9991E-05 0.269489 0.730411
9.9991E-05 0.200928 0.798972
9.9991E-05 0.286911 0.712989
9.9991E-05 0.432698 0.567202
0.135156 0.864744 9.9991E-05
0.078443 0.817371 0.104186
0.109751 0.890149 9.9991E-05
0.0651773 0.843507 0.0913154
0.113499 0.886401 9.9991E-05
0.0800934 0.919807 9.9991E-05
0.232046 0.749643 0.0183105
0.174114 0.825786 9.9991E-05
0.124351 0.723056 0.152593
0.111356 0.888544 9.9991E-05
9.9991E-05 0.960289 0.0396106
0.154812 0.845088 9.9991E-05
0.0463469 0.953553 9.9991E-05
0.0965544 0.903346 9.9991E-05
0.157488 0.842412 9.9991E-05
0.21562 0.78428 9.9991E-05
0.264828 0.735072 9.9991E-05
0.272666 0.727235 9.9991E-05
0.232118 0.767782 9.9991E-05
0.255848 0.136757 0.607395
0.426375 9.9991E-05 0.573525
0.379681 0.129009 0.49131
0.0706269 0.178305 0.751068
0.339129 0.119202 0.541669
0.079707 0.234566 0.685727
0.431198 0.0310404 0.537762
0.242919 0.117883 0.639198
0.258166 0.117407 0.624427
0.322913 0.0253165 0.651771
0.255595 0.101052 0.643353
0.388079 0.0434632 0.568458
0.361964 0.0780618 0.559975
0.0247781 0.128279 0.846943
9.9991E-05 0.198197 0.801703
0.0360727 0.214444 0.749483
0.467963 0.039274 0.492763
0.32618 0.061995 0.611825
0.376984 0.0712419 0.551774
0.470557 9.9991E-05 0.529343
0.508596 0.146869 0.344536
0.522901 0.149589 0.32751
0.208278 0.506258 0.285464
0.330957 0.102401 0.566642
0.398921 0.209064 0.392015
0.185796 0.533664 0.280541
0.443546 0.306702 0.249752
0.355826 0.36484 0.279334
0.371501 0.284046 0.344453
0.555649 0.0653102 0.37904
0.462552 0.172611 0.364837
0.545396 0.0824121 0.372192
0.414833 0.15217 0.432998
0.379575 0.452536 0.167889
