0.0440711 9.9982E-05 0.835258 9.9982E-05 0.00533597 0.0378118 0.0720605 0.00526264
9.9964E-05 9.9964E-05 0.894606 0.00159854 0.0715755 9.9964E-05 0.03182 9.9964E-05
9.9973E-05 9.9973E-05 0.763218 9.9973E-05 0.0579615 0.0855386 0.0714922 0.0214897
0.0891884 9.9973E-05 0.733753 9.9973E-05 9.9973E-05 0.0127329 0.0522332 0.111792
0.0203592 9.9973E-05 0.835158 0.0327796 9.9973E-05 0.032051 9.9973E-05 0.0793525
0.105723 0.0527142 0.599753 9.9991E-05 0.0420671 0.112796 0.0498542 0.0369918
0.0335008 0.144983 0.716471 9.9964E-05 9.9964E-05 9.9964E-05 0.104646 9.9964E-05
0.117832 0.102113 0.617358 0.0124771 9.9991E-05 0.0362704 0.0556817 0.0581681
0.118139 0.0304826 0.796918 9.99639E-05 0.0540603 9.99639E-05 9.99639E-05 9.99639E-05
9.9982E-05 0.104948 0.630349 0.0323847 9.9982E-05 0.134406 0.0203783 0.0773341
0.0799587 0.132542 0.711527 0.00386405 0.0036191 0.0682898 9.9982E-05 9.9982E-05
0.46803 9.9973E-05 0.0579545 9.9973E-05 0.12825 0.31001 9.9973E-05 0.0354561
0.269005 9.9973E-05 9.9973E-05 9.9973E-05 0.155446 0.454694 0.0808149 0.0397399
0.431954 0.0649881 9.9991E-05 0.0953043 0.0423709 0.289369 0.0216958 0.0542189
0.337329 0.0304676 0.0716048 0.0769383 9.9982E-05 0.37748 9.9982E-05 0.10598
0.126314 0.00367029 0.185634 0.0965826 0.0498997 0.474693 9.9991E-05 0.0631065
0.254673 0.104121 9.9982E-05 9.9982E-05 0.0750805 0.471293 0.0223909 0.0722416
0.325376 0.0595421 0.0844068 9.9991E-05 0.0160303 0.465229 0.00913045 0.0401855
0.595146 0.0623746 0.0397742 0.0641354 0.0736884 0.0826927 0.0522391 0.0299491
0.183982 0.0320673 0.018403 0.0784961 0.206572 0.313464 0.0546073 0.112408
0.126356 0.241122 0.0306838 9.9991E-05 0.0724966 0.460169 0.0103862 0.0586869
0.173125 0.0157692 0.0682466 0.128693 0.0416087 0.537057 0.0353998 9.9991E-05
0.374103 0.0575074 0.0068473 0.0368483 0.0735523 0.316084 0.018921 0.116137
0.326152 0.0421683 0.00292984 9.9973E-05 9.9973E-05 0.542507 9.9973E-05 0.0859428
0.425071 0.0156716 0.0317435 9.9991E-05 0.0719232 0.352177 0.0366167 0.0666969
0.339244 0.0339564 0.0392644 9.9991E-05 0.1385 0.316804 0.00961032 0.122521
0.459913 0.065307 0.0705826 9.9973E-05 0.0475904 0.356307 9.9973E-05 9.9973E-05
9.994E-05 9.994E-05 9.994E-05 9.994E-05 9.994E-05 9.994E-05 0.9993 9.994E-05
9.994E-05 9.994E-05 9.994E-05 9.994E-05 9.994E-05 9.994E-05 0.9993 9.994E-05
9.9955E-05 9.9955E-05 0.452192 9.9955E-05 9.9955E-05 0.158803 0.388505 9.9955E-05
9.9982E-05 0.0230499 0.450898 9.9982E-05 0.107453 0.0247639 0.277292 0.116343
0.0952067 0.00492135 0.0424473 0.0318337 0.267696 0.53291 0.0248842 9.9991E-05
9.9982E-05 9.9982E-05 0.00115081 0.155622 0.263816 0.510259 0.0134423 0.0555098
0.502878 0.072897 0.0742531 0.0127876 0.066541 0.270444 9.9982E-05 9.9982E-05
9.9964E-05 0.0792858 9.9964E-05 9.9964E-05 0.645609 0.197249 9.9964E-05 0.0774562
9.9973E-05 0.0421718 0.0621586 0.0738126 0.141303 0.680254 9.9973E-05 9.9973E-05
0.0976346 0.132565 0.0770477 9.9982E-05 0.0315701 0.644525 0.0164575 9.9982E-05
0.0501522 0.0816443 0.0618119 0.0107565 0.143516 0.609782 0.0258366 0.0165007
0.17367 9.9973E-05 0.00505829 9.9973E-05 0.626288 0.146555 0.0481286 9.9973E-05
0.0561169 0.128589 0.065066 0.0374878 0.0372191 0.655645 9.9991E-05 0.0197768
9.9982E-05 0.027028 9.9982E-05 0.0401193 0.61074 0.307354 0.00400744 0.0105506
9.9955E-05 0.328338 0.0241005 9.9955E-05 0.647062 9.9955E-05 9.9955E-05 9.9955E-05
0.43996 0.0821908 9.9982E-05 0.104823 0.180429 0.182431 0.00996666 9.9982E-05
0.149292 0.352893 9.9982E-05 0.138297 0.237044 0.0977335 9.9982E-05 0.0245404
0.285092 0.095284 0.104699 0.039556 0.276241 0.156288 0.0427398 9.9991E-05
0.204913 0.0671347 0.00816702 0.048107 0.0560949 0.586516 0.0289671 9.9991E-05
0.218316 0.0903142 0.112334 0.12072 0.0966811 0.331129 9.9991E-05 0.0304053
0.307944 0.148276 0.1823 9.9991E-05 0.160851 0.128062 0.0587553 0.0137117
0.243115 0.0262787 0.0645745 0.0685238 0.0760754 0.418068 0.00237082 0.100995
0.572599 0.141865 9.9973E-05 9.9973E-05 0.147299 0.0819134 0.0560233 9.9973E-05
0.28992 0.0616933 9.9991E-05 0.034053 0.0224772 0.535727 0.008826 0.0472034
0.0603863 0.106527 0.049456 0.113866 9.9982E-05 0.635161 9.9982E-05 0.0344034
0.317806 0.116955 0.0275477 0.0459585 0.0942665 0.300692 0.0570226 0.0397516
0.134432 0.0637353 9.9991E-05 0.0532291 0.10858 0.493708 0.0616365 0.084579
0.356157 0.188902 9.9982E-05 0.0626819 0.110698 0.239598 0.0417625 9.9982E-05
0.0370253 9.9955E-05 9.9955E-05 9.9955E-05 0.373244 0.589231 9.9955E-05 9.9955E-05
0.131951 9.9964E-05 9.9964E-05 9.9964E-05 0.603889 0.217065 0.0466953 9.9964E-05
9.9955E-05 0.100862 9.9955E-05 9.9955E-05 0.859243 9.9955E-05 9.9955E-05 0.0393951
9.9955E-05 0.048658 9.9955E-05 0.0593683 0.891474 9.9955E-05 9.9955E-05 9.9955E-05
0.0106962 9.9964E-05 9.9964E-05 9.9964E-05 0.750261 0.223482 9.9964E-05 0.0151614
0.0178293 9.9973E-05 0.00837328 9.9973E-05 0.437805 0.484724 0.0509693 9.9973E-05
0.0178968 9.99891E-05 9.99891E-05 0.0800942 0.44134 0.391499 0.0456189 0.023351
0.0742061 9.9973E-05 0.0229441 9.9973E-05 0.613243 0.241423 9.9973E-05 0.0478837
0.176813 9.9973E-05 0.0201548 9.9973E-05 0.488462 0.275123 0.039147 9.9973E-05
0.116568 9.9982E-05 0.00313266 9.9982E-05 0.496347 0.322512 0.0207806 0.04046
0.0855089 0.018923 0.0920178 9.9982E-05 0.378084 0.414573 0.0106935 9.9982E-05
9.9973E-05 0.0583892 9.9973E-05 0.0295677 0.53405 0.343189 0.034504 9.9973E-05
9.9973E-05 0.120182 0.0266933 0.0703736 0.775227 9.9973E-05 9.9973E-05 0.00722438
0.0828323 9.9973E-05 0.750134 9.9973E-05 9.9973E-05 0.0773407 0.0593141 0.0300789
9.9964E-05 9.9964E-05 0.778496 0.00395145 9.9964E-05 0.0796623 0.13749 9.9964E-05
9.9964E-05 9.9964E-05 0.769542 9.9964E-05 9.9964E-05 0.0707779 0.117803 0.0414778
9.9973E-05 0.0475124 0.815802 9.9973E-05 9.9973E-05 0.0392483 0.0829542 0.0141834
9.9991E-05 0.00379097 0.761663 0.0118955 0.00661905 0.0714189 0.0964906 0.048022
9.9973E-05 9.9973E-05 0.883886 9.9973E-05 0.0114383 0.0475535 0.0315731 0.0252494
9.9955E-05 9.9955E-05 0.876761 9.9955E-05 9.9955E-05 0.0693563 0.0533832 9.9955E-05
0.114751 9.9973E-05 0.038159 0.0241879 0.696799 0.125803 9.9973E-05 9.9973E-05
0.0697935 0.00578127 9.9982E-05 9.9982E-05 0.416289 0.45487 0.0391485 0.0139183
9.9982E-05 9.9982E-05 0.0576451 0.0214108 0.230388 0.660614 0.0074398 0.0223019
9.9991E-05 0.0506112 0.00537177 0.170764 0.19034 0.541468 0.0285202 0.0128254
9.9964E-05 9.9964E-05 9.9964E-05 9.9964E-05 0.435775 0.434992 0.0425867 0.0862473
0.189275 9.9955E-05 0.0685673 9.9955E-05 0.741658 9.9955E-05 9.9955E-05 9.9955E-05
9.9973E-05 0.0626974 0.0455444 9.9973E-05 0.582785 0.287057 9.9973E-05 0.0216162
9.9973E-05 9.9973E-05 0.0132993 0.0785156 0.384094 0.51203 0.0117614 9.9973E-05
0.0777274 9.9991E-05 0.0187545 0.0212957 0.360187 0.482831 0.019006 0.020099
9.9973E-05 9.9973E-05 9.9973E-05 0.0141931 0.576072 0.353032 0.016839 0.0395644
0.055693 9.9964E-05 0.116409 9.9964E-05 0.471356 0.356141 9.9964E-05 9.9964E-05
0.275868 0.144813 0.0517421 0.171662 0.0759868 0.247317 0.0147281 0.0178822
0.254781 9.9982E-05 0.105477 9.9982E-05 0.0716762 0.481876 0.0439994 0.0419898
0.283627 0.087555 9.9982E-05 0.0112878 9.9982E-05 0.549002 0.052563 0.0157656
0.273474 0.0708232 0.0141042 9.9982E-05 0.00167804 0.604999 9.9982E-05 0.0347215
0.285965 9.9973E-05 0.0437722 0.0688297 0.0326839 0.568449 9.9973E-05 9.9973E-05
0.245247 0.0796718 0.0127673 0.0631625 9.9991E-05 0.58771 0.00786291 0.00347825
0.328395 9.9973E-05 9.9973E-05 0.0384088 0.0139183 0.588395 0.0305829 9.9973E-05
0.174789 9.9973E-05 9.9973E-05 0.108884 0.0102575 0.60864 9.9973E-05 0.0971296
0.140921 0.185903 9.9973E-05 0.0409107 9.9973E-05 0.577589 9.9973E-05 0.0543768
0.203618 0.121997 0.108955 0.169084 9.9982E-05 0.388799 9.9982E-05 0.00734639
0.138984 0.0518828 0.0408321 0.0688156 0.0602824 0.549542 9.9991E-05 0.0895612
0.0710791 0.0350013 0.0188504 0.119725 0.0333257 0.657628 0.0300888 0.034301
0.44803 0.00634838 9.9991E-05 0.10104 0.119058 0.23746 0.0357517 0.0522129
0.300466 0.298198 9.9991E-05 0.136208 0.022656 0.194312 0.0179947 0.0300657
0.329911 0.119707 9.9991E-05 0.189471 0.230843 0.0826131 0.0224712 0.0248821
0.441287 0.0719351 0.0146657 9.9982E-05 0.0773553 0.391303 0.00325325 9.9982E-05
0.316486 0.0322185 0.0424119 0.0831228 0.0951681 0.430393 9.9982E-05 9.9982E-05
0.352083 0.0225087 9.9982E-05 0.10669 0.144347 0.349192 0.024979 9.9982E-05
0.435632 0.0277154 0.0551973 0.0058389 0.117294 0.358122 9.9982E-05 9.9982E-05
0.147355 0.0464075 0.095303 0.0125078 0.0853785 0.59443 9.9991E-05 0.018518
0.373585 0.210267 9.9982E-05 0.0544799 0.142812 0.158163 9.9982E-05 0.0604936
0.00661534 0.190252 0.0324751 0.01793 0.163277 0.52756 0.0292442 0.0326467
0.197437 0.438748 0.0910828 0.128456 0.116551 0.0221795 0.00544614 9.9991E-05
0.0847773 0.236985 0.0489749 0.083957 0.113084 0.387398 9.9991E-05 0.0447234
0.121474 0.200761 0.0687477 0.00953722 9.9991E-05 0.554329 0.029855 0.0151951
0.107234 0.482801 0.0134275 0.012159 0.0706075 0.301238 0.0124329 9.9991E-05
0.177392 0.384022 9.9982E-05 0.119223 0.0440352 0.238718 0.0364106 9.9982E-05
0.0903603 0.214417 0.003372 0.129753 0.0366887 0.525209 9.9982E-05 9.9982E-05
0.0884349 0.326259 0.0557956 0.0779638 0.29552 0.0207154 0.0118549 0.123456
0.0428591 0.323912 9.9973E-05 0.0368444 0.173777 0.422307 9.9973E-05 9.9973E-05
0.161067 0.160198 9.9973E-05 0.0294195 0.196486 0.452529 9.9973E-05 9.9973E-05
0.0320228 0.264376 0.197523 0.0103351 0.0162906 0.137303 0.0523333 0.289817
9.9955E-05 0.393941 0.452586 9.9955E-05 9.9955E-05 9.9955E-05 9.9955E-05 0.152972
9.9964E-05 0.547681 0.286473 9.9964E-05 9.9964E-05 9.9964E-05 0.0272024 0.138244
0.0407923 0.238347 0.297813 9.9982E-05 9.9982E-05 0.0779349 0.0471247 0.297788
9.9955E-05 0.290875 9.9955E-05 9.9955E-05 0.0559196 0.652706 9.9955E-05 9.9955E-05
0.00159758 9.9964E-05 9.9964E-05 9.9964E-05 9.9964E-05 0.351509 0.0274171 0.619076
0.00384005 0.411442 9.9973E-05 0.132202 0.0912483 0.360967 9.9973E-05 9.9973E-05
0.0143151 0.501238 9.9973E-05 0.234853 0.00285825 0.246436 9.9973E-05 9.9973E-05
9.9964E-05 0.218311 9.9964E-05 0.0113677 0.0725155 0.697405 9.9964E-05 9.9964E-05
0.0964562 0.14777 0.0357343 0.152262 0.0798555 0.487722 9.9982E-05 9.9982E-05
0.0254097 0.213576 0.0463073 0.000509583 0.121349 0.547957 9.9991E-05 0.0447915
0.0550911 0.430253 9.9973E-05 0.15043 0.149088 0.214838 9.9973E-05 9.9973E-05
9.9964E-05 9.9964E-05 0.00353081 0.0011916 0.0125916 9.9964E-05 9.9964E-05 0.982286
9.9955E-05 9.9955E-05 9.9955E-05 0.0220119 9.9955E-05 0.132557 9.9955E-05 0.844932
9.9973E-05 9.9973E-05 0.00279073 0.0656152 0.0131378 0.225755 9.9973E-05 0.692401
9.9964E-05 9.9964E-05 0.0323974 9.9964E-05 0.0287645 0.207708 9.9964E-05 0.73073
0.00304788 9.9946E-05 9.9946E-05 9.9946E-05 9.9946E-05 9.9946E-05 9.9946E-05 0.996352
0.0827653 9.9946E-05 9.9946E-05 9.9946E-05 9.9946E-05 9.9946E-05 9.9946E-05 0.916635
9.9946E-05 9.9946E-05 9.9946E-05 9.9946E-05 9.9946E-05 0.209758 9.9946E-05 0.789643
0.0188128 9.9955E-05 9.9955E-05 9.9955E-05 9.9955E-05 0.0613676 9.9955E-05 0.91932
9.994E-05 9.994E-05 9.994E-05 9.994E-05 9.994E-05 9.994E-05 9.994E-05 0.9993
9.994E-05 9.994E-05 9.994E-05 9.994E-05 9.994E-05 9.994E-05 9.994E-05 0.9993
0.0140325 9.9964E-05 9.9964E-05 9.9964E-05 9.9964E-05 0.217649 0.0506597 0.717259
0.0431243 9.9982E-05 0.0319488 0.00617947 9.9982E-05 0.118412 0.0515545 0.748581
9.9964E-05 9.9964E-05 9.9964E-05 9.9964E-05 0.0213159 0.0276808 0.0322492 0.918354
0.031405 9.9982E-05 0.0831585 0.00319572 9.9982E-05 0.167541 0.00284241 0.711658
0.0527067 9.9964E-05 9.9964E-05 9.9964E-05 9.9964E-05 0.070941 0.00592325 0.870029
9.9964E-05 9.9964E-05 9.9964E-05 0.01023 9.9964E-05 0.0240164 0.0332148 0.932139
9.9955E-05 9.9955E-05 0.0130764 9.9955E-05 9.9955E-05 0.117539 9.9955E-05 0.868885
9.9955E-05 9.9955E-05 9.9955E-05 9.9955E-05 9.9955E-05 0.0120169 0.0280795 0.959404
0.0353231 9.9991E-05 0.0110289 0.0239527 0.07554 0.215518 0.0619241 0.576613
0.0688262 9.9964E-05 0.0496659 9.9964E-05 9.9964E-05 0.0473168 9.9964E-05 0.833791
9.9964E-05 0.663035 0.256209 9.9964E-05 9.9964E-05 0.0163624 9.9964E-05 0.0639943
0.179129 0.215711 0.079735 9.9982E-05 9.9982E-05 0.444704 0.0345744 0.0459465
9.9982E-05 0.284581 0.134483 9.9982E-05 0.0188321 0.449627 0.0512153 0.0610624
0.00265718 0.457187 0.124522 0.0688682 9.9991E-05 0.202943 0.0749891 0.0687342
9.9982E-05 0.360565 0.17804 9.9982E-05 0.119775 0.194859 0.0426128 0.103947
9.9991E-05 0.356909 0.0692041 0.0134521 0.0060004 0.400435 0.0100647 0.143835
0.00670732 0.271862 0.120773 9.9982E-05 9.9982E-05 0.46782 0.0343958 0.0982432
9.9973E-05 0.284051 0.150499 9.9973E-05 9.9973E-05 0.376703 0.0153563 0.173091
0.077397 0.041799 0.823099 9.9973E-05 0.0241372 0.0332677 9.9973E-05 9.9973E-05
9.9973E-05 0.00213225 0.809388 0.0388786 9.9973E-05 9.9973E-05 0.095332 0.0539692
9.9964E-05 0.0412628 0.885551 9.9964E-05 0.00580564 9.9964E-05 0.0669811 9.9964E-05
0.0375403 9.9964E-05 0.892671 9.9964E-05 9.9964E-05 0.0318534 0.0375359 9.9964E-05
0.0134436 0.0182616 0.779039 9.9982E-05 9.9982E-05 0.0417511 0.113292 0.0340123
9.9964E-05 9.9964E-05 0.833623 0.00243321 9.9964E-05 9.9964E-05 0.0590054 0.104539
0.00894904 9.9973E-05 0.860405 9.9973E-05 9.9973E-05 0.0439778 0.0270704 0.059298
0.0377763 0.0275568 0.811917 0.0191487 0.0123177 0.0292838 0.0619002 9.9991E-05
9.9973E-05 9.9973E-05 0.867358 0.0270749 0.00329115 0.0821854 0.0197907 9.9973E-05
0.00818852 0.0237458 0.86702 9.9982E-05 9.9982E-05 0.0326706 0.0146224 0.0535525
0.235356 9.9973E-05 0.529568 0.0773244 0.0879151 9.9973E-05 0.0695366 9.9973E-05
0.338795 9.9964E-05 0.601762 9.9964E-05 0.0477329 9.9964E-05 0.0113103 9.9964E-05
0.251263 0.0948348 0.50306 0.0639991 0.0661035 9.9982E-05 0.0205403 9.9982E-05
0.37079 9.9964E-05 0.485365 0.0273853 0.11606 9.9964E-05 9.9964E-05 9.9964E-05
0.0820401 9.9973E-05 0.024912 9.9973E-05 0.322012 0.473863 9.9973E-05 0.0968729
0.154612 9.9973E-05 0.0978976 0.0325453 0.175719 0.538925 9.9973E-05 9.9973E-05
0.30124 0.0668482 0.0216723 9.9991E-05 0.160255 0.401965 0.0441682 0.00375142
0.578353 9.9973E-05 9.9973E-05 0.0793183 0.148506 0.188905 9.9973E-05 0.00461713
0.0235259 9.9982E-05 0.0812632 0.0706203 0.136688 0.669838 9.9982E-05 0.0178651
0.0993299 9.9973E-05 9.9973E-05 0.0229694 0.279503 0.517403 9.9973E-05 0.0804944
0.0932085 0.069135 0.02064 9.9982E-05 0.229007 0.554774 9.9982E-05 0.0330354
9.9973E-05 0.0258869 9.9973E-05 0.0720604 0.425232 0.378816 9.9973E-05 0.0977048
0.138754 9.9982E-05 0.0527052 0.0195207 0.313448 0.453701 0.0216707 9.9982E-05
0.0361618 0.0832886 9.9964E-05 0.103131 0.777018 9.9964E-05 9.9964E-05 9.9964E-05
9.9973E-05 0.150957 9.9973E-05 0.08242 0.496197 0.230193 0.0399331 9.9973E-05
0.0064153 9.9982E-05 0.0187708 0.0769056 0.333941 0.497939 0.0658289 9.9982E-05
0.178285 9.9964E-05 0.0702222 9.9964E-05 0.610365 0.140729 9.9964E-05 9.9964E-05
0.749415 0.096198 0.136223 9.9973E-05 9.9973E-05 0.0159278 0.00193687 9.9973E-05
0.779449 9.9964E-05 0.124707 9.9964E-05 9.9964E-05 0.0836531 9.9964E-05 0.011791
0.939442 9.9946E-05 0.0599584 9.9946E-05 9.9946E-05 9.9946E-05 9.9946E-05 9.9946E-05
0.869297 9.9964E-05 0.126274 0.000679346 9.9964E-05 9.9964E-05 0.00335016 9.9964E-05
0.852509 0.0298487 0.030343 0.000816425 9.9982E-05 0.0812579 9.9982E-05 0.00502499
0.754744 9.9964E-05 0.0680142 9.9964E-05 9.9964E-05 0.115125 9.9964E-05 0.0617171
9.9973E-05 9.9973E-05 0.832848 9.9973E-05 0.0349774 0.0898725 0.0245442 0.0174583
0.111528 9.9964E-05 0.79561 9.9964E-05 9.9964E-05 0.0745528 9.9964E-05 0.0179095
9.9964E-05 9.9964E-05 0.761416 9.9964E-05 9.9964E-05 0.151555 0.0268974 0.0597316
0.0496847 9.9973E-05 0.740405 9.9973E-05 9.9973E-05 0.128769 0.0274713 0.0533701
0.0104118 0.0524112 0.728077 9.9982E-05 9.9982E-05 0.139793 0.00591044 0.0631967
0.514733 0.0655095 0.371722 9.9973E-05 0.033539 9.9973E-05 0.0141973 9.9973E-05
0.360586 0.0330488 0.453565 0.00467163 0.147828 9.9973E-05 9.9973E-05 9.9973E-05
0.477432 9.9973E-05 0.454279 0.0371128 0.00439908 9.9973E-05 0.0264766 9.9973E-05
9.994E-05 9.994E-05 9.994E-05 9.994E-05 9.994E-05 9.994E-05 0.9993 9.994E-05
0.511982 9.9973E-05 0.374815 0.0112524 0.0850663 9.9973E-05 0.0165846 9.9973E-05
9.9964E-05 0.20857 0.15727 9.9964E-05 9.9964E-05 0.286615 9.9964E-05 0.347145
9.9964E-05 9.9964E-05 0.144255 9.9964E-05 9.9964E-05 0.512972 0.071876 0.270498
0.0331168 0.170239 0.251469 9.9982E-05 0.00185332 0.386361 9.9982E-05 0.156761
9.9955E-05 0.307885 0.346029 9.9955E-05 9.9955E-05 9.9955E-05 9.9955E-05 0.345586
0.353604 0.0628192 0.04431 0.0120124 0.0416783 0.485376 9.9982E-05 9.9982E-05
0.165974 0.0601711 0.0297103 0.222102 0.177453 0.332217 9.9991E-05 0.0122734
0.554738 9.9964E-05 0.0460889 9.9964E-05 9.9964E-05 0.362612 0.036161 9.9964E-05
0.136673 9.9982E-05 0.0326992 0.263801 0.158187 0.383308 0.0251305 9.9982E-05
0.20359 0.28575 9.9964E-05 0.257421 0.252839 9.9964E-05 9.9964E-05 9.9964E-05
0.228549 0.0283859 0.051006 0.168953 0.0254001 0.46409 9.9991E-05 0.0335158
0.3643 0.0670566 0.0234113 0.0728035 0.0914283 0.35836 0.0225398 9.9991E-05
0.328061 0.282028 9.9973E-05 0.0456958 0.195853 0.148063 9.9973E-05 9.9973E-05
0.160408 0.128932 9.9991E-05 0.136549 0.0404562 0.42752 0.00844481 0.0975893
0.209439 9.9973E-05 9.9973E-05 9.9973E-05 0.179217 0.547922 0.0357303 0.027392
0.00801049 0.128745 0.163673 0.0126785 0.0999274 0.478993 0.00356207 0.104411
0.24231 0.100868 9.9973E-05 0.178122 0.0548363 0.423564 9.9973E-05 9.9973E-05
0.224682 0.0760282 9.9982E-05 0.0498128 0.225188 0.392788 9.9982E-05 0.0313007
0.217147 0.0682527 9.9991E-05 0.094661 0.0926414 0.437135 0.00346148 0.0866013
0.084722 0.102243 0.0195934 0.11015 0.0697808 0.613311 9.9982E-05 9.9982E-05
0.150184 9.9982E-05 9.9982E-05 0.0708859 0.125118 0.520238 0.00230743 0.131067
9.9964E-05 9.9964E-05 0.733301 9.9964E-05 9.9964E-05 0.167421 0.0330422 0.0658351
9.9964E-05 9.9964E-05 0.81716 0.0235978 9.9964E-05 0.113883 0.0449597 9.9964E-05
0.0393576 0.00204594 0.814142 0.0866855 0.0347657 0.0228034 9.9982E-05 9.9982E-05
9.9982E-05 9.9982E-05 0.759653 0.0842968 0.0413848 0.0745649 0.010436 0.0294649
9.9973E-05 9.9973E-05 0.79514 0.0222158 9.9973E-05 0.1081 0.0543559 0.0198888
0.5005 0.14728 9.9964E-05 9.9964E-05 0.0673306 0.284489 9.9964E-05 9.9964E-05
0.191791 0.10015 9.9982E-05 0.00942413 9.9982E-05 0.608243 0.0328307 0.0573615
0.272994 9.9991E-05 0.0281032 0.00515563 0.144793 0.459497 0.0265072 0.0628506
0.316243 0.221271 9.9982E-05 0.0927335 9.9982E-05 0.266339 0.0480415 0.0551723
0.638529 0.153909 0.10051 9.9982E-05 0.0147686 0.0569462 0.0351371 9.9982E-05
0.295114 9.9982E-05 9.9982E-05 0.0430698 0.0373766 0.545388 0.018857 0.0599947
0.522693 9.9991E-05 0.0613256 0.109457 0.0422725 0.23014 0.0308711 0.00314109
0.19207 0.0460176 0.123599 0.130271 0.093166 0.414677 9.9982E-05 9.9982E-05
0.527461 0.0695409 0.0949703 0.100908 0.00854847 0.160071 0.0225711 0.0159297
0.515131 0.00133778 0.0848836 0.0460831 0.0510916 0.281424 0.00750325 0.0125459
0.251742 0.0506592 0.00374465 0.128598 0.113103 0.333071 0.0283383 0.0907443
0.0638989 0.414235 0.0254792 0.123182 0.0601937 0.312811 9.9982E-05 9.9982E-05
9.9973E-05 0.257135 0.0543399 0.0199425 0.108233 0.560049 9.9973E-05 9.9973E-05
0.0543979 0.47074 9.9973E-05 0.0363552 0.0612374 0.376969 9.9973E-05 9.9973E-05
0.0144611 0.100766 0.0592054 0.156385 0.131577 0.508429 0.0290778 9.9991E-05
0.0876147 0.542744 9.9973E-05 0.0922054 0.161524 0.115612 9.9973E-05 9.9973E-05
0.00312194 0.537547 9.9973E-05 0.0323258 0.177708 0.248997 9.9973E-05 9.9973E-05
0.0728544 0.378424 9.9964E-05 0.0985052 9.9964E-05 0.449817 9.9964E-05 9.9964E-05
0.0588399 0.502376 9.9973E-05 0.134853 0.123236 0.180394 9.9973E-05 9.9973E-05
0.0931157 0.287434 9.9964E-05 9.9964E-05 0.119768 0.499282 9.9964E-05 9.9964E-05
0.588173 9.9991E-05 0.0171304 0.0151506 0.195552 0.0936376 0.00517919 0.0850767
0.335485 0.0512005 9.9982E-05 0.223675 0.16012 0.196166 9.9982E-05 0.0331535
0.352681 9.9982E-05 9.9982E-05 0.130038 0.0976131 0.352904 0.054448 0.0121155
0.177673 9.9991E-05 0.0753646 0.0217999 0.0334861 0.652161 0.00552221 0.033893
0.42544 0.0745891 9.9973E-05 9.9973E-05 0.176142 0.311978 0.0115513 9.9973E-05
0.286547 9.9991E-05 0.0189151 0.0164972 0.126189 0.450051 0.0151573 0.0865428
0.216726 9.9982E-05 0.00491302 9.9982E-05 0.211858 0.453241 0.0464876 0.0665742
0.505028 9.9982E-05 9.9982E-05 0.0118203 0.124303 0.259766 0.0127729 0.0861093
0.421149 0.0147246 0.0476949 0.0854061 0.0236165 0.325113 0.00166997 0.0806263
0.148982 9.9973E-05 0.0760697 0.0428204 0.123105 0.608723 9.9973E-05 9.9973E-05
0.270354 0.0600511 9.9991E-05 0.134766 0.118986 0.305153 0.0210302 0.0895597
0.217466 0.0509094 9.9973E-05 0.158753 9.9973E-05 0.494011 9.9973E-05 0.0785604
0.382288 0.124798 0.0297497 9.9991E-05 0.00703448 0.39451 0.0169865 0.0445344
0.226146 0.0293407 0.0831855 0.0578667 0.0674229 0.474654 9.9991E-05 0.0612846
9.9973E-05 0.0826388 0.266032 9.9973E-05 9.9973E-05 0.427143 0.044269 0.179617
9.9982E-05 0.123815 0.102834 9.9982E-05 0.078931 0.389661 0.0371302 0.267429
0.0479275 0.107462 9.9982E-05 0.0823601 9.9982E-05 0.606454 0.109876 0.0457207
9.9982E-05 9.9982E-05 0.142387 0.0153389 0.14539 0.454846 0.0394 0.202439
0.105016 0.192182 9.9973E-05 0.168966 0.00896873 0.524567 9.9973E-05 9.9973E-05
9.9982E-05 0.461877 0.173056 0.0150782 0.158053 0.0900927 9.9982E-05 0.101643
0.0810934 0.164565 0.055624 0.070936 9.9991E-05 0.454842 0.0302904 0.142549
0.0655092 0.0788067 0.0831438 9.9982E-05 0.076432 0.509415 9.9982E-05 0.186493
0.100383 0.352194 0.0240193 0.00132859 0.0461121 0.265382 0.065851 0.14473
9.9973E-05 0.0675066 0.151066 9.9973E-05 9.9973E-05 0.630296 0.0816186 0.069213
9.9964E-05 0.425918 0.315127 9.9964E-05 9.9964E-05 9.9964E-05 0.0694603 0.189095
9.9973E-05 0.125831 0.119523 9.9973E-05 0.0617644 0.469307 9.9973E-05 0.223274
0.206948 9.9982E-05 0.103866 0.0612025 9.9982E-05 0.444556 0.00295343 0.180274
0.0187492 9.9973E-05 0.0376723 0.471635 9.9973E-05 0.425633 9.9973E-05 0.0460115
0.0943573 0.0236796 9.9964E-05 0.825207 0.0563567 9.9964E-05 9.9964E-05 9.9964E-05
0.109124 0.0574235 9.9964E-05 0.787225 0.0458271 9.9964E-05 9.9964E-05 9.9964E-05
9.9973E-05 0.0812157 0.181013 0.0509141 9.9973E-05 0.469714 9.9973E-05 0.216843
9.9982E-05 0.077363 0.0478211 0.25048 9.9982E-05 0.275625 0.0406264 0.307884
9.9982E-05 0.222077 0.161449 0.156798 9.9982E-05 0.135367 0.0530256 0.271084
9.9982E-05 0.0532554 0.0963771 0.222705 9.9982E-05 0.289617 0.0751505 0.262696
9.9973E-05 0.206952 0.0716117 0.629953 9.9973E-05 0.00253983 9.9973E-05 0.0886436
9.9982E-05 0.0648903 0.0980436 0.620591 9.9982E-05 0.0485075 0.0721632 0.0956046
9.9964E-05 9.9964E-05 9.9964E-05 0.320691 9.9964E-05 0.511891 0.0259268 0.141091
9.9964E-05 9.9964E-05 0.0477857 0.377178 9.9964E-05 0.460689 9.9964E-05 0.113947
9.9973E-05 9.9973E-05 0.00750518 0.734404 9.9973E-05 0.100058 0.0330445 0.124689
9.9973E-05 9.9973E-05 0.109934 0.199041 0.110398 0.528493 9.9973E-05 0.0518341
9.9964E-05 9.9964E-05 0.00157912 0.431337 9.9964E-05 0.423031 9.9964E-05 0.143653
0.0930805 9.9973E-05 0.00550667 0.564634 9.9973E-05 0.334076 0.00240318 9.9973E-05
0.111615 9.9982E-05 9.9982E-05 0.469011 0.00722877 0.303728 0.0793282 0.0288893
0.0856896 0.0905299 0.018709 0.379691 0.00966739 0.343092 0.0205854 0.0520357
0.0181474 0.0705211 0.0288513 0.437687 9.9973E-05 0.444493 9.9973E-05 9.9973E-05
0.146412 9.9955E-05 9.9955E-05 0.719252 9.9955E-05 0.133836 9.9955E-05 9.9955E-05
9.9982E-05 9.9982E-05 0.0451718 0.338722 0.0218047 0.560696 0.0203544 0.0130513
0.0715428 9.9973E-05 9.9973E-05 0.664705 0.0313051 0.227799 9.9973E-05 0.00434846
9.9973E-05 0.0165673 0.00769807 0.534545 9.9973E-05 0.403662 0.037228 9.9973E-05
9.9973E-05 0.170242 0.160412 9.9973E-05 9.9973E-05 0.490706 0.00739464 0.170945
0.128856 0.0753791 0.153134 0.0932328 9.9991E-05 0.381381 0.0507436 0.117173
0.0201842 0.082905 0.181654 0.558366 9.9982E-05 9.9982E-05 0.0374168 0.119274
0.0637973 0.0409219 0.115715 0.0553258 9.9991E-05 0.623363 0.0282495 0.0725275
9.9973E-05 0.17297 0.353727 0.349924 9.9973E-05 9.9973E-05 0.0135518 0.109528
9.9973E-05 0.00927652 0.0808741 0.228135 9.9973E-05 0.46919 9.9973E-05 0.212225
9.9946E-05 9.9946E-05 9.9946E-05 0.906516 0.0928843 9.9946E-05 9.9946E-05 9.9946E-05
9.9955E-05 9.9955E-05 9.9955E-05 0.9479 0.0476192 9.9955E-05 0.00398061 9.9955E-05
0.0122099 9.9955E-05 9.9955E-05 0.491364 9.9955E-05 0.495926 9.9955E-05 9.9955E-05
9.9955E-05 9.9955E-05 0.0265749 0.444374 9.9955E-05 0.528552 9.9955E-05 9.9955E-05
9.9955E-05 9.9955E-05 9.9955E-05 0.63891 9.9955E-05 0.353194 0.00739679 9.9955E-05
9.9964E-05 9.9964E-05 0.0384053 0.46601 0.0397044 0.455481 9.9964E-05 9.9964E-05
9.9955E-05 9.9955E-05 9.9955E-05 0.456415 9.9955E-05 0.537264 9.9955E-05 0.00582168
0.0523405 0.0479697 0.730755 0.0377122 9.9991E-05 0.0437879 0.0635416 0.0237934
0.0788072 9.9973E-05 0.706002 0.046257 9.9973E-05 9.9973E-05 0.0307239 0.13791
0.00754621 9.9973E-05 0.827343 9.9973E-05 9.9973E-05 0.00425167 0.0527173 0.107842
9.9964E-05 9.9964E-05 0.781999 0.0143913 9.9964E-05 0.0513127 0.151898 9.9964E-05
0.126171 0.0742668 0.00870156 9.9991E-05 0.290772 0.421904 0.0323511 0.045733
0.0497044 9.9964E-05 9.9964E-05 9.9964E-05 0.421717 0.492002 0.0361767 9.9964E-05
0.0749825 0.0455198 0.0449769 0.00662253 0.527339 0.300359 9.9982E-05 9.9982E-05
0.00740699 9.9982E-05 9.9982E-05 0.0963808 0.22899 0.58785 0.0313745 0.0477968
9.9973E-05 0.0516014 9.9973E-05 0.15975 0.462953 0.273002 0.0523934 9.9973E-05
9.9982E-05 0.0933138 0.239667 9.9982E-05 0.0486902 0.443578 0.0595978 0.114953
0.0228021 0.0950971 9.9991E-05 0.0130605 0.339252 0.445447 0.0375254 0.046716
0.11806 9.9964E-05 9.9964E-05 9.9964E-05 0.388385 0.433039 0.0601156 9.9964E-05
0.00207768 9.9982E-05 9.9982E-05 0.0943993 0.340965 0.522101 0.0342648 0.00599161
9.9973E-05 9.9973E-05 0.0772186 0.0105326 0.471929 0.424764 0.0152553 9.9973E-05
9.9964E-05 0.0440649 9.9964E-05 0.0381398 0.352037 0.565359 9.9964E-05 9.9964E-05
9.99762E-05 9.99762E-05 9.99762E-05 0.0412404 0.920913 0.00366537 0.0234084 0.0104729
9.9964E-05 0.0555874 0.0244789 9.9964E-05 0.586403 0.333131 9.9964E-05 9.9964E-05
0.076706 9.9973E-05 0.0279354 9.9973E-05 0.615089 0.247468 0.0325009 9.9973E-05
9.9955E-05 0.129035 9.9955E-05 0.0319395 0.838526 9.9955E-05 9.9955E-05 9.9955E-05
9.9991E-05 0.00949395 0.0237056 0.0357166 0.377425 0.479909 0.0630228 0.0106271
0.0155584 0.288584 9.9973E-05 9.9973E-05 0.597062 0.0977465 0.000748791 9.9973E-05
9.9955E-05 0.155529 9.9955E-05 0.0774254 0.766546 9.9955E-05 9.9955E-05 9.9955E-05
9.9973E-05 9.9973E-05 9.9973E-05 0.0738679 0.356574 0.478288 0.0226051 0.0683648
0.0667385 9.9991E-05 0.0864442 0.0170129 0.563022 0.230624 0.0291311 0.00692749
0.155648 9.9973E-05 9.9973E-05 9.9973E-05 0.42635 0.319662 0.0126777 0.085363
0.120602 9.9964E-05 9.9964E-05 9.9964E-05 0.288034 0.571733 0.0192309 9.9964E-05
0.338286 0.0706086 9.9982E-05 0.061332 0.144373 0.344558 9.9982E-05 0.0406426
9.9973E-05 9.9973E-05 0.0259519 0.0533701 0.362272 0.495709 0.0623967 9.9973E-05
0.0482888 9.9982E-05 0.00820764 9.9982E-05 0.379252 0.438225 0.0491417 0.0766851
9.9955E-05 0.0372277 9.9955E-05 9.9955E-05 0.683125 0.279148 9.9955E-05 9.9955E-05
0.280524 0.0386539 0.600961 9.9973E-05 0.0144218 9.9973E-05 0.0651401 9.9973E-05
0.0847466 0.0092575 0.710463 9.9991E-05 0.0911992 0.0635926 0.0351209 0.00552025
0.160371 0.0228389 0.678003 9.9964E-05 9.9964E-05 9.9964E-05 0.138388 9.9964E-05
0.142214 0.00416061 0.740431 0.0207998 9.9973E-05 9.9973E-05 0.0920945 9.9973E-05
0.210399 0.0106641 0.676765 9.9973E-05 9.9973E-05 0.0626722 0.0391995 9.9973E-05
0.122672 9.9964E-05 0.0462341 9.9964E-05 0.678916 0.151778 9.9964E-05 9.9964E-05
0.141837 9.9973E-05 0.0620672 9.9973E-05 0.619192 0.163307 0.0132964 9.9973E-05
9.9964E-05 9.9964E-05 9.9964E-05 0.0797506 0.782555 0.126781 9.9964E-05 0.010514
9.9973E-05 0.079317 0.0472191 9.9973E-05 0.529386 0.302112 9.9973E-05 0.0416655
0.0165254 0.00217293 0.0288529 0.00211476 0.28089 0.578867 0.0118515 0.0787261
0.00965713 9.9973E-05 0.0794574 9.9973E-05 0.473098 0.42094 9.9973E-05 0.0165475
0.0733868 0.0197782 0.0153677 0.0498044 0.272736 0.559825 0.00900187 9.9991E-05
0.126651 9.9964E-05 0.00962863 9.9964E-05 0.549302 0.314018 9.9964E-05 9.9964E-05
0.140518 0.0165162 0.018801 9.9973E-05 0.395218 0.428647 9.9973E-05 9.9973E-05
0.145248 9.9973E-05 9.9973E-05 9.9973E-05 0.527037 0.320221 0.0059973 0.00119634
0.016058 0.184593 0.0914997 0.0428894 9.9973E-05 0.66466 9.9973E-05 9.9973E-05
9.9964E-05 9.9964E-05 0.012282 9.9964E-05 0.479686 0.463223 0.0444089 9.9964E-05
0.0600306 9.9982E-05 0.0631483 0.0170997 0.334553 0.507795 0.0171733 9.9982E-05
9.9973E-05 0.0789667 0.0707762 9.9973E-05 9.9973E-05 0.4676 0.00505301 0.377305
9.9982E-05 0.1465 0.089699 0.0652515 9.9982E-05 0.251049 0.00140768 0.445893
9.9973E-05 0.228918 0.00895075 9.9973E-05 0.265382 0.429335 9.9973E-05 0.0671146
9.9982E-05 9.9982E-05 0.191032 0.00290846 0.012688 0.12121 0.0526703 0.619291
9.9973E-05 9.9973E-05 0.200648 0.0366001 9.9973E-05 0.246576 0.029645 0.486231
9.9982E-05 0.264589 0.0631802 9.9982E-05 0.126407 0.342469 0.0407116 0.162443
0.0113062 0.205449 0.104466 9.9973E-05 9.9973E-05 0.671152 0.00732626 9.9973E-05
0.152267 0.240977 0.0869281 9.9982E-05 9.9982E-05 0.49276 0.0153565 0.01151
9.9973E-05 0.000505814 0.181978 9.9973E-05 9.9973E-05 0.313828 0.058826 0.444562
9.9973E-05 0.0032616 0.0623314 9.9973E-05 9.9973E-05 0.388536 0.019582 0.525989
9.9982E-05 0.0651378 0.167882 0.0022037 9.9982E-05 0.292508 0.0105264 0.461541
0.0125656 0.0551922 0.080868 0.0391127 9.9991E-05 0.25679 0.0780287 0.477342
9.9955E-05 0.337662 0.0152364 9.9955E-05 9.9955E-05 0.646602 9.9955E-05 9.9955E-05
9.9973E-05 0.0596149 0.106222 9.9973E-05 9.9973E-05 0.202491 0.0174425 0.613929
0.31017 0.335435 0.0857752 9.9964E-05 9.9964E-05 0.26822 9.9964E-05 9.9964E-05
0.0585051 0.250652 9.9964E-05 9.9964E-05 9.9964E-05 0.58057 9.9964E-05 0.109872
0.0234102 0.280835 0.0581805 9.9982E-05 0.00465222 0.623442 0.00927993 9.9982E-05
0.0818836 0.194092 0.154638 9.9982E-05 0.0103207 0.558713 0.000151997 9.9982E-05
0.0253622 0.0245964 0.123366 9.9991E-05 0.207295 0.350216 0.0664135 0.202651
9.9982E-05 0.0392606 0.142557 0.157242 9.9982E-05 0.337873 0.0500909 0.272776
9.9964E-05 0.00972402 0.235205 9.9964E-05 9.9964E-05 0.244228 9.9964E-05 0.510443
0.100425 0.245101 0.0360977 9.9982E-05 0.0266072 0.565174 0.026395 9.9982E-05
9.9973E-05 0.635183 9.9973E-05 0.0474233 9.9973E-05 0.274982 0.039255 0.00285667
0.175665 0.0758173 0.124965 0.141921 9.9991E-05 0.418212 0.0313415 0.0319772
9.9964E-05 0.21853 0.182203 9.9964E-05 9.9964E-05 0.476794 9.9964E-05 0.122074
9.9955E-05 0.636561 0.174511 9.9955E-05 9.9955E-05 9.9955E-05 9.9955E-05 0.188428
9.9964E-05 0.700223 0.155978 9.9964E-05 9.9964E-05 9.9964E-05 0.0427929 0.100606
0.093722 0.297027 0.141306 0.0307531 0.0467346 0.341434 0.0149452 0.0340779
9.9982E-05 0.48497 0.218243 0.0188522 9.9982E-05 0.106067 0.0106653 0.161002
9.9964E-05 0.514465 0.265277 9.9964E-05 9.9964E-05 9.9964E-05 0.0270955 0.192762
0.00175042 0.229603 0.109491 0.121227 0.0137052 0.370973 0.0455806 0.107671
9.9982E-05 0.166364 0.164211 9.9982E-05 0.137315 0.345339 0.0309596 0.155611
9.9964E-05 0.358482 0.246584 9.9964E-05 9.9964E-05 0.220951 9.9964E-05 0.173583
9.9973E-05 0.515844 0.157539 9.9973E-05 9.9973E-05 0.151612 0.0557729 0.118932
9.9973E-05 0.286164 0.100914 9.9973E-05 9.9973E-05 0.478166 0.0245091 0.109947
9.9982E-05 0.422225 0.139907 9.9982E-05 0.0797755 0.221315 0.0398067 0.0967706
9.9964E-05 0.619573 0.277185 9.9964E-05 9.9964E-05 9.9964E-05 0.0538011 0.0490408
0.0154364 0.229098 0.122734 9.9991E-05 0.0355475 0.410288 0.0309707 0.155826
0.00722367 0.017313 0.278031 9.9991E-05 0.0627334 0.412604 0.0266203 0.195375
9.9973E-05 0.0176559 0.193675 9.9973E-05 0.00915 0.593428 9.9973E-05 0.185791
0.0313189 0.0857662 0.1774 0.0116358 9.9982E-05 0.489917 9.9982E-05 0.203762
0.024654 0.0552538 0.346729 9.9982E-05 9.9982E-05 0.33896 0.0184977 0.215705
9.9982E-05 0.0261489 0.223023 0.0158507 9.9982E-05 0.551383 0.0447988 0.138596
0.0124858 9.9982E-05 0.217925 9.9982E-05 0.0328612 0.41049 0.0816025 0.244435
0.0525519 0.100462 0.184771 0.0764255 9.9991E-05 0.272639 0.0772583 0.235792
0.152658 0.0123378 0.187921 0.0105055 0.193879 0.266152 9.9991E-05 0.176447
9.9982E-05 0.0419831 0.292266 0.00863704 9.9982E-05 0.387608 0.0166447 0.252661
9.9973E-05 0.236664 0.292863 9.9973E-05 0.0744101 0.137347 9.9973E-05 0.258417
9.9991E-05 0.185136 0.226302 0.0230637 0.0292683 0.281867 0.0336196 0.220644
0.160214 0.0159143 0.774925 9.9973E-05 0.0196876 9.9973E-05 0.0289594 9.9973E-05
0.80226 0.0404515 9.9973E-05 9.9973E-05 0.0112084 0.0276706 9.9973E-05 0.11811
0.91178 9.9955E-05 0.0626479 9.9955E-05 0.0250727 9.9955E-05 9.9955E-05 9.9955E-05
0.966921 9.9946E-05 9.9946E-05 9.9946E-05 9.9946E-05 9.9946E-05 0.0324792 9.9946E-05
0.908114 9.9964E-05 9.9964E-05 0.0755105 9.9964E-05 0.00145469 9.9964E-05 0.0145214
0.901306 9.9955E-05 9.9955E-05 9.9955E-05 9.9955E-05 9.9955E-05 0.0253423 0.0728516
0.869599 9.9964E-05 9.9964E-05 9.9964E-05 9.9964E-05 0.021422 0.0643271 0.0442526
0.934762 9.9964E-05 9.9964E-05 9.9964E-05 0.0354276 9.9964E-05 0.0236659 0.00574449
0.739005 9.9955E-05 0.174037 9.9955E-05 9.9955E-05 9.9955E-05 0.0864581 9.9955E-05
9.9964E-05 0.035937 0.833853 9.9964E-05 9.9964E-05 0.0685136 0.0612964 9.9964E-05
0.0894875 9.9973E-05 0.728248 9.9973E-05 0.0262399 0.0745999 0.0811253 9.9973E-05
9.9955E-05 9.9955E-05 0.802286 9.9955E-05 9.9955E-05 0.0988139 0.0984006 9.9955E-05
0.134529 0.00353962 0.736168 9.9982E-05 9.9982E-05 0.0452873 0.0408312 0.0394444
0.00135214 9.9964E-05 0.888964 9.9964E-05 0.0499474 9.9964E-05 9.9964E-05 0.0593369
0.0766282 0.0445354 0.845664 9.9973E-05 9.9973E-05 0.0258164 0.00705642 9.9973E-05
0.0757732 0.0684829 0.599971 9.9982E-05 9.9982E-05 0.0542693 0.0907666 0.110537
0.0142916 9.9982E-05 0.829112 9.9982E-05 0.0228814 0.0360812 0.0331137 0.0643206
0.114185 9.9982E-05 0.618982 9.9982E-05 0.0786288 0.0459814 0.0675922 0.07443
9.9982E-05 9.9982E-05 0.859621 0.0121787 0.00468104 0.0150527 0.0173543 0.0909118
9.9955E-05 9.9955E-05 0.900145 0.0391656 9.9955E-05 9.9955E-05 0.0601896 9.9955E-05
9.9982E-05 0.0268439 0.786005 0.0218268 9.9982E-05 0.0585114 0.0449967 0.0616163
0.0590503 9.9964E-05 0.927405 9.9964E-05 9.9964E-05 0.00550474 0.00764031 9.9964E-05
9.9973E-05 0.00698121 0.842413 9.9973E-05 9.9973E-05 0.0625697 0.0765478 0.0111887
9.9964E-05 9.9964E-05 0.803471 9.9964E-05 9.9964E-05 0.111454 0.0815571 0.00311836
9.9964E-05 9.9964E-05 0.750668 9.9964E-05 9.9964E-05 0.113357 0.0717917 0.0637841
9.9973E-05 0.0102312 0.762513 9.9973E-05 9.9973E-05 0.122432 0.0374026 0.0671213
9.9964E-05 9.9964E-05 0.72321 9.9964E-05 9.9964E-05 0.150782 0.0718968 0.0537112
9.9964E-05 9.9964E-05 0.74772 9.9964E-05 9.9964E-05 0.145215 0.074771 0.0318941
0.056677 0.256931 0.130495 9.9973E-05 0.143254 0.412343 9.9973E-05 9.9973E-05
0.0328517 0.0993394 0.0126715 0.00504811 0.0318884 0.795038 0.0230627 9.9991E-05
0.0568421 0.600632 9.9982E-05 0.0333376 0.116108 0.181325 0.0115547 9.9982E-05
0.134183 0.161857 0.117153 9.9982E-05 0.0409697 0.520095 0.0255414 9.9982E-05
9.9964E-05 0.739386 0.0363578 9.9964E-05 0.0151541 0.208702 9.9964E-05 9.9964E-05
0.0671126 0.231552 0.0551443 9.9973E-05 9.9973E-05 0.639281 0.00661002 9.9973E-05
0.0987411 0.280019 0.0387673 9.9973E-05 0.0768207 0.505352 9.9973E-05 9.9973E-05
0.0892229 0.286269 0.0249078 9.9982E-05 0.000898454 0.572715 0.0257867 9.9982E-05
0.10347 9.9964E-05 0.108834 9.9964E-05 0.270544 0.516753 9.9964E-05 9.9964E-05
0.23459 0.269792 0.00834236 9.9982E-05 9.9982E-05 0.465818 0.0107681 0.0104897
0.189499 0.138722 0.0366646 9.9982E-05 9.9982E-05 0.588451 0.0426556 0.00380699
0.407059 0.0638438 9.9973E-05 0.181472 0.260081 9.9973E-05 9.9973E-05 0.0872447
0.150922 0.679419 9.9964E-05 0.140307 0.0289515 9.9964E-05 9.9964E-05 9.9964E-05
0.0622411 0.677575 9.9955E-05 9.9955E-05 9.9955E-05 0.259684 9.9955E-05 9.9955E-05
0.00209836 0.321472 0.0645186 9.9973E-05 9.9973E-05 0.610853 0.000758381 9.9973E-05
0.00114261 0.231171 0.040346 0.0215747 0.0621663 0.620344 0.0231554 9.9991E-05
9.9982E-05 0.109441 0.191756 0.0110229 0.0601579 0.488489 9.9982E-05 0.138933
9.9964E-05 9.9964E-05 0.179944 9.9964E-05 9.9964E-05 0.67521 0.0316674 0.112778
0.15225 0.0261332 0.414777 0.0597754 0.0313425 0.176398 9.9991E-05 0.139224
0.101165 9.9982E-05 0.166378 9.9982E-05 0.0315695 0.487387 0.0831407 0.13016
9.9964E-05 0.449878 0.285953 9.9964E-05 9.9964E-05 9.9964E-05 0.0308369 0.232933
9.9973E-05 0.220474 0.263085 9.9973E-05 9.9973E-05 0.310387 0.02527 0.180484
0.0337173 0.0422559 0.345366 9.9991E-05 0.0616263 0.338908 0.0448667 0.13316
0.0435672 9.9982E-05 0.332178 0.0583154 9.9982E-05 0.519667 0.029001 0.0170717
9.9982E-05 0.0902959 0.141392 9.9982E-05 0.052318 0.513243 0.0661779 0.136373
0.10321 0.173106 0.0152652 0.0444128 0.0300956 0.372305 0.0724685 0.189137
9.9982E-05 0.0540967 0.353145 9.9982E-05 0.0592846 0.278067 0.0797846 0.175423
