9.9973E-05 0.090087 0.0583167 0.78929 9.9973E-05 0.0122818 9.9973E-05 0.0497243
9.9955E-05 0.0416294 9.9955E-05 0.888909 9.9955E-05 9.9955E-05 0.0689621 9.9955E-05
9.9982E-05 0.0636433 0.0799271 0.745082 0.0177408 0.0756776 9.9982E-05 0.0177291
9.9973E-05 0.0531194 0.0675964 0.765366 9.9973E-05 0.0543718 9.9973E-05 0.0592468
9.9973E-05 0.0181111 9.9973E-05 0.874426 9.9973E-05 0.0180991 0.0467929 0.0422709
0.0471171 9.9982E-05 0.0365944 0.61872 0.133895 0.070406 9.9982E-05 0.0930678
0.0839985 0.0679832 0.0447791 0.747831 0.00964739 0.00218157 0.0316586 0.0119206
0.0902218 0.00334397 0.120103 0.714205 0.00300593 9.9991E-05 0.0259961 0.0430235
0.0607658 0.00486663 0.113178 0.820353 0.000536618 9.9973E-05 9.9973E-05 9.9973E-05
0.096497 0.0319466 0.0275598 0.64669 9.9991E-05 0.0724364 0.0509401 0.0738305
0.125532 9.9964E-05 0.173495 0.651032 9.9964E-05 9.9964E-05 9.9964E-05 0.0495415
0.0321887 9.9973E-05 0.472429 9.9973E-05 0.124839 0.0888849 9.9973E-05 0.281359
0.011787 0.0600648 0.227291 9.9991E-05 0.133424 0.0509816 0.00312289 0.513228
0.097154 9.9982E-05 0.424773 0.0214606 9.9982E-05 0.0617152 0.093362 0.301335
9.9982E-05 0.024566 0.319121 0.113199 9.9982E-05 0.116647 0.0396682 0.386599
0.0119561 0.00501273 0.129236 0.165052 0.0636213 0.119668 0.104264 0.401189
0.0461048 0.0678117 0.135374 9.9991E-05 0.170053 0.125147 0.0171633 0.438247
0.105311 0.00097943 0.259775 0.131041 0.117961 0.0045907 9.9991E-05 0.380241
0.10307 0.0298929 0.596883 0.0159562 0.137219 0.0760866 0.0407924 9.9991E-05
0.0494095 0.050118 0.240334 0.0290367 0.111015 0.0554673 0.0392437 0.425375
0.146514 0.0454226 0.0558087 0.0613869 0.117552 0.0396969 0.0320634 0.501556
0.0360409 9.9982E-05 0.132011 0.125642 0.0121852 9.9982E-05 0.09838 0.595541
0.0790237 0.00937168 0.36244 9.9982E-05 0.138273 0.128565 9.9982E-05 0.282127
0.0356601 0.0200119 0.231646 9.9982E-05 0.0377887 0.0727582 9.9982E-05 0.601935
0.0422837 0.0140811 0.440279 0.030104 0.0877848 0.0884196 0.0582961 0.238751
0.0538472 9.9982E-05 0.334377 0.0294689 0.158892 0.188667 9.9982E-05 0.234548
0.136663 9.9982E-05 0.405878 0.00544804 0.0637416 9.9982E-05 0.0474001 0.340669
9.994E-05 0.9993 9.994E-05 9.994E-05 9.994E-05 9.994E-05 9.994E-05 9.994E-05
9.994E-05 0.9993 9.994E-05 9.994E-05 9.994E-05 9.994E-05 9.994E-05 9.994E-05
0.0148304 0.444416 9.9982E-05 0.406741 0.00229134 0.0720733 9.9982E-05 0.059448
9.9973E-05 0.284942 9.9973E-05 0.567793 0.0580692 0.023051 9.9973E-05 0.0658452
0.0216575 9.9982E-05 0.183925 9.9982E-05 0.126016 0.0298888 0.043115 0.595198
9.9982E-05 0.0173203 9.9982E-05 0.0407657 0.351962 0.0606287 0.0438046 0.485319
9.9973E-05 0.0307638 0.561949 0.107095 0.047099 9.9973E-05 9.9973E-05 0.252793
0.107244 0.0164656 0.0146757 9.9991E-05 0.554242 0.0168998 0.00651325 0.28386
0.0198717 9.9991E-05 0.00410161 0.0562159 0.197719 0.113364 0.0419837 0.566644
0.0783431 9.9991E-05 0.100626 0.105512 0.0071412 0.00369602 0.0369727 0.667609
0.050273 0.0843456 0.126577 0.0145139 0.0307409 0.0482322 0.0646905 0.580627
9.9964E-05 9.9964E-05 0.197741 0.0296772 0.553268 9.9964E-05 9.9964E-05 0.218913
0.13776 0.0003273 0.00302649 0.0707209 0.0536142 0.0386673 0.0463497 0.649534
9.9955E-05 9.9955E-05 9.9955E-05 9.9955E-05 0.572167 9.9955E-05 0.0609784 0.366355
0.293483 9.9964E-05 9.9964E-05 0.00929119 0.673626 9.9964E-05 0.0232005 9.9964E-05
0.0598765 0.0100162 0.466419 9.9982E-05 0.220942 9.9982E-05 0.0798418 0.162705
0.337528 9.9973E-05 0.228039 9.9973E-05 0.197641 9.9973E-05 0.0936989 0.142794
0.164439 0.0106653 0.360864 0.071117 0.178337 9.9991E-05 0.0297122 0.184765
0.059375 0.00302894 0.265906 9.9982E-05 0.0115825 0.0748064 9.9982E-05 0.585101
0.00307866 0.0130031 0.228901 0.123649 0.141384 0.0582554 0.0774031 0.354326
0.18763 0.0231034 0.331665 0.192064 0.0925566 0.0161907 9.9991E-05 0.156691
0.0547009 0.0615174 0.191481 0.0614898 0.0830134 9.9991E-05 0.0858205 0.461877
0.0739545 0.0670985 0.561488 0.0492271 0.121314 9.9982E-05 9.9982E-05 0.126718
0.0424455 0.0447189 0.244201 9.9991E-05 0.0137982 0.023858 0.0563355 0.574543
0.0434658 0.019277 0.1118 0.0395738 9.9991E-05 0.0847415 0.143689 0.557353
0.113555 0.0360898 0.31138 9.9991E-05 0.169649 0.0468648 0.0827104 0.239651
0.0687941 0.0243817 0.1653 0.0264847 0.0906295 0.0167039 0.051943 0.555764
0.14228 0.0709572 0.424912 9.9982E-05 0.0428195 9.9982E-05 0.0408163 0.278015
9.9955E-05 9.9955E-05 0.0892914 9.9955E-05 0.358804 9.9955E-05 9.9955E-05 0.551405
9.9964E-05 9.9964E-05 0.12085 9.9964E-05 0.600354 0.0259859 9.9964E-05 0.25241
0.0732002 9.9955E-05 9.9955E-05 9.9955E-05 0.922709 0.00359131 9.9955E-05 9.9955E-05
0.0416163 9.9964E-05 9.9964E-05 0.00748014 0.908831 9.9964E-05 0.0416724 9.9964E-05
9.9964E-05 9.9964E-05 9.9964E-05 0.0148552 0.738205 0.0212794 9.9964E-05 0.225261
9.9973E-05 0.0100392 0.138771 9.9973E-05 0.429484 0.0517307 9.9973E-05 0.369675
0.03372 0.0799299 0.00488385 9.9982E-05 0.435738 0.0599936 9.9982E-05 0.385535
9.9973E-05 9.9973E-05 0.169999 0.0655421 0.581416 0.0548221 9.9973E-05 0.12792
9.9973E-05 0.0126513 0.17941 0.0496162 0.488931 9.9973E-05 9.9973E-05 0.269092
9.9964E-05 9.9964E-05 0.0481003 0.0665374 0.536602 9.9964E-05 9.9964E-05 0.34836
9.9973E-05 0.0491684 0.00186457 0.0520059 0.417601 9.9973E-05 9.9973E-05 0.47906
0.0321451 0.00314876 0.000422643 9.9982E-05 0.560726 0.0139028 9.9982E-05 0.389455
0.191787 9.9964E-05 0.00321763 9.9964E-05 0.713094 9.9964E-05 0.0915017 9.9964E-05
9.9973E-05 0.0532674 0.0601525 0.793066 9.9973E-05 0.0369892 9.9973E-05 0.0562247
9.9955E-05 0.15996 9.9955E-05 0.786768 9.9955E-05 9.9955E-05 9.9955E-05 0.0527718
9.9964E-05 0.133333 9.9964E-05 0.78027 9.9964E-05 0.0172552 9.9964E-05 0.0687422
9.9964E-05 0.137629 9.9964E-05 0.837276 9.9964E-05 0.00425587 9.9964E-05 0.0204388
9.9982E-05 0.0907894 9.9982E-05 0.801126 0.0138209 0.0129163 0.071463 0.00968403
9.9982E-05 0.100233 0.00585318 0.791551 0.00110333 0.10043 9.9982E-05 0.000629081
9.9964E-05 0.0655408 9.9964E-05 0.839187 9.9964E-05 0.0290188 9.9964E-05 0.0658536
9.9973E-05 9.9973E-05 0.155785 0.00333552 0.694154 9.9973E-05 0.0120106 0.134414
9.9982E-05 0.0188156 0.0607296 0.00690135 0.429124 0.0484415 9.9982E-05 0.435788
9.9991E-05 0.00758729 0.00576799 0.0587656 0.260402 0.0277663 0.0993245 0.540287
9.9964E-05 9.9964E-05 9.9964E-05 0.0492755 0.301813 9.9964E-05 0.0575712 0.59094
9.9982E-05 0.0113349 9.9982E-05 0.00267718 0.454963 0.119798 0.00505236 0.405975
9.9955E-05 9.9955E-05 0.250276 0.0423821 0.706842 9.9955E-05 9.9955E-05 9.9955E-05
0.143023 0.00620405 0.011155 0.00854341 0.464764 9.9982E-05 9.9982E-05 0.366111
9.9982E-05 0.0540429 9.9982E-05 0.0151281 0.451347 0.0532524 0.0458975 0.380132
0.0752832 0.0431788 0.0549558 9.9973E-05 0.295468 9.9973E-05 9.9973E-05 0.530814
9.9964E-05 9.9964E-05 9.9964E-05 9.9964E-05 0.634752 0.128451 0.00428249 0.232115
9.9973E-05 0.0329455 0.0834199 0.0975454 0.348017 9.9973E-05 9.9973E-05 0.437773
0.0789525 0.00966775 0.398582 0.00490788 0.0756896 0.0354875 0.177896 0.218817
0.0590244 0.026627 0.263022 0.0865062 0.101905 0.0651664 9.9991E-05 0.397649
9.9973E-05 0.03091 0.324663 0.0152191 9.9973E-05 9.9973E-05 0.0166446 0.612263
0.0458633 9.9982E-05 0.246841 0.0317914 0.0651985 0.0449465 9.9982E-05 0.56516
9.9973E-05 9.9973E-05 0.32861 0.0438592 9.9973E-05 0.0340043 0.130337 0.46289
0.0684155 0.0598231 0.132471 0.0304183 9.9982E-05 9.9982E-05 0.0767973 0.631875
9.9964E-05 0.0407256 0.374258 9.9964E-05 9.9964E-05 9.9964E-05 0.0323953 0.552221
9.9982E-05 0.0200901 0.220216 9.9982E-05 0.0259248 0.102248 0.152935 0.478386
0.0805138 0.0466181 0.146439 0.00512122 0.15168 0.105103 9.9991E-05 0.464425
0.176527 0.0373997 0.251162 0.0753468 9.9991E-05 0.0051595 0.0192435 0.435062
0.0611809 0.0434853 0.0763097 9.9991E-05 0.121415 0.0810083 0.0445332 0.571968
0.060225 0.0198524 0.108889 0.0864101 9.9991E-05 0.0159005 0.13756 0.571063
9.9991E-05 0.00961572 0.460989 0.0334529 0.0991933 0.0663231 0.042981 0.287345
0.272436 0.0424606 0.347688 9.9982E-05 9.9982E-05 0.00704374 0.137475 0.192696
0.191762 9.9982E-05 0.394153 9.9982E-05 0.181436 0.0556286 0.137802 0.0390186
0.0578576 0.0153897 0.444021 9.9982E-05 0.0423231 9.9982E-05 0.0811123 0.359096
0.113867 9.9982E-05 0.239659 0.0318629 0.103531 9.9982E-05 0.0418992 0.468981
9.9973E-05 0.0509402 0.456972 0.0154116 0.0934485 9.9973E-05 9.9973E-05 0.382928
9.9982E-05 9.9982E-05 0.44803 0.00942294 0.0745509 0.0398634 0.0841128 0.34382
0.0768045 0.0512805 0.0630205 0.017294 0.0911629 0.13046 9.9991E-05 0.569877
0.295361 9.9982E-05 0.370036 9.9982E-05 0.0461741 0.0360938 0.00901939 0.243115
0.14598 9.9982E-05 0.0676797 0.0496489 9.9982E-05 0.00472724 0.0810763 0.650688
0.399278 0.0754984 0.213674 0.0512788 0.0726236 9.9991E-05 0.162064 0.0254828
0.214081 9.9991E-05 0.0759601 0.102085 0.135673 0.0358617 0.0678941 0.368345
0.204249 0.0688883 0.0938053 0.0282222 0.0972361 0.0553347 0.0375402 0.414724
0.348424 0.0432199 0.174926 9.9982E-05 0.100925 9.9982E-05 0.0359751 0.296329
0.387339 0.0370986 0.0601 0.0431209 0.0888396 9.9991E-05 0.159469 0.223933
0.148315 9.9982E-05 0.102315 0.064901 0.162736 9.9982E-05 0.109469 0.412065
0.338692 0.0154339 0.12183 0.0354121 0.249263 0.161566 0.077703 9.9991E-05
0.289199 9.9964E-05 0.0927314 9.9964E-05 0.1808 9.9964E-05 9.9964E-05 0.43687
0.16332 0.0100443 0.134549 0.00492446 0.191942 9.9991E-05 0.0365032 0.458618
0.287329 0.0761948 0.0278795 0.212658 9.9982E-05 0.230092 9.9982E-05 0.165647
0.38131 0.0307148 9.9964E-05 0.497171 9.9964E-05 0.0904048 9.9964E-05 9.9964E-05
0.498018 0.0475959 9.9964E-05 0.305549 9.9964E-05 0.148437 9.9964E-05 9.9964E-05
0.258344 9.9973E-05 0.00969004 0.332663 9.9973E-05 0.315221 9.9973E-05 0.0837815
0.271992 9.9955E-05 9.9955E-05 9.9955E-05 0.00965478 9.9955E-05 9.9955E-05 0.717853
9.9964E-05 0.0128999 9.9964E-05 9.9964E-05 9.9964E-05 0.696043 0.0195036 0.271154
0.342269 0.0152002 9.9973E-05 9.9973E-05 0.166062 9.9973E-05 0.184166 0.292003
0.50467 9.9955E-05 9.9955E-05 9.9955E-05 9.9955E-05 9.9955E-05 0.225976 0.268854
0.200912 9.9973E-05 9.9973E-05 0.00807352 0.150423 9.9973E-05 0.0826678 0.557624
0.135208 9.9982E-05 0.0963756 0.0387894 0.0455666 9.9982E-05 0.208049 0.475812
0.248646 9.9964E-05 9.9964E-05 9.9964E-05 9.9964E-05 0.0110661 0.127682 0.612206
0.404309 0.000963293 0.0660599 9.9982E-05 0.134844 9.9982E-05 0.149529 0.244095
0.0225504 9.9964E-05 9.9964E-05 0.0367961 9.9964E-05 0.905582 9.9964E-05 0.0346712
9.9964E-05 9.9964E-05 9.9964E-05 9.9964E-05 0.0265391 0.887543 0.0320371 0.0534809
9.9955E-05 9.9955E-05 0.0144805 9.9955E-05 9.9955E-05 0.678734 9.9955E-05 0.306286
9.9973E-05 9.9973E-05 0.0363198 0.0305369 0.0576134 0.786959 9.9973E-05 0.0882705
9.994E-05 9.994E-05 9.994E-05 9.994E-05 9.994E-05 0.9993 9.994E-05 9.994E-05
0.00391282 0.00085836 9.9973E-05 9.9973E-05 0.0228564 0.942292 0.0297801 9.9973E-05
9.9946E-05 9.9946E-05 9.9946E-05 9.9946E-05 9.9946E-05 0.802 9.9946E-05 0.197401
9.9973E-05 0.00971543 0.0506504 9.9973E-05 0.0033911 0.928778 9.9973E-05 0.00716547
9.994E-05 9.994E-05 9.994E-05 9.994E-05 9.994E-05 0.9993 9.994E-05 9.994E-05
9.994E-05 9.994E-05 9.994E-05 9.994E-05 9.994E-05 0.9993 9.994E-05 9.994E-05
9.9964E-05 0.0679732 9.9964E-05 9.9964E-05 9.9964E-05 0.758306 0.0287145 0.144607
0.0123234 0.0145429 0.0784425 0.0170176 9.9991E-05 0.713142 0.00849744 0.155934
9.9955E-05 0.00208939 9.9955E-05 9.9955E-05 0.0380223 0.959389 9.9955E-05 9.9955E-05
9.9973E-05 0.00334135 9.9973E-05 0.0771331 0.0290005 0.712176 9.9973E-05 0.178049
9.9964E-05 0.00467572 0.0600794 9.9964E-05 9.9964E-05 0.856752 9.9964E-05 0.078093
9.9955E-05 0.00821393 9.9955E-05 0.0133423 9.9955E-05 0.977944 9.9955E-05 9.9955E-05
9.9982E-05 0.000932311 0.0127042 0.0364223 9.9982E-05 0.885745 0.021765 0.0422313
9.994E-05 9.994E-05 9.994E-05 9.994E-05 9.994E-05 0.9993 9.994E-05 9.994E-05
9.9991E-05 0.0085472 0.0253838 0.0736612 0.0449086 0.557735 0.0391123 0.250551
9.9982E-05 0.0282781 0.00850248 0.00405325 0.0585903 0.881165 0.0192107 9.9982E-05
0.621883 9.9964E-05 9.9964E-05 0.25958 0.0802243 0.0379131 9.9964E-05 9.9964E-05
0.234608 0.025168 0.0656879 0.0937337 0.0871262 0.0610792 9.9991E-05 0.432497
0.226036 9.9973E-05 9.9973E-05 0.205835 0.0315688 0.0741169 9.9973E-05 0.462143
0.399521 0.036333 0.0735372 0.194439 9.9982E-05 0.0748911 9.9982E-05 0.221079
0.358844 0.052473 9.9982E-05 0.201529 0.0751545 0.083351 9.9982E-05 0.228448
0.383067 9.9973E-05 9.9973E-05 0.116782 9.9973E-05 0.173983 0.0214042 0.304465
0.170649 0.061099 9.9982E-05 0.0933321 0.0878401 0.100856 9.9982E-05 0.486023
0.275829 0.0473986 9.9982E-05 0.124034 9.9982E-05 0.150437 0.0677039 0.334398
0.0577844 9.9982E-05 0.0276046 0.85653 0.0414445 9.9982E-05 0.00983292 0.00660368
9.9964E-05 0.060896 9.9964E-05 0.863422 9.9964E-05 0.0202756 0.0550071 9.9964E-05
0.0367444 0.046597 0.0020143 0.914244 9.9964E-05 9.9964E-05 9.9964E-05 9.9964E-05
9.9964E-05 0.0394447 0.0346544 0.911471 9.9964E-05 9.9964E-05 9.9964E-05 0.0140301
9.9964E-05 0.148109 0.0126169 0.784165 9.9964E-05 9.9964E-05 9.9964E-05 0.0547086
0.00744741 0.0343925 9.9964E-05 0.858218 9.9964E-05 0.0995424 9.9964E-05 9.9964E-05
9.9964E-05 0.0191022 9.9964E-05 0.851382 9.9964E-05 0.0642781 9.9964E-05 0.0648381
0.0470443 0.0194825 0.0557357 0.844511 9.9982E-05 9.9982E-05 0.0157796 0.0172471
9.9982E-05 0.0213209 9.9982E-05 0.880765 0.0110186 0.0199092 0.00775846 0.0590283
0.0497815 0.0122151 0.0128722 0.82809 9.9982E-05 0.0934314 9.9982E-05 0.00340938
9.9982E-05 0.0259264 0.282982 0.571767 0.0610413 0.0173188 0.0407646 9.9982E-05
9.9964E-05 0.0014858 0.297849 0.624944 0.0753206 9.9964E-05 9.9964E-05 9.9964E-05
0.124804 0.0362934 0.299266 0.453745 0.0370937 9.9982E-05 0.0485977 9.9982E-05
9.9964E-05 9.9964E-05 0.408681 0.49057 0.0629887 9.9964E-05 0.0373606 9.9964E-05
9.9982E-05 9.9982E-05 0.0976073 0.0743392 0.234167 0.0260419 0.024416 0.543228
0.0213203 9.9982E-05 0.153654 0.0647844 0.159721 0.0390401 9.9982E-05 0.56128
0.0326948 0.0478536 0.265826 9.9991E-05 0.175973 0.0172169 0.104188 0.356148
9.9964E-05 9.9964E-05 0.611856 9.9964E-05 0.0695054 9.9964E-05 0.0768928 0.241346
9.9982E-05 0.0342862 9.9982E-05 0.138343 0.142754 0.00638072 0.106459 0.571577
9.9982E-05 0.0185311 0.04599 9.9982E-05 0.270627 0.0140763 0.0169634 0.633612
0.0531089 9.9982E-05 0.0895791 9.9982E-05 0.266933 0.0137573 0.0183757 0.558046
9.9973E-05 9.9973E-05 0.0185764 9.9973E-05 0.591432 0.0548036 0.0213008 0.313587
0.0182048 9.9964E-05 0.175079 9.9964E-05 0.295761 9.9964E-05 9.9964E-05 0.510555
0.0839867 9.9964E-05 0.057568 9.9964E-05 0.700188 9.9964E-05 0.157857 9.9964E-05
0.119525 9.9973E-05 9.9973E-05 0.00642432 0.469852 9.9973E-05 0.139961 0.263937
9.9991E-05 0.0177112 0.0301541 0.00973026 0.285053 0.0339287 0.11793 0.505392
9.9964E-05 9.9964E-05 0.221929 0.0376415 0.597191 9.9964E-05 9.9964E-05 0.142839
0.111846 9.9964E-05 0.774965 0.11188 0.000908786 9.9964E-05 9.9964E-05 9.9964E-05
0.0304866 9.9964E-05 0.796079 0.117672 9.9964E-05 9.9964E-05 9.9964E-05 0.0553625
9.9946E-05 9.9946E-05 0.969225 9.9946E-05 9.9946E-05 9.9946E-05 0.0301756 9.9946E-05
9.9964E-05 9.9964E-05 0.851141 0.0863864 0.0495681 9.9964E-05 0.0125051 9.9964E-05
0.100138 0.00556974 0.819792 9.9973E-05 9.9973E-05 0.0432655 9.9973E-05 0.0309352
0.0108125 9.9973E-05 0.768812 0.0755064 9.9973E-05 0.0474661 9.9973E-05 0.0971032
9.9982E-05 0.0568986 9.9982E-05 0.818158 0.0588394 0.0234102 0.00360573 0.0388883
9.9955E-05 9.9955E-05 0.0347945 0.820826 9.9955E-05 9.9955E-05 9.9955E-05 0.14388
9.9964E-05 0.0359423 9.9964E-05 0.758909 9.9964E-05 0.0414964 9.9964E-05 0.163252
9.9973E-05 0.0420161 0.0970692 0.723748 9.9973E-05 0.0824099 9.9973E-05 0.0544569
0.0117047 9.9982E-05 0.0482555 0.746722 0.00202053 0.115003 9.9982E-05 0.0760942
0.0504282 0.0211769 0.510739 0.394542 0.0228144 9.9973E-05 9.9973E-05 9.9973E-05
0.018346 0.00192448 0.363037 0.475871 0.0475904 9.9982E-05 0.0930309 9.9982E-05
9.9973E-05 0.052583 0.409836 0.421467 0.0464747 9.9973E-05 0.0693392 9.9973E-05
9.994E-05 0.9993 9.994E-05 9.994E-05 9.994E-05 9.994E-05 9.994E-05 9.994E-05
0.00308078 0.102018 0.425353 0.314472 0.154547 9.9982E-05 0.000330259 9.9982E-05
0.252293 0.0155833 0.00230054 0.110987 9.9982E-05 0.39753 9.9982E-05 0.221106
9.9964E-05 0.0617945 9.9964E-05 0.141618 9.9964E-05 0.247877 9.9964E-05 0.548311
0.202636 9.9973E-05 0.00376843 0.202512 9.9973E-05 0.281614 9.9973E-05 0.30917
0.338501 9.9955E-05 9.9955E-05 0.323937 9.9955E-05 0.337062 9.9955E-05 9.9955E-05
0.0686787 9.9982E-05 0.299864 0.0484548 0.0478059 9.9982E-05 0.00495142 0.530045
0.145204 9.9982E-05 0.193983 9.9982E-05 0.0694433 0.0454793 0.231035 0.314655
9.9973E-05 0.0155324 0.502397 0.0213301 9.9973E-05 9.9973E-05 0.0612897 0.399151
0.0907591 9.9982E-05 0.146192 9.9982E-05 0.0714303 0.00120654 0.182103 0.508109
0.312672 9.9964E-05 0.217984 9.9964E-05 0.180327 9.9964E-05 0.288616 9.9964E-05
0.0516084 0.00880186 0.174684 0.0113392 9.9991E-05 0.0526407 0.209646 0.49118
0.0779902 0.0693968 0.40701 9.9982E-05 0.0544242 9.9982E-05 0.0084902 0.382489
0.339512 9.9973E-05 0.268842 9.9973E-05 0.160455 9.9973E-05 0.0627443 0.168148
0.164073 0.00190525 0.139506 9.9991E-05 0.0794481 0.0990019 0.0985947 0.417371
0.0143523 0.0411711 0.371789 9.9982E-05 0.0190571 0.0867026 9.9982E-05 0.466728
0.100553 9.9982E-05 0.109597 0.105912 0.107587 0.192152 9.9982E-05 0.383999
0.0747822 9.9982E-05 0.272307 9.9982E-05 0.0774101 0.053085 0.179803 0.342413
0.0582407 9.9991E-05 0.297035 0.0181494 0.121781 0.0224899 0.0254065 0.456798
0.0509961 0.00809749 0.107994 0.0295206 0.062136 0.0767415 0.125321 0.539192
0.0894385 0.0133563 0.102197 0.00542942 0.118098 9.9991E-05 0.0828412 0.588539
0.00838474 0.0648925 0.080192 0.0176661 0.128574 0.0992552 9.9991E-05 0.600935
9.9964E-05 0.00334995 9.9964E-05 0.806605 9.9964E-05 0.0445829 9.9964E-05 0.145062
9.9955E-05 9.9955E-05 9.9955E-05 0.852572 9.9955E-05 9.9955E-05 0.00434016 0.142588
9.9982E-05 9.9982E-05 0.0113452 0.829518 0.0425475 0.00954632 0.0471637 0.0596796
9.9982E-05 0.0237901 9.9982E-05 0.769717 0.125056 0.0312734 0.0282422 0.0217215
9.9973E-05 0.0565927 9.9973E-05 0.760376 9.9973E-05 0.0127016 0.0216517 0.148378
0.078793 9.9991E-05 0.532548 0.0147067 0.0269267 0.00883944 0.00933011 0.328756
0.048762 0.0616867 0.0573952 9.9991E-05 0.111724 0.0163761 0.0677161 0.636239
9.9982E-05 0.0128402 0.311759 0.0857184 0.0950553 0.00975149 9.9982E-05 0.484676
0.201036 0.0193698 0.378536 9.9982E-05 9.9982E-05 0.0481741 0.145089 0.207595
0.119796 0.0180096 0.660594 0.0762215 0.0251736 9.9982E-05 9.9982E-05 0.100005
9.9982E-05 0.0569872 0.317897 0.00102627 0.0377418 9.9982E-05 0.054822 0.531326
9.9991E-05 0.0312206 0.439142 0.083407 0.0238135 0.00955607 0.173189 0.239572
0.0889216 0.0534664 0.232046 9.9991E-05 0.148683 0.0482876 0.0661104 0.362385
0.0362136 0.0307323 0.52269 0.0849736 9.9991E-05 0.0354949 0.101808 0.187988
0.124294 9.9982E-05 0.487308 0.0753717 0.0616869 9.9982E-05 0.00534563 0.245793
0.169594 0.0447551 0.225188 9.9982E-05 9.9982E-05 0.0489131 0.107229 0.40412
0.468158 9.9973E-05 0.0647532 9.9973E-05 0.0288907 9.9973E-05 0.107097 0.330801
0.253282 9.9973E-05 0.0196491 0.0862458 0.0685485 9.9973E-05 9.9973E-05 0.571975
0.427379 9.9973E-05 0.0480931 9.9973E-05 0.0532286 9.9973E-05 0.104196 0.366803
0.181258 9.9982E-05 0.00158911 0.0725865 0.103662 9.9982E-05 0.152774 0.48793
0.50532 9.9973E-05 0.0742129 9.9973E-05 0.124433 9.9973E-05 0.122064 0.173671
0.514479 9.9964E-05 9.9964E-05 9.9964E-05 0.134314 9.9964E-05 0.075817 0.27499
0.256901 9.9982E-05 0.0928302 0.00665165 0.033669 9.9982E-05 0.112413 0.497336
0.356541 9.9973E-05 0.0861826 9.9973E-05 0.186631 9.9973E-05 0.184174 0.186172
0.237889 9.9964E-05 0.166738 9.9964E-05 0.0652474 9.9964E-05 9.9964E-05 0.529726
0.0639034 9.9982E-05 0.538133 0.0668209 0.168769 9.9982E-05 0.0120964 0.150078
0.116823 9.9982E-05 0.366426 9.9982E-05 0.0698755 0.0315058 0.217863 0.197306
0.0552377 0.0204129 0.315171 0.00793737 0.136127 0.0851542 0.0131405 0.36682
0.101749 0.0664638 0.103461 9.9973E-05 0.118386 9.9973E-05 9.9973E-05 0.60964
0.0503749 9.9964E-05 0.48349 9.9964E-05 0.192958 9.9964E-05 9.9964E-05 0.272778
0.0128494 0.0759046 0.165173 0.001524 0.0941156 0.0454289 0.0370071 0.567997
9.9982E-05 0.0224056 0.311651 0.0171254 0.191685 0.073739 9.9982E-05 0.383193
9.9973E-05 0.0053425 0.504032 9.9973E-05 0.049354 0.146396 9.9973E-05 0.294576
0.00358326 9.9982E-05 0.401452 9.9982E-05 0.161035 0.0606048 0.0155421 0.357583
9.9982E-05 9.9982E-05 0.210125 0.0268809 0.0467412 0.00865753 0.109901 0.597495
0.134773 0.0825214 0.181551 0.0154339 9.9982E-05 9.9982E-05 0.116728 0.468793
0.0348661 9.9973E-05 0.219248 9.9973E-05 9.9973E-05 0.128981 0.155178 0.461427
0.125134 0.0621528 0.357512 0.0385792 9.9982E-05 0.0113233 9.9982E-05 0.405098
0.0241933 0.0264708 0.200457 0.0487321 0.0342661 0.104807 0.0199641 0.54111
0.0836135 0.034776 9.9982E-05 0.281915 0.0245715 0.118761 9.9982E-05 0.456163
0.158324 0.0450925 9.9991E-05 0.0736751 0.0515957 0.174904 0.0326072 0.463701
0.0427728 0.0655667 0.0608016 0.0227794 0.0181887 0.164552 0.0828607 0.542478
0.00660947 0.0558741 9.9991E-05 0.120072 0.0484703 0.188542 0.0744267 0.505905
0.0472427 9.9982E-05 0.20198 9.9982E-05 0.0261087 0.0227239 0.173507 0.528237
0.487526 9.9973E-05 9.9973E-05 0.156657 0.135285 0.128113 9.9973E-05 0.0921194
0.162802 0.051055 0.0578122 0.0171368 9.9982E-05 0.157817 9.9982E-05 0.553177
9.9982E-05 9.9982E-05 0.0532998 0.140949 0.0313781 0.186624 0.0902722 0.497277
0.218115 0.0508272 0.0866532 0.0948252 0.0785832 0.166029 0.0280399 0.276927
0.0349862 0.0701796 9.9982E-05 0.108124 9.9982E-05 0.19036 0.0838227 0.512328
0.433718 0.064725 9.9964E-05 0.329325 9.9964E-05 0.171832 9.9964E-05 9.9964E-05
0.13627 9.9973E-05 0.00966348 0.146625 9.9973E-05 0.236303 9.9973E-05 0.470838
0.0176937 9.9982E-05 0.0407316 0.208367 9.9982E-05 0.0811703 0.105864 0.545974
9.9982E-05 0.00322155 0.0655423 9.9982E-05 0.0439518 0.174664 0.375518 0.336902
9.9955E-05 9.9955E-05 0.118488 9.9955E-05 0.0446985 9.9955E-05 0.836313 9.9955E-05
9.9964E-05 9.9964E-05 0.101995 0.0394966 0.0418961 9.9964E-05 0.816212 9.9964E-05
0.0789207 9.9982E-05 0.0310589 0.134287 9.9982E-05 0.309537 0.0890666 0.35693
0.0168215 0.0194384 9.9982E-05 0.0803315 9.9982E-05 0.380843 0.233209 0.269157
0.153784 0.064671 9.9991E-05 0.170935 0.00220892 0.277073 0.199126 0.132103
0.0284817 0.0866345 9.9982E-05 0.121856 9.9982E-05 0.265209 0.207011 0.290607
0.144225 9.9964E-05 9.9964E-05 0.109973 9.9964E-05 0.0717019 0.6737 9.9964E-05
0.0442961 0.0731948 9.9991E-05 0.0411398 0.0513564 0.110927 0.66807 0.0109158
9.9964E-05 0.0180984 9.9964E-05 9.9964E-05 9.9964E-05 0.161914 0.332501 0.487087
9.9964E-05 9.9964E-05 9.9964E-05 0.0877547 9.9964E-05 0.0744952 0.364811 0.472539
9.9964E-05 0.0532347 9.9964E-05 9.9964E-05 9.9964E-05 0.133369 0.71294 0.100057
0.0183774 0.0358451 9.9982E-05 0.0873823 9.9982E-05 0.098229 0.276655 0.483311
9.9964E-05 9.9964E-05 9.9964E-05 0.0670636 9.9964E-05 0.110196 0.410183 0.412157
9.9964E-05 0.0396791 0.0692532 9.9964E-05 9.9964E-05 9.9964E-05 0.549171 0.341497
9.9991E-05 0.00715184 0.0796237 0.000652818 0.0475526 0.0595237 0.472341 0.333055
0.126192 0.023332 0.138498 9.9982E-05 9.9982E-05 0.0401473 0.341564 0.330066
0.0369563 0.0222622 9.9973E-05 0.0282142 9.9973E-05 9.9973E-05 0.533374 0.378893
9.9955E-05 9.9955E-05 0.0520449 9.9955E-05 9.9955E-05 9.9955E-05 0.743128 0.204328
9.9973E-05 9.9973E-05 9.9973E-05 0.032692 0.148165 0.0954905 0.268603 0.45475
9.9973E-05 9.9973E-05 0.0719546 0.00100944 9.9973E-05 0.0417348 0.71425 0.170751
9.9991E-05 0.0299579 0.0162118 0.0396492 0.00184514 0.00776098 0.544093 0.360382
0.184714 0.0176202 0.060326 0.135901 9.9991E-05 0.230178 0.0228979 0.348262
0.170852 0.060387 0.113537 0.0968435 9.9991E-05 0.198884 0.0423028 0.317094
0.114019 0.0492953 9.9973E-05 0.165616 9.9973E-05 0.092541 0.578228 9.9973E-05
0.00182926 0.0414481 0.000638591 0.0596032 9.9991E-05 0.193347 0.155889 0.547145
0.242852 0.0262276 9.9973E-05 0.301879 9.9973E-05 0.120585 0.308157 9.9973E-05
9.9973E-05 9.9973E-05 0.000149472 0.0632898 9.9973E-05 0.230696 0.340458 0.365108
9.9946E-05 9.9946E-05 9.9946E-05 9.9946E-05 0.0744973 9.9946E-05 0.924903 9.9946E-05
0.0249538 0.0136366 9.9964E-05 9.9964E-05 0.0316751 9.9964E-05 0.929335 9.9964E-05
9.9955E-05 0.0393711 9.9955E-05 9.9955E-05 9.9955E-05 9.9955E-05 0.567445 0.392684
9.9973E-05 0.0408987 9.9973E-05 0.029613 9.9973E-05 0.0482424 0.323553 0.557393
9.9955E-05 9.9955E-05 9.9955E-05 9.9955E-05 0.0567817 9.9955E-05 0.594071 0.348647
9.9946E-05 9.9946E-05 9.9946E-05 9.9946E-05 9.9946E-05 9.9946E-05 0.490026 0.509374
9.9964E-05 9.9964E-05 9.9964E-05 9.9964E-05 0.00638013 0.0676865 0.509309 0.416224
0.0268815 0.0833861 0.00254811 0.708385 0.00245009 0.0351524 0.0579843 0.0832127
0.0147176 0.0373304 0.169818 0.636986 9.9973E-05 0.140847 9.9973E-05 9.9973E-05
9.9964E-05 0.0613239 0.033717 0.807977 9.9964E-05 0.0965822 9.9964E-05 9.9964E-05
9.9964E-05 0.123961 9.9964E-05 0.820305 9.9964E-05 9.9964E-05 0.0421025 0.0132316
0.0694727 0.0679584 0.00898626 9.9991E-05 0.29387 0.0015632 0.0905592 0.46749
9.9973E-05 0.0978581 0.0107031 9.9973E-05 0.378537 9.9973E-05 0.0525449 0.460056
0.00625623 9.9982E-05 0.146941 0.0457013 0.458331 0.019072 9.9982E-05 0.323498
9.9982E-05 0.00970835 9.9982E-05 0.0331406 0.251965 0.0688749 0.0314146 0.604697
0.0646282 0.0564038 9.9973E-05 9.9973E-05 0.486147 9.9973E-05 0.112352 0.280169
0.038285 0.0679124 9.9973E-05 0.221356 9.9973E-05 0.0861217 9.9973E-05 0.586025
9.9982E-05 0.0124989 0.0214366 9.9982E-05 0.431545 0.0636112 0.0916066 0.379102
9.9964E-05 0.0343339 0.113663 9.9964E-05 0.481461 9.9964E-05 9.9964E-05 0.370142
9.9964E-05 9.9964E-05 0.123713 9.9964E-05 0.300312 9.9964E-05 0.076708 0.498866
9.9991E-05 0.00126657 0.111564 0.0412463 0.428606 0.00711293 0.0226947 0.38741
9.9973E-05 9.9973E-05 9.9973E-05 0.0256124 0.378855 0.0281113 0.153892 0.41323
9.9964E-05 0.0207856 9.9964E-05 9.9964E-05 0.894588 9.9964E-05 0.045773 0.038454
0.0231645 0.0104428 0.00188587 0.0183567 0.565391 9.9991E-05 0.0512643 0.329395
9.9973E-05 0.048026 0.0644558 9.9973E-05 0.601967 0.0105701 9.9973E-05 0.274681
0.138843 9.9946E-05 9.9946E-05 9.9946E-05 0.860557 9.9946E-05 9.9946E-05 9.9946E-05
9.9991E-05 0.0362976 0.0913424 0.0262571 0.269181 0.0112116 0.167019 0.398592
0.156492 0.0322338 9.9973E-05 9.9973E-05 0.563507 9.9973E-05 0.146413 0.101055
0.204548 9.9955E-05 9.9955E-05 9.9955E-05 0.726197 9.9955E-05 0.0687548 9.9955E-05
0.0727466 0.0056728 9.9973E-05 9.9973E-05 0.29746 0.0878223 9.9973E-05 0.535998
9.9982E-05 9.9982E-05 0.130235 0.0123887 0.511361 0.0383691 0.0358103 0.271636
9.9973E-05 9.9973E-05 0.114323 0.0396739 0.350759 0.0355647 9.9973E-05 0.45938
0.000789559 9.9973E-05 0.0650976 9.9973E-05 0.36722 0.0532155 9.9973E-05 0.513378
0.199243 9.9982E-05 0.255169 9.9982E-05 0.0812715 0.0318261 0.0544758 0.377814
9.9991E-05 0.0122183 0.0467134 0.00723368 0.3661 0.0303089 0.0636294 0.473696
9.9982E-05 0.0365258 0.0374462 0.00358644 0.394054 0.0390179 9.9982E-05 0.48917
0.0024587 9.9973E-05 0.0292021 9.9973E-05 0.611366 0.0259375 9.9973E-05 0.330736
0.0101729 0.0562327 0.316462 0.601669 0.000901253 9.9982E-05 0.0143625 9.9982E-05
0.037426 0.0720684 0.148252 0.664026 0.0779269 9.9973E-05 9.9973E-05 9.9973E-05
0.0405509 0.135426 0.149495 0.674128 9.9964E-05 9.9964E-05 9.9964E-05 9.9964E-05
9.9973E-05 0.118586 0.108826 0.706959 0.010617 9.9973E-05 0.054712 9.9973E-05
9.9973E-05 0.0490763 0.170021 0.70355 9.9973E-05 9.9973E-05 0.0104371 0.066616
9.9973E-05 9.9973E-05 0.142754 0.0472627 0.641435 0.0158318 9.9973E-05 0.152416
0.0297577 9.9973E-05 0.116854 0.069798 0.577333 9.9973E-05 9.9973E-05 0.205958
0.0209677 9.9964E-05 9.9964E-05 9.9964E-05 0.719252 9.9964E-05 0.0507797 0.2086
0.0409364 9.9982E-05 0.0120202 9.9982E-05 0.578899 0.0933636 0.0446836 0.229898
0.021739 0.0385774 9.9973E-05 0.0282596 0.272601 9.9973E-05 9.9973E-05 0.638523
0.061328 0.0134205 9.9982E-05 0.0369455 0.507717 0.0207404 9.9982E-05 0.359649
0.081955 9.9964E-05 9.9964E-05 0.0565588 0.282659 9.9964E-05 9.9964E-05 0.578427
9.9964E-05 9.9964E-05 0.1648 9.9964E-05 0.566037 0.0430816 9.9964E-05 0.225681
9.9955E-05 9.9955E-05 0.053868 9.9955E-05 0.584036 9.9955E-05 9.9955E-05 0.361596
9.9955E-05 9.9955E-05 0.145672 9.9955E-05 0.481572 9.9955E-05 9.9955E-05 0.372256
0.210621 0.033328 0.0149534 0.114329 9.9973E-05 9.9973E-05 9.9973E-05 0.626469
9.9973E-05 0.0456164 0.0445735 0.0109548 0.466797 9.9973E-05 9.9973E-05 0.431759
0.032283 0.00390986 0.0717397 0.0646776 0.293651 0.0529697 9.9991E-05 0.48067
0.0626633 0.0160456 9.9973E-05 9.9973E-05 0.0329673 0.408211 9.9973E-05 0.479813
0.0312768 0.0962135 9.9982E-05 0.0757277 9.9982E-05 0.428932 0.0495855 0.318065
0.131462 9.9973E-05 9.9973E-05 0.0338681 0.339487 0.0360433 9.9973E-05 0.45884
0.065877 0.0306006 9.9973E-05 0.22694 9.9973E-05 0.577583 9.9973E-05 0.0986999
9.9973E-05 0.0454029 9.9973E-05 0.145071 9.9973E-05 0.467668 0.0139138 0.327644
0.131412 0.0533667 9.9982E-05 0.108241 0.192358 0.184135 9.9982E-05 0.330288
0.246065 0.0252545 0.00582277 0.107591 9.9973E-05 9.9973E-05 9.9973E-05 0.614967
0.276186 9.9964E-05 0.0856861 0.0824286 9.9964E-05 9.9964E-05 9.9964E-05 0.5553
0.0274546 0.0510383 9.9982E-05 0.158433 9.9982E-05 0.350185 0.0159658 0.396724
0.0185246 9.9964E-05 9.9964E-05 0.133382 9.9964E-05 0.40992 9.9964E-05 0.437773
9.9982E-05 0.043956 9.9982E-05 0.158958 0.110709 0.47251 0.00160121 0.212065
0.0374106 0.00415549 9.9982E-05 0.157443 9.9982E-05 0.503573 0.0302051 0.267013
0.309975 0.0399661 9.9973E-05 0.0467754 0.109779 9.9973E-05 9.9973E-05 0.493205
0.0557186 0.0054033 9.9982E-05 0.147184 0.0159288 0.581182 9.9982E-05 0.194383
0.325572 9.9973E-05 0.25749 0.0801775 0.0391516 9.9973E-05 9.9973E-05 0.297308
0.208461 0.0203406 0.0715161 9.9973E-05 9.9973E-05 0.0426215 9.9973E-05 0.656761
0.135465 0.0415479 0.0554987 0.0703374 9.9982E-05 0.0557159 9.9982E-05 0.641235
0.19764 0.028253 9.9973E-05 0.114021 0.12515 9.9973E-05 9.9973E-05 0.534636
0.115533 0.000633879 0.0513595 0.152725 0.0155683 0.238914 9.9991E-05 0.425166
9.9982E-05 9.9982E-05 0.0250636 0.256697 0.0559939 0.234525 0.0538031 0.373717
0.053786 0.00331154 9.9973E-05 0.174164 9.9973E-05 0.566438 9.9973E-05 0.202
0.232192 0.0192018 0.121688 0.0917507 0.00530545 9.9982E-05 9.9982E-05 0.529661
0.536102 0.0516842 0.02148 0.0355607 0.0304819 0.0274163 0.0410896 0.256185
0.140624 0.0398836 0.18665 0.0914671 9.9991E-05 0.0100931 0.0493833 0.481799
0.139287 0.0184422 9.9982E-05 0.207516 0.0548962 0.10868 9.9982E-05 0.470978
0.613424 9.9955E-05 9.9955E-05 0.242542 9.9955E-05 0.143534 9.9955E-05 9.9955E-05
0.719206 0.077692 9.9964E-05 0.116267 9.9964E-05 0.0864353 9.9964E-05 9.9964E-05
0.361615 0.0500826 0.030175 0.0846995 0.0183911 0.0780403 0.0419034 0.335093
0.517459 0.0319282 9.9973E-05 0.183398 9.9973E-05 0.147481 9.9973E-05 0.119434
0.51085 0.0108438 9.9964E-05 0.272014 9.9964E-05 0.205892 9.9964E-05 9.9964E-05
0.214952 0.0432375 0.0228297 0.155891 9.9991E-05 0.0873662 0.121242 0.354382
0.175992 0.0190784 0.0504643 0.219777 9.9991E-05 0.137925 0.068205 0.328458
0.325689 0.00193901 0.0387085 0.2028 9.9982E-05 0.157969 9.9982E-05 0.272695
0.536725 0.0492465 9.9973E-05 0.145451 9.9973E-05 0.0956333 9.9973E-05 0.172645
0.240176 0.0751577 9.9982E-05 0.0525068 9.9982E-05 0.107883 0.0410956 0.482981
0.51869 0.104812 0.0129299 0.0589301 0.0408171 0.110585 0.0341251 0.119111
0.665436 0.0488464 9.9955E-05 0.285218 9.9955E-05 9.9955E-05 9.9955E-05 9.9955E-05
0.178253 9.9982E-05 0.0816877 0.160864 9.9982E-05 0.21302 0.0131584 0.352818
9.9982E-05 0.0557571 0.0109564 0.307688 0.063026 0.223517 9.9982E-05 0.338855
0.00282568 9.9964E-05 9.9964E-05 0.213438 9.9964E-05 0.199382 9.9964E-05 0.583954
0.0459856 9.9982E-05 9.9982E-05 0.221699 0.0388343 0.188359 0.110577 0.394344
0.0215362 0.0373822 9.9973E-05 0.398657 9.9973E-05 0.113819 9.9973E-05 0.428305
0.0273568 0.0076992 9.9982E-05 0.224935 9.9982E-05 0.149629 0.00322416 0.586956
0.0156515 0.040008 0.00917948 0.164264 0.0320437 0.226743 9.9991E-05 0.51201
0.00591935 0.0748014 0.00839674 0.229474 0.0552381 0.261229 0.0364022 0.32854
0.0879277 0.00309995 0.165212 0.173316 0.13918 0.206596 9.9991E-05 0.224569
0.100495 9.9964E-05 9.9964E-05 0.311872 9.9964E-05 0.130482 9.9964E-05 0.456751
0.329653 0.0041944 9.9973E-05 0.258034 9.9973E-05 0.218453 9.9973E-05 0.189365
0.194505 0.00278748 9.9973E-05 0.238831 9.9973E-05 0.361333 9.9973E-05 0.202244
0.0183819 0.0417363 0.12173 0.790146 0.0277052 9.9973E-05 9.9973E-05 9.9973E-05
9.9982E-05 9.9982E-05 0.770714 0.0843808 0.0617876 0.0376935 0.0107755 0.0344483
9.9964E-05 9.9964E-05 0.916985 0.0458848 0.032017 0.0047134 9.9964E-05 9.9964E-05
9.9955E-05 0.0523818 0.944637 0.00248121 9.9955E-05 9.9955E-05 9.9955E-05 9.9955E-05
9.9964E-05 9.9964E-05 0.941211 9.9964E-05 9.9964E-05 0.0179119 0.000239065 0.0402384
9.9973E-05 0.0291876 0.864064 0.0123186 9.9973E-05 0.0404092 9.9973E-05 0.0537203
0.0521986 0.0314781 0.860627 9.9973E-05 9.9973E-05 0.00164891 9.9973E-05 0.0537473
9.9955E-05 0.0513652 0.881892 9.9955E-05 0.0662433 9.9955E-05 9.9955E-05 9.9955E-05
9.9964E-05 0.0282219 0.753039 0.208855 9.9964E-05 0.0094851 9.9964E-05 9.9964E-05
0.0172449 0.051449 0.0266708 0.820823 9.9982E-05 0.0112796 9.9982E-05 0.0723333
9.9973E-05 0.0475202 0.0973278 0.737446 9.9973E-05 9.9973E-05 0.0138508 0.103556
0.0336106 0.0956255 9.9982E-05 0.778422 0.0241932 0.0667253 9.9982E-05 0.00122349
0.0261077 0.0321902 0.0976661 0.775459 9.9982E-05 0.00283587 9.9982E-05 0.0655413
9.9964E-05 9.9964E-05 9.9964E-05 0.88859 0.0471774 0.0428945 9.9964E-05 0.0209382
0.027516 0.0167948 0.0455902 0.869799 9.9982E-05 0.0126416 9.9982E-05 0.0274586
0.0400193 0.0337764 0.0484265 0.654032 9.9982E-05 0.155236 9.9982E-05 0.0683098
9.9982E-05 0.0521428 9.9982E-05 0.802217 0.00342695 0.04384 0.00272993 0.0954437
0.0234654 0.0387688 0.152732 0.655537 9.9982E-05 0.0920621 0.0372345 9.9982E-05
9.9964E-05 0.0230453 9.9964E-05 0.85337 9.9964E-05 0.0808617 0.0423227 9.9964E-05
9.9955E-05 0.0861276 9.9955E-05 0.861551 9.9955E-05 9.9955E-05 0.0518213 9.9955E-05
9.9982E-05 0.0538852 0.0832324 0.780621 9.9982E-05 0.0679207 0.0134543 0.000686359
0.00918253 0.0244034 0.0116402 0.927386 9.9973E-05 0.0270884 9.9973E-05 9.9973E-05
0.00292405 0.0637563 9.9973E-05 0.855092 9.9973E-05 0.0299468 9.9973E-05 0.0479809
9.9973E-05 0.0948116 0.051135 0.748822 9.9973E-05 0.0804778 9.9973E-05 0.0244533
9.99682E-05 0.075346 9.99682E-05 0.785443 9.99682E-05 0.0641486 9.99682E-05 0.0746623
0.0038604 0.0223368 9.9973E-05 0.751782 9.9973E-05 0.110615 9.9973E-05 0.111105
9.9964E-05 0.0638542 9.9964E-05 0.729 9.9964E-05 0.0549097 9.9964E-05 0.151837
9.9964E-05 0.0751285 9.9964E-05 0.743346 9.9964E-05 0.0942602 9.9964E-05 0.086865
0.381518 9.9973E-05 0.0184006 0.105369 0.0982213 9.9973E-05 9.9973E-05 0.396191
0.132985 0.021135 0.0147805 0.0521189 0.0686667 9.9982E-05 9.9982E-05 0.710114
0.601339 9.9964E-05 9.9964E-05 9.9964E-05 0.107756 9.9964E-05 0.0482859 0.242219
0.182349 9.9982E-05 0.120034 0.0429573 9.9982E-05 0.0403934 0.018809 0.595258
0.758572 9.9946E-05 9.9946E-05 9.9946E-05 9.9946E-05 9.9946E-05 9.9946E-05 0.240828
0.185116 9.9964E-05 9.9964E-05 0.114377 0.0494352 9.9964E-05 9.9964E-05 0.650672
0.235209 9.9964E-05 0.170649 0.0726677 9.9964E-05 9.9964E-05 9.9964E-05 0.521074
0.2326 9.9973E-05 0.0179263 0.0975042 0.049349 9.9973E-05 9.9973E-05 0.602321
9.9964E-05 9.9964E-05 0.0331969 0.100827 0.266036 9.9964E-05 9.9964E-05 0.599541
0.329962 0.0246548 0.0787493 0.000293365 0.0683273 9.9982E-05 9.9982E-05 0.497813
0.178857 0.0361088 0.0915248 0.0267134 0.0146026 9.9982E-05 9.9982E-05 0.651993
0.139905 9.9973E-05 0.440412 9.9973E-05 0.194959 0.0770797 0.147344 9.9973E-05
0.618459 9.9964E-05 0.121428 9.9964E-05 0.0828074 9.9964E-05 0.176905 9.9964E-05
0.674565 9.9955E-05 0.0320059 9.9955E-05 9.9955E-05 9.9955E-05 9.9955E-05 0.292929
0.340416 0.0285952 9.9982E-05 0.0228109 0.0503571 0.014037 9.9982E-05 0.543584
0.279143 0.0153184 9.9964E-05 0.088315 9.9964E-05 9.9964E-05 9.9964E-05 0.616824
0.16088 0.00551501 9.9973E-05 0.184819 9.9973E-05 0.131105 9.9973E-05 0.517381
9.9973E-05 0.0984073 9.9973E-05 0.12553 9.9973E-05 0.14364 0.063071 0.569051
0.141106 9.9991E-05 0.0664444 0.400329 0.0466158 0.12296 0.0630696 0.159376
0.0722958 0.0327349 0.0975714 0.150447 0.0708172 0.170256 9.9991E-05 0.405778
0.515223 0.00968537 9.9964E-05 0.261109 9.9964E-05 0.213582 9.9964E-05 9.9964E-05
0.19723 9.9982E-05 9.9982E-05 0.228656 0.0795807 0.222827 0.0101059 0.2614
0.00877606 0.019842 0.144966 0.297585 0.0782919 0.153584 9.9991E-05 0.296855
0.0148307 0.0836714 0.131452 0.244306 9.9982E-05 0.0437087 9.9982E-05 0.481831
0.12563 0.0474656 9.9982E-05 0.14667 0.0484195 0.141255 9.9982E-05 0.490359
0.133047 0.0335039 0.0951264 0.0703008 0.161473 0.218352 9.9991E-05 0.288097
0.073275 0.0624122 9.9973E-05 0.390352 9.9973E-05 0.0740288 9.9973E-05 0.399632
