0.037891 0.0154519 0.87805 9.9973E-05 9.9973E-05 9.9973E-05 0.0683071
9.9964E-05 9.9964E-05 0.902204 9.9964E-05 9.9964E-05 0.0377164 0.0596797
0.0294827 0.105244 0.76704 9.9982E-05 0.0370962 9.9982E-05 0.0609376
0.0964327 0.0901838 0.732239 9.9973E-05 9.9973E-05 9.9973E-05 0.0808446
0.0221194 0.0154805 0.86858 9.9973E-05 0.0935207 9.9973E-05 9.9973E-05
0.0546989 0.0573499 0.562557 0.204229 0.0795 0.0050827 0.0365825
0.0230334 9.9973E-05 0.742252 0.160455 9.9973E-05 9.9973E-05 0.0739591
0.059633 0.0195565 0.633974 0.225407 0.00350048 9.9991E-05 0.0578294
0.0541158 9.9982E-05 0.789885 0.0612219 9.9982E-05 0.0628894 0.0316884
9.9982E-05 0.0418249 0.66585 0.202511 0.0776371 9.9982E-05 0.0119774
0.0789331 9.9982E-05 0.694201 0.136231 0.0554411 9.9982E-05 0.0349935
0.479791 0.053888 9.9973E-05 9.9973E-05 0.291821 0.174201 9.9973E-05
0.317372 0.0250783 9.9982E-05 0.00250158 0.610311 9.9982E-05 0.0445364
0.427413 0.0311848 0.0360505 0.101946 0.290914 0.10823 0.00426188
0.300846 0.121553 0.0568332 0.0509357 0.406298 0.0545749 0.00895935
0.201027 0.109444 0.140408 0.0354109 0.330541 0.180085 0.00308617
0.13035 0.0722896 9.9991E-05 0.045796 0.590552 0.10337 0.0575423
0.236813 0.0423987 9.9991E-05 0.119097 0.448761 0.101033 0.0517977
0.366262 0.0254002 0.149547 0.0322939 0.34796 0.0784372 9.9991E-05
0.640788 0.0571741 0.0217722 0.117108 0.0381236 0.118881 0.00615329
0.316137 0.119602 9.9991E-05 0.0520573 0.366159 0.145667 0.000276572
0.222032 0.0353311 9.9991E-05 0.176537 0.43693 0.0796544 0.0494151
0.342746 0.0382333 9.9982E-05 9.9982E-05 0.547439 0.0658126 0.00556903
0.413283 0.073933 9.9991E-05 0.0777667 0.296204 0.114611 0.0241013
0.143055 9.9982E-05 0.0973903 0.0531798 0.6587 9.9982E-05 0.0474742
0.201923 0.0907618 0.0400697 9.9991E-05 0.577008 0.0790845 0.0110536
0.508768 0.0934432 9.9991E-05 0.0253588 0.15362 0.176225 0.0424847
0.443659 0.175853 0.0138835 0.00889174 0.193162 0.114119 0.0504326
0.45833 9.9982E-05 0.0360429 0.14342 0.2487 0.113307 9.9982E-05
9.995E-05 9.995E-05 9.995E-05 9.995E-05 9.995E-05 9.995E-05 0.9994
9.995E-05 9.995E-05 9.995E-05 9.995E-05 9.995E-05 9.995E-05 0.9994
0.00914632 9.9982E-05 0.49674 9.9982E-05 0.103596 0.0434271 0.346891
9.9982E-05 0.114564 0.502604 9.9982E-05 0.0171043 0.0813458 0.284182
0.018632 0.00364615 0.0739266 0.0231004 0.551028 0.31817 0.0114961
0.047102 9.9982E-05 0.166973 0.000976974 0.516502 0.268247 9.9982E-05
9.99733E-05 0.0793901 9.99733E-05 9.99733E-05 0.431538 0.463813 0.0249587
0.595398 0.0411166 0.0727904 0.0577933 0.150029 0.060483 0.0223906
9.9973E-05 0.0490577 9.9973E-05 9.9973E-05 0.313799 0.570384 0.0664593
0.188945 0.0894305 0.0297311 0.00198135 0.458049 0.231763 9.9991E-05
9.9982E-05 0.0294728 0.0305957 0.0384367 0.676053 0.225242 9.9982E-05
0.0458527 0.0102265 0.143304 0.0630236 0.58864 0.139835 0.00911772
0.0944499 9.9991E-05 0.0512141 0.0471032 0.611185 0.127656 0.0682917
0.144418 9.9973E-05 0.0538636 9.9973E-05 0.0602286 0.74119 9.9973E-05
0.0519441 0.0319536 0.0942534 0.16545 0.633193 0.0231055 9.9991E-05
0.0290363 0.0537586 0.0370677 0.00433504 0.487954 0.303713 0.0841354
0.103622 0.0443344 0.187456 0.0567553 0.461866 0.106003 0.0399636
9.9964E-05 9.9964E-05 9.9964E-05 9.9964E-05 0.322192 0.663528 0.0138802
9.9982E-05 0.0788644 0.0727988 9.9982E-05 0.546979 0.267033 0.0341251
9.9973E-05 9.9973E-05 0.143413 9.9973E-05 0.624846 0.175851 0.0555897
9.9973E-05 9.9973E-05 0.0734874 0.26929 9.9973E-05 0.654546 0.00237685
0.453313 9.9973E-05 9.9973E-05 0.172249 0.202619 0.171519 9.9973E-05
0.201602 0.0129437 9.9991E-05 0.447164 0.0918037 0.222204 0.0241828
0.115645 0.0583237 0.0817692 0.0540153 0.576821 0.0513512 0.0620748
0.0948147 0.0600257 0.0456367 0.130235 0.663957 9.9991E-05 0.00523143
0.0066848 0.0658445 0.0956284 0.0803369 0.638387 0.113018 9.9991E-05
0.33715 9.9991E-05 0.0594442 0.104509 0.177628 0.283333 0.037836
0.232389 9.9973E-05 9.9973E-05 9.9973E-05 0.564196 0.146131 0.0569835
0.0749247 0.0575822 0.0749635 0.172424 0.619906 9.9982E-05 9.9982E-05
0.135093 0.020443 0.129141 0.122112 0.341749 0.227522 0.0239393
0.340544 0.0554543 0.155643 0.215166 0.0685242 0.12614 0.0385296
0.130752 9.9991E-05 0.0938843 0.00657348 0.634035 0.105744 0.0289115
0.269929 0.0251325 0.0501822 0.101673 0.435342 0.117641 9.9991E-05
0.570401 9.9973E-05 9.9973E-05 0.122562 9.9973E-05 0.239297 0.0674395
0.283308 0.0173355 0.00755688 0.0676015 0.516225 0.0923597 0.0156129
0.0789147 0.0743537 0.0205663 0.057524 0.613934 0.154607 9.9991E-05
0.0910298 0.139299 0.0172995 0.0970022 0.434844 0.163161 0.057365
0.286465 0.0379774 0.0628577 0.0644603 0.300395 0.197727 0.0501168
0.237037 0.0212104 9.9991E-05 0.09041 0.483466 0.119913 0.0478634
0.166583 0.0241994 0.0117302 0.0503514 0.576413 0.0882461 0.0824775
0.354139 9.9982E-05 9.9982E-05 0.125615 0.19949 0.263268 0.0572882
0.095128 9.9964E-05 9.9964E-05 9.9964E-05 0.568736 0.335736 9.9964E-05
0.111342 9.9973E-05 9.9973E-05 9.9973E-05 0.237968 0.643975 0.00641469
0.103928 0.0364371 0.0455259 0.0143035 0.508721 0.28856 0.0025245
9.9973E-05 9.9973E-05 0.0156906 0.0841768 9.9973E-05 0.870204 0.0296289
0.0278315 9.9964E-05 9.9964E-05 0.113662 9.9964E-05 0.858106 9.9964E-05
9.9964E-05 0.0256111 9.9964E-05 9.9964E-05 0.210618 0.763372 9.9964E-05
0.110047 0.00668698 0.0102099 9.9991E-05 0.490671 0.348807 0.0334779
0.0599569 0.122149 0.0633216 0.0530379 0.549467 0.118624 0.0334437
0.0546182 0.0111677 9.9973E-05 9.9973E-05 0.45111 0.482805 9.9973E-05
0.13737 0.0280762 0.0791957 9.9991E-05 0.166199 0.586516 0.00254269
0.250273 0.00271999 0.0387976 9.9991E-05 0.268638 0.432896 0.00657552
0.0239122 0.0177413 0.152424 0.0930164 0.492818 0.219988 9.9991E-05
0.0360497 0.0588544 0.00904468 0.00742267 0.216501 0.660475 0.0116524
0.0157193 0.0175273 0.0323671 9.9991E-05 0.4041 0.500013 0.0301732
9.9973E-05 9.9973E-05 0.0465534 0.00674787 0.427767 0.518631 9.9973E-05
0.0156647 0.0269484 0.0128989 0.241418 9.9982E-05 0.70287 9.9982E-05
0.0370546 0.0996707 9.9982E-05 0.0787825 0.528756 0.255536 9.9982E-05
0.0428542 0.0675667 0.746314 9.9982E-05 0.0800667 9.9982E-05 0.0629987
9.9964E-05 9.9964E-05 0.801651 9.9964E-05 0.0781868 9.9964E-05 0.119762
9.9973E-05 0.0186423 0.769589 9.9973E-05 0.0943996 9.9973E-05 0.117069
9.9973E-05 9.9973E-05 0.802729 9.9973E-05 0.0350035 0.0414346 0.120533
9.9982E-05 0.0344648 0.755287 9.9982E-05 0.0244767 0.066314 0.119257
9.9991E-05 0.0390587 0.84156 0.0118795 0.0428633 0.0197 0.0448386
9.9964E-05 9.9964E-05 0.874166 9.9964E-05 0.0606365 9.9964E-05 0.0647977
0.118756 0.0982508 0.11021 9.9982E-05 0.424127 0.248456 9.9982E-05
0.0727719 0.0443216 0.0852321 0.0181439 0.648057 0.111843 0.0196306
0.102077 9.9973E-05 0.0382601 9.9973E-05 0.0254421 0.833921 9.9973E-05
0.0434367 0.0957256 0.0290611 0.127563 0.540269 0.163845 9.9991E-05
0.0953203 9.9982E-05 0.0549212 9.9982E-05 0.430812 0.396562 0.022185
9.9991E-05 0.0428142 0.0764792 0.00993575 0.606732 0.226675 0.0372643
0.00704984 9.9991E-05 0.062234 0.110567 0.554577 0.238772 0.0267002
0.0124507 0.0270745 9.9982E-05 9.9982E-05 0.505459 0.394535 0.0602815
0.241054 9.9973E-05 0.0344936 0.0281553 9.9973E-05 0.695997 9.9973E-05
0.039763 0.0475839 0.107857 0.120351 0.5299 0.154445 9.9991E-05
0.0913581 9.9982E-05 0.0719515 0.0105342 0.746799 0.0791576 9.9982E-05
0.243603 0.0353602 0.0475126 9.9991E-05 0.509077 0.125605 0.0387419
9.9982E-05 0.0166285 9.9982E-05 0.159343 0.274429 0.529801 0.0195991
9.9973E-05 9.9973E-05 9.9973E-05 0.0171193 0.530549 0.420812 0.0312197
0.100736 9.9982E-05 0.0209415 9.9982E-05 0.478474 0.372764 0.0268834
9.9973E-05 0.125363 9.9973E-05 9.9973E-05 0.240792 0.624881 0.00866394
0.0325231 9.9973E-05 0.0851706 9.9973E-05 0.441115 0.440891 9.9973E-05
0.0433868 0.0632807 0.152242 0.0663073 0.496508 0.15315 0.0251242
0.407899 9.9973E-05 9.9973E-05 0.160996 0.287291 0.143514 9.9973E-05
0.337253 0.0303173 0.145736 9.9991E-05 0.411324 0.0534096 0.0218596
0.0483516 0.0683137 0.126297 0.0846699 0.523813 0.123947 0.0246068
0.0637635 0.0725066 0.0806178 0.025131 0.585985 0.171896 9.9991E-05
0.369701 9.9973E-05 9.9973E-05 0.0624962 0.52262 9.9973E-05 0.0448831
0.258687 0.0601944 0.0524597 0.051465 0.543537 9.9991E-05 0.0335574
0.448799 0.0600685 0.00124796 0.0079517 0.444774 0.0370581 9.9991E-05
0.210002 9.9991E-05 0.0265383 0.0648248 0.662799 0.0126765 0.0230597
0.211187 0.0331667 0.0549659 0.0752044 0.625276 9.9982E-05 9.9982E-05
0.175938 9.9991E-05 0.00574433 0.0348694 0.599343 0.170683 0.0133222
0.350453 9.9973E-05 9.9973E-05 9.9973E-05 0.501745 0.105175 0.0423279
0.0699752 0.0539715 0.0594487 0.141296 0.598575 0.060382 0.0163509
0.173708 0.158138 9.9991E-05 0.133147 0.465473 0.015997 0.0534367
0.246013 0.0967288 9.9973E-05 9.9973E-05 0.550641 0.106317 9.9973E-05
0.196144 0.140505 0.0382743 0.0918123 0.472092 0.0141414 0.0470301
0.198087 0.13266 9.9991E-05 0.0291325 0.451251 0.154511 0.0342585
0.349916 0.0560693 0.0491936 0.165789 0.325106 9.9991E-05 0.0538265
0.231262 0.0820426 9.9991E-05 0.0372334 0.532921 0.0660046 0.0504362
0.10741 0.0517945 0.0187418 0.176132 0.639436 9.9991E-05 0.00638575
0.416699 0.0665997 9.9991E-05 0.0131688 0.250089 0.245366 0.00797816
0.328507 0.00272531 0.00582055 0.326522 0.254298 0.0820271 9.9991E-05
0.199916 0.0522787 0.0760382 0.0430949 0.46617 0.130462 0.0320401
0.331833 0.0639789 9.9991E-05 0.257977 0.0369106 0.295353 0.0138469
0.482462 9.9982E-05 0.00853573 0.132359 0.291937 0.084507 9.9982E-05
0.300765 9.9982E-05 0.0117253 0.0119657 0.475643 0.199701 9.9982E-05
0.436454 9.9982E-05 0.00712276 9.9982E-05 0.342531 0.197305 0.0163873
0.527006 0.0338847 0.00635308 9.9982E-05 0.293863 0.138694 9.9982E-05
0.133238 0.0821724 0.0427993 0.00494082 0.576517 0.0769489 0.0833833
0.245796 0.0994004 0.0610457 9.9991E-05 0.568307 0.0176912 0.00765883
0.194543 0.00613269 9.9991E-05 0.0596085 0.573795 0.0797091 0.0861117
0.370705 0.1557 9.9991E-05 0.223397 0.075488 0.173824 0.000786399
0.125735 0.0413944 0.1582 0.0954275 0.530199 0.0306279 0.0184152
0.0465789 9.9982E-05 0.0979048 0.244034 0.558967 0.0523156 9.9982E-05
0.135652 9.9991E-05 0.10274 0.590621 0.0223606 0.134794 0.0137328
9.9982E-05 0.0610459 0.107385 0.179679 0.537819 0.113872 9.9982E-05
0.0623127 0.0156107 0.0762867 0.313319 0.351293 0.161216 0.0199624
0.0965887 0.0929327 0.0563515 0.18169 0.514972 0.0442743 0.0131908
0.102216 0.0134851 0.0932876 0.397741 0.270297 0.122874 9.9991E-05
0.14518 9.9982E-05 9.9982E-05 0.479489 0.229859 0.0951189 0.0501528
0.110905 9.9982E-05 0.0460618 0.258975 0.486244 0.0976141 9.9982E-05
0.117386 0.0464348 0.0859247 0.148418 0.551656 0.0465497 0.00363042
0.0415914 0.129472 0.21329 0.118848 0.382462 0.114237 9.9991E-05
0.11971 0.198049 9.9982E-05 0.426816 9.9982E-05 0.233801 0.0214225
0.0567644 0.0087956 0.143903 0.0915318 0.603219 0.0956864 9.9991E-05
0.105238 9.9973E-05 9.9973E-05 0.340881 0.405683 0.147898 9.9973E-05
0.167542 9.9973E-05 9.9973E-05 0.236944 0.483817 0.111398 9.9973E-05
0.029361 0.0712399 0.107635 0.171777 0.603102 0.0136777 0.00320681
0.020293 0.283585 0.269222 0.203236 0.091495 0.0415344 0.0906348
9.9973E-05 0.145418 0.478716 0.343838 9.9973E-05 9.9973E-05 0.0317288
9.9973E-05 0.157876 0.407546 0.413121 9.9973E-05 9.9973E-05 0.0211568
9.9982E-05 0.291887 0.411207 0.192917 0.0889969 9.9982E-05 0.0147923
9.9964E-05 9.9964E-05 9.9964E-05 0.265852 0.707699 0.026049 9.9964E-05
0.158747 0.136975 0.0558049 0.170066 0.461935 0.0163714 9.9991E-05
9.9955E-05 0.67717 9.9955E-05 9.9955E-05 0.32233 9.9955E-05 9.9955E-05
0.157486 0.39421 0.00372561 9.9982E-05 0.402716 0.0416618 9.9982E-05
0.0953057 0.405718 0.0969177 0.0202687 0.32266 0.0553747 0.00375549
0.00893155 0.019314 9.9982E-05 0.502458 0.374089 0.0950081 9.9982E-05
0.0289299 9.9982E-05 0.158947 0.159622 0.565775 0.0865251 9.9982E-05
0.0137901 9.9973E-05 9.9973E-05 0.669244 0.234899 0.0817665 9.9973E-05
0.00534366 9.9991E-05 0.0530503 0.20233 0.632397 0.0977203 0.00905884
0.0151111 0.0194637 0.0644701 0.278859 0.525979 0.0960178 9.9991E-05
0.0247589 9.9982E-05 0.0335495 0.235249 0.663048 0.0431948 9.9982E-05
0.0720968 9.9973E-05 9.9973E-05 0.529436 0.285822 0.112346 9.9973E-05
9.9982E-05 0.0919516 0.0467365 0.147698 0.584307 0.129107 9.9982E-05
0.0581354 0.0744609 0.0467591 0.155995 0.557268 0.107282 9.9991E-05
9.9964E-05 0.937271 9.9964E-05 9.9964E-05 0.00694943 0.0553799 9.9964E-05
0.0166569 0.936209 9.9964E-05 9.9964E-05 0.0467345 9.9964E-05 9.9964E-05
0.074887 0.602846 0.00136167 9.9991E-05 0.275771 0.0218529 0.023182
0.0625977 0.693493 9.9973E-05 9.9973E-05 0.215751 9.9973E-05 0.0278584
0.0048742 0.809131 0.0954747 9.9973E-05 0.0902199 9.9973E-05 9.9973E-05
9.995E-05 0.9994 9.995E-05 9.995E-05 9.995E-05 9.995E-05 9.995E-05
0.0593868 0.932151 9.9964E-05 9.9964E-05 9.9964E-05 9.9964E-05 0.00806186
9.9955E-05 0.862097 9.9955E-05 9.9955E-05 0.137403 9.9955E-05 9.9955E-05
0.0587467 0.940753 9.9955E-05 9.9955E-05 9.9955E-05 9.9955E-05 9.9955E-05
9.995E-05 0.9994 9.995E-05 9.995E-05 9.995E-05 9.995E-05 9.995E-05
9.9955E-05 0.986926 9.9955E-05 9.9955E-05 9.9955E-05 9.9955E-05 0.012574
9.9964E-05 0.719032 9.9964E-05 9.9964E-05 0.214375 9.9964E-05 0.0661938
0.0691344 0.728763 0.033668 9.9982E-05 0.130373 9.9982E-05 0.0378617
9.9955E-05 0.957512 9.9955E-05 9.9955E-05 9.9955E-05 0.0419881 9.9955E-05
0.0979627 0.40011 0.0600008 0.0115359 0.402645 0.00539165 0.0223543
0.0379961 0.634492 0.0234743 9.9991E-05 0.203486 0.0777935 0.0226582
9.9973E-05 0.766528 0.0347186 9.9973E-05 0.183511 9.9973E-05 0.014943
0.0230826 0.872701 0.01771 9.9982E-05 0.0616646 9.9982E-05 0.0246414
9.9955E-05 0.991168 0.00833224 9.9955E-05 9.9955E-05 9.9955E-05 9.9955E-05
0.0502347 0.887907 0.00295487 9.9991E-05 0.0383278 0.00324962 0.0172257
9.9964E-05 0.989462 9.9964E-05 9.9964E-05 9.9964E-05 0.00924283 0.000895234
0.0345243 0.578662 0.108008 0.0147631 0.222941 9.9991E-05 0.0410018
0.0112968 0.891147 0.018934 9.9973E-05 9.9973E-05 0.0783221 9.9973E-05
9.9973E-05 0.0533485 0.307872 0.616421 9.9973E-05 0.0220585 9.9973E-05
0.112282 0.078765 0.147093 0.224732 0.419564 9.9991E-05 0.0174637
0.0341665 0.0542646 0.215897 0.256683 0.438789 9.9982E-05 9.9982E-05
9.9991E-05 0.0664631 0.17039 0.46564 0.205754 0.0348809 0.0567717
9.9991E-05 0.124982 0.172533 0.110866 0.468067 0.0955745 0.0278779
9.9991E-05 0.0615776 0.225588 0.4384 0.211786 0.0204384 0.0421095
0.079143 0.0288372 0.158251 0.216099 0.504307 9.9991E-05 0.0132625
9.9973E-05 0.190556 0.119821 0.368072 0.321251 9.9973E-05 9.9973E-05
9.9982E-05 0.145463 0.0684866 0.271954 0.455106 9.9982E-05 0.0587908
9.9982E-05 0.167304 0.0375692 0.362969 0.363971 9.9982E-05 0.0679874
0.0675011 0.129479 0.0976081 0.129572 0.455474 0.0876823 0.0326836
0.0233731 9.9982E-05 0.899437 0.0117548 0.0254616 0.0397731 9.9982E-05
9.9973E-05 0.0292333 0.878971 0.0216373 9.9973E-05 9.9973E-05 0.069858
9.9964E-05 9.9964E-05 0.938234 9.9964E-05 9.9964E-05 0.0489229 0.0124434
0.0414231 9.9973E-05 0.920134 9.9973E-05 0.0200331 9.9973E-05 0.0181103
0.0345375 9.9982E-05 0.803107 0.0299885 0.0515981 9.9982E-05 0.080569
9.9973E-05 0.0683915 0.82357 0.0140316 9.9973E-05 9.9973E-05 0.0937066
9.9973E-05 0.0614804 0.803965 9.9973E-05 0.0283431 9.9973E-05 0.105911
0.0503899 0.0184102 0.756101 0.0841382 0.0108634 0.0292222 0.0508752
9.9964E-05 9.9964E-05 0.915421 9.9964E-05 0.0731965 9.9964E-05 0.0109827
9.9982E-05 0.0318814 0.861187 0.0185923 0.0678082 9.9982E-05 0.0203307
0.228782 0.00866585 0.566334 9.9982E-05 9.9982E-05 0.159933 0.0360854
0.32943 0.0405235 0.546248 9.9982E-05 9.9982E-05 0.0623745 0.0212241
0.324873 9.9982E-05 0.494781 0.121203 9.9982E-05 0.0408581 0.018085
0.257473 9.9973E-05 0.507246 0.0767013 9.9973E-05 0.158279 9.9973E-05
0.138462 9.9991E-05 0.00649589 0.0817342 0.493516 0.25225 0.0274414
0.103375 0.0846942 0.033713 0.0628323 0.454718 0.260567 9.9991E-05
0.237574 0.0035695 0.0167296 9.9982E-05 0.607516 0.134411 9.9982E-05
0.240452 9.9982E-05 0.061284 9.9982E-05 0.470225 0.192121 0.0357184
0.661065 0.0100114 9.9973E-05 9.9973E-05 0.188653 0.13997 9.9973E-05
9.9991E-05 0.052513 0.068133 0.0456624 0.569017 0.263502 0.00107307
0.105845 0.0205279 9.9973E-05 9.9973E-05 0.638385 0.234942 9.9973E-05
0.118858 9.9973E-05 9.9973E-05 0.15169 0.577778 0.151374 9.9973E-05
9.9973E-05 0.0662287 9.9973E-05 0.0582417 0.335636 0.539594 9.9973E-05
0.189681 9.9973E-05 9.9973E-05 0.0520103 0.649242 0.108767 9.9973E-05
0.212694 9.9982E-05 9.9982E-05 0.0312108 0.438563 0.311539 0.00579329
0.0984879 9.9973E-05 9.9973E-05 0.20317 9.9973E-05 0.696547 0.00149447
0.129192 9.9991E-05 0.0807673 0.12342 0.581729 0.0842017 0.000589907
9.9982E-05 9.9982E-05 0.0299725 0.220272 0.327431 0.399379 0.0227454
0.00401826 9.9973E-05 9.9973E-05 0.128613 0.616549 0.25052 9.9973E-05
0.158596 9.9973E-05 0.0615638 9.9973E-05 0.10908 0.67046 9.9973E-05
0.75727 9.9973E-05 0.13529 0.0882194 0.0189205 9.9973E-05 9.9973E-05
0.69791 9.9973E-05 0.0926681 0.138397 0.0707245 9.9973E-05 9.9973E-05
0.861295 9.9977E-05 0.040197 0.0811966 0.0170117 9.9977E-05 9.9977E-05
0.759193 9.9964E-05 0.143105 9.9964E-05 9.9964E-05 0.0973023 9.9964E-05
0.76903 0.0259761 9.9982E-05 0.146062 0.0249913 9.9982E-05 0.0337403
0.754643 0.0559802 0.0611543 0.0780831 0.0499398 9.9982E-05 9.9982E-05
9.9973E-05 0.0149636 0.831414 9.9973E-05 0.0978215 9.9973E-05 0.0555014
0.0522696 0.0121477 0.795779 9.9973E-05 0.139504 9.9973E-05 9.9973E-05
9.9973E-05 0.080366 0.732002 9.9973E-05 0.130904 9.9973E-05 0.0564281
0.123298 0.132747 0.676461 9.9982E-05 0.0204799 9.9982E-05 0.0468144
0.0410879 0.0568367 0.793671 9.9982E-05 0.104554 9.9982E-05 0.00365011
0.468849 9.9982E-05 0.349189 0.0426204 9.9982E-05 0.0980209 0.0411208
0.391435 9.9982E-05 0.448751 0.11108 9.9982E-05 0.0437367 0.0047979
0.452819 9.9973E-05 0.426653 9.9973E-05 9.9973E-05 0.0911639 0.0290643
9.995E-05 9.995E-05 9.995E-05 9.995E-05 9.995E-05 9.995E-05 0.9994
0.490677 9.9982E-05 0.372557 0.0192061 9.9982E-05 0.0988543 0.018505
9.9982E-05 0.355547 0.15293 0.207592 0.235052 9.9982E-05 0.0486782
0.208735 0.243111 0.104747 9.9973E-05 0.443108 9.9973E-05 9.9973E-05
9.9973E-05 0.234449 0.180668 9.9973E-05 0.518904 9.9973E-05 0.0656792
9.9991E-05 0.229017 0.247111 0.15059 0.32069 0.0436074 0.00888547
0.0233005 0.166852 0.188556 0.133365 0.479663 9.9991E-05 0.00816279
9.9964E-05 0.323506 0.447535 0.228559 9.9964E-05 9.9964E-05 9.9964E-05
0.308342 9.9973E-05 9.9973E-05 0.0259744 0.501594 0.16379 9.9973E-05
0.261416 9.9982E-05 0.0105001 0.24407 0.375478 0.108337 9.9982E-05
0.533592 9.9982E-05 0.054324 0.0441247 0.319384 9.9982E-05 0.0483753
0.171771 9.9982E-05 9.9982E-05 0.23639 0.486815 0.103318 0.00150664
0.196102 9.9964E-05 9.9964E-05 0.515192 9.9964E-05 0.288306 9.9964E-05
0.168947 0.0855866 0.0563366 0.0381103 0.569852 0.0727141 0.00845304
0.232163 0.0147099 0.00710275 0.109913 0.460529 0.175482 9.9991E-05
0.454564 9.9991E-05 0.0328034 0.0235741 0.332957 0.137322 0.0186782
0.189652 0.0622582 0.121212 0.0396619 0.506703 0.0804123 9.9991E-05
0.346514 9.9973E-05 9.9973E-05 0.351227 0.130365 0.171594 9.9973E-05
0.147748 0.0669807 9.9991E-05 0.202415 0.473812 0.088748 0.0201955
0.310851 0.0148452 0.00705786 0.0397487 0.550198 0.0484792 0.0288207
0.106135 0.200491 0.112384 0.114771 0.381266 0.0502682 0.0346857
0.335045 9.9973E-05 9.9973E-05 0.224228 0.392758 0.0476691 9.9973E-05
0.211251 9.9991E-05 0.0484396 0.0671914 0.514112 0.120327 0.0385784
0.129958 0.0857804 0.0165372 0.168814 0.41671 0.172556 0.00964511
0.192403 9.9973E-05 9.9973E-05 0.164728 0.562053 0.080517 9.9973E-05
0.0872782 0.172274 0.00456035 0.0228684 0.575149 0.107092 0.0307784
0.191284 0.0373888 0.0832023 0.0299893 0.577397 0.00186386 0.0788746
0.201425 0.0491625 0.1099 0.0437386 0.589508 0.00616583 9.9991E-05
9.9964E-05 0.0862743 0.796549 9.9964E-05 0.116777 9.9964E-05 9.9964E-05
9.9973E-05 9.9973E-05 0.824501 9.9973E-05 0.123702 0.0336037 0.0178932
0.0483573 9.9982E-05 0.80642 0.0254004 0.0816722 0.0379502 9.9982E-05
9.9982E-05 0.014481 0.817762 9.9982E-05 0.00885787 0.113102 0.045597
0.0273018 9.9973E-05 0.787722 9.9973E-05 0.146213 9.9973E-05 0.0384636
0.620798 0.0610613 9.9982E-05 0.0791417 0.185653 0.053146 9.9982E-05
0.266836 0.104712 0.0121636 0.0509503 0.459712 0.0949457 0.0106805
0.0117101 0.0979356 0.188073 0.170932 0.515794 0.015456 9.9991E-05
0.222393 0.0529084 9.9973E-05 9.9973E-05 0.667599 9.9973E-05 0.0567997
0.231363 9.9991E-05 0.0550803 0.00163288 0.52185 0.153756 0.036218
0.367043 0.0743243 9.9991E-05 0.207181 0.297985 0.043243 0.0101237
0.565694 9.9982E-05 0.0628884 0.169506 9.9982E-05 0.132568 0.0691435
0.349525 9.9991E-05 0.020621 0.0271342 0.51928 0.0502573 0.0330824
0.55406 0.0191644 0.0651995 0.0784854 0.193775 0.0571495 0.0321663
0.188181 0.0424601 9.9991E-05 0.20199 0.431818 0.105672 0.0297784
0.518653 0.116654 0.0810781 0.0833754 9.9991E-05 0.167381 0.0327577
0.210786 0.0334385 0.113017 9.9982E-05 0.5912 0.0513597 9.9982E-05
0.583958 9.9991E-05 0.0767156 0.02387 0.192187 0.0887223 0.034447
0.266809 0.0672303 0.0199004 0.210757 0.339069 0.0942608 0.00197316
0.109154 0.04974 9.9982E-05 0.269866 0.47639 0.0946503 9.9982E-05
0.109206 0.0133626 9.9973E-05 0.547652 0.32948 9.9973E-05 9.9973E-05
0.120689 0.00845518 0.0561593 0.112798 0.649903 0.0518963 9.9991E-05
0.0652459 0.0044015 0.123152 0.0505452 0.552597 0.201201 0.00285787
0.120348 9.9973E-05 9.9973E-05 0.475246 0.37899 0.0251159 9.9973E-05
0.199279 0.114273 0.0183847 0.156026 0.460539 0.0382716 0.0132267
0.0154377 9.9991E-05 0.0521195 0.295692 0.616346 0.0194869 0.000818543
0.0801288 9.9973E-05 9.9973E-05 0.652084 0.145987 0.121501 9.9973E-05
9.9964E-05 9.9964E-05 9.9964E-05 0.575691 0.320056 0.103853 9.9964E-05
0.0539572 9.9964E-05 9.9964E-05 0.421091 0.524552 9.9964E-05 9.9964E-05
0.113311 9.9973E-05 9.9973E-05 0.485925 0.186721 0.213743 9.9973E-05
0.140831 9.9973E-05 9.9973E-05 0.359866 0.474964 0.0240394 9.9973E-05
0.572697 9.9982E-05 9.9982E-05 0.0154783 0.124529 0.24956 0.0375365
0.313676 9.9973E-05 9.9973E-05 0.194839 0.281167 0.210018 9.9973E-05
0.409527 0.104818 0.00941062 9.9982E-05 0.359949 0.116095 9.9982E-05
0.265651 0.0432375 9.9973E-05 0.0137104 0.677101 9.9973E-05 9.9973E-05
0.533319 0.0296378 9.9982E-05 0.000417579 0.213218 0.223208 9.9982E-05
0.17081 0.0879279 0.0795614 0.121803 0.458973 0.0517867 0.0291375
0.234679 0.0750539 9.9991E-05 0.0300676 0.551658 0.061904 0.046538
0.236736 0.119851 0.00697132 0.0649757 0.519463 0.0519025 9.9991E-05
0.1969 0.0675994 0.0241534 0.0976936 0.485763 0.127791 9.9991E-05
0.296488 0.0802523 0.0127094 9.9991E-05 0.384889 0.201284 0.0242778
0.469902 0.0935578 9.9973E-05 9.9973E-05 0.245593 0.190647 9.9973E-05
0.416971 0.0628556 9.9982E-05 0.0178585 0.414053 0.0880625 9.9982E-05
0.275271 0.0158123 9.9982E-05 0.0497438 0.615802 0.0431705 9.9982E-05
0.20888 9.9991E-05 0.018753 0.0804211 0.650684 0.0347394 0.00642283
0.280274 0.00512859 0.0634877 0.132931 0.406102 0.111977 9.9991E-05
0.211186 0.0552624 9.9991E-05 0.0303202 0.555185 0.116148 0.031798
0.436724 0.0348002 0.0271483 0.0438142 0.426783 9.9991E-05 0.0306304
0.220862 9.9973E-05 9.9973E-05 0.0361273 0.718062 0.0246488 9.9973E-05
0.270419 0.0895668 0.06827 0.0606764 0.510868 9.9982E-05 9.9982E-05
0.180805 0.0984385 0.108244 0.0618995 0.434452 0.0997404 0.0164205
9.9991E-05 0.100792 0.32395 0.0403574 0.469988 0.0401001 0.024713
0.000620271 0.257466 0.0901981 0.104089 0.440794 0.0925138 0.0143193
9.9982E-05 0.123016 0.101924 0.17243 0.589295 9.9982E-05 0.013135
0.0208413 0.151431 0.0323708 0.0765379 0.567597 0.0777806 0.0734412
9.9991E-05 0.200963 0.190168 0.0421625 0.424286 0.0904576 0.0518625
0.131309 0.00834421 9.9991E-05 0.174293 0.50979 0.160842 0.0153216
0.107727 0.10826 0.140646 9.9982E-05 0.549902 0.0932648 9.9982E-05
9.9982E-05 0.151949 0.226591 0.396816 9.9982E-05 0.210646 0.0137978
0.0645308 0.178446 0.0903276 0.0671409 0.554708 0.0288533 0.0159938
0.0298175 0.154963 0.0707895 0.0156915 0.577307 0.115849 0.035582
0.0965168 0.158021 0.11745 0.049411 0.533013 0.0454875 9.9991E-05
0.0553613 0.10794 0.155995 0.260743 0.304412 0.0612136 0.0543342
9.9991E-05 0.181565 0.142131 0.0968887 0.555219 0.0125032 0.0115931
9.9982E-05 0.250304 0.0552302 0.131955 0.463407 9.9982E-05 0.0989035
9.9973E-05 0.212085 0.381246 0.332571 9.9973E-05 9.9973E-05 0.0737976
9.9991E-05 0.121347 0.162956 0.0236709 0.51473 0.0817619 0.0954341
9.9991E-05 0.143178 0.149623 0.0710449 0.577991 0.0415294 0.0165346
0.0821694 0.0639888 0.0970274 0.0556286 0.595779 0.0583874 0.0470196
9.9973E-05 0.112401 0.265412 9.9973E-05 0.605343 9.9973E-05 0.0165441
0.088896 0.0734246 0.145709 0.0138091 0.566652 0.0277558 0.0837532
9.9982E-05 0.0705325 9.9982E-05 0.168775 0.399974 0.313327 0.047192
0.0750304 0.13841 0.0657967 0.0235117 0.480211 0.157405 0.059635
0.106314 0.00747604 9.9982E-05 0.442657 0.0672308 0.376121 9.9982E-05
0.0890729 9.9973E-05 9.9973E-05 0.515041 0.037374 0.358212 9.9973E-05
0.13222 0.132905 9.9991E-05 0.077616 0.38523 0.218689 0.0532413
0.0117 0.239553 0.127024 0.160112 0.461323 9.9991E-05 0.000188368
9.9982E-05 0.359727 0.037358 0.254679 0.323927 9.9982E-05 0.024109
0.00251253 0.299265 0.123047 0.35155 0.158518 9.9991E-05 0.0650067
9.9982E-05 0.18091 0.229695 0.157138 0.397457 9.9982E-05 0.0346006
9.9982E-05 0.105528 9.9982E-05 0.691778 0.123176 0.0398424 0.0394759
9.9991E-05 0.112586 0.00191753 0.572091 0.217676 0.0523695 0.0432601
0.00725113 0.122971 9.9991E-05 0.172466 0.558174 0.0545886 0.0844491
9.9982E-05 0.189851 0.0293963 0.233178 0.427379 0.119996 9.9982E-05
9.9982E-05 0.111634 9.9982E-05 0.409471 0.260688 0.154509 0.0634981
0.0562105 0.105206 0.0328467 0.0634861 0.575866 0.156545 0.00983908
0.000389745 0.0954625 0.0116481 0.288038 0.542946 0.0614159 9.9991E-05
0.0590745 0.150363 0.123977 0.152936 0.498489 0.0150604 9.9991E-05
0.0465783 9.9973E-05 9.9973E-05 0.35493 0.424075 0.174116 9.9973E-05
0.142681 0.0248576 9.9991E-05 0.231296 0.354205 0.214878 0.0319825
0.0239115 0.0235074 9.9991E-05 0.205131 0.517382 0.159242 0.0707255
0.118162 0.0671215 9.9991E-05 0.247952 0.390425 0.138271 0.0379687
0.0383858 0.0666314 0.0829179 0.212869 0.457418 0.0884959 0.0532815
0.00426246 9.9973E-05 9.9973E-05 0.408379 0.487622 0.0994369 9.9973E-05
0.132845 9.9973E-05 9.9973E-05 0.484711 0.27128 0.110865 9.9973E-05
9.9982E-05 0.033232 0.0549572 0.198469 0.56604 0.147102 9.9982E-05
0.0778165 9.9973E-05 9.9973E-05 0.406674 0.245493 0.269716 9.9973E-05
0.111537 9.9982E-05 9.9982E-05 0.3387 0.370064 0.146829 0.0326709
9.9991E-05 0.00671279 0.0644349 0.0942443 0.619195 0.158783 0.0565297
0.116477 0.0302115 9.9982E-05 0.247572 0.545218 0.0603215 9.9982E-05
0.0341087 0.159347 0.105398 0.0814294 0.543665 0.0455027 0.0305489
0.0633327 0.129902 0.0850204 0.121026 0.402336 0.140524 0.0578589
0.0864067 0.219547 0.119735 0.138411 0.395656 0.0123414 0.0279029
0.144168 0.244971 0.161367 0.10815 0.293738 0.012114 0.0354924
0.0599562 0.088412 0.250001 0.071265 0.530165 9.9982E-05 9.9982E-05
9.9982E-05 0.20632 0.118491 0.263566 0.372541 9.9982E-05 0.0388829
0.0289874 0.166077 0.11367 0.562381 9.9991E-05 0.0669289 0.0618557
0.0539502 0.189805 0.0890097 0.0215331 0.580887 9.9991E-05 0.0647156
9.9973E-05 0.128231 0.300188 0.533695 9.9973E-05 9.9973E-05 0.0375862
9.9982E-05 0.162229 0.0714513 0.137615 0.616299 0.012206 9.9982E-05
9.9964E-05 9.9964E-05 9.9964E-05 0.463361 0.105444 0.430795 9.9964E-05
0.0423245 9.9973E-05 9.9973E-05 0.512259 9.9973E-05 0.429411 0.0157056
9.9973E-05 9.9973E-05 9.9973E-05 0.228471 0.554241 0.211972 0.00501542
9.9973E-05 9.9973E-05 9.9973E-05 0.199782 0.708338 0.0777658 0.0138135
0.00127681 9.9973E-05 9.9973E-05 0.373318 0.412105 0.213 9.9973E-05
9.9982E-05 9.9982E-05 0.0343662 0.0883378 0.536697 0.336027 0.00437256
0.00277736 0.00631678 9.9991E-05 0.225941 0.587448 0.174752 0.00266512
0.00535735 0.0237844 0.738768 0.00496594 0.0929711 0.0424136 0.0917395
0.119708 0.131651 0.708828 9.9982E-05 9.9982E-05 0.00175537 0.0378579
0.00886434 0.0635736 0.87835 9.9973E-05 9.9973E-05 9.9973E-05 0.048912
9.9973E-05 9.9973E-05 0.798363 0.00386465 0.0363489 9.9973E-05 0.161124
0.107679 0.0278244 0.0181209 9.9991E-05 0.496347 0.293194 0.0567352
0.0263563 0.0351485 0.0489189 9.9991E-05 0.447889 0.393575 0.0480126
9.9973E-05 9.9973E-05 0.00793746 9.9973E-05 0.471977 0.499385 0.0204
9.9982E-05 9.9982E-05 0.0432397 0.0171015 0.679152 0.198512 0.0617945
0.0495289 0.116037 0.0812278 0.150051 0.518471 0.0805005 0.00418327
0.153645 0.0153898 0.0202519 0.0402242 0.218951 0.551439 9.9991E-05
0.0450076 9.9964E-05 9.9964E-05 9.9964E-05 0.640121 0.314472 9.9964E-05
9.9973E-05 9.9973E-05 9.9973E-05 0.177405 0.314222 0.455556 0.0525173
9.9973E-05 0.128831 0.352088 9.9973E-05 0.516776 9.9973E-05 0.00200495
0.0458383 0.0511454 9.9982E-05 0.0970996 0.404463 0.401254 9.9982E-05
0.130259 9.9973E-05 9.9973E-05 9.9973E-05 0.360319 0.455562 0.0535595
0.0380037 9.9964E-05 9.9964E-05 9.9964E-05 0.613654 0.347943 9.9964E-05
0.035317 9.9991E-05 0.00238905 0.0111844 0.434117 0.46401 0.0528821
9.9973E-05 0.0378039 9.9973E-05 0.0180272 0.514622 0.429247 9.9973E-05
9.9982E-05 0.039009 0.0520285 9.9982E-05 0.576159 0.321342 0.0112609
9.9964E-05 9.9964E-05 9.9964E-05 0.0368525 0.0630227 0.899725 9.9964E-05
9.9991E-05 0.0224925 0.00587295 0.0391905 0.260755 0.670182 0.00140675
0.0463423 9.9982E-05 0.0256426 9.9982E-05 0.289804 0.60806 0.0299515
9.9955E-05 9.9955E-05 9.9955E-05 0.135784 9.9955E-05 0.863716 9.9955E-05
0.145918 0.00443082 9.9982E-05 9.9982E-05 0.445963 0.339624 0.063865
9.9973E-05 9.9973E-05 9.9973E-05 0.306972 0.0866549 0.601127 0.00494651
9.9955E-05 9.9955E-05 9.9955E-05 0.228035 9.9955E-05 0.771465 9.9955E-05
9.9982E-05 0.033787 0.0454958 9.9982E-05 0.565468 0.35139 0.00365911
0.117633 9.9982E-05 0.0418607 0.00263007 0.213899 0.623778 9.9982E-05
0.0744751 0.0446157 9.9982E-05 9.9982E-05 0.406195 0.438925 0.0355885
9.9991E-05 0.0360817 0.0674281 0.0532549 0.529751 0.226791 0.0865926
0.0832495 0.0278085 0.0471586 0.00486524 0.54108 0.295394 0.000443795
0.270099 0.0895642 9.9982E-05 0.185255 0.374942 0.0799402 9.9982E-05
0.105124 0.0572908 9.9982E-05 0.0424199 0.478418 0.316547 9.9982E-05
0.0762754 0.126469 9.9982E-05 9.9982E-05 0.395766 0.37101 0.0302791
9.9973E-05 9.9973E-05 9.9973E-05 0.0103318 0.290244 0.684186 0.0149383
0.0646607 9.9991E-05 0.0222634 0.0204256 0.601957 0.242638 0.0479554
0.293659 9.9973E-05 0.554368 0.0890376 9.9973E-05 9.9973E-05 0.0626354
0.0803652 9.9991E-05 0.698361 0.0352142 0.0870203 0.0198898 0.0790493
0.09461 9.9973E-05 0.677108 0.0941718 9.9973E-05 9.9973E-05 0.133811
0.143433 9.9973E-05 0.730782 0.0233478 9.9973E-05 9.9973E-05 0.102137
0.240259 9.9973E-05 0.679944 0.0277556 9.9973E-05 9.9973E-05 0.0517413
0.116442 0.0362433 0.0279091 9.9982E-05 0.0914873 0.727718 9.9982E-05
0.0781762 9.9991E-05 0.102832 0.00500892 0.123601 0.679119 0.011163
9.9973E-05 0.0341536 9.9973E-05 0.0909528 0.0856859 0.788908 9.9973E-05
0.104192 0.136715 0.0510282 0.0313622 0.402903 0.257321 0.016478
0.0135138 0.0289227 0.100071 9.9982E-05 0.52523 0.332062 9.9982E-05
9.9982E-05 0.0454281 0.0392102 0.0433877 0.261533 0.610241 9.9982E-05
9.9973E-05 0.0421858 9.9973E-05 0.0477087 0.645797 0.264009 9.9973E-05
9.9982E-05 0.0704285 0.0420028 0.0374327 0.343199 0.506737 9.9982E-05
0.00132855 9.9991E-05 0.0174094 0.00661874 0.64596 0.304666 0.0239171
0.148961 0.0557531 0.0230885 0.0124861 0.57946 0.180151 9.9991E-05
0.138591 9.9973E-05 9.9973E-05 0.0133824 0.28641 0.561317 9.9973E-05
0.0910634 9.9982E-05 0.00458526 9.9982E-05 0.373508 0.525008 0.00563512
0.189865 0.00909677 9.9982E-05 9.9982E-05 0.279267 0.517569 0.00400218
0.0609482 9.9982E-05 0.112808 0.200263 0.625396 9.9982E-05 0.000384498
0.0242739 9.9982E-05 0.00314774 9.9982E-05 0.400459 0.526185 0.0457338
0.0741167 0.013525 0.050496 9.9982E-05 0.432433 0.42923 9.9982E-05
9.9982E-05 0.45037 0.0436747 0.019156 0.475293 0.011306 9.9982E-05
9.9982E-05 0.408211 0.015823 0.146362 0.361985 9.9982E-05 0.0674191
9.9973E-05 0.469464 0.106847 0.0488002 0.374589 9.9973E-05 9.9973E-05
9.9982E-05 0.409728 0.112058 0.121146 0.296005 9.9982E-05 0.0608624
9.9982E-05 0.223145 0.157841 0.0108771 0.578034 9.9982E-05 0.0299021
9.9991E-05 0.00389718 0.0426308 0.160986 0.510186 0.264383 0.0178164
9.9982E-05 0.618765 0.196717 0.0720313 0.0372294 9.9982E-05 0.0750577
9.9973E-05 0.40674 0.172433 9.9973E-05 0.405282 9.9973E-05 0.0152448
9.9991E-05 0.152858 0.0907729 0.12826 0.458451 0.126018 0.0435395
9.9991E-05 0.0141726 0.154953 0.195787 0.56954 0.0408987 0.0245485
0.0723403 0.0359942 0.0886812 0.317382 0.455728 9.9991E-05 0.0297744
9.9982E-05 0.000930541 0.0953074 0.312155 0.587138 9.9982E-05 0.0042685
0.040935 0.0456307 0.121172 0.0749406 0.560437 0.156785 9.9991E-05
9.9982E-05 0.445918 0.212456 0.00171033 0.277427 9.9982E-05 0.0622889
9.9982E-05 0.358992 0.130951 9.9982E-05 0.384509 0.0981714 0.0271777
9.9964E-05 0.48989 0.0688599 9.9964E-05 0.44085 9.9964E-05 9.9964E-05
9.9973E-05 0.294714 0.157087 9.9973E-05 0.361203 0.186696 9.9973E-05
9.9982E-05 0.446097 0.0602021 0.106149 0.33122 9.9982E-05 0.0561318
0.0106267 0.299862 0.0920519 0.0132946 0.471742 9.9991E-05 0.112324
9.9982E-05 0.569166 0.118283 0.0652165 0.196698 0.0504365 9.9982E-05
0.00183065 0.333919 0.0828892 0.0891617 0.468636 0.00361741 0.0199458
0.0357801 0.0226842 0.0236539 0.330988 0.548931 0.037863 9.9991E-05
0.154948 0.313495 0.139644 0.0391956 0.314642 9.9991E-05 0.0379751
0.0426525 0.621473 0.0723383 0.0839442 0.141285 9.9991E-05 0.0382072
0.0827012 0.281248 0.0904013 9.9991E-05 0.436879 0.0383486 0.0703215
0.230515 9.9991E-05 0.142463 0.366973 0.239046 0.0172568 0.00364745
0.0893712 0.0411252 0.0228387 0.205198 0.618093 9.9991E-05 0.0232744
0.0645602 0.333298 0.153255 0.0925311 0.332028 0.00930945 0.0150186
0.189251 9.9982E-05 0.10755 0.0654985 0.592434 9.9982E-05 0.0450666
0.104176 9.9991E-05 0.1697 0.158643 0.509099 0.0340983 0.0241839
0.0709158 0.283306 0.140935 0.0736366 0.355269 0.0454948 0.0304436
9.9991E-05 0.238081 0.180403 0.164402 0.336672 0.0042947 0.0760467
0.0730986 0.103201 0.0846755 0.115289 0.592114 0.0303362 0.00128616
9.9991E-05 0.416301 0.115301 0.0426969 0.342007 0.0482295 0.0353645
9.9982E-05 0.442814 0.0585531 0.0606189 0.418986 9.9982E-05 0.0188282
9.9982E-05 0.58182 0.130559 0.0923007 0.170007 9.9982E-05 0.0251129
0.0501638 0.0453421 0.0609011 0.140469 0.593127 0.0960863 0.0139112
0.159899 9.9991E-05 0.0622246 0.21951 0.500374 0.0552634 0.00262948
9.9973E-05 9.9973E-05 0.0417792 0.675635 0.208452 9.9973E-05 0.0738345
0.0230075 0.0985411 0.112272 0.06095 0.610461 0.0885107 0.00625784
0.311691 9.9982E-05 0.14036 0.0884369 0.396987 0.0623248 9.9982E-05
9.9991E-05 0.168455 0.131857 0.196925 0.400812 0.0627353 0.0391162
0.119282 0.160981 0.0205307 0.174263 0.360359 0.113097 0.051486
9.9964E-05 0.181118 0.306514 0.511968 9.9964E-05 9.9964E-05 9.9964E-05
9.9973E-05 0.0946911 0.205056 0.633374 9.9973E-05 9.9973E-05 0.0665789
0.00530564 0.0979724 0.179105 0.378293 0.271117 0.0519271 0.0162806
9.9982E-05 0.176245 0.256503 0.45022 0.0584049 9.9982E-05 0.0584264
9.9964E-05 0.244187 0.373904 0.38151 9.9964E-05 9.9964E-05 9.9964E-05
0.0631818 0.100949 0.0634414 0.323879 0.350125 0.0607961 0.0376276
9.9982E-05 0.113522 0.213108 0.209301 0.455351 9.9982E-05 0.00851783
0.0359574 0.186324 0.278231 0.292851 0.138571 0.0604681 0.00759697
9.9982E-05 0.106704 0.19419 0.511716 0.110276 9.9982E-05 0.0769142
0.043051 0.138112 0.09596 0.257112 0.465565 9.9982E-05 9.9982E-05
9.9991E-05 0.137761 0.124047 0.450347 0.148212 0.100238 0.0392955
9.9973E-05 0.0125352 0.362106 0.544328 9.9973E-05 9.9973E-05 0.0807301
0.0747866 0.24079 0.0684802 0.181073 0.354548 0.0766556 0.00366684
0.0093704 0.24642 0.129865 0.23232 0.314025 0.0339355 0.0340653
9.9982E-05 0.156049 0.300911 9.9982E-05 0.4521 0.0473726 0.0433672
9.9973E-05 0.269497 0.187334 9.9973E-05 0.529683 9.9973E-05 0.0131863
9.9982E-05 0.216882 0.124046 0.0466056 0.485588 0.126679 9.9982E-05
9.9982E-05 0.16947 0.189677 0.059299 0.522419 0.0589351 9.9982E-05
0.0190385 0.239773 0.377828 9.99971E-05 0.294811 0.0336169 0.0348322
0.063816 0.103683 0.206372 9.9991E-05 0.557317 0.0289536 0.0397578
0.0513889 0.215513 0.181702 9.9991E-05 0.483348 0.012703 0.0552449
9.9991E-05 0.220827 0.27905 0.0601265 0.325296 0.0821909 0.0324104
0.148908 0.165222 0.123886 0.0565732 0.23333 0.257181 0.0149005
0.144744 0.113067 0.122937 0.0717951 0.52502 0.022337 9.9991E-05
0.0386901 0.167338 0.170062 9.9991E-05 0.476191 0.0932947 0.0543241
0.0975085 0.115098 0.146318 9.9982E-05 0.561887 0.0789881 9.9982E-05
0.0445522 0.228461 0.235458 0.0450311 0.412728 9.9991E-05 0.0336697
9.9973E-05 0.182973 0.183649 0.119608 0.51347 9.9973E-05 9.9973E-05
9.9982E-05 0.225355 0.383028 0.232217 0.141053 0.0181465 9.9982E-05
0.0718777 0.233067 0.163061 9.9982E-05 0.506611 9.9982E-05 0.0251834
9.9991E-05 0.377246 0.216523 0.131787 0.113537 0.12086 0.039947
0.0721372 0.00553645 0.768178 0.0314123 9.9991E-05 0.0874758 0.0351605
0.758891 9.9982E-05 0.0663513 0.0622912 0.0742844 9.9982E-05 0.0379824
0.969524 9.9955E-05 0.0299759 9.9955E-05 9.9955E-05 9.9955E-05 9.9955E-05
0.942231 9.9955E-05 9.9955E-05 9.9955E-05 9.9955E-05 9.9955E-05 0.0572688
0.961344 9.9955E-05 9.9955E-05 9.9955E-05 0.0381565 9.9955E-05 9.9955E-05
0.940077 0.05256 9.9964E-05 9.9964E-05 9.9964E-05 9.9964E-05 0.00696268
0.847032 9.9964E-05 9.9964E-05 9.9964E-05 0.108072 9.9964E-05 0.0444954
0.956118 9.9964E-05 0.015205 9.9964E-05 9.9964E-05 9.9964E-05 0.0282776
0.765067 0.00435877 0.188272 9.9973E-05 9.9973E-05 9.9973E-05 0.042002
0.00693125 0.0174486 0.801444 9.9991E-05 0.0200613 0.0517472 0.102268
0.137165 9.9973E-05 0.740863 9.9973E-05 0.0257647 9.9973E-05 0.0959078
9.9973E-05 0.0808811 0.745058 0.0405881 9.9973E-05 9.9973E-05 0.133173
0.0973894 9.9982E-05 0.756947 0.0598419 0.0371887 9.9982E-05 0.0484331
0.0193074 0.075532 0.863349 9.9973E-05 9.9973E-05 9.9973E-05 0.0415114
0.0772207 0.0110898 0.832437 9.9982E-05 9.9982E-05 0.0306999 0.048353
0.0310029 0.109494 0.652948 0.0130953 0.0910984 9.9991E-05 0.102262
9.9982E-05 0.0626355 0.802737 9.9982E-05 0.0449444 0.0176123 0.0718713
0.106523 0.102761 0.68994 9.9991E-05 0.0618147 0.00712409 0.0317368
9.9973E-05 0.0893004 0.869871 9.9973E-05 0.00525495 9.9973E-05 0.0352741
0.024027 9.9973E-05 0.868456 9.9973E-05 9.9973E-05 0.0120528 0.0951638
0.0507354 0.0512383 0.77141 0.0342462 9.9991E-05 0.00204669 0.090224
0.0316246 0.0175263 0.915479 9.9982E-05 0.0215239 9.9982E-05 0.0136466
0.00953346 0.0455717 0.791726 0.0278204 0.0163317 9.9991E-05 0.108916
9.9982E-05 0.00332499 0.792083 9.9982E-05 0.0865552 0.0298963 0.0879409
9.9973E-05 0.0379199 0.797929 9.9973E-05 0.131407 9.9973E-05 0.0324441
9.9964E-05 0.103753 0.790659 9.9964E-05 0.105188 9.9964E-05 9.9964E-05
9.9973E-05 0.0862599 0.779539 9.9973E-05 0.107334 9.9973E-05 0.0265667
9.9973E-05 0.0422888 0.766248 9.9973E-05 0.156765 9.9973E-05 0.0343977
0.0879256 9.9982E-05 0.139524 0.245639 0.490714 0.0359975 9.9982E-05
0.0273193 9.9982E-05 0.0386372 0.155089 0.718756 9.9982E-05 0.059999
0.0609972 0.0858906 0.0943105 0.0566314 0.517521 0.180364 0.00428577
0.0171676 9.9991E-05 0.0151347 0.698543 0.220827 0.041291 0.00693653
0.143563 9.9991E-05 0.12128 0.15975 0.546972 0.0121807 0.0161556
9.9964E-05 9.9964E-05 0.130933 0.702108 0.166559 9.9964E-05 9.9964E-05
0.0335927 0.0183971 0.0933872 0.23091 0.623513 9.9982E-05 9.9982E-05
0.169424 9.9982E-05 0.0970696 0.204492 0.464779 0.0640352 9.9982E-05
0.0715491 9.9991E-05 0.0998948 0.236269 0.576627 0.00917402 0.0063861
0.0386991 0.00321102 0.056044 0.0521059 0.520719 0.326542 0.00267853
0.174503 9.9991E-05 0.0834595 0.275823 0.435936 0.0189978 0.0111812
0.00892625 9.9991E-05 0.0334586 0.139854 0.745406 0.0721399 0.000114507
0.0516658 0.0339292 0.101032 0.160615 0.575932 9.9991E-05 0.0767261
0.488154 0.0570026 9.9982E-05 0.164794 0.0161355 0.273714 9.9982E-05
0.118824 9.9982E-05 0.00158432 0.833293 0.00391529 0.0421829 9.9982E-05
9.9964E-05 9.9964E-05 0.0500092 0.692352 0.257239 9.9964E-05 9.9964E-05
0.0851476 0.109721 0.00507858 0.198207 0.559537 9.9991E-05 0.0422082
0.030383 9.9973E-05 0.113873 0.266733 0.58871 9.9973E-05 9.9973E-05
9.9982E-05 9.9982E-05 0.137455 0.261684 0.541277 0.0478302 0.0115533
9.9991E-05 0.0686162 0.0460659 0.15659 0.540219 0.102795 0.0856137
9.9982E-05 0.143849 0.201645 0.0755752 0.555111 9.9982E-05 0.0236205
