0.873149 0.0468086 9.9964E-05 9.9964E-05 0.0796425 9.9964E-05 9.9964E-05
0.919188 9.9973E-05 9.9973E-05 0.0105955 0.0576112 9.9973E-05 0.0123058
0.82677 0.0417697 0.126076 9.9973E-05 0.00508421 9.9973E-05 9.9973E-05
0.749809 0.126113 9.9964E-05 9.9964E-05 0.123678 9.9964E-05 9.9964E-05
0.824724 0.0485081 0.0718093 0.021358 0.033401 9.9982E-05 9.9982E-05
0.55887 0.0836695 0.0561855 0.234317 0.0561347 9.9991E-05 0.0107229
0.814548 9.9964E-05 9.9964E-05 0.151597 0.0334557 9.9964E-05 9.9964E-05
0.70344 0.0393821 9.9973E-05 0.152002 0.104876 9.9973E-05 9.9973E-05
0.789434 9.99729E-05 9.99729E-05 0.0563195 0.0860988 9.99729E-05 0.067848
0.640741 0.0886707 0.0697256 0.16815 0.00895873 0.0236543 9.9991E-05
0.680472 9.9973E-05 0.0481898 0.176466 0.0945727 9.9973E-05 9.9973E-05
9.9982E-05 0.0789183 0.234533 0.0975536 0.499579 9.9982E-05 0.089216
0.0105522 0.105451 0.500769 0.0154001 0.221487 9.9991E-05 0.14624
0.0493891 0.0380203 0.274604 0.128743 0.40278 0.076504 0.0299593
0.072647 0.136957 0.300239 9.9982E-05 0.381025 9.9982E-05 0.108932
0.110869 0.0512074 0.478535 0.0925464 0.131405 0.0335926 0.101844
0.0433771 0.163439 0.512195 0.116682 0.0692704 9.9991E-05 0.0949367
9.999E-05 0.0839243 0.529176 0.134443 0.246919 0.00129384 0.0041435
0.120944 0.0976787 0.324783 9.9991E-05 0.388565 0.0162604 0.0516683
0.0231776 0.0621737 0.0400385 0.14312 0.614831 0.049341 0.0673183
9.9982E-05 0.138682 0.328977 9.9982E-05 0.306384 0.0125675 0.213189
9.999E-05 0.0790617 0.451597 0.168633 0.191218 0.0295853 0.0798053
0.0623558 0.0280005 0.598988 0.0860155 0.165676 0.00301237 0.0559513
0.0156822 0.148176 0.26265 0.0153053 0.349271 9.9991E-05 0.208815
0.0557265 0.0217864 0.757199 0.0630419 0.0727455 0.0294009 9.9991E-05
9.9982E-05 0.167665 0.473813 0.0362245 0.288329 9.9982E-05 0.0337682
0.00552926 0.155089 0.188056 0.0557713 0.440859 0.00711609 0.14758
9.9982E-05 0.188327 0.165348 0.0897791 0.471135 9.9982E-05 0.0852107
9.999E-05 0.0528489 0.270335 0.0827329 0.478249 0.0494708 0.0662629
0.824577 0.0290711 0.145952 9.9964E-05 9.9964E-05 9.9964E-05 9.9964E-05
0.83348 9.9955E-05 0.16602 9.9955E-05 9.9955E-05 9.9955E-05 9.9955E-05
0.759892 0.0486277 0.146198 9.9973E-05 9.9973E-05 9.9973E-05 0.0449824
0.729666 0.0387481 0.146114 9.9973E-05 9.9973E-05 9.9973E-05 0.085172
0.0508645 0.0284273 0.560801 0.0160535 0.101555 0.0348043 0.207494
0.154481 0.0627917 0.397669 9.9991E-05 0.0561796 0.0167011 0.312078
0.0242565 0.11951 0.46343 9.9973E-05 9.9973E-05 9.9973E-05 0.392503
0.0874661 9.9991E-05 0.201232 0.0253581 0.540654 0.0303885 0.114801
0.0422389 0.0191348 0.338174 0.0350937 9.9982E-05 9.9982E-05 0.565159
0.0631833 0.0334711 0.519682 9.9991E-05 0.0628789 0.0819719 0.238713
0.0206497 0.0671344 0.608729 0.0530065 9.9991E-05 0.0329459 0.217434
0.079805 9.9982E-05 0.621183 0.178916 0.0549491 9.9982E-05 0.0649463
0.101147 0.0381233 0.57425 0.0492089 0.0528566 9.9991E-05 0.184314
0.0082071 0.00871726 0.139579 9.9982E-05 0.170139 9.9982E-05 0.673158
0.0115437 0.0803846 0.579891 0.200942 0.0430853 9.9991E-05 0.0840533
0.0561593 9.9982E-05 0.657551 0.075921 9.9982E-05 0.0243939 0.185774
0.219573 0.0391794 0.566677 0.0887863 0.014112 9.9991E-05 0.0715727
9.9964E-05 9.9964E-05 0.361183 9.9964E-05 9.9964E-05 0.0450867 0.59333
0.0475686 0.0800865 0.551195 9.9982E-05 9.9982E-05 0.0989394 0.22201
0.106831 0.02714 0.547296 0.00646805 0.122371 0.0239214 0.165973
0.0476347 9.9973E-05 9.9973E-05 0.268834 9.9973E-05 0.00113717 0.682094
9.9991E-05 0.00749472 0.182162 0.14001 0.411888 0.0152221 0.243122
9.9991E-05 0.0310156 0.0919277 0.374441 0.267328 0.0779428 0.157245
0.11514 0.0556406 0.559544 0.118657 0.150819 9.9982E-05 9.9982E-05
0.0539143 0.116881 0.601882 0.0957849 0.103429 0.0280099 9.9991E-05
0.0157218 0.109431 0.527322 0.140099 0.0326987 0.041197 0.13353
0.092063 9.9991E-05 0.150952 0.0558181 0.344604 0.154869 0.201593
0.063295 9.9982E-05 0.568952 9.9982E-05 0.177472 0.0729572 0.117124
0.0762241 0.00406409 0.627588 0.13268 0.159244 9.9982E-05 9.9982E-05
0.076405 9.9991E-05 0.383729 0.103213 0.187706 0.123592 0.125255
0.200773 0.0335322 0.0826731 0.125053 0.350416 0.0398108 0.167742
0.0785663 0.0843483 0.467537 9.9991E-05 0.130723 0.0026993 0.236026
0.0836119 0.0146492 0.512683 9.9982E-05 0.290131 0.0987254 9.9982E-05
0.0755622 9.9991E-05 0.0673866 0.155117 0.542842 0.00841641 0.150576
9.9982E-05 9.9982E-05 0.540218 0.094906 0.254011 0.0674439 0.0432207
0.00909747 9.9991E-05 0.636637 0.0532984 0.0665877 0.174411 0.0598685
0.0422038 0.0257836 0.572097 0.134319 0.196872 0.0286245 9.9991E-05
0.0403149 0.0438601 0.329984 0.0643306 0.256749 0.103682 0.161079
9.9991E-05 0.0496476 0.505801 0.0955321 0.111355 0.148294 0.0892709
0.0543603 0.0037107 0.664446 0.041478 0.130711 0.0891648 0.0161295
9.9982E-05 9.9982E-05 0.218429 0.113891 0.453382 0.100663 0.113436
9.9973E-05 0.0121877 0.553613 9.9973E-05 0.0813334 9.9973E-05 0.352566
9.9964E-05 9.9964E-05 0.191994 9.9964E-05 0.0968849 9.9964E-05 0.710721
0.106301 0.0793661 0.51251 9.9991E-05 0.0168876 0.0588421 0.225993
9.9955E-05 9.9955E-05 9.9955E-05 0.095914 9.9955E-05 9.9955E-05 0.903586
0.00812692 9.9982E-05 9.9982E-05 0.079415 0.0148119 0.00235011 0.895096
9.9955E-05 9.9955E-05 0.278378 9.9955E-05 9.9955E-05 9.9955E-05 0.721122
0.0197704 9.9982E-05 0.465615 0.0260922 0.0860112 9.9982E-05 0.402311
0.124161 0.0280947 0.572278 0.070826 0.0296874 0.0295643 0.145388
0.00467996 0.0654522 0.376725 0.0234098 0.0569929 9.9991E-05 0.47264
0.0726445 9.9973E-05 0.144529 9.9973E-05 0.127281 9.9973E-05 0.655246
0.0272804 0.00340205 0.191949 9.9982E-05 0.183424 9.9982E-05 0.593744
0.043112 0.110438 0.449369 0.0338311 0.0774371 0.0579116 0.227901
0.0213635 0.0158338 0.33196 0.0161894 0.106006 9.9991E-05 0.508547
0.0653011 0.00287434 0.427093 9.9982E-05 0.021616 9.9982E-05 0.482915
9.9973E-05 9.9973E-05 0.365382 0.0734077 9.9973E-05 0.030407 0.530503
9.9973E-05 0.0428248 9.9973E-05 0.14849 9.9973E-05 0.0933514 0.715034
0.0122215 0.0885475 0.592907 9.9982E-05 0.0142984 9.9982E-05 0.291825
0.806684 0.0216488 0.107723 9.9982E-05 0.0407508 0.0229932 9.9982E-05
0.888923 9.9955E-05 0.110577 9.9955E-05 9.9955E-05 9.9955E-05 9.9955E-05
0.8856 0.0242462 0.0897543 9.9964E-05 9.9964E-05 9.9964E-05 9.9964E-05
0.922488 0.00917941 9.9973E-05 0.0307027 9.9973E-05 9.9973E-05 0.0373297
0.868145 9.9964E-05 0.0940305 9.9964E-05 9.9964E-05 0.0374246 9.9964E-05
0.852059 0.048809 0.0477458 9.9973E-05 9.9973E-05 9.9973E-05 0.0510864
0.919894 9.99551E-05 0.0796059 9.99551E-05 9.99551E-05 9.99551E-05 9.99551E-05
0.145586 0.0317494 0.561929 0.000682452 9.9982E-05 9.9982E-05 0.259853
0.136399 0.0338915 0.567752 0.0156715 0.0330163 9.9991E-05 0.213169
0.0573535 9.9973E-05 0.0527266 9.9973E-05 0.0345231 9.9973E-05 0.855097
0.0943004 0.0457867 0.581139 0.0563771 0.0281146 9.9991E-05 0.194182
0.0192589 9.9973E-05 0.5019 9.9973E-05 0.0723432 9.9973E-05 0.406198
0.0801125 9.9973E-05 0.668274 0.00550471 9.9973E-05 9.9973E-05 0.245809
0.0254998 0.0240734 0.575969 0.0610256 9.9991E-05 0.0495312 0.263801
9.9973E-05 0.0918858 0.415236 9.9973E-05 9.9973E-05 0.0132568 0.479321
0.0645416 9.9964E-05 9.9964E-05 9.9964E-05 0.207986 9.9964E-05 0.727073
0.163948 0.0532912 0.474235 9.99906E-05 0.132773 0.00691095 0.168742
0.0798553 9.9982E-05 0.664719 0.0322296 9.9982E-05 0.00839235 0.214604
0.137679 0.0631409 0.462291 9.9991E-05 0.12272 0.0122837 0.201786
0.0200027 9.9982E-05 0.279989 0.0990597 9.9982E-05 0.0993346 0.501414
0.0387023 0.0375174 0.473404 0.00209606 9.9991E-05 0.0240269 0.424154
0.0250886 9.9982E-05 0.505165 9.9982E-05 0.0616126 0.0462881 0.361646
9.9973E-05 0.0932102 0.249175 9.9973E-05 9.9973E-05 0.0152255 0.642089
0.0624664 9.9982E-05 0.425917 9.9982E-05 0.0924935 0.0471787 0.371744
0.142888 0.0219431 0.597874 0.0314081 0.0964409 9.9991E-05 0.109346
0.0162912 0.00135302 0.275641 0.148491 0.347898 0.204141 0.0061853
0.152312 0.0173984 0.440434 0.0433218 0.312968 9.9991E-05 0.033466
0.110605 0.0693597 0.547444 9.9982E-05 0.203193 0.0691985 9.9982E-05
0.0136047 0.0971395 0.553094 0.00696211 0.146716 0.0297335 0.15275
0.025505 9.9973E-05 0.554525 0.0569248 0.362746 9.9973E-05 9.9973E-05
9.9982E-05 0.0103852 0.58605 0.134085 0.256405 0.0128748 9.9982E-05
9.9973E-05 9.9973E-05 0.5169 9.9973E-05 0.392017 0.0863223 0.00446014
0.157686 9.9991E-05 0.535029 0.058499 0.088673 0.0404 0.119613
0.119745 0.0825417 0.55175 0.0556448 0.113722 9.9991E-05 0.0764967
0.0665923 9.9991E-05 0.617757 0.00182489 0.204033 0.0790454 0.0306482
9.9973E-05 9.9973E-05 0.473352 0.00504911 0.367593 9.9973E-05 0.153706
9.9991E-05 0.00856056 0.68614 0.0749475 0.151473 0.0511935 0.0275853
0.107059 0.079703 0.49242 0.120204 0.118358 0.0821574 9.9991E-05
9.9982E-05 0.0823206 0.48388 9.9982E-05 0.135187 0.179898 0.118514
0.0302406 9.9982E-05 0.551629 0.161622 0.116184 0.140124 9.9982E-05
9.9982E-05 0.162211 0.465035 9.9982E-05 0.189018 0.0417373 0.141799
0.0649296 9.9982E-05 0.40637 0.187379 0.249528 0.0915933 9.9982E-05
0.00285186 0.0352551 0.642266 0.0503866 0.187486 9.9991E-05 0.0816543
0.0122208 0.00132666 0.683017 0.0274809 0.0891861 0.186668 9.9991E-05
0.00352427 0.0627513 0.277481 9.9991E-05 0.444252 0.0422833 0.169608
9.9991E-05 0.0183893 0.18268 0.24712 0.303702 0.160289 0.0877191
0.0504309 0.0385025 0.480574 0.147309 0.248591 9.9991E-05 0.0344934
9.9991E-05 0.0673513 0.0752767 0.151733 0.314077 0.266021 0.125441
0.0340607 9.9991E-05 0.291064 0.00659926 0.402468 0.150649 0.115059
9.9982E-05 9.9982E-05 0.496986 0.0529931 0.301145 0.00259517 0.146081
0.0651217 9.9982E-05 0.332145 9.9982E-05 0.445259 0.00779164 0.149482
9.9982E-05 0.0530375 0.343798 0.0344951 0.468121 9.9982E-05 0.100349
0.048213 0.0349294 0.625627 0.100642 0.1187 0.059434 0.0124549
0.0644905 0.183972 0.496775 9.9991E-05 0.0487919 0.11046 0.0954109
0.0877717 9.9991E-05 0.574978 0.0267704 0.148853 0.027644 0.133883
9.9991E-05 0.00581965 0.200237 0.234788 0.383457 0.0345567 0.141042
0.165314 9.9991E-05 0.564967 0.117763 0.00556821 0.0766659 0.0696217
9.9991E-05 0.0103796 0.512424 0.195474 0.108582 0.0456964 0.127344
0.0826249 9.9991E-05 0.0126273 0.50121 0.142162 0.126382 0.134894
0.111398 0.0519791 0.602259 0.0378296 9.9991E-05 0.146149 0.0502849
0.102603 9.9991E-05 0.363113 0.226633 0.0426989 0.0690637 0.195787
0.0301998 0.0623925 0.471458 0.221559 0.0767213 0.0558118 0.0818573
0.0627333 0.0150363 0.315546 0.45979 0.0520694 0.0376641 0.0571605
0.0123358 9.9982E-05 0.225936 0.430929 0.217104 0.113495 9.9982E-05
0.0243631 9.9991E-05 0.468937 0.258274 0.108735 0.0840881 0.0555026
0.0545458 0.0684884 0.380329 0.265657 0.153038 9.9991E-05 0.0778427
0.0858582 0.0059099 0.473175 0.168507 0.223477 0.00224468 0.040829
0.00835034 0.134179 0.052084 0.419756 0.0821419 0.0189841 0.284505
0.106908 0.0828055 0.526674 0.000545806 0.0748482 0.0972009 0.111017
9.9982E-05 9.9982E-05 0.412139 0.384958 0.0712579 0.11552 0.0159249
9.9982E-05 9.9982E-05 0.485814 0.181262 0.091644 0.0822869 0.158794
0.145011 9.9982E-05 0.574345 0.0735325 0.0850199 9.9982E-05 0.121891
0.311085 0.258315 0.0998197 0.2958 0.0173865 9.9991E-05 0.017494
0.468489 0.136421 9.9964E-05 0.39469 9.9964E-05 9.9964E-05 9.9964E-05
0.389811 0.141697 9.9964E-05 0.468093 9.9964E-05 9.9964E-05 9.9964E-05
0.281155 0.376368 0.030389 0.232187 0.0797005 9.9982E-05 9.9982E-05
9.9973E-05 9.9973E-05 0.652904 0.261968 9.9973E-05 0.0159802 0.0688471
0.18478 9.9991E-05 0.580881 0.0456933 0.0683119 0.0135187 0.106715
9.9964E-05 0.666324 0.286905 9.9964E-05 0.046371 9.9964E-05 9.9964E-05
0.0551139 0.434164 0.361802 0.00335434 9.9991E-05 0.0464847 0.0989816
0.0141254 0.388887 0.33912 0.0632564 0.127429 9.9991E-05 0.0670818
9.9973E-05 9.9973E-05 0.419418 0.435724 9.9973E-05 0.123469 0.0210892
0.098672 0.0216143 0.527235 0.201112 0.140442 9.9991E-05 0.0108253
9.9973E-05 9.9973E-05 0.245186 0.51289 9.9973E-05 0.17162 0.070004
9.9982E-05 0.0223297 0.664137 0.204195 0.034736 0.074403 9.9982E-05
0.0671469 9.9991E-05 0.488179 0.278296 0.00803468 0.131177 0.0270665
0.00305059 9.9982E-05 0.635705 0.305635 0.0428902 9.9982E-05 0.0125191
9.9982E-05 9.9982E-05 0.20322 0.472122 0.0383519 0.189663 0.0964436
0.0567609 9.9973E-05 0.652197 0.219193 9.9973E-05 9.9973E-05 0.0715489
9.9973E-05 0.038516 0.615952 0.267957 0.0772756 9.9973E-05 9.9973E-05
9.9955E-05 0.979323 9.9955E-05 9.9955E-05 9.9955E-05 0.0201774 9.9955E-05
9.9955E-05 0.875621 0.123879 9.9955E-05 9.9955E-05 9.9955E-05 9.9955E-05
0.113983 0.543741 0.262814 9.9991E-05 0.00889362 0.0157872 0.0546809
0.0215292 0.662803 0.315268 9.9964E-05 9.9964E-05 9.9964E-05 9.9964E-05
9.9964E-05 0.797543 0.141391 9.9964E-05 9.9964E-05 9.9964E-05 0.060666
9.995E-05 0.9994 9.995E-05 9.995E-05 9.995E-05 9.995E-05 9.995E-05
9.9964E-05 0.986509 9.9964E-05 9.9964E-05 0.00886117 9.9964E-05 0.00422993
9.9955E-05 0.848316 0.151184 9.9955E-05 9.9955E-05 9.9955E-05 9.9955E-05
9.9964E-05 0.913472 0.0350222 9.9964E-05 0.0511062 9.9964E-05 9.9964E-05
9.995E-05 0.9994 9.995E-05 9.995E-05 9.995E-05 9.995E-05 9.995E-05
0.00698976 0.99251 9.9955E-05 9.9955E-05 9.9955E-05 9.9955E-05 9.9955E-05
0.0527941 0.749199 0.180776 9.9982E-05 0.0107857 0.00624557 9.9982E-05
0.0158946 0.795029 0.109869 9.9973E-05 0.0789076 9.9973E-05 9.9973E-05
9.9964E-05 0.957681 9.9964E-05 9.9964E-05 0.00123822 9.9964E-05 0.040681
0.034954 0.370953 0.396642 0.00701929 0.190232 9.9982E-05 9.9982E-05
0.0518291 0.634441 0.258243 9.9973E-05 0.0551872 9.9973E-05 9.9973E-05
0.0287238 0.778747 0.119739 9.9982E-05 0.029919 0.0426711 9.9982E-05
9.9964E-05 0.890389 0.0733613 9.9964E-05 0.0358503 9.9964E-05 9.9964E-05
9.9964E-05 0.98393 0.0104871 9.9964E-05 9.9964E-05 9.9964E-05 0.00518344
9.9973E-05 0.938815 0.00440883 9.9973E-05 9.9973E-05 0.013637 0.0428393
9.995E-05 0.9994 9.995E-05 9.995E-05 9.995E-05 9.995E-05 9.995E-05
0.0523859 0.653324 0.230224 9.9973E-05 9.9973E-05 9.9973E-05 0.0637652
9.9964E-05 0.894285 9.9964E-05 9.9964E-05 9.9964E-05 0.0374953 0.0678197
0.236398 0.0655301 9.9982E-05 0.685521 9.9982E-05 0.00220026 0.01015
0.137619 0.03141 0.422655 0.204553 0.166417 9.9991E-05 0.0372453
0.161209 0.07891 0.417495 0.280471 0.0608284 9.9991E-05 0.000987117
0.224554 0.0820233 0.204879 0.479041 0.00930264 9.9982E-05 9.9982E-05
0.00952098 0.24183 0.356394 0.184831 0.106433 0.0165252 0.0844668
0.233612 0.11364 0.183898 0.448245 9.9991E-05 0.009262 0.0112432
0.134015 0.105051 0.422934 0.149345 0.0891788 0.0652495 0.0342266
0.109535 0.178493 0.32094 0.345676 9.9982E-05 9.9982E-05 0.0451564
0.175354 0.0594031 0.527079 0.237864 9.9973E-05 9.9973E-05 9.9973E-05
0.0966561 0.205275 0.346694 0.341665 9.9982E-05 0.00950971 9.9982E-05
0.101411 0.0521467 0.506267 0.295558 0.0444172 9.9982E-05 9.9982E-05
0.774937 9.9982E-05 0.047241 0.106673 0.061549 0.00939961 9.9982E-05
0.890772 0.0704957 0.00128644 0.0234054 9.9991E-05 0.00485733 0.00908307
0.94978 9.9964E-05 9.9964E-05 0.0296285 0.0201916 9.9964E-05 9.9964E-05
0.923193 9.9964E-05 0.0402449 9.9964E-05 0.0361624 9.9964E-05 9.9964E-05
0.893966 9.9973E-05 0.0428453 0.0282629 0.0346256 9.9973E-05 9.9973E-05
0.869616 0.107282 9.9973E-05 9.9973E-05 9.9973E-05 0.0102374 0.012565
0.882583 0.0679653 0.0488761 9.9973E-05 0.000275851 9.9973E-05 9.9973E-05
0.893649 9.9973E-05 0.0128016 0.0365502 9.9973E-05 0.0566996 9.9973E-05
0.924181 9.9964E-05 0.0627891 9.9964E-05 9.9964E-05 0.0126296 9.9964E-05
0.847772 0.091163 9.9964E-05 0.0606649 9.9964E-05 9.9964E-05 9.9964E-05
0.621966 9.9973E-05 9.9973E-05 9.9973E-05 0.219693 0.0100673 0.147974
0.611496 9.9964E-05 9.9964E-05 9.9964E-05 0.302619 9.9964E-05 0.0854853
0.543287 9.9982E-05 9.9982E-05 0.126828 0.242874 0.0490195 0.0377909
0.482604 9.9982E-05 9.9982E-05 0.0796987 0.324836 0.0131035 0.0995578
0.0280732 0.0107501 0.558861 0.00501797 0.0628018 0.0383806 0.296115
0.047681 0.0158647 0.517906 9.9991E-05 0.0245666 0.0420986 0.351783
0.0547269 0.040655 0.502942 0.0764103 0.0914701 0.077129 0.156666
0.0239082 9.9982E-05 0.432728 0.0429793 0.237994 9.9982E-05 0.262191
9.9973E-05 9.9973E-05 0.217345 0.0625446 0.578565 9.9973E-05 0.141246
0.145754 9.9973E-05 0.606832 9.9973E-05 9.9973E-05 0.132335 0.114779
9.9973E-05 9.9973E-05 0.572612 0.0527726 0.0755604 9.9973E-05 0.298755
9.9982E-05 9.9982E-05 0.569545 0.101339 0.0712031 0.002813 0.2549
9.9982E-05 0.0645243 0.333163 0.0574758 9.9982E-05 0.000611856 0.544025
0.0422003 0.0113397 0.622306 9.9991E-05 0.11325 0.0463892 0.164415
9.9973E-05 9.9973E-05 0.401273 9.9973E-05 0.142319 0.0676627 0.388445
9.9973E-05 9.9973E-05 9.9973E-05 0.0151879 0.0953939 0.188867 0.700251
0.0336975 0.0761679 0.468057 0.0520993 0.217822 0.0185557 0.133601
9.9991E-05 0.00640359 0.278805 0.060442 0.0189424 0.184283 0.451024
9.9973E-05 9.9973E-05 0.558558 0.0573856 9.9973E-05 0.0252473 0.35851
0.0198943 9.99779E-05 0.0851579 9.99779E-05 0.230789 9.99779E-05 0.663859
0.101496 0.0162089 9.9991E-05 0.169571 0.66245 0.0446414 0.00553144
0.075152 9.9982E-05 0.0806675 0.0714996 0.689894 0.0825866 9.9982E-05
0.0609494 9.9964E-05 9.9964E-05 9.9964E-05 0.791885 0.146765 9.9964E-05
0.123921 9.9973E-05 9.9973E-05 0.0404439 0.761816 0.0735188 9.9973E-05
9.9982E-05 0.0603694 0.000325175 0.0911574 0.79396 0.053988 9.9982E-05
0.082805 0.0466156 0.0254623 9.9982E-05 0.75173 0.0931867 9.9982E-05
0.879535 0.0065643 0.104376 9.9973E-05 9.9973E-05 0.00922504 9.9973E-05
0.828075 0.0020965 0.143409 9.9973E-05 0.0261194 9.9973E-05 9.9973E-05
0.750682 0.0775781 0.158925 9.9973E-05 0.0125144 9.9973E-05 9.9973E-05
0.721587 0.128683 0.050877 9.9973E-05 0.0985527 9.9973E-05 9.9973E-05
0.785141 0.0492955 0.0839101 0.073723 0.00773057 9.9982E-05 9.9982E-05
0.366622 9.9973E-05 9.9973E-05 0.100386 0.518477 9.9973E-05 0.0142152
0.416253 9.9982E-05 9.9982E-05 0.100022 0.383303 0.082115 0.0181081
0.456018 9.9973E-05 9.9973E-05 9.9973E-05 0.402684 0.109657 0.0313404
0.812008 0.0229888 0.155344 9.9973E-05 0.0093592 9.9973E-05 9.9973E-05
0.36486 9.9973E-05 9.9973E-05 9.9973E-05 0.482349 0.0870517 0.0654399
0.188944 0.359822 0.301092 0.149843 9.9973E-05 9.9973E-05 9.9973E-05
0.110475 0.235846 0.480666 0.0023942 0.040474 0.103966 0.0261793
0.174224 0.320925 0.504452 9.9964E-05 9.9964E-05 9.9964E-05 9.9964E-05
0.250463 0.223872 0.348702 0.118214 0.0192228 0.00680135 0.0327247
0.142819 0.297064 0.367546 0.00212661 9.9991E-05 0.0864362 0.103908
0.39449 0.307837 9.9964E-05 0.297273 9.9964E-05 9.9964E-05 9.9964E-05
9.9982E-05 9.9982E-05 0.450102 0.0738113 0.375264 0.0436342 0.0569883
0.00184561 9.9991E-05 0.412702 0.158086 0.149506 0.206806 0.0709545
0.0873274 9.9991E-05 0.338832 0.00770676 0.475403 0.068584 0.0220473
9.9982E-05 9.9982E-05 0.505779 0.116371 0.133576 0.185801 0.058273
9.9973E-05 9.9973E-05 9.9973E-05 0.310184 0.10937 0.335518 0.244628
0.083177 0.0664191 0.467016 0.16087 0.0992261 0.0880863 0.0352064
0.0749851 9.9973E-05 0.526991 9.9973E-05 0.171822 0.225903 9.9973E-05
0.00778393 9.9982E-05 0.40867 0.12638 0.391365 9.9982E-05 0.0656015
0.00338571 0.0859105 0.48102 0.0842912 0.187705 0.157589 9.9991E-05
9.9982E-05 9.9982E-05 0.119665 0.280982 0.24971 0.126658 0.222784
9.9991E-05 0.0592311 0.45395 0.163616 0.114923 0.138398 0.0697816
9.9991E-05 0.0510737 0.565074 0.0423823 0.21612 0.0142367 0.111013
0.118083 0.183338 0.411261 0.0506105 0.159996 9.9991E-05 0.076611
9.9982E-05 9.9982E-05 0.403005 0.0880403 0.253958 0.205804 0.0489934
9.9982E-05 9.9982E-05 0.457254 0.00611574 0.297554 0.143962 0.0949134
9.9991E-05 0.103303 0.447766 0.0637486 0.134776 0.110297 0.14001
0.0402834 9.9991E-05 0.577445 0.0627074 0.101367 0.122506 0.0955907
9.9982E-05 0.0465001 0.659665 0.0573348 0.162163 0.0741367 9.9982E-05
0.094635 0.0121653 0.550471 0.110172 0.0739152 0.0651765 0.0934647
0.099579 0.0925179 0.470655 0.119651 0.196731 0.0183829 0.00248289
0.764296 0.099609 0.135695 9.9964E-05 9.9964E-05 9.9964E-05 9.9964E-05
0.821356 0.0495462 0.0875611 9.9982E-05 9.9982E-05 0.0123593 0.0289777
0.735841 0.033066 0.0078677 0.116899 0.0830344 9.9991E-05 0.023192
0.808777 0.0542818 9.9982E-05 9.9982E-05 0.00359747 0.0519333 0.0812106
0.824397 0.00968161 0.150243 0.015379 9.9973E-05 9.9973E-05 9.9973E-05
9.9982E-05 0.0626589 0.139303 0.121233 0.552513 9.9982E-05 0.124092
0.0779436 9.9991E-05 0.554736 0.0409621 0.10395 0.124458 0.097849
0.206519 0.167355 0.339742 0.116865 0.0401952 0.0933239 0.0359986
0.022886 0.0854175 0.606191 9.9991E-05 0.166698 0.0276919 0.0910158
0.0505143 9.9982E-05 0.51346 9.9982E-05 0.266061 0.100953 0.0688122
9.9982E-05 0.0643466 0.271376 0.120411 0.340311 0.203355 9.9982E-05
0.107934 9.9982E-05 0.0374455 0.154007 0.585625 9.9982E-05 0.114789
0.0468658 9.9982E-05 0.559658 0.0562967 0.333431 9.9982E-05 0.00354905
0.0898948 0.0277387 0.204752 0.0106002 0.543332 0.100159 0.0235238
0.0324832 0.0622152 0.428487 0.148282 0.124985 0.0667706 0.136778
0.0918273 0.0205479 0.101438 0.074349 0.580068 0.0285907 0.10318
0.029811 0.0986934 0.587333 0.030827 0.209564 0.0210665 0.0227058
0.076085 0.0202069 0.184712 0.0331472 0.495857 0.0954492 0.0945425
0.00782557 0.0610405 0.394977 0.114859 0.331143 0.0900546 9.9991E-05
0.0271967 0.0754496 0.515491 0.241623 0.140039 9.9982E-05 9.9982E-05
9.9973E-05 9.9973E-05 0.302495 0.509839 0.0735387 0.113828 9.9973E-05
0.0255309 9.9973E-05 0.562026 0.344331 9.9973E-05 9.9973E-05 0.0678121
0.108678 9.9982E-05 0.574044 0.227832 0.0500481 9.9982E-05 0.0391982
9.9973E-05 9.9973E-05 0.396977 0.437304 0.0877623 0.0776571 9.9973E-05
0.0461948 0.10209 0.464314 0.130193 0.0850312 0.0455437 0.126633
0.023277 9.9982E-05 0.484845 0.209327 9.9982E-05 0.143987 0.138364
9.9982E-05 9.9982E-05 0.146157 0.497213 0.0670775 0.14791 0.141443
9.9973E-05 9.9973E-05 0.305338 0.575696 9.9973E-05 0.0689224 0.049744
9.9973E-05 9.9973E-05 0.533564 0.22789 0.070664 0.167582 9.9973E-05
9.9982E-05 9.9982E-05 0.158917 0.478673 0.107914 0.13581 0.118486
9.9973E-05 9.9973E-05 0.580403 0.276276 0.085418 9.9973E-05 0.0576032
9.9991E-05 0.0753015 0.0991553 0.0189743 0.62076 0.00592269 0.179787
9.9982E-05 9.9982E-05 0.272038 0.0324557 0.315365 0.288859 0.0910826
9.9982E-05 0.0945772 0.385207 9.9982E-05 0.4109 0.0228887 0.0862267
9.9982E-05 0.09251 0.618533 0.0533304 0.190308 9.9982E-05 0.0451189
9.9982E-05 0.0290824 0.278879 0.0287623 0.473924 9.9982E-05 0.189152
0.0507402 0.127895 0.447708 0.088999 0.191597 0.0929609 9.9991E-05
0.0318082 0.117537 0.529407 9.9991E-05 0.20382 0.00866503 0.108663
0.000899669 0.0586897 0.522831 0.101375 0.270799 9.9991E-05 0.0453067
0.016465 0.215202 0.359461 9.9991E-05 0.329292 0.0611608 0.0183187
0.0142782 0.0239346 0.461269 9.9982E-05 0.426186 9.9982E-05 0.0741318
9.9982E-05 0.129485 0.169501 9.9982E-05 0.473448 0.0243451 0.203021
9.9982E-05 0.0647566 0.336571 9.9982E-05 0.423231 0.100877 0.074365
9.9991E-05 0.0505151 0.577364 0.0104666 0.216914 0.0612434 0.0833962
0.0600655 0.0360581 0.584758 0.0309051 0.125526 0.0930682 0.0696188
0.018814 0.014936 0.416459 0.0799708 0.311463 0.0563335 0.102024
0.0175582 0.088274 0.486193 9.9982E-05 0.258407 0.149368 9.9982E-05
0.0722874 0.0144961 0.377439 0.0960422 0.402138 0.0374966 9.9991E-05
0.0345669 0.00327261 0.675434 0.00442957 0.2327 9.9991E-05 0.0494974
0.074475 0.0544007 0.508613 0.00904819 0.221019 0.0574263 0.0750179
0.0587723 0.105573 0.519351 0.0202649 0.244837 9.9991E-05 0.0511025
0.413941 0.108813 0.42519 0.0268463 9.9982E-05 9.9982E-05 0.0250099
0.118162 0.287739 0.405852 0.0758023 9.9991E-05 0.00783342 0.104511
0.0795808 0.170568 0.452232 0.196559 0.0435732 0.0573875 9.9991E-05
0.0392819 0.148985 0.536986 0.121936 0.106642 9.9991E-05 0.0460687
0.177176 0.246754 0.3694 0.0252987 0.0482126 0.0318659 0.101292
9.9973E-05 9.9973E-05 0.491413 0.153149 0.151901 0.203237 9.9973E-05
0.19821 0.0906615 0.551065 0.0332816 9.9982E-05 9.9982E-05 0.126582
0.194719 0.141522 0.0280987 0.507203 9.9982E-05 9.9982E-05 0.128257
0.10364 0.211139 0.429795 0.07123 0.157308 0.0267887 9.9991E-05
0.0352668 0.273685 0.444985 0.0178605 0.0604494 9.9991E-05 0.167653
0.100221 0.250418 0.402457 0.032168 0.153282 0.0613552 9.9991E-05
0.195863 0.204278 0.247383 0.141031 0.065083 0.00129952 0.145063
0.165355 0.171461 0.438975 0.143064 0.0202665 9.9991E-05 0.0607789
0.129396 0.185031 0.525637 0.112679 9.9982E-05 0.0470567 9.9982E-05
0.421281 0.183812 9.9964E-05 0.394507 9.9964E-05 9.9964E-05 9.9964E-05
0.188234 0.16117 0.551947 9.9982E-05 0.0439509 0.0544977 9.9982E-05
0.146284 0.165938 0.5374 0.123756 9.9982E-05 9.9982E-05 0.0264223
0.0594662 0.1239 0.564596 0.102668 0.0927955 0.0333448 0.0232285
0.219667 0.168004 0.566916 0.0189644 9.9982E-05 0.026249 9.9982E-05
0.0994626 0.146919 0.553493 0.107695 0.0469162 0.0104838 0.0350294
0.0537052 0.0929857 0.382081 9.9991E-05 0.0393552 0.393703 0.0380702
0.159925 0.110794 0.401542 0.027328 0.0119769 0.202599 0.0858345
9.9964E-05 9.9964E-05 9.9964E-05 9.9964E-05 0.0871322 0.860377 0.052091
9.9973E-05 9.9973E-05 9.9973E-05 0.0471568 0.015852 0.867795 0.0688967
0.0191287 0.0892067 0.403899 9.9991E-05 0.0791608 0.34191 0.0665948
0.0517147 0.351876 0.297897 0.106624 0.0540675 0.137721 9.9991E-05
0.0937471 0.397097 0.192399 0.0468033 9.9991E-05 0.209759 0.0600952
0.139884 0.368353 0.0456724 0.233216 9.9982E-05 0.212675 9.9982E-05
0.220234 0.26643 0.343405 9.9973E-05 9.9973E-05 0.169631 9.9973E-05
0.0559495 0.0890695 0.0381898 0.145843 9.9982E-05 0.670748 9.9982E-05
0.124358 0.140705 0.106497 9.9973E-05 9.9973E-05 0.628141 9.9973E-05
9.9973E-05 0.0836225 0.509038 9.9973E-05 9.9973E-05 0.354758 0.052281
0.0885497 0.0486995 0.401444 9.9973E-05 9.9973E-05 0.461007 9.9973E-05
0.100072 0.104386 0.0934243 9.9973E-05 9.9973E-05 0.701818 9.9973E-05
0.0574439 0.0432999 0.495432 9.9991E-05 0.0205419 0.354547 0.0286345
9.9982E-05 0.150429 0.402388 0.00497133 9.9982E-05 0.405678 0.036333
0.154166 0.121473 0.448861 0.0237129 9.9991E-05 0.177046 0.0746409
0.057396 9.9973E-05 0.324522 9.9973E-05 0.0389909 0.578791 9.9973E-05
9.9982E-05 0.0231507 0.340647 9.9982E-05 0.054875 0.492938 0.0881896
0.127587 0.020278 0.472071 9.9982E-05 9.9982E-05 0.299344 0.0805195
0.0511605 9.9991E-05 0.413805 0.062449 0.163025 0.278275 0.0311862
0.0759646 0.0931332 0.462943 0.195606 9.9991E-05 0.143665 0.0285888
9.9964E-05 9.9964E-05 0.454726 0.1502 9.9964E-05 0.394674 9.9964E-05
9.9982E-05 9.9982E-05 0.196993 0.0370033 0.0616626 0.692601 0.0115401
0.00999555 0.00238669 0.537909 0.0108076 9.9991E-05 0.386419 0.0523827
9.9982E-05 0.045081 0.17153 9.9982E-05 0.0411608 0.694009 0.0480192
9.9964E-05 9.9964E-05 0.427215 0.0112182 9.9964E-05 0.561167 9.9964E-05
0.0985066 0.0207757 0.53784 9.9982E-05 0.0870957 0.255582 9.9982E-05
0.024312 0.0279975 0.438559 9.9991E-05 0.0422615 0.408852 0.057918
0.0748737 0.215438 0.468225 0.227272 9.9982E-05 0.0139915 9.9982E-05
0.139062 0.184131 0.347964 0.081506 0.0222557 0.063989 0.161094
0.135687 0.356538 0.256637 0.117769 9.9991E-05 0.0321565 0.101114
0.127667 0.220462 0.304701 0.169333 0.109733 0.0680041 9.9991E-05
0.0883569 0.204657 0.481508 0.0770961 0.148182 9.9982E-05 9.9982E-05
0.0837976 0.151532 0.52397 0.0879855 0.0206981 0.131917 9.9991E-05
0.185401 0.148742 9.9973E-05 0.108471 9.9973E-05 0.557087 9.9973E-05
0.0609168 0.196043 0.562826 0.0420727 9.9982E-05 0.137942 9.9982E-05
0.365814 0.109585 9.9973E-05 0.120834 9.9973E-05 0.403467 9.9973E-05
9.9973E-05 0.223215 0.487672 0.0406785 9.9973E-05 0.248135 9.9973E-05
9.9964E-05 9.9964E-05 0.0623383 9.9964E-05 9.9964E-05 0.8517 0.0855623
0.00957548 9.9964E-05 9.9964E-05 9.9964E-05 9.9964E-05 0.89563 0.0943948
0.00518632 9.9982E-05 0.467004 0.00138312 9.9982E-05 0.503275 0.0229522
9.9964E-05 0.0242577 0.618426 9.9964E-05 9.9964E-05 0.356916 9.9964E-05
9.9964E-05 9.9964E-05 0.377751 9.9964E-05 9.9964E-05 0.619001 0.00284865
9.9955E-05 9.9955E-05 0.410585 9.9955E-05 9.9955E-05 0.588915 9.9955E-05
9.9955E-05 9.9955E-05 0.519443 9.9955E-05 9.9955E-05 0.480057 9.9955E-05
0.778639 0.0411868 0.0763646 0.0193165 9.9982E-05 0.0842934 9.9982E-05
0.705046 0.123967 9.9973E-05 9.9973E-05 0.105744 0.0649434 9.9973E-05
0.883829 0.0757781 9.9964E-05 9.9964E-05 0.0399933 9.9964E-05 9.9964E-05
0.937586 9.9955E-05 0.0619142 9.9955E-05 9.9955E-05 9.9955E-05 9.9955E-05
0.109322 0.00617857 0.471509 9.9991E-05 0.0176955 0.0643557 0.330839
0.0475062 0.00727827 0.47231 9.9991E-05 0.0384364 0.16099 0.273379
9.9955E-05 9.9955E-05 0.537765 9.9955E-05 9.9955E-05 9.9955E-05 0.461736
0.0646152 9.9982E-05 0.638687 0.0773461 0.0756294 9.9982E-05 0.143523
0.0286453 0.0743409 0.487764 0.107 0.0584982 9.9991E-05 0.243652
0.0248369 9.9982E-05 0.205943 0.096146 0.141305 9.9982E-05 0.53157
0.00129122 0.00330899 0.596594 9.9982E-05 9.9982E-05 0.0305673 0.368038
9.9973E-05 9.9973E-05 0.378044 0.0910619 9.9973E-05 0.0608782 0.469716
0.243107 0.154533 0.47875 0.0273922 0.000944118 0.0951738 9.9991E-05
9.9982E-05 9.9982E-05 0.447303 0.0846009 0.053229 0.099161 0.315506
0.0238459 0.00108112 0.375562 9.9982E-05 0.10081 9.9982E-05 0.498501
9.9973E-05 9.9973E-05 0.571916 9.9973E-05 0.0588708 0.0531287 0.315784
0.0108215 9.9973E-05 0.41765 9.9973E-05 0.0471948 9.9973E-05 0.524033
9.9973E-05 0.0117415 0.55373 9.9973E-05 9.9973E-05 0.0753183 0.35891
0.0830548 9.9982E-05 0.614826 9.9982E-05 0.00492767 0.0975142 0.199478
9.9964E-05 9.9964E-05 0.114456 9.9964E-05 9.9964E-05 0.116919 0.768225
0.00901596 9.9982E-05 0.304438 0.112246 9.9982E-05 0.0298202 0.54428
0.0500698 9.9982E-05 0.33794 9.9982E-05 0.0314859 0.0351791 0.545126
9.9964E-05 9.9964E-05 9.9964E-05 0.127558 9.9964E-05 0.0346819 0.83736
0.0191732 0.0171322 0.477159 0.023721 0.0654575 9.9991E-05 0.397257
9.9973E-05 9.9973E-05 0.121734 0.224338 9.9973E-05 0.0305432 0.623085
9.9964E-05 9.9964E-05 9.9964E-05 0.170885 9.9964E-05 0.0999094 0.728806
0.0658109 9.9973E-05 0.588365 9.9973E-05 9.9973E-05 0.0831252 0.262399
0.0462303 9.9973E-05 0.252399 9.9973E-05 0.0808212 9.9973E-05 0.620249
0.00300889 0.0200382 0.492045 0.0682162 0.0901735 9.9991E-05 0.326418
0.107763 0.0337965 0.588783 0.0192033 9.9991E-05 0.117187 0.133167
9.9982E-05 0.044214 0.481798 0.072261 0.113847 9.9982E-05 0.28768
9.9982E-05 0.025442 0.391838 0.134718 0.319208 0.128595 9.9982E-05
9.9973E-05 9.9973E-05 0.522749 9.9973E-05 0.0351459 0.198477 0.243328
0.00192749 0.0415283 0.489404 9.9982E-05 0.0811169 9.9982E-05 0.385823
9.9964E-05 9.9964E-05 0.335976 0.0221866 9.9964E-05 9.9964E-05 0.641438
0.137911 0.0020244 0.491079 9.9991E-05 0.0601824 0.220765 0.0879391
0.61057 9.9973E-05 9.9973E-05 0.1033 0.25103 9.9973E-05 0.0347994
0.752922 9.9982E-05 0.0579728 0.0247092 0.110137 9.9982E-05 0.0540591
0.76089 9.9964E-05 9.9964E-05 0.066529 0.172181 9.9964E-05 9.9964E-05
0.821822 9.9964E-05 9.9964E-05 9.9964E-05 0.144996 0.0327823 9.9964E-05
0.691907 9.9973E-05 0.0255987 0.0979277 0.184266 9.9973E-05 9.9973E-05
0.0159571 9.9973E-05 0.158789 9.9973E-05 0.167453 9.9973E-05 0.6575
0.100773 9.9973E-05 0.130348 9.9973E-05 0.0865422 9.9973E-05 0.682036
9.9982E-05 0.0103019 0.179564 0.0226967 9.9982E-05 0.0519984 0.735239
0.102457 0.0658703 0.551769 0.0538661 9.9991E-05 0.0800019 0.145936
0.0787675 0.0200155 0.562267 0.0777306 0.0480281 9.9991E-05 0.213092
0.0206191 0.0450242 0.29847 0.126459 9.9991E-05 0.00891033 0.500418
0.00419831 0.0240466 0.681369 0.0416103 9.9991E-05 0.00450035 0.244176
0.072169 0.0285244 0.404217 0.0139759 9.9991E-05 0.0557246 0.425289
0.0359444 0.0739804 0.531888 9.9973E-05 9.9973E-05 9.9973E-05 0.357887
0.0392924 0.00785804 0.688993 0.0406287 0.0073287 0.0366076 0.179291
9.9973E-05 0.0144421 0.263081 9.9973E-05 0.139712 9.9973E-05 0.582465
9.9973E-05 9.9973E-05 0.392649 0.00447862 0.0470551 9.9973E-05 0.555518
9.9973E-05 0.0127405 0.298584 9.9973E-05 0.162084 9.9973E-05 0.526292
0.0656725 0.0531111 0.624998 0.220254 0.0357643 9.9982E-05 9.9982E-05
9.9964E-05 9.9964E-05 0.429584 9.9964E-05 0.0581346 9.9964E-05 0.511881
0.0256957 0.0663177 0.395007 0.0317155 0.0225148 0.000140847 0.458609
0.0169789 0.451977 0.35002 0.0462687 0.124581 0.0100749 9.9991E-05
0.107428 0.475282 0.299332 0.0979139 0.0198432 9.9982E-05 9.9982E-05
0.078947 0.434335 0.436392 0.0500257 9.9973E-05 9.9973E-05 9.9973E-05
0.0678706 0.471131 0.31721 0.112962 0.0298582 0.000867399 9.9991E-05
0.172538 0.193948 0.525414 0.0107551 0.0173266 0.0799185 9.9991E-05
9.9964E-05 9.9964E-05 0.540664 0.241923 9.9964E-05 9.9964E-05 0.217012
0.24795 0.660939 0.0428854 0.0181611 0.0255063 9.9991E-05 0.00445867
0.163256 0.451757 0.28128 9.9982E-05 0.055597 0.0479106 9.9982E-05
0.156133 0.15151 0.357787 0.211532 9.9982E-05 9.9982E-05 0.122837
0.110788 9.9964E-05 0.610497 0.278315 9.9964E-05 9.9964E-05 9.9964E-05
0.0604829 0.0197537 0.45275 0.346179 0.0796421 0.0212516 0.0199409
0.0630889 9.9973E-05 0.667833 0.240592 0.028186 9.9973E-05 9.9973E-05
0.0775633 0.0427701 0.551894 0.159622 0.0397112 9.9991E-05 0.128339
0.173697 0.4366 0.389304 9.9964E-05 9.9964E-05 9.9964E-05 9.9964E-05
0.119779 0.377563 0.416669 0.0446015 0.0411875 9.9982E-05 9.9982E-05
0.020257 0.470324 0.458263 0.0508561 9.9973E-05 9.9973E-05 9.9973E-05
0.0833326 0.327851 0.439532 0.00197385 0.14292 9.9991E-05 0.00429052
0.152558 0.525896 0.216213 0.0122498 0.0454044 0.00307587 0.0446026
0.086877 0.435388 0.311755 9.99954E-05 0.0183263 0.097998 0.049556
0.110392 0.551058 0.215628 0.0947753 9.9982E-05 0.0279462 9.9982E-05
0.0550012 0.407637 0.437697 9.9982E-05 0.0543272 0.045138 9.9982E-05
9.9973E-05 9.9973E-05 0.498127 0.305507 0.047289 9.9973E-05 0.148777
0.129211 0.416741 0.273483 0.131278 0.00375257 0.00693551 0.0385982
0.0980971 0.675083 0.123832 0.102688 9.9973E-05 9.9973E-05 9.9973E-05
0.121348 0.417838 0.279365 9.9991E-05 0.00444184 0.0842752 0.0926319
0.104183 9.9982E-05 0.27925 0.393782 0.194762 9.9982E-05 0.0278233
9.9982E-05 0.0745648 0.572875 0.235106 0.0790321 9.9982E-05 0.0382223
0.207777 0.299595 0.347231 9.9991E-05 0.0676591 0.0672803 0.0103579
0.089724 9.9982E-05 0.656102 0.223577 0.0290918 0.00130584 9.9982E-05
0.11452 9.9982E-05 0.487387 0.275516 0.10392 9.9982E-05 0.0184572
0.137366 0.266968 0.287939 0.120802 0.0383884 0.0121187 0.136419
0.23934 0.238617 0.345739 0.0660266 9.9982E-05 0.110077 9.9982E-05
0.0560014 0.101488 0.542055 0.135922 0.0354871 9.9991E-05 0.128946
0.151662 0.360676 0.334503 0.14128 9.9982E-05 9.9982E-05 0.011679
0.11385 0.447713 0.438037 9.9964E-05 9.9964E-05 9.9964E-05 9.9964E-05
0.20938 0.559627 0.174136 0.0565576 9.9973E-05 9.9973E-05 9.9973E-05
0.0326168 0.0455745 0.593267 0.112109 0.108416 0.0798397 0.0281775
0.0906507 9.9982E-05 0.515695 0.300374 0.0780787 9.9982E-05 0.0150019
0.0260944 0.00416097 0.207214 0.736291 9.9982E-05 9.9982E-05 0.0260391
0.116888 0.111724 0.574507 0.0669498 0.0108165 9.9991E-05 0.119015
0.0503253 0.0513985 0.415844 0.176457 0.24845 9.9991E-05 0.0574262
0.22269 0.0831278 0.466911 0.139877 9.9991E-05 0.00983663 0.0774572
0.116456 0.0418517 0.485906 0.189141 0.106474 0.0452461 0.0149255
0.176089 0.2193 9.9964E-05 0.604211 9.9964E-05 9.9964E-05 9.9964E-05
0.209116 0.0805434 9.9964E-05 0.709941 9.9964E-05 9.9964E-05 9.9964E-05
0.125836 0.165231 0.26311 0.354707 0.0609723 0.0300431 9.9991E-05
0.257379 0.202708 0.0807272 0.402863 0.0477387 9.9991E-05 0.00848369
0.357278 0.22029 9.9964E-05 0.422033 9.9964E-05 9.9964E-05 9.9964E-05
0.0919299 0.141768 0.359614 0.266162 9.9982E-05 0.140327 9.9982E-05
0.232536 0.135271 0.383346 0.0609438 9.9991E-05 0.104813 0.0829903
0.222183 0.135757 0.231633 0.303022 0.0895249 9.9991E-05 0.0177805
0.253483 0.101998 0.145324 0.498895 9.9973E-05 9.9973E-05 9.9973E-05
0.0868864 0.100293 0.487597 0.256502 0.0114689 0.00553402 0.0517173
0.189111 0.111659 0.202809 0.440948 9.9982E-05 9.9982E-05 0.0552731
0.325885 0.0460269 9.9964E-05 0.627688 9.9964E-05 9.9964E-05 9.9964E-05
0.0712841 0.197224 0.542627 0.0931448 0.0955204 9.9982E-05 9.9982E-05
0.176987 0.268378 0.298404 0.14052 0.0555445 0.0600658 9.9991E-05
0.280086 0.206444 0.411411 0.00781425 0.031694 0.0472625 0.0152878
0.177953 0.287907 0.533739 9.9964E-05 9.9964E-05 9.9964E-05 9.9964E-05
0.218245 0.16419 0.441355 0.0327479 9.9991E-05 0.0603827 0.0829794
0.158155 0.238815 0.480724 0.0362858 9.9982E-05 9.9982E-05 0.0858211
0.348769 0.21038 0.380647 0.0451459 9.9982E-05 9.9982E-05 0.014858
0.221917 0.171338 0.510179 0.0621226 9.9982E-05 9.9982E-05 0.0342434
0.244957 0.209139 0.437026 0.0535456 0.0471471 9.9991E-05 0.00808514
0.228747 0.211218 0.373581 0.125488 9.9982E-05 0.0607669 9.9982E-05
0.115408 0.163308 0.269339 0.0502202 0.120685 9.9991E-05 0.280939
0.111185 0.117284 0.479688 0.126568 0.0668012 0.0835883 0.0148846
0.270243 0.0209366 0.576899 0.0514144 0.0681664 9.9991E-05 0.0122407
0.100599 0.124472 0.477411 9.9991E-05 0.103585 0.015898 0.177935
0.312448 0.165022 0.444306 0.0779236 9.9973E-05 9.9973E-05 9.9973E-05
0.240823 0.097734 0.537056 0.0788855 9.9991E-05 0.0198004 0.0256011
0.342093 0.221268 0.179593 0.256745 9.9973E-05 9.9973E-05 9.9973E-05
0.144099 0.239495 0.450776 0.00659212 0.158838 9.9982E-05 9.9982E-05
0.188994 0.346153 0.160205 0.243026 9.9991E-05 0.0296782 0.0318438
0.789868 9.9973E-05 9.9973E-05 0.030989 0.125143 9.9973E-05 0.0537005
0.0190637 0.0141287 0.124504 9.9982E-05 0.839181 9.9982E-05 0.00292294
0.0336534 9.9964E-05 9.9964E-05 9.9964E-05 0.961743 0.00420364 9.9964E-05
0.00942612 9.9955E-05 9.9955E-05 9.9955E-05 0.990074 9.9955E-05 9.9955E-05
9.9955E-05 9.9955E-05 9.9955E-05 9.9955E-05 0.925674 0.0738265 9.9955E-05
9.9955E-05 0.0608503 9.9955E-05 9.9955E-05 0.93865 9.9955E-05 9.9955E-05
0.00751499 9.9973E-05 0.0991927 9.9973E-05 0.874075 0.0189175 9.9973E-05
0.0340038 9.9964E-05 9.9964E-05 9.9964E-05 0.94526 9.9964E-05 0.0203363
0.214721 9.9964E-05 0.00187951 9.9964E-05 0.782999 9.9964E-05 9.9964E-05
0.903813 9.9973E-05 0.0445256 0.0468835 0.00447773 9.9973E-05 9.9973E-05
0.826285 9.9982E-05 0.0265476 0.000257291 0.10443 0.0422803 9.9982E-05
0.885943 0.0893469 9.9964E-05 9.9964E-05 9.9964E-05 9.9964E-05 0.0243101
0.809164 9.9973E-05 9.9973E-05 0.0363133 0.0988295 0.0553931 9.9973E-05
0.844487 0.0608926 9.9982E-05 0.0242549 0.0336888 9.9982E-05 0.0364763
0.925587 9.9955E-05 9.9955E-05 9.9955E-05 9.9955E-05 0.0739134 9.9955E-05
0.738688 0.1128 0.0759674 0.0688344 9.9982E-05 0.00351062 9.9982E-05
0.85941 0.0636603 0.0448072 0.0159048 9.9982E-05 0.0160176 9.9982E-05
0.716996 0.0997759 0.0131409 9.9982E-05 0.085536 9.9982E-05 0.0843517
0.898119 0.0628078 9.9973E-05 9.9973E-05 9.9973E-05 0.00933578 0.0294375
0.93783 9.9964E-05 9.9964E-05 9.9964E-05 0.0317455 0.030025 9.9964E-05
0.835626 0.0469848 9.9991E-05 0.00029236 0.0446101 0.0243077 0.0480792
0.915923 0.0307615 9.9964E-05 0.0529152 9.9964E-05 9.9964E-05 9.9964E-05
0.910231 9.9964E-05 0.0889301 0.000438638 9.9964E-05 9.9964E-05 9.9964E-05
0.844417 0.0502587 0.0557437 9.9982E-05 0.0197669 9.9982E-05 0.0296134
0.867516 9.9955E-05 0.131984 9.9955E-05 9.9955E-05 9.9955E-05 9.9955E-05
0.765005 0.177856 0.0567389 9.9964E-05 9.9964E-05 9.9964E-05 9.9964E-05
0.777245 0.070849 0.138623 9.9973E-05 9.9973E-05 9.9973E-05 0.0129823
0.810116 0.0234745 0.13182 9.9973E-05 9.9973E-05 9.9973E-05 0.03429
0.139551 9.9991E-05 0.446861 0.301045 0.0695393 0.0265143 0.0163892
0.0648988 9.9991E-05 0.739061 0.134647 0.0122165 0.0339274 0.0151486
0.188157 0.0145626 0.530628 0.0154668 0.0331999 0.0770641 0.140922
9.9973E-05 9.9973E-05 0.128653 0.741107 9.9973E-05 0.0528675 0.0770729
0.137011 9.9982E-05 0.554899 0.141462 0.105855 9.9982E-05 0.0605727
0.0372335 9.9973E-05 0.184361 0.770951 9.9973E-05 9.9973E-05 0.00715488
0.00960562 9.9982E-05 0.67365 0.251257 0.0532939 0.0119932 9.9982E-05
0.0168746 9.9982E-05 0.433831 0.274897 0.146836 9.9982E-05 0.127362
0.0593763 9.9973E-05 0.514724 0.347117 9.9973E-05 9.9973E-05 0.0784828
0.104009 9.9982E-05 0.519424 9.9982E-05 0.0523044 0.0862032 0.23786
0.0670353 9.9973E-05 0.502867 0.32406 0.105738 9.9973E-05 9.9973E-05
0.0956682 9.9982E-05 0.633447 0.137781 9.9982E-05 0.0447894 0.0881144
0.0740528 9.9973E-05 0.608572 0.278027 0.0390487 9.9973E-05 9.9973E-05
9.9991E-05 0.068019 0.0423018 0.102716 0.53583 0.169861 0.0811713
9.9964E-05 9.9964E-05 9.9964E-05 0.836663 0.0889362 0.0740012 9.9964E-05
9.9964E-05 9.9964E-05 0.195344 0.761361 0.0428953 9.9964E-05 9.9964E-05
0.0964467 9.9973E-05 0.682879 0.209357 0.0110172 9.9973E-05 9.9973E-05
0.082169 9.9973E-05 0.504363 0.356047 0.0571214 9.9973E-05 9.9973E-05
0.15724 9.9982E-05 0.512176 0.265208 0.0427829 9.9982E-05 0.0223936
