0.075775 9.9982E-05 0.871817 0.0522079 9.9982E-05
9.9973E-05 0.0308628 0.968837 9.9973E-05 9.9973E-05
0.00280483 9.9982E-05 0.849232 0.147763 9.9982E-05
0.0703486 9.9991E-05 0.834473 0.0609948 0.0340839
9.9982E-05 9.9982E-05 0.915023 0.0812748 0.00350228
0.0813372 0.116316 0.671491 0.129806 0.00105002
0.0526716 0.140754 0.792709 9.9991E-05 0.013765
0.0771478 0.163747 0.704604 0.0165716 0.0379289
0.0759885 0.0934857 0.830326 9.9982E-05 9.9982E-05
0.0470924 0.094328 0.681242 0.0658535 0.111484
0.132366 0.0929747 0.737968 0.0365909 9.9991E-05
0.456821 0.115773 0.00532693 0.339089 0.0829902
0.267634 0.0579601 0.00428554 0.535505 0.134615
0.474837 0.0745426 0.0459171 0.283743 0.12096
0.385208 0.0276428 0.0644953 0.37713 0.145525
0.160646 0.120894 0.208195 0.439759 0.0705065
0.19248 0.184839 0.0106976 0.4752 0.136783
0.30623 9.9991E-05 0.170511 0.400952 0.122208
0.604853 0.195836 0.0274336 0.0921145 0.0797625
0.246708 0.103639 0.100416 0.548184 0.00105399
0.237652 0.11159 0.0723503 0.473648 0.10476
0.222448 0.0619155 0.00111727 0.657823 0.0566961
0.409977 0.0981585 0.014756 0.375075 0.102033
0.303259 9.9991E-05 0.00557556 0.487073 0.203992
0.491166 0.131876 0.0335471 0.207849 0.135562
0.437157 0.0415639 0.062345 0.295176 0.163758
0.453229 0.113543 0.0407232 0.374312 0.0181924
9.9982E-05 9.9982E-05 0.82912 0.120665 0.0500154
9.9982E-05 9.9982E-05 0.817351 0.142046 0.0404031
9.9973E-05 9.9973E-05 0.800882 0.198818 9.9973E-05
9.9982E-05 9.9982E-05 0.767845 0.19036 0.0415944
0.193487 0.0801101 0.0683063 0.657996 9.9991E-05
9.9991E-05 0.24182 0.0131156 0.654289 0.0906754
0.589923 0.0594405 0.0819116 0.242869 0.0258559
0.0291252 0.408692 0.000126482 0.561956 9.9991E-05
9.9991E-05 0.111817 0.0520716 0.779298 0.0567136
0.166484 0.0391187 0.133521 0.627935 0.0329409
0.109015 9.9982E-05 0.157242 0.733543 9.9982E-05
0.262772 0.269151 0.0323652 0.435612 9.9991E-05
0.0168529 0.231802 0.0759242 0.574695 0.100725
9.9973E-05 0.377449 9.9973E-05 0.622251 9.9973E-05
0.00970595 0.910447 0.0783963 0.00135078 9.9991E-05
0.468435 0.220112 9.9982E-05 0.311254 9.9982E-05
0.234656 0.538137 0.008796 0.135279 0.0831323
0.341775 0.207844 0.14639 0.286908 0.0170833
0.225171 0.0317708 0.036828 0.602208 0.104022
0.217319 0.109586 0.202914 0.470081 9.9991E-05
0.388099 0.199843 0.197333 0.120859 0.0938666
0.312853 0.0849083 0.0834207 0.428611 0.0902065
0.565982 0.197653 0.0646664 0.171598 9.9991E-05
0.304808 0.0811513 9.9991E-05 0.536197 0.0777432
0.0128586 0.154897 0.0706326 0.691105 0.0705069
0.278076 0.199007 0.0572214 0.392434 0.073262
0.273157 0.108104 0.040408 0.451774 0.126557
0.370557 0.181269 0.056514 0.39156 9.9991E-05
0.163435 0.161842 9.9982E-05 0.674523 9.9982E-05
0.20077 0.30025 9.9982E-05 0.49878 9.9982E-05
9.9973E-05 0.706309 9.9973E-05 0.293391 9.9973E-05
0.0210796 0.685265 9.9982E-05 0.293455 9.9982E-05
0.0200699 0.462379 9.9982E-05 0.517351 9.9982E-05
0.113387 0.163779 0.0701763 0.652558 9.9991E-05
0.0935153 0.207289 0.00405634 0.628656 0.0664831
0.292032 0.256009 0.0482664 0.403593 9.9991E-05
0.310835 0.228064 9.9982E-05 0.460901 9.9982E-05
0.034455 0.26743 0.04796 0.650055 9.9991E-05
0.0960785 0.196407 0.064767 0.642648 9.9991E-05
0.0358187 0.296693 0.00818511 0.659203 9.9991E-05
0.0191289 0.696183 9.9982E-05 0.284488 9.9982E-05
0.0525302 9.9991E-05 0.81331 0.0943542 0.039706
9.9973E-05 9.9973E-05 0.904082 0.0956184 9.9973E-05
9.9982E-05 9.9982E-05 0.89133 0.0939544 0.0145154
9.9991E-05 0.0195449 0.926614 0.00370839 0.0500328
9.9982E-05 9.9982E-05 0.856405 0.0604945 0.0829007
0.00867191 9.9991E-05 0.93196 0.0127035 0.0465643
9.9982E-05 9.9982E-05 0.942831 0.0322076 0.0247617
0.179865 0.405511 9.9982E-05 0.414424 9.9982E-05
0.158079 0.170125 0.0296195 0.642077 9.9991E-05
0.0401163 0.0568899 0.09818 0.776807 0.028007
0.0138201 0.255619 0.0800949 0.586964 0.0635026
0.0320188 0.243266 0.0408944 0.581128 0.102693
0.265474 0.476407 9.9982E-05 0.257919 9.9982E-05
9.9991E-05 0.460269 0.0266719 0.50783 0.00512872
9.9991E-05 0.268035 0.0449843 0.674708 0.0121724
0.0870741 0.141813 0.0328023 0.738211 9.9991E-05
9.9982E-05 0.389378 9.9982E-05 0.56259 0.0478324
0.147235 0.110586 0.0558704 0.686209 9.9991E-05
0.372556 0.323375 0.0164835 0.226456 0.0611302
0.344655 0.0649815 0.0988579 0.335003 0.156503
0.296628 0.0997532 0.0678409 0.535677 9.9991E-05
0.28643 9.9982E-05 9.9982E-05 0.589338 0.124032
0.356727 0.0449123 0.0323803 0.51143 0.0545499
0.139178 0.0645996 0.0777882 0.708188 0.0102457
0.354446 0.0204135 0.0237529 0.596009 0.00537809
0.279069 0.010912 9.9991E-05 0.641622 0.0682971
0.190791 0.116707 9.9991E-05 0.583686 0.108716
0.239728 0.209404 0.115481 0.383777 0.0516096
0.265288 0.0438282 9.9991E-05 0.573567 0.117217
0.140548 0.0302922 0.0288166 0.712473 0.0878697
0.446216 0.108167 9.9991E-05 0.375032 0.0704853
0.33351 0.408114 0.0194145 0.136268 0.102693
0.36381 0.429624 9.9991E-05 0.137987 0.0684791
0.471533 0.106179 0.0298737 0.373523 0.0188915
0.337956 0.0441063 0.0509736 0.566864 9.9991E-05
0.459143 0.037541 0.0142492 0.48229 0.006776
0.552505 0.0563344 9.9991E-05 0.32065 0.0704103
0.214608 0.0255472 0.0576427 0.624144 0.0780576
0.332317 0.371375 9.9991E-05 0.19715 0.099058
0.0292543 0.177 0.0989368 0.580851 0.113959
0.13493 0.597471 0.188171 0.0633946 0.0160332
0.146308 0.324877 0.0791758 0.37959 0.0700489
0.0903648 0.17202 0.126559 0.420637 0.190419
0.0700637 0.473706 0.155662 0.253796 0.0467727
0.0731788 0.542414 0.131694 0.252613 9.9991E-05
0.078763 0.283876 0.054186 0.583075 9.9991E-05
0.123826 0.489531 0.11288 0.109673 0.16409
0.0523545 0.470005 9.9982E-05 0.47744 9.9982E-05
0.123177 0.289232 0.000662046 0.518254 0.0686745
0.0710796 0.199973 0.304675 0.0778187 0.346454
9.9982E-05 0.253796 0.593225 9.9982E-05 0.152779
9.9982E-05 0.364776 0.432129 9.9982E-05 0.202895
0.0219305 0.214409 0.356184 0.0399013 0.367576
0.0442271 0.255649 9.9991E-05 0.61596 0.0840641
0.0393498 9.9982E-05 9.9982E-05 0.260806 0.699644
9.9991E-05 0.520155 0.0116189 0.434883 0.0332435
9.9982E-05 0.667847 9.9982E-05 0.255199 0.0767537
0.0496893 0.25702 0.0104309 0.597998 0.0848612
0.156093 0.244375 0.0134513 0.455159 0.130923
0.0354117 0.309098 0.018092 0.472214 0.165184
0.0139694 0.638358 0.041431 0.285228 0.0210134
9.9973E-05 0.0223759 9.9973E-05 9.9973E-05 0.977324
0.0546584 9.9982E-05 9.9982E-05 0.0437043 0.901437
9.9982E-05 9.9982E-05 0.0405334 0.275108 0.684158
9.9982E-05 9.9982E-05 0.0306064 0.215568 0.753626
9.997E-05 9.997E-05 9.997E-05 9.997E-05 0.9996
9.9982E-05 0.0148978 0.00722041 9.9982E-05 0.977682
9.9973E-05 9.9973E-05 9.9973E-05 0.152504 0.847196
0.0441321 9.9982E-05 9.9982E-05 0.0104032 0.945265
9.997E-05 9.997E-05 9.997E-05 9.997E-05 0.9996
9.997E-05 9.997E-05 9.997E-05 9.997E-05 0.9996
0.0445985 9.9991E-05 0.0244561 0.147204 0.783641
9.9991E-05 0.0664928 0.0112043 0.0949707 0.827232
9.997E-05 9.997E-05 9.997E-05 9.997E-05 0.9996
9.9982E-05 9.9982E-05 0.0511853 0.23647 0.712145
0.0273018 9.9991E-05 0.0262427 0.0670908 0.879265
9.9973E-05 9.9973E-05 9.9973E-05 0.0647908 0.934909
9.9982E-05 9.9982E-05 0.0818609 0.104265 0.813674
9.9973E-05 9.9973E-05 0.018202 9.9973E-05 0.981498
0.0480266 9.9991E-05 0.0763546 0.280014 0.595505
0.00924922 0.0544333 0.0169839 0.0499218 0.869412
9.9982E-05 0.529306 0.401783 9.9982E-05 0.0687112
0.130114 0.250184 0.110863 0.356558 0.152281
0.0932847 0.193764 0.251768 0.309422 0.151762
9.9991E-05 0.444978 0.247843 0.103738 0.203341
9.9991E-05 0.36837 0.288951 0.215982 0.126597
9.9991E-05 0.329567 0.101288 0.309728 0.259317
9.9991E-05 0.148468 0.179848 0.45249 0.219094
9.9991E-05 0.285019 0.15642 0.237627 0.320834
0.042887 0.0359284 0.86928 0.051805 9.9991E-05
0.00368726 0.034128 0.895884 9.9991E-05 0.0662005
0.03791 0.0279139 0.914861 0.0192147 9.9991E-05
0.0669236 9.9982E-05 0.89993 0.0329462 9.9982E-05
0.0937569 9.9982E-05 0.874007 9.9982E-05 0.0320361
9.9982E-05 9.9982E-05 0.88191 0.0275368 0.090353
9.9982E-05 9.9982E-05 0.876214 0.0433203 0.0802658
0.018614 0.0863893 0.894797 9.9982E-05 9.9982E-05
0.0133107 9.9991E-05 0.881191 0.0889219 0.0164764
0.0237671 9.9982E-05 0.899178 9.9982E-05 0.0768548
0.272726 0.099132 0.627942 9.9982E-05 9.9982E-05
0.367137 0.046128 0.586535 9.9982E-05 9.9982E-05
0.318525 0.164816 0.516458 9.9982E-05 9.9982E-05
0.390381 0.103497 0.479461 0.0265614 9.9991E-05
0.0758882 0.116549 0.0747252 0.681229 0.0516089
0.207292 0.0351683 0.0738506 0.628568 0.0551205
0.304927 0.125915 0.0164296 0.551372 0.00135594
0.66205 0.0626015 0.0170483 0.24139 0.0169097
9.9991E-05 0.065761 0.129478 0.75107 0.053591
0.0789132 0.146741 0.0150025 0.716804 0.042539
0.0966283 0.243579 0.0462395 0.604866 0.00868749
9.9982E-05 0.373102 9.9982E-05 0.597115 0.0295833
0.132352 0.18624 0.0360354 0.620981 0.0243918
0.0598974 0.798614 9.9982E-05 0.141288 9.9982E-05
9.9982E-05 0.470848 0.0146679 0.514284 9.9982E-05
0.0506474 0.263495 9.9991E-05 0.62362 0.0621373
0.250227 0.349674 9.9982E-05 0.399898 9.9982E-05
0.800346 0.0470827 0.151525 9.9991E-05 0.000946167
0.824944 9.9982E-05 0.112294 0.0625617 9.9982E-05
0.984106 0.0155943 9.9973E-05 9.9973E-05 9.9973E-05
0.887797 9.9973E-05 0.111903 9.9973E-05 9.9973E-05
0.908455 9.9991E-05 0.0140365 0.0429571 0.0344509
0.867921 9.9991E-05 0.040567 0.0109667 0.0804449
9.9991E-05 0.00111172 0.905649 0.0675075 0.0256314
0.10254 9.9991E-05 0.851111 0.0320869 0.0141624
9.9982E-05 9.9982E-05 0.782138 0.126957 0.0907044
0.0799014 9.9991E-05 0.735116 0.0859246 0.0989576
0.0540845 9.9991E-05 0.777887 0.0897427 0.0781862
0.529377 0.0631423 0.407281 9.9982E-05 9.9982E-05
0.368385 0.162608 0.468807 9.9982E-05 9.9982E-05
0.52191 9.9982E-05 0.449055 9.9982E-05 0.0288352
9.9982E-05 9.9982E-05 0.814771 0.102566 0.0824635
0.555829 0.0548454 0.375107 9.9991E-05 0.0141188
9.9991E-05 0.125734 0.157685 0.298254 0.418226
9.9982E-05 9.9982E-05 0.210094 0.539803 0.249903
0.0850803 0.0938699 0.195673 0.323458 0.301919
9.9982E-05 0.241531 0.401008 9.9982E-05 0.35726
0.385248 0.0341656 9.9991E-05 0.574113 0.00637304
0.276718 0.320577 9.9991E-05 0.330832 0.0717718
0.509216 9.9982E-05 0.0951896 0.395395 9.9982E-05
0.0913986 0.324879 9.9991E-05 0.574794 0.00882848
0.237915 0.761785 9.9973E-05 9.9973E-05 9.9973E-05
0.181154 0.136033 0.0725756 0.589461 0.020776
0.367118 0.142609 0.0348671 0.455306 9.9991E-05
0.321944 0.518927 9.9982E-05 0.158929 9.9982E-05
0.15726 0.245665 9.9991E-05 0.472185 0.12479
0.322652 0.0124949 9.9991E-05 0.560854 0.103899
0.180424 0.100059 0.0557 0.423086 0.240731
0.306596 0.262662 9.9991E-05 0.377729 0.0529126
0.277424 0.167716 9.9991E-05 0.480922 0.0738366
0.146221 0.0977548 0.0609481 0.604622 0.0904543
0.201807 0.100086 0.0366394 0.640071 0.0213964
0.180035 0.0704366 0.0735335 0.510594 0.165401
9.9982E-05 9.9982E-05 0.793001 0.149406 0.0573929
9.9982E-05 9.9982E-05 0.833557 0.159422 0.006821
0.0416928 0.0247524 0.82103 0.112425 9.9991E-05
0.0687854 9.9991E-05 0.802561 0.122801 0.00575204
9.9982E-05 9.9982E-05 0.854471 0.130967 0.0143621
0.58836 0.0903892 0.0148204 0.239792 0.0666378
0.164422 0.0726833 9.9991E-05 0.621349 0.141446
0.294577 0.014931 0.100486 0.560364 0.0296414
0.349657 0.313651 9.9991E-05 0.164962 0.17163
0.596301 0.225047 0.128846 0.0497056 9.9991E-05
0.307675 0.0688973 0.0209704 0.50772 0.0947371
0.501757 0.0924629 0.101633 0.274481 0.0296661
0.153799 0.301754 0.00956996 0.465552 0.0693255
0.507158 0.113496 0.151326 0.182455 0.0455645
0.538298 0.105765 0.0429773 0.295544 0.0174157
0.283066 0.235974 0.0129216 0.366169 0.10187
0.0837896 0.466044 0.0396712 0.355024 0.0554708
0.000796621 0.220667 0.0756398 0.607907 0.094989
0.0654801 0.507917 0.0301929 0.39631 9.9991E-05
0.0502635 0.20508 0.129746 0.614811 9.9991E-05
0.115424 0.722263 9.9982E-05 0.162114 9.9982E-05
9.9982E-05 0.647 0.0265572 0.326243 9.9982E-05
0.0448558 0.299426 0.0899877 0.554879 0.0108519
0.0683376 0.676212 0.0198848 0.235466 9.9991E-05
0.199045 0.228928 0.000416214 0.571511 9.9991E-05
0.629287 0.143898 9.9991E-05 0.181101 0.0456147
0.388404 0.299847 9.9991E-05 0.258849 0.0527997
0.417533 0.0512882 9.9991E-05 0.383379 0.147701
0.272309 0.00896582 9.9991E-05 0.56359 0.155035
0.530494 0.15598 9.9982E-05 0.313326 9.9982E-05
0.200766 0.116485 9.9991E-05 0.505683 0.176965
0.313597 0.0253624 0.0808444 0.54716 0.0330368
0.48632 0.108248 9.9991E-05 0.356689 0.0486431
0.435808 0.0917317 9.9991E-05 0.306526 0.165835
0.227002 0.0744993 9.9991E-05 0.607114 0.0912842
0.199348 0.23877 0.0672122 0.407032 0.0876369
0.199525 0.130605 9.9991E-05 0.471233 0.198538
0.415998 9.9991E-05 0.0990029 0.41173 0.0731685
0.316485 9.9982E-05 9.9982E-05 0.517813 0.165502
0.0500898 0.0236192 0.335449 0.467569 0.123273
9.9991E-05 0.0661474 0.200419 0.499446 0.233888
0.0689223 9.9991E-05 0.123033 0.623709 0.184235
9.9982E-05 9.9982E-05 0.220364 0.510451 0.268985
0.196982 0.177563 9.9991E-05 0.468863 0.156492
0.0181864 0.539501 0.208105 9.9991E-05 0.234108
0.0733988 0.141465 0.0967991 0.460787 0.22755
0.058518 0.121044 0.0887487 0.370826 0.360864
0.105764 0.230414 0.1681 0.258242 0.237479
9.9991E-05 0.0749359 0.190451 0.438355 0.296158
9.9982E-05 0.351368 0.447211 9.9982E-05 0.201221
9.9991E-05 0.0616287 0.219786 0.468494 0.249992
0.0694699 0.0337745 0.230056 0.500595 0.166104
0.0933858 0.23325 0.0391706 0.535986 0.0982084
0.120669 0.698743 9.9982E-05 0.180388 9.9982E-05
0.071495 0.710383 0.0374391 0.180583 9.9991E-05
9.9991E-05 0.120432 0.1269 0.441 0.311568
9.9991E-05 0.186738 0.121635 0.30405 0.387477
9.9991E-05 0.219554 0.256171 0.196563 0.327612
0.0131412 0.13218 0.233947 0.263323 0.357409
9.9991E-05 0.636086 0.0536221 0.109356 0.200835
9.9991E-05 0.521025 0.104596 0.236066 0.138213
0.0108871 0.214568 0.0215277 0.630287 0.122729
9.9991E-05 0.182261 0.0925351 0.573883 0.151221
9.9991E-05 0.485583 0.0576935 0.312953 0.14367
0.0401911 0.175634 0.101133 0.539712 0.143329
0.0214832 0.15277 0.090018 0.581986 0.153743
0.0905562 0.314628 0.0137838 0.574096 0.00693632
0.0257808 0.354583 0.015206 0.521601 0.0828292
0.103543 0.316279 0.069483 0.467695 0.043
0.0128827 0.381467 9.9991E-05 0.539543 0.0660078
0.0830658 0.490112 9.9982E-05 0.426622 9.9982E-05
9.9991E-05 0.258983 0.0657463 0.61853 0.0566409
0.114595 0.4779 9.9991E-05 0.403426 0.0039796
0.049965 0.282134 0.0509917 0.569556 0.0473535
0.00265944 0.137396 0.231986 0.389631 0.238327
0.171713 0.109457 0.143772 0.346738 0.22832
9.9991E-05 0.52678 0.235733 0.0569264 0.18046
0.0357465 0.0451402 0.0438187 0.581779 0.293516
9.9982E-05 0.436243 0.402986 9.9982E-05 0.160571
9.9991E-05 0.112383 0.0919398 0.534319 0.261258
9.9973E-05 0.781259 9.9973E-05 0.218441 9.9973E-05
0.00896521 0.851703 9.9982E-05 0.139132 9.9982E-05
0.0043249 0.272319 9.9982E-05 0.723156 9.9982E-05
0.00894759 0.0994668 0.0472633 0.798216 0.0461059
9.9973E-05 0.401083 9.9973E-05 0.598618 9.9973E-05
0.0688295 0.217404 0.0350816 0.678585 9.9991E-05
9.9982E-05 0.2936 9.9982E-05 0.624042 0.0821574
9.9991E-05 0.0410822 0.825989 0.118836 0.013993
0.17775 9.9991E-05 0.725787 0.0382872 0.0580764
0.0419786 9.9982E-05 0.885687 9.9982E-05 0.0721342
9.9973E-05 9.9973E-05 0.944354 0.0553463 9.9973E-05
0.0900512 0.23555 0.027665 0.625887 0.0208469
0.11742 0.0771987 0.0258366 0.779445 9.9991E-05
0.196885 0.291298 0.0236414 0.488075 9.9991E-05
9.9982E-05 0.169214 9.9982E-05 0.774359 0.0562262
9.9973E-05 0.512902 9.9973E-05 0.486798 9.9973E-05
0.0220592 9.9991E-05 0.301178 0.485149 0.191514
0.0258022 0.299963 9.9991E-05 0.656892 0.0172435
0.135363 0.24093 0.0180097 0.605597 9.9991E-05
0.135993 0.163831 0.0122941 0.683458 0.00442467
0.0614305 0.326683 0.00314026 0.608646 9.9991E-05
9.9991E-05 0.281571 0.000999751 0.685411 0.0319185
0.00136652 0.584429 9.9982E-05 0.414004 9.9982E-05
0.0220099 0.439283 9.9982E-05 0.538508 9.9982E-05
0.0115967 0.409782 9.9991E-05 0.557644 0.020878
9.9973E-05 0.860377 9.9973E-05 0.139323 9.9973E-05
0.211135 0.114333 0.0983421 0.57609 9.9991E-05
9.9973E-05 0.650725 9.9973E-05 0.348975 9.9973E-05
9.9973E-05 0.804378 9.9973E-05 0.195323 9.9973E-05
9.9991E-05 0.125091 0.0746907 0.783818 0.0162999
0.143782 0.325122 0.00536038 0.525636 9.9991E-05
0.251115 0.125699 0.00122889 0.593312 0.0286451
0.117491 0.186168 9.9991E-05 0.686685 0.00955569
0.345123 0.202683 9.9991E-05 0.361358 0.0907352
0.0411797 0.181849 0.0405633 0.710846 0.0255619
0.098769 0.111041 0.123421 0.654244 0.0125254
0.0406237 0.359444 9.9982E-05 0.599732 9.9982E-05
0.300666 0.012513 0.686621 9.9982E-05 9.9982E-05
0.12621 0.0622987 0.757194 0.0541973 9.9991E-05
0.141497 0.0552991 0.803004 9.9982E-05 9.9982E-05
0.133243 0.031346 0.835211 9.9982E-05 9.9982E-05
0.204409 9.9982E-05 0.733715 0.0616765 9.9982E-05
0.279991 0.319295 9.9982E-05 0.400514 9.9982E-05
0.186461 0.357933 0.0298954 0.42561 9.9991E-05
9.9973E-05 0.494231 9.9973E-05 0.505469 9.9973E-05
0.0513909 0.357966 0.0135522 0.576991 9.9991E-05
0.0189691 0.125883 0.0180896 0.750223 0.0868352
9.9991E-05 0.348044 0.0436954 0.504306 0.103854
0.0717076 0.223684 0.0206678 0.628242 0.0556989
0.137004 0.345793 9.9982E-05 0.517004 9.9982E-05
0.132403 0.230939 9.9982E-05 0.636458 9.9982E-05
0.178034 0.192501 9.9982E-05 0.629265 9.9982E-05
0.0451614 0.192898 0.119342 0.532899 0.1097
0.028587 0.288762 0.00723357 0.675317 9.9991E-05
0.112513 0.220525 0.0427797 0.614934 0.00924876
0.00445783 0.0510817 0.085627 0.380446 0.478388
9.9991E-05 0.0287888 0.218808 0.303521 0.448782
9.9991E-05 0.283977 0.034786 0.599467 0.0816702
0.0249972 9.9991E-05 0.303504 0.0509511 0.620448
0.0083905 9.9991E-05 0.164635 0.317707 0.509167
0.11158 0.179301 0.165379 0.336958 0.206782
0.00155871 0.194665 0.16094 0.615005 0.0278323
0.13093 0.192927 0.161961 0.411173 0.103009
9.9982E-05 9.9982E-05 0.183116 0.303589 0.513095
9.9982E-05 9.9982E-05 0.125535 0.389675 0.48459
0.0242931 9.9991E-05 0.169164 0.34635 0.460092
0.0159932 0.0401253 0.129176 0.281223 0.533482
9.9982E-05 0.225966 0.129796 0.644038 9.9982E-05
9.9991E-05 0.0250164 0.196888 0.168644 0.609352
0.270703 0.215821 0.199168 0.284467 0.0298405
0.051095 0.200085 9.9991E-05 0.563838 0.184882
0.098895 0.116579 0.155093 0.525629 0.103804
0.0761861 0.226285 0.154277 0.505186 0.038066
0.0971497 0.142484 0.180439 0.309581 0.270347
0.0419377 0.0749692 0.18161 0.395416 0.306067
9.9991E-05 0.0163252 0.248803 0.1949 0.539872
0.0498225 0.203335 0.133394 0.575541 0.0379085
9.9991E-05 0.628912 0.150471 0.0790989 0.141418
0.228068 0.253895 0.113111 0.362265 0.0426604
0.019733 0.083347 0.254255 0.50583 0.136835
9.9982E-05 0.467122 0.294722 9.9982E-05 0.237956
9.9982E-05 0.524675 0.308531 9.9982E-05 0.166594
0.196919 0.202008 0.191602 0.264935 0.144536
9.9982E-05 0.428156 0.334036 9.9982E-05 0.237607
9.9982E-05 0.319939 0.423312 9.9982E-05 0.256549
9.9991E-05 0.275619 0.18648 0.355319 0.182482
0.0101355 0.179229 0.253664 0.347861 0.20911
0.0477515 0.231623 0.292063 0.16278 0.265783
9.9991E-05 0.446282 0.314892 0.026191 0.212535
9.9991E-05 0.328728 0.0655345 0.388849 0.216789
9.9991E-05 0.446895 0.217803 0.138339 0.196863
9.9982E-05 0.421858 0.47323 9.9982E-05 0.104711
9.9991E-05 0.186618 0.217336 0.322552 0.273393
0.00606823 0.0888197 0.25164 0.384966 0.268506
9.9982E-05 9.9982E-05 0.144784 0.585102 0.269913
9.9991E-05 0.0575637 0.195116 0.470881 0.276339
0.0595967 9.9991E-05 0.326968 0.290688 0.322648
0.0127792 9.9991E-05 0.267908 0.552296 0.166917
9.9991E-05 0.0114335 0.258995 0.407166 0.322306
0.0085242 0.106373 0.257955 0.283386 0.343762
0.178844 0.116881 0.184562 0.357336 0.162377
9.9991E-05 0.0185274 0.295501 0.393085 0.292786
9.9991E-05 0.212005 0.376694 0.153133 0.258068
0.0254686 0.125968 0.280697 0.224493 0.343373
0.143394 0.00903358 0.831754 0.0157184 9.9991E-05
0.722493 0.0267772 0.100158 0.136056 0.0145158
0.981383 0.0183166 9.9973E-05 9.9973E-05 9.9973E-05
0.993646 9.9973E-05 0.00605425 9.9973E-05 9.9973E-05
0.984648 9.9973E-05 9.9973E-05 9.9973E-05 0.0150523
0.888283 9.9991E-05 0.0218267 0.00479557 0.0849947
0.890725 9.9973E-05 9.9973E-05 0.108975 9.9973E-05
0.934075 9.9973E-05 0.0656251 9.9973E-05 9.9973E-05
0.797514 9.9973E-05 0.202186 9.9973E-05 9.9973E-05
0.0566258 0.00145753 0.881026 0.0607911 9.9991E-05
0.149187 9.9991E-05 0.765016 0.0797244 0.00597277
9.9991E-05 0.0228882 0.865869 0.0394505 0.0716918
0.136949 9.9982E-05 0.813956 0.0488948 9.9982E-05
9.9982E-05 9.9982E-05 0.911854 0.0581072 0.0298387
0.106836 9.9991E-05 0.869334 0.0201448 0.00358474
0.161177 9.9982E-05 0.665603 9.9982E-05 0.173021
9.9982E-05 0.0384645 0.850969 9.9982E-05 0.110366
0.219884 9.9991E-05 0.695468 0.00230419 0.0822439
9.9982E-05 9.9982E-05 0.93103 0.0203862 0.0483835
9.9973E-05 0.0541842 0.945516 9.9973E-05 9.9973E-05
0.0662592 0.0176371 0.86012 0.0397839 0.0161999
0.0107267 9.9982E-05 0.974007 9.9982E-05 0.0150661
0.0250321 0.0183699 0.896163 0.0409604 0.0194747
9.9982E-05 9.9982E-05 0.89298 0.100217 0.00660233
9.9982E-05 9.9982E-05 0.82297 0.111349 0.0654816
9.9982E-05 9.9982E-05 0.783682 0.0746884 0.141429
9.9982E-05 9.9982E-05 0.826155 0.16401 0.00963483
9.9982E-05 9.9982E-05 0.820068 0.106272 0.0734601
0.0409641 0.288411 0.176954 0.426221 0.0674502
9.9991E-05 0.114186 0.0905477 0.762947 0.0322192
9.9991E-05 0.665855 0.0863699 0.202362 0.0453136
0.140956 0.0643129 0.159221 0.605032 0.0304779
9.9991E-05 0.670938 0.134861 0.141602 0.0524994
0.0315617 0.156552 0.1715 0.565137 0.0752494
0.137062 0.185244 0.123007 0.554587 9.9991E-05
0.129778 0.133909 0.144362 0.591851 9.9991E-05
0.157791 0.129768 0.00791423 0.704427 9.9991E-05
0.195904 0.143857 0.106929 0.526708 0.0266016
0.113937 0.0957869 0.11717 0.614566 0.0585406
0.491877 0.399381 9.9982E-05 9.9982E-05 0.108542
0.117557 0.799314 0.0381462 0.030304 0.0146784
0.0782919 0.617921 0.0999589 0.171404 0.032424
9.9991E-05 0.23558 0.160337 0.57446 0.0295226
9.9991E-05 0.194022 0.164328 0.627915 0.0136354
0.0102505 0.0769099 0.24016 0.453849 0.218831
0.00777497 9.9991E-05 0.22301 0.612083 0.157032
0.187244 0.0686228 0.468942 0.121074 0.154117
0.0742862 0.115495 0.248841 0.421993 0.139386
9.9982E-05 0.392992 0.39819 9.9982E-05 0.208618
9.9991E-05 0.14523 0.275139 0.290919 0.288612
0.0724342 0.127091 0.34544 0.216129 0.238906
0.163399 9.9991E-05 0.336642 0.370776 0.129083
0.0869206 0.0494279 0.169688 0.50121 0.192754
0.0517435 0.0810942 0.202161 0.378186 0.286815
9.9982E-05 9.9982E-05 0.499654 0.344018 0.156128
