9.9982E-05 0.891716 9.9982E-05 0.0614605 0.0466232
0.0982708 0.897943 9.9982E-05 0.00358628 9.9982E-05
9.99878E-05 0.8098 0.0948631 9.99878E-05 0.0951372
9.999E-05 0.784695 0.0439077 0.129032 0.0422651
9.999E-05 0.918856 0.0175492 0.0162573 0.0472371
0.127703 0.584138 0.0634329 0.0798154 0.14491
0.0434327 0.844799 9.9991E-05 0.0648565 0.0468115
0.0889621 0.720998 0.0259656 0.125825 0.0382495
0.0438934 0.825102 9.9982E-05 0.130804 9.9982E-05
0.0872617 0.683809 0.0815974 0.0331592 0.114172
0.00989424 0.728121 9.9991E-05 0.199365 0.0625195
0.0378461 0.0177151 0.074318 0.482153 0.387968
9.9991E-05 0.0197491 0.189766 0.301383 0.489001
0.131034 0.0358578 0.145824 0.452721 0.234563
0.062786 0.046135 0.172215 0.354535 0.364329
0.0359692 0.194838 0.11853 0.208082 0.442581
0.12435 0.0399283 0.134657 0.232614 0.46845
9.999E-05 0.127376 0.138931 0.343535 0.390058
0.147363 0.0254292 0.0911614 0.660661 0.0753861
0.170913 0.0212934 0.160697 0.227222 0.419874
0.163446 0.0610784 0.127415 0.150659 0.497401
0.113485 0.0060977 0.0768368 0.194638 0.608942
0.124148 9.9991E-05 0.134452 0.350113 0.391187
0.0633576 0.0383748 0.11079 0.186156 0.601321
0.0877846 0.0450988 0.145156 0.449583 0.272378
0.100849 0.0426823 0.196542 0.397043 0.262884
0.197714 9.9991E-05 0.0598963 0.409889 0.332401
9.9982E-05 0.865732 0.0733002 9.9982E-05 0.0607675
9.9982E-05 0.819911 0.042359 9.9982E-05 0.13753
9.9982E-05 0.816247 0.0069085 9.9982E-05 0.176644
0.0573926 0.721676 0.109852 9.9991E-05 0.110979
0.156608 0.0567147 0.00232989 0.0936898 0.690657
0.156618 0.0361281 0.0779039 9.9991E-05 0.72925
0.0510276 0.0509982 0.0604169 0.623454 0.214103
0.470604 0.0101236 0.0522262 0.004579 0.462467
0.134968 0.0382926 0.0630552 0.00930717 0.754377
0.0554811 0.176175 0.0264618 0.0583611 0.683521
0.061598 0.192818 0.0468872 0.0389587 0.659738
0.358168 9.9982E-05 9.9982E-05 0.186657 0.454975
0.15354 0.0483344 0.13065 0.0167164 0.650759
0.398048 9.9973E-05 9.9973E-05 9.9973E-05 0.601652
0.87061 0.0591772 9.9991E-05 0.0569786 0.0131339
0.205737 9.9982E-05 9.9982E-05 0.513605 0.280458
0.508595 0.0443684 0.0842791 0.237411 0.125346
0.258492 0.0857641 0.0374258 0.403549 0.214769
0.20985 0.00419016 0.087158 0.144897 0.553905
0.179398 0.14878 0.0115982 0.177067 0.483157
0.253454 0.215686 0.0726647 0.342286 0.11591
0.0862997 0.0587988 0.119992 0.256441 0.478468
0.310307 0.0413034 9.9991E-05 0.500874 0.147415
0.0317357 9.9991E-05 0.0150498 0.223913 0.729202
0.226915 0.0379712 0.191758 9.9991E-05 0.543255
0.2508 0.0983932 0.0510881 0.223135 0.376583
0.093599 0.04372 0.0691075 0.185207 0.608367
0.209704 0.0211906 9.9991E-05 0.412979 0.356026
0.170422 9.9982E-05 9.9982E-05 0.0273655 0.802013
0.381335 0.00727297 9.9991E-05 0.11246 0.498832
0.723624 9.9982E-05 9.9982E-05 0.0146906 0.261485
0.666156 9.9982E-05 9.9982E-05 0.0314792 0.302165
0.409103 9.9982E-05 9.9982E-05 0.0222146 0.568482
0.247971 9.9982E-05 9.9982E-05 0.118427 0.633403
0.17866 9.9991E-05 0.0807459 0.0311404 0.709354
0.272859 9.9982E-05 9.9982E-05 0.233335 0.493606
0.212133 0.0259197 9.9991E-05 0.239697 0.52215
0.213491 0.0203853 9.9991E-05 0.100513 0.665511
0.1666 0.0589441 9.9991E-05 0.0745913 0.699765
0.290939 9.9973E-05 9.9973E-05 9.9973E-05 0.708761
0.768355 9.9982E-05 9.9982E-05 0.0646996 0.166746
9.9991E-05 0.818482 0.0306227 0.037551 0.113245
9.9973E-05 0.945988 9.9973E-05 9.9973E-05 0.0537121
9.9982E-05 0.888065 0.0549116 9.9982E-05 0.0568234
9.9982E-05 0.921842 0.0496667 9.9982E-05 0.028291
0.000215612 0.887286 0.0371605 9.9991E-05 0.0752377
0.0206176 0.893803 0.0558758 0.00447749 0.025226
9.9973E-05 0.956829 9.9973E-05 9.9973E-05 0.0428713
0.477164 9.9982E-05 9.9982E-05 0.175193 0.347442
0.175687 9.9982E-05 9.9982E-05 0.153483 0.67063
0.0314769 0.102326 0.0629162 9.9991E-05 0.803181
0.213552 0.0791811 0.00340773 9.9991E-05 0.703759
0.185775 9.9991E-05 0.131086 0.00616006 0.67688
0.496933 0.007159 9.9991E-05 0.206393 0.289415
0.503264 9.9973E-05 9.9973E-05 9.9973E-05 0.496436
0.211635 0.0312145 9.9982E-05 9.9982E-05 0.756951
0.147449 0.0300989 9.9991E-05 0.168823 0.653529
0.330548 9.9991E-05 0.0188902 0.0457888 0.604673
0.184003 0.0764165 0.0109881 0.106236 0.622356
0.309064 0.0400141 0.0383473 0.261215 0.35136
0.0553478 0.128777 0.0818036 0.296154 0.437918
0.0868723 0.0783354 9.9991E-05 0.24399 0.590702
9.9991E-05 0.0642863 0.1176 0.283866 0.534147
0.0404506 0.0124767 0.0523174 0.344297 0.550458
0.12628 0.0671281 0.0250618 0.120211 0.66132
9.9982E-05 0.0280103 9.9982E-05 0.30819 0.6636
0.00368619 9.9991E-05 0.111034 0.301084 0.584095
0.116556 9.9991E-05 0.166544 0.208707 0.508093
0.241583 0.114446 0.11067 0.26946 0.263841
0.0719908 0.0307296 0.148471 0.15872 0.590089
0.011123 0.0378564 0.112304 0.193679 0.645038
0.121658 9.9991E-05 0.132417 0.441279 0.304547
0.352335 9.9991E-05 0.16571 0.362596 0.119259
0.458009 9.9991E-05 0.0660517 0.358121 0.117718
0.22748 0.0184425 0.0105737 0.382401 0.361103
0.177563 9.9982E-05 9.9982E-05 0.2316 0.590637
0.0552364 0.0318312 0.00109624 0.511962 0.399874
0.110447 9.9991E-05 0.0560973 0.471662 0.361693
9.9991E-05 0.0883203 0.146619 0.159783 0.605178
0.337259 9.9991E-05 0.097296 0.357191 0.208154
0.137889 0.105861 0.0778379 0.104276 0.574136
0.61355 0.140244 0.0207632 0.163496 0.0619466
0.403271 0.0649357 0.0927278 0.0844356 0.35463
0.189134 0.0921462 0.220347 0.0788351 0.419538
0.507525 0.123219 0.039679 0.061676 0.2679
0.48517 0.113489 9.9991E-05 0.136514 0.264726
0.206714 0.114491 9.9991E-05 0.088435 0.59026
0.547512 0.107315 0.14515 0.0788134 0.121209
0.381767 9.9982E-05 9.9982E-05 0.114708 0.503325
0.293147 9.9991E-05 0.0927976 0.0888615 0.525094
0.17132 0.339112 0.274682 0.0716224 0.143264
0.302751 0.544262 0.152787 9.9982E-05 9.9982E-05
0.383777 0.433075 0.182947 9.9982E-05 9.9982E-05
0.170991 0.400701 0.41846 9.9991E-05 0.00974821
0.204175 9.9982E-05 0.0773582 9.9982E-05 0.718267
9.9982E-05 9.9982E-05 0.760309 0.0310213 0.208469
0.557245 9.9982E-05 0.0409646 9.9982E-05 0.40159
0.677361 9.9982E-05 0.0873532 9.9982E-05 0.235086
0.334827 9.9982E-05 0.0838652 9.9982E-05 0.581108
0.381215 0.040212 0.0366808 0.00311222 0.53878
0.288236 0.065067 0.0922453 0.0104144 0.544038
0.657743 0.00570839 0.0486456 0.0372351 0.250668
0.0283816 9.9973E-05 0.971318 9.9973E-05 9.9973E-05
9.9973E-05 9.9973E-05 0.935044 9.9973E-05 0.0646564
9.9991E-05 0.0259741 0.708544 0.0203654 0.245017
9.9991E-05 0.0058507 0.798734 0.0332017 0.162114
9.997E-05 9.997E-05 0.9996 9.997E-05 9.997E-05
9.9973E-05 9.9973E-05 0.967385 0.0323151 9.9973E-05
9.9973E-05 9.9973E-05 0.873817 9.9973E-05 0.125883
9.9982E-05 9.9982E-05 0.929424 0.0602299 0.010146
9.997E-05 9.997E-05 0.9996 9.997E-05 9.997E-05
9.997E-05 9.997E-05 0.9996 9.997E-05 9.997E-05
9.9991E-05 0.0265472 0.721856 0.000233711 0.251263
0.0158139 0.062362 0.841437 9.9991E-05 0.0802875
9.9982E-05 9.9982E-05 0.984158 0.0122461 0.00339581
9.9982E-05 0.1124 0.682144 9.9982E-05 0.205255
9.9991E-05 0.043906 0.851502 0.0391125 0.0653797
9.9973E-05 9.9973E-05 0.996105 9.9973E-05 0.00359546
9.9991E-05 0.0312265 0.931496 0.028413 0.00876491
9.997E-05 9.997E-05 0.9996 9.997E-05 9.997E-05
9.9991E-05 0.056097 0.621824 0.0938678 0.228112
9.9991E-05 0.00915053 0.920031 0.0453306 0.0253876
0.590542 0.323843 0.0854149 9.9982E-05 9.9982E-05
0.181056 0.205598 0.169301 0.0952312 0.348813
0.196939 0.258561 0.113671 9.9991E-05 0.430729
0.409693 0.254229 0.165317 9.9991E-05 0.170661
0.43532 0.263154 0.1308 9.9991E-05 0.170626
0.326172 0.12867 0.173334 0.0200086 0.351816
0.186065 0.182433 0.211264 9.9991E-05 0.420138
0.262251 0.157076 0.27986 9.9991E-05 0.300714
0.0412287 0.843687 9.9991E-05 0.0692523 0.0457321
9.9973E-05 0.962155 0.0375448 9.9973E-05 9.9973E-05
0.0594025 0.930833 9.9982E-05 0.0095648 9.9982E-05
9.9973E-05 0.944584 9.9973E-05 0.0551163 9.9973E-05
9.9982E-05 0.897056 9.9982E-05 0.0325172 0.0702271
0.00770621 0.914636 0.0651532 0.0124045 9.9991E-05
9.9991E-05 0.876441 0.091486 0.000553376 0.0314194
0.0415628 0.915397 9.9982E-05 0.0428401 9.9982E-05
9.9973E-05 0.922396 9.9973E-05 9.9973E-05 0.0773043
0.0519992 0.815488 0.132312 9.9982E-05 9.9982E-05
0.0768555 0.611143 9.9982E-05 0.311801 9.9982E-05
0.00619708 0.587846 9.9982E-05 0.405757 9.9982E-05
0.178635 0.559361 9.9982E-05 0.261804 9.9982E-05
0.11939 0.472533 9.9982E-05 0.407877 9.9982E-05
0.140882 0.110868 0.0410341 0.0743427 0.632873
0.144847 0.0498645 0.0856223 0.174285 0.545381
0.118965 0.0462586 9.9991E-05 0.281521 0.553156
0.0722169 9.9991E-05 0.0163731 0.59453 0.31678
0.0306818 0.0739448 0.104439 0.0243048 0.766629
0.0930497 9.9991E-05 0.0445547 0.0756266 0.786669
0.221933 9.9991E-05 0.0718709 0.124704 0.581393
0.390466 9.9991E-05 0.0581206 0.0478561 0.503457
0.263403 0.0239986 0.0252766 0.113413 0.573908
0.790288 9.9982E-05 9.9982E-05 0.0890431 0.120469
0.501952 0.00453897 9.9991E-05 0.00813476 0.485274
0.2081 0.0541538 0.0682619 9.9991E-05 0.669384
0.358305 0.022035 9.9991E-05 0.208078 0.411482
0.00344565 0.10739 9.9982E-05 0.888964 9.9982E-05
0.0282778 0.0921399 0.0160283 0.84984 0.0137144
0.0187425 9.9973E-05 9.9973E-05 0.980958 9.9973E-05
9.9973E-05 0.086213 9.9973E-05 0.913487 9.9973E-05
9.9991E-05 0.00861076 0.0481484 0.941826 0.00131524
9.9982E-05 0.0152422 0.0870013 0.897556 9.9982E-05
9.9982E-05 0.878741 0.0186301 9.9982E-05 0.102429
9.9982E-05 0.852704 9.9982E-05 0.0485627 0.0985331
9.9982E-05 0.771342 0.110405 9.9982E-05 0.118053
9.9991E-05 0.74163 0.0641206 0.0519128 0.142236
0.0472567 0.820324 0.0725778 9.9991E-05 0.0597412
0.0589399 0.36125 9.9982E-05 0.57961 9.9982E-05
0.100397 0.460355 9.9982E-05 0.439048 9.9982E-05
9.9982E-05 0.424804 9.9982E-05 0.55787 0.0171261
9.9991E-05 0.819285 0.080633 0.0350372 0.064945
0.0747074 0.359267 9.9991E-05 0.481196 0.0847298
0.165157 0.172466 0.462443 9.9991E-05 0.199834
9.9982E-05 0.136866 0.361278 9.9982E-05 0.501655
0.105326 0.285256 0.26372 0.000840844 0.344858
0.235299 0.432254 0.332247 9.9982E-05 9.9982E-05
0.0642975 0.0299736 0.0264146 0.303548 0.575766
0.281154 0.0187101 0.0826198 0.161227 0.45629
9.9982E-05 0.089748 9.9982E-05 0.496797 0.413255
0.307974 9.9991E-05 0.0414343 0.0827366 0.567756
0.792603 9.9973E-05 9.9973E-05 0.207097 9.9973E-05
0.188336 0.0221556 0.126923 0.167052 0.495532
0.0973591 0.0602348 9.9991E-05 0.375082 0.467224
0.54797 9.9991E-05 0.0025818 0.234806 0.214542
0.202495 9.9991E-05 0.117231 0.186604 0.49357
0.0172549 0.0222351 0.0982106 0.288833 0.573466
0.103573 0.122866 0.236347 0.151635 0.38558
0.245067 9.9991E-05 0.105355 0.234427 0.415051
0.106126 0.0395764 0.0267904 0.240732 0.586776
0.279145 0.0630155 0.108889 9.9991E-05 0.54885
0.115549 0.0399215 0.0219436 0.155352 0.667235
0.0629614 9.9991E-05 0.177916 0.134652 0.62437
9.9982E-05 0.801561 0.111844 9.9982E-05 0.0863949
0.00141912 0.889019 9.9982E-05 9.9982E-05 0.109362
0.0354294 0.823596 0.0069632 9.9991E-05 0.133911
0.0500099 0.833819 9.9982E-05 9.9982E-05 0.115971
9.9982E-05 0.831949 0.0412703 9.9982E-05 0.126581
0.144041 9.9991E-05 0.0940701 0.504541 0.257248
0.0369041 0.0458491 0.162324 0.111488 0.643434
9.9982E-05 0.115199 9.9982E-05 0.225403 0.659198
0.282532 9.9991E-05 0.216865 0.263358 0.237144
0.209504 0.123765 9.9991E-05 0.64772 0.0189109
0.0330473 0.0133573 0.106975 0.279033 0.567587
0.100286 0.0673593 0.0650243 0.508134 0.259196
0.194605 0.123363 0.0687864 0.0998607 0.513384
0.160375 0.148517 0.00733995 0.479741 0.204026
0.128278 0.0537129 0.0831518 0.558038 0.17682
0.198528 0.0167137 0.115931 0.344053 0.324774
0.513264 9.9991E-05 0.0990041 0.0880253 0.299606
0.206506 0.0884616 0.0759369 9.9991E-05 0.628996
0.531062 0.0110669 0.0170881 0.0419661 0.398817
0.216724 0.0658557 0.0190048 0.0754834 0.622932
0.751523 9.9982E-05 9.9982E-05 0.0524532 0.195823
0.684633 9.9982E-05 0.00174131 9.9982E-05 0.313426
0.334743 0.0600485 0.0560915 0.00577918 0.543338
0.642037 0.0118123 9.9991E-05 0.0983506 0.2477
0.364267 9.9991E-05 0.0718148 0.172704 0.391114
0.103566 0.0360616 0.0484794 0.5923 0.219593
0.377558 9.9991E-05 0.0777163 0.263747 0.280879
9.9991E-05 0.0402856 0.108446 0.444247 0.406921
9.9991E-05 0.0492573 0.113693 0.245667 0.591283
0.13764 9.9982E-05 9.9982E-05 0.509651 0.35251
0.0804303 9.9991E-05 0.155217 0.270383 0.493869
0.0558425 9.9991E-05 0.109128 0.313409 0.52152
0.0436373 9.9991E-05 0.10228 0.509841 0.344142
0.134654 9.9991E-05 0.198201 0.385886 0.28116
0.0983001 0.0104818 0.126467 0.214317 0.550434
0.156019 0.106503 0.0586921 0.206315 0.47247
0.0881198 9.9991E-05 0.144981 0.212464 0.554335
0.0931405 0.0594919 0.130791 0.317813 0.398763
9.9991E-05 0.0753555 0.122633 0.255785 0.546126
0.010489 0.364994 0.127579 0.00988677 0.487052
0.0699895 0.1639 0.275356 0.0759636 0.414791
0.0604887 0.081942 0.202757 0.0989703 0.555842
0.0465034 0.217411 0.230519 9.9991E-05 0.505466
0.248937 9.9991E-05 0.0978956 0.123211 0.529856
0.517401 0.229015 0.227039 0.0264441 9.9991E-05
0.0284398 0.128212 0.244397 0.0669591 0.531991
0.102951 0.0799086 0.306757 0.0811294 0.429254
0.29197 0.173425 0.216344 0.0837974 0.234463
0.0821893 0.141736 0.199243 0.0020126 0.574818
0.358936 0.459492 0.181372 9.9982E-05 9.9982E-05
0.0875564 0.186703 0.298415 9.9991E-05 0.427225
0.0315139 0.127165 0.20697 0.0672204 0.56713
0.266834 9.9991E-05 0.119512 0.0854607 0.528093
0.703061 9.9982E-05 9.9982E-05 0.102991 0.193747
0.740516 9.9991E-05 0.00320175 0.129269 0.126913
0.0412943 0.167334 0.39479 9.9991E-05 0.396482
0.145346 0.0833479 0.397813 9.9991E-05 0.373393
0.253413 0.255246 0.281644 9.9991E-05 0.209597
0.131184 0.157563 0.307733 9.9991E-05 0.40342
0.645818 0.0929732 0.180288 9.9991E-05 0.0808212
0.504752 0.110838 0.190051 0.000811222 0.193546
0.15176 0.032606 0.165406 0.0238802 0.626348
0.202865 0.0855001 0.144825 9.9991E-05 0.56671
0.450249 0.0654319 0.13031 9.9991E-05 0.35391
0.181786 0.0532159 0.189297 0.0303758 0.545325
0.206106 0.0151838 0.157393 0.0837698 0.537547
0.331052 0.00580491 9.9991E-05 0.105441 0.557603
0.417617 0.0300824 0.0501704 0.0347636 0.467367
0.258634 0.0866612 0.0947923 0.149132 0.410781
0.398386 0.0344127 0.0586933 9.9991E-05 0.508408
0.47246 9.9982E-05 9.9982E-05 0.0719217 0.455418
0.182606 0.0573382 0.0385056 9.9991E-05 0.72145
0.479218 0.0180157 0.0212386 0.0599693 0.421559
0.327733 0.0225041 0.0373217 0.0518593 0.560582
0.118205 0.193162 0.262232 0.0327377 0.393663
0.165729 0.181285 0.302297 0.114238 0.236451
0.519329 0.254269 0.18231 0.036612 0.00747994
0.0989812 0.0264119 0.285606 0.0414047 0.547596
0.428277 0.418689 0.152834 9.9982E-05 9.9982E-05
0.134942 0.0825877 0.236394 9.9991E-05 0.545976
0.712873 9.9973E-05 9.9973E-05 9.9973E-05 0.286827
0.829056 9.9982E-05 9.9982E-05 0.0442073 0.126536
0.286982 9.9982E-05 9.9982E-05 0.0325084 0.680309
0.0245261 0.0950156 0.00869483 9.9991E-05 0.871663
0.347125 9.9982E-05 9.9982E-05 0.0388451 0.61383
0.189694 0.0420129 0.0581663 0.0091154 0.701012
0.250706 9.9991E-05 0.110045 0.0249447 0.614204
0.0168585 0.809522 0.0714125 0.0197798 0.0824272
9.9982E-05 0.719537 0.120711 0.159553 9.9982E-05
9.9982E-05 0.891878 0.0805105 0.0274118 9.9982E-05
9.9982E-05 0.942572 0.0163248 9.9982E-05 0.0409029
0.22502 0.030597 0.0576322 0.111871 0.57488
0.164538 0.00596268 9.9991E-05 0.0716761 0.757724
0.334994 0.0202265 0.00345616 0.189533 0.45179
0.134415 0.0774796 0.0121872 0.0192783 0.75664
0.40662 0.0037298 9.9982E-05 9.9982E-05 0.58945
0.0119621 0.319532 0.191307 9.9991E-05 0.477099
0.292206 9.9991E-05 0.055911 0.0603476 0.591436
0.194866 9.9982E-05 9.9982E-05 0.134459 0.670475
0.147712 0.0641908 9.9991E-05 0.0531551 0.734842
0.143436 0.0353112 9.9991E-05 0.11568 0.705473
0.272843 9.9982E-05 0.0251344 9.9982E-05 0.701823
0.62994 9.9973E-05 9.9973E-05 9.9973E-05 0.36976
0.389187 9.9982E-05 9.9982E-05 0.0724183 0.538194
0.37534 9.9982E-05 9.9982E-05 0.070559 0.553901
0.919537 9.9973E-05 9.9973E-05 9.9973E-05 0.0801633
0.131705 0.039834 9.9991E-05 0.182945 0.645416
0.699019 9.9991E-05 0.009977 0.0147766 0.276128
0.884188 9.9973E-05 9.9973E-05 9.9973E-05 0.115512
0.130329 0.12415 0.00906707 9.9991E-05 0.736353
0.281717 0.0237664 9.9991E-05 0.155204 0.539212
0.202053 9.9991E-05 0.0473849 0.110978 0.639484
0.145409 9.9982E-05 9.9982E-05 0.128327 0.726064
0.302919 9.9991E-05 0.15321 0.246419 0.297353
0.163551 0.00418924 0.0118612 0.0426171 0.777781
0.131219 0.0351745 0.0499034 0.161412 0.622292
0.448658 9.9982E-05 9.9982E-05 0.00711632 0.544026
0.00448374 0.684078 9.9982E-05 0.311238 9.9982E-05
9.9991E-05 0.736036 0.00338642 0.224447 0.03603
9.9973E-05 0.796235 9.9973E-05 0.203465 9.9973E-05
0.00501103 0.838367 9.9982E-05 0.156422 9.9982E-05
9.9982E-05 0.760494 9.9982E-05 0.204046 0.0352596
0.263416 0.00516625 9.9991E-05 0.223907 0.507411
0.354275 9.9982E-05 9.9982E-05 0.224202 0.421322
0.545135 9.9973E-05 9.9973E-05 9.9973E-05 0.454565
0.419925 0.0322924 0.0353682 9.9991E-05 0.512314
0.145425 0.0426535 0.0391868 9.9991E-05 0.772635
0.267015 0.0787448 0.0833101 9.9991E-05 0.57083
0.163087 0.119069 0.0036753 0.0171686 0.697
0.27682 9.9982E-05 9.9982E-05 0.172115 0.550866
0.264245 9.9982E-05 9.9982E-05 0.0986475 0.636908
0.269818 9.9982E-05 9.9982E-05 0.140768 0.589214
0.109061 0.137298 0.0732159 0.0367562 0.643669
0.216463 9.9982E-05 9.9982E-05 0.110364 0.672973
0.193982 0.0472566 9.9991E-05 0.12893 0.629731
0.0145089 0.0836726 0.485703 9.9991E-05 0.416016
0.0654697 0.125816 0.50381 9.9991E-05 0.304805
0.338772 0.0270607 0.0572237 9.9991E-05 0.576844
0.0215861 0.307052 0.602139 9.9991E-05 0.0691226
9.9991E-05 0.209043 0.46772 0.0452396 0.277898
0.230502 0.162896 0.241985 9.9991E-05 0.364516
0.176805 0.215919 9.9982E-05 9.9982E-05 0.607077
0.212549 0.214421 0.0238113 0.100512 0.448706
9.9982E-05 0.169046 0.524996 9.9982E-05 0.305758
9.9991E-05 0.0219907 0.583974 0.0619865 0.331949
0.0204986 0.105704 0.49831 9.9991E-05 0.375387
0.0376022 0.173965 0.582284 9.9991E-05 0.206048
0.301223 0.124562 0.0572617 9.9991E-05 0.516853
9.9982E-05 0.182307 0.630384 9.9982E-05 0.187109
0.242413 0.172131 0.00426914 0.299599 0.281587
0.197581 9.9991E-05 0.25137 0.0463586 0.504591
9.9991E-05 0.132375 0.0852042 0.0579648 0.724356
0.19002 0.180092 0.0443224 0.0401498 0.545416
0.0642892 0.206046 0.23646 0.0382991 0.454906
0.0107758 0.239678 0.342997 9.9991E-05 0.40645
9.9982E-05 0.257185 0.612273 9.9982E-05 0.130342
0.224303 0.224157 9.9991E-05 0.00785691 0.543583
0.649776 0.134087 0.145278 0.0184832 0.052375
0.170009 0.0806294 0.0801933 0.220459 0.44871
0.0763812 0.22212 0.259096 9.9991E-05 0.442303
0.481127 0.324958 0.193715 9.9982E-05 9.9982E-05
0.518079 0.34687 0.13485 9.9982E-05 9.9982E-05
0.274028 0.193092 0.165631 0.118098 0.249151
0.420941 0.331811 0.247048 9.9982E-05 9.9982E-05
0.326507 0.40025 0.273043 9.9982E-05 9.9982E-05
0.338674 0.156128 0.173172 0.0302616 0.301765
0.210977 0.284317 0.205654 9.9991E-05 0.298953
0.289825 0.274947 0.273129 9.9991E-05 0.161999
0.451138 0.320578 0.228085 9.9982E-05 9.9982E-05
0.15312 0.138285 0.197215 9.9991E-05 0.51128
0.454758 0.218647 0.199502 0.0108804 0.116213
0.409112 0.490965 0.0997232 9.9982E-05 9.9982E-05
0.148446 0.179334 0.268001 0.0198126 0.384406
0.0483316 0.275748 0.192944 0.0312515 0.451725
9.9982E-05 0.114603 0.341361 9.9982E-05 0.543836
0.0174917 0.153558 0.297568 9.9991E-05 0.531282
9.9982E-05 0.349923 0.239283 9.9982E-05 0.410594
9.9991E-05 0.197635 0.293838 0.104008 0.404419
9.9982E-05 0.25775 0.31266 9.9982E-05 0.42939
0.0530213 0.292981 0.243981 0.00655114 0.403466
0.233025 0.160472 0.181413 0.14033 0.28476
9.9991E-05 0.283136 0.356802 0.0644673 0.295495
0.248005 0.360166 0.31522 9.9991E-05 0.0765096
0.182564 0.265433 0.340979 9.9991E-05 0.210924
0.0301427 0.780815 9.9982E-05 0.188842 9.9982E-05
0.0454563 0.0491742 9.9991E-05 0.811746 0.0935236
9.997E-05 9.997E-05 9.997E-05 0.9996 9.997E-05
9.997E-05 9.997E-05 9.997E-05 0.9996 9.997E-05
9.9973E-05 9.9973E-05 0.020494 0.979206 9.9973E-05
9.9973E-05 9.9973E-05 0.0452838 0.954416 9.9973E-05
9.9973E-05 9.9973E-05 9.9973E-05 0.887675 0.112025
9.9973E-05 0.0595159 9.9973E-05 0.940184 9.9973E-05
9.9982E-05 0.24063 0.0194524 0.739718 9.9982E-05
0.0139702 0.886409 0.0322832 9.9991E-05 0.0672372
9.9982E-05 0.827666 9.9982E-05 0.0632172 0.108917
0.00329397 0.904686 0.0513916 0.0197904 0.0208379
0.00112424 0.83075 9.9991E-05 0.136622 0.0314046
9.9991E-05 0.941836 0.0163312 0.0362375 0.00549532
9.9982E-05 0.858689 0.0188388 0.122273 9.9982E-05
0.0291627 0.639612 0.173485 0.143927 0.0138134
0.00308698 0.838526 0.0613468 0.0210341 0.0760057
9.9991E-05 0.710105 0.0775584 0.160709 0.0515276
0.0128827 0.897805 0.0619114 9.9991E-05 0.0273008
9.9973E-05 0.95795 9.9973E-05 0.0417496 9.9973E-05
9.9991E-05 0.835642 0.0713248 0.0486541 0.0442789
9.9982E-05 0.935042 9.9982E-05 0.0340377 0.0307201
9.9982E-05 0.932043 0.00140834 9.9982E-05 0.0663485
9.9982E-05 0.888925 0.0489158 9.9982E-05 0.061959
9.9982E-05 0.844979 0.0657191 9.9982E-05 0.0891021
9.9982E-05 0.796073 0.153277 9.9982E-05 0.0504498
9.9982E-05 0.793129 0.0965419 9.9982E-05 0.11013
9.9982E-05 0.810479 0.104235 9.9982E-05 0.0850851
0.26248 0.172454 0.031407 0.0709735 0.462685
0.0757571 0.0868531 0.0109353 0.0135426 0.812912
0.699265 0.0552682 0.0382282 9.9991E-05 0.207138
0.149838 0.149522 0.0444993 0.062473 0.593668
0.731684 0.153783 0.0346055 9.9991E-05 0.0798273
0.119707 0.118585 0.130725 0.00548062 0.625504
0.171677 0.122997 9.9991E-05 0.114036 0.591191
0.186023 0.167726 0.0571884 0.0375718 0.551491
0.104988 0.114896 0.0225497 0.0502002 0.707367
0.161867 0.116023 0.052831 0.150442 0.518837
0.08629 0.159308 0.0084135 0.104188 0.6418
0.456314 9.9991E-05 0.0942054 0.374293 0.075088
0.869839 0.0362384 0.00570655 0.088116 9.9991E-05
0.64284 0.139813 0.0318422 0.0181838 0.167321
0.25987 0.0978354 0.119298 9.9991E-05 0.522896
0.2272 0.138806 0.0982675 9.9991E-05 0.535626
0.0238578 0.253824 0.157318 9.9991E-05 0.5649
9.9982E-05 0.221299 0.188794 9.9982E-05 0.589707
0.140509 0.460354 0.174576 0.128885 0.0956752
0.0438514 0.20952 0.174954 0.09562 0.476055
0.402724 0.380229 0.216847 9.9982E-05 9.9982E-05
0.155841 0.27201 0.352526 9.9991E-05 0.219523
0.0961905 0.358192 0.236675 0.0317109 0.277232
9.9991E-05 0.259875 0.152357 0.207493 0.380176
9.9991E-05 0.208134 0.199378 0.0513268 0.541061
0.223518 0.216295 0.160534 9.9991E-05 0.399553
0.00833777 0.511679 0.142249 0.0235176 0.314217
