0.0432489 0.0245862 0.862402 9.9982E-05 9.9982E-05 0.069563
9.9964E-05 9.9964E-05 0.919554 0.0800459 9.9964E-05 9.9964E-05
9.9973E-05 0.138978 0.848576 9.9973E-05 0.0121459 9.9973E-05
0.118057 9.99751E-05 0.781096 9.99751E-05 0.100547 9.99751E-05
0.0172539 0.0485739 0.905496 9.9982E-05 0.028476 9.9982E-05
0.0890786 0.0888381 0.606549 0.113243 0.102192 9.9991E-05
0.0169367 9.9991E-05 0.841449 0.0460234 0.00562882 0.0898618
0.123408 9.9982E-05 0.676108 0.155027 0.0452571 9.9982E-05
0.062002 9.9982E-05 0.816023 0.0933045 9.9982E-05 0.0284703
0.057749 0.059058 0.704803 0.0997643 0.0785256 9.9991E-05
0.161344 0.0307411 0.720526 0.0452953 9.9991E-05 0.0419937
9.9973E-05 0.0525736 9.9973E-05 9.9973E-05 0.0720541 0.875072
9.9982E-05 0.467627 0.0498786 9.9982E-05 0.0781112 0.404183
9.999E-05 0.020661 0.0655856 0.0248711 0.0815444 0.807238
9.9982E-05 0.00282931 0.0265107 9.9982E-05 0.19623 0.77423
9.999E-05 0.272957 0.185402 0.00475886 0.168222 0.368561
9.999E-05 0.387958 0.0259272 0.0580075 0.115599 0.412408
9.9982E-05 0.196208 0.150906 9.9982E-05 0.0921928 0.560493
0.0156115 9.9982E-05 0.0291476 0.0671691 9.9982E-05 0.887872
9.999E-05 0.427961 0.00238213 0.0453579 0.0952049 0.428994
0.0130412 0.375271 0.0922201 0.130648 0.125514 0.263306
0.120338 0.534344 0.00907047 0.00812971 0.123114 0.205005
9.9982E-05 0.0700977 0.0159379 9.9982E-05 0.122009 0.791756
9.9982E-05 0.420886 0.0740427 9.9982E-05 0.166885 0.337987
9.9973E-05 9.9973E-05 0.069899 9.9973E-05 0.100567 0.829234
9.999E-05 0.0324837 0.012366 0.0231411 0.214975 0.716934
9.9982E-05 0.053027 9.9982E-05 0.0379722 0.0310217 0.877779
9.9973E-05 0.0716267 0.841238 9.9973E-05 0.086835 9.9973E-05
9.9982E-05 0.115596 0.827041 9.9982E-05 0.0428791 0.0142838
9.9982E-05 0.0965328 0.7903 9.9982E-05 0.0636779 0.049289
9.9982E-05 0.189821 0.732039 9.9982E-05 0.0559141 0.0220255
0.0572843 0.633134 0.0820485 0.0721292 0.014016 0.141388
9.999E-05 0.636456 0.0436411 0.198267 0.058122 0.0634141
0.165961 0.0957717 0.0939292 9.9982E-05 9.9982E-05 0.644138
0.0275936 0.494112 9.9982E-05 0.382031 9.9982E-05 0.0960637
0.00807445 0.718748 0.0268541 0.146943 0.0992799 9.9991E-05
0.0378721 0.661597 0.185514 0.0231505 0.0115672 0.0802994
0.0427182 0.681978 0.111077 0.036315 0.0563755 0.0715357
0.0723664 0.353999 0.0104046 0.215665 9.9991E-05 0.347465
0.0714631 0.610022 0.105956 0.097647 0.114812 9.9991E-05
9.9964E-05 0.665047 9.9964E-05 0.334553 9.9964E-05 9.9964E-05
9.9982E-05 0.00432567 0.0493731 0.889353 9.9982E-05 0.0567486
0.201139 0.126848 9.9982E-05 0.179374 9.9982E-05 0.492439
0.00541797 0.0898254 9.9991E-05 0.5048 0.0734497 0.326407
0.180009 0.237681 0.0966183 0.18647 9.9991E-05 0.299122
0.137344 0.567193 0.0125757 0.0446788 0.101306 0.136903
0.132166 0.371432 0.122813 0.0758383 0.0417121 0.256038
0.0691943 9.9991E-05 0.16072 0.193634 0.100901 0.475451
0.0555218 0.332813 0.0869586 9.9991E-05 0.0831444 0.441462
0.167339 0.0100552 0.0490627 0.131593 9.9991E-05 0.64185
9.9982E-05 0.436906 9.9982E-05 0.0234384 0.0840223 0.455434
0.0538509 0.532125 0.00555802 0.0778434 0.181375 0.149247
0.0457119 0.206292 0.0646393 0.22279 0.0887033 0.371863
0.0760338 0.365832 0.00210965 0.0500704 0.112497 0.393457
0.0653085 0.178984 0.0472741 0.127715 9.9991E-05 0.580619
9.9982E-05 0.697377 0.02029 0.100337 9.9982E-05 0.181796
0.00440607 0.48416 9.9982E-05 0.242367 9.9982E-05 0.268866
0.0476881 0.361311 9.9982E-05 0.589538 9.9982E-05 0.00126212
9.9973E-05 0.292181 9.9973E-05 0.548906 9.9973E-05 0.158613
0.0517768 0.557407 9.9982E-05 0.307122 9.9982E-05 0.0834935
0.0757296 0.610027 0.00720601 0.154316 9.9991E-05 0.152622
9.9991E-05 0.616783 0.0165158 0.172311 0.0553354 0.138956
0.156936 0.420306 0.0551767 0.193016 9.9991E-05 0.174465
0.243232 0.459413 0.0123667 0.102998 9.9991E-05 0.181891
9.9991E-05 0.558664 0.00450614 0.158699 0.0262292 0.251801
0.00809371 0.687616 0.0687611 0.0769889 9.9991E-05 0.15844
9.9982E-05 0.677926 0.0128251 0.268895 9.9982E-05 0.0401539
0.0440427 0.307575 9.9973E-05 0.648083 9.9973E-05 9.9973E-05
0.0221171 0.0378806 0.809522 9.9991E-05 0.0627659 0.0676144
9.9964E-05 0.0732999 0.9263 9.9964E-05 9.9964E-05 9.9964E-05
9.9973E-05 0.0999002 0.891947 9.9973E-05 0.0078525 9.9973E-05
9.9982E-05 0.0247483 0.940789 0.0173445 0.0169185 9.9982E-05
9.9982E-05 0.0600189 0.875948 0.00261202 0.0612215 9.9982E-05
9.9973E-05 0.0550958 0.910615 9.9973E-05 0.0339889 9.9973E-05
9.9964E-05 0.0458404 0.95376 9.9964E-05 9.9964E-05 9.9964E-05
0.0097667 0.327643 9.9982E-05 0.33675 9.9982E-05 0.32564
0.0362632 0.594125 0.0909179 0.0403685 9.9991E-05 0.238226
9.9991E-05 0.708346 0.0803657 0.087163 0.0621956 0.0618295
9.9991E-05 0.660819 0.000903601 0.166149 0.0918297 0.0801981
0.0460908 0.66044 9.9991E-05 0.201331 0.0789492 0.0130884
0.0563893 0.227674 0.0286748 0.333957 9.9991E-05 0.353205
9.9982E-05 0.555072 0.0256057 0.389801 9.9982E-05 0.0293214
0.00764506 0.744992 0.0294529 0.21771 9.9982E-05 9.9982E-05
0.0131769 0.639336 0.0191011 0.145863 9.9991E-05 0.182423
0.0408087 0.635145 9.9991E-05 0.218053 0.0214486 0.0844443
0.0329208 0.637983 0.0372112 0.120583 9.9991E-05 0.171202
0.0565912 0.136645 9.9991E-05 0.183602 0.0853482 0.537713
0.223602 0.330308 0.0929532 9.9991E-05 0.135762 0.217275
0.0126975 0.397775 0.103202 9.9991E-05 0.0260837 0.460142
9.9982E-05 0.502083 0.029703 9.9982E-05 0.0830591 0.384954
0.130297 0.342164 0.0287991 0.0205817 0.0899598 0.388199
9.9982E-05 0.550019 0.0731278 0.0384142 9.9982E-05 0.338239
0.0926982 0.493464 9.9973E-05 9.9973E-05 9.9973E-05 0.413538
0.0324457 0.476895 9.9991E-05 0.043886 0.125705 0.320968
0.10307 0.490111 9.9991E-05 0.12923 0.181389 0.096101
0.0630844 0.318518 0.132325 0.15866 0.0443023 0.28311
0.0281027 0.60658 0.0162564 0.028249 0.122541 0.198271
0.05797 0.551153 9.9991E-05 0.0919801 0.150256 0.148541
0.157383 0.133009 9.9991E-05 0.134543 0.109997 0.464968
0.0386884 0.0749138 0.0266183 0.31621 0.0654507 0.478118
0.185611 0.0773921 9.9991E-05 0.405428 0.0567204 0.274749
0.02057 0.179812 9.9982E-05 0.0539757 9.9982E-05 0.745442
0.032656 0.509381 0.0633419 9.9982E-05 9.9982E-05 0.394421
0.156008 0.372027 0.0526594 0.00627089 9.9991E-05 0.412935
0.213858 0.244365 9.9991E-05 0.0168991 0.042782 0.481996
0.0230734 0.511175 0.0700491 9.9991E-05 0.0906048 0.304997
0.130584 0.0874688 9.9991E-05 0.341017 0.110575 0.330255
0.115966 0.488124 0.0374391 0.182535 0.115414 0.0605226
0.0459635 0.0862184 0.179707 0.531262 0.00649714 0.150352
9.9991E-05 0.339362 0.0867385 0.338984 0.0959449 0.13887
9.9991E-05 0.447525 0.0558102 0.10091 0.171822 0.223833
9.9991E-05 0.292544 0.171257 0.421463 0.0116807 0.102956
0.0695292 0.232611 0.112047 0.472007 9.9991E-05 0.113706
0.035648 0.553589 0.0795939 0.178303 0.0037696 0.149096
9.9991E-05 0.0751708 0.0492212 0.49517 0.149318 0.23102
0.0323748 0.50663 9.9982E-05 0.37564 9.9982E-05 0.0851553
9.9991E-05 0.498904 0.0150196 0.236372 0.0750583 0.174547
9.9991E-05 0.108146 0.257195 0.235283 0.363507 0.0357688
9.9973E-05 9.9973E-05 0.597005 0.253023 0.149672 9.9973E-05
9.9973E-05 9.9973E-05 0.408342 0.407813 0.183544 9.9973E-05
9.9982E-05 9.9982E-05 0.376769 0.142894 0.384798 0.095339
0.0452163 0.729589 9.9982E-05 0.147794 0.0772013 9.9982E-05
9.9973E-05 0.244184 9.9973E-05 9.9973E-05 0.647382 0.108134
0.00116809 0.472489 0.0126852 0.445256 0.0400812 0.0283213
9.9991E-05 0.347136 0.0118955 0.601127 0.0207475 0.0189942
9.9973E-05 0.668276 9.9973E-05 0.256586 0.0748381 9.9973E-05
0.00302252 0.47268 0.0602137 0.26789 0.0754692 0.120725
0.0319049 0.566253 0.0348442 0.217873 0.124638 0.0244867
0.0485903 0.318595 9.9982E-05 0.52009 9.9982E-05 0.112525
9.9964E-05 9.9964E-05 9.9964E-05 0.0181928 0.981407 9.9964E-05
0.0067301 0.0989448 9.9973E-05 9.9973E-05 0.894025 9.9973E-05
0.0260702 0.237784 0.000539951 9.9982E-05 0.735406 9.9982E-05
0.0185469 0.121494 9.9982E-05 9.9982E-05 0.82952 0.0302394
9.996E-05 9.996E-05 9.996E-05 9.996E-05 0.9995 9.996E-05
9.9964E-05 9.9964E-05 9.9964E-05 0.0432968 0.956303 9.9964E-05
0.00738173 0.0779475 9.9982E-05 9.9982E-05 0.875184 0.0392869
0.0414792 9.9973E-05 9.9973E-05 9.9973E-05 0.947068 0.0111528
9.996E-05 9.996E-05 9.996E-05 9.996E-05 0.9995 9.996E-05
9.996E-05 9.996E-05 9.996E-05 9.996E-05 0.9995 9.996E-05
0.0502842 0.0713887 0.0336059 9.9991E-05 0.773899 0.0707226
0.0109031 0.0468888 0.0843848 9.9991E-05 0.81133 0.046393
0.0121141 9.9964E-05 9.9964E-05 9.9964E-05 0.987486 9.9964E-05
9.9982E-05 0.178386 0.0413306 9.9982E-05 0.753665 0.0264184
0.067977 0.0142174 9.9973E-05 9.9973E-05 0.917506 9.9973E-05
9.9973E-05 0.0130179 9.9973E-05 0.0338556 0.952827 9.9973E-05
0.0212269 0.000981394 0.00311474 9.9991E-05 0.953105 0.0214725
9.996E-05 9.996E-05 9.996E-05 9.996E-05 0.9995 9.996E-05
0.0813747 0.203591 0.0410741 9.9982E-05 0.67376 9.9982E-05
0.00308492 0.0226021 0.0142128 0.0203943 0.89503 0.0446764
9.9973E-05 9.9973E-05 0.36722 0.56878 0.0636997 9.9973E-05
0.04816 0.421037 0.188432 0.129135 0.103003 0.110233
0.0984569 0.357305 0.245053 0.155645 0.14344 9.9991E-05
0.0227175 0.152442 0.21594 0.443955 0.164846 9.9991E-05
9.9991E-05 0.227346 0.278096 0.356815 0.131237 0.00640644
9.9982E-05 0.349927 0.110443 0.311088 0.228342 9.9982E-05
9.9991E-05 0.44119 0.248942 0.0780397 0.122842 0.108886
9.9982E-05 0.319616 0.223522 0.227324 0.229338 9.9982E-05
0.0939081 0.043906 0.82617 0.035816 9.9982E-05 9.9982E-05
9.9964E-05 9.9964E-05 0.914053 9.9964E-05 0.0855475 9.9964E-05
0.0498146 9.9973E-05 0.902512 0.0473734 9.9973E-05 9.9973E-05
0.0449515 0.0213025 0.888657 0.0145101 9.9991E-05 0.0304785
0.0444159 0.00071464 0.875115 9.9991E-05 0.0405223 0.0391325
9.9973E-05 9.9973E-05 0.864448 0.0075947 0.127658 9.9973E-05
0.0591409 9.9973E-05 0.855397 9.9973E-05 0.0851622 9.9973E-05
9.9973E-05 9.9973E-05 0.87548 0.103009 9.9973E-05 0.0212111
9.9982E-05 0.0266863 0.870649 9.9982E-05 0.0230515 0.0794134
9.9982E-05 9.9982E-05 0.851371 0.0415005 0.0827436 0.024185
0.167174 9.9982E-05 0.589289 0.0701835 9.9982E-05 0.173153
0.304161 9.9991E-05 0.552698 0.0175278 0.00246551 0.123048
0.0870675 9.9982E-05 0.547552 0.123984 9.9982E-05 0.241197
0.120669 9.9982E-05 0.452853 0.0458501 9.9982E-05 0.380429
0.0190664 0.621583 0.0175448 0.05001 0.0646198 0.227176
0.128601 0.583663 0.02601 9.9991E-05 0.0614036 0.200223
0.0738648 0.499223 0.126947 0.133444 9.9991E-05 0.166421
0.244097 0.165298 9.9982E-05 0.0417589 9.9982E-05 0.548646
0.0533704 0.66575 0.0789708 0.0494951 0.0806537 0.0717601
0.038156 0.656917 9.9991E-05 0.0961019 0.103558 0.105167
0.0702223 0.660612 9.9991E-05 0.1651 0.0126368 0.0913291
0.0543112 0.637781 9.9982E-05 0.293642 0.0140663 9.9982E-05
0.123305 0.631842 0.025815 0.0696053 9.9991E-05 0.149333
0.0422641 0.176715 9.9982E-05 0.666627 9.9982E-05 0.114194
0.0320125 0.58866 9.9973E-05 0.379027 9.9973E-05 9.9973E-05
0.0641867 0.717157 9.9982E-05 0.200484 0.0179728 9.9982E-05
0.120779 0.36592 9.9982E-05 0.217961 9.9982E-05 0.29514
0.91514 9.9982E-05 0.0195576 0.0424815 0.0226214 9.9982E-05
0.886557 0.089777 0.0233664 9.9973E-05 9.9973E-05 9.9973E-05
0.996278 9.9964E-05 9.9964E-05 0.00332256 9.9964E-05 9.9964E-05
0.954543 0.0181425 0.0270147 9.9973E-05 9.9973E-05 9.9973E-05
0.897169 0.0354201 9.9991E-05 0.0302478 0.0363477 0.0007157
0.869639 0.0522228 9.9973E-05 9.9973E-05 0.0778384 9.9973E-05
9.9973E-05 0.126049 0.859926 9.9973E-05 0.0137246 9.9973E-05
0.085175 0.0452155 0.828517 0.000739826 0.0320494 0.00830293
0.0082154 0.0893035 0.762551 9.9982E-05 0.13973 9.9982E-05
9.9982E-05 0.0929314 0.750245 9.9982E-05 0.0915442 0.0650799
9.9982E-05 0.0331492 0.764426 9.9982E-05 0.0827083 0.119517
0.519434 9.9982E-05 0.375948 0.0671241 9.9982E-05 0.0372941
0.405089 9.9973E-05 0.416344 0.178267 9.9973E-05 9.9973E-05
0.532128 9.9982E-05 0.369355 9.9982E-05 0.0330621 0.0652551
9.9982E-05 0.0266347 0.793535 9.9982E-05 0.0680902 0.11154
0.566586 9.9982E-05 0.254258 0.122367 0.0565884 9.9982E-05
9.9982E-05 0.232781 0.150701 0.148787 0.467531 9.9982E-05
0.0202675 0.458609 0.191136 9.9982E-05 0.329787 9.9982E-05
9.9991E-05 0.313267 0.239199 0.115507 0.318715 0.0132117
9.9973E-05 9.9973E-05 0.374327 0.270679 0.354695 9.9973E-05
0.161917 0.490991 9.9991E-05 0.0222927 0.0548393 0.269861
0.0381115 0.361733 9.9991E-05 0.274657 0.0530085 0.27239
0.0782515 0.151819 0.0806586 9.9991E-05 0.0202877 0.668883
0.0623202 0.483646 9.9991E-05 0.207538 0.0792496 0.167146
9.9964E-05 9.9964E-05 9.9964E-05 0.68574 9.9964E-05 0.31386
0.040406 0.472102 0.0720634 0.0965536 0.100028 0.218847
0.0280681 0.315796 0.0965127 0.00139504 9.9991E-05 0.558128
9.9973E-05 0.0968101 9.9973E-05 0.419424 9.9973E-05 0.483466
0.16445 0.412972 9.9991E-05 0.189941 0.141403 0.0911331
0.207105 0.556313 9.9991E-05 0.0178007 0.0777803 0.140901
0.0281665 0.384802 0.154179 0.0733822 0.181714 0.177757
0.00286607 0.275959 9.9991E-05 0.165427 0.0633734 0.492275
0.157595 0.475929 9.9991E-05 0.142475 0.050434 0.173467
0.0532863 0.481375 9.9991E-05 0.100519 0.187903 0.176816
0.0924058 0.544989 0.0253575 0.0669497 0.0639287 0.206369
0.0849846 0.531365 0.0582872 0.0587345 0.171726 0.0949029
9.9973E-05 0.157591 0.80034 9.9973E-05 0.0417685 9.9973E-05
9.9973E-05 0.107541 0.863454 9.9973E-05 0.0287044 9.9973E-05
0.0420692 0.058613 0.802904 0.0962141 9.9982E-05 9.9982E-05
0.0314068 0.0970461 0.802151 0.0691957 9.9982E-05 9.9982E-05
9.9964E-05 0.145161 0.854439 9.9964E-05 9.9964E-05 9.9964E-05
0.123527 0.09743 9.9982E-05 9.9982E-05 0.0467039 0.732139
0.0789813 0.592047 9.9991E-05 0.0221341 0.145765 0.160972
0.0567394 0.508309 0.109189 0.00514672 0.00832442 0.312291
0.105512 0.203151 9.9991E-05 0.253274 0.109578 0.328385
0.18364 9.9982E-05 0.112703 0.071456 9.9982E-05 0.632
0.123085 0.476593 0.0713681 0.0267799 0.0662457 0.235929
0.191152 0.162853 0.121607 0.0444611 0.0230871 0.456839
0.0358579 0.408602 0.0294923 0.243139 0.0965052 0.186403
0.096637 0.0595132 0.103237 0.0550608 0.0738216 0.61173
0.13143 0.0610857 0.045785 0.0527489 0.0498762 0.659075
0.0725633 0.268963 0.00485849 0.163275 0.108846 0.381494
0.058279 0.374376 0.0433155 0.46986 0.0326474 0.0215221
9.9982E-05 0.553949 0.1031 0.253426 0.0893255 9.9982E-05
0.120247 0.428347 0.0303965 0.420809 9.9982E-05 9.9982E-05
0.0800918 0.642843 0.0324488 0.224819 0.0196977 9.9991E-05
0.110345 0.211024 9.9982E-05 0.668067 9.9982E-05 0.0103646
0.0447384 0.330801 0.020989 0.582139 0.00886809 0.0124642
0.0907129 0.521066 9.9991E-05 0.24569 0.111937 0.0304942
0.155227 0.27739 0.0370385 0.530145 9.9982E-05 9.9982E-05
9.9982E-05 0.547608 9.9982E-05 0.231402 0.00586245 0.214928
0.0544881 9.9982E-05 9.9982E-05 0.0461429 0.0464688 0.8527
0.085167 0.159794 9.9991E-05 0.274882 0.106127 0.373929
0.0897742 0.326416 0.0396523 9.9991E-05 0.0737953 0.470263
0.040522 0.478682 0.027189 9.9991E-05 0.196958 0.256549
0.199129 0.256261 9.9982E-05 0.0443419 9.9982E-05 0.500068
0.103254 0.393526 9.9991E-05 0.0971958 0.196906 0.209018
0.166806 0.400846 9.9991E-05 0.0559741 0.0966813 0.279593
0.144786 0.220041 9.9991E-05 0.015991 0.0954176 0.523664
0.221412 0.29706 9.9991E-05 0.024279 0.166773 0.290376
0.0434125 0.602721 9.9982E-05 9.9982E-05 0.0849635 0.268703
0.0985664 0.351739 0.07128 0.19321 0.0466306 0.238574
0.124212 0.511456 9.9991E-05 0.0557367 0.142992 0.165504
0.214253 0.277016 0.0504629 0.0348736 0.104337 0.319057
0.130547 0.496605 0.0827503 0.0263646 0.0787034 0.18503
9.9991E-05 0.305 0.324691 0.0890058 0.19824 0.0829639
9.9991E-05 0.383761 0.141754 0.124048 0.34257 0.00776684
0.0318845 0.580162 0.0589222 0.0025491 0.236626 0.0898558
9.9991E-05 0.403017 0.144708 0.0485772 0.324612 0.0789854
0.060709 0.396842 9.9991E-05 0.0935724 0.119508 0.329268
9.9991E-05 0.0286739 0.182917 0.520142 0.204882 0.0632849
0.083109 0.388364 0.0858799 0.0482108 0.301193 0.0932429
9.9991E-05 0.457346 0.0899273 0.0201776 0.280445 0.152004
0.000785105 0.197231 0.131842 0.191928 0.204912 0.273302
0.00212207 0.537408 0.186725 0.0500932 0.212973 0.0106792
9.9973E-05 9.9973E-05 0.486994 0.34383 0.168877 9.9973E-05
9.9982E-05 0.456596 0.17689 0.0646672 0.301646 9.9982E-05
0.0853292 0.43577 0.146465 0.000736495 0.243752 0.0879475
0.0838693 0.44185 0.051933 0.289896 0.132351 9.9991E-05
9.9973E-05 0.103487 9.9973E-05 0.640319 9.9973E-05 0.255894
0.0851809 0.173927 9.9991E-05 0.649778 0.0332693 0.0577448
9.9991E-05 0.374866 0.164959 0.0649924 0.312595 0.0824884
9.9982E-05 0.299493 0.0746305 0.208564 0.417112 9.9982E-05
9.9982E-05 9.9982E-05 0.183326 0.226133 0.415579 0.174762
9.9991E-05 0.292496 0.175232 0.0476842 0.307982 0.176506
9.9991E-05 0.154327 0.0834753 0.634294 0.127523 0.000280003
9.9982E-05 0.214292 0.0921004 0.538701 0.154707 9.9982E-05
9.9991E-05 0.639303 0.060305 0.136146 0.132309 0.0318368
0.0131183 0.484297 0.0411382 0.215014 0.221678 0.0247552
9.9991E-05 0.272331 0.0938059 0.429387 0.145102 0.0592745
9.9982E-05 0.591383 0.0758077 0.157891 0.174718 9.9982E-05
9.9991E-05 0.547 0.00699185 0.17778 0.188195 0.0799324
0.00526844 0.512054 9.9982E-05 0.353169 9.9982E-05 0.129309
9.9991E-05 0.444221 0.0702268 0.21469 0.0387038 0.232058
0.0210579 0.382479 0.0987577 0.317362 0.115461 0.0648823
0.0143807 0.570579 9.9982E-05 0.38201 0.0328298 9.9982E-05
0.0800964 0.412974 9.9973E-05 0.506629 9.9973E-05 9.9973E-05
9.9982E-05 0.672637 0.0641575 0.142664 0.120342 9.9982E-05
9.9982E-05 0.384515 9.9982E-05 0.477276 0.0125435 0.125465
0.171781 0.527945 0.0365953 0.237942 0.0256366 9.9991E-05
0.0421192 0.360921 0.249052 0.0455097 0.302298 9.9991E-05
0.0858411 0.304366 0.155062 0.127925 0.27524 0.0515654
0.0464967 0.0157105 0.141555 0.574734 0.221404 9.9991E-05
0.0798896 0.509853 0.0831129 0.0147777 0.312266 9.9991E-05
9.9973E-05 9.9973E-05 0.366494 0.48223 0.150976 9.9973E-05
9.9982E-05 0.553422 0.0913801 0.0856529 0.269345 9.9982E-05
9.9964E-05 0.247272 9.9964E-05 0.752328 9.9964E-05 9.9964E-05
9.9973E-05 0.0586504 9.9973E-05 0.688666 9.9973E-05 0.252384
0.0245923 0.603973 9.9991E-05 0.208474 0.019443 0.143417
9.9982E-05 0.658592 9.9982E-05 0.133143 0.13009 0.0779746
9.9973E-05 0.594226 9.9973E-05 0.382861 9.9973E-05 0.0226136
0.0480501 0.657424 0.0485556 0.240307 0.00556308 9.9991E-05
9.9982E-05 0.669401 9.9982E-05 0.255389 0.0592593 0.0157511
9.9982E-05 0.119434 0.834411 0.0330471 0.0129079 9.9982E-05
0.0788156 0.0398884 0.725771 0.0660194 0.0894058 9.9991E-05
0.0136878 9.9982E-05 0.891321 9.9982E-05 0.0747703 0.0200207
9.9964E-05 0.0511808 0.948419 9.9964E-05 9.9964E-05 9.9964E-05
0.0585641 0.701526 0.0741144 0.15485 9.9991E-05 0.0108457
0.0105912 0.671735 0.0388352 0.0838718 9.9991E-05 0.194867
0.113283 0.487002 0.0272947 0.193948 9.9991E-05 0.178372
9.9991E-05 0.775752 0.000534425 0.0538246 0.0758971 0.0938923
9.9973E-05 0.582486 0.0138836 0.40333 9.9973E-05 9.9973E-05
0.0236586 0.448168 0.271033 9.9982E-05 0.25694 9.9982E-05
0.055448 0.572567 9.9982E-05 0.288153 0.0836319 9.9982E-05
0.107162 0.6017 0.00356225 0.133624 9.9991E-05 0.153852
0.00986762 0.541383 9.9991E-05 0.171941 0.0432275 0.233481
0.0177944 0.615274 0.0419113 0.194317 9.9991E-05 0.130604
0.0221668 0.727078 9.9982E-05 0.215277 0.0352783 9.9982E-05
9.9964E-05 0.448577 9.9964E-05 0.551023 9.9964E-05 9.9964E-05
9.9973E-05 0.517309 9.9973E-05 0.393859 9.9973E-05 0.0885323
0.086274 0.624009 9.9973E-05 0.289417 9.9973E-05 9.9973E-05
9.9964E-05 0.196756 9.9964E-05 0.802844 9.9964E-05 9.9964E-05
0.0107427 0.598134 0.0614599 0.110259 0.0176703 0.201734
0.00282371 0.375617 9.9982E-05 0.591449 9.9982E-05 0.0299104
0.0270873 0.229049 9.9973E-05 0.743564 9.9973E-05 9.9973E-05
0.0272917 0.817061 0.100227 0.00292546 0.052395 9.9991E-05
0.0201288 0.473875 9.9982E-05 0.214196 9.9982E-05 0.2916
0.0256043 0.494584 0.025527 0.10338 0.0943452 0.256559
0.093421 0.649786 0.0171912 0.10648 0.0175252 0.115596
0.0663609 0.277082 9.9991E-05 0.152 0.143713 0.360744
0.0388146 0.711426 0.0363643 0.1362 9.9991E-05 0.0770949
0.0139203 0.602814 0.0398258 0.0592521 0.0696497 0.214538
0.00286064 0.626208 9.9982E-05 0.344496 9.9982E-05 0.0262354
0.158782 9.9982E-05 0.656626 0.0306611 9.9982E-05 0.153731
0.0825451 0.0630629 0.751974 0.0483304 9.9991E-05 0.0539881
0.118385 9.9982E-05 0.807981 0.0625219 9.9982E-05 0.0109121
0.12776 9.9973E-05 0.826782 0.0451579 9.9973E-05 9.9973E-05
0.161102 0.105938 0.705941 9.9982E-05 9.9982E-05 0.0268187
0.0499052 0.360697 0.0713252 0.173539 9.9991E-05 0.344434
0.105748 0.443977 0.0225838 0.221532 9.9991E-05 0.20606
9.9964E-05 0.596394 9.9964E-05 0.403206 9.9964E-05 9.9964E-05
9.9982E-05 0.610621 0.0119475 0.347598 9.9982E-05 0.0296335
9.9982E-05 0.76302 9.9982E-05 0.0538353 0.0717818 0.111163
9.9982E-05 0.732149 0.0357185 0.222115 0.00981739 9.9982E-05
0.0404406 0.613706 9.9991E-05 0.165404 0.086407 0.0939423
0.0123123 0.544383 9.9982E-05 0.158872 9.9982E-05 0.284233
0.0513165 0.640231 9.9982E-05 0.103333 9.9982E-05 0.20492
0.0939581 0.562673 9.9982E-05 0.0511804 9.9982E-05 0.291988
0.0656629 0.608627 0.106623 0.0766103 0.0763382 0.0661385
0.0179902 0.697935 0.00385592 0.135251 9.9991E-05 0.144868
0.00520715 0.633407 0.027022 0.204511 0.0242244 0.105629
9.9973E-05 0.394118 0.0758211 9.9973E-05 0.529761 9.9973E-05
9.9991E-05 0.203961 0.113347 0.0259043 0.603466 0.0532217
9.9982E-05 0.541724 0.019775 0.340806 0.097495 9.9982E-05
9.9991E-05 0.0366005 0.231589 0.076979 0.648506 0.00622498
9.9982E-05 0.268696 0.186936 9.9982E-05 0.472599 0.0715696
0.0638955 0.386954 0.14528 0.180549 0.223222 9.9991E-05
9.9991E-05 0.56605 0.179882 0.0844375 0.0696431 0.0998877
0.1168 0.543758 0.140149 0.11312 0.053916 0.0322566
9.9973E-05 0.254447 0.225807 9.9973E-05 0.519447 9.9973E-05
9.9982E-05 0.348012 0.122901 9.9982E-05 0.509788 0.0190982
9.9973E-05 0.30362 0.187664 9.9973E-05 0.508416 9.9973E-05
9.9991E-05 0.25168 0.105946 0.075789 0.545706 0.0207787
0.0181044 0.568909 0.147445 0.172257 0.0846233 0.00866131
9.9982E-05 0.141936 0.180053 0.020433 0.657378 9.9982E-05
0.177164 0.218709 0.201008 0.164933 0.0243025 0.213884
0.0342599 0.646037 0.00793248 0.108893 0.0993281 0.10355
9.9991E-05 0.529031 0.212104 0.0786928 0.108085 0.0719872
0.0537707 0.515062 0.152035 0.124852 0.0680347 0.0862457
0.0404683 0.35689 0.220581 0.125243 0.254349 0.00246863
0.0155921 0.365812 0.226969 0.083222 0.308305 9.9991E-05
0.00665871 0.141697 0.215481 9.9991E-05 0.628451 0.00761247
9.9982E-05 0.543544 0.176255 0.0881351 9.9982E-05 0.191865
0.0807009 0.11977 0.123285 0.527508 0.148636 9.9991E-05
0.0891173 0.366413 0.166674 0.130597 0.0577538 0.189445
0.0173654 0.444301 0.196023 0.0406868 0.208406 0.0932178
9.9973E-05 9.9973E-05 0.300775 0.479063 0.219862 9.9973E-05
9.9973E-05 9.9973E-05 0.311839 0.538586 0.149275 9.9973E-05
0.100623 0.313598 0.156785 0.272331 0.156563 9.9991E-05
0.0204335 9.9991E-05 0.286625 0.401726 0.237539 0.0535765
9.9973E-05 9.9973E-05 0.417689 0.343479 0.238532 9.9973E-05
0.0383874 0.391677 0.167997 0.245307 0.156532 9.9991E-05
9.9991E-05 0.283263 0.232681 0.143951 0.193152 0.146854
0.0437316 0.128409 0.304765 0.277332 0.21306 0.032703
9.9982E-05 9.9982E-05 0.311889 0.387009 0.205111 0.0957916
9.9991E-05 0.435918 0.168847 0.198193 0.138851 0.058091
9.9991E-05 0.0928618 0.22213 0.365861 0.18919 0.129858
9.9973E-05 9.9973E-05 0.460053 0.444773 0.0948734 9.9973E-05
0.00114969 0.259709 0.191442 0.207932 0.331194 0.00857335
9.9991E-05 0.400219 0.350309 0.00163425 0.189555 0.0581831
9.9973E-05 0.528683 0.167488 9.9973E-05 0.303529 9.9973E-05
0.0779875 0.41573 0.129378 0.0720555 0.304749 9.9991E-05
0.0202576 0.324873 0.346569 9.9991E-05 0.271111 0.0370889
0.0264584 0.427611 0.223022 9.9991E-05 0.251878 0.0709313
9.9973E-05 0.406465 0.282758 9.9973E-05 0.310477 9.9973E-05
0.0742277 0.321995 0.267147 0.0276073 0.308923 9.9991E-05
0.0114556 0.202857 0.154372 0.130694 0.20769 0.292932
0.0287485 0.378665 0.283404 9.9982E-05 0.308983 9.9982E-05
9.9982E-05 0.127533 0.351489 0.252188 0.26859 9.9982E-05
9.9982E-05 0.240409 0.251396 0.16046 0.347535 9.9982E-05
0.112038 9.9982E-05 0.800771 0.0587716 9.9982E-05 0.0282201
0.561464 0.0820028 0.0786405 0.00337151 9.9991E-05 0.274421
0.744479 9.9973E-05 9.9973E-05 0.010057 9.9973E-05 0.245164
0.786766 9.9964E-05 9.9964E-05 9.9964E-05 9.9964E-05 0.212834
0.785389 9.9973E-05 0.00119783 9.9973E-05 9.9973E-05 0.213113
0.727734 9.9973E-05 9.9973E-05 9.9973E-05 0.0493445 0.222622
0.853786 0.145814 9.9964E-05 9.9964E-05 9.9964E-05 9.9964E-05
0.769622 9.9982E-05 0.00136817 0.00531431 9.9982E-05 0.223495
0.660586 9.9973E-05 0.135895 9.9973E-05 9.9973E-05 0.203219
0.0122839 0.0494177 0.893395 0.0396032 0.00519991 9.9991E-05
0.0913164 0.0326271 0.788789 9.9982E-05 9.9982E-05 0.0870675
0.0396091 0.0370937 0.894022 9.9982E-05 0.0290751 9.9982E-05
9.9973E-05 9.9973E-05 0.820282 9.9973E-05 0.00829119 0.171127
0.0736515 9.9973E-05 0.88247 9.9973E-05 0.0435785 9.9973E-05
0.0408571 9.9982E-05 0.844182 9.9982E-05 0.00233848 0.112422
0.0933191 0.0665837 0.72441 9.9982E-05 0.115487 9.9982E-05
9.9982E-05 0.0433181 0.842878 9.9982E-05 0.0435814 0.0700225
0.0993118 0.0532261 0.701228 0.023692 0.0516999 0.0708423
9.9973E-05 0.043685 0.903719 9.9973E-05 0.0522961 9.9973E-05
9.9964E-05 9.9964E-05 0.948643 0.0509568 9.9964E-05 9.9964E-05
0.0477986 0.0422068 0.84036 9.9991E-05 0.0612051 0.00832915
0.0535915 9.9964E-05 0.946009 9.9964E-05 9.9964E-05 9.9964E-05
0.0399222 0.0501477 0.905598 9.9982E-05 9.9982E-05 0.00413189
0.00176693 0.0252686 0.862886 9.9991E-05 0.0632802 0.0466985
9.9982E-05 0.0932057 0.823908 0.00143976 0.0812466 9.9982E-05
9.9973E-05 0.0929332 0.762692 9.9973E-05 0.144075 9.9973E-05
9.9973E-05 0.102418 0.81311 9.9973E-05 0.0841722 9.9973E-05
9.9973E-05 0.0907257 0.812006 9.9973E-05 0.0969688 9.9973E-05
0.151551 0.444968 0.149497 0.223433 0.0304504 9.9991E-05
0.0680326 0.771474 0.0842834 0.036994 0.0262783 0.0129373
0.0702699 0.198674 0.0441943 0.616409 0.0703524 9.9991E-05
0.0635034 0.541663 0.156369 9.9991E-05 0.0482014 0.190162
9.9982E-05 0.233106 0.160704 0.58572 0.0202698 9.9982E-05
0.0368626 0.610346 0.0515085 0.143954 0.157228 9.9991E-05
0.131574 0.507096 0.104044 0.199592 9.9991E-05 0.0575939
0.111784 0.62946 0.165355 0.0932014 9.9982E-05 9.9982E-05
0.104776 0.600958 0.0504556 0.124359 0.0048594 0.114592
0.164782 0.485443 0.108232 0.0760112 0.0891051 0.0764268
0.130199 0.62486 0.13983 0.0601218 0.0448892 9.9991E-05
0.134041 0.00939522 9.9991E-05 0.421086 0.0596939 0.375684
0.150487 0.0898183 0.0396904 0.704069 0.0158355 9.9991E-05
0.0979833 0.254575 0.0815253 0.565717 9.9982E-05 9.9982E-05
0.0680772 0.592018 0.12733 0.132012 0.0804627 9.9991E-05
9.9991E-05 0.581764 0.172879 0.132179 0.0442785 0.068799
9.9991E-05 0.489695 0.213269 0.0359996 0.234115 0.026821
9.9982E-05 0.564852 0.198204 0.0406015 0.196142 9.9982E-05
0.0172438 0.0476027 0.425046 0.0775963 0.164057 0.268454
9.9991E-05 0.339851 0.168897 0.0340409 0.203329 0.253781
9.9973E-05 9.9973E-05 0.395573 0.40289 0.201238 9.9973E-05
0.0183755 0.340671 0.269551 0.129578 0.241725 9.9991E-05
9.9991E-05 0.296859 0.346385 0.0122337 0.203686 0.140736
0.0581648 0.299401 0.331169 9.9991E-05 0.115267 0.195899
9.9991E-05 0.550743 0.174583 0.051889 0.207627 0.0150575
9.9991E-05 0.348345 0.225887 0.132235 0.189936 0.103497
9.9991E-05 0.299521 0.439727 0.016657 0.17456 0.0694344
