0.00557731 0.863353 0.0456332 9.9982E-05 0.085237 9.9982E-05
9.9973E-05 0.931226 9.9973E-05 0.0127822 9.9973E-05 0.0556916
0.117372 0.821051 0.0502647 9.9982E-05 0.0111124 9.9982E-05
0.0687364 0.775322 0.0387998 9.9982E-05 0.116942 9.9982E-05
0.0633397 0.858382 0.0410186 9.9982E-05 0.0370593 9.9982E-05
0.0500977 0.601916 0.0758767 0.143471 0.0946715 0.0339671
9.999E-05 0.806503 0.011008 0.111598 0.0666093 0.00418194
0.0171961 0.692568 0.0132869 0.111703 0.165145 9.9991E-05
9.9982E-05 0.837172 9.9982E-05 0.0107381 0.123287 0.0286022
0.0873124 0.613866 0.0731313 0.161402 0.0641884 9.9991E-05
0.0490006 0.696111 9.9982E-05 0.138236 0.116453 9.9982E-05
0.275493 9.9982E-05 0.105314 9.9982E-05 0.47349 0.145503
0.526246 0.0454573 0.0880087 0.0127887 0.327399 9.9991E-05
0.31374 0.00536121 0.0486659 0.125096 0.485096 0.0220406
0.349059 0.0528204 0.161289 0.0296145 0.369396 0.0378225
0.32023 0.116588 0.128913 0.120226 0.149939 0.164104
0.528055 0.0130979 0.0900133 0.0376315 0.23774 0.0934617
0.398815 0.139878 0.0441911 9.9991E-05 0.322896 0.0941208
0.0675514 9.9991E-05 0.0543144 0.161752 0.618951 0.0973307
0.476292 0.0322335 0.0615246 0.055949 0.227769 0.146232
0.472313 0.0937605 0.0834036 0.0954559 0.19085 0.0642167
0.602354 0.0465032 9.9991E-05 0.058567 0.16052 0.131955
0.329592 9.9991E-05 0.0846178 0.121191 0.296288 0.168211
0.473489 0.0532853 0.166406 0.0196351 0.184146 0.103039
0.280835 0.0475836 0.0672784 0.0277824 0.444558 0.131962
0.222496 0.027742 0.211679 0.0778982 0.362991 0.0971937
0.313634 0.0195686 0.04169 0.156229 0.380837 0.0880409
0.122461 0.840639 0.0365996 9.9973E-05 9.9973E-05 9.9973E-05
0.185394 0.814206 9.9964E-05 9.9964E-05 9.9964E-05 9.9964E-05
0.170914 0.807138 0.0216476 9.9973E-05 9.9973E-05 9.9973E-05
0.121891 0.739201 0.0667495 9.9982E-05 9.9982E-05 0.0719581
0.629418 0.0400375 0.0022473 0.0016918 0.11525 0.211355
0.597103 0.0102881 9.9982E-05 0.0648627 9.9982E-05 0.327546
0.252354 0.0594341 0.00493278 0.0510398 0.63214 9.9991E-05
0.326836 0.0584992 9.9991E-05 0.0145766 0.015993 0.583995
0.759877 0.048159 0.0184485 0.0129945 9.9991E-05 0.160421
0.645345 0.137483 9.9982E-05 0.14993 0.0670417 9.9982E-05
0.639416 0.14389 0.0433382 9.9991E-05 0.0503482 0.122908
0.219711 0.0622397 9.9982E-05 9.9982E-05 0.143211 0.574639
0.631964 0.0241596 0.0776774 0.120922 0.0607509 0.0845256
0.363953 9.9973E-05 9.9973E-05 0.0174762 9.9973E-05 0.618271
9.9973E-05 0.0499275 9.9973E-05 0.302199 9.9973E-05 0.647573
0.192159 9.9982E-05 9.9982E-05 0.13897 0.421575 0.247096
0.17616 0.0029994 9.9991E-05 0.411355 0.224795 0.184591
0.143451 0.159466 9.9991E-05 0.0293992 0.321985 0.345599
0.62777 0.0333977 0.0217955 0.0628639 0.190332 0.0638406
0.392125 0.114227 0.0276623 0.115944 0.169082 0.180959
0.0976527 0.177229 0.0776329 0.212039 0.300586 0.134861
0.494146 0.0559596 0.0875139 0.0530664 0.203462 0.105852
0.107695 0.0506622 9.9991E-05 0.111052 0.571451 0.15904
0.619295 9.9991E-05 0.00936079 0.0542694 0.278596 0.038379
0.601864 0.0558403 0.111739 0.0849315 0.031728 0.113896
0.230272 0.0444036 0.110471 0.139551 0.264889 0.210413
0.481749 0.0352976 0.0605334 0.0607674 0.251274 0.110378
0.327611 0.0157008 9.9991E-05 0.159425 0.383244 0.113919
0.563189 9.9973E-05 9.9973E-05 9.9973E-05 0.0309275 0.405584
0.123847 0.0169419 0.0322794 9.9991E-05 0.0822734 0.744558
9.9982E-05 0.00796153 0.0100042 0.0491861 9.9982E-05 0.932648
9.9982E-05 0.0314725 9.9982E-05 0.0417523 0.0134057 0.913169
0.239331 9.9973E-05 0.0184746 9.9973E-05 9.9973E-05 0.741895
0.490288 0.00127262 9.9982E-05 9.9982E-05 0.0875818 0.420657
0.385668 0.0188705 0.0891408 9.9982E-05 9.9982E-05 0.506121
0.067211 0.0202623 0.106386 9.9991E-05 0.156414 0.649627
0.193571 0.0453237 9.9982E-05 9.9982E-05 0.218099 0.542807
0.302921 0.0506927 0.0397881 9.9991E-05 0.0595761 0.546922
0.453682 0.0892628 0.0103349 9.9991E-05 0.0800958 0.366524
0.399628 9.9973E-05 9.9973E-05 0.0105125 9.9973E-05 0.58956
9.9991E-05 0.00616999 0.0128082 0.276743 0.000210356 0.703968
0.0934354 0.815498 0.00159565 9.9982E-05 0.0892709 9.9982E-05
0.0782563 0.921344 9.9964E-05 9.9964E-05 9.9964E-05 9.9964E-05
0.12297 0.87663 9.9964E-05 9.9964E-05 9.9964E-05 9.9964E-05
0.0566744 0.91671 0.0263162 9.9973E-05 9.9973E-05 9.9973E-05
0.0818579 0.863001 0.0400284 0.0149125 9.9982E-05 9.9982E-05
0.00719525 0.856822 0.101282 9.9982E-05 9.9982E-05 0.0345014
0.0609863 0.932546 0.00616778 9.9973E-05 9.9973E-05 9.9973E-05
0.0848793 0.0139819 9.9982E-05 9.9982E-05 0.118051 0.782888
0.419443 0.0596674 0.0116927 9.9991E-05 0.0424917 0.466606
0.624091 0.0665049 0.0187668 9.9982E-05 9.9982E-05 0.290438
0.491971 0.0461934 0.0852075 0.0230291 0.0204944 0.333105
0.337291 9.9973E-05 0.16835 9.9973E-05 9.9973E-05 0.494059
9.9973E-05 0.0283787 9.9973E-05 9.9973E-05 0.198907 0.772414
0.263409 0.0154778 0.0432758 0.126926 9.9991E-05 0.550812
0.583594 0.00865583 9.9982E-05 0.051498 9.9982E-05 0.356052
0.450165 0.0321982 0.00716945 9.9991E-05 0.080932 0.429435
0.313999 9.9973E-05 0.0774704 9.9973E-05 9.9973E-05 0.608231
0.488796 0.0940842 9.9982E-05 9.9982E-05 0.0211031 0.395817
0.26087 0.069663 0.0162767 0.188554 0.343547 0.121089
0.406336 0.15876 0.0909358 0.0440819 0.299786 9.9991E-05
0.578248 0.0987815 9.9982E-05 0.00798228 0.314789 9.9982E-05
0.631262 0.00708321 0.0438696 0.0691475 0.248538 9.9991E-05
0.515751 0.00718435 0.0390446 9.9991E-05 0.374844 0.0630763
0.57804 0.023074 9.9991E-05 0.00246981 0.229576 0.16674
0.596181 9.9982E-05 9.9982E-05 0.0111286 0.359111 0.0333795
0.594436 9.9991E-05 0.0794385 0.0305293 0.286563 0.00893277
0.475253 0.0210659 0.162167 0.0390741 0.127613 0.174827
0.370285 0.0886793 0.0194714 0.221238 0.240923 0.0594031
0.671155 0.0357421 0.10097 0.0211927 0.111781 0.0591588
0.683534 0.0806115 0.0153017 0.110422 0.0685012 0.0416293
0.29579 0.0278179 0.0361444 0.0953161 0.387981 0.156951
0.262016 9.9982E-05 9.9982E-05 0.358985 0.331363 0.0474372
0.0846945 9.9991E-05 0.0748897 0.286967 0.311925 0.241423
0.322992 0.0143503 9.9991E-05 0.0891712 0.398546 0.174841
0.58395 0.026259 9.9982E-05 9.9982E-05 0.294818 0.0947732
0.38186 0.0170065 9.9991E-05 0.0211434 0.398089 0.181801
0.388833 0.0111714 9.9991E-05 0.00628466 0.495263 0.0983483
0.657565 0.0639108 0.00215233 9.9991E-05 0.145937 0.130335
0.260101 9.9991E-05 0.0547472 0.280968 0.252008 0.152075
0.446503 0.13425 0.0766202 0.165998 9.9991E-05 0.176529
0.0368493 0.113736 9.9991E-05 0.537797 0.199368 0.11215
0.382649 0.0741135 0.0524997 0.302383 0.0150301 0.173324
0.436383 0.10563 0.106906 0.146652 0.0659225 0.138506
0.303964 0.0780794 0.01414 0.379552 0.0918734 0.132391
0.262364 0.0268299 9.9991E-05 0.51451 0.1761 0.0200956
0.56726 0.00988971 9.9982E-05 0.286972 0.135678 9.9982E-05
9.9991E-05 0.0918803 0.16207 0.336361 0.0525228 0.357066
0.42783 9.9982E-05 9.9982E-05 0.309792 0.123633 0.138544
0.493537 9.9991E-05 0.00664754 0.292784 0.080339 0.126592
0.178674 0.341853 0.239553 0.23972 9.9982E-05 9.9982E-05
9.9973E-05 0.515754 0.0905609 0.393385 9.9973E-05 9.9973E-05
9.9973E-05 0.405499 0.116399 0.477802 9.9973E-05 9.9973E-05
0.052784 0.358586 0.327803 0.260626 9.9982E-05 9.9982E-05
0.653287 9.9982E-05 0.0437409 0.257771 9.9982E-05 0.0450007
0.333516 9.9973E-05 0.649552 9.9973E-05 9.9973E-05 0.0166323
0.394528 9.9973E-05 9.9973E-05 0.503447 9.9973E-05 0.101726
0.256907 9.9982E-05 0.00696747 0.625094 9.9982E-05 0.110832
0.646303 9.9973E-05 9.9973E-05 0.301956 9.9973E-05 0.0514411
0.544635 9.9982E-05 9.9982E-05 0.353915 0.0134071 0.087843
0.555463 0.0330239 0.0444499 0.332438 0.0345258 9.9991E-05
0.2599 9.9982E-05 9.9982E-05 0.60305 0.0521459 0.0847041
9.9964E-05 9.9964E-05 0.961363 9.9964E-05 9.9964E-05 0.0382368
0.0953355 9.9973E-05 0.888728 9.9973E-05 0.0156365 9.9973E-05
0.359495 0.016159 0.601794 9.9982E-05 0.0223525 9.9982E-05
0.168916 0.0260375 0.734287 0.0367658 9.9991E-05 0.0338939
9.996E-05 9.996E-05 0.9995 9.996E-05 9.996E-05 9.996E-05
9.9973E-05 0.022516 0.958824 0.0183599 9.9973E-05 9.9973E-05
0.144945 9.9973E-05 0.838624 9.9973E-05 9.9973E-05 0.0161303
9.9964E-05 9.9964E-05 0.943092 9.9964E-05 0.0565083 9.9964E-05
9.996E-05 9.996E-05 0.9995 9.996E-05 9.996E-05 9.996E-05
9.996E-05 9.996E-05 0.9995 9.996E-05 9.996E-05 9.996E-05
0.230491 9.9982E-05 0.721295 9.9982E-05 0.0299274 0.0180868
0.0856374 0.0525012 0.792434 9.9982E-05 0.0692272 9.9982E-05
9.9964E-05 9.9964E-05 0.944361 9.9964E-05 9.9964E-05 0.0552395
0.144677 0.085724 0.740564 9.9982E-05 9.9982E-05 0.0288343
0.0293307 9.9973E-05 0.890634 9.9973E-05 0.0797349 9.9973E-05
0.00331962 9.9964E-05 0.996281 9.9964E-05 9.9964E-05 9.9964E-05
0.0869841 9.9973E-05 0.881534 9.9973E-05 0.031182 9.9973E-05
9.996E-05 9.996E-05 0.9995 9.996E-05 9.996E-05 9.996E-05
0.30653 0.0748161 0.573933 9.9982E-05 0.0445204 9.9982E-05
0.0496039 0.0404145 0.875692 9.9982E-05 9.9982E-05 0.0340896
9.9973E-05 0.283668 0.0532882 0.662744 9.9973E-05 9.9973E-05
0.414205 0.110279 0.127626 0.238312 0.0994304 0.0101464
0.489571 0.225731 0.0441233 0.240374 9.9982E-05 9.9982E-05
0.191164 0.15524 0.127868 0.447131 0.0531772 0.0254204
0.189253 0.204277 0.0640472 0.42066 9.9991E-05 0.121662
0.335649 0.0992755 0.171536 0.385317 0.00812307 9.9991E-05
0.424455 0.145164 0.166256 0.263926 9.9982E-05 9.9982E-05
0.320415 0.188825 0.196276 0.294284 9.9982E-05 9.9982E-05
0.0255954 0.80606 9.9982E-05 0.07059 0.0975549 9.9982E-05
9.9973E-05 0.899247 0.0476187 0.0528344 9.9973E-05 9.9973E-05
9.9973E-05 0.931959 9.9973E-05 0.0597677 0.0079732 9.9973E-05
0.00677568 0.92935 9.9982E-05 0.00836037 0.0553145 9.9982E-05
0.0741289 0.891903 9.9973E-05 9.9973E-05 0.0336683 9.9973E-05
9.9973E-05 0.88753 0.0799715 9.9973E-05 9.9973E-05 0.032199
0.00598081 0.845454 0.099019 9.9982E-05 0.049346 9.9982E-05
9.9973E-05 0.88148 9.9973E-05 0.0966147 0.0216054 9.9973E-05
0.0665794 0.926612 9.9982E-05 0.00259053 9.9982E-05 0.0040177
9.9973E-05 0.800542 0.119826 0.0793317 9.9973E-05 9.9973E-05
9.9982E-05 0.601268 0.000527405 9.9982E-05 0.28766 0.110345
9.9973E-05 0.562674 9.9973E-05 9.9973E-05 0.41236 0.0246663
9.9982E-05 0.504317 9.9982E-05 0.164728 0.264061 0.0666936
9.9982E-05 0.458942 9.9982E-05 0.0430031 0.395443 0.102412
0.517721 9.9991E-05 0.053994 0.0512341 0.133124 0.243827
0.508624 0.00470254 0.083906 9.9991E-05 0.232193 0.170475
0.413338 0.100512 9.9982E-05 9.9982E-05 0.23009 0.255861
0.283636 9.9973E-05 9.9973E-05 9.9973E-05 0.583462 0.132602
0.617731 0.0718933 0.106069 0.000320182 0.0706795 0.133307
0.619132 9.9982E-05 0.0267997 9.9982E-05 0.0591789 0.29469
0.549982 0.0390052 0.0107538 0.0523898 0.0619654 0.285904
0.306231 9.9991E-05 0.0886053 0.0706778 0.0292338 0.505152
0.425268 9.9982E-05 9.9982E-05 0.000914352 0.136113 0.437505
9.9973E-05 9.9973E-05 9.9973E-05 0.250661 0.0306235 0.718416
0.285968 9.9973E-05 9.9973E-05 0.246359 9.9973E-05 0.467373
0.544734 0.0742516 0.0265002 9.9982E-05 9.9982E-05 0.354314
0.120003 0.0231536 9.9982E-05 9.9982E-05 0.225792 0.630851
9.9973E-05 0.0918632 9.9973E-05 0.109672 0.798165 9.9973E-05
9.9982E-05 0.0427033 0.0770793 0.026468 0.853549 9.9982E-05
9.9973E-05 0.00243353 9.9973E-05 0.00798252 0.989284 9.9973E-05
9.9973E-05 0.0890693 9.9973E-05 9.9973E-05 0.84536 0.0652706
0.00496748 9.9982E-05 0.0894358 9.9982E-05 0.868193 0.0372042
0.0340846 0.0214715 0.104533 9.9982E-05 0.83971 9.9982E-05
0.0960255 0.896624 9.9973E-05 9.9973E-05 9.9973E-05 0.00705027
0.0345577 0.780939 0.0552451 0.0192028 0.109955 9.9991E-05
0.112245 0.762455 0.125 9.9973E-05 9.9973E-05 9.9973E-05
0.130585 0.754034 0.0693486 9.9982E-05 0.0458325 9.9982E-05
0.122796 0.782558 0.0274618 0.0171431 0.0499413 9.9991E-05
9.9982E-05 0.382185 9.9982E-05 0.00501372 0.524722 0.0878798
9.9982E-05 0.428716 9.9982E-05 0.0641318 0.429663 0.077289
9.9982E-05 0.435943 0.0125384 9.9982E-05 0.512631 0.0386872
0.155204 0.823457 0.0210386 9.9973E-05 9.9973E-05 9.9973E-05
9.9991E-05 0.3614 0.00905917 0.00384963 0.513045 0.112545
0.273489 0.214564 0.378477 0.133269 9.9982E-05 9.9982E-05
0.567837 0.201103 0.23076 9.9973E-05 9.9973E-05 9.9973E-05
0.348702 0.203839 0.247416 0.12015 0.079793 9.9991E-05
9.9973E-05 0.340337 0.325685 0.333678 9.9973E-05 9.9973E-05
0.492427 9.9982E-05 9.9982E-05 0.128729 0.275071 0.103573
0.391413 0.0059101 9.9991E-05 0.233675 0.132993 0.235909
0.372761 0.0784261 9.9991E-05 0.0172966 0.528889 0.00252746
0.480277 9.9991E-05 0.0372594 0.100058 0.140802 0.241503
9.9973E-05 9.9973E-05 9.9973E-05 0.497481 0.197173 0.305046
0.533175 9.9982E-05 0.049682 0.165837 0.251106 9.9982E-05
0.409847 0.0191197 9.9991E-05 0.0686372 0.385515 0.116781
0.154195 9.9982E-05 9.9982E-05 0.388035 0.254389 0.203181
0.433249 9.9991E-05 0.112541 0.170115 0.169885 0.114109
0.555725 9.9991E-05 0.0543352 0.0320993 0.31204 0.045701
0.332928 0.134251 0.241533 0.0208296 0.183057 0.0874007
0.465384 9.9991E-05 0.0279069 0.181647 0.252185 0.0727763
0.534682 0.00792114 0.0246098 0.0567561 0.307733 0.0682984
0.514959 9.9991E-05 0.107271 0.0520589 0.205274 0.120337
0.562652 0.0959132 9.9982E-05 9.9982E-05 0.131754 0.209481
0.567416 0.0208977 0.172312 0.0110441 0.191173 0.0371575
0.139817 0.76819 0.0916932 9.9973E-05 9.9973E-05 9.9973E-05
0.0825212 0.849685 0.0311852 0.0184193 9.9991E-05 0.0180892
0.0836359 0.803267 0.00343694 0.0616451 9.9991E-05 0.047915
0.0537562 0.819964 0.00982076 9.9982E-05 9.9982E-05 0.116259
0.175272 0.815687 0.00874084 9.9973E-05 9.9973E-05 9.9973E-05
0.282002 9.9991E-05 0.0420224 0.0772811 0.544796 0.0537989
0.723531 0.0536475 0.0545848 9.9982E-05 0.168037 9.9982E-05
0.518752 0.0406691 0.0230742 0.0254647 0.25368 0.13836
0.330209 0.0194161 0.0731174 0.329771 0.219601 0.0278851
0.0484307 0.0888122 9.9991E-05 0.122386 0.627816 0.112455
0.582678 0.0670922 0.0720413 9.9982E-05 0.277988 9.9982E-05
0.179391 0.0779114 0.0468586 0.078637 0.522444 0.0947577
0.451654 0.137016 0.0205017 0.135074 0.16652 0.0892332
0.262485 0.1554 9.9991E-05 0.0754369 0.486285 0.0202938
0.35387 0.0516501 0.00352502 0.051706 0.530596 0.00865233
0.378328 9.9991E-05 0.0864971 0.199142 0.285768 0.0501641
0.371811 9.9973E-05 9.9973E-05 0.565938 0.0619515 9.9973E-05
0.613742 0.0437915 0.0100028 0.23399 0.0983743 9.9991E-05
0.426067 9.9982E-05 9.9982E-05 0.516916 0.0266805 0.0301367
0.477476 0.0662132 9.9991E-05 0.217151 0.0331074 0.205952
0.129004 9.9982E-05 9.9982E-05 0.669865 0.0670087 0.133923
0.303636 9.9973E-05 9.9973E-05 0.64007 9.9973E-05 0.0559947
0.540276 9.9973E-05 9.9973E-05 0.395352 0.0640713 9.9973E-05
0.16971 9.9982E-05 9.9982E-05 0.528611 0.0842283 0.217251
0.53219 9.9982E-05 9.9982E-05 0.236936 0.169113 0.0615604
0.0546993 9.9991E-05 0.0316679 0.0728667 0.589397 0.25127
0.215214 9.9991E-05 0.0491286 0.175705 0.331236 0.228617
0.431344 0.0434067 0.050225 0.0493001 0.360936 0.0647888
0.60863 9.9982E-05 0.0999055 9.9982E-05 0.235683 0.0555817
0.264546 9.9991E-05 0.00186261 0.0270136 0.502492 0.203986
0.476828 0.0453638 0.086415 0.0706775 0.263514 0.0572017
0.585593 0.0310316 0.0216822 9.9991E-05 0.23756 0.124033
0.179714 9.9982E-05 0.138925 9.9982E-05 0.458852 0.222309
0.404347 0.00781786 0.0675485 0.0437437 0.43675 0.0397929
0.617632 9.9991E-05 0.0819147 0.0238853 0.222859 0.0536096
0.484957 0.0511656 0.0139468 0.239948 0.174443 0.0355399
0.627071 9.9991E-05 0.0381981 0.0487046 0.229828 0.0560977
0.396249 0.0483793 0.0363844 0.130543 0.388344 9.9991E-05
0.403984 0.0358759 0.131819 9.9991E-05 0.268756 0.159466
0.509101 0.318743 0.101885 0.0378304 0.0323406 9.9991E-05
0.53328 0.146965 0.202458 0.0552831 9.9991E-05 0.0619136
0.615074 0.0425144 0.161084 0.030772 0.0313572 0.119199
0.472461 0.216316 0.211961 0.00592474 0.00418831 0.0891491
0.521875 9.9991E-05 0.0334868 0.179312 0.172152 0.0930736
9.9991E-05 0.200741 0.175371 0.444946 0.0151977 0.163644
0.573224 0.10175 0.220847 0.043689 0.06039 9.9991E-05
0.416323 0.114707 0.232476 0.15868 0.00985452 0.0679604
0.229994 0.175067 0.207181 0.173206 0.10122 0.113332
0.608668 0.149031 0.171156 0.0709456 9.9982E-05 9.9982E-05
9.9973E-05 0.443963 0.195495 0.360242 9.9973E-05 9.9973E-05
0.511624 0.205913 0.231779 0.0504842 9.9982E-05 9.9982E-05
0.516295 0.0948806 0.193084 0.108528 0.0871123 9.9991E-05
0.56108 9.9991E-05 0.0178073 0.157258 0.0458664 0.217888
0.10158 9.9982E-05 9.9982E-05 0.424632 0.0964914 0.377096
0.0725989 9.9982E-05 9.9982E-05 0.487476 0.133089 0.306636
0.505072 0.137916 0.262697 0.094115 9.9982E-05 9.9982E-05
0.333318 0.0926926 0.325599 0.234321 9.9991E-05 0.0139691
0.133547 0.203065 0.32595 0.254231 9.9991E-05 0.0831067
0.442008 0.175504 0.242959 0.139329 9.9982E-05 9.9982E-05
0.128386 0.0466048 0.0924113 0.631832 9.9991E-05 0.100666
0.285722 0.113751 0.0719298 0.355144 9.9991E-05 0.173354
0.564362 9.9991E-05 0.133435 0.128391 0.00819772 0.165514
0.523397 0.073733 0.122617 0.13354 9.9991E-05 0.146613
0.305001 0.108409 0.0477642 0.292037 0.0384994 0.208289
0.510568 0.122406 0.130335 0.084524 9.9991E-05 0.152067
0.490768 9.9991E-05 0.113267 0.235921 0.0240594 0.135884
0.49965 0.0169623 9.9991E-05 0.246164 0.106729 0.130395
0.341667 0.0235561 0.0962394 0.149265 0.0960251 0.293247
0.435491 0.0527929 0.06649 0.241866 0.105988 0.0973729
0.559004 0.00807741 9.9982E-05 0.285422 9.9982E-05 0.147296
0.280176 9.9982E-05 9.9982E-05 0.353665 0.129187 0.236771
0.705898 9.9982E-05 0.0257337 0.0995653 9.9982E-05 0.168603
0.314239 9.9982E-05 9.9982E-05 0.394981 0.101016 0.189564
0.536091 9.9982E-05 9.9982E-05 0.239105 0.082627 0.141978
0.404465 0.171046 0.232474 0.150398 0.0415173 9.9991E-05
0.40099 0.142677 0.173935 0.121056 0.161241 9.9991E-05
9.9991E-05 0.155318 0.168592 0.52905 0.0257573 0.121183
0.650389 0.07493 0.188546 0.0859348 9.9982E-05 9.9982E-05
9.9973E-05 0.309893 0.168676 0.52113 9.9973E-05 9.9973E-05
0.549481 0.0509026 0.20525 0.163922 9.9991E-05 0.0303445
0.106428 9.9973E-05 9.9973E-05 0.466627 9.9973E-05 0.426645
9.9973E-05 9.9973E-05 9.9973E-05 0.48773 0.0572687 0.454701
0.467677 9.9982E-05 9.9982E-05 0.145894 0.0609133 0.325315
0.710414 0.0693732 9.9982E-05 0.129863 9.9982E-05 0.0901504
0.474936 9.9973E-05 9.9973E-05 0.296841 9.9973E-05 0.227923
0.5646 0.0271884 0.011789 0.116663 9.9991E-05 0.279659
0.621466 9.9991E-05 0.0165205 0.153016 0.0665859 0.142311
0.0909853 0.790224 0.0423312 9.9991E-05 0.0531889 0.0231703
9.9982E-05 0.713834 0.106787 9.9982E-05 0.144359 0.0348207
9.9973E-05 0.85922 0.102535 9.9973E-05 0.0379449 9.9973E-05
0.0648502 0.925664 9.9973E-05 0.00918564 9.9973E-05 9.9973E-05
0.476364 0.0534649 0.0323984 0.098959 9.9991E-05 0.338713
0.491106 0.00936258 9.9982E-05 9.9982E-05 0.0242915 0.47504
0.277396 0.0356789 9.9991E-05 0.0422073 0.158289 0.486328
0.65339 9.9973E-05 0.0603869 9.9973E-05 9.9973E-05 0.285923
0.35437 9.9973E-05 9.9973E-05 0.171555 9.9973E-05 0.473775
0.539492 0.242741 0.142444 0.0718473 0.00337598 9.9991E-05
0.275179 9.9991E-05 0.130697 0.0803548 0.0251358 0.488533
0.444256 0.0189152 0.00713189 9.9991E-05 0.0997188 0.429878
0.516615 0.0359768 0.00511026 9.9991E-05 0.101932 0.340266
0.427559 0.0547993 9.9982E-05 9.9982E-05 0.0889969 0.428444
0.522752 9.9982E-05 0.0727058 0.0195816 9.9982E-05 0.38476
0.0149524 9.9973E-05 9.9973E-05 0.103446 9.9973E-05 0.881301
0.317986 0.0639931 9.9982E-05 0.0919916 9.9982E-05 0.52583
0.34613 0.0351675 0.00161692 0.0422944 9.9991E-05 0.574691
9.9964E-05 9.9964E-05 9.9964E-05 0.172316 9.9964E-05 0.827284
0.321728 0.0128079 0.0961864 9.9991E-05 0.101218 0.46796
0.0367362 9.9982E-05 0.034531 0.294321 9.9982E-05 0.634212
9.9964E-05 9.9964E-05 9.9964E-05 0.236134 9.9964E-05 0.763466
0.523324 0.0155557 0.09272 9.9982E-05 9.9982E-05 0.3682
0.263984 0.0685493 9.9982E-05 9.9982E-05 0.108355 0.558911
0.437414 0.0287863 0.0865884 9.9991E-05 0.161448 0.285664
0.455435 9.9982E-05 0.0519775 9.9982E-05 0.0789804 0.413407
0.36915 9.9991E-05 0.0604237 0.221346 0.261753 0.0872272
0.436758 0.0162075 0.129266 9.9991E-05 0.0595755 0.358093
0.497749 0.0739988 0.0540907 9.9991E-05 0.0325037 0.341558
0.282122 9.9991E-05 0.0019412 0.0651266 0.0198898 0.63082
9.9973E-05 0.666958 9.9973E-05 9.9973E-05 0.299544 0.0331983
0.0224877 0.703661 0.0318517 9.9991E-05 0.194754 0.0471465
9.9982E-05 0.789932 9.9982E-05 0.0413989 0.158329 0.0101399
9.9982E-05 0.790156 9.9982E-05 0.0123799 0.151729 0.0455343
0.0756383 0.711684 9.9973E-05 9.9973E-05 0.212378 9.9973E-05
0.138091 0.0334114 0.0258753 9.9991E-05 0.148927 0.653596
0.200462 0.0582858 9.9982E-05 9.9982E-05 0.161191 0.579861
0.0612229 9.9982E-05 0.0456176 0.0405798 9.9982E-05 0.85238
0.274098 0.10258 0.00788361 0.0969854 9.9991E-05 0.518353
0.49822 9.9982E-05 0.137213 9.9982E-05 0.0188883 0.345479
0.341201 0.0291443 0.0869539 9.9982E-05 9.9982E-05 0.542501
0.547066 0.0235006 0.0426984 0.0462441 0.0715472 0.268943
0.267333 9.9991E-05 0.00397516 0.0543611 0.159307 0.514924
0.394326 9.9982E-05 0.0123251 9.9982E-05 0.0732916 0.519857
0.330433 9.9973E-05 9.9973E-05 9.9973E-05 0.0646151 0.604652
0.637963 0.0489826 9.9982E-05 0.242721 0.0701337 9.9982E-05
0.414705 0.00651858 0.0178283 9.9991E-05 0.0170335 0.543814
0.465066 0.109957 9.9982E-05 9.9982E-05 0.036322 0.388455
0.455698 0.0693834 0.408025 9.9991E-05 0.0156112 0.0511832
0.275543 0.202434 0.404442 0.117381 9.9982E-05 9.9982E-05
0.497849 9.9991E-05 0.0633578 0.192671 0.0310204 0.215002
0.0917845 0.256518 0.592209 0.0592887 9.9982E-05 9.9982E-05
0.373578 0.199954 0.426168 9.9973E-05 9.9973E-05 9.9973E-05
0.375144 0.0410875 0.269672 0.190769 9.9991E-05 0.123228
0.62734 0.149385 9.9982E-05 0.20186 0.0212147 9.9982E-05
0.496795 0.0736778 0.0387054 0.284502 0.10622 9.9991E-05
0.351883 0.194309 0.416527 9.9982E-05 9.9982E-05 0.0370811
0.401994 0.0393184 0.498426 0.0600623 9.9982E-05 9.9982E-05
0.295817 0.131379 0.43636 9.9991E-05 0.050981 0.0853633
0.27908 0.0883253 0.533938 0.0984571 9.9982E-05 9.9982E-05
0.600314 0.0777281 0.0245975 0.267465 0.00983205 0.0200638
0.2141 0.150322 0.591327 0.0440508 9.9982E-05 9.9982E-05
0.309009 0.124506 9.9982E-05 0.294283 0.272003 9.9982E-05
0.626771 0.0149639 0.0915927 0.192957 0.0736151 9.9991E-05
0.696201 0.115082 9.9982E-05 0.162784 0.0257327 9.9982E-05
0.633865 0.0984869 9.9991E-05 0.204781 0.0423748 0.0203923
0.414445 0.158707 0.285021 0.0636324 0.0124683 0.0657267
0.333122 0.237445 0.275022 0.071418 0.0360396 0.0469529
0.11312 0.217599 0.592168 0.0769132 9.9982E-05 9.9982E-05
0.532275 0.128555 9.9991E-05 0.221333 0.0536535 0.064083
0.279108 0.0689854 0.032388 0.569606 0.0498129 9.9991E-05
0.504779 0.169558 9.9991E-05 0.144986 0.0769272 0.103649
0.493141 0.194488 0.151484 0.106309 9.9991E-05 0.0544773
9.9973E-05 0.240349 0.190486 0.568865 9.9973E-05 9.9973E-05
9.9973E-05 0.216439 0.120806 0.662455 9.9973E-05 9.9973E-05
0.350653 0.15056 0.0887065 0.367488 9.9991E-05 0.0424926
0.103122 0.27364 0.170813 0.452225 9.9982E-05 9.9982E-05
9.9973E-05 0.342977 0.243038 0.413685 9.9973E-05 9.9973E-05
0.331927 0.120159 0.160634 0.292694 0.0233054 0.0712812
0.330333 0.253919 0.242312 0.15296 9.9991E-05 0.0203774
0.232475 0.276033 0.170769 0.275781 0.0448413 9.9991E-05
0.0813646 0.271186 0.157865 0.489384 9.9982E-05 9.9982E-05
0.540187 0.0850619 0.108919 0.252092 0.01364 9.9991E-05
0.140438 0.181317 0.181514 0.39743 0.00495602 0.0943444
9.9973E-05 0.393051 0.0217638 0.584885 9.9973E-05 9.9973E-05
0.370181 0.114835 0.236175 0.210928 0.0677812 9.9991E-05
0.346992 0.350981 0.220977 9.9982E-05 9.9982E-05 0.0808509
0.463582 0.134878 0.333449 0.0209996 9.9991E-05 0.0469919
0.413576 0.124626 0.284484 0.15534 9.9991E-05 0.0218744
0.370244 0.352651 0.224473 0.0524326 9.9982E-05 9.9982E-05
0.568818 0.275342 0.0988412 0.00453056 0.0290487 0.0234192
0.403638 0.227063 0.24824 9.9991E-05 0.0379287 0.0830297
0.278489 0.267076 0.269948 0.0507801 0.0677297 0.0659775
0.249861 0.137635 0.207244 0.0547795 0.141332 0.209148
0.432388 0.300014 0.19582 0.0489485 0.0227299 9.9991E-05
0.131253 0.367179 0.221612 0.23109 9.9991E-05 0.0487659
0.184372 0.275688 0.373629 0.166111 9.9982E-05 9.9982E-05
9.9973E-05 0.784241 9.9973E-05 9.9973E-05 0.188645 0.0268132
0.0818335 0.126259 0.0417082 0.000437931 0.741825 0.00793576
9.9964E-05 0.00879206 9.9964E-05 9.9964E-05 0.990808 9.9964E-05
0.0163382 9.9964E-05 9.9964E-05 9.9964E-05 0.983262 9.9964E-05
9.9964E-05 9.9964E-05 0.0143744 9.9964E-05 0.985226 9.9964E-05
9.9964E-05 9.9964E-05 0.0699975 9.9964E-05 0.929603 9.9964E-05
0.139568 9.9964E-05 9.9964E-05 9.9964E-05 0.860032 9.9964E-05
9.9982E-05 0.0334395 0.0127983 9.9982E-05 0.951915 0.00164765
9.9973E-05 0.200034 0.019411 9.9973E-05 0.780255 9.9973E-05
0.0416435 0.862619 0.0288527 0.0282159 0.0385686 9.9991E-05
0.0881625 0.746499 9.9982E-05 9.9982E-05 0.156368 0.00876999
0.0149674 0.871302 0.069923 9.9991E-05 0.0221005 0.0216068
0.0559659 0.811102 0.00478471 0.0490616 0.0789858 9.9991E-05
0.00274796 0.91724 0.0455919 9.9991E-05 0.00969497 0.0246248
9.9982E-05 0.825405 0.0223711 0.0313763 0.120647 9.9982E-05
0.0576673 0.665268 0.167298 9.9982E-05 0.109567 9.9982E-05
0.029521 0.809259 0.102147 9.9991E-05 0.0239928 0.03498
9.9982E-05 0.705385 0.115123 9.9982E-05 0.157766 0.0215267
9.9973E-05 0.886037 0.0710341 9.9973E-05 9.9973E-05 0.0426288
9.9964E-05 0.932048 9.9964E-05 9.9964E-05 0.0675521 9.9964E-05
0.0513015 0.820843 0.0534773 0.0171472 0.0571312 9.9991E-05
9.9973E-05 0.952569 0.0115271 9.9973E-05 0.0356043 9.9973E-05
0.0191242 0.912967 0.041239 0.0138417 0.0127283 9.9991E-05
0.00278692 0.85867 0.0901822 9.9982E-05 9.9982E-05 0.0481608
0.0611834 0.847067 0.0914495 9.9973E-05 9.9973E-05 9.9973E-05
0.100174 0.786481 0.113045 9.9973E-05 9.9973E-05 9.9973E-05
0.149919 0.783811 0.0659703 9.9973E-05 9.9973E-05 9.9973E-05
0.122366 0.816532 0.0564601 9.9982E-05 9.9982E-05 0.00444141
0.464333 0.122559 9.9991E-05 0.321587 0.067954 0.0234663
0.790319 0.122972 9.9973E-05 0.0864095 9.9973E-05 9.9973E-05
0.185656 0.03757 9.9982E-05 0.632384 9.9982E-05 0.144189
0.607697 0.117724 9.9982E-05 0.112728 0.161651 9.9982E-05
0.200432 0.0641275 9.9973E-05 0.73514 9.9973E-05 9.9973E-05
0.638493 0.0921726 0.057748 0.211387 9.9982E-05 9.9982E-05
0.543346 0.0739072 9.9991E-05 0.20279 0.156608 0.0232485
0.546903 0.120375 9.9991E-05 0.137516 0.032837 0.162269
0.558364 0.0327777 9.9982E-05 9.9982E-05 0.136538 0.272121
0.538427 0.0651692 9.9991E-05 0.248242 0.0992922 0.0487691
0.637172 0.0510349 9.9982E-05 0.227267 0.0843269 9.9982E-05
0.00807442 9.9991E-05 0.0616062 0.246807 0.388472 0.29494
0.0428426 9.9982E-05 9.9982E-05 0.798166 0.140625 0.0181664
0.244841 0.0218401 9.9982E-05 0.665797 0.067322 9.9982E-05
0.619199 0.0918544 9.9982E-05 0.266574 9.9982E-05 0.0221722
0.572347 0.127721 9.9991E-05 0.235483 0.0394277 0.0249216
0.517486 0.241545 0.174433 0.0573343 9.9991E-05 0.00910192
0.633598 0.183846 0.111399 0.0296897 0.0413678 9.9991E-05
0.123163 0.443173 0.14645 0.0877676 0.128655 0.070792
0.390372 0.261127 0.178093 9.9991E-05 0.0848997 0.0854074
9.9973E-05 0.349094 0.196745 0.45386 9.9973E-05 9.9973E-05
0.242668 0.245257 0.248984 0.240979 9.9991E-05 0.0220124
0.315633 0.387598 0.134421 0.0500567 0.0643667 0.047925
0.479891 0.315097 0.0780732 9.9982E-05 0.126739 9.9982E-05
0.555317 0.181723 0.173896 0.0418122 0.0471511 9.9991E-05
0.555972 0.122805 0.183649 0.109601 0.0278727 9.9991E-05
0.359387 0.462558 0.120483 0.0350096 9.9991E-05 0.0224617
