0.00124196 0.0795706 9.9973E-05 0.0577306 9.9973E-05 0.0132882 9.9973E-05 0.847869
9.9964E-05 0.0413947 9.9964E-05 9.9964E-05 0.0417123 9.9964E-05 0.00779488 0.908698
0.142235 0.0826902 9.9964E-05 9.9964E-05 9.9964E-05 0.0206707 9.9964E-05 0.754004
0.0309443 0.0662524 9.9982E-05 0.0761749 0.000771073 0.10218 9.9982E-05 0.723477
0.0825205 9.9964E-05 9.9964E-05 9.9964E-05 0.0125113 0.0300253 9.9964E-05 0.874543
0.125821 0.0448064 0.167823 0.0441928 9.9982E-05 9.9982E-05 0.0629645 0.554193
9.9955E-05 0.0644337 0.172636 9.9955E-05 9.9955E-05 9.9955E-05 9.9955E-05 0.76243
9.9973E-05 0.0414709 0.16185 0.0894498 9.9973E-05 0.0311621 9.9973E-05 0.675767
9.99729E-05 0.00734938 0.0510179 0.0623964 9.99729E-05 9.99729E-05 0.0502493 0.828687
0.0957622 0.0931713 0.110943 0.0256163 0.0258812 0.0297395 9.9991E-05 0.618786
0.0240662 0.00587079 0.147197 0.123328 9.9973E-05 9.9973E-05 9.9973E-05 0.699238
0.204724 9.9982E-05 0.0273612 0.480605 9.9982E-05 0.0908514 0.189647 0.00661219
0.601625 0.0635945 0.0358865 0.287707 9.9973E-05 0.0108862 9.9973E-05 9.9973E-05
0.240298 0.0254732 0.0391973 0.435164 0.124518 0.068613 0.0151306 0.0516064
0.268127 9.9991E-05 0.0258762 0.322084 0.0647787 0.226809 0.0852008 0.00702501
0.376753 0.0241511 0.120897 0.180543 9.9991E-05 0.154097 0.0781485 0.0653107
0.554618 0.0399905 0.0148136 0.177624 0.011239 0.127748 0.0541708 0.0197964
0.264096 9.9982E-05 0.0331968 0.303953 0.00898217 0.210181 0.179391 9.9982E-05
0.279556 0.0314984 0.0200702 0.323899 9.9991E-05 0.102895 0.149809 0.0921733
9.999E-05 0.00929583 0.144335 0.644616 0.00693226 0.0690579 0.117553 0.00811023
0.340588 0.0848632 9.9982E-05 0.251734 0.131635 0.0565731 0.134407 9.9982E-05
0.407116 0.0367825 0.1667 0.19304 0.0900134 0.0848082 0.0214391 9.9991E-05
0.557549 9.9982E-05 0.0679182 0.169045 0.0196039 9.9982E-05 0.113541 0.0721432
0.291066 0.0390433 0.0812643 0.292795 0.0108867 0.0520798 0.232765 9.9991E-05
0.568562 0.0961129 0.0579169 0.0113297 0.0517251 0.0298273 0.136185 0.0483411
0.543345 0.0409228 0.0428676 0.21531 9.9982E-05 0.11117 0.0461841 9.9982E-05
0.127821 0.0527904 0.0138288 0.473492 0.0298528 0.105869 0.196247 9.9991E-05
0.15556 0.0186859 0.035147 0.309712 9.9991E-05 0.210115 0.261665 0.00901487
0.204821 0.00115523 0.125882 0.476217 0.0560964 0.025833 0.0941971 0.0157991
9.994E-05 0.9993 9.994E-05 9.994E-05 9.994E-05 9.994E-05 9.994E-05 9.994E-05
9.994E-05 0.9993 9.994E-05 9.994E-05 9.994E-05 9.994E-05 9.994E-05 9.994E-05
0.107112 0.367562 9.9964E-05 9.9964E-05 9.9964E-05 9.9964E-05 0.0211355 0.50379
0.130949 0.296077 9.9973E-05 9.9973E-05 9.9973E-05 0.0483627 0.0645364 0.459775
0.571844 0.00276319 0.0130087 0.0614119 0.0300273 0.0190553 0.264137 0.0377523
0.399025 0.0156656 0.027952 0.0159774 0.0214889 0.0879948 0.362444 0.0694526
0.621636 9.9964E-05 9.9964E-05 9.9964E-05 0.0107611 9.9964E-05 0.308243 0.0589604
0.13259 9.9982E-05 9.9982E-05 0.53796 0.0219011 0.0561455 0.164317 0.0868866
0.260438 0.0359162 9.9991E-05 0.0183494 0.0392907 0.0259067 0.605296 0.0147036
0.514381 9.9982E-05 9.9982E-05 0.0894199 0.0436507 0.0419227 0.241827 0.068599
0.590919 0.0132532 0.0273122 9.9982E-05 9.9982E-05 0.102964 0.219156 0.0461953
0.59033 0.015436 0.127345 0.0671532 9.9982E-05 9.9982E-05 0.110717 0.0888189
0.603694 0.0693044 0.0216069 0.0428551 0.0494895 9.9991E-05 0.132563 0.080387
0.129084 0.00336407 0.0515993 0.105873 9.9982E-05 9.9982E-05 0.675484 0.0343953
0.584558 0.0159109 0.23429 9.9982E-05 9.9982E-05 0.0470564 0.100311 0.0176736
0.531663 9.9991E-05 0.0315823 0.0193249 0.0413253 0.0670775 0.260642 0.0482851
0.446879 0.0267515 0.125259 0.071592 0.065176 0.105609 0.138485 0.0202471
0.250682 9.9964E-05 9.9964E-05 9.9964E-05 0.0473474 9.9964E-05 0.695368 0.00620328
0.578522 0.00869597 9.9991E-05 0.0150434 0.0430561 0.0582528 0.231204 0.0651262
0.587223 9.9982E-05 0.00499449 0.0297613 0.048448 9.9982E-05 0.170039 0.159335
9.9964E-05 9.9964E-05 0.184949 9.9964E-05 0.0879276 9.9964E-05 0.664479 0.0622449
0.161055 9.9982E-05 0.0750395 0.40202 0.0865548 0.018373 0.256758 9.9982E-05
0.0816352 9.9982E-05 0.368331 0.220458 0.104321 0.0278159 0.197239 9.9982E-05
0.591458 9.9991E-05 0.0908866 0.185383 0.0294749 0.0626429 0.0240382 0.0160172
0.660716 0.0291262 9.9991E-05 0.0030798 0.135388 0.0449424 0.0427651 0.0838828
0.564497 0.000586426 0.067854 0.179606 9.9991E-05 0.0522022 0.0759822 0.0591725
0.188318 0.039875 0.105063 0.303972 0.0213341 9.9991E-05 0.27047 0.0708686
0.486824 0.0168449 0.080294 0.268352 0.0918183 9.9991E-05 0.0126961 0.0430712
0.59303 9.9973E-05 0.141871 0.117568 9.9973E-05 0.0347468 9.9973E-05 0.112484
0.331692 0.0625716 9.9991E-05 0.213344 0.0462887 0.0323721 0.227298 0.0863336
0.0282197 0.0193437 0.197005 0.315124 0.0236163 0.0724563 0.155288 0.188947
0.530369 0.0993098 0.0911256 0.0341719 0.014534 0.0193156 0.211074 9.9991E-05
0.421747 9.9982E-05 9.9982E-05 0.226128 0.0903245 0.035769 0.130869 0.0949634
9.9973E-05 0.0858502 0.220629 0.447671 0.0129245 9.9973E-05 0.232625 9.9973E-05
0.454053 0.0248179 9.9982E-05 0.250615 0.111961 0.0541298 0.104223 9.9982E-05
0.634542 0.0159414 0.000580533 0.0271847 0.128312 0.0916636 0.101675 9.9991E-05
0.481895 0.128576 9.9991E-05 0.173221 0.0475458 0.0279837 0.111529 0.0291494
0.248383 0.0438674 0.0777632 0.315111 9.9982E-05 0.107124 0.207552 9.9982E-05
0.490376 0.0422855 0.0639771 0.175838 0.050928 0.0779321 0.0985624 9.9991E-05
0.523695 0.0469763 0.0126442 0.163779 0.0609804 0.0429326 0.143385 0.00560841
0.171646 0.0440965 0.17087 0.320949 0.128653 9.9982E-05 0.163585 9.9982E-05
0.516308 0.00623882 0.0178635 0.0498571 9.9973E-05 9.9973E-05 0.409433 9.9973E-05
0.18467 0.0691927 9.9973E-05 0.0613952 9.9973E-05 9.9973E-05 0.675221 0.00922062
0.493671 0.0306644 9.9982E-05 0.119687 9.9982E-05 0.0258481 0.308891 0.0210382
9.9955E-05 9.9955E-05 0.118437 9.9955E-05 0.0187696 9.9955E-05 0.862293 9.9955E-05
9.9955E-05 9.9955E-05 0.10318 9.9955E-05 0.140623 9.9955E-05 0.755697 9.9955E-05
0.28333 9.9964E-05 9.9964E-05 0.00544524 0.0766099 9.9964E-05 0.634215 9.9964E-05
0.489967 0.00458805 9.9973E-05 0.0567923 9.9973E-05 9.9973E-05 0.42835 0.0200018
0.589693 9.9982E-05 0.0109219 0.00317583 9.9982E-05 0.00856707 0.244656 0.142786
0.379303 9.9973E-05 0.0103818 0.0320996 9.9973E-05 0.0944521 0.483464 9.9973E-05
0.157993 0.0266582 9.9973E-05 0.192569 9.9973E-05 9.9973E-05 0.597801 0.0246789
0.223239 9.9964E-05 9.9964E-05 0.223353 9.9964E-05 9.9964E-05 0.539088 0.0139203
0.439858 0.0471542 9.9973E-05 9.9973E-05 9.9973E-05 0.0932382 0.35019 0.0692597
0.318477 0.033905 9.9973E-05 0.0261144 0.0894831 9.9973E-05 0.53172 9.9973E-05
0.426594 0.0128923 9.9964E-05 9.9964E-05 9.9964E-05 9.9964E-05 0.485599 0.0745155
0.348145 0.00351467 0.0538234 9.9982E-05 0.064097 9.9982E-05 0.526061 0.00415897
9.9973E-05 9.9973E-05 0.16294 0.0034797 0.11029 9.9973E-05 0.713328 0.00966207
0.578576 9.9982E-05 0.0655274 0.0559299 9.9982E-05 0.0415596 0.194828 0.0633788
0.079663 0.0399971 9.9973E-05 0.0551711 9.9973E-05 0.0517017 9.9973E-05 0.773167
0.0746206 0.152532 9.9955E-05 9.9955E-05 9.9955E-05 9.9955E-05 9.9955E-05 0.772348
0.050983 0.140243 9.9964E-05 9.9964E-05 9.9964E-05 0.0604873 9.9964E-05 0.747887
0.00276585 0.111417 9.9973E-05 9.9973E-05 9.9973E-05 0.0141763 0.0425015 0.828839
0.0519666 0.119917 9.9973E-05 9.9973E-05 9.9973E-05 0.020738 0.0343684 0.77271
0.0366685 0.0486808 0.0191857 9.9982E-05 0.0437818 0.00142686 9.9982E-05 0.850056
0.0647067 0.0594075 9.9964E-05 0.0235929 9.9964E-05 9.9964E-05 9.9964E-05 0.851893
0.438038 0.0542466 0.0473155 0.132529 9.9991E-05 0.0606758 0.198899 0.0681959
0.552826 0.0666367 0.0300938 0.0425771 9.9991E-05 0.102151 0.188757 0.0168585
9.9964E-05 9.9964E-05 9.9964E-05 0.121164 0.0293513 9.9964E-05 0.829085 0.0199996
0.500225 0.0271782 0.0736963 0.00936579 0.067009 0.0736254 0.171532 0.0773684
0.411827 0.0309524 0.0137837 0.0708365 9.9991E-05 0.0184282 0.418741 0.0353309
0.590475 0.0175929 9.9973E-05 9.9973E-05 0.0253224 9.9973E-05 0.295447 0.0708625
0.546094 0.0145239 9.9982E-05 9.9982E-05 0.0862582 0.0865772 0.265131 0.00121512
0.485207 0.0106611 0.0614587 9.9991E-05 0.0362919 0.0467973 0.357663 0.00182107
9.9955E-05 9.9955E-05 9.9955E-05 0.188986 9.9955E-05 9.9955E-05 0.753829 0.0566853
0.458204 0.0310524 0.0230996 0.0350358 0.107313 0.0517426 0.166837 0.126715
0.660873 0.0139004 9.9982E-05 0.0262322 0.00331526 9.9982E-05 0.203314 0.0921656
0.53596 0.0656736 0.0206621 0.156212 0.00911788 0.105574 0.0531428 0.053658
0.201065 0.0104357 0.0760739 9.9982E-05 0.112791 0.0673251 0.53211 9.9982E-05
0.489181 0.00119712 9.9982E-05 9.9982E-05 0.102009 0.0050788 0.382985 0.0193494
0.435948 0.00097576 9.9973E-05 0.124414 9.9973E-05 9.9973E-05 0.409996 0.0283667
0.230175 0.0305459 9.9964E-05 9.9964E-05 9.9964E-05 0.117236 0.621643 9.9964E-05
0.424572 9.9964E-05 9.9964E-05 0.00639664 9.9964E-05 9.9964E-05 0.460379 0.108252
0.504687 0.0224425 0.0233862 0.0966417 0.0466808 0.0462142 0.164196 0.0957515
0.232374 0.0215604 0.0795176 0.365114 0.255636 0.0232423 0.0224555 9.9991E-05
0.415708 0.0651052 0.079497 0.296172 9.9982E-05 0.0703706 9.9982E-05 0.0729475
0.470433 0.0307674 9.9991E-05 0.205489 0.0651618 0.0953125 0.0440497 0.0886868
0.59228 9.9982E-05 0.128136 0.0869724 9.9982E-05 0.0647091 0.0278263 0.0998758
0.489163 0.0395213 9.9982E-05 0.245057 0.100374 9.9982E-05 0.0871669 0.0385185
0.573662 0.0103105 9.9991E-05 0.215499 0.0582374 0.0529446 0.0547017 0.0345452
0.4443 9.9982E-05 9.9982E-05 0.393069 0.0522006 0.0506536 0.0451601 0.0144168
0.509725 0.00558278 0.0672334 0.173135 0.0646991 9.9991E-05 0.0762733 0.103251
0.559448 9.9991E-05 0.106747 0.0232874 0.0499842 0.0671372 0.126634 0.0666623
0.576071 0.0760903 0.064802 0.142166 0.00531078 0.0135912 0.121869 9.9991E-05
0.575032 0.0314184 0.0045678 0.296515 0.0822033 9.9982E-05 0.0100629 9.9982E-05
0.563532 0.00745 0.0576721 0.141877 0.116951 0.0170107 0.042135 0.0533726
0.520796 0.0214375 0.0423616 0.051892 0.13171 0.0953853 0.0454262 0.090991
0.600914 0.021994 9.9964E-05 0.252346 0.124347 9.9964E-05 9.9964E-05 9.9964E-05
0.477448 0.0286473 0.0636663 0.158502 0.094197 0.0827966 9.9991E-05 0.0946433
0.566325 0.0283255 0.0337295 0.238822 0.0609352 0.0716628 9.9982E-05 9.9982E-05
0.40864 0.0624385 0.118982 0.201074 0.139674 9.9982E-05 9.9982E-05 0.0689909
0.587539 0.0261162 0.0568912 0.154267 0.0578491 0.0375106 0.0321659 0.047661
0.648469 0.0111796 9.9982E-05 0.157415 0.156937 0.0198745 9.9982E-05 0.00592482
0.256999 9.9982E-05 9.9982E-05 0.382448 0.099092 0.0426538 0.193686 0.0249217
0.189042 0.00148068 0.17554 0.315915 0.247727 0.0495743 0.0199694 0.000751077
0.552942 9.9982E-05 0.105079 0.213152 9.9982E-05 0.0429442 0.0795568 0.00612595
0.0396276 0.00726652 0.112623 0.319355 0.26083 0.0799561 0.180241 9.9991E-05
0.309914 0.0226948 9.9982E-05 0.418171 0.0856091 9.9982E-05 0.130347 0.033064
0.504555 9.9973E-05 9.9973E-05 0.315159 0.0845507 9.9973E-05 0.0745432 0.0208925
0.266846 0.0488805 9.9982E-05 0.436991 0.0660066 9.9982E-05 0.168844 0.0122315
0.337971 9.9973E-05 0.0121645 0.477236 0.0472685 9.9973E-05 0.12506 9.9973E-05
0.669442 0.0732771 0.0234079 0.126054 0.0668176 9.9991E-05 0.0139669 0.026935
0.614051 9.9982E-05 9.9982E-05 0.0947205 0.111856 0.00981752 0.0485821 0.120773
0.592446 0.0604046 0.00067557 0.105121 0.098821 0.0352777 0.107154 9.9991E-05
0.148207 9.9982E-05 0.1933 0.389848 0.117592 0.0391147 0.111739 9.9982E-05
0.578746 9.9964E-05 0.176264 9.9964E-05 9.9964E-05 9.9964E-05 0.0923521 0.152238
0.458978 9.9991E-05 0.142475 0.117721 0.0247397 0.0829538 0.151934 0.0210979
9.9982E-05 0.0089909 0.411761 0.142095 0.142454 9.9982E-05 0.173064 0.121434
0.671554 0.0198421 0.121372 9.9991E-05 0.112667 0.00285871 0.00940989 0.0621954
0.348067 0.0120412 0.25721 0.077037 0.0649596 0.0238422 0.147345 0.0694979
0.518735 9.9991E-05 0.18529 0.0539636 0.0782264 0.0741462 0.0343392 0.0551992
0.296631 0.038157 0.342047 0.055005 0.123167 9.9991E-05 0.0761604 0.0687327
0.235953 0.0535462 0.393958 0.165973 0.10194 9.9991E-05 0.0476819 0.000848836
0.400086 0.014658 0.180725 0.0944796 0.152487 9.9991E-05 0.151044 0.00642122
0.473584 9.9982E-05 0.120642 0.176988 9.9982E-05 0.0481082 0.0398257 0.140651
0.455321 0.0248301 0.233263 0.0996523 0.00748671 0.0207612 0.0908614 0.0678242
9.9991E-05 0.0148331 0.406126 0.0784241 0.0585619 0.165074 0.272476 0.00440531
0.527017 0.0106984 0.118134 0.0322997 0.172458 0.076372 9.9991E-05 0.0629217
0.424723 9.9973E-05 0.260362 0.0568273 0.0348952 9.9973E-05 0.222893 9.9973E-05
0.426342 9.9982E-05 0.171508 0.144554 0.0716352 0.0295824 0.156178 9.9982E-05
0.614312 0.0388156 0.123068 0.0513946 0.0653372 0.049644 9.9991E-05 0.0573285
0.11859 0.0496035 0.251895 0.0194635 9.9991E-05 0.286289 0.0447915 0.229267
9.9964E-05 0.0301116 0.397976 9.9964E-05 9.9964E-05 0.102595 9.9964E-05 0.468917
9.9973E-05 0.059103 0.414681 9.9973E-05 0.00755382 0.134733 9.9973E-05 0.383629
0.0376399 9.9973E-05 0.203996 0.00313218 9.9973E-05 0.348235 9.9973E-05 0.406697
0.676015 0.0115352 0.235235 9.9973E-05 0.0262407 9.9973E-05 0.0506745 9.9973E-05
0.589295 0.0679922 0.129022 0.167064 9.9982E-05 0.0206469 9.9982E-05 0.0257797
0.206479 9.9955E-05 9.9955E-05 0.0404505 9.9955E-05 0.75257 9.9955E-05 9.9955E-05
0.252575 9.9982E-05 9.9982E-05 0.141412 0.0249565 0.499087 0.0712494 0.0105192
0.368229 0.00564049 9.9982E-05 9.9982E-05 0.0347272 0.394586 0.0886189 0.107998
0.338356 0.00515705 0.438607 9.9973E-05 0.142843 9.9973E-05 0.0747367 9.9973E-05
0.451152 9.9991E-05 0.0119218 0.0997065 0.0926359 0.0787512 0.14366 0.122073
0.226173 9.9964E-05 0.534932 9.9964E-05 0.186732 9.9964E-05 0.051763 9.9964E-05
0.648417 0.0138134 0.262223 0.0142194 0.0540851 9.9982E-05 0.00704247 9.9982E-05
0.436809 0.011732 0.170312 0.0130479 0.143898 9.9982E-05 0.224001 9.9982E-05
0.5776 0.0102806 0.227787 0.0432263 0.0937612 0.015276 9.9991E-05 0.0319688
0.246183 9.9973E-05 0.395553 0.0762134 0.130035 9.9973E-05 0.151716 9.9973E-05
0.637831 9.9982E-05 0.104736 0.0441763 9.9982E-05 0.074011 0.0802122 0.0588332
0.558504 9.9973E-05 0.26383 9.9973E-05 9.9973E-05 0.0196202 0.0653668 0.0923792
0.00663034 9.9964E-05 9.9964E-05 9.9964E-05 9.9964E-05 0.963636 0.013705 0.0156286
0.0275386 9.9964E-05 9.9964E-05 9.9964E-05 0.0117758 0.929602 0.0306839 9.9964E-05
0.257453 0.126813 9.9973E-05 9.9973E-05 0.00592608 0.541227 0.0682805 9.9973E-05
0.313654 0.0232263 9.9973E-05 9.9973E-05 0.0102068 0.644498 9.9973E-05 0.00811454
0.0777335 9.9955E-05 9.9955E-05 9.9955E-05 9.9955E-05 0.845875 0.0758918 9.9955E-05
9.994E-05 9.994E-05 9.994E-05 9.994E-05 9.994E-05 0.9993 9.994E-05 9.994E-05
9.9964E-05 9.9964E-05 9.9964E-05 0.0277467 0.0167122 0.931914 9.9964E-05 0.0232269
0.100256 9.9955E-05 9.9955E-05 9.9955E-05 0.0174653 0.881779 9.9955E-05 9.9955E-05
0.0433135 0.00606228 9.9964E-05 0.00944537 9.9964E-05 0.940779 9.9964E-05 9.9964E-05
9.9946E-05 0.00388169 9.9946E-05 9.9946E-05 9.9946E-05 0.995519 9.9946E-05 9.9946E-05
9.9946E-05 0.0197755 9.9946E-05 9.9946E-05 9.9946E-05 0.979625 9.9946E-05 9.9946E-05
0.137398 0.0499539 9.9973E-05 9.9973E-05 0.0104704 0.773212 0.0286664 9.9973E-05
0.0978953 9.9964E-05 9.9964E-05 0.0506123 9.9964E-05 0.798588 9.9964E-05 0.0525042
9.9955E-05 0.00307527 9.9955E-05 9.9955E-05 9.9955E-05 0.952157 0.0442676 9.9955E-05
0.323146 9.9991E-05 0.0231472 0.0685883 0.0780943 0.395639 0.0413384 0.0699466
0.210976 0.0205279 9.9964E-05 0.0894853 9.9964E-05 0.67861 9.9964E-05 9.9964E-05
0.14008 0.0139233 9.9973E-05 9.9973E-05 9.9973E-05 0.784595 0.0205084 0.0405938
0.0493382 0.0447954 9.9982E-05 0.0186666 0.018016 0.861107 0.0078772 9.9982E-05
9.9973E-05 0.00284326 0.0015703 0.00806254 9.9973E-05 0.981937 9.9973E-05 0.00528652
0.03355 0.00388657 9.9973E-05 9.9973E-05 9.9973E-05 0.872469 0.00936182 0.0804328
9.9955E-05 0.00377608 9.9955E-05 9.9955E-05 9.9955E-05 0.993479 9.9955E-05 0.00224476
0.17967 0.0209294 9.9991E-05 0.0416751 0.0513541 0.614687 0.0100725 0.081512
0.0384861 9.9973E-05 9.9973E-05 0.0379256 0.0122781 0.88001 0.0310007 9.9973E-05
9.9973E-05 9.9973E-05 0.495472 9.9973E-05 0.134914 0.0381209 0.0086839 0.32251
0.461871 0.0345333 0.221059 0.104757 9.9982E-05 0.0216951 9.9982E-05 0.155885
0.503408 9.9964E-05 0.275729 9.9964E-05 9.9964E-05 0.0192092 9.9964E-05 0.201254
0.122469 0.067995 0.526932 0.0244934 9.9982E-05 0.156362 9.9982E-05 0.101549
0.438203 9.9973E-05 0.211087 9.9973E-05 9.9973E-05 0.102973 0.0661144 0.181324
0.159244 0.0181 0.37813 9.9991E-05 0.00702345 0.122887 0.11984 0.194676
0.451544 0.0180314 0.110528 9.9991E-05 0.104453 0.0118174 0.0823391 0.221187
0.367803 9.9964E-05 0.417625 9.9964E-05 9.9964E-05 0.116529 9.9964E-05 0.0976431
0.494016 0.0922548 0.170435 0.025414 0.03953 0.10162 0.00810257 0.0686281
0.331507 0.0415851 0.361385 9.9973E-05 9.9973E-05 0.165497 9.9973E-05 0.099727
0.561313 0.0650552 0.151127 9.9982E-05 0.0168458 9.9982E-05 0.0305132 0.174946
0.0591734 9.9973E-05 0.00619179 0.0720543 0.0118634 9.9973E-05 9.9973E-05 0.850417
9.9964E-05 0.0581952 9.9964E-05 9.9964E-05 0.0236811 0.0388562 9.9964E-05 0.878868
0.0129207 0.0740967 9.9964E-05 9.9964E-05 9.9964E-05 9.9964E-05 0.00295302 0.90963
0.0320018 0.0263383 9.99809E-05 0.00438721 9.99809E-05 9.99809E-05 0.00325168 0.933721
9.9973E-05 0.140009 0.020792 0.0520252 9.9973E-05 0.0106032 9.9973E-05 0.776271
9.9964E-05 0.0697256 9.9964E-05 9.9964E-05 0.0258044 0.0491213 9.9964E-05 0.854949
0.0140012 0.117065 9.9973E-05 0.0102269 9.9973E-05 0.0725888 9.9973E-05 0.785818
9.9973E-05 0.0400225 0.0752321 0.0187984 0.00476508 9.9973E-05 9.9973E-05 0.860882
0.0201058 0.0171586 9.9973E-05 9.9973E-05 9.9973E-05 0.00560036 0.033306 0.923529
0.0115598 0.0498911 0.0612223 9.9973E-05 9.9973E-05 0.097377 9.9973E-05 0.77965
9.9973E-05 0.0619276 9.9973E-05 0.257071 0.0589712 9.9973E-05 0.0802231 0.541507
9.9973E-05 0.0611286 9.9973E-05 0.302233 0.0465933 9.9973E-05 0.0478803 0.541864
9.9982E-05 0.0354523 0.107332 0.246135 0.0676414 9.9982E-05 0.0466759 0.496564
9.9973E-05 9.9973E-05 0.00358568 0.303981 0.0713816 9.9973E-05 0.108086 0.512666
0.554687 0.0331173 0.0102947 0.194579 9.9982E-05 9.9982E-05 0.18547 0.0216521
0.478193 9.9991E-05 0.0431296 0.0309743 0.0134782 0.0470649 0.31044 0.07662
0.539814 9.9982E-05 0.00568914 0.197108 9.9982E-05 0.0510066 0.188565 0.0176171
0.406344 0.0712312 0.00755795 0.258426 9.9973E-05 9.9973E-05 0.256142 9.9973E-05
0.216343 0.00127232 0.0290758 0.579801 9.9982E-05 0.0238731 0.149435 9.9982E-05
0.585487 0.0265855 9.9973E-05 9.9973E-05 0.0105957 0.0582961 0.318736 9.9973E-05
0.570213 9.9982E-05 0.0442605 0.046519 0.0827101 0.0511676 0.20493 9.9982E-05
0.569244 9.9973E-05 9.9973E-05 0.0885444 0.0710711 9.9973E-05 0.256166 0.0146743
0.321122 9.9973E-05 0.0245875 9.9973E-05 0.0128451 0.0501096 0.591035 9.9973E-05
0.722877 9.9973E-05 0.0517689 0.0200606 0.120114 9.9973E-05 0.084879 9.9973E-05
0.43791 9.9973E-05 9.9973E-05 0.143833 0.0455526 9.9973E-05 0.326244 0.0461606
9.9964E-05 9.9964E-05 0.0194948 0.045422 0.115144 9.9964E-05 0.819539 9.9964E-05
0.565469 0.0408618 0.0173768 0.171847 0.120635 9.9991E-05 0.0525604 0.0311501
0.241938 0.0216708 0.169361 9.9982E-05 0.0941721 0.00894994 0.463709 9.9982E-05
0.516448 0.00775403 0.00304384 0.0521533 0.0343572 0.0581848 0.327959 9.9991E-05
0.0821451 9.9973E-05 9.9973E-05 0.223748 0.0130829 9.9973E-05 0.656126 0.024598
9.9973E-05 0.0222126 0.15786 0.700072 0.0255157 9.9973E-05 9.9973E-05 0.09404
0.0811863 9.9964E-05 0.180448 0.671077 9.9964E-05 9.9964E-05 9.9964E-05 0.066889
9.9964E-05 9.9964E-05 0.119302 0.8237 0.0284346 9.9964E-05 9.9964E-05 0.028164
9.9973E-05 9.9973E-05 0.0637718 0.713096 0.0456215 9.9973E-05 0.0495407 0.12767
9.9973E-05 0.00771527 0.12412 0.822643 0.00807014 0.0371521 9.9973E-05 9.9973E-05
0.0658049 9.9982E-05 0.0608551 0.713992 0.0273588 0.0391812 9.9982E-05 0.0926079
0.0506044 0.0678915 9.9973E-05 9.9973E-05 0.00877503 0.032856 9.9973E-05 0.839573
0.0958228 9.9964E-05 9.9964E-05 0.0442267 9.9964E-05 0.0390462 9.9964E-05 0.820504
0.0841674 0.061032 0.00181588 9.9973E-05 9.9973E-05 0.131539 9.9973E-05 0.721146
0.0598258 0.0439415 9.9973E-05 0.0661515 9.9973E-05 0.117414 9.9973E-05 0.712368
0.0637265 0.0411789 0.0068367 0.0119976 9.9982E-05 0.0898127 9.9982E-05 0.786248
9.9964E-05 0.0148279 0.0645052 0.565364 9.9964E-05 9.9964E-05 9.9964E-05 0.354903
9.9982E-05 0.021568 0.0538312 0.408479 0.0158209 9.9982E-05 0.0523272 0.447774
9.9964E-05 0.0103183 9.9964E-05 0.400263 0.150467 9.9964E-05 9.9964E-05 0.438552
9.994E-05 0.9993 9.994E-05 9.994E-05 9.994E-05 9.994E-05 9.994E-05 9.994E-05
9.9982E-05 0.00767766 0.055184 0.483763 0.0529108 9.9982E-05 0.0306797 0.369585
0.242239 9.9982E-05 0.138513 0.0183372 0.00552149 0.403998 9.9982E-05 0.191191
0.622213 9.9982E-05 0.0481023 0.0230117 9.9982E-05 0.167698 0.0524156 0.0863595
0.543547 0.0681603 9.9964E-05 9.9964E-05 9.9964E-05 0.234518 9.9964E-05 0.153375
0.306288 9.9982E-05 0.112919 0.0971918 9.9982E-05 0.210399 0.0173829 0.255619
0.496888 0.01359 0.0853413 0.103163 9.9991E-05 0.231337 0.00332995 0.0662509
9.9964E-05 9.9964E-05 0.253331 9.9964E-05 0.00893041 0.324479 9.9964E-05 0.41286
0.484329 9.9973E-05 9.9973E-05 0.298765 0.0955425 9.9973E-05 0.0895199 0.0315434
0.394762 9.9982E-05 0.148842 0.279948 0.147646 0.0104444 0.0181573 9.9982E-05
0.286198 0.095299 9.9973E-05 0.506358 0.0403726 9.9973E-05 0.0714729 9.9973E-05
0.501948 9.9973E-05 0.0170081 0.162903 0.294988 0.022853 9.9973E-05 9.9973E-05
9.9964E-05 9.9964E-05 0.239273 0.161334 0.427692 9.9964E-05 0.171302 9.9964E-05
0.552929 0.039933 0.0284429 0.152618 0.0347075 0.0418444 0.0533969 0.0961279
0.529213 0.0473663 9.9982E-05 0.172667 0.161594 9.9982E-05 0.0377382 0.051222
0.316744 0.0635258 9.9982E-05 0.432294 0.048397 9.9982E-05 0.0964458 0.042394
0.482299 9.9982E-05 0.0318593 0.226981 0.0456677 0.133853 0.0791404 9.9982E-05
0.117414 9.9973E-05 0.275551 0.255321 0.16876 9.9973E-05 0.182653 9.9973E-05
0.404486 9.9982E-05 0.111586 0.20395 0.168269 0.0869291 0.02458 9.9982E-05
0.519512 0.0559719 0.0352206 0.221897 0.106608 0.0231393 0.0375519 9.9991E-05
0.421198 9.9982E-05 0.145676 0.0231513 9.9982E-05 0.159348 0.10788 0.142546
0.326398 9.9982E-05 0.0315257 0.246293 0.333002 0.00382183 0.05876 9.9982E-05
0.424809 9.9991E-05 0.0156877 0.271556 0.181334 0.0295403 0.0538019 0.0231712
0.48502 0.000502536 0.102935 0.0734645 0.122464 0.0958122 0.100605 0.019197
0.540222 9.9973E-05 0.00137522 0.255811 0.102785 9.9973E-05 0.0995074 9.9973E-05
0.705122 0.0103835 0.0242905 0.145698 0.0577966 0.0565095 9.9982E-05 9.9982E-05
0.484293 0.0192998 0.00543077 0.110078 0.110462 0.00317281 0.178806 0.0884571
0.507943 9.9991E-05 0.0842894 0.121647 0.0486929 0.0872036 0.0322515 0.117872
0.155518 9.9955E-05 9.9955E-05 9.9955E-05 9.9955E-05 0.067507 9.9955E-05 0.776475
0.120378 0.0207432 9.9964E-05 9.9964E-05 9.9964E-05 9.9964E-05 0.00639118 0.852088
0.0780207 9.9964E-05 9.9964E-05 0.0535922 0.0741138 9.9964E-05 9.9964E-05 0.793873
0.0294269 0.0220298 9.9982E-05 9.9982E-05 0.0189499 0.013834 0.120404 0.795156
0.128772 0.0560919 9.9982E-05 9.9982E-05 0.0126463 0.0221875 0.00210479 0.777997
0.146791 9.9973E-05 0.0153674 0.617429 9.9973E-05 0.0994202 0.120692 9.9973E-05
0.391715 9.9982E-05 0.0714264 0.194232 0.12358 0.139137 0.0797103 9.9982E-05
0.315112 9.9982E-05 0.0399321 9.9982E-05 0.0668512 0.200094 0.122319 0.255491
0.661632 0.0272325 9.9982E-05 0.173363 0.0928777 0.0274968 0.0171987 9.9982E-05
0.526649 9.9964E-05 9.9964E-05 0.247046 9.9964E-05 9.9964E-05 0.155508 0.0703968
0.302415 0.0327493 0.179604 0.301628 0.108199 0.0752053 9.9982E-05 9.9982E-05
9.9973E-05 0.0627281 0.0757867 0.616762 9.9973E-05 9.9973E-05 0.165649 0.0787736
0.504745 0.0229417 0.0032725 0.27863 0.0536582 0.0720062 0.0535474 0.0111998
0.118178 9.9982E-05 9.9982E-05 0.508303 0.167527 0.0439506 0.0727243 0.0891176
0.471651 0.0127316 0.166096 0.0808944 0.105492 0.0586756 0.104359 9.9991E-05
0.00307231 9.9991E-05 0.0236492 0.471714 0.127284 0.0962645 0.136793 0.141123
0.507371 0.0249657 9.9991E-05 0.145484 0.032782 0.0863998 0.126746 0.0761511
0.236173 0.00796382 0.072343 0.45978 0.0700809 0.0325897 0.0557 0.0653695
0.370797 0.0398119 0.0993221 0.32029 0.0778691 0.0496698 0.0338245 0.00841574
0.502938 9.9991E-05 0.148199 0.0925178 0.148138 0.0554034 0.021459 0.0312448
0.340883 9.9964E-05 0.444713 0.143726 0.0702789 9.9964E-05 9.9964E-05 9.9964E-05
0.607734 9.9973E-05 0.305551 0.0344422 9.9973E-05 9.9973E-05 0.0396558 0.0123175
0.573007 0.00938345 0.10424 0.0648378 0.094977 0.0116562 0.0807253 0.0611733
0.369786 9.9973E-05 0.431703 0.0921702 0.104588 9.9973E-05 0.00145213 9.9973E-05
0.441861 9.9991E-05 0.182027 0.0490455 0.0890808 0.0687707 0.0807 0.0884151
0.544859 0.0564932 0.208012 0.0494617 0.105496 9.9982E-05 0.0354791 9.9982E-05
0.123247 9.9973E-05 0.601832 0.0785824 0.14237 9.9973E-05 0.0536681 9.9973E-05
0.280897 9.9964E-05 0.601439 9.9964E-05 0.0444041 9.9964E-05 0.0728601 9.9964E-05
0.522882 9.9973E-05 0.329037 0.0325765 0.107098 9.9973E-05 9.9973E-05 0.0081071
0.151094 9.9973E-05 0.501174 0.0876318 0.0699082 9.9973E-05 0.189892 9.9973E-05
0.510307 9.9964E-05 0.355074 0.060029 9.9964E-05 9.9964E-05 0.07419 9.9964E-05
0.0876814 0.0395055 9.9991E-05 0.603395 0.0478265 0.00252551 0.206467 0.0124994
0.235561 9.9973E-05 0.0374657 0.318421 0.325195 9.9973E-05 0.083058 9.9973E-05
0.353641 0.0339183 9.9982E-05 0.399443 0.0592239 0.0753966 0.0781774 9.9982E-05
0.551268 0.0269132 0.0262956 0.232751 9.9982E-05 0.111565 0.0510065 9.9982E-05
0.245749 9.9964E-05 0.011883 0.467622 9.9964E-05 9.9964E-05 0.274346 9.9964E-05
0.491965 0.0138655 0.0959627 0.174873 0.123946 0.0681028 0.000317713 0.0309675
0.504424 0.0100985 0.0184256 0.268218 0.0655551 0.11849 9.9991E-05 0.0146898
0.474381 9.9991E-05 0.0145261 0.322445 0.0237649 0.0844917 0.0173247 0.0629666
0.459783 0.0198764 9.9991E-05 0.207318 0.123094 0.0915888 0.0893357 0.00890354
0.357828 0.0241134 9.9982E-05 0.310752 9.9982E-05 0.11328 0.190073 0.00375469
0.258389 9.9964E-05 9.9964E-05 0.498089 9.9964E-05 0.0891192 0.154002 9.9964E-05
0.33743 9.9982E-05 0.00727745 0.463023 9.9982E-05 0.122492 0.0442192 0.0253588
0.58964 9.9973E-05 9.9973E-05 0.163123 0.0942968 0.0658272 0.0868132 9.9973E-05
0.532971 0.0166199 0.0557385 0.172694 0.00167031 0.0445856 0.104768 0.0709523
0.359885 0.0303861 0.0601826 0.30494 0.12297 0.022479 0.0578736 0.0412845
0.405071 9.9964E-05 9.9964E-05 0.290607 0.180808 0.123114 9.9964E-05 9.9964E-05
0.374577 9.9973E-05 0.13645 0.403879 9.9973E-05 0.0713689 9.9973E-05 0.0134246
0.619897 9.9973E-05 0.0285096 0.219417 9.9973E-05 9.9973E-05 0.131099 0.000776752
0.470769 9.9973E-05 9.9973E-05 0.298042 0.0827364 0.125707 9.9973E-05 0.0224454
0.451222 0.0880015 0.117081 0.106206 0.0892794 0.103539 0.0138843 0.0307866
0.432041 0.058276 0.0578093 0.0197935 9.9991E-05 0.0803166 0.0456722 0.305992
0.430581 0.0482216 0.146982 9.9991E-05 0.00619614 0.226736 0.0305841 0.110598
0.429767 0.0660959 0.115973 0.0297812 9.9991E-05 0.166881 0.0840225 0.10738
0.504315 0.0742883 0.0853996 9.9982E-05 0.148247 0.14354 0.04401 9.9982E-05
0.344924 0.0426143 9.9982E-05 9.9982E-05 0.0759367 0.267013 0.105095 0.164217
0.472147 0.0159987 0.0768023 0.205388 0.227427 0.00203635 9.9982E-05 9.9982E-05
0.518956 9.9982E-05 9.9982E-05 0.0440214 0.0146827 0.0671156 0.0986989 0.256326
0.000179343 0.00596398 0.38819 9.9982E-05 9.9982E-05 0.166109 0.193356 0.246002
0.496528 9.9973E-05 0.107469 0.122638 9.9973E-05 0.206002 9.9973E-05 0.0670635
0.574712 0.0119677 0.018902 9.9982E-05 0.100494 0.18092 9.9982E-05 0.112804
0.417938 0.0505128 0.0270463 0.0495266 0.0444462 0.257536 0.111907 0.0410874
0.270235 0.0355894 0.188582 0.111511 0.0468984 0.195462 0.0502833 0.101439
0.572982 9.9982E-05 0.0546771 0.0321954 9.9982E-05 0.139997 0.0308963 0.169052
0.509602 0.0751445 0.0740758 9.9982E-05 0.0811795 0.164325 9.9982E-05 0.0954729
9.9973E-05 0.00231503 0.333246 9.9973E-05 0.0274206 0.174947 9.9973E-05 0.461771
0.555026 0.110442 9.9982E-05 0.00574673 0.0404668 0.157842 9.9982E-05 0.130276
0.520406 0.0634031 9.9982E-05 0.0186292 0.0663762 0.202305 9.9982E-05 0.12868
0.563168 9.9973E-05 0.0909389 9.9973E-05 0.159661 0.120503 9.9973E-05 0.0654286
0.571832 0.00342265 0.0180399 9.9973E-05 9.9973E-05 0.19304 9.9973E-05 0.213366
0.499429 9.9991E-05 0.0640632 0.0233772 0.0560366 0.130895 0.0734973 0.152601
0.345146 0.0207383 9.9991E-05 0.0405418 0.410564 0.0498685 0.11634 0.016701
0.49606 0.0418927 0.052984 0.0752331 0.251698 0.017479 0.0209482 0.0437046
9.9964E-05 9.9964E-05 0.0179586 0.0690987 0.780811 9.9964E-05 0.131732 9.9964E-05
9.99459E-05 9.99459E-05 9.99459E-05 0.0706123 0.928788 9.99459E-05 9.99459E-05 9.99459E-05
0.46977 9.9973E-05 9.9973E-05 0.00370602 0.392448 0.0392766 9.9973E-05 0.0944998
0.443583 9.9991E-05 0.113141 0.0129452 0.0508357 0.269907 0.0211664 0.0883208
0.22318 0.0181403 0.0523153 9.9982E-05 0.268147 0.384446 9.9982E-05 0.053572
0.134067 0.0825086 0.118888 9.9982E-05 0.181368 0.292077 9.9982E-05 0.190891
0.271162 0.108958 0.0422005 9.9982E-05 0.187328 0.272401 9.9982E-05 0.11775
0.0383278 0.0469405 0.14356 9.9982E-05 0.660589 0.0583352 9.9982E-05 0.0520478
0.066084 0.0425945 0.0702769 9.9982E-05 0.617031 0.125673 9.9982E-05 0.0781398
0.451967 9.9973E-05 9.9973E-05 0.00125459 0.368411 0.153764 9.9973E-05 0.0243034
0.395177 9.9964E-05 9.9964E-05 9.9964E-05 0.450315 0.125427 9.9964E-05 0.0286806
0.110345 0.0730728 9.9973E-05 9.9973E-05 0.696069 0.0534369 9.9973E-05 0.0667763
0.353902 0.0225342 0.0119872 9.9991E-05 0.353899 0.0996464 0.123803 0.0341276
0.478064 0.0268533 9.9973E-05 9.9973E-05 0.424556 0.0682703 9.9973E-05 0.00195567
0.412299 0.0109149 0.0039186 0.141596 0.107811 0.178129 0.0542196 0.0911111
0.22361 9.9973E-05 9.9973E-05 0.0717233 0.577151 9.9973E-05 0.0822831 0.0449326
0.282958 0.0643964 9.9982E-05 0.0395327 0.521069 0.00409851 0.0877446 9.9982E-05
0.531625 0.0334162 9.9991E-05 0.0254186 0.273396 0.000862718 0.0391963 0.0959853
0.324359 0.0250438 9.9991E-05 0.0625303 0.445186 0.0398446 0.0719842 0.0309524
0.512524 0.00867615 0.178749 0.112953 0.032003 0.00596018 0.0228568 0.126278
0.485627 0.0196415 0.0807522 9.9973E-05 0.407978 9.9973E-05 9.9973E-05 0.00570138
0.164163 9.9955E-05 9.9955E-05 0.0735085 0.761829 9.9955E-05 9.9955E-05 9.9955E-05
0.502286 9.9973E-05 0.0126091 9.9973E-05 0.348128 9.9973E-05 0.0988195 0.0378575
0.1268 9.9964E-05 9.9964E-05 0.0451542 0.770963 9.9964E-05 0.0566832 9.9964E-05
0.328884 0.0411162 9.9973E-05 9.9973E-05 0.529138 0.0725692 0.0279931 9.9973E-05
0.529497 0.0202482 9.9973E-05 9.9973E-05 0.312803 0.028663 9.9973E-05 0.108489
0.448328 0.00711175 0.0348909 0.0567988 0.32835 0.0656862 0.0587345 9.9991E-05
0.474974 0.0516402 0.0760118 9.9982E-05 0.110192 0.191066 9.9982E-05 0.0959164
0.445315 0.0869168 0.08345 0.0644801 0.136867 0.101302 0.00638976 0.0752791
0.362994 0.00711341 0.189122 0.0481613 0.00840699 0.255776 9.9991E-05 0.128327
0.299873 0.0709589 0.0901363 0.131062 0.00821906 0.230264 0.0661759 0.103311
0.357298 9.9991E-05 0.0860294 0.059786 0.0703314 0.251189 0.0475541 0.127712
0.394897 0.0393022 0.192126 0.00447456 0.109936 0.148038 0.0672027 0.0440234
9.9973E-05 0.0333473 0.0699156 9.9973E-05 0.626137 0.0934278 9.9973E-05 0.176872
0.551296 0.00731016 9.9982E-05 0.0282762 0.154601 0.209763 9.9982E-05 0.0485531
9.9973E-05 0.0178575 0.163945 9.9973E-05 0.361708 0.0946855 9.9973E-05 0.361504
0.413316 9.9964E-05 9.9964E-05 9.9964E-05 0.292678 0.197708 9.9964E-05 0.0958979
0.0233128 9.9964E-05 0.0144691 9.9964E-05 0.765299 9.9964E-05 0.196519 9.9964E-05
9.9955E-05 9.9955E-05 9.9955E-05 9.9955E-05 0.903183 9.9955E-05 0.0794525 0.0168645
0.363758 0.0228976 9.9973E-05 9.9973E-05 0.495219 0.00224105 0.115584 9.9973E-05
0.556597 0.00692819 9.9973E-05 9.9973E-05 0.396911 0.0117608 9.9973E-05 0.0275033
0.3399 9.9955E-05 9.9955E-05 9.9955E-05 0.625159 9.9955E-05 0.0344409 9.9955E-05
0.445241 0.00211184 9.9973E-05 9.9973E-05 0.471658 0.0328965 0.0477928 9.9973E-05
0.448062 9.9946E-05 9.9946E-05 9.9946E-05 0.551339 9.9946E-05 9.9946E-05 9.9946E-05
0.0461577 0.0862238 9.9982E-05 0.021438 0.0548046 0.068479 9.9982E-05 0.722697
9.9973E-05 0.0176372 9.9973E-05 0.145467 0.0565566 0.118517 9.9973E-05 0.661523
9.9964E-05 0.0416973 9.9964E-05 0.0707456 9.9964E-05 0.0891141 9.9964E-05 0.798043
0.0216368 0.159366 9.9964E-05 9.9964E-05 0.0162525 9.9964E-05 9.9964E-05 0.802345
0.437326 0.0144263 9.9982E-05 0.0461598 0.10083 0.0720349 0.329023 9.9982E-05
0.43903 9.9964E-05 9.9964E-05 9.9964E-05 9.9964E-05 0.0781365 0.403401 0.0790322
0.484878 0.0642786 9.9955E-05 9.9955E-05 9.9955E-05 9.9955E-05 0.450343 9.9955E-05
0.581695 0.0342616 0.0150447 0.109167 9.9982E-05 9.9982E-05 0.198523 0.0611093
0.598188 9.9991E-05 0.129393 0.0512166 0.00314027 0.0488207 0.0824532 0.0866883
0.228694 9.9973E-05 0.0557546 0.133534 9.9973E-05 9.9973E-05 0.514567 0.0671494
0.577176 0.029098 9.9973E-05 9.9973E-05 0.038635 0.0422952 0.312496 9.9973E-05
0.302912 0.0230601 0.121507 9.9973E-05 0.0910892 9.9973E-05 0.461132 9.9973E-05
0.520265 0.00926372 9.9982E-05 0.0230449 0.0488878 0.110035 9.9982E-05 0.288304
0.360972 9.9973E-05 9.9973E-05 0.0754412 0.157812 0.108704 0.296771 9.9973E-05
0.319493 0.0419497 9.9964E-05 0.0570069 9.9964E-05 9.9964E-05 0.581151 9.9964E-05
0.586944 9.9973E-05 9.9973E-05 0.0199086 0.0348418 9.9973E-05 0.317213 0.0407931
0.37155 0.0135879 9.9991E-05 0.0630462 0.124547 0.00361547 0.407545 0.0160079
0.576359 0.000142344 0.0248488 9.9982E-05 0.0255738 9.9982E-05 0.35435 0.0185259
0.471637 0.0262057 9.9991E-05 0.0012496 0.0716201 0.0195699 0.294192 0.115426
0.0788562 9.9964E-05 0.0131819 9.9964E-05 0.0884289 9.9964E-05 0.819133 9.9964E-05
0.261716 0.0493748 0.0532288 9.9973E-05 0.0635772 9.9973E-05 0.571803 9.9973E-05
0.306998 0.00416866 0.0351722 9.9973E-05 0.064845 9.9973E-05 0.588516 9.9973E-05
9.9955E-05 9.9955E-05 0.176116 9.9955E-05 0.0262077 9.9955E-05 0.797177 9.9955E-05
0.373797 0.0114893 9.9991E-05 0.101748 0.0558453 0.0386678 0.395122 0.0232312
0.0759391 0.0201608 0.272049 9.9973E-05 0.113976 9.9973E-05 0.517575 9.9973E-05
9.9955E-05 9.9955E-05 0.247667 9.9955E-05 0.085903 9.9955E-05 0.66593 9.9955E-05
0.538336 0.0354873 9.9982E-05 0.0148576 0.132561 9.9982E-05 0.240886 0.0376728
0.163562 9.9973E-05 9.9973E-05 0.0382315 9.9973E-05 0.0241571 0.734636 0.0391133
0.348387 9.9973E-05 0.0770364 0.0993548 9.9973E-05 0.0841832 0.390739 9.9973E-05
0.349879 9.9982E-05 0.0705327 9.9982E-05 0.00414508 0.16937 0.310708 0.0951651
0.473813 9.9964E-05 9.9964E-05 0.11273 9.9964E-05 0.012646 0.400411 9.9964E-05
0.362692 9.9982E-05 0.127731 0.238986 0.17145 0.0338215 0.0651197 9.9982E-05
0.508041 0.0112662 9.9991E-05 0.0940219 0.00606194 0.116646 0.260539 0.00332457
0.483792 0.0290204 9.9973E-05 0.0882061 9.9973E-05 0.0568532 0.341828 9.9973E-05
0.248474 9.9964E-05 0.069797 9.9964E-05 0.027271 9.9964E-05 0.654059 9.9964E-05
0.378874 0.0756727 0.00576428 0.0335893 0.10464 0.0758826 0.287966 0.0376104
0.024207 0.0429385 0.0974719 0.224667 9.9973E-05 9.9973E-05 9.9973E-05 0.610415
0.0290067 0.0571202 9.9982E-05 0.0700743 9.9982E-05 0.0125649 0.120922 0.710112
9.9964E-05 0.0870159 0.0534185 0.132973 9.9964E-05 9.9964E-05 9.9964E-05 0.726193
9.9982E-05 0.108132 0.0233989 0.0907346 0.0151843 9.9982E-05 0.0399227 0.722427
0.0560087 0.0480551 0.0456639 0.190005 9.9973E-05 9.9973E-05 9.9973E-05 0.659967
0.135344 0.00559979 9.9973E-05 0.0970394 9.9973E-05 9.9973E-05 0.734795 0.0269221
0.173583 0.0109842 0.015858 0.163997 9.9982E-05 9.9982E-05 0.586643 0.0487354
0.117338 9.9964E-05 0.0613024 9.9964E-05 0.0666845 9.9964E-05 0.754275 9.9964E-05
0.416656 0.0245105 0.112049 9.9991E-05 0.0678754 0.1453 0.17844 0.0550693
0.590004 0.00333099 0.00252162 9.9991E-05 0.100958 0.00904315 0.137532 0.15651
0.310542 0.0355193 0.126055 9.9973E-05 9.9973E-05 9.9973E-05 0.510172 0.0174118
0.572972 0.00879378 0.0853564 9.9982E-05 0.0834193 0.0419563 0.207302 9.9982E-05
0.387332 9.9982E-05 0.0335111 9.9982E-05 0.0305138 0.05486 0.485075 0.00850823
0.510722 9.9982E-05 0.0384385 0.049964 9.9982E-05 0.0495603 0.337519 0.0135962
0.634441 0.0149633 0.046883 0.0469896 0.0286814 9.9991E-05 0.155609 0.0723332
0.241288 9.9973E-05 0.0403244 0.0963766 0.0281229 9.9973E-05 0.593588 9.9973E-05
0.28926 0.0617534 9.9964E-05 0.0646211 9.9964E-05 9.9964E-05 0.583966 9.9964E-05
0.289967 0.00724623 9.9964E-05 0.157018 9.9964E-05 9.9964E-05 0.545369 9.9964E-05
0.687045 0.000708044 0.209612 0.0804093 9.9973E-05 9.9973E-05 9.9973E-05 0.0219267
0.352469 0.00663162 9.9973E-05 0.0531959 9.9973E-05 9.9973E-05 0.573979 0.013425
0.424161 0.040217 0.0573972 0.0283965 0.0208871 0.0442773 0.372613 0.0120505
0.439486 0.0164886 0.0823709 9.9982E-05 9.9982E-05 0.410077 0.0152787 0.036099
0.275062 0.0641894 0.00145797 9.9991E-05 0.0901941 0.508997 0.0259882 0.0340117
0.361175 9.9973E-05 0.0761171 9.9973E-05 0.0468675 0.44369 9.9973E-05 0.0718498
0.235611 0.0196315 0.129078 9.9982E-05 0.00546055 0.530182 9.9982E-05 0.0798377
0.525127 0.0452531 0.0367102 0.00856802 9.9982E-05 0.29257 9.9982E-05 0.0915723
0.499028 9.9964E-05 0.198023 9.9964E-05 9.9964E-05 9.9964E-05 0.275905 0.0266438
0.0138841 0.0739548 0.0709733 9.9982E-05 0.00129359 0.66685 9.9982E-05 0.172844
0.339613 0.0480534 9.9973E-05 9.9973E-05 9.9973E-05 0.439779 0.0321483 0.140106
0.3191 0.0691446 0.279757 9.9982E-05 9.9982E-05 0.207022 0.0855358 0.0392398
0.562752 0.0395893 0.263762 0.0127491 0.0358389 9.9982E-05 9.9982E-05 0.0851085
0.426913 0.0108579 0.342055 0.0985374 0.00320492 0.0313929 0.0357292 0.0513099
0.622601 9.9955E-05 0.273408 9.9955E-05 9.9955E-05 9.9955E-05 9.9955E-05 0.103491
0.565984 0.0128994 0.179936 0.0566774 0.0838015 0.0725638 9.9991E-05 0.028038
0.307902 0.0317898 9.9964E-05 9.9964E-05 9.9964E-05 0.438338 9.9964E-05 0.22157
0.317445 0.0208748 9.9982E-05 0.0911061 9.9982E-05 0.441621 0.0471823 0.0815701
0.451354 0.0115143 0.0443781 9.9982E-05 0.0149432 0.378494 9.9982E-05 0.0991159
0.361323 0.0697823 9.9982E-05 0.0831553 0.0889761 0.305026 9.9982E-05 0.0915366
0.19862 0.0362054 0.105988 9.9982E-05 0.0522317 0.559428 9.9982E-05 0.0473257
0.292849 0.0150629 0.0913281 0.0700924 0.0449832 0.364118 0.0203233 0.101243
0.253934 0.0110247 0.0926541 9.9991E-05 0.00168847 0.545854 0.0118054 0.0829394
0.352165 0.0166802 0.0513504 9.9991E-05 0.0464992 0.402494 0.0044888 0.126222
0.532691 0.0177094 0.401994 9.9973E-05 9.9973E-05 9.9973E-05 0.0391636 0.00814268
0.346764 0.0577071 0.0830129 0.0248829 9.9991E-05 0.310545 0.00800429 0.168984
0.165017 0.0120732 0.0469615 9.9973E-05 9.9973E-05 0.640969 9.9973E-05 0.13468
0.266642 0.0447574 9.9991E-05 0.0354662 0.0224622 0.415253 0.0899497 0.12537
0.247284 0.01535 0.347268 0.139026 9.9982E-05 9.9982E-05 0.145588 0.105284
0.598938 0.0572423 0.290115 0.0298474 9.9973E-05 0.023557 9.9973E-05 9.9973E-05
0.250152 9.9982E-05 0.130727 0.105318 9.9982E-05 0.357128 0.0600265 0.0964482
0.554669 0.0727739 0.195456 0.0985088 0.00138523 9.9982E-05 9.9982E-05 0.0770077
0.460671 0.037253 0.235204 0.0034027 9.9982E-05 9.9982E-05 0.0988554 0.164414
0.360256 0.0903045 0.161 0.0119699 9.9991E-05 0.153004 0.0551571 0.168209
0.301602 0.0154278 0.015213 9.9991E-05 0.132115 0.277495 0.0356501 0.222398
0.605726 0.042765 0.0819105 0.0807655 0.0106223 0.0685512 9.9991E-05 0.109559
0.34248 0.0548019 0.0599731 0.0223183 9.9991E-05 0.417633 0.0281318 0.0745616
0.41283 0.0480895 0.00866008 9.9982E-05 0.0408659 0.449242 9.9982E-05 0.0401134
0.11591 0.0795918 9.9973E-05 0.0211497 9.9973E-05 0.568466 9.9973E-05 0.214582
0.606555 0.0535247 0.160448 0.0812258 9.9991E-05 0.0456165 0.0364651 0.0160648
0.522988 0.0151314 0.289845 0.0671848 9.9982E-05 9.9982E-05 0.0520592 0.0525913
0.254253 0.0701472 0.663743 0.0114567 9.9964E-05 9.9964E-05 9.9964E-05 9.9964E-05
0.497631 0.0141139 0.0533091 0.136629 0.0245068 0.159451 9.9991E-05 0.114259
0.331418 9.9991E-05 0.148996 0.199483 0.144237 0.0642741 0.0418427 0.0696485
0.477385 0.0333122 0.146567 9.9982E-05 9.9982E-05 0.138613 0.0782255 0.125697
0.540749 0.00902812 0.0524077 0.0776965 0.0811453 0.0105754 0.0860504 0.142348
9.9964E-05 9.9964E-05 0.562439 9.9964E-05 0.0117991 0.190262 9.9964E-05 0.2351
9.9964E-05 0.0566578 0.672069 9.9964E-05 9.9964E-05 0.105026 9.9964E-05 0.165847
0.220573 9.9991E-05 0.363753 0.0825164 0.0830799 0.112172 0.0329276 0.104878
