0.0552522 0.0318184 9.9964E-05 0.0129973 9.9964E-05 0.899532 9.9964E-05 9.9964E-05
9.9964E-05 0.0259672 0.0542747 9.9964E-05 9.9964E-05 0.904941 9.9964E-05 0.0144176
0.0891 0.0228067 9.9973E-05 0.0504606 9.9973E-05 0.810049 0.027284 9.9973E-05
0.0924897 0.0741407 9.9973E-05 0.0393383 9.9973E-05 0.769873 0.0238585 9.9973E-05
0.0503249 0.0275734 0.0444001 0.0201939 9.9973E-05 0.857208 9.9973E-05 9.9973E-05
0.0455641 0.0497303 9.9991E-05 0.0378771 0.156261 0.62974 0.0358293 0.0448983
9.9955E-05 9.9955E-05 9.9955E-05 9.9955E-05 0.101896 0.812395 0.0852098 9.9955E-05
9.9964E-05 0.189167 9.9964E-05 0.0486497 0.0737515 0.688032 9.9964E-05 9.9964E-05
9.99639E-05 0.0500964 9.99639E-05 9.99639E-05 0.0563451 0.827909 9.99639E-05 0.0652501
0.0501637 0.0528799 0.00197943 0.111227 0.0718432 0.685842 0.0259651 9.9991E-05
0.0130305 0.0979845 9.9973E-05 9.9973E-05 0.123965 0.709787 0.0549335 9.9973E-05
0.128339 0.0139432 9.9964E-05 0.0461182 9.9964E-05 9.9964E-05 0.8112 9.9964E-05
0.39592 0.0109001 0.0363904 0.08697 9.9973E-05 9.9973E-05 0.469519 9.9973E-05
0.175611 0.0256087 0.00326673 0.0683371 9.9982E-05 0.0103455 0.716631 9.9982E-05
0.173726 9.9973E-05 0.00470025 0.124624 9.9973E-05 0.0258447 0.670805 9.9973E-05
0.282793 9.9982E-05 9.9982E-05 0.154823 0.0351935 0.0410225 0.452604 0.0333636
0.415604 9.9973E-05 0.002717 0.196533 9.9973E-05 0.00843582 0.376409 9.9973E-05
0.415582 9.9982E-05 0.0063499 0.0986092 0.0697662 9.9982E-05 0.288273 0.12122
0.196914 9.9964E-05 9.9964E-05 0.0720932 9.9964E-05 0.113119 0.617474 9.9964E-05
9.9973E-05 0.0105869 9.9973E-05 0.00617336 0.090047 0.0740914 0.818801 9.9973E-05
0.288974 0.015322 0.0713842 0.107139 9.9982E-05 9.9982E-05 0.457698 0.0592831
0.358019 0.0603097 0.071976 0.0761525 0.13036 9.9991E-05 0.242548 0.0605356
0.541041 0.0323169 9.9982E-05 9.9982E-05 0.0193401 0.0730591 0.286251 0.0477923
0.0882007 9.9973E-05 0.0116962 0.128177 0.00808789 9.9973E-05 0.763539 9.9973E-05
0.602587 9.9991E-05 0.00474868 0.0166952 0.0455448 0.0578715 0.0913143 0.181138
0.376335 9.9964E-05 9.9964E-05 0.10719 9.9964E-05 9.9964E-05 0.473698 0.0423772
0.0265022 9.9964E-05 9.9964E-05 0.0625778 9.9964E-05 0.00965522 0.900865 9.9964E-05
0.0545123 9.9955E-05 9.9955E-05 0.167344 9.9955E-05 9.9955E-05 0.777644 9.9955E-05
0.168454 9.9964E-05 0.0606312 9.9964E-05 0.0139584 9.9964E-05 0.756556 9.9964E-05
0.138809 9.9955E-05 9.9955E-05 0.043381 9.9955E-05 0.81731 9.9955E-05 9.9955E-05
0.158873 9.9955E-05 9.9955E-05 9.9955E-05 9.9955E-05 0.822233 0.018395 9.9955E-05
0.107306 0.0104947 9.9982E-05 0.043142 9.9982E-05 0.807778 0.00394449 0.027135
0.087155 9.9964E-05 9.9964E-05 0.110869 9.9964E-05 0.754733 9.9964E-05 0.0468428
0.453931 0.0028477 0.0135755 9.9991E-05 0.0363035 0.0479366 0.182748 0.262558
0.495981 0.0125544 0.0097764 0.0680884 9.9991E-05 0.0525189 0.0465299 0.314451
0.564129 0.0145354 9.9955E-05 9.9955E-05 9.9955E-05 9.9955E-05 9.9955E-05 0.420836
0.0537179 0.180226 9.9982E-05 0.025731 9.9982E-05 0.102699 0.622101 0.0153251
0.269591 9.9964E-05 9.9964E-05 0.0556705 0.0475479 9.9964E-05 9.9964E-05 0.626791
0.450109 9.9982E-05 0.0987465 0.0514018 9.9982E-05 0.0371089 0.114769 0.247665
0.668693 9.9982E-05 0.0513494 0.0348633 0.0723176 0.00389023 9.9982E-05 0.168687
0.61127 0.062041 9.9982E-05 9.9982E-05 0.186579 0.0212567 0.0110311 0.107622
0.651336 0.0286437 0.0632757 0.0102334 0.0543726 0.0862724 0.0610512 0.044815
0.0747123 9.9964E-05 9.9964E-05 9.9964E-05 9.9964E-05 0.0303629 0.215625 0.6789
0.624704 0.0260455 9.9982E-05 0.0637365 0.185843 9.9982E-05 0.0531991 0.0462714
0.567907 0.00215988 9.9973E-05 0.13253 9.9973E-05 0.0421741 9.9973E-05 0.254929
0.583052 0.0122406 0.0326372 0.066609 0.0514705 0.0976771 0.0459174 0.110396
0.270853 0.0499449 0.0421139 0.0153039 9.9973E-05 9.9973E-05 9.9973E-05 0.621484
0.611139 9.9982E-05 0.0186196 0.0330375 0.00542831 0.0737032 9.9982E-05 0.257872
0.447417 0.0619138 0.00865815 0.16768 9.9991E-05 0.0811419 0.0839494 0.14914
9.9964E-05 9.9964E-05 0.0112256 9.9964E-05 0.265082 0.0663997 9.9964E-05 0.656892
0.0933955 0.172746 0.105707 9.9982E-05 0.00314017 9.9982E-05 0.375192 0.249621
0.0426572 0.00944986 0.147865 0.0360363 0.274991 9.9991E-05 0.334752 0.154149
0.613279 0.0442057 0.0166811 0.0325421 0.0935095 9.9982E-05 0.199583 9.9982E-05
0.538611 9.9973E-05 0.118531 9.9973E-05 0.0811926 0.0876086 0.173757 9.9973E-05
0.592318 0.0748318 0.117345 0.104702 0.096465 0.0141382 9.9982E-05 9.9982E-05
0.119968 0.116545 0.0562437 9.9991E-05 0.111807 0.0585414 0.282834 0.253962
0.41651 0.117096 0.108594 0.00757219 0.0339282 0.0180849 0.224943 0.0732726
0.656853 0.0267008 9.9982E-05 0.00325665 0.027106 0.0634711 0.222413 9.9982E-05
0.232544 0.080544 0.0703988 0.020468 0.0182338 0.11885 0.308903 0.150059
0.00964851 0.0120131 9.9991E-05 0.0379202 0.144934 0.192829 0.535079 0.0674749
0.536502 0.0920133 0.0361008 0.0392492 0.145499 0.0112692 0.139267 9.9991E-05
0.33249 0.140269 0.107225 0.0980583 9.9991E-05 0.0418435 0.252851 0.0271632
9.9982E-05 0.106107 0.0390407 9.9982E-05 0.121745 0.0244265 0.657762 0.0507189
0.366423 9.9964E-05 0.159714 0.000725823 9.9964E-05 9.9964E-05 0.472737 9.9964E-05
0.467858 0.0925752 0.216027 0.167885 9.9982E-05 0.0078027 0.0476519 9.9982E-05
0.479074 0.0626261 0.0475419 0.0736426 9.9991E-05 0.0518378 0.231795 0.0533819
0.202162 9.9991E-05 0.0014961 0.0264246 0.0571799 0.0610356 0.493718 0.157883
0.504407 9.9973E-05 9.9973E-05 9.9973E-05 0.10004 0.0147785 0.317665 0.0628085
0.485308 0.111342 0.0450049 0.0694057 0.0146652 0.0473161 0.0823976 0.14456
0.0964128 0.0521164 0.0925302 9.9982E-05 0.101177 9.9982E-05 0.558011 0.0995527
0.512301 0.0729806 9.9964E-05 9.9964E-05 9.9964E-05 9.9964E-05 0.028809 0.385509
0.171643 0.00472927 9.9973E-05 9.9973E-05 9.9973E-05 0.0202102 0.218501 0.584617
0.60691 0.0046805 0.0909928 0.0272321 0.0620339 0.0400321 0.0413744 0.126744
9.9964E-05 9.9964E-05 0.0200969 9.9964E-05 0.140835 0.0124586 9.9964E-05 0.826209
9.9973E-05 0.000228155 0.0514167 9.9973E-05 0.0609071 9.9973E-05 0.0880266 0.799122
0.25181 9.9955E-05 9.9955E-05 9.9955E-05 0.0256801 9.9955E-05 9.9955E-05 0.722011
0.414961 0.0537072 9.9973E-05 9.9973E-05 9.9973E-05 0.0193472 0.111922 0.399763
0.528178 0.0662635 0.0442733 0.0633843 0.120104 0.013354 0.0707124 0.0937305
0.384374 0.0659633 0.0509815 0.0559247 0.000547356 9.9991E-05 0.0195015 0.422607
0.140468 0.103737 9.9982E-05 0.0506567 9.9982E-05 0.0440621 0.0564939 0.604382
0.281322 0.186914 9.9973E-05 0.0021378 9.9973E-05 9.9973E-05 0.088046 0.44128
0.491842 0.0396007 9.9964E-05 9.9964E-05 9.9964E-05 0.086373 9.9964E-05 0.381785
0.232829 9.9973E-05 9.9973E-05 0.0490944 9.9973E-05 0.00403603 0.258938 0.454802
0.364041 0.00256555 9.9982E-05 0.00420895 9.9982E-05 0.0768628 0.154224 0.397897
0.398475 9.9955E-05 9.9955E-05 9.9955E-05 9.9955E-05 0.0217629 9.9955E-05 0.579263
9.9982E-05 0.0394788 0.0848929 0.0108684 0.126226 9.9982E-05 0.0353114 0.703023
0.622074 0.0580091 9.9982E-05 0.0287822 0.0237463 9.9982E-05 0.0621539 0.205035
0.117398 0.00452228 9.9964E-05 9.9964E-05 9.9964E-05 0.825912 0.0517679 9.9964E-05
0.110091 0.00736112 0.00301099 9.9964E-05 9.9964E-05 0.879137 9.9964E-05 9.9964E-05
0.108589 9.9955E-05 9.9955E-05 0.0417977 9.9955E-05 0.849113 9.9955E-05 9.9955E-05
0.0724868 9.9955E-05 9.9955E-05 9.9955E-05 0.0312395 0.895774 9.9955E-05 9.9955E-05
0.101325 9.9964E-05 9.9964E-05 9.9964E-05 0.0177192 0.870413 9.9964E-05 0.0101426
0.0646582 0.00545084 0.039063 9.9964E-05 9.9964E-05 0.890428 9.9964E-05 9.9964E-05
0.0733842 0.000733437 0.0114975 9.9973E-05 0.00779712 0.906288 9.9973E-05 9.9973E-05
0.466328 0.0571387 9.9982E-05 0.0575543 9.9982E-05 0.0976703 0.0744841 0.246625
0.642122 0.00813887 0.0408388 9.9982E-05 0.0219115 0.079598 9.9982E-05 0.207191
9.9973E-05 9.9973E-05 0.0367693 9.9973E-05 0.0370042 0.0269159 0.174596 0.724415
0.492786 0.0204618 9.9991E-05 0.0608325 0.140222 0.0260299 0.128116 0.131452
0.351516 9.9973E-05 9.9973E-05 0.097305 0.0067064 9.9973E-05 0.199834 0.344339
0.603173 9.9982E-05 0.0616781 0.00853235 9.9982E-05 0.104077 0.000642708 0.221697
0.543653 9.9991E-05 0.00260528 0.00739013 0.0251723 0.0363805 0.118063 0.266635
0.412888 0.000917334 9.9982E-05 0.0763801 0.0208653 0.00390376 9.9982E-05 0.484846
9.9964E-05 0.0394017 9.9964E-05 9.9964E-05 9.9964E-05 0.0441697 0.282023 0.634006
0.457431 0.0149381 0.0750958 0.0247481 0.0714929 0.0687679 0.0464044 0.241122
0.591045 9.9973E-05 0.042109 9.9973E-05 0.012355 0.0958427 0.258349 9.9973E-05
0.539112 0.078044 0.0936345 0.0953597 9.9991E-05 0.115016 0.0159328 0.0628012
0.308666 9.9964E-05 0.113268 9.9964E-05 0.172502 9.9964E-05 9.9964E-05 0.405165
0.464953 0.0287761 0.0993267 9.9973E-05 0.00262906 9.9973E-05 9.9973E-05 0.404015
0.410802 9.9973E-05 0.0263939 9.9973E-05 9.9973E-05 0.0440578 0.15337 0.365076
0.277055 9.9955E-05 9.9955E-05 0.0936962 9.9955E-05 9.9955E-05 9.9955E-05 0.628749
0.40984 0.111857 9.9982E-05 0.0137914 9.9982E-05 0.0658011 0.0101413 0.388369
0.501093 0.0384864 0.0948767 0.00408733 9.9991E-05 0.133396 0.106796 0.121164
0.181797 0.0715054 0.149316 9.9991E-05 0.139575 0.064726 0.31378 0.0792008
0.374262 0.14864 9.9982E-05 0.0707932 0.0724738 0.109595 0.224036 9.9982E-05
0.469815 0.165836 0.0464814 9.9982E-05 0.0348465 0.0576117 0.22521 9.9982E-05
0.509094 0.164987 0.0121528 0.100398 0.0097462 0.0529656 0.0385573 0.112099
0.39982 0.109955 0.0244973 0.0345616 9.9982E-05 0.0118197 0.419146 9.9982E-05
0.439276 0.194541 0.0735891 0.0859133 9.9982E-05 9.9982E-05 0.162262 0.0442188
0.509721 0.197164 0.0471912 9.9973E-05 9.9973E-05 0.00496181 0.240662 9.9973E-05
0.504907 0.231902 0.131071 9.9982E-05 0.0365903 0.0175805 9.9982E-05 0.077749
0.559855 0.10695 9.9991E-05 0.0512786 0.0440532 0.0689918 0.0645333 0.104239
0.569936 9.9964E-05 9.9964E-05 9.9964E-05 0.0235281 0.0268943 0.379241 9.9964E-05
0.461615 0.160254 0.0814882 9.9982E-05 9.9982E-05 0.00262714 0.260219 0.0335966
0.594123 0.201969 0.0177455 0.117209 0.068654 9.9973E-05 9.9973E-05 9.9973E-05
0.508368 0.118092 0.0301628 0.0835082 0.080408 0.0970695 0.0059669 0.0764248
0.443971 0.133074 0.0871106 0.121348 9.9982E-05 9.9982E-05 0.136359 0.0779374
0.474204 9.9991E-05 0.0552343 0.098982 0.0594984 0.0567037 0.151437 0.10384
0.538609 0.13088 0.0651573 0.0815283 9.9982E-05 9.9982E-05 0.0872953 0.0963294
0.250774 0.0461801 0.0210964 0.00930486 0.232451 0.0606738 0.37942 9.9991E-05
0.638374 0.0504962 0.0423497 9.9991E-05 0.0382537 0.0149142 0.144326 0.0711855
0.640021 0.116306 0.151099 0.0620446 0.0302301 9.9973E-05 9.9973E-05 9.9973E-05
0.109432 0.200536 0.141726 0.122596 9.9982E-05 9.9982E-05 0.325725 0.0997852
0.108146 0.0604707 0.268912 0.0305712 0.180636 0.0295039 0.304936 0.0168242
0.430909 0.208418 0.0264958 0.105032 9.9991E-05 0.00981427 0.150163 0.0690678
0.0311498 0.188601 0.217664 0.0675188 0.226375 9.9991E-05 0.0476165 0.220974
0.222965 0.0955895 0.102908 9.9982E-05 0.020235 9.9982E-05 0.531212 0.0268905
0.36112 0.139279 0.0184941 9.9982E-05 9.9982E-05 0.00448188 0.349416 0.127009
0.260068 0.118541 0.0419881 9.9982E-05 0.014349 9.9982E-05 0.490574 0.0742795
0.26259 0.193702 0.0106759 9.9982E-05 0.0254176 9.9982E-05 0.417516 0.0898991
0.581084 9.9982E-05 0.0631455 9.9982E-05 0.0607226 0.0911945 0.20117 0.00248356
0.585956 0.0391855 0.0272723 9.9991E-05 0.0544648 0.101603 0.0855549 0.105863
0.430439 0.217941 9.9991E-05 0.102677 0.0783078 0.0245868 0.0751035 0.0708449
0.147974 0.161868 0.125519 0.0271934 0.237264 9.9991E-05 0.218004 0.0820781
0.542951 9.9982E-05 9.9982E-05 0.0132806 0.0784624 0.169315 0.103264 0.0925269
0.495779 0.101022 0.0410495 0.0060694 0.133122 0.0411827 9.99976E-05 0.181675
9.9982E-05 0.0816733 0.141041 9.9982E-05 0.44175 0.126544 0.0683093 0.140482
0.53281 0.0149432 9.9991E-05 0.0705539 0.115077 0.112268 0.0209481 0.1333
0.338251 0.115264 0.0777725 0.0385825 0.237164 0.0154089 0.057639 0.119918
0.509846 9.9991E-05 0.159547 0.0154647 0.0861303 0.12287 0.0434448 0.062598
0.23254 9.9982E-05 0.0509917 9.9982E-05 0.371926 0.12083 0.0773473 0.146164
0.217388 0.0881485 0.145306 9.9991E-05 0.367106 0.0424659 0.128741 0.0107451
0.442273 0.0757359 0.144556 9.9991E-05 0.181492 0.0262522 0.049865 0.0797263
0.439008 9.9982E-05 0.0516032 0.0372567 0.215374 0.0537734 0.202785 9.9982E-05
0.288389 0.0639966 0.0502395 0.106487 0.173185 0.116117 0.0903742 0.111213
9.9991E-05 0.0213871 0.0127895 0.157391 0.36344 0.023194 0.160816 0.260883
0.529353 0.101989 0.0396569 0.0148235 0.219994 0.0418506 0.0522327 9.9991E-05
0.336126 9.9973E-05 0.00163675 9.9973E-05 0.274188 9.9973E-05 0.268489 0.119261
0.39656 9.9973E-05 0.120704 9.9973E-05 0.156324 9.9973E-05 0.204518 0.121595
0.568117 0.0368878 0.0138838 0.0846497 0.0493156 0.0937213 0.00819101 0.145234
0.118951 9.9973E-05 9.9973E-05 0.272691 0.263034 0.267022 0.0780024 9.9973E-05
9.9955E-05 9.9955E-05 9.9955E-05 0.133495 0.36551 0.500495 9.9955E-05 9.9955E-05
9.9955E-05 9.9955E-05 9.9955E-05 0.194215 0.458227 0.347058 9.9955E-05 9.9955E-05
0.0853711 9.9973E-05 9.9973E-05 0.330008 0.179824 0.367531 0.0369659 9.9973E-05
0.630382 0.0487943 0.0110437 0.00175503 0.204964 9.9991E-05 0.0051292 0.0978315
0.520254 0.113571 0.105638 0.0280817 0.132743 0.0911643 9.9991E-05 0.00844691
0.238724 9.9955E-05 9.9955E-05 0.716917 9.9955E-05 9.9955E-05 0.0438592 9.9955E-05
0.23125 0.0262831 0.0720832 0.477543 9.9982E-05 9.9982E-05 0.180477 0.0121643
0.452722 9.9964E-05 9.9964E-05 0.256411 9.9964E-05 0.090231 0.200237 9.9964E-05
0.315724 9.9964E-05 0.220642 9.9964E-05 0.381018 9.9964E-05 9.9964E-05 0.0822161
0.51019 0.00247004 0.0554976 0.0130364 0.217524 9.9982E-05 9.9982E-05 0.201082
0.177413 9.9973E-05 0.184581 9.9973E-05 0.476019 9.9973E-05 0.0548983 0.106789
0.606393 0.0277514 0.0544476 9.9982E-05 0.168543 9.9982E-05 0.0840593 0.0586057
0.430879 0.0177219 0.137938 9.9991E-05 0.261308 0.0236347 0.0747563 0.053662
0.551017 0.091459 0.0532257 0.0454326 0.227411 9.9982E-05 9.9982E-05 0.0312543
0.24864 9.9973E-05 0.109488 9.9973E-05 0.503772 9.9973E-05 0.0384955 0.0993042
0.642866 0.0693909 9.9982E-05 0.0315625 0.109715 0.0145635 9.9982E-05 0.131702
0.471614 0.0335814 0.0278453 0.0487225 0.163047 0.0479998 9.9991E-05 0.207091
9.9946E-05 9.9946E-05 0.0261498 0.973251 9.9946E-05 9.9946E-05 9.9946E-05 9.9946E-05
9.9955E-05 0.0291796 0.0270706 0.94325 9.9955E-05 9.9955E-05 9.9955E-05 9.9955E-05
0.168282 9.9982E-05 9.9982E-05 0.630043 0.00274274 0.0333855 0.0733934 0.0919525
0.290689 0.0115826 0.0253555 0.671973 9.9964E-05 9.9964E-05 9.9964E-05 9.9964E-05
0.0628036 0.0497078 9.9964E-05 0.806297 9.9964E-05 9.9964E-05 9.9964E-05 0.0807923
9.994E-05 9.994E-05 9.994E-05 0.9993 9.994E-05 9.994E-05 9.994E-05 9.994E-05
9.9946E-05 0.0343043 9.9946E-05 0.965096 9.9946E-05 9.9946E-05 9.9946E-05 9.9946E-05
0.124544 9.9946E-05 9.9946E-05 0.874856 9.9946E-05 9.9946E-05 9.9946E-05 9.9946E-05
0.00368091 0.0369082 9.9964E-05 0.924252 9.9964E-05 9.9964E-05 9.9964E-05 0.0347587
9.994E-05 9.994E-05 9.994E-05 0.9993 9.994E-05 9.994E-05 9.994E-05 9.994E-05
9.9946E-05 9.9946E-05 9.9946E-05 0.983535 9.9946E-05 0.0158651 9.9946E-05 9.9946E-05
0.154052 0.0198705 9.9973E-05 0.750661 9.9973E-05 0.0455727 0.0295433 9.9973E-05
0.0861056 0.00067616 9.9982E-05 0.798372 9.9982E-05 0.00517084 0.0893789 0.0200968
9.9955E-05 0.00636487 9.9955E-05 0.967739 9.9955E-05 9.9955E-05 9.9955E-05 0.0253967
0.417506 0.0453898 0.070621 0.367273 9.9982E-05 0.0675856 0.0314241 9.9982E-05
0.204134 0.0314196 9.9982E-05 0.649737 0.0146372 0.0355427 9.9982E-05 0.0643292
0.184661 9.9964E-05 9.9964E-05 0.764461 0.0149795 0.0354979 9.9964E-05 9.9964E-05
0.0431632 9.9955E-05 9.9955E-05 0.874017 9.9955E-05 9.9955E-05 0.08232 9.9955E-05
0.0151634 0.00888316 9.9955E-05 0.975454 9.9955E-05 9.9955E-05 9.9955E-05 9.9955E-05
0.00391051 0.0487195 0.0169373 0.914536 0.00174752 0.013949 9.9982E-05 9.9982E-05
9.9946E-05 9.9946E-05 9.9946E-05 0.98296 9.9946E-05 0.0164403 9.9946E-05 9.9946E-05
0.188509 0.0691436 9.9973E-05 0.654683 9.9973E-05 0.0535472 9.9973E-05 0.0338171
9.9973E-05 9.9973E-05 0.00360425 0.911874 0.025552 9.9973E-05 0.0306569 0.0280131
9.9964E-05 9.9964E-05 0.0798049 0.0473216 0.612343 0.26013 9.9964E-05 9.9964E-05
0.479536 0.0899001 9.9982E-05 0.0399704 0.202757 0.110744 0.0768924 9.9982E-05
0.467556 9.9973E-05 9.9973E-05 0.0386946 0.27185 0.140101 9.9973E-05 0.0814996
0.243062 0.0291671 0.00593213 0.0783426 0.471715 0.15542 9.9991E-05 0.0162608
0.42238 0.0399966 0.0207874 0.0778485 0.17868 0.10356 0.0646093 0.0921375
0.186494 9.9991E-05 0.0348176 0.116152 0.384507 0.196709 0.0150662 0.0661539
0.453858 9.9991E-05 0.055164 0.0282551 0.143521 0.21585 0.0901324 0.0131197
0.239141 9.9982E-05 0.102627 0.211235 0.387745 0.0581784 9.9982E-05 0.000874099
0.505421 9.9973E-05 9.9973E-05 0.0990001 0.220902 0.155804 0.0185726 9.9973E-05
0.315152 9.9964E-05 9.9964E-05 0.231829 0.366425 0.0861948 9.9964E-05 9.9964E-05
0.510044 0.049706 0.0531153 0.0083483 0.146071 0.132374 0.100241 9.9991E-05
0.00809544 0.0774475 0.0254816 9.9973E-05 0.0496523 0.839023 9.9973E-05 9.9973E-05
0.020616 0.0269358 9.9973E-05 0.0262964 0.00667097 0.919181 9.9973E-05 9.9973E-05
9.9973E-05 0.0083397 9.9973E-05 9.9973E-05 0.024741 0.925427 0.0375253 0.00366751
0.00846038 0.0642764 0.0191974 9.9964E-05 9.9964E-05 0.907666 9.9964E-05 9.9964E-05
9.9955E-05 9.9955E-05 9.9955E-05 0.0129357 9.9955E-05 0.884865 0.1017 9.9955E-05
9.9964E-05 9.9964E-05 0.0327933 0.0921834 9.9964E-05 0.863405 0.0112187 9.9964E-05
0.0334701 9.9964E-05 9.9964E-05 0.0710242 9.9964E-05 0.867946 9.9964E-05 0.0271596
0.00347227 0.0224535 0.0514869 9.9973E-05 9.9973E-05 0.900123 9.9973E-05 0.022164
0.0509603 9.9964E-05 9.9964E-05 9.9964E-05 9.9964E-05 0.914193 0.0158484 0.0185985
0.0114266 9.9973E-05 9.9973E-05 0.0816581 0.020538 0.850943 0.0351346 9.9973E-05
9.9973E-05 0.0633187 0.0424674 9.9973E-05 9.9973E-05 0.596528 0.280236 0.0171506
9.9964E-05 0.164157 9.9964E-05 9.9964E-05 9.9964E-05 0.55863 0.252646 0.0241667
9.9964E-05 0.0699419 9.9964E-05 9.9964E-05 0.100342 0.516357 0.312959 9.9964E-05
9.9973E-05 0.0579504 9.9973E-05 9.9973E-05 0.0404206 0.491455 0.366509 0.0433649
0.435104 0.11254 9.9982E-05 0.046895 9.9982E-05 0.030296 0.146422 0.228544
0.47034 9.9973E-05 0.108483 9.9973E-05 9.9973E-05 0.0794365 0.0966269 0.244814
0.528811 0.0720781 0.000596327 9.9982E-05 0.0442936 9.9982E-05 0.181004 0.173018
0.425758 0.0275322 9.9973E-05 9.9973E-05 0.0610316 9.9973E-05 0.300054 0.185324
0.112976 0.271563 0.0559139 9.9973E-05 9.9973E-05 9.9973E-05 0.429187 0.13006
0.600041 9.9973E-05 0.036432 9.9973E-05 9.9973E-05 0.0964207 0.016609 0.250197
0.564745 0.0278959 0.0382226 9.9973E-05 9.9973E-05 9.9973E-05 0.0916386 0.277198
0.519127 0.0430863 0.0423693 0.0079449 0.0706927 9.9991E-05 0.0475851 0.269094
0.354335 9.9973E-05 0.0502518 0.0218358 0.0417335 9.9973E-05 9.9973E-05 0.531544
0.625172 0.10218 9.9973E-05 0.00913024 9.9973E-05 0.106879 9.9973E-05 0.156339
0.384127 0.0524849 0.114221 9.9982E-05 0.00603496 9.9982E-05 0.125474 0.317459
9.9964E-05 0.0633579 0.228676 9.9964E-05 0.00872373 9.9964E-05 9.9964E-05 0.698843
0.420466 0.116368 0.183819 0.0760432 0.0893725 9.9991E-05 0.0349626 0.0788692
0.277837 9.9973E-05 0.0586138 9.9973E-05 0.150497 9.9973E-05 0.0244995 0.488253
0.520037 9.9973E-05 0.0614479 9.9973E-05 9.9973E-05 0.0512257 0.0219976 0.344992
0.106736 0.0471255 9.9973E-05 9.9973E-05 9.9973E-05 0.0476161 0.175204 0.623019
9.9955E-05 0.787172 9.9955E-05 9.9955E-05 0.160434 0.0518941 9.9955E-05 9.9955E-05
0.0290674 0.744485 0.0244052 9.9973E-05 0.151144 0.0505987 9.9973E-05 9.9973E-05
0.0197902 0.878993 0.00345918 9.9964E-05 0.0973575 9.9964E-05 9.9964E-05 9.9964E-05
0.00107437 0.801724 0.0382244 9.9982E-05 0.0902746 0.0649388 9.9982E-05 0.00356425
0.0411918 0.773517 9.9964E-05 9.9964E-05 0.162284 9.9964E-05 0.0226073 9.9964E-05
0.0961115 0.803542 0.0430058 0.0359371 0.00914065 0.0120629 9.9982E-05 9.9982E-05
0.11156 9.9964E-05 0.00191478 9.9964E-05 9.9964E-05 0.876944 9.9964E-05 0.00918087
0.0384023 0.0607248 9.9973E-05 0.0963533 9.9973E-05 0.794274 0.00994597 9.9973E-05
0.145157 9.9973E-05 0.00167016 0.093876 9.9973E-05 0.751046 0.0079507 9.9973E-05
0.0220809 9.9982E-05 0.00219707 0.122195 0.00950799 0.719225 0.124594 9.9982E-05
0.0610232 0.00706714 9.9973E-05 0.0746238 9.9973E-05 0.78081 9.9973E-05 0.0761763
9.9964E-05 0.43285 9.9964E-05 9.9964E-05 0.0971294 0.365841 0.10378 9.9964E-05
9.9973E-05 0.351565 9.9973E-05 9.9973E-05 0.0639472 0.450749 0.0143755 0.119064
9.9964E-05 0.374864 0.0735749 9.9964E-05 9.9964E-05 0.464598 9.9964E-05 0.0865635
0.113724 9.9964E-05 9.9964E-05 0.0331116 9.9964E-05 0.783315 0.0694486 9.9964E-05
9.9955E-05 0.480763 9.9955E-05 9.9955E-05 9.9955E-05 0.40275 9.9955E-05 0.115988
0.223901 9.9973E-05 0.0912889 0.374708 0.133036 0.176766 9.9973E-05 9.9973E-05
0.469109 0.0108056 9.9973E-05 0.312939 9.9973E-05 0.160807 9.9973E-05 0.0460399
0.503121 9.9964E-05 9.9964E-05 0.275068 9.9964E-05 0.176846 0.0445659 9.9964E-05
0.374919 0.0154215 9.9982E-05 0.197693 0.163774 0.218272 9.9982E-05 0.02972
0.608279 0.0299952 9.9982E-05 0.126215 0.0524716 0.145031 9.9982E-05 0.0378076
9.9955E-05 9.9955E-05 9.9955E-05 0.327682 0.242527 0.429291 9.9955E-05 9.9955E-05
0.372814 0.156376 0.125876 9.9982E-05 0.0332654 9.9982E-05 0.21529 0.0961791
0.291672 0.168168 0.171423 0.00532036 0.108245 9.9991E-05 0.149072 0.106001
0.13047 0.142606 9.9973E-05 0.0141598 9.9973E-05 0.0366462 0.675818 9.9973E-05
0.402994 0.0527294 0.405669 0.000271382 0.000465238 9.9991E-05 0.0846528 0.0531174
9.9973E-05 0.0308489 0.352156 9.9973E-05 0.321012 9.9973E-05 0.121504 0.174179
0.435169 0.132701 0.0930011 0.0485008 0.0876647 0.0392125 0.141024 0.0227271
0.412138 0.068782 0.205998 0.019931 0.0485363 9.9991E-05 0.0970358 0.147479
0.272139 0.141764 0.0356323 9.9991E-05 0.00766516 0.0399958 0.425363 0.07734
0.490659 0.106395 9.9991E-05 0.0587718 0.000227296 0.103459 0.152014 0.088373
0.0480945 9.9973E-05 0.186723 9.9973E-05 0.223287 9.9973E-05 0.452419 0.0891758
0.490787 0.123276 0.171608 9.9982E-05 0.152928 9.9982E-05 0.0398611 0.021341
0.503739 0.194497 0.0472969 9.9982E-05 0.0639816 9.9982E-05 0.0745867 0.115699
0.29143 0.00815331 0.0317937 0.234377 0.0396047 0.160207 0.0483873 0.186046
0.344393 0.103126 0.18132 9.9982E-05 0.0390005 9.9982E-05 0.27096 0.0610007
0.435538 0.100701 0.135493 9.9982E-05 9.9982E-05 0.0187695 0.290673 0.0186256
0.414508 9.9982E-05 0.11665 0.125491 0.0370083 9.9982E-05 0.187402 0.11874
0.542197 0.139346 0.171319 9.9973E-05 0.064633 9.9973E-05 9.9973E-05 0.0822054
0.590309 0.13252 0.129634 0.0381139 0.00142028 9.9991E-05 0.0430577 0.0648453
0.553613 0.174089 0.00782697 9.9982E-05 9.9982E-05 0.125172 0.0939323 0.0451671
0.520599 0.129129 0.0300825 9.9982E-05 9.9982E-05 0.0929591 0.132295 0.094735
0.191691 9.9955E-05 9.9955E-05 0.0140568 9.9955E-05 0.793752 9.9955E-05 9.9955E-05
0.0581323 9.9973E-05 0.053325 0.0216555 9.9973E-05 0.864031 9.9973E-05 0.00255582
0.0637121 0.0349144 9.9973E-05 9.9973E-05 9.9973E-05 0.788038 0.0643471 0.0486886
9.9973E-05 0.0112113 0.0334117 0.0564814 9.9973E-05 0.831723 9.9973E-05 0.0668729
0.163626 9.9946E-05 9.9946E-05 9.9946E-05 9.9946E-05 0.835774 9.9946E-05 9.9946E-05
0.0654832 0.113918 9.9964E-05 0.0605246 9.9964E-05 9.9964E-05 0.759674 9.9964E-05
0.492223 0.00729538 0.190246 9.9982E-05 0.0616912 0.0119418 0.236403 9.9982E-05
0.458986 9.9991E-05 0.022266 0.142294 0.106288 0.169371 0.0265041 0.0741906
0.542294 0.0294975 0.0766429 0.0754786 9.9982E-05 9.9982E-05 0.239704 0.0361829
0.521083 0.0929584 9.9964E-05 9.9964E-05 9.9964E-05 0.0494322 0.336127 9.9964E-05
0.233186 0.182192 0.137528 0.0278831 0.0715859 0.0111974 0.336328 9.9991E-05
9.9973E-05 0.183046 9.9973E-05 9.9973E-05 0.106807 0.0992648 0.581822 0.0287608
0.455643 0.234615 0.0574466 0.0125897 0.0221621 9.9991E-05 0.190917 0.0265269
0.0664651 0.270439 0.193379 0.0742664 9.9991E-05 0.0222488 0.306802 0.0662992
0.345805 0.164021 0.0566851 0.0721529 0.207436 9.9991E-05 0.0434925 0.110308
0.00479348 0.16811 0.169454 0.0342888 9.9991E-05 0.12769 0.485657 0.00990616
0.524866 0.153354 9.9964E-05 0.16215 9.9964E-05 9.9964E-05 0.15923 9.9964E-05
0.0858621 0.108905 0.0595903 9.9973E-05 9.9973E-05 0.0876653 0.657678 9.9973E-05
0.357753 0.147075 0.098581 0.0343558 0.137749 0.0111823 0.195591 0.0177127
0.460373 0.0274054 0.116571 0.0469932 0.114361 0.00725407 0.189144 0.0378985
0.330447 0.0617934 0.0521697 9.9982E-05 0.480279 9.9982E-05 0.0388366 0.0362743
0.530413 0.0188229 9.9982E-05 9.9982E-05 0.187633 0.0296224 0.148026 0.0852833
0.546687 0.0486687 0.0550351 0.0880699 0.191411 9.9991E-05 0.0459141 0.0241139
0.367408 0.0983215 0.0781142 9.9973E-05 0.407125 9.9973E-05 9.9973E-05 0.048731
0.387734 9.9991E-05 0.0519461 0.0861789 0.154482 0.0588841 0.145352 0.115324
0.568441 0.0565616 0.0715593 9.9973E-05 0.281183 0.0219558 9.9973E-05 9.9973E-05
0.0745757 0.126824 0.182378 9.9973E-05 0.47537 9.9973E-05 9.9973E-05 0.140552
0.21147 0.0580223 0.0461117 9.9973E-05 0.570308 9.9973E-05 9.9973E-05 0.113788
0.463122 0.146708 0.15202 9.9973E-05 0.236244 9.9973E-05 9.9973E-05 0.00160573
0.166893 9.9973E-05 0.0928224 9.9973E-05 0.489382 9.9973E-05 0.110885 0.139717
0.476019 0.0694555 9.9973E-05 9.9973E-05 0.272735 9.9973E-05 0.0970738 0.084417
9.9982E-05 0.257686 9.9982E-05 0.0421327 0.0790105 0.0290356 0.476409 0.115526
0.190142 0.235789 0.336892 9.9982E-05 0.051241 9.9982E-05 0.116316 0.0694196
0.246182 0.12186 0.0589647 0.0792539 9.9991E-05 0.00739543 0.382711 0.103533
0.599582 0.0849835 0.00570744 0.0851503 0.00534483 0.0416882 0.16133 0.0162141
0.197483 0.211795 0.0394201 9.9973E-05 9.9973E-05 9.9973E-05 0.424532 0.12647
0.504801 0.10047 0.221136 0.0340778 0.0231025 0.10961 9.9991E-05 0.00670183
0.50145 0.159921 0.0558863 0.0636644 9.9991E-05 0.0671875 0.116695 0.0350949
0.416288 0.0812447 0.0461799 0.107896 9.9991E-05 0.0360472 0.231012 0.0812323
0.39342 0.156871 0.0640868 0.0821198 9.9982E-05 9.9982E-05 0.158102 0.1452
0.381389 0.256212 9.9982E-05 0.0882342 9.9982E-05 0.00775165 0.0824548 0.183759
0.119625 0.180879 9.9973E-05 0.0612545 9.9973E-05 9.9973E-05 0.453804 0.184138
0.280833 0.344787 9.9973E-05 0.09565 9.9973E-05 9.9973E-05 0.253155 0.0252755
0.595722 0.197757 0.0398884 0.0229642 9.9982E-05 9.9982E-05 0.0746092 0.0688596
0.432668 0.0709446 0.0801538 0.0548396 9.9991E-05 0.0995979 0.132329 0.129367
0.484332 0.19073 0.0988013 9.9991E-05 0.0938961 0.0362337 0.0559138 0.0399934
0.389516 0.185431 0.216654 0.175855 9.9973E-05 9.9973E-05 9.9973E-05 0.0322443
0.265886 0.270245 0.0343877 0.06085 0.0496527 0.0478242 0.253099 0.0180561
0.625919 0.11976 9.9982E-05 0.035416 0.00924674 9.9982E-05 0.166985 0.0424728
0.48511 0.141813 0.0510107 0.0732123 0.0327045 0.0121355 0.169868 0.0341456
0.348721 0.0537657 0.0416826 0.191789 9.9991E-05 0.0738318 0.0904554 0.199654
0.397407 9.9982E-05 9.9982E-05 0.0721517 0.0595944 0.318301 0.149647 0.00269956
0.346493 9.9991E-05 0.0723186 0.234222 0.0508933 0.136354 0.0983305 0.0612884
0.509043 9.9982E-05 0.0193394 0.13359 0.0818114 0.155255 9.9982E-05 0.100761
0.463512 0.0424282 0.16676 0.165044 9.9982E-05 0.0687571 0.0932986 9.9982E-05
0.389235 9.9982E-05 0.122147 0.216829 9.9982E-05 0.16096 0.0400841 0.0705459
0.420096 9.9982E-05 0.147938 0.0417543 0.123991 9.9982E-05 0.251375 0.0146459
0.418521 0.0625294 0.0580453 0.11853 9.9982E-05 0.187124 9.9982E-05 0.15505
9.9982E-05 9.9982E-05 0.0125969 0.178387 0.461996 0.182544 0.0446791 0.119597
0.511525 0.0403761 0.0421032 0.150141 0.0308923 0.0848943 0.139968 9.9991E-05
0.395435 0.0473601 0.191486 0.214572 9.9982E-05 0.124726 9.9982E-05 0.0262212
0.300463 0.041183 0.0922085 0.290105 9.9991E-05 0.0189783 0.186122 0.0708405
0.267572 0.0262477 0.0540849 0.145625 0.113983 0.13639 0.165123 0.0909727
0.529386 9.9982E-05 0.0446268 0.12414 0.0569228 0.194131 9.9982E-05 0.0505929
0.465378 9.9973E-05 0.0951017 0.225983 0.0890344 0.124203 9.9973E-05 9.9973E-05
9.9964E-05 9.9964E-05 0.0437142 0.175075 0.338899 0.441912 9.9964E-05 9.9964E-05
0.485271 9.9991E-05 0.0682177 0.164665 0.040617 0.167166 0.0236396 0.0503239
0.531845 0.0680036 0.0837309 0.134039 0.00313769 0.179045 9.9982E-05 9.9982E-05
0.503577 0.0389546 0.021823 0.146178 0.093997 0.0619958 0.0983788 0.0350961
0.560559 9.9973E-05 9.9973E-05 0.155961 0.0926301 0.180248 0.0103013 9.9973E-05
0.436492 0.0659771 0.0501696 0.161932 0.095201 0.127556 0.0467221 0.0159493
0.380292 0.0317662 0.422217 0.0549816 9.9982E-05 0.0493782 9.9982E-05 0.0611654
0.560763 9.9991E-05 0.234682 0.0168128 0.0671185 0.0662922 0.0221463 0.0320851
9.9964E-05 9.9964E-05 0.78159 9.9964E-05 0.00827225 9.9964E-05 0.14203 0.0677074
9.9964E-05 0.0187289 0.925324 9.9964E-05 0.0433964 0.0121506 9.9964E-05 9.9964E-05
0.41791 0.0792395 0.19146 0.0602383 0.0458352 9.9991E-05 0.0969835 0.108234
0.405847 9.9982E-05 0.113167 0.257808 0.05503 0.114177 0.05377 9.9982E-05
0.245561 9.9973E-05 0.323931 0.323051 0.00881807 0.0983397 9.9973E-05 9.9973E-05
0.108745 9.9991E-05 0.146287 0.326607 0.162511 0.176678 0.00256555 0.0765069
0.303363 9.9982E-05 0.218624 0.267967 0.0314091 0.15247 0.025967 9.9982E-05
0.0503608 9.9973E-05 0.767384 0.0737554 0.0643106 0.0438889 9.9973E-05 9.9973E-05
0.0320637 9.9982E-05 0.678355 0.154008 0.0709204 0.0531682 9.9982E-05 0.0112849
0.552739 0.0087779 0.332623 0.0663692 9.9973E-05 9.9973E-05 9.9973E-05 0.0391913
0.381909 9.9973E-05 0.448989 0.073698 9.9973E-05 0.0786611 0.0164423 9.9973E-05
0.106874 0.0195552 0.705121 0.12426 9.9973E-05 0.0438898 9.9973E-05 9.9973E-05
0.473052 9.9982E-05 0.236887 0.0882724 9.9982E-05 0.0667412 0.0450214 0.0898256
0.533067 0.0314521 0.341351 0.0865484 0.00579602 0.00158596 9.9982E-05 9.9982E-05
0.373154 9.9982E-05 0.230654 0.176037 9.9982E-05 0.0790684 0.131211 0.00967618
0.257432 0.0683413 0.62471 9.9964E-05 9.9964E-05 0.0491166 9.9964E-05 9.9964E-05
0.235762 9.9973E-05 0.541424 0.0557705 9.9973E-05 9.9973E-05 0.0441479 0.122596
0.531329 0.0500553 0.286649 9.9991E-05 0.00101127 0.0679088 0.00341811 0.0595289
0.355126 0.103828 0.351237 0.0364435 0.139801 0.0133644 9.9982E-05 9.9982E-05
0.445923 0.0261596 0.146691 0.0841671 0.05008 0.133541 0.0248697 0.0885692
0.398939 0.0410747 0.403687 9.9973E-05 0.0324221 9.9973E-05 0.123578 9.9973E-05
0.163036 0.0582643 0.736635 9.9964E-05 0.0416647 9.9964E-05 9.9964E-05 9.9964E-05
0.529227 9.9973E-05 0.266129 0.0374418 9.9973E-05 0.0153516 9.9973E-05 0.151551
0.136505 9.9964E-05 0.833129 0.00739414 9.9964E-05 9.9964E-05 9.9964E-05 0.0225719
0.36026 9.9973E-05 0.591983 9.9973E-05 0.0459002 0.000377879 0.00117917 9.9973E-05
0.576434 0.018429 0.266636 9.9991E-05 0.0384423 0.0176546 0.0475075 0.0347968
0.49818 0.00673951 0.275723 0.0250611 0.044343 9.9991E-05 0.0985453 0.0513086
0.509712 0.00642502 0.133805 0.0642286 0.0575046 0.174296 0.0539295 9.9991E-05
0.392455 0.0565785 0.169671 0.121794 9.9991E-05 0.124353 0.0402168 0.0948326
0.34591 0.0307369 0.101578 0.268013 0.110079 0.0803676 0.0632164 9.9991E-05
0.263841 0.0878585 0.0532713 0.229429 0.112136 0.154795 0.0681819 0.0304868
0.388874 0.0624046 0.0999696 0.20843 0.080765 0.127235 9.9991E-05 0.0322214
0.486426 0.0544499 0.116094 0.145328 0.0454718 0.15081 9.9991E-05 0.00131905
9.9964E-05 9.9964E-05 0.620613 0.137544 0.0778263 0.163617 9.9964E-05 9.9964E-05
0.516955 0.0614191 0.162473 0.182757 9.9973E-05 0.0760962 9.9973E-05 9.9973E-05
9.9964E-05 9.9964E-05 0.367806 0.0818087 0.210631 0.339354 9.9964E-05 9.9964E-05
0.39323 9.9973E-05 0.310864 0.246124 9.9973E-05 0.0136802 0.035801 9.9973E-05
0.0139652 9.9964E-05 0.71541 9.9964E-05 0.0295598 9.9964E-05 9.9964E-05 0.240665
9.9964E-05 9.9964E-05 0.903896 9.9964E-05 9.9964E-05 0.00453107 0.0362553 0.0549177
0.347229 9.9964E-05 0.455578 9.9964E-05 9.9964E-05 9.9964E-05 0.0995403 0.0972527
0.575873 9.9955E-05 0.37994 9.9955E-05 9.9955E-05 0.0436869 9.9955E-05 9.9955E-05
0.349348 9.9964E-05 0.558431 9.9964E-05 9.9964E-05 9.9964E-05 0.0442069 0.0476148
0.53123 0.0228364 0.411847 9.9964E-05 9.9964E-05 9.9964E-05 9.9964E-05 0.0336861
0.497813 0.00649318 0.477514 9.9973E-05 9.9973E-05 9.9973E-05 0.00665798 0.0112224
0.0553623 9.9973E-05 0.0809757 0.0517949 9.9973E-05 0.771027 9.9973E-05 0.0405405
9.9964E-05 0.160245 0.0496926 0.140573 9.9964E-05 0.64909 9.9964E-05 9.9964E-05
9.9964E-05 0.0115983 9.9964E-05 0.0281595 9.9964E-05 0.914417 0.0454253 9.9964E-05
0.0532127 9.9964E-05 0.00601478 9.9964E-05 0.00747349 0.932899 9.9964E-05 9.9964E-05
0.44848 0.0616475 0.0991366 0.0216068 9.9973E-05 9.9973E-05 9.9973E-05 0.36883
0.462503 0.0290845 0.0244296 0.00692692 0.0225686 0.0995976 0.00136501 0.353525
0.388527 9.9964E-05 0.00974384 9.9964E-05 9.9964E-05 9.9964E-05 0.191132 0.410197
0.549997 9.9982E-05 9.9982E-05 0.0299247 0.0756121 0.058428 0.0235884 0.262249
0.56917 0.181708 9.9982E-05 0.0216169 0.0667089 0.0551516 9.9982E-05 0.105444
0.232764 9.9973E-05 9.9973E-05 9.9973E-05 0.0827619 0.00572813 0.164194 0.514252
0.569504 9.9973E-05 0.0384479 0.0393231 9.9973E-05 9.9973E-05 0.0303276 0.322097
0.310283 9.9964E-05 0.0169407 9.9964E-05 0.107934 9.9964E-05 9.9964E-05 0.564443
0.451379 9.9973E-05 0.0939646 0.152043 9.9973E-05 0.225176 0.0771376 9.9973E-05
0.36461 0.0785356 0.0593826 0.0752815 9.9973E-05 9.9973E-05 9.9973E-05 0.421891
0.28489 0.07868 9.9964E-05 9.9964E-05 9.9964E-05 9.9964E-05 0.160872 0.475159
0.468508 9.9973E-05 0.101634 0.0500642 9.9973E-05 9.9973E-05 0.0197007 0.359793
0.323162 0.0619097 0.0460677 9.9982E-05 9.9982E-05 0.0240086 0.0785244 0.466127
0.55279 9.9955E-05 9.9955E-05 9.9955E-05 0.100555 9.9955E-05 9.9955E-05 0.346155
0.51586 9.9964E-05 0.00781965 9.9964E-05 9.9964E-05 0.0741487 9.9964E-05 0.401772
0.0486796 9.9955E-05 0.101222 9.9955E-05 9.9955E-05 9.9955E-05 9.9955E-05 0.849598
0.246771 9.9973E-05 0.0590823 9.9973E-05 0.0733431 9.9973E-05 0.119656 0.500848
0.30166 0.111758 9.9964E-05 0.00862748 9.9964E-05 9.9964E-05 9.9964E-05 0.577554
9.9946E-05 9.9946E-05 9.9946E-05 9.9946E-05 0.147107 9.9946E-05 9.9946E-05 0.852293
0.43075 0.108438 0.055079 0.00372723 9.9973E-05 9.9973E-05 9.9973E-05 0.401706
0.0706356 0.0547103 0.0668162 9.9973E-05 0.226311 9.9973E-05 9.9973E-05 0.581227
9.9964E-05 0.0426417 0.0596988 9.9964E-05 0.15478 9.9964E-05 9.9964E-05 0.742479
0.540181 0.0153399 0.162356 0.00553576 9.9982E-05 0.0155004 9.9982E-05 0.260886
0.200112 9.9982E-05 0.0342932 9.9982E-05 0.0273432 0.00127376 0.173026 0.563752
0.373184 0.0366239 9.9991E-05 0.01138 0.00757074 0.00904232 0.0899812 0.472118
0.616441 0.00281233 0.0853224 0.0241971 0.0144179 0.0471821 0.0605009 0.149126
0.514546 0.0638533 9.9973E-05 9.9973E-05 0.0666929 9.9973E-05 0.0547582 0.299849
0.273626 0.10104 0.138084 0.010143 0.164027 9.9991E-05 0.274015 0.0389646
0.517082 0.00994005 0.0996675 0.00871123 9.9982E-05 9.9982E-05 0.0368879 0.327511
0.407762 9.9964E-05 9.9964E-05 9.9964E-05 9.9964E-05 0.0597057 0.243881 0.288251
0.35524 0.03092 0.00290888 9.9982E-05 0.0734064 9.9982E-05 0.00671884 0.530606
0.524171 0.167872 9.9982E-05 0.013146 0.0587766 0.0580037 9.9982E-05 0.177831
0.00234512 0.190767 9.9973E-05 9.9973E-05 0.11012 0.609861 0.0866073 9.9973E-05
0.0710663 0.0845254 9.9982E-05 9.9982E-05 0.0215788 0.749807 0.0346545 0.0381679
9.9964E-05 0.104238 9.9964E-05 9.9964E-05 0.0624773 0.815663 9.9964E-05 0.0172222
0.0194061 0.136027 9.9982E-05 9.9982E-05 0.056757 0.768603 0.00591045 0.0130964
0.00831332 0.132884 9.9973E-05 9.9973E-05 0.0514553 0.730076 0.0769717 9.9973E-05
0.0616691 0.0331874 9.9982E-05 0.00236728 9.9982E-05 0.0174026 0.307542 0.577632
0.0983806 0.0215799 0.0394002 9.9982E-05 9.9982E-05 0.069849 0.210824 0.559766
0.136902 9.9964E-05 0.0477099 9.9964E-05 0.0475688 9.9964E-05 9.9964E-05 0.76742
0.49452 0.0232161 0.0730139 0.100822 0.0157172 0.158967 0.00810916 0.125634
0.472021 0.0729947 9.9991E-05 0.0764373 0.0998706 0.00585938 0.076245 0.196472
0.302116 9.9973E-05 0.0726093 0.00322727 0.0960294 9.9973E-05 9.9973E-05 0.525718
0.638984 0.000775017 0.00374905 0.0101747 9.9982E-05 9.9982E-05 0.0113226 0.334795
0.396359 9.9973E-05 0.0558112 0.0515381 9.9973E-05 0.0289754 9.9973E-05 0.467016
0.507851 9.9973E-05 0.0776285 9.9973E-05 0.030757 9.9973E-05 0.120104 0.26336
0.527213 0.0604277 9.9982E-05 0.0688144 0.0480363 0.00995732 9.9982E-05 0.285351
0.187288 0.0814412 9.9982E-05 0.0423084 0.00441755 9.9982E-05 0.105797 0.578548
0.334853 0.0431486 9.9973E-05 9.9973E-05 0.0209937 9.9973E-05 0.12881 0.471895
0.318207 0.0785816 9.9964E-05 9.9964E-05 9.9964E-05 9.9964E-05 0.093633 0.509179
0.583798 0.0688689 9.9982E-05 9.9982E-05 0.187498 0.0671207 0.0417351 0.0507796
0.325844 0.0280654 9.9973E-05 9.9973E-05 9.9973E-05 0.0205401 0.0680433 0.557207
0.462363 0.0375858 0.0183952 9.9982E-05 0.0129424 0.0223769 9.9982E-05 0.446137
0.318554 9.9973E-05 0.0470966 0.442131 9.9973E-05 0.0759543 9.9973E-05 0.115964
0.389644 9.9982E-05 0.0168437 0.369961 0.0838409 0.0873633 0.0521473 9.9982E-05
0.457148 9.9973E-05 0.0198322 0.345831 9.9973E-05 0.146031 9.9973E-05 0.0308586
0.32468 9.9964E-05 9.9964E-05 0.431901 0.123122 0.119897 9.9964E-05 9.9964E-05
0.429959 0.0729289 9.9973E-05 0.303546 0.0587055 0.13456 9.9973E-05 9.9973E-05
0.470063 9.9973E-05 9.9973E-05 0.0217969 0.172081 9.9973E-05 0.0607621 0.274997
0.00293167 9.9982E-05 0.00739074 0.648409 0.0257994 0.277916 9.9982E-05 0.0373533
0.343909 9.9973E-05 0.061832 0.412143 9.9973E-05 0.164296 0.0175204 9.9973E-05
0.39551 0.0229201 9.9982E-05 0.097678 0.203184 0.198196 9.9982E-05 0.0823119
0.611309 0.038319 9.9973E-05 9.9973E-05 0.130279 0.143627 0.0761657 9.9973E-05
0.427219 0.0598987 0.0288961 0.0119734 0.356364 0.0823826 0.0331655 9.9991E-05
0.651644 0.0685042 9.9964E-05 9.9964E-05 0.237899 0.0415526 9.9964E-05 9.9964E-05
0.585694 0.045355 9.9982E-05 0.0116736 0.134817 0.0823662 9.9982E-05 0.139895
0.34195 9.9973E-05 9.9973E-05 0.389946 0.00554519 0.224075 0.038184 9.9973E-05
0.349035 0.0387678 9.9973E-05 0.379553 9.9973E-05 0.183734 9.9973E-05 0.0486096
0.443526 0.0107524 9.9973E-05 0.423485 0.0218825 0.100054 9.9973E-05 9.9973E-05
0.464766 0.0175994 0.0283825 0.243926 0.0469645 0.0780543 9.9991E-05 0.120208
0.297509 9.9982E-05 9.9982E-05 0.470821 0.0567085 0.115024 0.017592 0.0421447
0.427379 9.9982E-05 0.0645967 0.284343 0.0989283 0.0891683 9.9982E-05 0.0353845
0.192404 9.9973E-05 0.0877076 0.564165 0.0464617 0.108962 9.9973E-05 9.9973E-05
0.465181 0.0442648 9.9982E-05 0.379399 0.0263916 0.00728738 0.077276 9.9982E-05
0.519746 0.0406577 9.9973E-05 9.9973E-05 0.43096 0.00723978 9.9973E-05 0.00109717
0.458063 0.054178 0.0491767 0.248545 9.9982E-05 0.0974802 9.9982E-05 0.0923572
0.208418 0.00838292 9.9973E-05 0.610498 9.9973E-05 0.135045 9.9973E-05 0.0373564
0.300017 0.0473373 0.126875 0.341972 9.9982E-05 0.113188 9.9982E-05 0.070411
0.206791 0.0677302 9.9973E-05 9.9973E-05 0.415053 0.0294619 0.280663 9.9973E-05
0.549187 9.9982E-05 0.0870255 0.0597564 0.141085 9.9982E-05 0.14771 0.015036
0.360636 9.9982E-05 0.0739184 0.261711 0.0308166 0.171912 0.100805 9.9982E-05
0.568996 0.0685905 9.9982E-05 0.0154867 0.116053 0.0898983 0.140776 9.9982E-05
0.510241 0.0814895 9.9982E-05 9.9982E-05 0.140118 0.142147 0.057017 0.0687877
0.299599 9.9991E-05 0.0412522 0.192362 0.0172569 0.20559 0.0759041 0.167936
0.264655 9.9982E-05 0.151296 0.291556 9.9982E-05 0.220774 0.0305922 0.0409265
0.516376 0.0877321 9.9982E-05 0.126971 0.137115 0.111313 9.9982E-05 0.0202932
0.171143 9.9991E-05 0.0289432 0.48514 0.0381767 0.0816296 0.167605 0.0272635
0.428566 9.9964E-05 0.0944251 0.425802 9.9964E-05 0.0508062 9.9964E-05 9.9964E-05
0.119329 9.9973E-05 0.0337436 0.621676 0.0415176 0.183434 9.9973E-05 9.9973E-05
0.582993 0.064583 9.9982E-05 0.0233667 0.190384 0.0679502 9.9982E-05 0.070523
0.455085 9.9973E-05 9.9973E-05 9.9973E-05 0.181726 0.0744705 0.184614 0.103805
0.237014 9.9964E-05 9.9964E-05 9.9964E-05 0.68204 0.0348923 9.9964E-05 0.0456542
0.633668 0.0472223 9.9973E-05 9.9973E-05 0.166334 0.0741549 9.9973E-05 0.0783201
0.390668 0.0996211 9.9982E-05 0.0320855 0.117458 0.083612 0.276355 9.9982E-05
0.40418 9.9982E-05 9.9982E-05 0.133916 0.122208 0.172488 0.0758572 0.0911506
0.512686 0.109034 0.0719975 9.9982E-05 0.114039 0.135218 9.9982E-05 0.0568245
9.9955E-05 9.9955E-05 9.9955E-05 0.213451 0.571062 0.214987 9.9955E-05 9.9955E-05
9.9955E-05 9.9955E-05 9.9955E-05 0.111935 0.665987 0.221578 9.9955E-05 9.9955E-05
