0.0252915 0.0899436 9.9973E-05 0.00573441 9.9973E-05 9.9973E-05 0.791564 0.0171097 0.0356033 0.0344541
0.0594871 0.0414677 0.00242531 0.00233443 9.9964E-05 0.0437103 0.850175 9.9964E-05 9.9964E-05 9.9964E-05
0.0610531 0.0625843 9.9946E-05 9.9946E-05 9.9946E-05 9.9946E-05 0.731131 9.9946E-05 9.9946E-05 0.144632
9.9964E-05 0.0575919 9.9964E-05 9.9964E-05 9.9964E-05 0.0254962 0.774965 0.0560116 0.00116399 0.0843715
9.9946E-05 9.9946E-05 9.9946E-05 0.0429983 9.9946E-05 0.0351264 0.853113 9.9946E-05 9.9946E-05 0.0681626
9.9973E-05 0.058154 0.0416925 0.0467743 0.212257 9.9973E-05 0.556146 9.9973E-05 0.0518015 0.0328751
9.9955E-05 0.10276 9.9955E-05 0.000468354 0.188497 9.9955E-05 0.697489 9.9955E-05 0.0102846 9.9955E-05
9.9955E-05 0.0453228 9.9955E-05 0.0326803 0.215655 9.9955E-05 0.614987 0.0908548 9.9955E-05 9.9955E-05
0.0705847 0.0246004 0.0279135 9.99549E-05 9.99549E-05 9.99549E-05 0.797235 0.0791665 9.99549E-05 9.99549E-05
0.0209451 0.0564873 9.9982E-05 0.106389 0.166594 0.0293478 0.581151 0.0203353 9.9982E-05 0.0185507
9.9955E-05 9.9955E-05 9.9955E-05 0.0188816 0.228237 9.9955E-05 0.710572 0.0394387 0.00237105 9.9955E-05
9.9955E-05 9.9955E-05 9.9955E-05 0.0306987 0.0460637 9.9955E-05 0.0261046 9.9955E-05 0.765065 0.131569
0.0217243 0.0379492 0.0583092 0.0540945 9.9973E-05 9.9973E-05 9.9973E-05 0.138251 0.262071 0.427301
0.0345572 9.9964E-05 9.9964E-05 0.0999424 9.9964E-05 9.9964E-05 0.0531502 0.00873006 0.733496 0.0697242
0.00326894 9.9955E-05 9.9955E-05 0.141807 9.9955E-05 9.9955E-05 0.0181376 9.9955E-05 0.685924 0.150363
9.9955E-05 9.9955E-05 0.0967274 0.119439 9.9955E-05 9.9955E-05 0.153025 9.9955E-05 0.378423 0.251886
0.0535018 9.9955E-05 9.9955E-05 0.163284 0.0653392 9.9955E-05 9.9955E-05 9.9955E-05 0.270557 0.446818
0.0373568 0.0528163 0.100181 0.0502547 0.0890364 9.9973E-05 9.9973E-05 9.9973E-05 0.32451 0.345545
0.0331049 9.9955E-05 9.9955E-05 0.0759024 9.9955E-05 9.9955E-05 0.0943876 9.9955E-05 0.586529 0.209577
9.9955E-05 0.048126 9.9955E-05 9.9955E-05 0.0656351 9.9955E-05 0.0553801 0.0160076 0.814351 9.9955E-05
9.9973E-05 9.9973E-05 0.0583246 0.0440034 9.9973E-05 0.115087 0.0678718 0.00185545 0.410099 0.302459
0.153053 0.041688 9.9964E-05 9.9964E-05 0.0655686 0.0700609 9.9964E-05 9.9964E-05 0.291262 0.377968
9.9955E-05 9.9955E-05 0.109518 9.9955E-05 0.100979 9.9955E-05 0.0225443 9.9955E-05 0.227041 0.539418
9.9964E-05 9.9964E-05 9.9964E-05 0.133524 0.0958434 0.0175397 0.0060663 9.9964E-05 0.667452 0.0791746
0.0388276 0.0512652 0.112618 0.135841 0.041834 0.0562413 0.0507474 0.0127385 0.0847406 0.415147
0.0491771 0.0116083 9.9955E-05 0.11479 9.9955E-05 9.9955E-05 9.9955E-05 9.9955E-05 0.442543 0.381382
9.9955E-05 0.0199859 9.9955E-05 0.107808 9.9955E-05 9.9955E-05 0.00045787 9.9955E-05 0.859295 0.0119537
9.9937E-05 9.9937E-05 9.9937E-05 0.222788 9.9937E-05 9.9937E-05 9.9937E-05 9.9937E-05 0.736924 0.0395883
9.9946E-05 9.9946E-05 9.9946E-05 0.0272274 9.9946E-05 9.9946E-05 0.0557484 9.9946E-05 0.829924 0.0865009
9.99201E-05 0.999101 9.99201E-05 9.99201E-05 9.99201E-05 9.99201E-05 9.99201E-05 9.99201E-05 9.99201E-05 9.99201E-05
9.99201E-05 0.999101 9.99201E-05 9.99201E-05 9.99201E-05 9.99201E-05 9.99201E-05 9.99201E-05 9.99201E-05 9.99201E-05
9.9946E-05 0.351805 9.9946E-05 0.0173319 9.9946E-05 9.9946E-05 0.489998 9.9946E-05 9.9946E-05 0.140266
9.9973E-05 0.312764 0.0489918 0.105132 0.000863585 9.9973E-05 0.483416 0.00533124 9.9973E-05 0.0432021
9.99896E-05 0.0075103 0.184083 9.99896E-05 0.135329 0.0371847 0.00097838 0.00114233 0.14677 0.486803
9.9973E-05 9.9973E-05 0.247763 0.145329 0.0141286 9.9973E-05 0.0114133 0.126191 0.0696243 0.385251
9.9955E-05 0.005618 0.372139 9.9955E-05 0.0897098 0.0248664 9.9955E-05 9.9955E-05 9.9955E-05 0.507167
9.999E-05 0.0282784 0.00541976 0.00483503 0.0554067 0.0572528 0.0410338 0.250003 0.459107 0.0985639
9.9946E-05 9.9946E-05 0.45255 9.9946E-05 0.156 9.9946E-05 9.9946E-05 0.0549334 9.9946E-05 0.335917
0.00683357 0.0244348 0.153947 0.0471564 9.9982E-05 0.0366433 0.0821192 9.9982E-05 0.169118 0.479548
9.9964E-05 0.0205719 0.11147 9.9964E-05 0.161406 0.0271256 0.0445286 9.9964E-05 9.9964E-05 0.634498
9.9964E-05 0.0335873 0.0405309 9.9964E-05 0.300014 9.9964E-05 9.9964E-05 0.0520186 0.0164408 0.557008
9.9973E-05 0.0164077 9.9973E-05 0.0157133 0.130844 9.9973E-05 0.0606893 0.0733044 0.146276 0.556465
9.9973E-05 0.0161296 0.528506 0.00260566 9.9973E-05 9.9973E-05 0.0237952 0.0294437 0.240246 0.158974
9.9973E-05 9.9973E-05 0.0128606 0.0281962 0.36745 0.0129884 0.00556949 9.9973E-05 0.0613755 0.51126
9.9973E-05 9.9973E-05 0.193396 0.0563015 0.0683642 0.0979631 0.0671966 0.0187517 9.9973E-05 0.497727
0.0949601 0.0481287 0.0448411 0.0508531 9.9973E-05 9.9973E-05 0.0376109 9.9973E-05 0.183459 0.539847
0.0371218 9.9946E-05 0.649822 9.9946E-05 9.9946E-05 0.0288875 9.9946E-05 9.9946E-05 9.9946E-05 0.283569
9.9982E-05 0.0230537 0.286479 0.0615486 0.0342259 9.9982E-05 0.0512966 0.00434421 0.0234056 0.515447
9.9973E-05 9.9973E-05 0.12529 0.0857543 0.033621 0.00386925 0.106222 9.9973E-05 0.133648 0.511296
0.209168 9.9946E-05 0.705118 9.9946E-05 0.0414272 0.0436878 9.9946E-05 9.9946E-05 9.9946E-05 9.9946E-05
0.0346823 9.9973E-05 0.157671 9.9973E-05 0.0237912 0.106932 9.9973E-05 0.205276 0.39486 0.0764861
0.16401 9.9964E-05 0.0650346 9.9964E-05 0.178919 0.176758 9.9964E-05 9.9964E-05 0.412789 0.00208919
9.9991E-05 0.009221 0.00466905 0.0923606 0.119356 0.0113577 0.0675555 0.0816092 0.176158 0.437612
9.9982E-05 0.0208724 9.9982E-05 0.0634543 0.0498519 0.137686 0.0718126 0.0182529 0.0855725 0.552297
0.110201 9.9973E-05 0.0667349 9.9973E-05 0.0521765 0.0630411 0.0488829 0.0791242 9.9973E-05 0.57954
0.0391506 9.9973E-05 0.198059 9.9973E-05 9.9973E-05 0.0882264 0.0889916 0.163273 0.230495 0.191505
0.0101963 0.0421771 0.019466 9.9973E-05 0.146761 9.9973E-05 9.9973E-05 0.188199 0.0718278 0.521073
0.0631426 9.9991E-05 0.0819738 0.043103 0.0445796 0.0343596 0.0759766 0.0359437 0.0973413 0.52348
9.9982E-05 0.0152729 0.0572436 9.9982E-05 0.161256 0.0573002 0.0706087 0.0873585 0.229192 0.321568
0.0929842 0.0400079 0.0760473 0.0442862 0.101024 9.9982E-05 0.14451 0.0170349 0.483905 9.9982E-05
0.0757629 0.0526686 0.167069 9.9973E-05 9.9973E-05 0.0120417 9.9973E-05 0.0211125 0.117676 0.553369
0.132874 9.9973E-05 0.0471406 9.9973E-05 9.9973E-05 0.0237466 0.0955368 0.0474567 0.279955 0.37299
9.9964E-05 0.0614201 0.0929322 9.9964E-05 0.0501536 9.9964E-05 0.0180069 0.0211504 0.755937 9.9964E-05
0.00498989 0.00336449 0.0586022 9.9973E-05 9.9973E-05 0.0602521 9.9973E-05 0.023623 0.403368 0.445501
0.100988 9.9964E-05 0.0435336 9.9964E-05 9.9964E-05 0.143902 9.9964E-05 0.0561419 0.0440087 0.611026
0.0322464 0.0398428 0.0268686 0.0583197 0.0778199 0.0836324 9.9991E-05 0.0325719 0.173573 0.475026
0.0782294 0.0299868 0.123071 0.0269431 9.9964E-05 9.9964E-05 9.9964E-05 9.9964E-05 0.518653 0.222717
0.0627759 0.00862332 0.0117203 0.013316 0.0485882 0.0926194 9.9982E-05 9.9982E-05 0.399806 0.362351
0.0352898 0.0263085 0.115638 0.00873482 0.0501138 0.00485778 0.0174722 0.108796 0.121688 0.5111
0.0151739 0.0688597 0.0388728 9.9982E-05 0.065201 0.0701593 9.9982E-05 0.0811527 0.548298 0.112083
9.9946E-05 9.9946E-05 0.432039 9.9946E-05 9.9946E-05 9.9946E-05 9.9946E-05 0.00653547 0.00839674 0.552429
9.9964E-05 0.00945637 0.561299 0.0129046 9.9964E-05 9.9964E-05 0.00119529 9.9964E-05 0.226728 0.188016
0.0304776 9.9982E-05 0.272539 0.0644163 9.9982E-05 0.038772 0.00652001 0.0392511 0.0371054 0.510719
0.0390489 0.0238174 0.0607987 0.0726885 9.9982E-05 9.9982E-05 0.0667718 0.0680972 0.120582 0.547996
0.0632686 9.9928E-05 0.935932 9.9928E-05 9.9928E-05 9.9928E-05 9.9928E-05 9.9928E-05 9.9928E-05 9.9928E-05
9.99463E-05 9.99463E-05 0.846808 9.99463E-05 9.99463E-05 0.0230573 0.00616245 9.99463E-05 0.123373 9.99463E-05
9.9937E-05 9.9937E-05 0.706759 9.9937E-05 9.9937E-05 9.9937E-05 9.9937E-05 0.0149088 9.9937E-05 0.277632
9.9946E-05 0.0259624 0.479226 9.9946E-05 9.9946E-05 9.9946E-05 9.9946E-05 9.9946E-05 0.0807027 0.413509
0.015869 0.00694738 0.146268 0.0564771 0.0428868 0.137105 0.0495654 0.0394414 0.0149227 0.490518
0.0822517 0.00465776 0.410489 9.9973E-05 9.9973E-05 9.9973E-05 0.0162398 0.0023454 0.111209 0.372507
9.9964E-05 9.9964E-05 0.526472 0.0337743 9.9964E-05 9.9964E-05 0.0322518 0.0543881 0.170656 0.182058
9.9946E-05 9.9946E-05 0.431031 9.9946E-05 9.9946E-05 9.9946E-05 9.9946E-05 0.21121 0.114284 0.242875
0.0162926 0.0898145 0.172872 0.0491476 9.9982E-05 9.9982E-05 0.0299195 0.0769606 0.0236939 0.541099
9.9973E-05 0.0125445 0.513199 0.0238292 9.9973E-05 0.00587997 0.0470585 9.9973E-05 0.123854 0.273335
9.9964E-05 0.0449779 0.420845 0.0180011 9.9964E-05 9.9964E-05 0.0110134 9.9964E-05 0.138545 0.366218
9.9955E-05 0.0152242 0.578995 9.9955E-05 0.0322219 9.9955E-05 0.0109459 9.9955E-05 9.9955E-05 0.362114
0.100587 9.9964E-05 0.780822 0.00889069 0.0995602 9.9964E-05 0.00621 0.00353029 9.9964E-05 9.9964E-05
9.9955E-05 9.9955E-05 0.230968 9.9955E-05 0.0164401 9.9955E-05 0.060571 0.0370503 9.9955E-05 0.654471
0.0367114 0.0493307 9.9955E-05 9.9955E-05 9.9955E-05 9.9955E-05 0.741443 9.9955E-05 0.0911536 0.0808615
0.0263174 0.143075 9.9946E-05 9.9946E-05 9.9946E-05 9.9946E-05 0.757454 9.9946E-05 9.9946E-05 0.0725543
0.0372698 0.13006 9.9955E-05 0.0142785 9.9955E-05 9.9955E-05 0.743679 9.9955E-05 9.9955E-05 0.074213
0.0823107 0.13581 9.9946E-05 9.9946E-05 9.9946E-05 9.9946E-05 0.752315 9.9946E-05 9.9946E-05 0.0289653
0.118322 0.102061 9.9955E-05 0.0203912 9.9955E-05 9.9955E-05 0.690687 9.9955E-05 9.9955E-05 0.0680384
0.0312366 0.103697 0.0166226 0.0837697 9.9955E-05 9.9955E-05 0.764174 9.9955E-05 9.9955E-05 9.9955E-05
0.00967043 0.0621441 9.9955E-05 0.00685175 9.9955E-05 9.9955E-05 0.84517 9.9955E-05 9.9955E-05 0.0756644
9.9964E-05 9.9964E-05 0.250483 0.0830406 9.9964E-05 9.9964E-05 0.131166 0.0615164 0.0224027 0.450991
9.9982E-05 0.0294552 0.12833 0.116872 9.9982E-05 0.0385455 0.0826101 0.0155706 0.00769633 0.58072
9.9955E-05 9.9955E-05 0.706735 9.9955E-05 9.9955E-05 0.0260716 0.0345341 9.9955E-05 0.212544 0.0196164
9.999E-05 0.013658 0.081579 0.134886 0.00512974 0.0788299 0.0603449 0.017631 0.0651554 0.542686
9.9964E-05 0.0187803 0.389804 0.00736906 9.9964E-05 9.9964E-05 0.00368915 9.9964E-05 0.14346 0.436498
9.9964E-05 0.0318334 0.233255 0.0149816 0.0132918 9.9964E-05 0.023295 9.9964E-05 9.9964E-05 0.682943
9.9964E-05 9.9964E-05 0.173865 9.9964E-05 0.0891855 0.102427 0.0240821 9.9964E-05 0.0609904 0.549051
9.9973E-05 0.0199184 0.322499 0.0882886 0.0243878 0.0151438 9.9973E-05 0.0764037 9.9973E-05 0.453059
9.9946E-05 9.9946E-05 0.685496 9.9946E-05 9.9946E-05 9.9946E-05 0.0792668 0.00398872 0.230649 9.9946E-05
0.0492389 0.0318172 0.141288 0.0276282 0.0138579 0.0236211 0.140102 0.05975 9.9991E-05 0.512597
0.0143047 0.0149999 0.192876 9.9982E-05 0.0596957 9.9982E-05 0.105319 0.00250485 0.0312446 0.578855
9.9982E-05 9.9982E-05 0.117954 0.0817077 0.101463 0.0233881 0.0296133 0.0931781 0.0947611 0.457735
0.0839662 0.0077311 0.536248 0.0282926 0.0153829 0.0951907 0.00988717 9.9982E-05 9.9982E-05 0.223101
9.9964E-05 9.9964E-05 0.394112 9.9964E-05 0.0464214 0.0368703 0.0280181 9.9964E-05 0.00205518 0.492123
0.04019 0.00756687 0.32308 9.9982E-05 9.9982E-05 0.0146454 0.0450529 0.0274702 0.117029 0.424766
9.9964E-05 0.0206568 0.583026 0.050793 0.0155954 9.9964E-05 9.9964E-05 0.0286216 9.9964E-05 0.300907
9.9973E-05 0.0213002 0.426688 9.9973E-05 0.00467727 9.9973E-05 0.0887662 0.0440322 0.0512745 0.362962
0.00215345 9.9973E-05 0.180861 0.0570552 0.092914 9.9973E-05 0.140603 9.9973E-05 0.0546712 0.471442
0.108662 9.9955E-05 9.9955E-05 9.9955E-05 9.9955E-05 0.231991 9.9955E-05 0.0987682 0.412758 0.14732
0.0280004 9.9991E-05 0.0838272 0.043096 0.0567539 0.0133517 0.131883 0.0146308 0.0796095 0.548747
9.9973E-05 0.0147091 9.9973E-05 0.0412935 0.191756 9.9973E-05 0.0464182 0.176456 0.175209 0.353857
9.9973E-05 0.0812199 9.9973E-05 9.9973E-05 0.0392692 0.13208 0.0318766 0.103207 0.0713753 0.540672
0.00746243 0.0180605 0.20883 0.0148322 9.9991E-05 0.0401869 0.0327642 0.0989326 0.000524925 0.578306
9.9955E-05 0.0465938 9.9955E-05 9.9955E-05 9.9955E-05 0.0981887 9.9955E-05 0.0688257 0.364429 0.421463
9.9946E-05 9.9946E-05 9.9946E-05 9.9946E-05 9.9946E-05 9.9946E-05 0.0405385 0.179165 0.117431 0.662266
0.00408142 9.9973E-05 0.044855 9.9973E-05 9.9973E-05 0.0781937 0.0395158 0.220786 0.211168 0.4011
0.0849516 0.0283972 0.0297732 9.9982E-05 9.9982E-05 0.0549679 0.0569804 0.125906 0.0314693 0.587355
0.0651379 9.9982E-05 0.0841956 0.0179507 0.0578114 9.9982E-05 0.0159764 0.201609 0.0291779 0.527941
9.9964E-05 0.0679544 0.0300307 9.9964E-05 0.107835 9.9964E-05 9.9964E-05 0.0706457 0.246715 0.476419
9.9955E-05 0.0570518 9.9955E-05 9.9955E-05 9.9955E-05 0.108229 9.9955E-05 0.101237 0.214675 0.518307
0.0699014 9.9982E-05 9.9982E-05 0.014773 0.107996 0.0767945 0.105461 0.00442543 0.0703213 0.550128
0.0775081 9.9982E-05 9.9982E-05 0.0404591 0.0566268 0.161759 0.0699852 0.0496687 0.0785229 0.46527
9.9964E-05 9.9964E-05 0.0317243 0.0393226 9.9964E-05 0.0793173 9.9964E-05 0.038278 0.32922 0.481738
0.0241258 0.0143878 9.9982E-05 0.0155179 0.106213 0.00825716 9.9982E-05 0.134008 0.153482 0.543808
0.0307369 0.0309715 0.0302834 0.0439379 9.9982E-05 0.172144 9.9982E-05 0.114307 0.146975 0.430445
0.166442 0.0567705 9.9973E-05 9.9973E-05 0.0474667 0.108674 9.9973E-05 0.0881234 0.231204 0.30102
0.0144957 0.0216932 0.0395506 0.0498423 9.9982E-05 0.122724 9.9982E-05 0.0340197 0.105783 0.611691
0.0580413 9.9955E-05 9.9955E-05 9.9955E-05 9.9955E-05 0.136795 0.0370281 0.0552187 9.9955E-05 0.712417
0.00305595 9.9982E-05 0.0512953 0.0136997 9.9982E-05 0.0809832 0.0449748 0.148224 0.431432 0.226135
0.190613 9.9964E-05 9.9964E-05 9.9964E-05 0.0332785 0.183857 9.9964E-05 0.125523 0.356376 0.109951
0.0454845 0.00160624 0.149447 0.0536222 9.9982E-05 9.9982E-05 0.00520291 0.173101 0.131158 0.440179
0.086274 9.9973E-05 0.158052 0.0443897 9.9973E-05 0.290368 9.9973E-05 0.203495 0.114771 0.10235
9.9982E-05 9.9982E-05 0.110896 0.00781938 0.0491141 0.0794167 0.0253409 0.093075 0.440177 0.19396
9.9964E-05 9.9964E-05 0.114745 9.9964E-05 9.9964E-05 0.0718336 0.0720657 0.148751 0.255262 0.336943
9.9973E-05 0.0433447 9.9973E-05 9.9973E-05 0.0494668 0.0639969 0.00861561 0.163338 0.398676 0.272262
9.9964E-05 9.9964E-05 0.0473464 9.9964E-05 9.9964E-05 0.0695189 0.00597809 0.200278 0.425177 0.251302
9.9991E-05 0.073208 0.00798777 0.0014456 0.100686 0.0402154 0.0904758 0.00791026 0.141697 0.536274
9.9982E-05 9.9982E-05 0.0824319 0.0653683 0.00811436 0.0536707 0.0910205 0.159503 0.0107778 0.528914
0.0635048 0.0353629 0.0409938 0.0156528 0.0711553 0.0365766 9.9991E-05 0.0754652 0.172046 0.489142
0.161094 9.9982E-05 0.00913549 0.016307 0.0668766 0.107362 9.9982E-05 0.137349 0.388789 0.112887
0.0668857 0.00730403 0.173588 9.9973E-05 0.0475713 9.9973E-05 0.151692 0.0748997 9.9973E-05 0.477759
9.9991E-05 0.0247766 0.115019 0.0376237 0.184753 0.0344874 0.10208 0.0326159 0.066034 0.402511
0.105141 9.9964E-05 9.9964E-05 9.9964E-05 0.4023 0.120072 0.126922 0.095566 0.149599 9.9964E-05
0.0377569 0.0340505 9.9973E-05 0.00693103 0.0559158 0.152189 9.9973E-05 9.9973E-05 0.113049 0.599808
0.226528 9.9973E-05 0.204072 9.9973E-05 0.0545484 0.027132 9.9973E-05 0.111297 0.0247357 0.351387
0.0898164 9.9964E-05 0.0626515 9.9964E-05 0.159969 9.9964E-05 0.126634 9.9964E-05 0.104818 0.455712
0.220952 0.0189299 0.0177954 9.9982E-05 0.286325 0.048074 9.9982E-05 0.0310942 0.127187 0.249443
9.9982E-05 0.0230238 0.0495366 9.9982E-05 0.447246 0.13241 0.0503693 0.0214656 0.17706 0.0986892
9.9964E-05 9.9964E-05 0.113236 9.9964E-05 0.135224 0.0947643 0.152911 9.9964E-05 0.045994 0.45747
9.9964E-05 9.9964E-05 0.0743572 9.9964E-05 0.249827 0.194145 0.0172013 0.0978374 9.9964E-05 0.366232
0.119603 0.00675553 0.0650134 9.9973E-05 0.129451 0.022605 9.9973E-05 9.9973E-05 0.200953 0.455318
9.9982E-05 0.0436794 0.140099 9.9982E-05 0.186721 0.0398498 0.107249 0.0528128 0.0795101 0.349879
0.0888211 0.0228645 0.0928321 0.0798881 9.9991E-05 0.122632 0.0981157 0.0457474 0.0451853 0.403814
0.153673 0.000579687 0.0509537 0.106651 0.00661018 9.9991E-05 0.0542889 0.0240014 0.0344037 0.568738
0.0885105 0.0258934 0.169403 0.0825781 0.25401 0.12955 0.0834909 9.9982E-05 0.166364 9.9982E-05
9.9982E-05 0.033126 9.9982E-05 0.077692 0.0252125 0.0558811 0.11645 0.0408897 0.14632 0.504228
0.0465229 0.0495229 0.0725773 0.0463763 0.0358704 0.085484 0.128781 9.9991E-05 0.0667477 0.468018
9.9946E-05 9.9946E-05 0.118357 9.9946E-05 0.289429 9.9946E-05 9.9946E-05 9.9946E-05 0.273684 0.317931
0.0292251 0.0189463 0.131691 9.9982E-05 0.0574374 0.13108 9.9982E-05 0.046375 0.165196 0.419849
0.0103321 0.0413391 0.109761 9.9982E-05 0.105485 0.109487 0.0729106 0.0129476 9.9982E-05 0.537538
9.9991E-05 0.057768 0.0488207 0.0525189 0.132653 0.076787 0.118615 0.0472772 0.0783773 0.387083
0.114736 0.0100969 0.0555027 0.145842 0.0257461 9.9991E-05 0.0930623 0.0163756 0.105333 0.433205
0.16254 0.0349795 9.9991E-05 0.248995 0.195554 0.0685478 0.215924 0.0187646 0.0142085 0.0403861
0.543132 9.9946E-05 9.9946E-05 0.0782429 0.0455015 9.9946E-05 0.332524 9.9946E-05 9.9946E-05 9.9946E-05
0.54454 0.0543107 9.9955E-05 0.0502068 0.178676 9.9955E-05 0.171767 9.9955E-05 9.9955E-05 9.9955E-05
0.329098 0.0278248 9.9973E-05 0.250861 0.00535058 9.9973E-05 0.220936 0.0400932 9.9973E-05 0.125536
0.057278 9.9955E-05 0.0867515 9.9955E-05 0.159692 0.0414373 9.9955E-05 9.9955E-05 9.9955E-05 0.654342
0.0124391 0.0318475 0.0435121 0.0650853 0.185026 0.0924384 9.9982E-05 9.9982E-05 0.0175707 0.551881
9.9937E-05 9.9937E-05 9.9937E-05 0.610895 9.9937E-05 9.9937E-05 9.9937E-05 9.9937E-05 0.100172 0.288234
0.0197953 0.0471381 9.9973E-05 0.332301 9.9973E-05 0.0263492 9.9973E-05 0.0288701 0.0871584 0.458088
0.0589029 0.0432369 0.00553924 0.312346 9.9991E-05 0.000620787 0.062029 0.0541257 0.113477 0.349622
9.9964E-05 0.0245823 0.0652067 9.9964E-05 0.452378 0.185754 9.9964E-05 9.9964E-05 0.0311393 0.240541
9.9973E-05 0.0379434 0.140149 9.9973E-05 0.147569 0.0390173 0.0588282 0.0907148 9.9973E-05 0.485478
0.0410352 9.9973E-05 0.0764092 0.0211407 0.488746 0.260171 9.9973E-05 0.0241466 9.9973E-05 0.0880518
0.0681336 9.9964E-05 0.139433 9.9964E-05 0.208493 0.057142 9.9964E-05 0.00800694 9.9964E-05 0.518392
9.9964E-05 9.9964E-05 9.9964E-05 0.0113044 0.228994 0.202248 0.0639643 9.9964E-05 0.0610836 0.432006
0.0192024 9.9964E-05 9.9964E-05 9.9964E-05 0.330316 0.114949 0.0158435 0.0467648 9.9964E-05 0.472525
0.0437839 0.0104973 0.15041 0.00799902 0.427202 0.156446 9.9982E-05 9.9982E-05 0.132059 0.0714024
0.113701 0.0315754 0.111675 9.9964E-05 0.0745835 9.9964E-05 9.9964E-05 9.9964E-05 0.0727333 0.595332
0.091555 9.9964E-05 0.0305679 9.9964E-05 0.219385 9.9964E-05 9.9964E-05 0.0533764 0.0100097 0.594706
9.9973E-05 0.0485467 9.9973E-05 0.120683 0.136607 0.117555 0.0709993 9.9973E-05 0.119514 0.385796
0.0382144 9.9982E-05 9.9982E-05 0.207169 0.00765287 0.0422204 0.0861786 0.0341798 0.178947 0.405239
9.9937E-05 9.9937E-05 0.000770873 0.956682 9.9937E-05 0.0418475 9.9937E-05 9.9937E-05 9.9937E-05 9.9937E-05
9.9955E-05 9.9955E-05 9.9955E-05 0.85067 9.9955E-05 0.00928122 9.9955E-05 0.0175555 0.0430846 0.0789093
9.9964E-05 0.00592122 0.0681059 0.543208 0.02874 9.9964E-05 9.9964E-05 9.9964E-05 0.0860101 0.267615
9.9946E-05 9.9946E-05 9.9946E-05 0.691843 9.9946E-05 0.0184197 9.9946E-05 0.0697937 9.9946E-05 0.219344
9.9955E-05 9.9955E-05 0.0825334 0.779437 0.00181905 9.9955E-05 9.9955E-05 0.0220871 9.9955E-05 0.113624
9.99201E-05 9.99201E-05 9.99201E-05 0.999101 9.99201E-05 9.99201E-05 9.99201E-05 9.99201E-05 9.99201E-05 9.99201E-05
9.9946E-05 9.9946E-05 9.9946E-05 0.949522 9.9946E-05 0.0403792 0.00856442 0.000934854 9.9946E-05 9.9946E-05
9.9946E-05 0.00844668 9.9946E-05 0.819017 9.9946E-05 0.00579805 9.9946E-05 9.9946E-05 9.9946E-05 0.166138
9.9946E-05 9.9946E-05 9.9946E-05 0.910633 9.9946E-05 9.9946E-05 9.9946E-05 0.00177622 0.0178745 0.0691167
9.9928E-05 9.9928E-05 9.9928E-05 0.998076 9.9928E-05 9.9928E-05 9.9928E-05 9.9928E-05 0.00112496 9.9928E-05
9.9928E-05 0.0128674 9.9928E-05 0.986333 9.9928E-05 9.9928E-05 9.9928E-05 9.9928E-05 9.9928E-05 9.9928E-05
9.9964E-05 0.0444596 0.0532886 0.776529 9.9964E-05 0.00803653 9.9964E-05 9.9964E-05 0.0724562 0.0448303
0.00408525 0.0141779 9.9973E-05 0.763141 9.9973E-05 9.9973E-05 0.0541649 0.0282328 0.0148872 0.121011
9.9937E-05 0.0269771 0.00636199 0.965961 9.9937E-05 9.9937E-05 9.9937E-05 9.9937E-05 9.9937E-05 9.9937E-05
0.0765751 0.0154957 0.00601717 0.495852 0.0133516 9.9991E-05 0.00386064 0.0608562 0.124922 0.202969
9.9964E-05 0.0187283 0.0151547 0.6227 9.9964E-05 9.9964E-05 0.0485196 0.106044 9.9964E-05 0.188454
0.0437916 0.018428 9.9964E-05 0.662924 9.9964E-05 0.00587406 0.090174 9.9964E-05 9.9964E-05 0.178409
9.9937E-05 9.9937E-05 9.9937E-05 0.862047 9.9937E-05 9.9937E-05 9.9937E-05 9.9937E-05 0.0336497 0.103603
9.9946E-05 9.9946E-05 0.0018134 0.991758 9.9946E-05 9.9946E-05 0.00263155 0.0031973 9.9946E-05 9.9946E-05
0.0429064 0.00912323 9.9946E-05 0.848896 9.9946E-05 9.9946E-05 9.9946E-05 9.9946E-05 9.9946E-05 0.0984746
9.9937E-05 0.00845068 9.9937E-05 0.985924 0.00492552 9.9937E-05 9.9937E-05 9.9937E-05 9.9937E-05 9.9937E-05
0.0453545 9.9973E-05 9.9973E-05 0.547983 0.0348944 9.9973E-05 0.0549461 0.0325392 0.0589023 0.225081
9.9964E-05 0.00827004 0.0236323 0.887223 9.9964E-05 0.0309327 9.9964E-05 0.0365044 0.0130376 9.9964E-05
0.221181 9.9946E-05 9.9946E-05 0.0165084 0.543698 9.9946E-05 0.218013 9.9946E-05 9.9946E-05 9.9946E-05
0.0395674 0.00411829 0.0491793 0.00492332 0.23503 0.0228205 0.182138 0.00536292 0.0665854 0.390275
0.0347098 0.00210934 9.9964E-05 0.125213 0.386859 9.9964E-05 0.171524 9.9964E-05 9.9964E-05 0.279184
0.161554 0.04256 0.0989742 0.057756 0.378745 9.9973E-05 0.11675 9.9973E-05 9.9973E-05 0.143361
0.0769839 0.00231207 9.9973E-05 0.117849 0.186539 9.9973E-05 0.0688792 0.108339 9.9973E-05 0.438799
0.19502 0.00101326 0.072587 0.133588 0.308361 9.9982E-05 0.0910802 9.9982E-05 0.101718 0.0964321
9.9982E-05 0.0811308 0.135335 0.0873913 0.0831062 0.00337075 0.166318 9.9982E-05 0.0994887 0.343659
9.9973E-05 9.9973E-05 9.9973E-05 0.0956615 0.219683 0.091488 0.149359 0.0455025 0.00636776 0.391639
0.0770354 9.9982E-05 0.0241274 0.121941 0.267429 0.0679505 0.130609 9.9982E-05 0.00707031 0.303637
0.0686723 0.0602503 9.9982E-05 0.109559 0.220348 0.0155748 0.0695459 9.9982E-05 0.0787603 0.377089
0.111352 0.0135806 9.9964E-05 0.140665 0.313903 9.9964E-05 0.128542 9.9964E-05 9.9964E-05 0.291558
9.9982E-05 0.048348 9.9982E-05 0.0882007 0.154707 0.111077 0.0460102 0.0326466 0.0810635 0.437748
0.0410744 0.017254 0.0296231 9.9973E-05 0.13424 9.9973E-05 0.205296 9.9973E-05 0.144153 0.42806
0.0620425 9.9955E-05 9.9955E-05 9.9955E-05 9.9955E-05 0.0501204 0.803865 0.0387514 9.9955E-05 0.0447204
0.127652 0.089528 9.9946E-05 0.0317761 9.9946E-05 9.9946E-05 0.750444 9.9946E-05 9.9946E-05 9.9946E-05
0.059955 0.0371506 0.0104718 9.9955E-05 9.9955E-05 9.9955E-05 0.842956 9.9955E-05 0.0489671 9.9955E-05
0.0100464 0.0540939 9.9964E-05 9.9964E-05 0.011947 9.9964E-05 0.896623 0.017906 9.9964E-05 0.00898407
0.0903726 0.0979859 9.9955E-05 0.00309996 9.9955E-05 9.9955E-05 0.731455 9.9955E-05 9.9955E-05 0.0765871
0.00872654 0.0531961 9.9955E-05 0.0784594 9.9955E-05 9.9955E-05 0.828911 9.9955E-05 0.0302075 9.9955E-05
9.9946E-05 9.9946E-05 9.9946E-05 0.0944477 9.9946E-05 9.9946E-05 0.863917 9.9946E-05 0.0180541 0.0229811
0.106556 0.0402954 9.9955E-05 9.9955E-05 0.00207695 0.049001 0.801571 9.9955E-05 9.9955E-05 9.9955E-05
0.0420525 0.0352448 9.9955E-05 9.9955E-05 9.9955E-05 0.0103524 0.852559 9.9955E-05 9.9955E-05 0.0592911
0.137807 0.0330085 9.9964E-05 0.040922 9.9964E-05 9.9964E-05 0.742296 9.9964E-05 0.00543667 0.0401297
9.9955E-05 0.0315658 9.9955E-05 9.9955E-05 9.9955E-05 0.14221 0.572231 0.0843244 0.169168 9.9955E-05
0.0322037 0.0310878 0.0150909 9.9973E-05 9.9973E-05 0.00167575 0.537884 0.195246 0.186512 9.9973E-05
0.053394 9.9955E-05 9.9955E-05 9.9955E-05 9.9955E-05 0.0155152 0.492645 0.0501983 0.387748 9.9955E-05
9.9955E-05 9.9955E-05 0.0127924 9.9955E-05 0.0784228 9.9955E-05 0.474814 0.0828564 0.350615 9.9955E-05
9.9973E-05 0.0263089 0.213172 9.9973E-05 9.9973E-05 0.0275318 0.0356152 0.0208044 0.184281 0.491987
9.9991E-05 0.0017079 0.192148 0.0186657 0.0758385 0.0912936 0.00561952 0.0521304 0.0508035 0.511693
9.9982E-05 9.9982E-05 0.167826 0.0226436 0.0126866 0.0595621 0.00975797 0.0578846 0.146324 0.523115
9.9955E-05 9.9955E-05 0.0937529 9.9955E-05 9.9955E-05 0.0842146 0.131043 0.0989826 9.9955E-05 0.591507
0.0278695 0.0306147 0.144233 9.9982E-05 0.0169692 0.0129378 9.9982E-05 0.139231 0.221908 0.406037
9.9964E-05 9.9964E-05 0.077198 9.9964E-05 0.0442005 0.0127288 9.9964E-05 0.176006 0.569206 0.120261
0.033193 9.9973E-05 0.179213 9.9973E-05 0.0289677 0.0524033 0.00505671 9.9973E-05 0.0298495 0.671016
0.0174464 9.9964E-05 0.291916 9.9964E-05 9.9964E-05 0.0121913 9.9964E-05 0.0708391 0.0574172 0.54979
0.0279712 9.9964E-05 0.244679 9.9964E-05 0.0831103 9.9964E-05 9.9964E-05 0.0066513 0.131722 0.505466
9.9946E-05 9.9946E-05 0.523192 0.0525717 9.9946E-05 9.9946E-05 9.9946E-05 0.0319386 9.9946E-05 0.391698
9.9982E-05 0.0043239 0.234423 0.0997869 0.0632609 0.0290625 0.022667 0.0737246 9.9982E-05 0.472551
9.9964E-05 0.0596031 0.378808 9.9964E-05 9.9964E-05 0.0173366 9.9964E-05 0.0592838 0.116538 0.36803
0.0127111 9.9955E-05 0.718087 9.9955E-05 0.0295156 0.189072 9.9955E-05 9.9955E-05 0.0501145 9.9955E-05
0.0462878 0.012983 0.0926832 0.0779436 0.0619159 0.0183678 0.023711 0.131128 0.0571738 0.477806
0.0576916 0.0194885 0.468968 9.9964E-05 0.102638 0.111065 9.9964E-05 9.9964E-05 9.9964E-05 0.239748
0.0304097 0.0348174 0.334816 9.9964E-05 9.9964E-05 0.0136534 9.9964E-05 9.9964E-05 0.070744 0.515159
9.9964E-05 9.9964E-05 0.606322 0.0107595 9.9964E-05 9.9964E-05 0.0436639 0.0589733 0.186823 0.0930582
0.0369437 9.9955E-05 9.9955E-05 0.00318607 0.019719 9.9955E-05 0.0663091 0.873342 9.9955E-05 9.9955E-05
9.9955E-05 9.9955E-05 9.9955E-05 0.00558529 0.0279258 9.9955E-05 0.0617085 0.887591 9.9955E-05 0.0166896
9.9937E-05 9.9937E-05 9.9937E-05 9.9937E-05 0.0159747 9.9937E-05 9.9937E-05 0.982457 9.9937E-05 0.000868315
9.9937E-05 9.9937E-05 9.9937E-05 9.9937E-05 0.0322391 9.9937E-05 0.0581948 0.908867 9.9937E-05 9.9937E-05
9.9946E-05 9.9946E-05 9.9946E-05 0.028225 0.0423507 9.9946E-05 9.9946E-05 0.883886 0.0449383 9.9946E-05
0.00302844 9.9955E-05 9.9955E-05 0.0813339 9.9955E-05 0.0179426 9.9955E-05 0.873942 9.9955E-05 0.0232537
9.9955E-05 0.0719944 0.0349419 0.0485754 9.9955E-05 9.9955E-05 0.791778 9.9955E-05 9.9955E-05 0.0522103
0.057564 0.0155398 9.9955E-05 9.9955E-05 9.9955E-05 9.9955E-05 0.75395 0.0608211 9.9955E-05 0.111625
9.9964E-05 0.0438501 9.9964E-05 0.0928447 0.0225591 9.9964E-05 0.721244 0.00757167 9.9964E-05 0.11153
9.9964E-05 0.0148498 9.9964E-05 0.142963 9.9964E-05 9.9964E-05 0.692043 0.0460495 0.086832 0.0168626
9.9955E-05 0.0367101 9.9955E-05 0.100055 0.0320128 9.9955E-05 0.719648 9.9955E-05 9.9955E-05 0.111075
9.9955E-05 9.9955E-05 0.0582181 9.9955E-05 0.0373383 9.9955E-05 0.369576 0.510361 0.0240064 9.9955E-05
9.9973E-05 0.00340405 0.10172 9.9973E-05 0.0238962 0.0840652 0.450764 0.317155 0.0186951 9.9973E-05
9.9973E-05 0.0175965 0.0160562 0.00119732 9.9973E-05 0.0793808 0.432433 0.447749 0.00528695 9.9973E-05
9.99201E-05 0.999101 9.99201E-05 9.99201E-05 9.99201E-05 9.99201E-05 9.99201E-05 9.99201E-05 9.99201E-05 9.99201E-05
9.9973E-05 0.0305294 0.116432 0.0106494 0.0313528 9.9973E-05 0.32879 0.456451 0.0254952 9.9973E-05
0.300655 9.9964E-05 9.9964E-05 0.293019 0.0468057 9.9964E-05 0.053934 0.0264143 9.9964E-05 0.278773
0.0332552 0.0391328 0.0368789 0.031032 9.9991E-05 0.000456788 0.115531 0.0609211 0.0123659 0.670326
0.0628507 0.00751031 9.9955E-05 0.222101 9.9955E-05 9.9955E-05 0.144426 9.9955E-05 9.9955E-05 0.562612
0.251575 9.9955E-05 9.9955E-05 0.129326 9.9955E-05 9.9955E-05 0.144716 9.9955E-05 0.00531619 0.468567
9.9973E-05 0.07736 0.0868661 0.0896149 0.0500829 0.103229 0.0905095 9.9973E-05 9.9973E-05 0.502037
0.376091 0.00316109 9.9955E-05 0.283062 0.0829828 9.9955E-05 0.254203 9.9955E-05 9.9955E-05 9.9955E-05
9.9973E-05 0.0190704 0.00910175 9.9973E-05 0.0473946 0.131292 9.9973E-05 0.0782733 0.27335 0.441218
0.0299119 9.9973E-05 0.114206 9.9973E-05 0.0825558 0.109256 9.9973E-05 0.134764 0.214602 0.314404
0.00129837 0.043906 9.9964E-05 9.9964E-05 9.9964E-05 9.9964E-05 0.0511815 0.0601134 0.662705 0.180396
0.114974 9.9973E-05 0.100059 9.9973E-05 0.0304581 0.178875 9.9973E-05 0.0830717 0.140865 0.351396
0.175323 9.9964E-05 0.242313 9.9964E-05 0.0134746 0.332923 9.9964E-05 0.054971 0.180596 9.9964E-05
0.0515122 0.0346379 0.096827 9.9982E-05 9.9982E-05 0.076825 0.0704389 0.0589854 0.121758 0.488816
9.9991E-05 0.03107 0.0436398 0.0247756 0.0433572 0.100121 0.0166678 0.0964852 0.218112 0.425671
0.0100054 0.0211665 0.0644072 9.9973E-05 0.034726 9.9973E-05 9.9973E-05 0.0784629 0.492246 0.298686
0.076348 0.0453761 0.0336323 9.9982E-05 9.9982E-05 0.0246687 0.0653957 0.127397 0.0308511 0.596131
0.129016 9.9964E-05 0.101187 9.9964E-05 0.0658098 0.179831 9.9964E-05 9.9964E-05 0.520051 0.00370504
9.9982E-05 0.00313378 0.0245585 0.149556 0.126777 0.16577 9.9982E-05 0.112664 0.112731 0.30461
9.9982E-05 0.025721 0.0610921 0.0170997 0.0304893 0.0239425 9.9982E-05 0.203888 0.162014 0.475552
0.108996 9.9973E-05 0.138872 0.154518 9.9973E-05 9.9973E-05 0.0645174 0.0290289 0.120176 0.383592
0.0609188 9.9964E-05 9.9964E-05 9.9964E-05 0.0212964 0.145678 9.9964E-05 0.112064 0.296029 0.363614
0.0449066 0.0109897 0.113016 9.9982E-05 9.9982E-05 0.0966679 0.0186348 0.174326 0.177181 0.364078
9.9982E-05 0.0173366 0.101443 0.0578722 0.093415 0.0644118 0.0325482 9.9982E-05 0.201394 0.431379
9.9964E-05 9.9964E-05 0.0459609 9.9964E-05 0.106904 0.100977 9.9964E-05 0.0652956 0.141765 0.538697
9.9982E-05 0.0131474 9.9982E-05 0.0363855 0.0393799 0.0994301 0.0360578 0.0537814 0.116094 0.605524
0.0496421 0.0247202 0.15016 0.138338 0.0251745 0.00720938 0.0149623 0.0949757 0.00663118 0.488186
0.069578 0.000239741 0.0686435 0.0488857 9.9991E-05 0.015933 0.0798925 0.0972657 0.120212 0.499249
9.9937E-05 9.9937E-05 9.9937E-05 0.0832395 9.9937E-05 9.9937E-05 0.774363 9.9937E-05 9.9937E-05 0.141698
9.9955E-05 9.9955E-05 0.029946 0.0632526 9.9955E-05 0.0138948 0.818342 9.9955E-05 9.9955E-05 0.0740649
0.0104424 9.9982E-05 9.9982E-05 0.0198892 0.00203379 0.0618457 0.801758 0.00661589 0.0466403 0.0505745
0.012775 0.0318415 0.0833933 0.0421831 9.9982E-05 0.0140266 0.766081 9.9982E-05 0.00374837 0.0457517
9.9937E-05 0.0611368 9.9937E-05 9.9937E-05 9.9937E-05 9.9937E-05 0.786443 9.9937E-05 9.9937E-05 0.15172
0.0652575 9.9964E-05 0.0205827 9.9964E-05 9.9964E-05 9.9964E-05 0.00391175 0.124128 0.649481 0.13624
0.0973689 9.9991E-05 0.0256592 0.0280758 0.00465821 0.133032 0.044607 0.101201 0.103128 0.46217
0.159003 0.00392676 9.9982E-05 0.0972614 0.179512 0.0215657 0.0757115 0.0404525 9.9982E-05 0.422368
0.00667128 0.0895299 9.9973E-05 9.9973E-05 9.9973E-05 0.0453457 0.00115396 0.0873496 0.146859 0.622791
0.0447246 9.9964E-05 0.122304 9.9964E-05 9.9964E-05 9.9964E-05 0.0227936 0.0294884 0.29392 0.48637
0.124869 9.9973E-05 9.9973E-05 0.015243 0.0761011 0.16574 9.9973E-05 0.177191 0.295481 0.145075
0.0979584 0.0110245 0.072857 9.9964E-05 9.9964E-05 9.9964E-05 0.0590421 0.215112 0.543606 9.9964E-05
0.0265175 0.0394111 0.0460806 0.0206764 0.0562608 0.0708084 0.0090374 0.142272 0.154448 0.434488
9.9973E-05 0.0270293 9.9973E-05 0.0252166 9.9973E-05 0.170631 0.0730828 0.206676 0.369804 0.12726
0.046785 0.0299901 0.0760779 0.0224944 0.0821106 0.0772197 0.012317 0.178636 0.127347 0.347022
0.0335264 9.9964E-05 9.9964E-05 9.9964E-05 9.9964E-05 0.0824274 0.124848 0.118138 0.558428 0.0822321
0.0321674 0.036563 0.00883831 9.9991E-05 0.0315797 0.0142601 0.069559 0.133313 0.109788 0.563831
9.9973E-05 0.00873536 9.9973E-05 9.9973E-05 0.0214839 0.0567876 0.0855612 0.114676 0.533269 0.179188
0.0230513 0.0107755 0.129262 9.9973E-05 0.123467 9.9973E-05 0.136321 0.0107372 9.9973E-05 0.566086
0.00396416 9.9973E-05 9.9973E-05 0.0506594 0.121394 0.120024 9.9973E-05 0.174261 0.21619 0.313207
9.9982E-05 0.00827053 0.101425 0.0645462 0.260213 0.0616091 0.00871684 0.0934197 9.9982E-05 0.4016
9.9955E-05 9.9955E-05 9.9955E-05 0.081435 0.622439 0.0944811 9.9955E-05 9.9955E-05 0.10634 0.0948046
0.0567944 9.9955E-05 0.0537939 9.9955E-05 0.352712 9.9955E-05 9.9955E-05 9.9955E-05 0.0275235 0.508677
0.0817955 0.0104206 9.9973E-05 0.0316163 0.175868 9.9973E-05 0.0399447 0.0443843 9.9973E-05 0.615671
0.0103918 9.9973E-05 0.0387866 9.9973E-05 0.648205 0.0468417 9.9973E-05 0.0196717 0.0111459 0.224657
0.0706401 0.0688388 0.0475161 0.0792751 0.0190683 0.0895646 0.0401101 0.164046 0.0148386 0.406103
0.0355103 0.00514091 0.0923982 0.0444126 0.307642 9.9991E-05 0.0242498 0.0431644 0.0111085 0.436273
0.0238024 0.0270042 0.191087 9.9973E-05 0.205968 0.0226911 9.9973E-05 0.0813968 9.9973E-05 0.447751
0.00217825 9.9955E-05 0.149091 9.9955E-05 0.65105 0.100402 9.9955E-05 0.0967789 9.9955E-05 9.9955E-05
0.0515985 9.9964E-05 0.162823 9.9964E-05 0.567659 0.0613337 9.9964E-05 0.0532748 9.9964E-05 0.102911
9.9964E-05 9.9964E-05 0.12566 9.9964E-05 0.331147 0.0819705 0.0388384 0.0348475 9.9964E-05 0.387137
0.0807597 9.9982E-05 0.0358671 0.072844 0.15046 9.9982E-05 0.137395 0.00189016 0.0940308 0.426553
9.9964E-05 0.034603 0.136373 9.9964E-05 0.581697 0.148618 9.9964E-05 9.9964E-05 0.0867418 0.0115664
9.9955E-05 9.9955E-05 0.0812347 9.9955E-05 0.371894 9.9955E-05 9.9955E-05 0.0420933 0.098352 0.405926
0.027023 0.0480765 0.169173 0.00175942 9.9982E-05 0.0329459 9.9982E-05 0.205144 0.472752 0.0429266
0.0838032 9.9964E-05 0.0722025 9.9964E-05 9.9964E-05 0.210824 9.9964E-05 0.184032 0.222262 0.226476
0.0530121 0.0236244 0.0519002 9.9973E-05 9.9973E-05 0.0433747 9.9973E-05 0.117544 0.35177 0.358475
0.0930866 0.0274105 9.9973E-05 9.9973E-05 0.0484565 0.00275004 9.9973E-05 0.0792918 0.155043 0.593662
9.9955E-05 9.9955E-05 0.0525695 9.9955E-05 0.0713377 9.9955E-05 9.9955E-05 0.209314 0.496568 0.169711
0.0842708 9.9973E-05 9.9973E-05 0.158163 0.0100352 0.162201 0.0488073 0.168962 9.9973E-05 0.367261
0.109917 0.0716464 0.0621716 9.9973E-05 9.9973E-05 0.0394974 9.9973E-05 0.0601307 0.0298086 0.626528
0.0440276 9.9991E-05 0.0548283 0.0545082 0.0181944 0.0123529 0.00813497 0.129281 0.257621 0.420952
9.9973E-05 0.0017024 0.0339776 0.0676972 9.9973E-05 0.0494094 9.9973E-05 0.137371 0.244087 0.465455
9.9973E-05 9.9973E-05 0.0911826 0.0106708 0.0340229 9.9973E-05 0.0197971 0.227828 0.174098 0.4421
9.9964E-05 0.0140958 0.0984078 0.0796542 9.9964E-05 9.9964E-05 9.9964E-05 0.203718 0.42598 0.177745
9.9973E-05 9.9973E-05 0.081399 0.103102 0.0394794 0.0642519 9.9973E-05 0.220538 0.224024 0.266905
0.0660456 9.9955E-05 0.0524773 9.9955E-05 9.9955E-05 9.9955E-05 9.9955E-05 0.120504 0.248626 0.511848
0.0272619 0.021403 0.122841 0.0501937 9.9973E-05 9.9973E-05 9.9973E-05 0.0666135 0.139777 0.571609
0.118659 0.0340306 0.101803 9.9973E-05 9.9973E-05 0.100191 9.9973E-05 0.229422 0.0632367 0.352358
0.0363283 0.00554973 9.9964E-05 9.9964E-05 9.9964E-05 0.154818 9.9964E-05 0.204654 0.0507927 0.547457
0.0819598 0.0211571 9.9973E-05 9.9973E-05 0.0387566 9.9973E-05 0.0430843 0.198754 0.253053 0.362935
0.0405771 9.9946E-05 9.9946E-05 9.9946E-05 9.9946E-05 9.9946E-05 9.9946E-05 0.133353 0.219838 0.605632
0.0177485 9.9973E-05 0.0749311 0.0722007 9.9973E-05 0.0691257 9.9973E-05 0.163192 0.18435 0.418152
0.0831966 0.0070724 0.0553887 0.0652287 9.9991E-05 0.105989 0.0528115 0.130969 0.0218461 0.477398
0.077582 0.0474668 9.9973E-05 0.0408817 0.0391401 9.9973E-05 0.290487 9.9973E-05 0.0342055 0.469937
0.0822996 0.0150181 0.0498918 0.185804 9.9982E-05 9.9982E-05 0.0817724 0.00384944 0.0573804 0.523784
0.104935 0.0466606 0.0681092 0.133051 9.9982E-05 0.0127132 0.0347459 9.9982E-05 0.137417 0.462168
0.0146449 0.0381262 9.9982E-05 0.151319 0.0710962 0.0118999 9.9982E-05 0.0846978 0.0863078 0.541709
9.9982E-05 0.0313328 0.124156 0.25567 0.0413464 0.0151149 0.0854735 9.9982E-05 0.0823557 0.364351
0.046688 9.9964E-05 9.9964E-05 9.9964E-05 0.0817553 0.112665 9.9964E-05 0.0656163 0.312009 0.380866
0.0979704 0.00138726 9.9982E-05 0.00967754 0.0034307 9.9982E-05 0.166484 0.0727463 0.0225451 0.625559
0.298604 9.9973E-05 0.12537 0.0740582 0.255371 0.0210511 0.129639 9.9973E-05 0.0956065 9.9973E-05
0.0847866 9.9964E-05 0.0828073 0.11866 9.9964E-05 9.9964E-05 0.0385082 9.9964E-05 0.212741 0.462097
0.00947374 0.0483335 0.0775154 0.113471 9.9991E-05 0.0134128 0.0871876 0.0182823 0.0853527 0.546871
0.0735156 0.0787037 9.9991E-05 0.148729 0.0441414 0.0493159 0.0345744 0.0906469 0.024736 0.455537
0.138008 0.107196 0.0920119 0.158681 0.0915011 0.0428569 0.0160006 0.105739 0.0793321 0.168673
0.0136539 9.9982E-05 0.0417681 0.104768 0.159058 9.9982E-05 0.160583 0.0383928 0.0143118 0.467265
0.0186936 0.0445074 9.9973E-05 0.214704 0.0963701 9.9973E-05 0.0302053 9.9973E-05 0.124091 0.471128
0.586666 0.0559225 0.0257101 0.106997 9.9955E-05 9.9955E-05 0.224205 9.9955E-05 9.9955E-05 9.9955E-05
0.0758547 0.125426 0.0311106 0.186121 0.000266947 9.9991E-05 0.0416932 0.0396705 0.0298296 0.469928
0.114877 9.9964E-05 9.9964E-05 0.135938 9.9964E-05 9.9964E-05 0.133364 0.0830662 0.0110423 0.521313
9.9982E-05 0.0642044 0.00943039 0.109041 0.158591 9.9982E-05 0.00139966 0.0442296 0.114165 0.49874
0.199741 9.9955E-05 9.9955E-05 0.0784435 9.9955E-05 9.9955E-05 0.117385 9.9955E-05 0.0321307 0.571801
9.9982E-05 0.053429 0.0123527 0.156319 0.0221486 0.0977051 0.184039 0.0616533 9.9982E-05 0.412154
9.9973E-05 0.0485146 0.0854811 0.0443747 0.148085 0.287452 9.9973E-05 0.0115845 9.9973E-05 0.374208
0.0592833 9.9973E-05 9.9973E-05 0.0620307 0.119736 0.175478 0.0307666 9.9973E-05 0.123862 0.428544
9.9955E-05 9.9955E-05 0.0196916 9.9955E-05 0.0207047 0.808227 9.9955E-05 0.00305368 0.147823 9.9955E-05
0.117497 0.0489553 0.0660353 0.0244599 9.9991E-05 0.0852908 0.0141036 0.0685099 0.0670859 0.507962
0.0372772 0.111611 0.091699 0.0730365 0.101329 0.0450332 0.0606272 0.0206934 9.9991E-05 0.458593
9.9964E-05 9.9964E-05 0.0312966 9.9964E-05 0.0270478 0.776812 0.0397931 0.0936675 0.0309831 9.9964E-05
9.9955E-05 0.0627814 9.9955E-05 0.0510626 9.9955E-05 0.241635 9.9955E-05 9.9955E-05 0.216811 0.42721
0.102908 9.9982E-05 0.0523975 9.9982E-05 0.0234532 0.0209684 0.0745269 0.0942543 0.172184 0.459108
0.0389459 9.9973E-05 9.9973E-05 0.289421 0.0443956 0.0359317 0.106523 0.0622557 9.9973E-05 0.422227
0.183559 9.9955E-05 9.9955E-05 0.271018 9.9955E-05 0.163331 0.00795876 9.9955E-05 9.9955E-05 0.373633
0.196344 9.9982E-05 0.0688014 0.2363 0.0273645 0.19498 0.114305 9.9982E-05 0.00144172 0.160263
0.15849 0.0770713 9.9964E-05 0.218839 9.9964E-05 0.18359 0.0546057 9.9964E-05 9.9964E-05 0.307004
0.0535886 0.0859727 0.0861004 0.0156489 9.9982E-05 0.0368935 0.0942431 0.0370013 9.9982E-05 0.590352
0.219997 9.9955E-05 9.9955E-05 0.0641912 9.9955E-05 0.672759 0.0377057 9.9955E-05 9.9955E-05 0.00484741
0.040216 0.0549263 9.9964E-05 0.0597799 9.9964E-05 0.613123 0.0779251 9.9964E-05 9.9964E-05 0.15363
9.9964E-05 0.0381014 0.0414808 0.101873 9.9964E-05 0.309995 9.9964E-05 0.0295154 9.9964E-05 0.478634
9.9955E-05 0.0022338 9.9955E-05 0.101933 9.9955E-05 0.413686 0.0667099 9.9955E-05 9.9955E-05 0.414937
9.9955E-05 0.0185488 9.9955E-05 0.0475998 9.9955E-05 0.656361 0.058978 9.9955E-05 9.9955E-05 0.218013
0.0331728 9.9973E-05 9.9973E-05 0.0560582 0.0111003 0.258033 0.0654732 9.9973E-05 0.0411052 0.534758
9.9955E-05 9.9955E-05 9.9955E-05 0.0744463 9.9955E-05 0.36848 0.0497189 0.00711303 9.9955E-05 0.499742
0.0695156 0.0293351 0.0788445 0.0918042 9.9973E-05 0.23153 0.101988 9.9973E-05 9.9973E-05 0.396683
9.9973E-05 9.9973E-05 0.01608 9.9973E-05 0.00747326 0.513438 0.0222163 0.0815763 0.0137692 0.345148
9.9955E-05 9.9955E-05 0.00997166 0.0564119 9.9955E-05 0.548589 9.9955E-05 9.9955E-05 0.135888 0.24864
0.0749497 0.0185118 0.0875153 0.0703265 0.183701 9.9982E-05 0.0656322 9.9982E-05 0.133977 0.365187
0.0362434 0.00641556 0.0835226 0.0216117 0.0142128 0.304355 9.9991E-05 0.0273082 0.0243179 0.481913
9.9982E-05 0.051358 9.9982E-05 0.06549 0.00357603 0.352222 0.0429249 0.147724 0.00807589 0.328429
