9.9955E-05 9.9955E-05 0.181293 9.9955E-05 0.717969 0.0407297 9.9955E-05 0.02501 9.9955E-05 0.0344984
9.9946E-05 9.9946E-05 0.370133 9.9946E-05 0.583393 0.0188568 0.0270176 9.9946E-05 9.9946E-05 9.9946E-05
9.9973E-05 0.0519267 0.210843 0.0295524 0.582611 0.061123 9.9973E-05 0.0139794 0.0496644 9.9973E-05
9.9973E-05 9.9973E-05 0.175878 0.0320571 0.634934 0.0348505 9.9973E-05 0.0328053 0.0238131 0.0653624
9.9955E-05 9.9955E-05 0.298835 0.0294017 0.659853 9.9955E-05 9.9955E-05 9.9955E-05 0.00835151 0.00305838
0.0504516 9.9973E-05 0.210744 9.9973E-05 0.472025 0.0238815 0.175828 9.9973E-05 0.0540669 0.0127036
9.9946E-05 0.0525876 9.9946E-05 9.9946E-05 0.845687 0.0354091 0.0657171 9.9946E-05 9.9946E-05 9.9946E-05
0.0507446 9.9955E-05 9.9955E-05 9.9955E-05 0.742526 0.00627906 0.153861 9.9955E-05 0.0460893 9.9955E-05
9.99639E-05 0.0744267 0.375477 9.99639E-05 0.417698 0.0117344 9.99639E-05 9.99639E-05 0.0518604 0.068404
9.9964E-05 9.9964E-05 9.9964E-05 0.0610646 0.701679 0.034664 0.192336 9.9964E-05 0.00515397 0.00470267
0.0466523 0.00438608 0.0720796 9.9973E-05 0.698603 9.9973E-05 0.11702 9.9973E-05 0.00380808 0.0571513
0.0455617 0.00281879 0.0160729 0.0716179 9.996E-05 9.996E-05 9.996E-05 0.834715 0.0288134 9.996E-05
9.996E-05 0.0674422 9.996E-05 0.0539842 0.0323822 0.0131584 0.0182992 0.814334 9.996E-05 9.996E-05
9.994E-05 0.0625622 9.994E-05 0.06779 0.109719 9.994E-05 9.994E-05 0.759329 9.994E-05 9.994E-05
9.9973E-05 0.0173859 0.0194659 9.9973E-05 9.9973E-05 0.0119705 0.0201406 0.847898 0.00299176 0.0798474
0.0316207 9.9964E-05 0.0655624 0.123943 9.9964E-05 0.00604409 9.9964E-05 0.752752 0.0196777 9.9964E-05
9.994E-05 9.994E-05 9.994E-05 0.0769399 0.0235276 0.00941672 9.994E-05 0.889516 9.994E-05 9.994E-05
9.9955E-05 0.0860356 9.9955E-05 0.10326 0.029342 9.9955E-05 9.9955E-05 0.756166 9.9955E-05 0.0246965
0.0844835 0.0318544 9.9955E-05 0.0168605 0.0536929 9.9955E-05 9.9955E-05 0.812609 9.9955E-05 9.9955E-05
9.99201E-05 9.99201E-05 9.99201E-05 9.99201E-05 9.99201E-05 0.999101 9.99201E-05 9.99201E-05 9.99201E-05 9.99201E-05
9.99201E-05 9.99201E-05 9.99201E-05 9.99201E-05 9.99201E-05 0.999101 9.99201E-05 9.99201E-05 9.99201E-05 9.99201E-05
0.0692924 0.0256282 0.161716 0.00646069 0.365049 0.360657 9.9982E-05 0.0108731 9.9982E-05 0.000124328
0.0252949 0.068034 0.302914 0.110611 0.17418 0.282724 9.997E-05 9.997E-05 9.997E-05 0.0359422
0.00530691 0.000117243 9.9991E-05 0.015425 0.0968068 0.0132818 0.0262585 0.595906 0.0321489 0.214649
0.558868 9.9964E-05 9.9964E-05 9.9964E-05 0.0573267 0.024939 9.9964E-05 0.332378 0.00324649 0.0228411
0.650562 9.9964E-05 9.9964E-05 0.101151 9.9964E-05 0.0218423 0.159159 0.0417264 9.9964E-05 0.0251584
0.666481 0.183406 9.99461E-05 9.99461E-05 9.99461E-05 9.99461E-05 0.103168 9.99461E-05 9.99461E-05 0.046345
0.146476 0.0569935 9.9973E-05 0.00237729 9.9973E-05 9.9973E-05 0.179627 0.376574 0.088826 0.148825
0.243443 0.157917 9.9973E-05 0.0362095 9.9973E-05 0.0193821 0.233339 0.212242 9.9973E-05 0.0971679
0.29703 0.0185695 9.9982E-05 9.9982E-05 0.117866 0.0502948 0.149903 0.199337 0.0373597 0.129439
0.0467117 0.135169 0.177935 0.0353984 9.9973E-05 0.0182714 9.9973E-05 0.470459 0.115755 9.9973E-05
0.0484575 0.0308763 9.9964E-05 9.9964E-05 0.00930669 0.0747651 9.9964E-05 0.747352 0.0888423 9.9964E-05
0.132937 0.156758 0.055267 0.0468238 9.9955E-05 9.9955E-05 9.9955E-05 0.607715 9.9955E-05 9.9955E-05
0.0377666 0.0024434 0.0404874 9.997E-05 9.997E-05 0.0985612 0.0574868 0.707563 9.997E-05 0.0553915
0.587688 9.9946E-05 9.9946E-05 0.0657812 9.9946E-05 0.0487357 9.9946E-05 0.297195 9.9946E-05 9.9946E-05
0.961385 0.0186483 9.9955E-05 9.9955E-05 0.00953094 0.00116704 9.9955E-05 9.9955E-05 0.00876879 9.9955E-05
0.880981 9.9946E-05 0.0113207 9.9946E-05 9.9946E-05 9.9946E-05 0.0526794 0.0544193 9.9946E-05 9.9946E-05
0.864986 9.9937E-05 0.0336634 0.100651 9.9937E-05 9.9937E-05 9.9937E-05 9.9937E-05 9.9937E-05 9.9937E-05
0.638027 9.9964E-05 9.9964E-05 0.0748648 0.0106632 9.9964E-05 9.9964E-05 0.116605 0.0147065 0.144734
0.657277 9.9964E-05 0.0322248 0.0686683 9.9964E-05 0.0131636 9.9964E-05 9.9964E-05 0.149717 0.078549
0.674724 0.139178 9.9946E-05 9.9946E-05 9.9946E-05 9.9946E-05 0.116578 9.9946E-05 9.9946E-05 0.0689201
9.9955E-05 9.9955E-05 0.354418 0.0423708 0.45228 0.050615 9.9955E-05 0.0998159 9.9955E-05 9.9955E-05
9.9937E-05 9.9937E-05 0.512243 9.9937E-05 0.344684 0.142374 9.9937E-05 9.9937E-05 9.9937E-05 9.9937E-05
9.9964E-05 0.0201667 0.61985 0.0435475 0.184561 0.130728 9.9964E-05 9.9964E-05 0.00074604 9.9964E-05
9.9955E-05 0.0788922 0.60324 0.0311682 0.21194 0.0742595 9.9955E-05 9.9955E-05 9.9955E-05 9.9955E-05
0.041853 0.0550581 0.469167 0.0123088 0.329928 0.0912849 9.9964E-05 9.9964E-05 9.9964E-05 9.9964E-05
9.9964E-05 0.0923984 0.49347 0.0409283 0.266403 0.104215 9.9964E-05 9.9964E-05 9.9964E-05 0.00218432
9.9955E-05 0.0106083 0.640655 0.00745597 0.277368 0.0634125 9.9955E-05 9.9955E-05 9.9955E-05 9.9955E-05
0.692308 9.9946E-05 9.9946E-05 9.9946E-05 0.0394497 9.9946E-05 9.9946E-05 0.255523 9.9946E-05 0.0121193
0.627477 9.9955E-05 0.0597492 9.9955E-05 9.9955E-05 9.9955E-05 9.9955E-05 0.222911 0.0674895 0.0218731
0.672706 9.9964E-05 9.9964E-05 0.17364 9.9964E-05 0.00410312 0.0240419 0.0731678 0.0519407 9.9964E-05
0.0613588 0.0193198 9.9982E-05 9.9982E-05 0.0825526 0.0286346 0.322455 0.357085 0.0363078 0.0920864
0.0893574 0.0537419 0.052949 0.113767 9.9973E-05 9.9973E-05 0.121543 0.422475 9.9973E-05 0.145866
0.123537 0.151013 0.00591783 0.0613727 9.9991E-05 0.0309983 0.180065 0.297128 0.0818998 0.0679684
0.190348 0.0739996 9.9973E-05 0.064102 9.9973E-05 9.9973E-05 0.37056 0.0361602 0.12734 0.137191
0.115174 9.9964E-05 9.9964E-05 0.061054 0.0850032 9.9964E-05 0.101845 0.554625 9.9964E-05 0.0818985
0.108965 9.9964E-05 9.9964E-05 0.0561994 9.9964E-05 9.9964E-05 0.0734861 0.639281 0.0361837 0.0854855
0.147191 0.149869 9.9973E-05 0.0433726 9.9973E-05 9.9973E-05 0.166282 0.31918 0.0472312 0.126575
0.0754955 0.199343 0.134228 9.998E-05 9.998E-05 0.0146384 0.342514 0.0639273 0.108008 0.0616451
0.18045 0.2425 0.00623261 0.00343187 0.0757015 0.0167436 0.277631 0.105553 0.0529415 0.0388146
0.230733 0.131096 0.061904 9.9982E-05 9.9982E-05 0.0117478 0.372764 0.0522623 0.0492722 0.0900215
0.184295 9.9991E-05 0.0202962 0.0801102 0.0737333 0.0119219 0.311108 0.239795 0.0404016 0.0382388
0.246603 0.219661 9.998E-05 0.110261 0.0419939 0.0247531 0.170018 0.138779 9.998E-05 0.0477312
0.212493 0.0357021 9.9973E-05 0.0374406 9.9973E-05 0.0384621 0.370504 0.271111 0.0339873 9.9973E-05
9.9982E-05 0.220547 0.230675 0.250125 0.000646129 0.0827949 0.188707 0.0241429 0.00216214 9.9982E-05
9.9946E-05 0.593643 0.106765 0.0396056 0.259387 9.9946E-05 9.9946E-05 9.9946E-05 9.9946E-05 9.9946E-05
9.9964E-05 0.676876 0.120118 0.0822213 0.0689217 0.0179063 0.0335573 9.9964E-05 9.9964E-05 9.9964E-05
9.998E-05 0.267492 0.125127 0.298092 0.166751 0.0329545 0.00297778 0.0472945 0.0591118 9.998E-05
0.207348 0.0534057 9.9973E-05 0.117681 0.00379204 0.0442617 0.538915 9.9973E-05 9.9973E-05 0.0342966
0.0778581 0.120369 9.9973E-05 0.0255595 9.9973E-05 0.0286901 0.621612 0.101115 0.0244972 9.9973E-05
0.288713 0.189907 0.0445851 0.0146555 9.9982E-05 0.00328679 0.416278 0.0417282 0.000646734 9.9982E-05
9.9946E-05 9.9946E-05 0.0231275 0.920101 9.9946E-05 9.9946E-05 0.0110926 9.9946E-05 0.0450788 9.9946E-05
0.00316055 9.9964E-05 0.0224581 0.892688 9.9964E-05 9.9964E-05 0.0579194 9.9964E-05 0.00053925 0.022835
9.9928E-05 0.0351629 9.9928E-05 0.964038 9.9928E-05 9.9928E-05 9.9928E-05 9.9928E-05 9.9928E-05 9.9928E-05
9.9928E-05 9.9928E-05 9.9928E-05 0.901391 9.9928E-05 9.9928E-05 9.9928E-05 9.9928E-05 9.9928E-05 0.09781
0.00702342 9.9955E-05 9.9955E-05 0.908953 9.9955E-05 0.0185973 9.9955E-05 9.9955E-05 0.0367118 0.0282152
9.99201E-05 9.99201E-05 9.99201E-05 0.999101 9.99201E-05 9.99201E-05 9.99201E-05 9.99201E-05 9.99201E-05 9.99201E-05
9.99201E-05 9.99201E-05 9.99201E-05 0.999101 9.99201E-05 9.99201E-05 9.99201E-05 9.99201E-05 9.99201E-05 9.99201E-05
0.0242091 9.9937E-05 9.9937E-05 0.968824 9.9937E-05 0.0062675 9.9937E-05 9.9937E-05 9.9937E-05 9.9937E-05
0.0449959 9.9937E-05 9.9937E-05 0.928846 0.0254589 9.9937E-05 9.9937E-05 9.9937E-05 9.9937E-05 9.9937E-05
9.9955E-05 0.0651226 0.0142717 0.849098 0.0680906 9.9955E-05 9.9955E-05 9.9955E-05 9.9955E-05 0.00291695
0.00263455 9.9946E-05 9.9946E-05 0.933799 9.9946E-05 0.0388818 9.9946E-05 9.9946E-05 9.9946E-05 0.0240846
0.0712103 9.9937E-05 9.9937E-05 0.819295 0.108795 9.9937E-05 9.9937E-05 9.9937E-05 9.9937E-05 9.9937E-05
0.0141592 0.507731 0.0937889 9.9955E-05 0.0759028 9.9955E-05 0.307919 9.9955E-05 9.9955E-05 9.9955E-05
0.0468122 0.346109 9.9982E-05 0.0922982 0.111965 0.0856963 0.216182 0.0111007 0.0896366 9.9982E-05
0.0787903 0.249203 0.148176 0.102224 0.0939927 0.0244464 0.165427 0.13754 9.998E-05 9.998E-05
0.0279466 0.0047267 0.26618 9.9964E-05 0.60731 9.9964E-05 9.9964E-05 9.9964E-05 0.0422186 0.0512177
9.9955E-05 0.0337231 0.171043 0.0240756 0.696 0.0746585 9.9955E-05 9.9955E-05 9.9955E-05 9.9955E-05
9.9955E-05 0.0246652 0.107303 9.9955E-05 0.83366 0.0120059 9.9955E-05 9.9955E-05 9.9955E-05 0.0218662
9.995E-05 9.995E-05 0.155932 9.995E-05 0.748045 0.025705 9.995E-05 9.995E-05 0.0193971 0.0504209
9.9955E-05 0.0349325 9.9955E-05 0.00543984 0.829042 0.0765491 9.9955E-05 9.9955E-05 9.9955E-05 0.0535371
9.9955E-05 0.0151842 0.470329 0.0712491 0.415353 0.0273847 9.9955E-05 9.9955E-05 9.9955E-05 9.9955E-05
9.9946E-05 9.9946E-05 0.602801 0.0471281 0.347052 0.0024186 9.9946E-05 9.9946E-05 9.9946E-05 9.9946E-05
9.9964E-05 0.0193177 0.423422 9.9964E-05 0.463911 0.00431679 0.0284857 9.9964E-05 9.9964E-05 0.0601472
0.0281051 9.9946E-05 0.322183 0.0351197 0.613993 9.9946E-05 9.9946E-05 9.9946E-05 9.9946E-05 9.9946E-05
9.9946E-05 0.176474 0.430507 0.0365793 0.35584 9.9946E-05 9.9946E-05 9.9946E-05 9.9946E-05 9.9946E-05
0.0264669 9.9982E-05 0.467968 0.0113752 0.167024 0.0333484 9.9982E-05 0.152254 0.0882388 0.0531247
0.00651052 9.9973E-05 0.339771 9.9973E-05 0.245779 0.00349442 9.9973E-05 0.200579 0.15505 0.0485155
9.998E-05 0.0660503 0.410807 9.998E-05 0.1046 0.0178701 0.023669 0.259176 0.0377 0.0799273
9.99578E-05 9.99578E-05 0.314299 9.99578E-05 0.191508 9.99578E-05 0.0197902 0.399319 0.0745847 9.99578E-05
0.065128 9.9973E-05 9.9973E-05 9.9973E-05 0.0418397 0.00785886 0.0105794 0.625079 0.0193934 0.229821
0.64373 9.9955E-05 0.0392946 0.179054 9.9955E-05 9.9955E-05 0.0971861 9.9955E-05 9.9955E-05 0.0402358
0.759675 9.9937E-05 9.9937E-05 9.9937E-05 9.9937E-05 9.9937E-05 0.176723 9.9937E-05 9.9937E-05 0.0629026
0.718895 0.130887 0.00729627 0.0611318 9.9973E-05 0.00763792 0.0641757 9.9973E-05 0.00967595 9.9973E-05
0.645438 9.9955E-05 9.9955E-05 9.9955E-05 0.0305328 9.9955E-05 9.9955E-05 0.156802 0.0700413 0.0966866
0.0108907 0.110517 9.995E-05 9.995E-05 0.0142156 9.995E-05 9.995E-05 9.995E-05 0.787393 0.0764843
9.99201E-05 9.99201E-05 9.99201E-05 9.99201E-05 9.99201E-05 9.99201E-05 9.99201E-05 9.99201E-05 0.999101 9.99201E-05
9.99201E-05 9.99201E-05 9.99201E-05 9.99201E-05 9.99201E-05 9.99201E-05 9.99201E-05 9.99201E-05 0.999101 9.99201E-05
0.00492674 9.9955E-05 0.0335071 9.9955E-05 9.9955E-05 9.9955E-05 9.9955E-05 0.0420079 0.918503 0.000555787
9.9946E-05 9.9946E-05 9.9946E-05 0.0106457 9.9946E-05 0.0055735 9.9946E-05 0.0489652 0.934216 9.9946E-05
9.9937E-05 9.9937E-05 0.00727974 0.0501885 9.9937E-05 9.9937E-05 9.9937E-05 9.9937E-05 0.941832 9.9937E-05
0.0276487 9.996E-05 0.0551537 0.0402426 0.796424 0.0502904 9.996E-05 9.996E-05 0.0298407 9.996E-05
9.9937E-05 9.9937E-05 9.9937E-05 0.00226383 0.927254 9.9937E-05 9.9937E-05 0.0697824 9.9937E-05 9.9937E-05
9.9955E-05 9.9955E-05 9.9955E-05 0.0887246 0.820452 0.0221622 0.0447195 9.9955E-05 0.0234417 9.9955E-05
9.9946E-05 9.9946E-05 9.9946E-05 0.0503984 0.810814 9.9946E-05 9.9946E-05 0.108198 0.0299894 9.9946E-05
9.9955E-05 9.9955E-05 9.9955E-05 0.0532701 0.848082 9.9955E-05 0.00163021 0.0960746 9.9955E-05 0.000443491
0.0182631 0.0542736 0.37848 9.9955E-05 9.9955E-05 9.9955E-05 9.9955E-05 9.9955E-05 0.0800717 0.468412
0.0420743 0.0342411 0.283951 9.9973E-05 0.17438 9.9973E-05 0.0358866 9.9973E-05 0.138335 0.290832
0.000494549 9.996E-05 0.409901 0.0287403 0.029115 9.996E-05 9.996E-05 9.996E-05 0.147193 0.384156
9.99201E-05 9.99201E-05 9.99201E-05 9.99201E-05 9.99201E-05 0.999101 9.99201E-05 9.99201E-05 9.99201E-05 9.99201E-05
0.024185 0.0756588 0.208569 0.0114963 0.113037 0.0178377 9.998E-05 9.998E-05 0.189716 0.3593
0.0705077 0.202775 0.115052 0.407153 9.999E-05 0.0255367 0.0614729 0.0662135 0.0262745 0.0249149
9.9964E-05 0.458028 0.103862 0.221737 0.164336 9.9964E-05 0.0192266 9.9964E-05 0.0324102 9.9964E-05
0.220265 0.00476209 0.0277263 0.144042 0.0385436 9.9982E-05 0.314086 0.13481 9.9982E-05 0.115565
9.9964E-05 9.9964E-05 0.0205175 9.9964E-05 0.0987622 0.0104333 0.0225121 0.778665 9.9964E-05 0.0687098
0.264051 9.9973E-05 0.0232174 0.147496 9.9973E-05 9.9973E-05 0.246908 0.232738 0.000661142 0.0846283
0.14137 0.0944644 9.996E-05 9.996E-05 9.996E-05 9.996E-05 0.473438 0.192957 0.0427384 0.0546321
0.0220332 9.9964E-05 0.0387169 9.9964E-05 9.9964E-05 0.0425868 0.125674 0.702453 9.9964E-05 0.068136
0.159406 0.146399 9.9946E-05 9.9946E-05 9.9946E-05 9.9946E-05 0.184571 0.509024 9.9946E-05 9.9946E-05
0.0837469 0.0130682 9.9973E-05 0.110108 9.9973E-05 9.9973E-05 0.239005 0.45301 0.061554 0.0392075
0.157291 9.9973E-05 0.0470776 0.0936441 9.9973E-05 9.9973E-05 0.175309 0.481142 0.0302129 0.0150233
9.9928E-05 9.9928E-05 0.940029 0.059172 9.9928E-05 9.9928E-05 9.9928E-05 9.9928E-05 9.9928E-05 9.9928E-05
0.00258855 9.9937E-05 0.950292 0.0464201 9.9937E-05 9.9937E-05 9.9937E-05 9.9937E-05 9.9937E-05 9.9937E-05
0.0413976 0.0105326 0.412652 0.0444104 0.414983 9.9973E-05 0.0130167 9.9973E-05 9.9973E-05 0.0627073
9.9937E-05 9.9937E-05 0.894836 0.0497248 9.9937E-05 9.9937E-05 9.9937E-05 9.9937E-05 0.0547401 9.9937E-05
9.996E-05 9.996E-05 0.783099 0.0468769 0.0397825 0.0527522 0.0578006 0.0192887 9.996E-05 9.996E-05
9.9973E-05 0.0881566 0.000138878 0.0307633 9.9973E-05 0.0153327 9.9973E-05 0.719381 0.120242 0.0256866
9.9964E-05 0.158945 9.9964E-05 0.0763301 9.9964E-05 9.9964E-05 0.23917 0.376855 0.0236413 0.124659
0.0373044 0.101451 0.0946685 9.9973E-05 9.9973E-05 0.00179761 9.9973E-05 0.520707 0.0614793 0.182292
9.997E-05 9.997E-05 9.997E-05 0.069745 0.0457541 0.0373737 0.0484637 0.614578 0.0298929 0.153893
9.999E-05 0.00112895 0.100439 0.0080182 0.0384765 0.00569918 0.102364 0.638774 0.0319786 0.0730215
0.0187339 9.999E-05 0.000594196 0.0118449 0.0770654 0.00482035 0.0320487 0.710378 0.0618723 0.082542
0.0823016 0.0163594 0.029134 0.0850948 0.0330976 0.0536509 0.31281 0.271266 9.999E-05 0.116186
0.247372 0.186018 0.00282532 0.0366351 9.997E-05 9.997E-05 0.390318 0.0920789 0.0444527 9.997E-05
0.188527 0.2196 9.9955E-05 9.9955E-05 9.9955E-05 9.9955E-05 0.463323 9.9955E-05 0.127241 0.000808721
0.170104 0.233408 9.9964E-05 9.9964E-05 9.9964E-05 0.00356667 0.460678 0.0760499 0.0557925 9.9964E-05
0.126219 0.11862 9.998E-05 9.998E-05 0.0206531 0.0237286 0.542039 0.0354872 0.0574318 0.0756217
0.032939 0.0952221 0.00127924 9.9964E-05 0.00277739 9.9964E-05 9.9964E-05 0.755661 9.9964E-05 0.111721
0.096893 9.9964E-05 9.9964E-05 0.0922829 9.9964E-05 9.9964E-05 0.36989 0.260829 0.00768271 0.172022
0.136874 9.9964E-05 9.9964E-05 0.0379636 9.9964E-05 9.9964E-05 0.0554148 0.580394 0.044373 0.144581
0.0590581 0.0523197 9.9964E-05 0.113465 9.9964E-05 9.9964E-05 9.9964E-05 0.575849 0.0507652 0.148143
0.293294 0.375401 0.0231078 0.0794418 0.0939808 9.9991E-05 0.120902 0.000821465 0.0110436 0.00190837
0.0145016 0.539597 0.298216 0.137005 9.9955E-05 0.0101814 9.9955E-05 9.9955E-05 9.9955E-05 9.9955E-05
9.9928E-05 9.9928E-05 9.9928E-05 9.9928E-05 9.9928E-05 9.9928E-05 0.857726 0.141474 9.9928E-05 9.9928E-05
9.994E-05 9.994E-05 0.0652146 9.994E-05 9.994E-05 9.994E-05 0.894721 0.000725317 9.994E-05 0.0387393
0.1327 0.0275558 9.9955E-05 0.40013 0.174085 9.9955E-05 0.26503 9.9955E-05 9.9955E-05 9.9955E-05
9.997E-05 0.0119967 0.0706501 0.33152 0.0765333 0.107487 0.300852 0.100661 9.997E-05 9.997E-05
9.994E-05 0.11064 0.142272 0.0549065 9.994E-05 9.994E-05 0.691582 9.994E-05 9.994E-05 9.994E-05
9.997E-05 0.115626 0.0670127 0.0782719 0.0402045 0.0700537 0.613577 9.997E-05 9.997E-05 0.0149544
0.0429438 9.996E-05 9.996E-05 0.258518 0.0990319 9.996E-05 0.409721 0.17617 0.0132158 9.996E-05
9.9946E-05 9.9946E-05 9.9946E-05 0.151519 0.0230713 0.0952988 0.729511 9.9946E-05 9.9946E-05 9.9946E-05
9.9964E-05 9.9964E-05 9.9964E-05 0.0452647 0.0098647 9.9964E-05 0.794545 0.0816662 0.0674822 0.000776992
0.00839069 9.997E-05 0.0480521 0.0476308 9.997E-05 0.00116586 0.648639 0.190634 0.0551873 9.997E-05
9.996E-05 9.996E-05 0.0104669 0.0998191 0.171008 0.0488529 0.622617 9.996E-05 0.046836 9.996E-05
9.9955E-05 0.156951 9.9955E-05 0.0889693 0.353574 0.00403585 0.39597 9.9955E-05 9.9955E-05 9.9955E-05
0.022683 9.9928E-05 9.9928E-05 9.9928E-05 9.9928E-05 9.9928E-05 0.976518 9.9928E-05 9.9928E-05 9.9928E-05
9.9937E-05 9.9937E-05 9.9937E-05 9.9937E-05 9.9937E-05 0.0386017 0.91509 0.0456092 9.9937E-05 9.9937E-05
9.9946E-05 9.9946E-05 9.9946E-05 0.13628 9.9946E-05 0.0273227 0.6072 0.228597 9.9946E-05 9.9946E-05
9.9937E-05 9.9937E-05 9.9937E-05 0.0742172 9.9937E-05 9.9937E-05 0.796304 0.128779 9.9937E-05 9.9937E-05
0.0392763 0.00880005 0.489393 0.0599524 0.27959 0.0469881 9.9982E-05 0.0618321 9.9982E-05 0.0139685
0.0272896 0.0470198 0.244756 0.050847 0.450517 0.0741517 9.999E-05 0.0555842 0.0285037 0.0212314
9.9946E-05 9.9946E-05 0.415009 0.046462 0.537039 9.9946E-05 9.9946E-05 9.9946E-05 9.9946E-05 0.000890102
9.9946E-05 0.058134 0.397 9.9946E-05 0.436208 0.108059 9.9946E-05 9.9946E-05 9.9946E-05 9.9946E-05
0.444214 9.997E-05 0.0357535 0.104017 9.997E-05 9.997E-05 0.0557443 0.139137 0.0706587 0.150175
0.932832 9.99371E-05 9.99371E-05 9.99371E-05 9.99371E-05 0.0339651 0.032503 9.99371E-05 9.99371E-05 9.99371E-05
0.641416 0.0571303 9.997E-05 0.0904733 0.0337492 9.997E-05 0.0753815 0.0786202 0.0229299 9.997E-05
0.893216 0.0774871 9.9937E-05 9.9937E-05 9.9937E-05 9.9937E-05 0.0285973 9.9937E-05 9.9937E-05 9.9937E-05
0.682143 0.206053 9.9964E-05 9.9964E-05 9.9964E-05 9.9964E-05 0.0716595 0.0135191 0.0223658 0.00385937
0.797849 0.147322 9.99371E-05 9.99371E-05 9.99371E-05 9.99371E-05 0.0541288 9.99371E-05 9.99371E-05 9.99371E-05
0.531974 9.9973E-05 9.9973E-05 0.0783165 0.0807132 0.00250035 0.0994495 0.186106 9.9973E-05 0.0206404
0.767197 9.997E-05 9.997E-05 0.0638541 9.997E-05 0.0436779 0.0146219 0.0917841 0.00963477 0.0089299
9.997E-05 0.0183999 0.564508 9.997E-05 0.104224 0.0390113 9.997E-05 0.0316861 0.00616782 0.235703
0.0136434 0.0785152 0.549772 0.000508482 0.15152 0.0733313 9.999E-05 0.0570525 0.017137 0.0584197
9.9955E-05 0.0313331 0.51066 9.9955E-05 0.147229 0.166361 9.9955E-05 9.9955E-05 9.9955E-05 0.143917
9.9973E-05 0.0478875 0.527939 9.9973E-05 0.282872 0.0800952 0.000309901 9.9973E-05 0.0130339 0.0475622
0.0131885 9.9964E-05 0.213615 9.9964E-05 0.477916 0.0775824 9.9964E-05 9.9964E-05 0.128521 0.0887775
0.628442 9.996E-05 0.0290013 0.0148355 0.0885247 9.996E-05 9.996E-05 0.187174 9.996E-05 0.0516233
0.626802 9.9973E-05 0.0523713 9.9973E-05 9.9973E-05 0.0789253 0.00916331 0.183841 0.0178495 0.0307471
0.834102 9.9937E-05 9.9937E-05 0.0604902 9.9937E-05 9.9937E-05 0.104708 9.9937E-05 9.9937E-05 9.9937E-05
0.585888 9.9973E-05 9.9973E-05 0.0709594 0.0144243 9.9973E-05 0.0546605 0.119964 0.0448472 0.108957
0.523172 9.9955E-05 9.9955E-05 0.0901921 9.9955E-05 0.0390562 9.9955E-05 0.314708 9.9955E-05 0.0323712
9.9973E-05 0.0758024 0.110209 0.538 0.147391 0.0598082 9.9973E-05 9.9973E-05 0.0560729 0.0124166
0.0866213 0.0653862 9.9982E-05 0.0110528 0.135548 0.0387496 0.218033 0.298263 0.146146 9.9982E-05
0.166139 0.302521 0.0692077 0.0249267 9.9982E-05 0.0333327 0.312368 9.9982E-05 0.0895599 0.00174616
0.0756186 0.863968 0.019824 0.019795 9.997E-05 9.997E-05 9.997E-05 0.00340939 0.0019462 0.0151384
9.9946E-05 0.966775 9.9946E-05 9.9946E-05 9.9946E-05 0.0215312 0.00557218 9.9946E-05 0.00552222 9.9946E-05
0.0684699 0.696517 9.9973E-05 0.0422832 0.0848596 0.0306573 0.0571444 0.0197687 9.9973E-05 9.9973E-05
9.9946E-05 0.791883 0.0506265 0.0742834 0.0826075 9.9946E-05 9.9946E-05 9.9946E-05 9.9946E-05 9.9946E-05
0.115014 0.372666 0.103552 0.180363 0.0907104 9.997E-05 0.0810868 9.997E-05 0.0563074 9.997E-05
9.99369E-05 0.802439 9.99369E-05 9.99369E-05 9.99369E-05 0.0402062 9.99369E-05 0.156656 9.99369E-05 9.99369E-05
0.0957588 0.602083 9.996E-05 0.0888367 9.996E-05 0.0557248 9.996E-05 0.125475 0.0317217 9.996E-05
9.9928E-05 0.949241 9.9928E-05 9.9928E-05 0.0499594 9.9928E-05 9.9928E-05 9.9928E-05 9.9928E-05 9.9928E-05
0.0893333 0.303846 0.217274 0.235851 0.0663956 9.996E-05 9.996E-05 0.0869 9.996E-05 9.996E-05
0.117189 0.13698 0.171939 0.312549 0.156719 0.00395225 0.0904048 0.010067 9.998E-05 9.998E-05
9.99459E-05 9.99459E-05 0.928879 9.99459E-05 9.99459E-05 0.00281234 9.99459E-05 9.99459E-05 0.0407748 0.026934
9.9937E-05 9.9937E-05 9.9937E-05 9.9937E-05 9.9937E-05 9.9937E-05 0.0353407 9.9937E-05 0.0543474 0.909612
9.9928E-05 9.9928E-05 9.9928E-05 9.9928E-05 9.9928E-05 0.0149737 9.9928E-05 9.9928E-05 9.9928E-05 0.984227
9.99201E-05 9.99201E-05 9.99201E-05 9.99201E-05 9.99201E-05 9.99201E-05 9.99201E-05 9.99201E-05 9.99201E-05 0.999101
9.9928E-05 9.9928E-05 9.9928E-05 9.9928E-05 0.0332516 9.9928E-05 9.9928E-05 9.9928E-05 9.9928E-05 0.965949
0.0141255 9.9964E-05 9.9964E-05 9.9964E-05 9.9964E-05 0.039493 0.0115262 0.0344225 0.0523281 0.847705
0.0142815 9.9937E-05 9.9937E-05 9.9937E-05 9.9937E-05 0.0139445 9.9937E-05 9.9937E-05 9.9937E-05 0.971075
9.9955E-05 0.0412582 0.0612792 9.9955E-05 0.12986 0.0040306 9.9955E-05 9.9955E-05 9.9955E-05 0.763072
9.9973E-05 0.0481168 0.294406 0.0188091 0.558374 0.0402738 9.9973E-05 0.0106941 9.9973E-05 0.0290264
0.00408266 9.998E-05 0.140616 0.00541135 0.625378 0.0638053 9.998E-05 0.0596848 0.0505043 0.050318
0.0700646 9.996E-05 0.246129 0.0219733 0.558722 0.101317 9.996E-05 9.996E-05 0.00139451 9.996E-05
9.9955E-05 0.0455898 0.264916 9.9955E-05 0.53872 0.0258762 9.9955E-05 0.124399 9.9955E-05 9.9955E-05
9.9946E-05 0.0569584 0.260736 9.9946E-05 0.659694 9.9946E-05 9.9946E-05 0.0220122 9.9946E-05 9.9946E-05
9.9946E-05 9.9946E-05 0.137995 9.9946E-05 0.756067 9.9946E-05 0.0334777 9.9946E-05 9.9946E-05 0.0718606
0.00890706 0.0434282 0.129894 0.0509562 0.739493 0.0269215 9.9964E-05 9.9964E-05 9.9964E-05 9.9964E-05
9.9946E-05 9.9946E-05 0.748979 0.0760816 0.167088 0.0072517 9.9946E-05 9.9946E-05 9.9946E-05 9.9946E-05
9.9937E-05 9.9937E-05 0.79269 9.9937E-05 0.163272 0.043338 9.9937E-05 9.9937E-05 9.9937E-05 9.9937E-05
9.9955E-05 9.9955E-05 0.833506 0.0543955 0.0310268 0.032782 9.9955E-05 0.0477898 9.9955E-05 9.9955E-05
9.9964E-05 0.0238505 0.520109 0.0141721 0.392169 0.0127316 9.9964E-05 9.9964E-05 9.9964E-05 0.0365679
9.9955E-05 0.00758185 0.880413 0.0330793 0.00603114 0.0723948 9.9955E-05 9.9955E-05 9.9955E-05 9.9955E-05
0.0181312 9.9955E-05 0.195417 0.0623787 0.667884 0.0556896 9.9955E-05 9.9955E-05 9.9955E-05 9.9955E-05
9.9955E-05 9.9955E-05 0.159912 0.117662 0.643292 0.0642575 0.014376 9.9955E-05 9.9955E-05 9.9955E-05
9.996E-05 0.0179082 0.118729 0.148308 0.679941 9.996E-05 9.996E-05 0.00417316 0.0305406 9.996E-05
0.0106917 9.997E-05 0.135619 0.120896 0.634483 0.0412434 9.997E-05 0.0299709 0.0267959 9.997E-05
9.9955E-05 9.9955E-05 0.197717 0.121073 0.633769 0.0338879 0.0130525 9.9955E-05 9.9955E-05 9.9955E-05
0.244763 0.151339 0.0980493 0.158383 9.999E-05 0.0215863 0.140502 0.104347 0.0636033 0.0173257
0.196096 0.313012 9.9955E-05 9.9955E-05 9.9955E-05 0.0323032 0.395835 9.9955E-05 0.0622536 9.9955E-05
0.121088 0.363118 0.0593601 9.997E-05 0.01115 0.00703031 0.424028 9.997E-05 0.0139257 9.997E-05
0.2212 0.107251 9.9964E-05 0.0351559 9.9964E-05 9.9964E-05 0.143955 0.277436 9.9964E-05 0.214601
0.0714731 0.202886 9.9946E-05 9.9946E-05 9.9946E-05 9.9946E-05 0.544363 9.9946E-05 0.180678 9.9946E-05
0.0445945 0.359254 9.9964E-05 9.9964E-05 0.030753 9.9964E-05 0.412775 9.9964E-05 0.0624491 0.0897746
0.25025 0.0699515 0.126016 0.167419 9.999E-05 0.0243052 0.195866 0.113783 0.0200476 0.0322615
0.0677663 0.0521452 0.133603 0.115869 0.290415 9.9973E-05 9.9973E-05 0.301027 0.0388739 9.9973E-05
9.9973E-05 0.571289 0.101759 0.170193 0.099873 9.9973E-05 0.0356404 0.00442803 9.9973E-05 0.0165176
0.120131 9.997E-05 0.121994 0.256826 0.232536 0.0197293 0.113922 0.134562 9.997E-05 9.997E-05
0.0893341 0.114254 0.181297 0.177525 0.166443 0.0596648 9.997E-05 0.211182 9.997E-05 9.997E-05
