0.0271391 0.0885069 0.884354
0.0111711 0.0343451 0.954484
0.00533566 0.174022 0.820642
0.0286874 0.144934 0.826378
9.9991E-05 0.100655 0.899245
0.197257 0.150426 0.652317
0.0620706 0.0366189 0.901311
0.13242 0.0634602 0.80412
0.0749303 9.9991E-05 0.92497
0.0777688 0.163714 0.758517
0.179417 0.0404801 0.780103
0.737487 0.135573 0.12694
0.661463 0.284359 0.0541778
0.714148 0.14324 0.142612
0.631993 0.254358 0.113649
0.560183 0.266451 0.173366
0.699229 0.279962 0.0208088
0.616973 0.219481 0.163546
0.778722 9.9991E-05 0.221178
0.689882 0.242062 0.0680551
0.601084 0.300544 0.0983717
0.683093 0.302889 0.0140181
0.672507 0.209947 0.117546
0.652061 0.341577 0.00636142
0.748334 0.12139 0.130276
0.629027 0.234867 0.136106
0.761872 0.104097 0.134031
9.9991E-05 0.209877 0.790023
0.0281896 0.196574 0.775237
0.0170538 0.204698 0.778248
0.0443984 0.186302 0.769299
0.716058 0.283842 9.9991E-05
0.697876 0.301796 0.000327539
0.771886 0.0128303 0.215284
0.783987 0.215913 9.9991E-05
0.636137 0.363763 9.9991E-05
0.616723 0.328728 0.0545491
0.59476 0.33727 0.0679699
0.906458 0.0034834 0.0900582
0.603442 0.37787 0.0186885
0.849753 0.150147 9.9991E-05
0.842689 9.9991E-05 0.157211
0.886235 0.0292138 0.0845507
0.849853 0.0313336 0.118813
0.781869 0.0138528 0.204279
0.717359 0.270522 0.0121185
0.623058 0.228688 0.148254
0.620816 0.0574314 0.321752
0.672459 0.260458 0.0670831
0.75951 9.9991E-05 0.24039
0.722783 0.277117 9.9991E-05
0.566484 0.433416 9.9991E-05
0.714901 0.112847 0.172252
0.705704 0.294196 9.9991E-05
0.808318 0.070488 0.121194
0.782801 0.217099 9.9991E-05
0.887696 0.0982098 0.0140937
0.982204 9.9991E-05 0.0176956
0.994154 9.9991E-05 0.00574587
0.874216 0.125684 9.9991E-05
0.810642 0.189258 9.9991E-05
0.732237 0.267663 9.9991E-05
0.844408 0.0806338 0.0749578
0.86995 0.0568575 0.0731924
0.89217 0.10773 9.9991E-05
0.788142 0.172255 0.0396033
0.817554 0.182346 9.9991E-05
0.944098 9.9991E-05 0.0558021
0.000572145 0.1513 0.848128
9.9991E-05 0.109499 0.890401
9.9991E-05 0.131711 0.868189
9.9991E-05 0.116707 0.883193
9.9991E-05 0.152417 0.847483
9.9991E-05 0.155234 0.844666
9.9991E-05 0.0793082 0.920592
0.962309 9.9991E-05 0.0375915
0.760289 0.205543 0.0341685
0.684155 0.292075 0.02377
0.694841 0.305059 9.9991E-05
0.665673 0.334227 9.9991E-05
0.923365 9.9991E-05 0.0765346
0.802179 0.197721 9.9991E-05
0.736287 0.263613 9.9991E-05
0.685454 0.22482 0.0897255
0.763875 0.236025 9.9991E-05
0.752929 0.215168 0.0319033
0.779214 0.123518 0.0972679
0.561252 0.247774 0.190975
0.708804 0.168912 0.122285
0.63951 0.311617 0.048873
0.67769 0.243091 0.0792184
0.637722 0.296045 0.0662327
0.715748 0.227678 0.0565746
0.69072 0.30918 9.9991E-05
0.637186 0.35608 0.00673358
0.621322 0.174379 0.204299
0.574901 0.424999 9.9991E-05
0.649985 0.349915 9.9991E-05
0.784536 0.122414 0.0930501
0.806405 0.0600676 0.133527
0.911874 0.0440537 0.0440727
0.755491 0.123152 0.121357
0.73471 0.160142 0.105148
0.849676 0.0754323 0.0748913
0.81404 0.0677194 0.118241
0.563122 0.329152 0.107726
0.830556 0.0355263 0.133917
0.659412 0.32425 0.0163381
0.703019 9.9991E-05 0.296881
0.689491 0.22932 0.0811888
0.53781 0.319844 0.142346
0.673711 0.143817 0.182472
0.799095 9.9991E-05 0.200805
0.814946 0.135949 0.0491057
0.649647 0.159055 0.191298
0.86548 0.13442 9.9991E-05
0.770986 0.228914 9.9991E-05
0.212618 0.382705 0.404678
0.0648949 0.202419 0.732686
0.185796 0.151956 0.662248
0.123226 0.40067 0.476104
0.608893 0.391007 9.9991E-05
0.124431 0.875469 9.9991E-05
0.836086 0.155837 0.00807637
0.817122 0.123734 0.0591436
0.712842 0.283818 0.00333999
0.697221 0.229846 0.0729332
0.678257 0.308367 0.013376
0.866575 0.0726516 0.0607737
9.9991E-05 0.971603 0.0282969
9.9991E-05 0.975458 0.0244424
0.0994316 0.87042 0.0301481
0.0597366 0.858302 0.0819619
9.9991E-05 0.985972 0.0139279
0.00594186 0.945377 0.048681
9.999E-05 0.9998 9.999E-05
9.999E-05 0.9998 9.999E-05
9.999E-05 0.9998 9.999E-05
9.9991E-05 0.972186 0.027714
0.0307125 0.856876 0.112411
0.0233573 0.867275 0.109368
9.9991E-05 0.966067 0.0338332
9.9991E-05 0.864702 0.135198
0.004185 0.913281 0.0825339
9.9991E-05 0.97111 0.0287896
9.9991E-05 0.930257 0.0696426
9.9991E-05 0.960902 0.0389984
0.227587 0.700442 0.0719712
9.9991E-05 0.948408 0.0514921
0.488193 0.0501747 0.461632
0.548752 0.280152 0.171096
0.487739 0.302798 0.209463
0.434469 0.198255 0.367276
0.472487 0.242522 0.284991
0.46734 0.393052 0.139608
0.437011 0.447556 0.115434
0.341445 0.413995 0.24456
0.0848944 0.0624016 0.852704
9.9991E-05 0.126439 0.873461
9.9991E-05 0.038971 0.960929
9.9991E-05 0.0463004 0.9536
9.9991E-05 0.134972 0.864928
9.9991E-05 0.153661 0.846239
9.9991E-05 0.150912 0.848988
0.0324218 0.0546467 0.912931
9.99936E-05 0.0614924 0.938408
9.9991E-05 0.160829 0.839071
0.251846 0.0350464 0.713107
0.289944 9.9991E-05 0.709956
0.337728 9.9991E-05 0.662172
0.391691 9.9991E-05 0.608209
0.739039 0.260861 9.9991E-05
0.703117 0.251978 0.0449052
0.763832 0.139008 0.0971602
0.884427 9.9991E-05 0.115473
0.598539 0.390994 0.010467
0.682224 0.317676 9.9991E-05
0.732704 0.267196 9.9991E-05
0.777268 0.222632 9.9991E-05
0.781274 0.177158 0.0415676
0.9998 9.999E-05 9.999E-05
0.867866 0.132034 9.9991E-05
0.74356 0.25634 9.9991E-05
0.910971 0.0014769 0.0875524
0.653032 9.9991E-05 0.346868
0.682907 9.9991E-05 0.316993
0.751877 9.9991E-05 0.248023
0.675142 9.9991E-05 0.324758
0.758856 9.9991E-05 0.241044
0.699445 0.0362638 0.264291
9.9991E-05 0.128629 0.871271
0.0499158 0.119184 0.8309
9.9991E-05 0.235586 0.764314
9.9991E-05 0.222329 0.777571
0.0265948 0.173957 0.799449
0.487687 9.9991E-05 0.512213
0.415423 9.9991E-05 0.584477
0.431509 9.9991E-05 0.568391
9.9991E-05 0.22096 0.77894
0.454273 9.9991E-05 0.545627
0.230056 0.549877 0.220067
0.178811 0.624031 0.197157
0.399624 0.373765 0.22661
0.0825882 0.377729 0.539683
0.802544 0.197356 9.9991E-05
0.755772 0.188758 0.0554695
0.77115 0.0546912 0.174159
0.755974 0.243926 9.9991E-05
0.938409 9.9991E-05 0.0614911
0.699032 0.286705 0.0142627
0.757598 0.097901 0.144501
0.914192 9.9991E-05 0.0857078
0.682872 0.259456 0.0576726
0.685243 0.314657 9.9991E-05
0.491583 0.400736 0.107681
0.811051 0.188849 9.9991E-05
0.777053 0.199667 0.02328
0.657167 0.324638 0.0181947
0.709174 0.290726 9.9991E-05
0.610846 0.389054 9.9991E-05
9.9991E-05 0.228396 0.771504
0.0128015 0.162982 0.824217
0.105827 0.0806691 0.813504
0.108381 0.108911 0.782709
9.9991E-05 0.178074 0.821826
0.790467 0.0581522 0.151381
0.560916 0.438984 9.9991E-05
0.677549 0.276102 0.0463494
0.756936 0.16878 0.0742835
0.703945 9.9991E-05 0.295955
0.655013 0.279079 0.0659082
0.738895 0.0294758 0.231629
0.652736 0.256764 0.0905005
0.703395 9.9991E-05 0.296505
0.764967 0.0345175 0.200515
0.728453 0.164161 0.107386
0.748807 0.162647 0.0885453
0.629481 0.320024 0.0504958
0.852757 0.121211 0.0260326
0.718881 0.281019 9.9991E-05
0.937278 0.00917022 0.0535519
0.847343 0.12214 0.0305168
0.691006 0.217786 0.0912078
0.902452 0.0271691 0.0703793
0.764313 0.212248 0.0234396
0.819298 9.9991E-05 0.180602
0.862829 0.137071 9.9991E-05
0.664859 0.259745 0.0753965
0.616135 0.379526 0.00433945
0.869497 0.0934289 0.037074
0.643485 0.290879 0.065636
0.719356 0.210927 0.0697161
0.798924 0.136203 0.0648738
0.732853 0.211638 0.055509
0.619407 0.380493 9.9991E-05
0.727031 0.179021 0.0939478
0.684586 0.315314 9.9991E-05
0.649087 0.188378 0.162535
0.627558 0.271839 0.100603
0.365156 0.3664 0.268444
0.359852 0.471295 0.168853
0.544822 0.394991 0.0601874
0.30614 0.508591 0.185269
0.763536 0.236364 9.9991E-05
0.553202 0.152047 0.294751
0.554 0.363583 0.0824174
0.448597 0.436123 0.11528
0.527066 0.258878 0.214056
0.438031 0.487176 0.0747921
0.125497 0.250838 0.623666
0.350309 0.518265 0.131426
0.501196 0.371309 0.127495
0.67482 0.319479 0.00570065
0.9998 9.999E-05 9.999E-05
0.93443 9.9991E-05 0.0654703
0.39118 0.53177 0.0770501
0.272474 0.603696 0.123831
0.293187 0.406227 0.300586
0.349081 0.471178 0.179741
0.703643 0.164312 0.132046
0.656385 0.194137 0.149478
0.577102 0.422798 9.9991E-05
0.599384 0.380787 0.019829
0.640355 0.302191 0.0574541
0.533171 0.390398 0.0764307
0.60101 0.392126 0.00686399
0.853625 0.0976883 0.0486864
0.722266 0.263833 0.0139011
0.678825 0.229383 0.0917919
0.718428 0.266768 0.0148049
0.912356 0.0453328 0.0423108
0.614743 0.385157 9.9991E-05
0.88182 0.0958712 0.0223089
0.753474 0.246426 9.9991E-05
0.294049 0.447009 0.258942
0.411546 0.417698 0.170756
0.531939 0.148124 0.319937
0.376514 0.608057 0.0154287
0.303893 0.19532 0.500788
0.5007 0.4992 9.9991E-05
0.969473 0.00251324 0.0280135
0.961924 9.9991E-05 0.0379755
0.735621 0.264279 9.9991E-05
0.64425 0.35565 9.9991E-05
0.851625 0.148275 9.9991E-05
0.740686 0.259214 9.9991E-05
0.683925 0.315975 9.9991E-05
0.0817068 0.132453 0.78584
0.123225 0.0858176 0.790957
9.9991E-05 0.0799616 0.919938
9.9991E-05 0.101915 0.897985
0.704216 0.295684 9.9991E-05
0.713472 0.286428 9.9991E-05
0.849471 0.118883 0.0316454
0.65803 0.34187 9.9991E-05
0.866432 0.120441 0.0131266
0.333485 0.441034 0.225481
0.714936 0.284964 9.9991E-05
0.850484 0.149416 9.9991E-05
0.715267 0.284633 9.9991E-05
0.759581 0.211505 0.0289137
0.707286 0.292614 9.9991E-05
0.97786 0.0220396 9.9991E-05
0.851627 0.148273 9.9991E-05
0.847256 0.152644 9.9991E-05
0.998565 9.9991E-05 0.00133485
0.721671 0.234704 0.0436247
0.898148 0.04229 0.0595622
0.959359 9.9991E-05 0.0405408
0.660595 0.332944 0.00646168
0.884267 0.0801709 0.0355623
0.694586 0.305314 9.9991E-05
0.750897 0.249003 9.9991E-05
0.793472 0.179046 0.0274814
0.741479 0.258421 9.9991E-05
0.754153 0.22806 0.0177874
0.851466 0.148434 9.9991E-05
0.217693 9.9991E-05 0.782207
0.169783 0.0591429 0.771074
0.106183 9.9991E-05 0.893717
0.110251 9.9991E-05 0.889649
0.192757 9.9991E-05 0.807143
0.858547 0.0684161 0.0730371
0.879716 0.0282334 0.0920502
0.934792 0.0651085 9.9991E-05
0.815583 0.172296 0.0121204
0.651901 0.347999 9.9991E-05
0.734591 0.258606 0.00680358
0.741215 0.256541 0.00224342
0.927113 0.0727866 9.9991E-05
0.826408 0.173492 9.9991E-05
0.887003 0.112897 9.9991E-05
0.60597 0.31966 0.0743707
0.857111 0.136537 0.00635207
0.757892 0.218204 0.0239039
0.251334 0.670463 0.0782032
0.200198 0.65299 0.146812
0.720313 0.279587 9.9991E-05
9.9991E-05 0.707443 0.292458
0.106742 0.666213 0.227045
0.474258 0.417069 0.108674
0.570626 0.296112 0.133261
0.614029 0.250567 0.135404
0.165601 0.679581 0.154818
0.142214 0.763807 0.0939796
0.182703 0.668025 0.149272
0.150307 0.68105 0.168643
0.591471 0.320768 0.0877608
0.0143247 0.778025 0.20765
0.718455 0.04826 0.233285
0.61444 0.384721 0.000838521
0.503159 0.351958 0.144882
0.521597 0.301355 0.177048
0.463394 0.396467 0.14014
0.320778 0.489107 0.190115
0.0266426 0.735591 0.237766
0.637651 0.242364 0.119985
0.63515 0.135898 0.228953
0.656816 0.18965 0.153533
0.405866 0.356882 0.237252
0.384831 0.196046 0.419123
0.364589 0.164166 0.471244
0.47953 0.277849 0.24262
0.295865 0.243391 0.460744
0.167978 0.328547 0.503475
0.518486 0.328326 0.153188
0.431411 0.335782 0.232807
0.300906 0.341915 0.357179
0.373496 0.241859 0.384645
0.473754 0.389605 0.136641
0.461629 0.258164 0.280207
0.262692 0.12404 0.613267
0.357636 0.438612 0.203753
0.308884 0.421066 0.27005
0.312335 0.545963 0.141703
0.379752 0.524197 0.096051
0.208115 0.464 0.327885
0.362583 0.452292 0.185125
0.263054 0.487492 0.249455
0.27955 0.462399 0.258051
0.539057 0.277823 0.18312
0.24626 0.463179 0.290561
0.234042 0.350351 0.415607
0.253712 0.475764 0.270524
0.129897 9.9991E-05 0.870003
0.748656 9.9991E-05 0.251244
0.696121 9.9991E-05 0.303779
0.725932 9.9991E-05 0.273968
0.72054 9.9991E-05 0.27936
0.738362 9.9991E-05 0.261538
0.809549 9.9991E-05 0.190351
0.694707 9.9991E-05 0.305193
0.535271 9.9991E-05 0.464629
0.00397836 0.121096 0.874925
0.104453 0.068297 0.82725
9.9991E-05 0.0860386 0.913861
0.0884522 0.0749988 0.836549
9.9991E-05 0.0671002 0.9328
0.0136111 0.055427 0.930962
0.0429653 0.218677 0.738357
9.9991E-05 0.156858 0.843042
0.113719 0.120205 0.766076
9.9991E-05 0.133489 0.866411
9.999E-05 9.999E-05 0.9998
0.0307443 0.124595 0.84466
9.9991E-05 0.0639891 0.935911
9.9991E-05 0.108502 0.891398
9.9991E-05 0.137078 0.862822
9.9991E-05 0.19837 0.80153
9.9991E-05 0.269158 0.730742
9.9991E-05 0.204163 0.795737
9.9991E-05 0.218881 0.781019
0.640639 0.24756 0.1118
0.612742 0.324386 0.0628722
0.77372 0.065223 0.161057
0.585051 0.285363 0.129585
0.652895 0.0973436 0.249762
0.544746 0.350173 0.105081
0.694039 0.165564 0.140398
0.669381 0.234622 0.0959974
0.766283 0.206338 0.0273787
0.697972 0.193553 0.108475
0.619005 0.318383 0.0626118
0.817955 0.0721414 0.109904
0.84224 9.9991E-05 0.15766
0.727683 0.0919836 0.180334
0.602824 0.317354 0.0798218
0.61451 0.312725 0.072765
0.33107 0.461626 0.207304
0.450432 0.44474 0.104829
0.282738 0.251428 0.465834
0.452458 0.321103 0.226439
0.281893 0.199368 0.518739
0.293853 0.398074 0.308073
0.294154 0.359226 0.34662
0.38561 0.288346 0.326044
0.410536 0.426656 0.162808
0.400305 0.418135 0.18156
0.224778 0.321396 0.453825
