9.9991E-05 0.107725 0.892175
9.999E-05 0.0463815 0.953519
9.999E-05 0.183921 0.815979
9.999E-05 0.168245 0.831655
9.9991E-05 0.129872 0.870028
0.220183 0.0871772 0.69264
0.0477243 0.0532395 0.899036
0.171385 0.0475991 0.781016
0.0467063 9.9991E-05 0.953194
0.132542 0.160528 0.70693
0.213042 0.032281 0.754677
0.731351 0.172524 0.096125
0.596086 0.385679 0.0182348
0.727627 0.121257 0.151116
0.532796 0.274141 0.193063
0.567079 0.317553 0.115368
0.631214 0.311488 0.0572986
0.61391 0.193173 0.192917
0.750167 9.9991E-05 0.249733
0.620546 0.270502 0.108951
0.669255 0.22491 0.105834
0.633318 0.31351 0.0531718
0.657847 0.215065 0.127089
0.531841 0.409884 0.0582749
0.661387 0.167451 0.171162
0.601404 0.240351 0.158245
0.761096 0.0879593 0.150945
9.9991E-05 0.210077 0.789823
9.9991E-05 0.170537 0.829363
0.0376947 0.169492 0.792813
0.0140789 0.25712 0.728801
0.672747 0.316442 0.0108106
0.654772 0.345128 9.9991E-05
0.706509 0.033626 0.259865
0.822411 0.177489 9.9991E-05
0.645494 0.354406 9.9991E-05
0.598902 0.322813 0.0782846
0.580266 0.293156 0.126578
0.903798 0.0352819 0.0609199
0.616947 0.382953 9.9991E-05
0.857693 0.142207 9.9991E-05
0.847093 9.9991E-05 0.152807
0.903489 9.9991E-05 0.0964114
0.812173 0.0204538 0.167373
0.737934 0.0343214 0.227744
0.622792 0.285721 0.0914868
0.666911 0.129583 0.203506
0.617557 0.0451822 0.337261
0.653576 0.231403 0.115021
0.775497 9.9991E-05 0.224403
0.733483 0.266417 9.9991E-05
0.572294 0.427606 9.9991E-05
0.699826 0.174528 0.125646
0.588336 0.341592 0.0700714
0.80241 0.0611528 0.136438
0.794097 0.205803 9.9991E-05
0.885707 0.0979324 0.0163603
0.959752 9.9991E-05 0.0401483
0.9998 9.999E-05 9.999E-05
0.862388 0.137512 9.9991E-05
0.805648 0.18596 0.00839121
0.743905 0.246766 0.00932931
0.828417 0.10866 0.0629233
0.853087 0.0424555 0.104457
0.793922 0.171979 0.034099
0.723659 0.211477 0.064864
0.823769 0.176131 9.9991E-05
0.937936 9.9991E-05 0.0619642
0.00538836 0.147156 0.847455
9.9991E-05 0.0750599 0.92484
9.9991E-05 0.160009 0.839891
9.9991E-05 0.10359 0.89631
0.0030291 0.135226 0.861745
9.9991E-05 0.120823 0.879077
9.9991E-05 0.0855434 0.914357
0.926544 0.00338607 0.0700696
0.73461 0.238997 0.0263931
0.694609 0.305291 9.9991E-05
0.690444 0.309456 9.9991E-05
0.690006 0.309894 9.9991E-05
0.900205 9.9991E-05 0.0996949
0.822111 0.177789 9.9991E-05
0.747094 0.252806 9.9991E-05
0.707478 0.251392 0.0411302
0.793068 0.206832 9.9991E-05
0.705669 0.21596 0.0783709
0.737015 0.077691 0.185294
0.601886 0.276195 0.12192
0.694299 0.239542 0.066159
0.601056 0.337463 0.0614804
0.671981 0.262641 0.0653776
0.666542 0.284153 0.0493055
0.706774 0.197011 0.0962149
0.652777 0.347123 9.9991E-05
0.652336 0.347564 9.9991E-05
0.640042 0.200606 0.159351
0.62384 0.37606 9.9991E-05
0.606467 0.393433 9.9991E-05
0.700978 0.153348 0.145675
0.794668 0.0692914 0.136041
0.910898 0.0311191 0.0579831
0.808948 0.0473723 0.14368
0.784887 0.146077 0.0690363
0.74425 0.138944 0.116806
0.751142 0.129374 0.119484
0.584808 0.372013 0.0431788
0.813573 0.0998707 0.0865562
0.539083 0.355066 0.10585
0.693633 9.9991E-05 0.306267
0.656955 0.206227 0.136818
0.595183 0.34923 0.0555865
0.720926 0.0781974 0.200876
0.811602 0.00893247 0.179465
0.738151 0.195532 0.0663178
0.618399 0.152657 0.228945
0.862882 0.137018 9.9991E-05
0.77476 0.22514 9.9991E-05
0.230612 0.361631 0.407758
0.0759439 0.169795 0.754261
0.226725 0.12384 0.649435
0.152829 0.394908 0.452262
0.683228 0.316673 9.9991E-05
0.132188 0.867712 9.9991E-05
0.818443 0.161432 0.0201251
0.789211 0.132119 0.0786702
0.714441 0.285459 9.9991E-05
0.701466 0.268178 0.0303553
0.658756 0.341144 9.9991E-05
0.834666 0.0716141 0.0937201
9.9991E-05 0.969268 0.0306324
0.00043786 0.975372 0.0241905
0.119899 0.879481 0.000620355
0.148703 0.851197 9.9991E-05
9.999E-05 0.9998 9.999E-05
9.9991E-05 0.964096 0.0358037
0.0287171 0.967671 0.00361226
9.9991E-05 0.992673 0.00722702
9.999E-05 0.9998 9.999E-05
9.999E-05 0.9998 9.999E-05
0.0297973 0.868476 0.101727
0.102369 0.825757 0.0718743
9.999E-05 0.9998 9.999E-05
9.9991E-05 0.920021 0.0798792
9.9991E-05 0.937828 0.0620717
9.9991E-05 0.986559 0.0133413
9.9991E-05 0.914923 0.084977
9.9991E-05 0.977018 0.0228824
0.139848 0.757161 0.102991
9.9991E-05 0.910587 0.0893126
0.4563 0.0495649 0.494135
0.455265 0.336373 0.208362
0.453241 0.317244 0.229515
0.490591 0.21066 0.298749
0.519268 0.201068 0.279664
0.48722 0.353691 0.159089
0.437565 0.347732 0.214702
0.355686 0.421423 0.222892
0.0532361 0.0738493 0.872915
9.9991E-05 0.11355 0.88635
9.9991E-05 0.0139445 0.985956
9.9991E-05 0.0361326 0.963767
9.9991E-05 0.0913673 0.908533
9.9991E-05 0.120444 0.879456
9.9991E-05 0.116083 0.883817
0.0118883 0.034032 0.95408
9.9991E-05 0.0856603 0.91424
9.9991E-05 0.1224 0.8775
0.265878 9.9991E-05 0.734022
0.297396 9.9991E-05 0.702504
0.340611 9.9991E-05 0.659289
0.392414 9.9991E-05 0.607486
0.70267 0.29723 9.9999E-05
0.671866 0.32141 0.00672339
0.742796 0.176781 0.0804229
0.848159 9.9991E-05 0.151741
0.628798 0.361861 0.00934052
0.719055 0.280845 9.9991E-05
0.720551 0.279349 9.9991E-05
0.751455 0.248445 9.9991E-05
0.711106 0.222478 0.0664163
0.9998 9.999E-05 9.999E-05
0.884635 0.107883 0.00748148
0.649942 0.349958 9.9991E-05
0.890761 0.00856816 0.100671
0.6504 9.9991E-05 0.3495
0.695309 9.9991E-05 0.304591
0.71359 9.9991E-05 0.28631
0.688573 9.9991E-05 0.311327
0.762919 9.9991E-05 0.236981
0.688031 0.0137662 0.298203
0.0154134 0.1253 0.859287
0.0359144 0.0808254 0.88326
0.0277502 0.214385 0.757864
0.00901825 0.216129 0.774852
0.0288325 0.201694 0.769474
0.469876 9.9991E-05 0.530024
0.39567 9.9991E-05 0.60423
0.407321 9.9991E-05 0.592579
9.9991E-05 0.197052 0.802848
0.478684 9.9991E-05 0.521216
0.226439 0.586291 0.187269
0.276945 0.652077 0.0709788
0.328485 0.464481 0.207034
0.137591 0.370034 0.492375
0.755202 0.180936 0.0638617
0.777981 0.18803 0.0339889
0.722976 0.0615465 0.215478
0.769541 0.193316 0.0371427
0.927515 9.9991E-05 0.072385
0.696272 0.258166 0.0455618
0.736491 0.138597 0.124912
0.949274 9.9991E-05 0.0506259
0.719327 0.280573 9.9991E-05
0.681383 0.30683 0.0117872
0.429517 0.366472 0.204012
0.79127 0.20863 9.9991E-05
0.716111 0.253678 0.0302119
0.677451 0.322449 9.9991E-05
0.699616 0.234358 0.0660257
0.583749 0.394283 0.0219686
9.9991E-05 0.213209 0.786691
9.9991E-05 0.150168 0.849732
0.0743078 0.104227 0.821465
0.0844584 0.120178 0.795363
0.0211548 0.116554 0.862291
0.738292 0.104656 0.157051
0.562713 0.437187 9.9991E-05
0.681068 0.229775 0.0891571
0.784371 0.121191 0.0944384
0.718496 9.9991E-05 0.281404
0.655073 0.247324 0.0976031
0.714531 0.0508087 0.23466
0.687586 0.190335 0.122079
0.733939 0.0325633 0.233498
0.747428 0.0347379 0.217834
0.736201 0.22388 0.0399187
0.799242 0.0947017 0.106057
0.579182 0.289082 0.131736
0.840691 0.0986168 0.0606917
0.717506 0.257737 0.0247564
0.938576 9.9991E-05 0.061324
0.882942 0.0466696 0.0703881
0.74283 0.230174 0.0269962
0.930433 9.9991E-05 0.0694675
0.74562 0.224396 0.0299836
0.825319 9.9991E-05 0.174581
0.827021 0.172879 9.9991E-05
0.719912 0.20463 0.0754574
0.614589 0.385311 9.9991E-05
0.822571 0.0987814 0.0786476
0.598785 0.362831 0.0383832
0.659528 0.287576 0.0528961
0.790657 0.155405 0.0539374
0.703945 0.197131 0.0989244
0.700422 0.299478 9.9991E-05
0.765345 0.140947 0.0937087
0.668322 0.331578 9.9991E-05
0.622424 0.204393 0.173183
0.636785 0.300855 0.0623606
0.283377 0.390795 0.325828
0.375599 0.489076 0.135324
0.507387 0.420778 0.0718344
0.306515 0.458139 0.235346
0.743701 0.2562 9.9991E-05
0.50041 0.14302 0.356569
0.460778 0.467233 0.0719882
0.423942 0.515648 0.06041
0.472723 0.260883 0.266393
0.397496 0.48438 0.118123
0.214057 0.191214 0.594729
0.320576 0.542109 0.137315
0.435248 0.39757 0.167182
0.673231 0.305648 0.0211207
0.99655 9.9991E-05 0.00335
0.932054 9.9991E-05 0.0678463
0.334405 0.505352 0.160243
0.292771 0.575103 0.132126
0.293497 0.430943 0.27556
0.260387 0.505051 0.234563
0.707766 0.108134 0.1841
0.670191 0.190659 0.13915
0.586123 0.413777 9.9991E-05
0.538037 0.407347 0.0546156
0.674161 0.272191 0.053648
0.570696 0.382921 0.0463829
0.533774 0.44815 0.0180756
0.827201 0.145819 0.0269793
0.790136 0.177297 0.0325671
0.624676 0.212275 0.163049
0.755028 0.244872 9.9991E-05
0.871631 0.0903293 0.0380401
0.652855 0.347045 9.9991E-05
0.838364 0.114387 0.0472493
0.805311 0.194589 9.9991E-05
0.365545 0.459255 0.1752
0.482616 0.364562 0.152822
0.557478 0.131457 0.311065
0.427303 0.536792 0.0359046
0.290821 0.168083 0.541096
0.439378 0.539336 0.0212866
0.988123 0.0117765 9.9991E-05
0.96571 9.9991E-05 0.03419
0.732386 0.267514 9.9991E-05
0.609604 0.390296 9.9991E-05
0.818923 0.180977 9.9991E-05
0.674829 0.325071 9.9991E-05
0.725005 0.274895 9.9991E-05
0.0187319 0.178462 0.802807
0.0892619 0.114631 0.796107
9.9991E-05 0.0960789 0.903821
9.9991E-05 0.0672403 0.93266
0.701733 0.284397 0.0138704
0.755818 0.244082 9.9991E-05
0.820665 0.111166 0.0681691
0.661372 0.338528 9.9991E-05
0.841324 0.158576 9.9991E-05
0.304111 0.474396 0.221493
0.779995 0.219905 9.9991E-05
0.781469 0.218431 9.9991E-05
0.719121 0.280779 9.9991E-05
0.769626 0.212835 0.0175389
0.728523 0.271377 9.9991E-05
0.9998 9.999E-05 9.999E-05
0.871202 0.128698 9.9991E-05
0.805549 0.17915 0.0153009
0.9998 9.999E-05 9.999E-05
0.693433 0.236311 0.0702558
0.940258 0.0256868 0.0340549
0.944205 9.9991E-05 0.055695
0.652873 0.347027 9.9991E-05
0.902068 0.0774605 0.0204715
0.704125 0.266524 0.0293516
0.682829 0.317071 9.9991E-05
0.821713 0.141494 0.0367931
0.719609 0.280291 9.9991E-05
0.694021 0.305139 0.000839805
0.858052 0.141848 9.9991E-05
0.204099 9.9991E-05 0.795801
0.11982 0.0747782 0.805401
0.0786455 9.9991E-05 0.921255
0.0840432 9.9991E-05 0.915857
0.18536 0.0290122 0.785628
0.873946 0.0480149 0.078039
0.917234 0.0105849 0.0721811
0.92362 0.0762798 9.9991E-05
0.751119 0.213391 0.0354901
0.668335 0.331565 9.9991E-05
0.743839 0.256061 9.9991E-05
0.685369 0.314531 9.9991E-05
0.855032 0.144868 9.9991E-05
0.802553 0.197347 9.9991E-05
0.864476 0.135424 9.9991E-05
0.507557 0.419348 0.0730953
0.847844 0.152056 9.9991E-05
0.76119 0.23871 9.9991E-05
0.247217 0.68692 0.0658625
0.176323 0.657062 0.166615
0.630841 0.329504 0.0396546
9.9991E-05 0.711629 0.288271
0.164893 0.663231 0.171877
0.46668 0.407855 0.125465
0.522769 0.355548 0.121683
0.640268 0.261879 0.0978533
0.140667 0.690184 0.169149
0.185381 0.717506 0.0971128
0.103186 0.755815 0.140999
0.194149 0.661217 0.144634
0.583997 0.339574 0.0764291
0.0406644 0.77691 0.182426
0.732317 0.039507 0.228176
0.60975 0.39015 9.9991E-05
0.520551 0.350179 0.129269
0.541688 0.295485 0.162826
0.428809 0.417785 0.153406
0.327979 0.473609 0.198412
0.0700466 0.686214 0.243739
0.677984 0.23244 0.0895755
0.64501 0.140177 0.214813
0.6323 0.197277 0.170423
0.41905 0.412778 0.168172
0.347561 0.161664 0.490775
0.387695 0.135579 0.476726
0.508239 0.235748 0.256013
0.318013 0.218187 0.4638
0.20141 0.240958 0.557632
0.463595 0.352584 0.183821
0.41962 0.353104 0.227276
0.351792 0.286625 0.361583
0.403842 0.229561 0.366597
0.499303 0.336298 0.164399
0.456151 0.249033 0.294816
0.268426 0.0799635 0.651611
0.371221 0.428225 0.200554
0.279294 0.46843 0.252276
0.354791 0.564189 0.0810206
0.320565 0.461658 0.217777
0.212928 0.411687 0.375385
0.366184 0.462592 0.171225
0.317996 0.494749 0.187255
0.282377 0.455849 0.261774
0.516689 0.27438 0.20893
0.222639 0.501187 0.276174
0.204526 0.38691 0.408565
0.177898 0.532578 0.289524
0.124835 0.00507275 0.870093
0.675089 9.9991E-05 0.324811
0.755022 9.9991E-05 0.244878
0.738217 9.9991E-05 0.261683
0.72373 9.9991E-05 0.27617
0.702316 9.9991E-05 0.297584
0.780981 9.9991E-05 0.218919
0.743491 9.9991E-05 0.256409
0.516988 9.9991E-05 0.482912
0.00145805 0.112466 0.886076
0.07083 0.0882549 0.840915
9.9991E-05 0.11442 0.88548
0.0435839 0.0693959 0.88702
9.9991E-05 0.0759211 0.923979
9.9991E-05 0.0912709 0.908629
0.0375081 0.216868 0.745624
9.9991E-05 0.159475 0.840425
0.109483 0.128676 0.761842
0.00514416 0.110426 0.88443
9.9991E-05 0.00271935 0.997181
0.0141949 0.089051 0.896754
9.9991E-05 0.0143601 0.98554
9.9991E-05 0.102072 0.897828
9.9991E-05 0.121535 0.878365
9.9991E-05 0.195625 0.804275
9.9991E-05 0.244304 0.755596
9.9991E-05 0.254631 0.745269
9.9991E-05 0.20836 0.79154
0.668252 0.202285 0.129462
0.616652 0.383248 9.9991E-05
0.775357 0.0710308 0.153612
0.567828 0.274947 0.157224
0.694143 0.0596931 0.246164
0.53292 0.377254 0.0898259
0.696479 0.163556 0.139966
0.650785 0.261793 0.0874218
0.639146 0.303943 0.0569114
0.665508 0.211605 0.122887
0.602458 0.323789 0.0737528
0.85387 0.0322406 0.113889
0.830826 9.9991E-05 0.169074
0.745731 0.0393258 0.214943
0.629227 0.331608 0.0391644
0.57608 0.276123 0.147797
0.378648 0.444674 0.176679
0.395891 0.469587 0.134523
0.262552 0.265209 0.472238
0.353754 0.357834 0.288412
0.269881 0.176351 0.553768
0.263513 0.441919 0.294568
0.283818 0.352736 0.363446
0.366115 0.306309 0.327576
0.419472 0.419239 0.161289
0.493717 0.390092 0.116191
0.212284 0.329938 0.457778
