0.0045868 0.909381 0.0860323
9.999E-05 0.981869 0.0180314
9.999E-05 0.831609 0.168291
9.999E-05 0.841962 0.157938
9.9991E-05 0.881826 0.118074
0.175604 0.706784 0.117612
0.0453125 0.895655 0.0590329
0.121351 0.822174 0.0564754
0.0680875 0.931812 9.9991E-05
0.106582 0.742751 0.150667
0.159743 0.828755 0.0115016
0.724172 0.0982395 0.177588
0.610339 0.0188787 0.370783
0.679932 0.0998942 0.220174
0.579976 0.134162 0.285862
0.530898 0.138107 0.330995
0.487041 0.087046 0.425913
0.611031 0.0490011 0.339968
0.574935 0.162788 0.262277
0.796923 0.202977 9.9991E-05
0.580269 0.0331279 0.386603
0.62907 0.0479478 0.322982
0.660351 0.000972148 0.338677
0.642223 0.0903484 0.267429
0.544391 0.0691014 0.386508
0.487129 0.0256239 0.487248
0.703256 0.131394 0.16535
0.6203 0.120646 0.259054
0.767527 0.0987309 0.133742
9.9991E-05 0.803138 0.196762
9.9991E-05 0.810091 0.189809
0.0279913 0.781665 0.190344
9.9991E-05 0.77981 0.22009
0.593965 0.00886653 0.397169
0.542889 0.0684894 0.388622
0.64795 9.9991E-05 0.35195
0.695027 0.264031 0.0409415
0.805386 9.9991E-05 0.194514
0.549911 0.0749256 0.375164
0.569438 9.9991E-05 0.430462
0.549164 0.0343765 0.416459
0.52986 0.0566192 0.413521
0.838941 0.0989319 0.0621267
0.493703 0.0147252 0.491572
0.507484 9.9991E-05 0.492416
0.425899 0.104983 0.469118
0.811797 9.9991E-05 0.188103
0.594457 9.9991E-05 0.405443
0.501288 0.0751726 0.42354
0.817951 0.181949 9.9991E-05
0.872034 0.0814543 0.0465114
0.808847 0.155215 0.035938
0.476965 0.0981283 0.424907
0.495636 0.0623122 0.442052
0.53393 0.0173883 0.448681
0.755315 0.224989 0.0196954
0.695074 9.9991E-05 0.304826
0.51301 0.0647436 0.422246
0.626803 0.138659 0.234538
0.596252 0.344453 0.0592943
0.554665 0.0798881 0.365447
0.574335 0.104793 0.320872
0.807236 0.192664 9.9991E-05
0.684485 9.9991E-05 0.315415
0.584144 9.9991E-05 0.415756
0.551242 0.0712961 0.377462
0.692702 0.109246 0.198052
0.628316 0.00353422 0.36815
0.58304 9.9991E-05 0.41686
0.836244 0.150265 0.0134909
0.707287 9.9991E-05 0.292613
0.908299 0.0292249 0.0624756
0.57109 0.046833 0.382077
0.965436 0.0344645 9.9991E-05
0.965865 0.0340355 9.9991E-05
0.854715 9.9991E-05 0.145185
0.817075 9.9991E-05 0.182825
0.514277 0.0881985 0.397524
0.705507 9.9991E-05 0.294393
0.85011 0.0121386 0.137752
0.830345 0.0569525 0.112702
0.600352 0.00785964 0.391789
0.74582 0.0421294 0.212051
0.680002 0.0448506 0.275147
0.759634 9.9991E-05 0.240266
0.925112 0.0747879 9.9991E-05
0.564417 9.9991E-05 0.435483
0.024289 0.808727 0.166984
9.9991E-05 0.87817 0.12173
9.9991E-05 0.841117 0.158783
9.9991E-05 0.878059 0.121841
9.9991E-05 0.866626 0.133274
9.9991E-05 0.890472 0.109428
9.9991E-05 0.925169 0.0747313
0.548448 0.0618252 0.389727
0.523572 0.0329496 0.443478
0.933608 0.066292 9.9991E-05
0.481806 0.0323025 0.485891
0.710631 9.9991E-05 0.289269
0.527103 9.9991E-05 0.472797
0.643134 9.9991E-05 0.356766
0.628324 9.9991E-05 0.371576
0.908478 0.0914217 9.9991E-05
0.543247 0.0998025 0.35695
0.557621 9.9991E-05 0.442279
0.518852 0.0457508 0.435397
0.772428 9.9991E-05 0.227472
0.643521 9.9991E-05 0.356379
0.712803 0.00263326 0.284564
0.728226 9.9991E-05 0.271675
0.680295 0.0510249 0.26868
0.599392 0.0535964 0.347012
0.706491 0.146555 0.146954
0.572228 0.126244 0.301528
0.48203 0.0971344 0.420836
0.494142 0.0651544 0.440704
0.658848 0.0361557 0.304996
0.581657 9.9991E-05 0.418243
0.597049 0.0813979 0.321553
0.622326 0.0890389 0.288635
0.573366 0.0418446 0.38479
0.599559 0.0286184 0.371822
0.739986 0.0195941 0.240419
0.568979 0.0261136 0.404907
0.557866 0.0417115 0.400423
0.558126 9.9991E-05 0.441774
0.489656 0.0615841 0.44876
0.558652 9.9991E-05 0.441249
0.612972 0.19714 0.189888
0.55809 0.00852181 0.433388
0.554115 0.0267501 0.419135
0.755211 0.0994129 0.145376
0.757109 0.156766 0.0861252
0.593022 0.0540241 0.352954
0.870448 0.0782301 0.0513217
0.761394 0.137128 0.101478
0.751322 0.0133942 0.235284
0.749503 0.102197 0.1483
0.73918 0.0858714 0.174948
0.549094 0.0193095 0.431597
0.526853 0.0842066 0.388941
0.555851 0.0589095 0.38524
0.768494 0.140085 0.091421
0.536753 0.139958 0.323289
0.508294 0.0439873 0.447718
0.683174 0.316726 9.9991E-05
0.516181 0.0140387 0.469781
0.622075 0.0899783 0.287947
0.560862 0.0554004 0.383738
0.655262 0.122007 0.222731
0.755556 0.188862 0.0555827
0.681712 0.0994615 0.218826
0.591847 0.0472633 0.36089
0.583898 0.114628 0.301474
0.673579 0.1685 0.157921
0.548544 0.0397578 0.411698
0.834154 9.9991E-05 0.165746
0.724582 9.9991E-05 0.275318
0.490468 0.0478039 0.461728
0.21689 0.402342 0.380768
0.0923769 0.752526 0.155097
0.171044 0.687329 0.141627
0.116098 0.447425 0.436477
0.590704 9.9991E-05 0.409196
0.521212 0.0950181 0.38377
0.0450558 0.0042757 0.950669
0.258598 0.07398 0.667422
0.281517 0.117186 0.601297
0.796865 0.0244583 0.178677
0.48558 0.0997506 0.414669
0.785633 0.0960959 0.118271
0.624521 9.9991E-05 0.375379
0.63089 0.0587973 0.310313
0.583758 9.9991E-05 0.416142
0.781799 0.0952098 0.122991
0.515327 9.9991E-05 0.484573
0.54052 9.9991E-05 0.45938
9.9991E-05 0.069702 0.930198
9.9991E-05 0.0085504 0.99135
0.109842 0.0982725 0.791886
0.0539478 0.0721236 0.873929
0.0157877 0.0652173 0.918995
9.9991E-05 0.0698104 0.93009
9.9991E-05 0.102999 0.896901
9.999E-05 9.999E-05 0.9998
9.999E-05 9.999E-05 0.9998
9.9991E-05 0.0497577 0.950142
9.9991E-05 0.0762659 0.923634
0.0248242 0.106047 0.869129
9.9991E-05 0.103752 0.896148
9.9991E-05 0.0716768 0.928223
0.351597 0.069474 0.578929
0.059014 0.122943 0.818043
0.00703916 0.0919919 0.900969
9.9991E-05 0.0927756 0.907124
9.9991E-05 0.0637934 0.936107
9.9991E-05 0.0905152 0.909385
9.9991E-05 0.0400682 0.959832
0.0718003 0.119202 0.808998
9.9991E-05 0.0805504 0.91935
0.429583 0.526227 0.0441897
0.488633 0.17882 0.332547
0.417623 0.263594 0.318784
0.475094 0.289801 0.235105
0.453388 0.0873356 0.459277
0.398185 0.335809 0.266006
0.437664 0.227967 0.334369
0.373623 0.161525 0.464852
0.443148 0.153263 0.403589
0.359157 0.209368 0.431475
0.376645 0.182578 0.440777
0.0587529 0.889224 0.0520228
9.9991E-05 0.911026 0.0888736
9.9991E-05 0.990188 0.00971197
9.9991E-05 0.968468 0.0314317
9.9991E-05 0.905227 0.0946727
9.9991E-05 0.878682 0.121218
9.9991E-05 0.874428 0.125472
0.0789867 0.879445 0.0415683
9.9991E-05 0.917636 0.0822639
9.9991E-05 0.854217 0.145683
0.273548 0.726352 9.9991E-05
0.302977 0.696923 9.9991E-05
0.303572 0.696328 9.9991E-05
0.39732 0.60258 9.9991E-05
0.5979 0.0672968 0.334803
0.687797 0.00256862 0.309634
0.609965 9.9991E-05 0.389935
0.768655 0.0940498 0.137295
0.830893 0.143895 0.0252118
0.570757 9.9991E-05 0.429143
0.692611 9.9991E-05 0.307289
0.703257 9.9991E-05 0.296643
0.736669 9.9991E-05 0.263231
0.604561 0.0122802 0.383158
0.751207 9.9991E-05 0.248693
0.961424 0.0384756 9.9991E-05
0.570412 0.129495 0.300093
0.829225 0.0304562 0.140319
0.703503 9.9991E-05 0.296397
0.882859 0.108108 0.00903311
0.659453 0.340447 9.9991E-05
0.698103 0.301797 9.9991E-05
0.758677 0.241223 9.9991E-05
0.682569 0.317331 9.9991E-05
0.793615 0.206285 9.9991E-05
0.749675 0.250225 9.9991E-05
9.9991E-05 0.866937 0.132963
0.0375129 0.845005 0.117483
9.9991E-05 0.772012 0.227888
9.9991E-05 0.81708 0.18282
9.9991E-05 0.812881 0.187019
0.436426 0.563474 9.9991E-05
0.393116 0.606784 9.9991E-05
0.427894 0.572006 9.9991E-05
9.9991E-05 0.805755 0.194145
0.454128 0.545772 9.9991E-05
0.121213 0.281182 0.597605
0.273939 0.121788 0.604273
0.195684 0.166027 0.638289
0.22528 0.309907 0.464813
0.4103 0.110837 0.478863
0.0594492 0.594026 0.346524
0.742334 0.0785035 0.179162
0.752587 0.0635355 0.183878
0.715147 0.189792 0.0950611
0.736797 9.9991E-05 0.263103
0.924744 0.0751563 9.9991E-05
0.521024 0.100948 0.378027
0.671403 0.0281644 0.300433
0.766777 0.112284 0.120939
0.611479 0.0746865 0.313834
0.872867 0.10569 0.0214423
0.684426 0.0221833 0.29339
0.658263 9.9991E-05 0.341637
0.395755 0.164438 0.439806
0.751402 9.9991E-05 0.248498
0.681075 0.0465643 0.27236
0.613705 9.9991E-05 0.386195
0.7116 9.9991E-05 0.2883
0.538929 9.9991E-05 0.460971
0.609361 0.0211563 0.369483
0.581022 0.0492475 0.369731
9.9991E-05 0.764243 0.235657
0.00584092 0.829094 0.165065
0.13437 0.801229 0.0644015
0.0123425 0.864607 0.123051
9.9991E-05 0.818102 0.181798
0.791871 0.127716 0.0804129
0.585641 0.0181184 0.39624
0.361638 0.21089 0.427472
0.516656 9.9991E-05 0.483244
0.598254 0.0467339 0.355012
0.710329 0.0916484 0.198023
0.703556 0.296344 9.9991E-05
0.689959 0.00556289 0.304478
0.723867 0.194993 0.0811393
0.589321 0.0984693 0.31221
0.695176 0.248133 0.0566909
0.494298 0.0399799 0.465722
0.741279 0.192403 0.0663183
0.681169 0.112187 0.206644
0.547513 0.0629157 0.389571
0.772451 0.0628002 0.164749
0.54359 0.0431566 0.413253
0.559289 0.0527956 0.387915
0.775372 0.0391546 0.185473
0.525678 0.105169 0.369153
0.696538 0.0140819 0.28938
0.950551 0.0493495 9.9991E-05
0.831673 0.042332 0.125995
0.664371 0.0149312 0.320698
0.875596 0.0885605 0.035844
0.747977 0.00872852 0.243295
0.829917 0.153729 0.0163539
0.827186 0.0101064 0.162708
0.614373 0.101852 0.283775
0.562147 9.9991E-05 0.437753
0.821582 0.0573402 0.121078
0.603531 0.0829973 0.313472
0.615374 0.00641199 0.378214
0.618912 0.0233879 0.3577
0.591374 0.00172301 0.406903
0.615622 0.0633974 0.320981
0.71936 0.0571289 0.223511
0.677427 0.0902469 0.232326
0.660585 9.9991E-05 0.339315
0.579713 9.9991E-05 0.420188
0.696905 0.0560521 0.247043
0.637506 9.9991E-05 0.362394
0.611121 0.169302 0.219576
0.632246 9.9991E-05 0.367654
0.596335 0.0208507 0.382814
0.546923 0.0369967 0.416081
0.248837 0.309806 0.441357
0.386 0.0812585 0.532742
0.356627 0.0851274 0.558245
0.475079 0.0272901 0.497631
0.285361 0.219819 0.49482
0.705953 9.9991E-05 0.293947
0.384169 0.107434 0.508397
0.438153 0.394651 0.167196
0.346782 0.109476 0.543742
0.412447 0.0249728 0.56258
0.363337 0.0892646 0.547398
0.377264 0.251427 0.371309
0.277793 0.173642 0.548565
0.280247 0.137658 0.582095
0.133145 0.683352 0.183504
0.270166 0.179373 0.550462
0.283632 0.132403 0.583965
0.427362 0.0713149 0.501324
0.259154 0.161684 0.579162
0.334322 0.139259 0.526419
0.589308 0.060112 0.35058
0.601659 0.0519857 0.346355
0.950082 0.0498177 9.9991E-05
0.920175 0.0797252 9.9991E-05
0.60129 0.0388185 0.359892
0.215304 0.144631 0.640065
0.277731 0.157273 0.564997
0.326941 0.241008 0.432051
0.18876 0.245978 0.565261
0.695374 0.17699 0.127636
0.570564 0.172195 0.25724
0.571902 9.9991E-05 0.427998
0.567932 0.0331896 0.398878
0.59133 0.132026 0.276644
0.474348 0.0585519 0.4671
0.55355 9.9991E-05 0.44635
0.508682 0.080841 0.410477
0.790706 0.0431107 0.166183
0.752469 9.9991E-05 0.247431
0.630621 9.9991E-05 0.369279
0.656883 0.0283123 0.314805
0.510812 0.0815373 0.40765
0.723788 0.00553032 0.270682
0.837976 0.0445023 0.117522
0.579116 9.9991E-05 0.420784
0.886936 0.011913 0.101151
0.701397 0.0664244 0.232179
0.592423 0.0185399 0.389037
0.681045 9.9991E-05 0.318855
0.361785 0.176454 0.461761
0.388617 0.0934576 0.517925
0.315584 0.167272 0.517144
0.367729 0.216189 0.416083
0.402187 0.114438 0.483375
0.332653 0.221327 0.446019
0.545395 0.329919 0.124686
0.352191 0.0444411 0.603368
0.283828 0.571314 0.144859
0.456931 9.9991E-05 0.542969
0.968718 0.00193143 0.0293502
0.909066 0.0908343 9.9991E-05
0.717325 9.9991E-05 0.282575
0.58196 9.9991E-05 0.41794
0.777122 9.9991E-05 0.222778
0.694877 9.9991E-05 0.305023
0.624038 9.9991E-05 0.375862
0.0409829 0.822008 0.137009
0.0417203 0.825163 0.133117
9.9991E-05 0.931974 0.0679263
9.9991E-05 0.944701 0.0551994
0.642868 0.028726 0.328406
0.662177 9.9991E-05 0.337723
0.707245 9.9991E-05 0.292655
0.506694 0.0357857 0.45752
0.625973 0.00949362 0.364533
0.806392 0.0567094 0.136899
0.630516 9.9991E-05 0.369384
0.801752 9.9991E-05 0.198148
0.293875 0.205986 0.500139
0.649738 9.9991E-05 0.350162
0.801909 9.9991E-05 0.197991
0.697983 9.9991E-05 0.301917
0.80007 0.0219368 0.177993
0.621795 9.9991E-05 0.378105
0.61162 0.0201581 0.368222
0.991015 9.9991E-05 0.00888487
0.772877 0.0320687 0.195055
0.779809 0.0143503 0.20584
0.988482 0.0114184 9.9991E-05
0.719419 9.9991E-05 0.280481
0.909589 0.0300122 0.0603987
0.911293 0.088607 9.9991E-05
0.632351 9.9991E-05 0.367549
0.81583 0.0259092 0.158261
0.686943 9.9991E-05 0.312957
0.538442 0.0112244 0.450333
0.65496 9.9991E-05 0.34494
0.737754 0.0267802 0.235466
0.637203 9.9991E-05 0.362697
0.695034 9.9991E-05 0.304866
0.784988 9.9991E-05 0.214912
0.675682 0.02906 0.295258
0.238889 0.746258 0.0148527
0.148341 0.782889 0.0687696
0.102878 0.897022 9.9991E-05
0.0927594 0.907141 9.9991E-05
0.175896 0.824004 9.9991E-05
0.875395 0.0733296 0.0512755
0.860919 0.101531 0.0375503
0.900559 9.9991E-05 0.0993408
0.563069 0.0301709 0.40676
0.533248 0.0526404 0.414112
0.82368 9.9991E-05 0.17622
0.522875 9.9991E-05 0.477025
0.717089 0.0422616 0.240649
0.702321 9.9991E-05 0.297579
0.51337 9.9991E-05 0.48653
0.840459 9.9991E-05 0.159441
0.787038 9.9991E-05 0.212862
0.823425 9.9991E-05 0.176475
0.537226 0.0829296 0.379845
0.763242 0.013758 0.223
0.706492 9.9991E-05 0.293408
0.226751 0.0555484 0.7177
0.141848 0.155141 0.703011
0.143978 0.153479 0.702543
0.102735 0.148374 0.74889
0.251367 0.124747 0.623886
0.646869 9.9991E-05 0.353031
9.9991E-05 0.331441 0.668459
0.0685814 0.208795 0.722623
0.379932 0.11416 0.505908
0.485412 0.0979405 0.416647
0.615046 0.12628 0.258674
0.495045 0.0916091 0.413346
0.440599 0.0956732 0.463727
0.0308774 0.203722 0.765401
0.226028 0.129819 0.644154
0.141728 0.0941814 0.76409
0.300622 0.0827769 0.616601
0.0975063 0.170585 0.731909
0.298402 0.102647 0.598951
0.0785256 0.140409 0.781065
0.214521 0.106504 0.678975
0.581773 0.00188001 0.416347
0.254868 0.162684 0.582448
9.9991E-05 0.193172 0.806728
0.222483 0.154647 0.62287
0.658685 0.285585 0.0557302
0.536387 9.9991E-05 0.463513
0.217032 0.140275 0.642693
0.515428 0.0767401 0.407832
0.526047 0.162881 0.311072
0.317787 0.178744 0.503469
0.214376 0.243671 0.541953
0.429604 0.0874893 0.482907
0.228664 0.138664 0.632672
0.158445 0.121606 0.719949
9.9991E-05 0.264672 0.735228
0.489517 0.0625723 0.447911
0.599941 0.113119 0.28694
0.644233 0.218245 0.137522
0.404308 0.158923 0.436769
0.575528 0.149348 0.275124
0.354163 0.111442 0.534396
0.405062 0.166035 0.428903
0.305399 0.516891 0.177709
0.349731 0.531072 0.119197
0.492811 0.213372 0.293817
0.325176 0.47914 0.195684
0.137834 0.571727 0.290439
0.424267 0.160727 0.415006
0.395641 0.261705 0.342654
0.383376 0.369966 0.246659
0.367982 0.386988 0.24503
0.447527 0.0825403 0.469933
0.458245 0.300722 0.241033
0.2789 0.659619 0.0614803
0.375084 0.1324 0.492516
0.326114 0.237208 0.436678
0.241287 0.275712 0.483
0.22418 0.141057 0.634763
0.349996 0.155798 0.494206
0.341089 0.113607 0.545303
0.143673 0.366331 0.489997
0.264716 0.239546 0.495737
0.190447 0.218052 0.591501
0.27596 0.27989 0.444149
0.483959 0.231582 0.284458
0.365057 0.193371 0.441572
0.380617 0.0571093 0.562274
0.454577 0.0527824 0.49264
0.166508 0.290411 0.543081
0.299102 0.172003 0.528895
0.209959 0.414263 0.375779
0.344444 0.16899 0.486566
0.15636 0.317395 0.526246
0.120769 0.847299 0.0319321
0.696584 0.303316 9.9991E-05
0.728453 0.271447 9.9991E-05
0.713818 0.286082 9.9991E-05
0.764519 0.235381 9.9991E-05
0.74477 0.25513 9.9991E-05
0.811252 0.188648 9.9991E-05
0.724844 0.275056 9.9991E-05
0.567481 0.432419 9.9991E-05
9.9991E-05 0.92237 0.07753
0.0991872 0.847399 0.0534135
9.9991E-05 0.897959 0.101941
0.0761813 0.874258 0.0495605
9.9991E-05 0.895234 0.104666
0.031137 0.918291 0.050572
9.9991E-05 0.768587 0.231313
9.9991E-05 0.840803 0.159097
0.119442 0.75131 0.129248
9.9991E-05 0.91231 0.0875901
0.00620885 0.979787 0.014004
0.0251833 0.86095 0.113867
9.9991E-05 0.954968 0.0449315
9.9991E-05 0.911827 0.0880725
0.00686903 0.852625 0.140506
9.9991E-05 0.833757 0.166143
9.9991E-05 0.752103 0.247797
9.9991E-05 0.765827 0.234073
9.9991E-05 0.817968 0.181932
0.539425 0.168281 0.292294
0.653405 9.9991E-05 0.346495
0.399349 0.106951 0.4937
0.743692 0.179506 0.0768014
0.522323 0.0836581 0.394019
0.66661 0.277456 0.0559348
0.481907 0.0774064 0.440686
0.684742 0.161158 0.1541
0.632984 0.0893082 0.277707
0.670387 9.9991E-05 0.329513
0.640593 0.116 0.243407
0.575825 0.0573229 0.366852
0.509787 0.0665177 0.423695
0.802896 0.168651 0.0284528
0.813929 0.185971 9.9991E-05
0.713624 0.207688 0.0786881
0.535226 0.0218557 0.442919
0.591659 0.0768521 0.331489
0.592391 0.0913445 0.316264
0.5178 0.054891 0.427309
0.381473 0.10241 0.516117
0.34881 0.0914242 0.559765
0.279429 0.489901 0.23067
0.532058 0.0512242 0.416717
0.335452 0.20329 0.461258
0.217017 0.604174 0.178809
0.262891 0.362759 0.37435
0.299471 0.356124 0.344406
0.272169 0.332314 0.395517
0.326269 0.128572 0.545158
0.284244 0.200065 0.515691
0.35446 0.0810099 0.56453
0.397483 0.150885 0.451632
0.174691 0.454167 0.371143
