9.9991E-05 0.886711 0.113189
9.999E-05 0.963861 0.0360393
9.999E-05 0.810347 0.189553
0.000550069 0.815821 0.183629
9.9991E-05 0.846646 0.153254
0.223864 0.669908 0.106228
0.0371803 0.892103 0.0707166
0.130116 0.810573 0.0593108
0.0456854 0.954215 9.9991E-05
0.0639162 0.744914 0.19117
0.113206 0.848496 0.038298
0.711505 0.120853 0.167641
0.598721 0.0160845 0.385194
0.678017 0.142054 0.179929
0.580391 0.145557 0.274052
0.543616 0.13707 0.319314
0.545924 0.0243488 0.429727
0.664803 0.00083588 0.334361
0.547947 0.190417 0.261636
0.735288 0.264612 9.9991E-05
0.630416 0.0673369 0.302247
0.661651 0.0405084 0.29784
0.623542 0.0653499 0.311108
0.708648 0.06398 0.227372
0.438128 0.0387299 0.523142
0.547296 0.0500379 0.402666
0.71692 0.17699 0.106091
0.577136 0.167378 0.255486
0.82012 0.124225 0.0556545
9.9991E-05 0.797527 0.202373
9.9991E-05 0.791934 0.207966
0.000983395 0.756991 0.242026
0.0501731 0.684043 0.265784
0.65751 0.01782 0.32467
0.603679 0.0515167 0.344804
0.656557 9.9991E-05 0.343343
0.742735 0.223117 0.0341475
0.806685 9.9991E-05 0.193215
0.557753 0.0596681 0.382579
0.561523 9.9991E-05 0.438377
0.602445 0.00538215 0.392172
0.599927 0.0248003 0.375273
0.916411 0.0519199 0.0316689
0.600368 9.9991E-05 0.399532
0.551842 9.9991E-05 0.448058
0.453993 0.108107 0.4379
0.808849 9.9991E-05 0.191051
0.609422 0.00800603 0.382572
0.603658 0.000664312 0.395678
0.811372 0.188528 9.9991E-05
0.855036 0.0968855 0.0480784
0.795313 0.184107 0.0205796
0.581908 0.0164918 0.4016
0.506439 0.0405825 0.452979
0.548274 9.9991E-05 0.451626
0.78407 0.213653 0.00227744
0.697862 9.9991E-05 0.302038
0.553444 0.0486352 0.397921
0.665614 0.12159 0.212796
0.612534 0.343885 0.0435813
0.62802 9.9998E-05 0.37188
0.670343 0.073662 0.255995
0.833181 0.166719 9.9991E-05
0.704535 0.00479599 0.290669
0.560054 0.0147362 0.42521
0.664758 0.0106527 0.324589
0.703137 0.14055 0.156314
0.681235 9.9991E-05 0.318665
0.540716 0.0536435 0.40564
0.801791 0.147854 0.050355
0.736914 9.9991E-05 0.262986
0.869113 0.0148551 0.116032
0.537946 0.0978883 0.364165
0.959617 0.040283 9.9991E-05
0.961462 0.0384381 9.9991E-05
0.864009 9.9991E-05 0.135891
0.700961 9.9991E-05 0.298939
0.50992 0.0921446 0.397935
0.693812 0.0048276 0.301361
0.819701 0.117622 0.0626767
0.80327 0.0601025 0.136627
0.621104 0.00872182 0.370174
0.795599 0.0275019 0.176899
0.713925 0.0284899 0.257585
0.792318 9.9991E-05 0.207582
0.910413 0.0894867 9.9991E-05
0.600847 9.9991E-05 0.399053
0.0396274 0.813562 0.146811
9.9991E-05 0.879997 0.119903
9.9991E-05 0.832179 0.167721
9.9991E-05 0.854721 0.145179
0.00155243 0.85879 0.139658
9.9991E-05 0.869059 0.130841
9.9991E-05 0.89608 0.10382
0.584746 0.0560687 0.359185
0.541798 0.0105641 0.447638
0.911543 0.0883566 9.9991E-05
0.525079 0.0824249 0.392496
0.779963 9.9991E-05 0.219937
0.668741 9.9991E-05 0.331159
0.631484 9.9991E-05 0.368416
0.619568 9.9991E-05 0.380332
0.88357 0.11633 9.9991E-05
0.522378 0.116163 0.361459
0.526475 0.0181529 0.455372
0.614177 0.0154573 0.370366
0.810363 9.9991E-05 0.189537
0.713171 9.9991E-05 0.286729
0.726977 0.00608314 0.26694
0.730449 9.9991E-05 0.269451
0.676421 0.0868276 0.236752
0.555447 0.0508246 0.393729
0.748544 0.102519 0.148937
0.510813 0.213967 0.27522
0.546143 0.0803541 0.373503
0.592676 9.9991E-05 0.407224
0.777416 0.022223 0.200361
0.596847 0.0155587 0.387594
0.660348 0.0522355 0.287417
0.57906 0.0435783 0.377362
0.552105 0.0600122 0.387883
0.707151 0.0339788 0.25887
0.749018 9.9991E-05 0.250882
0.551434 9.9991E-05 0.448466
0.47935 0.0458574 0.474792
0.622997 9.9991E-05 0.376903
0.622846 0.0224833 0.35467
0.593127 0.0616046 0.345269
0.609669 0.147133 0.243198
0.538988 9.9991E-05 0.460912
0.596663 9.9991E-05 0.403237
0.744953 0.115902 0.139145
0.817708 0.118873 0.0634191
0.572449 0.0631624 0.364388
0.897954 0.0496558 0.0523898
0.773904 0.141165 0.0849309
0.792679 0.00806898 0.199252
0.781175 0.0857942 0.13303
0.79551 0.0930924 0.111398
0.517128 0.0676199 0.415252
0.547157 0.0497661 0.403077
0.605449 0.0115576 0.382993
0.769769 0.130545 0.0996866
0.530731 0.135892 0.333377
0.625531 0.0474172 0.327052
0.691905 0.307995 9.9991E-05
0.547071 0.0437606 0.409168
0.579836 0.134749 0.285415
0.627128 0.0728242 0.300048
0.703265 0.148116 0.148619
0.803537 0.171241 0.025222
0.726467 0.0731055 0.200428
0.523515 0.0881465 0.388339
0.591231 0.134367 0.274402
0.679983 0.202361 0.117656
0.605637 0.0403423 0.354021
0.881413 9.9991E-05 0.118487
0.780764 9.9991E-05 0.219136
0.51835 0.049081 0.432569
0.235961 0.394806 0.369233
0.0950448 0.730697 0.174258
0.185116 0.667332 0.147552
0.0897169 0.462677 0.447606
0.650502 9.9991E-05 0.349398
0.622703 0.0623667 0.31493
0.102307 9.9991E-05 0.897593
0.304166 0.0157515 0.680082
0.351637 0.0901149 0.558248
0.777103 0.0396609 0.183236
0.504644 0.043621 0.451735
0.794753 0.0967942 0.108453
0.637199 9.9991E-05 0.362701
0.687596 0.0402504 0.272154
0.583448 9.9991E-05 0.416452
0.881019 0.0787681 0.0402129
0.558352 9.9991E-05 0.441548
0.501343 0.101264 0.397393
9.9991E-05 0.0444234 0.955477
9.9991E-05 0.0489116 0.950988
0.100984 0.0831074 0.815909
0.0965836 0.0406512 0.862765
0.0609126 0.0367096 0.902378
9.9991E-05 0.0622334 0.937667
9.9991E-05 0.076497 0.923403
9.9991E-05 0.000511135 0.999389
9.9991E-05 0.0205115 0.979388
9.9991E-05 0.0440808 0.955819
9.9991E-05 0.0373945 0.962506
0.00931934 0.106833 0.883848
9.9991E-05 0.104363 0.895537
9.9991E-05 0.0633486 0.936551
0.349036 0.117299 0.533665
0.0992875 0.0952201 0.805492
0.00185697 0.100659 0.897484
9.9991E-05 0.0614019 0.938498
9.9991E-05 0.0812225 0.918678
9.9991E-05 0.0732044 0.926696
9.9991E-05 0.036423 0.963477
0.123919 0.135529 0.740552
0.009576 0.119131 0.871293
0.448596 0.5384 0.0130038
0.494983 0.181433 0.323584
0.436328 0.278088 0.285584
0.472816 0.29902 0.228163
0.429729 0.114618 0.455653
0.438479 0.310234 0.251287
0.414434 0.183729 0.401837
0.453365 0.223624 0.323011
0.385858 0.180011 0.434131
0.339825 0.22399 0.436185
0.442835 0.175855 0.38131
0.0903388 0.849272 0.0603891
9.9991E-05 0.897619 0.102281
9.9991E-05 0.968619 0.0312811
9.9991E-05 0.947842 0.0520583
9.9991E-05 0.900779 0.0991206
9.9991E-05 0.853868 0.146032
9.9991E-05 0.838056 0.161844
9.9991E-05 0.919117 0.0807832
0.00442846 0.865576 0.129995
9.9991E-05 0.861384 0.138516
0.292751 0.707149 9.9991E-05
0.302826 0.697074 9.9991E-05
0.287934 0.711966 9.9991E-05
0.411065 0.588835 9.9991E-05
0.653612 0.0131331 0.333255
0.674013 9.9991E-05 0.325887
0.659382 9.9991E-05 0.340518
0.747796 0.0116008 0.240604
0.882162 0.108776 0.00906125
0.546512 0.00142619 0.452062
0.680251 9.9991E-05 0.319649
0.72671 9.9991E-05 0.27319
0.818357 9.9991E-05 0.181543
0.585621 9.9991E-05 0.414279
0.784123 9.9991E-05 0.215777
0.950433 0.0494672 9.9991E-05
0.674497 9.9991E-05 0.325403
0.832093 0.026163 0.141744
0.693619 9.9991E-05 0.306281
0.895431 0.104469 9.9991E-05
0.680304 0.319596 9.9991E-05
0.665616 0.334284 9.9991E-05
0.739558 0.260342 9.9991E-05
0.703718 0.296183 9.9991E-05
0.769788 0.230112 9.9991E-05
0.690791 0.304175 0.00503403
9.9991E-05 0.844521 0.155379
9.9991E-05 0.859486 0.140415
9.9991E-05 0.719993 0.279907
9.9991E-05 0.792712 0.207188
9.9991E-05 0.778853 0.221047
0.420283 0.579617 9.9991E-05
0.385822 0.614078 9.9991E-05
0.416032 0.583868 9.9991E-05
9.9991E-05 0.790312 0.209588
0.455396 0.544504 9.9991E-05
0.189935 0.260518 0.549548
0.319018 0.0641382 0.616844
0.143297 0.170685 0.686018
0.304411 0.230622 0.464967
0.370651 0.111257 0.518093
0.0696846 0.560063 0.370253
0.738283 0.00910506 0.252612
0.78312 0.0502567 0.166623
0.732179 0.140182 0.127639
0.760488 9.9991E-05 0.239412
0.89355 0.10635 9.9991E-05
0.555092 0.0536907 0.391217
0.642544 0.0572758 0.30018
0.777012 0.112934 0.110054
0.555071 0.0792353 0.365694
0.864303 0.125998 0.00969919
0.650893 9.9991E-05 0.349007
0.673776 0.00525677 0.320967
0.404575 0.172997 0.422428
0.776455 9.9991E-05 0.223445
0.689294 0.0434904 0.267216
0.650196 0.00149583 0.348308
0.687446 0.0197644 0.29279
0.502094 0.0233949 0.474511
0.53981 0.021199 0.438991
0.530138 0.0633264 0.406536
9.9991E-05 0.755397 0.244503
9.9991E-05 0.833045 0.166855
0.102407 0.778732 0.118861
0.0770768 0.816006 0.106918
9.9991E-05 0.795816 0.204084
0.742851 0.186216 0.0709331
0.575429 0.0566998 0.367872
0.377249 0.187831 0.434921
0.588863 9.9991E-05 0.411037
0.696612 0.065632 0.237756
0.661923 0.100262 0.237815
0.722473 0.277427 9.9991E-05
0.696971 9.9991E-05 0.302929
0.739379 0.217169 0.0434514
0.662853 0.0632737 0.273873
0.697011 0.269938 0.0330511
0.494793 0.0803321 0.424874
0.722046 0.196051 0.0819035
0.655059 0.106519 0.238422
0.62025 0.104103 0.275648
0.77499 0.122081 0.102928
0.62764 0.0296003 0.34276
0.582504 0.0615299 0.355966
0.811859 0.0514663 0.136675
0.588539 0.0840237 0.327437
0.716148 0.0310043 0.252848
0.911864 0.0880362 9.9991E-05
0.834917 0.0729546 0.0921288
0.697247 9.9991E-05 0.302653
0.866937 0.10998 0.0230824
0.768979 0.0415098 0.189511
0.827616 0.16605 0.00633431
0.881183 9.9991E-05 0.118717
0.682961 0.0690473 0.247992
0.548808 9.9991E-05 0.451092
0.835492 0.0928298 0.0716778
0.538301 0.0866367 0.375063
0.516101 0.0377901 0.446109
0.60869 0.000456186 0.390854
0.633131 9.9991E-05 0.366769
0.681794 0.0285093 0.289697
0.826791 0.0346409 0.138569
0.701176 0.0623625 0.236462
0.550348 9.9991E-05 0.449552
0.575783 9.9991E-05 0.424117
0.692763 0.0961962 0.211041
0.624871 0.0191738 0.355955
0.681306 0.104533 0.214162
0.55091 0.00639406 0.442696
0.618386 0.0202197 0.361394
0.55718 0.076836 0.365984
0.271208 0.315632 0.41316
0.328079 0.147431 0.52449
0.522617 0.0710366 0.406347
0.512195 0.0441872 0.443618
0.316319 0.136234 0.547447
0.773339 9.9991E-05 0.226561
0.446037 0.0873431 0.46662
0.42858 0.38459 0.18683
0.36638 0.116755 0.516865
0.415048 0.0781378 0.506814
0.443593 0.0494 0.507007
0.457773 0.191489 0.350738
0.314748 0.163801 0.521451
0.389565 0.111814 0.498621
0.174186 0.640911 0.184903
0.373045 0.13487 0.492085
0.31533 0.121746 0.562924
0.448549 0.0753837 0.476068
0.30818 0.103575 0.588244
0.421821 0.125325 0.452854
0.632956 0.0317728 0.335271
0.567219 0.0451917 0.387589
0.962513 0.0373868 9.9991E-05
0.892286 0.107614 9.9991E-05
0.559681 0.00903196 0.431287
0.302297 0.129335 0.568367
0.287743 0.154237 0.55802
0.354855 0.230954 0.414191
0.272958 0.178552 0.54849
0.657135 0.20979 0.133075
0.593528 0.163828 0.242644
0.551154 9.9991E-05 0.448746
0.577527 0.0147618 0.407711
0.608087 0.104933 0.28698
0.546428 0.0794249 0.374147
0.587565 0.0123882 0.400047
0.395385 0.109293 0.495322
0.777902 0.0359654 0.186133
0.783202 0.0109442 0.205854
0.607689 0.00568942 0.386621
0.639881 0.0803791 0.27974
0.493578 0.160689 0.345733
0.717193 0.0285726 0.254234
0.895282 0.030685 0.0740328
0.678113 9.9991E-05 0.321787
0.85912 0.0316693 0.10921
0.705623 9.9991E-05 0.294277
0.509786 0.0456134 0.444601
0.743818 9.9991E-05 0.256082
0.336262 0.164834 0.498904
0.462972 0.165484 0.371544
0.33196 0.201562 0.466479
0.442025 0.168562 0.389414
0.418781 0.137156 0.444064
0.38861 0.174189 0.437201
0.538217 0.323742 0.138041
0.366915 9.9991E-05 0.632985
0.283311 0.57954 0.137149
0.416383 0.0408013 0.542815
0.91965 0.012166 0.0681835
0.897568 0.102332 9.9991E-05
0.711655 9.9991E-05 0.288245
0.58397 9.9991E-05 0.41593
0.81026 9.9991E-05 0.18964
0.689798 9.9991E-05 0.310102
0.68742 9.9991E-05 0.31248
0.0235099 0.81278 0.16371
0.0714301 0.765821 0.162749
9.9991E-05 0.900156 0.0997438
9.9991E-05 0.910857 0.0890429
0.708714 9.9991E-05 0.291186
0.664167 9.9991E-05 0.335733
0.739797 9.9991E-05 0.260103
0.530013 0.0120527 0.457935
0.599556 0.104218 0.296225
0.848515 0.0309473 0.120538
0.642664 9.9991E-05 0.357236
0.832924 0.00675581 0.16032
0.258342 0.232841 0.508818
0.721072 9.9991E-05 0.278828
0.778314 9.9991E-05 0.221586
0.710517 9.9991E-05 0.289383
0.781682 9.9991E-05 0.218218
0.674175 9.9991E-05 0.325725
0.586717 0.015979 0.397304
0.970159 9.9991E-05 0.0297406
0.844554 0.0372589 0.118187
0.797619 9.9991E-05 0.202281
0.990965 0.00893512 9.9991E-05
0.683405 0.0494738 0.267121
0.87761 0.0378571 0.0845329
0.91649 0.0834103 9.9991E-05
0.663633 9.9991E-05 0.336267
0.865074 0.0680768 0.0668496
0.679424 0.0242176 0.296358
0.525483 0.0538565 0.42066
0.694545 9.9991E-05 0.305355
0.776247 9.9991E-05 0.223653
0.680046 9.9991E-05 0.319854
0.718281 9.9991E-05 0.281619
0.84987 9.9991E-05 0.15003
0.620097 0.0183516 0.361551
0.280905 0.718995 9.9991E-05
0.120999 0.780896 0.0981049
0.106813 0.893087 9.9991E-05
0.116152 0.883748 9.9991E-05
0.198411 0.801489 9.9991E-05
0.835869 0.0950642 0.069067
0.879909 0.106592 0.0134988
0.948689 9.9991E-05 0.0512106
0.589284 9.9991E-05 0.410616
0.620618 9.9991E-05 0.379282
0.835333 9.9991E-05 0.164567
0.598566 9.9991E-05 0.401334
0.703455 0.026677 0.269868
0.715226 9.9991E-05 0.284674
0.595436 9.9991E-05 0.404464
0.876424 0.0139347 0.109641
0.749371 9.9991E-05 0.250529
0.818603 9.9991E-05 0.181297
0.534411 0.079495 0.386094
0.788779 9.9991E-05 0.211121
0.716644 9.9991E-05 0.283256
0.213593 0.0139367 0.772471
0.122887 0.137158 0.739955
0.139072 0.124872 0.736057
0.137736 0.138804 0.72346
0.214422 0.169699 0.615879
0.678656 0.00292665 0.318418
9.9991E-05 0.289244 0.710656
0.0628591 0.200695 0.736445
0.406395 0.113494 0.480111
0.43136 0.19679 0.371849
0.609382 0.142938 0.247681
0.558937 0.0390527 0.402011
0.563144 0.109983 0.326872
0.0833219 0.18594 0.730739
0.182561 0.177814 0.639625
0.113961 0.0840149 0.802024
0.302494 0.134929 0.562577
0.155673 0.152082 0.692244
0.324288 0.0516079 0.624104
0.0726068 0.149376 0.778017
0.257261 0.0992607 0.643479
0.617241 0.0426525 0.340106
0.240122 0.201675 0.558203
0.00998499 0.201417 0.788598
0.234101 0.147742 0.618158
0.695685 0.273798 0.0305172
0.515154 9.9991E-05 0.484746
0.351205 0.135731 0.513064
0.601968 0.0454608 0.352572
0.54903 0.208712 0.242258
0.334601 0.251764 0.413635
0.237528 0.23123 0.531242
0.55761 9.9991E-05 0.44229
0.328124 0.0374532 0.634423
0.160613 0.0776414 0.761745
0.0356235 0.216286 0.748091
0.504906 0.0224408 0.472654
0.65391 0.126167 0.219924
0.609629 0.237122 0.153248
0.435596 0.127416 0.436988
0.557603 0.160901 0.281497
0.395945 0.12824 0.475815
0.492723 0.104394 0.402883
0.308982 0.514524 0.176494
0.321157 0.52722 0.151623
0.493176 0.19477 0.312054
0.332005 0.438562 0.229433
0.182475 0.573305 0.244221
0.50685 0.126115 0.367036
0.359466 0.19304 0.447494
0.361861 0.364355 0.273784
0.366078 0.403759 0.230162
0.452028 0.0556546 0.492317
0.471926 0.310457 0.217617
0.309703 0.600265 0.0900326
0.413998 0.116355 0.469647
0.34121 0.178163 0.480627
0.301308 0.240153 0.458539
0.192586 0.138192 0.669222
0.365961 0.143266 0.490773
0.293565 0.152307 0.554128
0.150325 0.367369 0.482306
0.283476 0.175427 0.541097
0.241492 0.173234 0.585275
0.31678 0.216845 0.466375
0.492101 0.155282 0.352618
0.429037 0.109417 0.461546
0.361308 0.111147 0.527544
0.482246 0.104271 0.413484
0.18973 0.273561 0.536708
0.355219 0.137445 0.507336
0.235644 0.425089 0.339267
0.273441 0.201186 0.525373
0.199431 0.283968 0.5166
0.101931 0.845194 0.0528757
0.68585 0.31405 9.9991E-05
0.746533 0.253367 9.9991E-05
0.740495 0.259405 9.9991E-05
0.769406 0.230494 9.9991E-05
0.712321 0.287579 9.9991E-05
0.808705 0.191195 9.9991E-05
0.686359 0.313541 9.9991E-05
0.585387 0.414513 9.9991E-05
9.9991E-05 0.905759 0.0941412
0.0571049 0.828213 0.114682
9.9991E-05 0.899416 0.100484
0.0819514 0.850676 0.0673728
9.9991E-05 0.875389 0.124511
0.009649 0.944535 0.0458157
0.0303594 0.776629 0.193012
9.9991E-05 0.825063 0.174837
0.0868246 0.804534 0.108642
9.9991E-05 0.877147 0.122753
9.9991E-05 0.95916 0.0407396
9.9991E-05 0.873438 0.126462
9.9991E-05 0.920263 0.0796371
9.9991E-05 0.876071 0.123829
9.9991E-05 0.8628 0.1371
9.9991E-05 0.802264 0.197636
9.9991E-05 0.745356 0.254544
9.9991E-05 0.734562 0.265338
9.9991E-05 0.778404 0.221496
0.569822 0.182369 0.247808
0.599201 9.9991E-05 0.400699
0.479979 0.0503669 0.469654
0.780412 0.188231 0.0313571
0.590584 0.0806915 0.328725
0.642437 0.317374 0.0401892
0.52762 0.0477353 0.424645
0.70029 0.092822 0.206888
0.629044 0.110134 0.260822
0.663221 0.00202707 0.334752
0.635057 0.123292 0.241651
0.560978 9.9991E-05 0.438922
0.603486 0.0505426 0.345971
0.80875 0.135035 0.0562148
0.780361 0.219539 9.9991E-05
0.683935 0.213082 0.102982
0.495057 0.0362572 0.468686
0.552559 0.0782193 0.369222
0.602207 0.105361 0.292432
0.518075 0.0411853 0.44074
0.343785 0.134725 0.52149
0.343673 0.129848 0.526479
0.288432 0.484059 0.227508
0.527129 0.0509957 0.421876
0.363079 0.229853 0.407067
0.243085 0.583418 0.173497
0.28654 0.278789 0.434671
0.267477 0.348175 0.384348
0.321366 0.288651 0.389982
0.382038 0.105667 0.512295
0.339538 0.159407 0.501055
0.358897 0.114618 0.526485
0.377407 0.184112 0.438481
0.191274 0.434341 0.374386
